1.19088404410725124e+00
2.00000000000000004e-02
1.18944007532641449e+00
1.18762142349465627e+00
1.18526888861649815e+00
1.18206793834620605e+00
1.17725273918501649e+00
1.16880146483086955e+00
1.15174327973880053e+00
1.11580192477243334e+00
1.04448897266738450e+00
9.19738826312485935e-01
7.33570749021756230e-01
4.96200760571172739e-01
2.17849201775972723e-01
1.19088404410725124e+00
1.19093549817811462e+00
1.19108643099337086e+00
1.19132711128332391e+00
1.19164301509900383e+00
1.19201686725106670e+00
1.19243072356824253e+00
1.19243826481056159e+00
1.19216096667038807e+00
1.19188245571647866e+00
1.19160366228525461e+00
1.19132703515236527e+00
1.19108643099337108e+00
1.19093549817811462e+00
2.00000000000000004e-02
2.17849201775972723e-01
4.96200760571172739e-01
7.33570749021756230e-01
9.19738826312485935e-01
1.04448897266738450e+00
1.11580192477243334e+00
1.15174327973880053e+00
1.16880146483086955e+00
1.17725273918501649e+00
1.18206793834620605e+00
1.18526888861649815e+00
1.18762142349465627e+00
1.18944007532641449e+00
2.00000000000000004e-02
2.00000000000000004e-02
2.00000000000000004e-02
2.00000000000000004e-02
2.00000000000000004e-02
2.00000000000000004e-02
2.00000000000000004e-02
2.00000000000000004e-02
2.00000000000000004e-02
2.00000000000000004e-02
2.00000000000000004e-02
2.00000000000000004e-02
2.00000000000000004e-02
2.00000000000000004e-02
2.00000000000000004e-02
2.00000000000000004e-02
2.00000000000000004e-02
2.00000000000000004e-02
2.00000000000000004e-02
2.00000000000000004e-02
2.00000000000000004e-02
1.19088404410725124e+00
1.18944007532641449e+00
1.18762142349465627e+00
1.18526888861649815e+00
1.18206793834620605e+00
1.17725273918501672e+00
1.16880146483086955e+00
1.15174327973880097e+00
1.11580192477243356e+00
1.04448897266738494e+00
9.19738826312486601e-01
7.33570749021757118e-01
4.96200760571173960e-01
2.17849201775974000e-01
1.19088404410725124e+00
1.19093235758760163e+00
1.19106865745699575e+00
1.19128493263247170e+00
1.19156821121926115e+00
1.19190373352744583e+00
1.19227563949100590e+00
1.19266794418761379e+00
1.19233929879385547e+00
1.19194316911346765e+00
1.19158831503720619e+00
1.19129110581170616e+00
1.19106710923426795e+00
1.19092906763125983e+00
2.00000000000000004e-02
2.17849201775972334e-01
4.96200760571172350e-01
7.33570749021755675e-01
9.19738826312485713e-01
1.04448897266738450e+00
1.11580192477243312e+00
1.15174327973880053e+00
1.16880146483086955e+00
1.17725273918501649e+00
1.18206793834620605e+00
1.18526888861649815e+00
1.18762142349465627e+00
1.18944007532641449e+00
2.00000000000000004e-02
2.00000000000000004e-02
2.00000000000000004e-02
2.00000000000000004e-02
2.00000000000000004e-02
2.00000000000000004e-02
2.00000000000000004e-02
2.00000000000000004e-02
2.00000000000000004e-02
2.00000000000000004e-02
2.00000000000000004e-02
2.00000000000000004e-02
2.00000000000000004e-02
2.00000000000000004e-02
2.00000000000000004e-02
2.00000000000000004e-02
2.00000000000000004e-02
2.00000000000000004e-02
2.00000000000000004e-02
2.00000000000000004e-02
2.00000000000000004e-02
2.00000000000000004e-02
2.00000000000000004e-02
2.00000000000000004e-02
2.00000000000000004e-02
2.00000000000000004e-02
2.00000000000000004e-02
3.05362991511464676e-01
5.09803418194132330e-01
3.52693909090711577e-01
2.94998745262814333e-01
1.18891328245048222e+00
1.18674713805949761e+00
1.18397439809885774e+00
1.18013971817931718e+00
1.17399936925037229e+00
1.16244145822313749e+00
1.13840935543201138e+00
1.08886109673922249e+00
9.95781294428084163e-01
8.57969946784652993e-01
7.55282664868288656e-01
6.18220868262853163e-01
1.18990618778840296e+00
1.19000623749063128e+00
1.19034163763583467e+00
1.19078113520864903e+00
1.19128447251971692e+00
1.19167478465239118e+00
1.19134107821724289e+00
1.19100075356443313e+00
1.19065434093924916e+00
1.19031484508551633e+00
1.19000309762372769e+00
1.18990268451887782e+00
2.11608329622738012e-01
4.30672623708371560e-01
6.58847007730489875e-01
8.56617422427982445e-01
1.00175019201309934e+00
1.09157513739801892e+00
1.13959619249913091e+00
1.16293267757951213e+00
1.17419585713450680e+00
1.18021987580887888e+00
1.18400805515439456e+00
1.18676087213516523e+00
1.18891803104270011e+00
3.97481214177800024e-01
3.99316439283299518e-01
4.11652530900423752e-01
4.57833895942388047e-01
4.28720129775005065e-01
3.21398542599396042e-01
3.65959351178729131e-01
3.18671999985971066e-01
4.79003408707796063e-01
4.26172042434303622e-01
4.27943084729952739e-01
4.37874434059945750e-01
4.42987256866678503e-01
4.54532393905137444e-01
5.06203851535774185e-01
4.57835090408982626e-01
3.65198834114589477e-01
4.24938385155314347e-01
1.18890613349465291e+00
1.18673848176418373e+00
1.18396512112199659e+00
1.18012985333129206e+00
1.17398933760369051e+00
1.16243544745586691e+00
1.13844263222163344e+00
1.08917724014807327e+00
9.97531945965918654e-01
8.51372645778172732e-01
6.61301939827477869e-01
4.87330245028402664e-01
1.18988489672880737e+00
1.18995343979684876e+00
1.19024016129291055e+00
1.19062972577019210e+00
1.19108826289559655e+00
1.19157458502712799e+00
1.19169078275977669e+00
1.19118012465322853e+00
1.19069936223257389e+00
1.19028222831632946e+00
1.18996804519046817e+00
1.18988512479610842e+00
4.62866430667749129e-01
6.35185699483058031e-01
8.19218784966589397e-01
9.81723140249508575e-01
1.08347413804467130e+00
1.13700099568895086e+00
1.16226803554058589e+00
1.17406511939256286e+00
1.18020258869835004e+00
1.18400201274183114e+00
1.18675118905066235e+00
1.18891054053562617e+00
4.64280997270679174e-01
4.09237714588209123e-01
3.91323520899756916e-01
4.00652892142749351e-01
4.57858193130862234e-01
4.38815795182743384e-01
4.28553005676569509e-01
4.22330861455817497e-01
4.17196610723678252e-01
4.21595450208781142e-01
4.61912661099032118e-01
4.77315830316647427e-01
4.40715071743058184e-01
4.07480516057653286e-01
3.95100265222080804e-01
4.19892981090638551e-01
4.33729216667402218e-01
4.97380320921051722e-01
3.86545790287484536e-01
4.00830317502251621e-01
4.14091597413314527e-01
4.08476568340131574e-01
4.34237712970417633e-01
4.81351358704675603e-01
5.77262053108485440e-01
4.65218873740213590e-01
2.30985789084342974e-01
5.26137425467120168e-01
1.18824727706204003e+00
1.18573439092199440e+00
1.18268589049646189e+00
1.17821948446193736e+00
1.17066567086334627e+00
1.15756696060566355e+00
1.13949486241313469e+00
1.12066658480272707e+00
1.09680643195286986e+00
1.04326491313734704e+00
1.18825850414042655e+00
1.18872269189293789e+00
1.18921842439819669e+00
1.18985895530551211e+00
1.19051738927821038e+00
1.19039923831581684e+00
1.18998597312464982e+00
1.18955975765911481e+00
1.18910072318387394e+00
1.18870560264594571e+00
4.76051011918249389e-01
6.54237355555055133e-01
8.31229091812101251e-01
9.75162394196379623e-01
1.07256896653947842e+00
1.12862486471491708e+00
1.15723606950143831e+00
1.17119002709261322e+00
1.17842845358822279e+00
1.18276784210973851e+00
1.18576686187946856e+00
6.99214829020232909e-01
8.13281571185988761e-01
8.49293036678389401e-01
8.43565195388793709e-01
7.85193204293602620e-01
7.33275903091271219e-01
8.16616631113492253e-01
8.14244576160868316e-01
8.43978035936097215e-01
8.48015625654346072e-01
8.53470463085467257e-01
8.51995249425798407e-01
7.95593624729674542e-01
7.50576723130977563e-01
8.91145644423633199e-01
1.18821869937107616e+00
1.18570070325682364e+00
1.18264273402919295e+00
1.17816296842623491e+00
1.17059606481099543e+00
1.15598588314190187e+00
1.12660373398818914e+00
1.07179297916811533e+00
9.86807984363666235e-01
8.96208042917253866e-01
8.51405838760370792e-01
1.18821169949243011e+00
1.18859658601763818e+00
1.18900504857830125e+00
1.18959107658004370e+00
1.19021140097987099e+00
1.19082544745050845e+00
1.19037163887124486e+00
1.18974156273368803e+00
1.18912659077067606e+00
1.18865621409384103e+00
7.49557164644684693e-01
8.57326297897274325e-01
9.92570208398609211e-01
1.07336462234940089e+00
1.12638535567321241e+00
1.15610157107826761e+00
1.17085668010300425e+00
1.17836814122764455e+00
1.18273787134397845e+00
1.18572115255226818e+00
8.32333099778736707e-01
8.00076888740485659e-01
7.99868977666896352e-01
7.98980813451921290e-01
7.56256389272497054e-01
7.42643162135230628e-01
7.37024874392643525e-01
7.31432496976130775e-01
7.25596848919019100e-01
7.38185110500490627e-01
8.20683837644938463e-01
7.82776857923794256e-01
7.46541922977435046e-01
7.19396537350895038e-01
7.30333654412888555e-01
7.97321690154050966e-01
7.73330604037724467e-01
8.86330228918875473e-01
7.38643262274828905e-01
7.03687655017191105e-01
7.71821601236145183e-01
7.28333825988721317e-01
7.39908746068068668e-01
7.79640980162363273e-01
8.26114536371080233e-01
4.84961888977126332e-01
4.27266714848673290e-01
6.98424728254272154e-01
7.25684966524333785e-01
1.18700165985399564e+00
1.18487357028136842e+00
1.18165144857070459e+00
1.17727283433965257e+00
1.17129138161196655e+00
1.16288227738044436e+00
1.15025675012149731e+00
1.12953449834181341e+00
9.05575636066683454e-01
1.09106069566895214e+00
1.18702227096607693e+00
1.18703937147699135e+00
1.18807693534010772e+00
1.18889056916543945e+00
1.18931114045143760e+00
1.18880379380456080e+00
1.18829140732499527e+00
1.18775830825803874e+00
1.18693074489269201e+00
7.31049765932505147e-01
8.54495696878525335e-01
9.74635406162799200e-01
1.06531975512944665e+00
1.12210117382973151e+00
1.15310135522958124e+00
1.16878292283112217e+00
1.17691352207989031e+00
1.18169554067074012e+00
1.18492221442550849e+00
9.80931211064293263e-01
1.00893638968343291e+00
1.01275451341551959e+00
9.85904110140544243e-01
9.99894889545652976e-01
1.02039611008181885e+00
1.01610149746055756e+00
1.01220400691332091e+00
1.01346137371821876e+00
1.02387817194180530e+00
9.93146334700237055e-01
7.47632720530923112e-01
9.73874857558042151e-01
1.18694458810544368e+00
1.18479775160805212e+00
1.18145628993428220e+00
1.17641034534412015e+00
1.16786596855108971e+00
1.15235611501354973e+00
1.12579416866016291e+00
1.08958397751229374e+00
1.06015130893830567e+00
1.04277388500965840e+00
1.18690447029951107e+00
1.18674424053927852e+00
1.18765033067439529e+00
1.18848249775102133e+00
1.18927699228554817e+00
1.18952388949892729e+00
1.18872834594001331e+00
1.18794631615607282e+00
1.18692798010293266e+00
8.02933090263395877e-01
9.64889459888114920e-01
1.06646522945076749e+00
1.11816392548119614e+00
1.14181821890838497e+00
1.15765874663327573e+00
1.16936639314163004e+00
1.17705308005665166e+00
1.18172373849276147e+00
1.18481705779600999e+00
9.67932231835409107e-01
9.82269460637278824e-01
9.85138856607436941e-01
9.82144920251174947e-01
9.77552755690531794e-01
9.75958408272072919e-01
9.76363074905626238e-01
9.70011847154808815e-01
9.59030147994565652e-01
9.56778910277466421e-01
9.66336806964259165e-01
9.91999519201032909e-01
9.99666775284532849e-01
9.85956922004788461e-01
9.51492735594510197e-01
9.63391641617262318e-01
1.02077731702753827e+00
9.78138390652029011e-01
9.76201683265741194e-01
9.96239216140471839e-01
9.00985608049671871e-01
1.02871149460007438e+00
5.08653132250607487e-01
6.53982791249699380e-01
9.78796891905100441e-01
8.68956248545734722e-01
9.67604371589368850e-01
1.18408288685072605e+00
1.18055342144003772e+00
1.17573287509642377e+00
1.16913056782270153e+00
1.15969708656126458e+00
1.14548300259282376e+00
1.01188737666792417e+00
1.12143713580610505e+00
1.18613577415611671e+00
1.18683687591135589e+00
1.18786210347101218e+00
1.18740916635307103e+00
1.18676835218647070e+00
1.18616613856306108e+00
9.15243010124824230e-01
9.99312612849096560e-01
1.07231026024143206e+00
1.12224669070134220e+00
1.15162552032657195e+00
1.16763616113461310e+00
1.17597229417443394e+00
1.18088979491712109e+00
1.08075410506579872e+00
1.08965874569753618e+00
1.07555949716768140e+00
1.09425805822922451e+00
1.08820351719708786e+00
1.08690370386668755e+00
1.06288932038186346e+00
1.18411289263647101e+00
1.18054072473038896e+00
1.17522999268666961e+00
1.16706501600148038e+00
1.15478666067941704e+00
1.13956280290094525e+00
1.12542817085240232e+00
1.10903841456373153e+00
1.18513094276484954e+00
1.18626392719214024e+00
1.18730928345788955e+00
1.18827710896715866e+00
1.18764270914765802e+00
1.18667059215934123e+00
1.02885972403102421e+00
1.10995594729977376e+00
1.14273677543652075e+00
1.15986006750669590e+00
1.16997834495157260e+00
1.17648433426448085e+00
1.18150380623657147e+00
1.06856821557159853e+00
1.07130835274670355e+00
1.07188055910063551e+00
1.07211909554227591e+00
1.07254604525066766e+00
1.07370409557161128e+00
1.07940746685754418e+00
1.06306572844590042e+00
1.03544912009593459e+00
1.05895636960513517e+00
1.04183311742484652e+00
1.06706664207302482e+00
1.07526656221346961e+00
1.05987797861683664e+00
1.08694672813962567e+00
1.02718606935793333e+00
1.09103308446753111e+00
8.55813043239461169e-01
6.58385231651648306e-01
1.07830650449771270e+00
1.03850690101680110e+00
1.07764578735360228e+00
1.01265258927627677e+00
1.18578372810893184e+00
1.18326585394226624e+00
1.17904975108224197e+00
1.17379891528441505e+00
1.16646740877000732e+00
1.15622235658036732e+00
1.14145569255737223e+00
1.18391328120017136e+00
1.18539927272543166e+00
1.18577945756539638e+00
1.18487991439036855e+00
1.18412215293305834e+00
1.03663699173264079e+00
1.09035435803809633e+00
1.12908903482009548e+00
1.15333560160292103e+00
1.16743390419297177e+00
1.17642245794245470e+00
1.18428860714703132e+00
1.18022438934212981e+00
1.10331624077274193e+00
1.11570953050158472e+00
1.10977529605644798e+00
1.18599063206980948e+00
1.18377668856454665e+00
1.17982918988153140e+00
1.17496102552440163e+00
1.16838168210836923e+00
1.16024662108141019e+00
1.15102133502195714e+00
1.13931294966990104e+00
1.18414729915743555e+00
1.18340434305578701e+00
1.18478070082142839e+00
1.18604268052429185e+00
1.18648679906525079e+00
1.18521617345421792e+00
1.10166275128214863e+00
1.13886685565036716e+00
1.15827449948559802e+00
1.16905752241634464e+00
1.17644232173262031e+00
1.18013596365395257e+00
1.11661002886501848e+00
1.11614310566841346e+00
1.11674831454045775e+00
1.11835038592319780e+00
1.11912460566691441e+00
1.11927657507244094e+00
1.07427466525188198e+00
1.09511434360419146e+00
1.11458817039084912e+00
1.09909060559513994e+00
1.10387531487937385e+00
1.12828293507536159e+00
1.12345544211166048e+00
1.10549678094864490e+00
1.11145871174067024e+00
1.07778535063967973e+00
1.18123987157519594e+00
1.17750402275975863e+00
1.17159653101361649e+00
1.16323850005747920e+00
1.15304130023930629e+00
1.18201977434560646e+00
1.18389656040860602e+00
1.18273108897737877e+00
1.18109195860370542e+00
9.80880678458863953e-01
1.14324772585061796e+00
1.15879692282835212e+00
1.15796894063919953e+00
1.16894389115283914e+00
1.17485366721041196e+00
1.08931326063305289e+00
1.18254155622765023e+00
1.17968894739312025e+00
1.17545633984625630e+00
1.17021776083187490e+00
1.16393280863067305e+00
1.15623121098568560e+00
1.18147767425675876e+00
1.18316097807635523e+00
1.18467735065704072e+00
1.18339872311906347e+00
1.13555315175851645e+00
1.15771213335021028e+00
1.16948133514444175e+00
1.17467168375068010e+00
1.14063370923132945e+00
1.14132277381665670e+00
1.14182599953176944e+00
1.14594859542386618e+00
1.11332283602502824e+00
1.13221839401403779e+00
1.13248079791002931e+00
1.12947455240883055e+00
1.14718890932434681e+00
1.13791825215587328e+00
1.09103534017883419e+00
1.09993328725033668e+00
1.17576281950726136e+00
1.16888631349745120e+00
1.15745047878269069e+00
1.18001123986708834e+00
1.18040827979087437e+00
1.17872799845019882e+00
1.16191402861416937e+00
1.17063237320617608e+00
1.17703798326859665e+00
1.18001354545416470e+00
1.17626542376754695e+00
1.17192378751834148e+00
1.16685899845929164e+00
1.17932236575284266e+00
1.18146355221859256e+00
1.18294702151851272e+00
1.15420154867939795e+00
1.16826944702970192e+00
1.15601262948405803e+00
1.12964479576121102e+00
1.14862829548891243e+00
1.16086948939861911e+00
1.15556015641744758e+00
1.11510108051263446e+00
1.17359189061926439e+00
1.16638101697220886e+00
1.16458461609120389e+00
1.17205543179323346e+00
1.17997384041879694e+00
1.17688978498702590e+00
1.17205620990183768e+00
1.16440987057123646e+00
1.14931876386700416e+00
1.17699243516256558e+00
1.17444052501811247e+00
1.15528753947242468e+00
1.16604001299019022e+00
1.16025285338548345e+00
1.17666304215769713e+00
3.66766110851670546e-01
1.91987695915121132e-01
1.87604541804495678e-01
2.54092427760241601e-01
7.67068138233072544e-02
3.25198489052221873e-01
3.62285676920559629e-01
2.00000000000000004e-02
2.00000000000000004e-02
1.85730136833946929e-01
7.82124820566165030e-02
2.05420931144208452e-01
3.62285676920559629e-01
2.27514898101977919e-01
1.62773081334489006e-01
2.00000000000000004e-02
1.09964997902159661e-01
2.82538495489534636e-01
1.59543588072741660e-01
2.00000000000000004e-02
1.75534512916160457e-01
1.67947656474961765e-01
4.40999505243980960e-01
2.04194012307128386e-01
2.16641488448675118e-01
2.07677344173603562e-01
1.80718261492853166e-01
2.01726334196520113e-01
2.10924573438064811e-01
2.00000000000000004e-02
2.49066542049371370e-01
2.26278385176396757e-01
2.11259901846342163e-01
2.70691772985144241e-01
2.00000000000000004e-02
3.49372597270650398e-01
1.60685616398196812e-01
2.00000000000000004e-02
2.29465433195222085e-01
2.00000000000000004e-02
1.52564768846418564e-01
2.00000000000000004e-02
2.00000000000000004e-02
1.78515159360188441e-01
2.05522251239317222e-01
2.26863618911496534e-01
1.89432607467760972e-01
1.35473642030077057e-01
3.18410350331896574e-01
1.24666363389235382e-01
2.00000000000000004e-02
2.07797697127984848e-01
3.63869814813255421e-01
3.62285676920559185e-01
2.80989537462882855e-01
1.77439571633820486e-01
2.00000000000000004e-02
7.67068138233068936e-02
1.90050929993832968e-01
1.66944572623550502e-01
2.45016139649451348e-01
2.00000000000000004e-02
1.65775368339603185e-01
2.00000000000000004e-02
2.74284690131100073e-01
2.36990961540333639e-01
3.81749996848709361e-01
2.17345014700383588e-01
2.00000000000000004e-02
1.80084982442854563e-01
7.67068138233082952e-02
2.00000000000000004e-02
2.00726089444424632e-01
1.91700225261807439e-01
1.91248367445204348e-01
7.67068138233072544e-02
2.76148167377378018e-01
1.22696244257471485e-01
2.19947761239251666e-01
2.00000000000000004e-02
3.72151610129706822e-01
4.29275750280189106e-01
1.20266659978581089e-01
1.98077471322898352e-01
1.73709462204414411e-01
3.87129590418810010e-01
2.15140566515340442e-01
2.12654899575226930e-01
1.94937501241792155e-01
3.82576606982779066e-01
1.82103644636565143e-01
2.33317207979695879e-01
2.48187528324620571e-01
1.86217604104455037e-01
3.95710275397411382e-01
1.74434163628810396e-01
2.00000000000000004e-02
1.93851175205964205e-01
2.00000000000000004e-02
2.12195227832975425e-01
2.00000000000000004e-02
1.92921822531340270e-01
3.70157905462213610e-01
3.83984078094669112e-01
3.49338729766080491e-01
2.99719728086634107e-01
2.27262656531711765e-01
3.62285676920560795e-01
4.28741452711755011e-01
2.00000000000000004e-02
2.45343474550085650e-01
3.75573233742563128e-01
2.00000000000000004e-02
3.71723311311366544e-01
3.33775903440508559e-01
4.06477216812023867e-01
3.47448007976429774e-01
3.16463848389447744e-01
2.55315958906363272e-01
1.71624074084528677e-01
2.00000000000000004e-02
1.75075999883516908e-01
2.00000000000000004e-02
1.95744317771108317e-01
1.93722116700433822e-01
1.77227953507148261e-01
2.00000000000000004e-02
2.14978933259354354e-01
1.83801080266147054e-01
2.00000000000000004e-02
1.33009741528040876e-01
1.67864589644487805e-01
2.00000000000000004e-02
1.73991616784802156e-01
1.44132536398310279e-01
2.00000000000000004e-02
1.92700962083478505e-01
1.73932105983659102e-01
3.17252817015115873e-01
1.87899523749917585e-01
3.87014351850500926e-01
6.19809994696017136e-02
2.16569876728949590e-01
4.13977072094710907e-01
1.81966017890020482e-01
2.00000000000000004e-02
2.28962046434381394e-01
2.30385474950475455e-01
1.84021244195107986e-01
2.18125756709450336e-01
3.67742114223713834e-01
2.00000000000000004e-02
2.33704503551080689e-01
2.00000000000000004e-02
2.00000000000000004e-02
2.00000000000000004e-02
3.51079971042081662e-01
2.25916930529718368e-01
2.21738529396456857e-01
2.00000000000000004e-02
1.79314376492631516e-01
2.00000000000000004e-02
2.00000000000000004e-02
2.17085851022887771e-01
2.00709198587136761e-01
2.03423948412125549e-01
2.00000000000000004e-02
2.39309439750592240e-01
2.91647479503691631e-01
3.67291844302350123e-01
4.49031077026799341e-01
1.58086915074061057e-01
2.00168887037528692e-01
1.88172080269184305e-01
2.00000000000000004e-02
2.14500137734500385e-01
1.98796495994629951e-01
2.00000000000000004e-02
2.00000000000000004e-02
2.00000000000000004e-02
5.99700805905283643e-02
2.00000000000000004e-02
4.61546402454322102e-01
4.02621137362944193e-01
3.56144726412850388e-01
2.00000000000000004e-02
2.00000000000000004e-02
2.15138378678276121e-01
2.16115758504288796e-01
1.88414259429515313e-01
6.85183826116889938e-02
2.59868614308643386e-01
2.00000000000000004e-02
2.00000000000000004e-02
1.31358586928457144e-01
8.82106570770125609e-02
1.99443362083324222e-01
1.42204339237208932e-01
2.00000000000000004e-02
2.90140931191422202e-01
1.93370102932311966e-01
2.00000000000000004e-02
2.00000000000000004e-02
1.63678096364148096e-01
1.60944179097434026e-01
6.23653166560139555e-02
6.16533929465029606e-02
7.65387736368515204e-02
1.44255404282764343e-01
1.88542630032231734e-01
1.37055467276690796e-01
2.00000000000000004e-02
5.40837190124419387e-02
5.61833872850453636e-02
2.00000000000000004e-02
2.00000000000000004e-02
7.88252992644757206e-02
2.00000000000000004e-02
1.43625156919861441e-01
2.87214870932729974e-02
4.13376789995572244e-02
6.72869972066133248e-02
1.84903140579161018e-01
6.36403480446663533e-02
1.77636775968456340e-01
7.18186419204579068e-02
1.87514664231234168e-01
2.00000000000000004e-02
5.44109920120438989e-02
5.34948785661522180e-02
6.61742960069623132e-02
1.42809351507880072e-01
2.00000000000000004e-02
7.06993960809495087e-02
4.11873832150216543e-02
2.00000000000000004e-02
5.70781846457244085e-02
1.56308460443829150e-01
1.60003944511265095e-01
6.87952213266778967e-02
6.02495649086381563e-02
5.67303191518996192e-02
2.00000000000000004e-02
7.07777486813546131e-02
2.09873719024117361e-01
2.00000000000000004e-02
2.00000000000000004e-02
6.84845659988710664e-02
7.03045135975821772e-02
1.48735459531045555e-01
6.49138878679565018e-02
7.21584375635845598e-02
6.63168400900070731e-02
1.81367012082666368e-01
6.66600841027640556e-02
6.79636189980756950e-02
1.90658453829308294e-01
7.11468534680045755e-02
6.30524979099310184e-02
8.97612815069944864e-02
6.75258490694199964e-02
1.84430054099160884e-01
6.96473937230039641e-02
2.67750920985322209e-02
5.72336741165393528e-02
2.18390850659094693e-01
1.97703505012323200e-01
6.78577324926440406e-02
3.76629917597790104e-02
2.00000000000000004e-02
2.00000000000000004e-02
6.13872151045853076e-02
2.00000000000000004e-02
6.97408409635730669e-02
7.50085501346528516e-02
6.36645897397191823e-02
6.00579320875113815e-02
1.48667270421398212e-01
5.83175053466793575e-02
6.25132957910268794e-02
1.68698165153845087e-01
7.64318478571702209e-02
7.86988625839005335e-02
6.80504890072645696e-02
6.92427312476134454e-02
7.22156832460686959e-02
2.00000000000000004e-02
6.62241780860552409e-02
2.00000000000000004e-02
1.78006838971442177e-01
1.86917870666909597e-01
7.18116760135185106e-02
2.00000000000000004e-02
2.00000000000000004e-02
3.56941220766133563e-02
7.27005425339409816e-02
6.06910517167710550e-02
2.10152216313898965e-01
1.95560257424243350e-01
2.00000000000000004e-02
5.59067065734899643e-02
7.11405068097265419e-02
1.72954054512780786e-01
2.55637938202738169e-01
1.30796417037669949e-01
5.99333052766681529e-02
6.56200974460979525e-02
1.22655918164753366e-01
7.50713056526603195e-02
6.16345659587564029e-02
2.67750920985311593e-02
1.59385681978154947e-01
5.46634919276306197e-02
6.21754714172683687e-02
4.25533723146083870e-02
2.00000000000000004e-02
6.01753724175547733e-02
2.00000000000000004e-02
1.44255404282765592e-01
6.21216600254299658e-02
6.44104943601124108e-02
2.00000000000000004e-02
6.12985848716109671e-02
6.39280258271377189e-02
7.79323483223994251e-02
2.00000000000000004e-02
7.27047858202695685e-02
2.00000000000000004e-02
6.58769884772362202e-02
2.00000000000000004e-02
2.50691476844594058e-02
9.31805462966258241e-02
8.07741382365169125e-02
2.18893214931872304e-01
5.65683976687047091e-02
7.16122490842747428e-02
2.00000000000000004e-02
6.84252427822263087e-02
7.62956147995910439e-02
7.09816175966182517e-02
2.00000000000000004e-02
1.23404157613072607e-01
2.04533049265436334e-01
3.95529475134915390e-02
1.19965725959833291e-01
1.59587603328687627e-01
2.00000000000000004e-02
8.24188396774299670e-02
5.84045206108494697e-02
6.36576632898065570e-02
6.48062104807684419e-02
6.88251485338232799e-02
2.00000000000000004e-02
2.00000000000000004e-02
6.09615301532372283e-02
6.74425063367483368e-02
1.44255404282763899e-01
1.75323934381200308e-01
2.35574707356612026e-02
5.56391314456646663e-02
1.09858467817291791e-01
1.74299635247889079e-01
6.14827992723671057e-02
7.18197197827487865e-02
7.32141738965537414e-02
7.23178023803747322e-02
6.61417193626399752e-02
2.00000000000000004e-02
1.46886470086508764e-01
1.32693083996241634e-01
6.82302525773947621e-02
2.00000000000000004e-02
3.80921851052717503e-02
4.62379148424240383e-02
3.91384581787073207e-02
5.81120213689492321e-02
5.73269293437321387e-02
5.89053707710597424e-02
6.38946698692626769e-02
1.70968204622159808e-01
6.61482053328065617e-02
7.58784605352289254e-02
1.89432669069792947e-01
7.08794206388925901e-02
1.79342263969307719e-01
2.00000000000000004e-02
2.00000000000000004e-02
6.57510611005350104e-02
7.71782920812686818e-02
6.72544244868668040e-02
1.37849749964340434e-01
5.80243602931248131e-02
7.10512155399488643e-02
1.49564603266400670e-01
5.65705271831942746e-02
2.00000000000000004e-02
1.49533020030522823e-01
2.00000000000000004e-02
6.65571397244352353e-02
2.53501786595996648e-01
2.14160819299764216e-01
2.00000000000000004e-02
5.97659295893996495e-02
7.68939581331931771e-02
6.02468525729979165e-02
6.97366314799136716e-02
6.48776277543481883e-02
2.00000000000000004e-02
6.29095255441000645e-02
1.65922080799741273e-01
6.32400217842166018e-02
2.00000000000000004e-02
1.60278444700428263e-01
8.15102542934092733e-02
6.06426013713022294e-02
2.00000000000000004e-02
7.87580071867637205e-02
6.87705981184134479e-02
1.85384725941759559e-01
2.00000000000000004e-02
1.54535075458162779e-01
1.56661247429347367e-01
1.54908314841379124e-01
2.02495919374394762e-01
2.23611110212044217e-01
2.00000000000000004e-02
8.15309513912200468e-02
1.67671642242018054e-01
1.71167405566728381e-01
2.00000000000000004e-02
6.59109389877965551e-02
2.00000000000000004e-02
1.98938478654587803e-01
7.23485463491687908e-02
7.52408778079134144e-02
7.30625930796232614e-02
1.81851590979471289e-01
7.19412135840479250e-02
2.00000000000000004e-02
6.39855327026830623e-02
1.69531927485549488e-01
1.97382322969597485e-01
2.00000000000000004e-02
2.00000000000000004e-02
2.00000000000000004e-02
6.34497297120757558e-02
1.70505250018121168e-01
7.00924227582545856e-02
6.63989202010883267e-02
1.73079745563769510e-01
4.76648287981419616e-02
1.65617195600374106e-01
6.49533724521932504e-02
2.00000000000000004e-02
7.43442906336491127e-02
2.00000000000000004e-02
5.57371697530993360e-02
6.33734041245309077e-02
1.83909129538381372e-01
2.00000000000000004e-02
6.89505919525559008e-02
6.73381159217284475e-02
1.32038580255834703e-01
2.00000000000000004e-02
8.36967715410970731e-02
8.92216406713724486e-02
2.00000000000000004e-02
1.44255404282764343e-01
2.00000000000000004e-02
7.16165400168961991e-02
6.37940309074291612e-02
1.70594758465525548e-01
2.00000000000000004e-02
6.95036872697979285e-02
1.65283184984725495e-01
1.62598833574099016e-01
2.00000000000000004e-02
1.84279321083673231e-01
1.63205981100634195e-01
1.77190986854436988e-01
2.00000000000000004e-02
1.70065532482804121e-01
6.64263389340908339e-02
1.78726109113450105e-01
6.33079421854321617e-02
2.00000000000000004e-02
6.04103601997498380e-02
6.71711827079610052e-02
2.00000000000000004e-02
2.00000000000000004e-02
6.84734990232074986e-02
2.00000000000000004e-02
1.81271311085081849e-01
6.78807737636042824e-02
2.00414851763493412e-01
7.31325878349787795e-02
2.00000000000000004e-02
2.07235939204788472e-01
7.54456796822497860e-02
1.71151568189876729e-01
6.33619969267049665e-02
4.89712836797482898e-02
6.24915842514245923e-02
2.00000000000000004e-02
2.00000000000000004e-02
2.00000000000000004e-02
2.00000000000000004e-02
6.42522299247545031e-02
2.00000000000000004e-02
6.16114292614977355e-02
1.88754516165071357e-01
6.78505997638801511e-02
1.96441440287598856e-01
2.50432647451831747e-02
5.90437099318394526e-02
1.36354245775208244e-01
6.28576814093505382e-02
1.13005428517845299e-01
2.00000000000000004e-02
2.00000000000000004e-02
7.86286579467740943e-02
7.56236343672184036e-02
1.15826309008557907e-01
1.10720237872766678e-01
1.15982660958491815e-01
1.84380901440567901e-01
5.69912609294396522e-02
2.00000000000000004e-02
1.36624580977099203e-01
1.69667257364580548e-01
1.87122105529073490e-01
1.75199343527268070e-01
2.10301307217186456e-01
2.67308474556398924e-02
2.00000000000000004e-02
7.01519171942528719e-02
1.17512351388899025e-01
2.00000000000000004e-02
6.35343204810465412e-02
6.28027969675401254e-02
2.00000000000000004e-02
2.00000000000000004e-02
6.48559304065633446e-02
2.00000000000000004e-02
6.91440642018122109e-02
6.85593016799305177e-02
2.14535218035233587e-02
2.11768406999262276e-01
2.00000000000000004e-02
1.59079320347555397e-01
2.00000000000000004e-02
7.70292392484860922e-02
2.00000000000000004e-02
7.08587617703097944e-02
1.62101142205732851e-01
1.80392507934343360e-01
6.42969202648231986e-02
2.13204522102112437e-01
7.01215393801433717e-02
8.51212564658695575e-02
1.02227923712834096e-01
7.30262477459333731e-02
2.00000000000000004e-02
1.50902092279615291e-01
1.38914943886697867e-01
2.00000000000000004e-02
1.86623084305623549e-01
2.67750920985315860e-02
2.00000000000000004e-02
6.40232774422001549e-02
6.77554096064792166e-02
2.00000000000000004e-02
6.42912376212449177e-02
1.11667069967439109e-01
2.01975829191273493e-01
1.82063055900205939e-01
5.99544629436324777e-02
1.82907587085262530e-01
8.26399107975141350e-02
5.96681130308856500e-02
4.65152242352056891e-02
1.96722329766185561e-01
5.82217570162917308e-02
5.95404591735365502e-02
5.95361728645947552e-02
2.00000000000000004e-02
2.00000000000000004e-02
2.00000000000000004e-02
2.00000000000000004e-02
2.00000000000000004e-02
1.11327011180642435e-01
5.53835497178163383e-02
5.81630630821891870e-02
2.00000000000000004e-02
5.08880571454578406e-02
2.00000000000000004e-02
6.51109145474479678e-02
2.00000000000000004e-02
1.69042228057866339e-01
2.15083825976059739e-01
2.67750920985313778e-02
1.68796999071696902e-01
7.46981729141979744e-02
7.56274646847974047e-02
6.77458949407056116e-02
1.89168152487130065e-01
6.08589926135177928e-02
6.07720719381971280e-02
2.00000000000000004e-02
2.00000000000000004e-02
2.00000000000000004e-02
7.49294494382238968e-02
2.00000000000000004e-02
1.68201052487970404e-01
1.33594840472521681e-01
2.00000000000000004e-02
5.65685350430205069e-02
6.93275925957078654e-02
5.89520730208228927e-02
1.84964459669624853e-01
2.00000000000000004e-02
7.55842049469939159e-02
1.76585450112078851e-01
1.71061418081532746e-01
2.00000000000000004e-02
6.73052840431446475e-02
1.89520025000419978e-01
1.95223556493096945e-01
2.00000000000000004e-02
2.00000000000000004e-02
1.79173067348351589e-01
1.37917393499224966e-01
6.21613458342952646e-02
2.00000000000000004e-02
6.15795913042079812e-02
1.72957433277586115e-01
