1.70000000000000107e+01
0.00000000000000000e+00
1.57857140000000022e+01
1.45714290000000020e+01
1.33571430000000007e+01
1.21428570000000029e+01
1.09285710000000016e+01
9.71428600000000131e+00
8.50000000000000355e+00
7.28571400000000224e+00
6.07142900000000196e+00
4.85714300000000243e+00
3.64285700000000290e+00
2.42857100000000159e+00
1.21428600000000309e+00
1.70000000000000036e+01
1.70485500993426449e+01
1.71933780014876980e+01
1.74320839867885304e+01
1.77608833711178100e+01
1.81748872101601009e+01
1.86684281204871709e+01
1.86777913202228696e+01
1.83422931924134325e+01
1.80227455824542631e+01
1.77188974667929280e+01
1.74320067039449924e+01
1.71933780014877051e+01
1.70485500993426520e+01
0.00000000000000000e+00
1.21428600000000309e+00
2.42857100000000159e+00
3.64285700000000290e+00
4.85714300000000243e+00
6.07142900000000196e+00
7.28571400000000224e+00
8.50000000000000355e+00
9.71428600000000131e+00
1.09285710000000016e+01
1.21428570000000029e+01
1.33571430000000007e+01
1.45714290000000020e+01
1.57857140000000022e+01
0.00000000000000000e+00
0.00000000000000000e+00
0.00000000000000000e+00
0.00000000000000000e+00
0.00000000000000000e+00
0.00000000000000000e+00
0.00000000000000000e+00
0.00000000000000000e+00
0.00000000000000000e+00
0.00000000000000000e+00
0.00000000000000000e+00
0.00000000000000000e+00
0.00000000000000000e+00
0.00000000000000000e+00
6.40474566797875355e-15
0.00000000000000000e+00
0.00000000000000000e+00
7.94410929039127398e-15
0.00000000000000000e+00
0.00000000000000000e+00
0.00000000000000000e+00
1.70000000000000071e+01
1.57857140000000076e+01
1.45714290000000073e+01
1.33571430000000095e+01
1.21428570000000082e+01
1.09285710000000069e+01
9.71428600000000664e+00
8.50000000000000888e+00
7.28571400000000757e+00
6.07142900000000729e+00
4.85714300000000776e+00
3.64285700000000823e+00
2.42857100000000692e+00
1.21428600000000841e+00
1.70000000000000000e+01
1.70455748149626665e+01
1.71761321219748773e+01
1.73895349591325648e+01
1.76813548449630851e+01
1.80465801882006609e+01
1.84788469608507562e+01
1.89699377070187118e+01
1.85559728437578180e+01
1.80910017290275000e+01
1.77026281127347076e+01
1.73957456174571519e+01
1.71746331256119795e+01
1.70424598945226897e+01
0.00000000000000000e+00
1.21428600000000131e+00
2.42857099999999981e+00
3.64285700000000112e+00
4.85714300000000065e+00
6.07142900000000019e+00
7.28571400000000047e+00
8.50000000000000178e+00
9.71428599999999953e+00
1.09285709999999998e+01
1.21428570000000011e+01
1.33571430000000024e+01
1.45714290000000002e+01
1.57857140000000005e+01
0.00000000000000000e+00
0.00000000000000000e+00
0.00000000000000000e+00
0.00000000000000000e+00
0.00000000000000000e+00
0.00000000000000000e+00
0.00000000000000000e+00
0.00000000000000000e+00
0.00000000000000000e+00
0.00000000000000000e+00
0.00000000000000000e+00
0.00000000000000000e+00
0.00000000000000000e+00
0.00000000000000000e+00
6.28036983473510047e-15
0.00000000000000000e+00
0.00000000000000000e+00
0.00000000000000000e+00
0.00000000000000000e+00
0.00000000000000000e+00
0.00000000000000000e+00
0.00000000000000000e+00
0.00000000000000000e+00
6.60186072357338550e-15
0.00000000000000000e+00
0.00000000000000000e+00
0.00000000000000000e+00
8.77370558497000852e-01
1.28062122728190086e+00
1.02300577784531388e+00
1.18700259759871751e+00
1.54030782833923254e+01
1.40805334778230531e+01
1.28151153646849743e+01
1.15862910917107413e+01
1.03665172778127719e+01
9.15166665356728259e+00
7.94093643859321752e+00
6.73259773780788162e+00
5.52447553216234777e+00
4.31457483769316941e+00
3.09015819832764294e+00
1.83950570025792293e+00
1.61490534439837035e+01
1.62303442854703235e+01
1.65120165381648079e+01
1.69041196235367117e+01
1.73890766553526603e+01
1.77949619126161735e+01
1.74462076688907501e+01
1.71106604850846615e+01
1.67880646396102620e+01
1.64888453798317656e+01
1.62277745806702320e+01
1.61462289547985307e+01
1.18873507655601585e+00
2.12560873822699392e+00
3.23587654378022815e+00
4.39952583618590687e+00
5.58495320044677790e+00
6.78132487672380257e+00
7.98360068417027247e+00
9.18893145209714746e+00
1.03963342956879377e+01
1.16073192718044869e+01
1.28282585683837045e+01
1.40878526183153472e+01
1.54064043542736719e+01
1.02875350291361745e+00
1.03243242490479115e+00
1.05726264696066097e+00
1.15211383421376756e+00
1.09193874052501538e+00
8.78548766604761333e-01
9.66073540034255163e-01
8.73212069981422423e-01
1.19683039110410583e+00
1.08673602572944294e+00
1.09035115560546836e+00
1.11071054361184274e+00
1.12125219394698283e+00
1.14521743204048310e+00
1.25569600976538465e+00
1.15211633289666127e+00
9.64571433257604416e-01
1.08422050860857810e+00
1.53980744092376352e+01
1.40759218314541172e+01
1.28114751520069490e+01
1.15835998578403920e+01
1.03646183075038465e+01
9.15020193103055846e+00
7.93984968576826056e+00
6.73327859006575302e+00
5.53068519639481160e+00
4.33489132532234667e+00
3.16147151547927852e+00
2.10252028223191489e+00
1.61319069099299526e+01
1.61872762825857102e+01
1.64252185604270657e+01
1.67658660968803126e+01
1.71951117933705468e+01
1.76880754109824281e+01
1.78122152196882695e+01
1.72851304757947837e+01
1.68290533010866419e+01
1.64610526480896056e+01
1.61991645947777698e+01
1.61320925507550790e+01
2.12046974340056238e+00
3.07437703375097726e+00
4.10377154746608586e+00
5.35614975330529663e+00
6.62337050022509821e+00
7.88406361141563750e+00
9.13538865419412183e+00
1.03752344198819806e+01
1.16024272612708508e+01
1.28258194394024638e+01
1.40826773618951311e+01
1.54011570440314838e+01
1.16565016787726972e+00
1.05238764797124529e+00
1.01643610471465551e+00
1.03511385580879556e+00
1.15216466157557829e+00
1.11264828103626212e+00
1.09159721342739946e+00
1.07891070041675485e+00
1.06848314918234921e+00
1.07741487734260732e+00
1.16066156618450056e+00
1.19323258807500610e+00
1.11656215754730481e+00
1.04884477674698018e+00
1.02398607909588812e+00
1.07395493272567877e+00
1.10219445306796771e+00
1.23641242401548324e+00
1.00690575151846873e+00
1.03546998944173629e+00
1.06219408979641194e+00
1.05085255728245608e+00
1.10323768863397342e+00
1.20184609478316062e+00
1.41895404090428778e+00
1.16761390156905143e+00
1.26812723818914130e+00
1.29998941663109013e+00
1.49569373012626965e+01
1.35718934664324209e+01
1.23460529973398607e+01
1.11290244061212107e+01
9.92132945510498487e+00
8.72241288101869472e+00
7.52776158634972159e+00
6.32873451320492286e+00
5.11261519248499585e+00
3.87462206286023347e+00
1.49641382091105619e+01
1.52713354844192111e+01
1.56212848681680363e+01
1.61110959371086935e+01
1.66655447532556096e+01
1.65617196779402782e+01
1.62135162166501168e+01
1.58762225270317465e+01
1.55352568710610299e+01
1.52591958113305743e+01
2.33418868414902159e+00
3.21167460841821439e+00
4.23144882986944015e+00
5.32628285316113104e+00
6.46367707577081418e+00
7.62575215456498778e+00
8.80179488033507162e+00
9.98511440011655438e+00
1.11747803353724180e+01
1.23740072018589355e+01
1.35872987612278813e+01
1.74690427842678342e+00
2.14836222446414293e+00
2.30660417604611068e+00
2.28008059778270900e+00
2.03729481493982778e+00
1.85434237658673151e+00
2.16221715595033714e+00
2.15234738689014504e+00
2.28197394166655210e+00
2.30064088372528852e+00
2.32630276460451624e+00
2.31931157845584890e+00
2.07730074871827908e+00
1.91247776048065843e+00
2.51918335857170828e+00
1.49386403012752549e+01
1.35558692713795033e+01
1.23308763249099531e+01
1.11144291948742193e+01
9.90617474341602211e+00
8.70871667259229731e+00
7.52311357579209705e+00
6.35016246770807680e+00
5.19275785358152575e+00
4.05749850254664945e+00
2.94974822350581611e+00
1.49341392688091776e+01
1.51857858399971519e+01
1.54673158202464460e+01
1.59003596558922791e+01
1.64007298721210901e+01
1.69451293880602734e+01
1.65378572326052335e+01
1.60177992444094031e+01
1.55545504257440825e+01
1.52261217073694031e+01
1.94359925605743178e+00
3.25780736673865068e+00
4.71370559432557368e+00
6.05337293820125755e+00
7.36077099120169365e+00
8.64684649955168183e+00
9.91353729551763863e+00
1.11531314937220181e+01
1.23620102630428139e+01
1.35653186596444009e+01
2.22962110753705600e+00
2.09494060007322558e+00
2.09411713141433031e+00
2.09060538008285590e+00
1.93214511349444296e+00
1.88549601818696844e+00
1.86672154946540547e+00
1.84829813783370644e+00
1.82934573777731813e+00
1.87057657776065489e+00
2.17932056002280294e+00
2.02817683727073828e+00
1.89868547302674684e+00
1.80950401146887074e+00
1.84470843654348027e+00
2.08407111164278458e+00
1.99314235448715782e+00
2.49285294433712501e+00
1.87210198769273806e+00
1.76052659192815497e+00
1.98763338187616556e+00
1.83820051802929219e+00
1.87632469759719944e+00
2.01643982594068971e+00
2.20252245693614856e+00
2.37579175435812973e+00
2.11017250478463714e+00
1.76614725196474498e+00
1.82962989142789545e+00
1.42178267023236682e+01
1.31762387522807582e+01
1.19632046238566385e+01
1.07438439743731653e+01
9.53494941845157484e+00
8.34115408398558955e+00
7.15405409706066386e+00
5.95244703445694512e+00
2.60364685664390505e+00
4.70334275520530376e+00
1.42294614485972239e+01
1.42388805519214525e+01
1.48489529186743638e+01
1.53871988758594149e+01
1.56888321809553215e+01
1.53259223669573945e+01
1.49835424095381473e+01
1.46503170139845089e+01
1.41740075131995784e+01
3.62861832146746677e+00
4.38517877674858347e+00
5.32141556419403994e+00
6.35496348747156947e+00
7.44434228496996564e+00
8.56951421023252990e+00
9.71233990840258521e+00
1.08623309010499742e+01
1.20265990283517770e+01
1.32043260751039870e+01
3.14157299532746848e+00
3.41260834181687533e+00
3.45387419850281052e+00
3.18606110733856740e+00
3.31934134404562720e+00
3.54013143934308072e+00
3.49103304014101790e+00
3.44785177091700046e+00
3.46164370216298556e+00
3.58117193498195352e+00
3.25348436731296076e+00
1.90239973685696784e+00
3.08079310181647159e+00
1.41867611778477674e+01
1.31500531193755119e+01
1.19499169904938736e+01
1.07505127969314618e+01
9.56805533224792271e+00
8.40902730776781482e+00
7.27374433376714435e+00
6.16608872547619669e+00
5.09435473646124848e+00
4.07257979187788610e+00
1.41645016948068925e+01
1.40766410669290245e+01
1.45860439391614527e+01
1.51085768038636257e+01
1.56636024487468646e+01
1.58489542567458805e+01
1.52747064742088039e+01
1.47671530435657576e+01
1.41773266291151874e+01
2.10630731227135870e+00
3.00729142889143253e+00
4.20541615881428754e+00
5.59351738429839340e+00
6.94630765440353937e+00
8.26382447312823309e+00
9.55190428999063812e+00
1.08215414582539484e+01
1.20203745849201837e+01
1.31561817792492040e+01
3.03160414030301695e+00
3.15340633890789546e+00
3.17912217355792492e+00
3.15230085126143766e+00
3.11213981158039621e+00
3.09846384615962034e+00
3.10192221276568247e+00
3.04861819334213857e+00
2.96107679883672281e+00
2.94380607047362775e+00
3.01869316546434030e+00
3.24259056490328135e+00
3.31706481685042309e+00
3.18654124932653016e+00
2.90409922493215156e+00
2.99517519174916202e+00
3.54456951900976858e+00
3.11719736517039214e+00
3.10054188897778893e+00
3.28328877951177889e+00
2.57471770794629018e+00
3.64007753183604477e+00
2.48745436919072960e+00
3.21034078136982437e+00
3.12555149421964629e+00
2.40210073782749634e+00
3.02894097074550617e+00
1.28279021914130364e+01
1.15878892396008286e+01
1.03517008235346530e+01
9.15191155586125404e+00
7.97659927796122226e+00
6.81545360111427989e+00
3.44439925608589537e+00
5.61645731232536782e+00
1.37663900158386756e+01
1.41285726934534797e+01
1.47160772557686190e+01
1.44436037573543814e+01
1.40856409238419378e+01
1.37720871351901035e+01
4.82227169905940745e+00
5.56007207737861897e+00
6.45969326870335170e+00
7.44818499294656799e+00
8.49411161512965585e+00
9.59608373674575965e+00
1.06886372992442684e+01
1.17898629441709861e+01
4.47380345920803446e+00
4.67030156283065701e+00
4.36869513722861935e+00
4.78103506049767013e+00
4.63664868041910161e+00
4.60712164513382394e+00
4.13689718427368547e+00
1.28656114037009353e+01
1.16742557939447877e+01
1.04942980773792591e+01
9.36260275132496389e+00
8.26628735371830103e+00
7.20909138265755622e+00
6.20152699434190335e+00
5.26194698775524738e+00
1.32822887792949462e+01
1.38217225429392236e+01
1.43860364736679376e+01
1.49743103078402822e+01
1.45821051232667340e+01
1.40372764018585929e+01
3.64192113703309639e+00
5.21877069533152138e+00
6.64190245127972201e+00
7.99502206779100355e+00
9.30727437532479129e+00
1.05653410387366637e+01
1.19130632032604975e+01
4.23681402918722050e+00
4.28727297721175216e+00
4.29800539141908011e+00
4.30249982083608007e+00
4.31057447700085650e+00
4.33267346582191948e+00
4.44592942982012218e+00
4.13991113829119239e+00
3.72623497941925308e+00
4.07111316880713581e+00
3.81261953354365080e+00
4.20979970505869261e+00
4.36295668642467405e+00
4.08629063957538907e+00
4.60809113032614270e+00
3.62123525670337498e+00
4.70267941335135742e+00
4.39407983941387315e+00
3.23344788188648602e+00
4.42425613131656092e+00
3.76700559072948238e+00
4.41013534209344016e+00
3.45275729349027349e+00
1.35833657640697076e+01
1.25063037216811779e+01
1.11570069702960382e+01
9.95397822950778810e+00
8.77078688053962097e+00
7.64181877921891761e+00
6.56507939377846839e+00
1.27913710401326739e+01
1.34161639422954000e+01
1.35813010737142932e+01
1.31660261232615703e+01
1.28438353244790378e+01
5.97373268369252042e+00
6.75925063103618573e+00
7.63943229765031795e+00
8.58181424011349314e+00
9.57637760995012322e+00
1.07699234406433693e+01
1.29397029686354283e+01
1.16085083589663167e+01
5.02102197350100266e+00
5.40816262146922089e+00
5.21311140038876175e+00
1.36926457352927571e+01
1.27270069681366724e+01
1.14536182151713977e+01
1.03589065258182931e+01
9.30114736012684240e+00
8.28975820917954920e+00
7.33688147838680749e+00
6.46187183619096928e+00
1.28716037585177521e+01
1.25599555999926320e+01
1.31224829756593007e+01
1.37103162609144160e+01
1.39379635499237953e+01
1.33234880750282763e+01
4.97482913989251418e+00
6.41714860333026049e+00
7.83454870670868431e+00
9.14080832415876543e+00
1.05096364746708950e+01
1.14660704656386336e+01
5.43951844768793968e+00
5.42319849426557177e+00
5.44437748777269448e+00
5.50154467988912632e+00
5.52976300430249967e+00
5.53534833524045755e+00
4.34366920554323244e+00
4.80242439932744158e+00
5.36979395535431347e+00
4.90517397023188018e+00
5.03690148431278129e+00
5.89664969805961992e+00
5.69557333421672496e+00
5.08372717711301902e+00
5.26649888507181263e+00
4.41294383507332899e+00
1.18014215852189057e+01
1.07596979935630834e+01
9.55115164916497150e+00
8.36494458423315201e+00
7.36810994566251320e+00
1.21275656634055906e+01
1.27523177993895640e+01
1.23083099874345372e+01
1.17544224609951709e+01
5.37970046133217217e+00
6.67325005210656030e+00
7.88586931582594275e+00
8.84670699087048362e+00
9.72930822230420667e+00
1.04996268545430542e+01
4.66225408657651919e+00
1.22646503204951873e+01
1.13784984664807567e+01
1.03598389614285047e+01
9.38681211101912005e+00
8.47902733287969923e+00
7.64797510161193816e+00
1.18781542627353289e+01
1.24667353413501907e+01
1.30775726858109476e+01
1.25649947927070382e+01
6.24073226563865902e+00
7.78035773128504893e+00
9.20575592092468220e+00
1.01278522449618400e+01
6.51708135809180522e+00
6.55725076798028450e+00
6.58702853082687501e+00
6.84616006452142845e+00
5.32737320674685755e+00
6.07617632739426305e+00
6.08869010128779475e+00
5.94945256477245898e+00
6.93006607752371817e+00
6.36523337143957502e+00
4.70273304113781343e+00
4.92770733439047337e+00
1.03582066277331108e+01
9.11494497380494906e+00
7.75550655368487174e+00
1.15529361805843607e+01
1.15441080645300964e+01
1.10707700856751075e+01
8.21344673129010339e+00
9.38912513478252642e+00
1.06478041076597840e+01
1.14414355171515112e+01
1.04831327336390370e+01
9.61480455994329297e+00
8.82521751210283512e+00
1.12316339697609315e+01
1.18735557549734274e+01
1.23901433639653664e+01
7.46467631962683864e+00
9.02348588664824192e+00
7.62287570014414140e+00
5.95710335779047195e+00
7.03079990526691745e+00
8.09944796387266308e+00
7.58245955839719254e+00
5.38725187892511048e+00
9.91399512924833104e+00
8.75918030112332957e+00
8.52745103362130763e+00
9.63117436105310354e+00
1.14160672997763140e+01
1.06147633744352987e+01
9.63131170505316270e+00
8.50584124814151643e+00
7.08069571775168161e+00
1.06370497743714250e+01
1.00809410820933820e+01
7.55840066456442994e+00
8.71379606825895081e+00
8.03413018041789329e+00
1.05602103199659130e+01
9.67667422404692057e-01
6.19593754767828631e-01
6.10322044235061201e-01
1.13454172487383076e+00
6.07143000000002431e-01
1.66142129435984276e+00
1.82142850000000323e+00
0.00000000000000000e+00
0.00000000000000000e+00
1.08272586889199585e+00
6.14602055017333893e-01
6.47665823232320581e-01
1.82142850000000323e+00
6.92906158556852114e-01
5.56515847200440783e-01
0.00000000000000000e+00
4.30931086397903285e-01
8.02405375912293550e-01
5.49331187874724347e-01
0.00000000000000000e+00
1.04080617480521331e+00
5.67929518485371876e-01
1.11714879726074701e+00
6.45121694040398874e-01
6.70768863587153263e-01
6.52335074549514116e-01
5.95630255974313849e-01
6.39993237061945108e-01
6.59033464067224517e-01
0.00000000000000000e+00
7.36202054288899621e-01
6.90399892676914817e-01
6.59723796773715954e-01
7.79078840133332284e-01
0.00000000000000000e+00
1.76533321121973841e+00
5.51877437441368079e-01
0.00000000000000000e+00
6.96854224533649869e-01
0.00000000000000000e+00
5.33631834031960461e-01
0.00000000000000000e+00
0.00000000000000000e+00
5.90895519523219170e-01
6.47875753168546065e-01
6.91586430572119548e-01
6.14196186745507466e-01
4.94031318436936928e-01
8.73043289634035768e-01
4.69640093825609062e-01
0.00000000000000000e+00
6.52583779618759463e-01
9.61947422564556676e-01
1.82142850000000145e+00
1.45800287871872647e+00
1.03902474197558337e+00
0.00000000000000000e+00
6.07143000000000654e-01
6.15504210183924427e-01
6.37893932271225039e-01
7.28115167429329690e-01
0.00000000000000000e+00
5.63152341659338695e-01
0.00000000000000000e+00
7.86163076285627538e-01
7.12027716813906197e-01
9.97361315356622424e-01
6.72276506634967075e-01
0.00000000000000000e+00
5.94272441630466663e-01
6.07143000000007760e-01
0.00000000000000000e+00
6.37910000096903351e-01
1.06236694194037784e+00
6.18573675273835555e-01
6.07143000000002431e-01
1.45466342343720467e+00
4.81973320513416292e-01
6.77524367470363709e-01
0.00000000000000000e+00
9.78319464020079521e-01
1.09307447733424112e+00
4.57100058958076982e-01
6.32380803568311833e-01
5.80505579352844969e-01
1.00806908616121982e+00
6.67694678914532269e-01
6.62592934593731697e-01
6.25800901060811210e-01
9.99004899570507754e-01
5.98598837460920352e-01
7.04631753878154243e-01
7.34448783133775818e-01
6.07375675806461235e-01
1.02520693507226923e+00
5.82077988602967000e-01
0.00000000000000000e+00
6.23517952496650429e-01
0.00000000000000000e+00
6.61647992423353815e-01
0.00000000000000000e+00
6.21562161817063585e-01
9.74373572841592428e-01
1.00180486405276481e+00
1.35678634020891153e+00
1.54507093080864255e+00
6.92395114712870852e-01
1.82142850000000855e+00
1.09198231805608970e+00
0.00000000000000000e+00
7.28769484863820316e-01
9.85098704852189200e-01
0.00000000000000000e+00
9.77471528725263328e-01
9.02788302046169222e-01
1.04682360554644238e+00
9.29612593924251773e-01
1.62421780318659925e+00
1.36826359559870325e+00
5.75969371312608946e-01
0.00000000000000000e+00
5.83468913906192488e-01
0.00000000000000000e+00
6.27494258280547834e-01
6.23246504530183043e-01
5.88121037906803257e-01
0.00000000000000000e+00
6.67363337791427758e-01
6.02227073232110555e-01
0.00000000000000000e+00
4.88167623659778005e-01
5.67747213294446329e-01
0.00000000000000000e+00
5.81118021357196479e-01
5.14315212422957302e-01
0.00000000000000000e+00
6.21096994872924135e-01
5.80988873490586033e-01
8.70434464519823092e-01
6.10947900313130732e-01
1.01925730836499517e+00
4.89147265489775662e-01
6.70622296046478050e-01
1.06196236506576458e+00
5.98304230805216775e-01
0.00000000000000000e+00
6.95835950685629312e-01
6.98714215363654301e-01
6.02696954002156615e-01
6.73804325096341250e-01
9.69596289284878399e-01
0.00000000000000000e+00
7.05412447059839964e-01
0.00000000000000000e+00
0.00000000000000000e+00
0.00000000000000000e+00
9.36751340446304148e-01
6.89666751735747763e-01
6.81174230673562087e-01
0.00000000000000000e+00
1.05636468623106428e+00
0.00000000000000000e+00
0.00000000000000000e+00
6.71678101202207611e-01
6.37874798500739026e-01
6.43522972131096216e-01
0.00000000000000000e+00
7.16685602377760134e-01
1.51944985571316926e+00
9.68706340242926678e-01
1.13376919353042327e+00
5.46074348945003063e-01
6.36748357536592202e-01
6.77598303961350679e-01
0.00000000000000000e+00
6.66381499942679922e-01
6.33883694224168681e-01
0.00000000000000000e+00
0.00000000000000000e+00
0.00000000000000000e+00
4.44999386434915878e-01
0.00000000000000000e+00
1.15989273727115005e+00
1.03906658507522898e+00
9.46717545073005873e-01
0.00000000000000000e+00
0.00000000000000000e+00
6.67690194315845531e-01
6.69692604237900224e-01
6.12039342015874732e-01
5.65598038691714766e-01
1.38708568762791207e+00
0.00000000000000000e+00
0.00000000000000000e+00
4.84213746433031667e-01
5.23364795035772157e-01
6.35234561806965803e-01
5.09839737710869212e-01
0.00000000000000000e+00
1.51313180747748088e+00
6.22505868731433432e-01
0.00000000000000000e+00
0.00000000000000000e+00
5.58520609069441232e-01
5.52453070212956088e-01
2.89464344118101513e-01
2.86932136446131469e-01
3.36500262183253296e-01
9.10714500000002758e-01
7.65051708558239119e-01
7.65074037063386725e-01
0.00000000000000000e+00
2.58695159301231381e-01
2.66788846565640336e-01
0.00000000000000000e+00
0.00000000000000000e+00
3.43586971166358612e-01
0.00000000000000000e+00
9.08058293504058867e-01
3.19460611229415214e-01
3.15858962151482292e-01
3.06480032026922422e-01
6.04577500019898295e-01
2.93952703848247066e-01
5.89002884455459341e-01
3.21473229232378421e-01
6.10131298097763342e-01
0.00000000000000000e+00
2.59971318322892886e-01
2.56384911727685627e-01
3.02704063715385219e-01
5.11246469185821062e-01
0.00000000000000000e+00
3.17824865546335600e-01
2.02825853604043344e-01
0.00000000000000000e+00
2.70173176741825283e-01
5.42083993664655317e-01
5.50358335996017134e-01
3.11536753342153583e-01
2.81881757599095228e-01
2.68861902169981459e-01
0.00000000000000000e+00
3.18081394182489929e-01
6.56868435834712883e-01
0.00000000000000000e+00
0.00000000000000000e+00
3.10500836274288483e-01
3.16529388913559473e-01
5.24909393788424716e-01
2.98378261504821329e-01
3.22574103021602276e-01
3.03189999664474241e-01
5.97021222761378256e-01
3.04357441948847285e-01
3.08757161129149860e-01
6.16788243920322499e-01
3.19287558352170153e-01
2.91890681347803937e-01
3.76002125189943859e-01
3.07285489263341149e-01
6.03569018065632124e-01
3.14363790312036651e-01
3.03571500000007433e-01
5.01726472821307112e-01
9.56929023300232884e-01
6.31598587634083941e-01
3.08401737123648378e-01
2.62326378745949995e-01
0.00000000000000000e+00
0.00000000000000000e+00
2.85980442089211973e-01
0.00000000000000000e+00
3.14672510103747527e-01
3.31689518102080916e-01
2.94037472464428018e-01
2.81186283448401686e-01
5.24753338832114391e-01
2.74800299264140679e-01
2.89988303842412976e-01
5.69575327640587048e-01
3.36165921021461478e-01
3.43198175724458709e-01
3.09048497744496664e-01
3.13023996180587016e-01
3.22759263799331342e-01
0.00000000000000000e+00
3.02874187608641821e-01
0.00000000000000000e+00
5.89800595447477982e-01
6.08864074641361164e-01
3.21450628519826975e-01
0.00000000000000000e+00
0.00000000000000000e+00
1.74151102137304947e-01
3.24324048876260762e-01
2.83478393121754879e-01
6.80241891158405498e-01
6.27108113230858244e-01
0.00000000000000000e+00
2.65734734642671722e-01
3.19266850531492452e-01
5.78864371104598541e-01
7.49280793299444192e-01
8.52656834282993326e-01
2.80733188849193238e-01
3.00808498271665614e-01
7.78049327649115607e-01
4.64061615967293173e-01
5.25864442589814574e-01
3.03571499999998551e-01
5.48978634511347097e-01
2.60952139661468629e-01
2.88790954372926179e-01
2.67751777599051721e-01
0.00000000000000000e+00
2.81612674112214800e-01
0.00000000000000000e+00
9.10714500000008087e-01
2.88599838052904067e-01
2.96635673108217257e-01
6.46603649670442420e-15
2.85662948241804049e-01
2.94957320216080288e-01
3.40901955564343995e-01
8.18860042643344517e-15
3.33683302119638536e-01
0.00000000000000000e+00
3.01688411724096273e-01
0.00000000000000000e+00
1.96777374020001145e-01
4.31086292033439233e-01
3.49535906138807306e-01
6.75372080781128203e-01
2.68249628412729868e-01
3.20803036076004688e-01
0.00000000000000000e+00
3.10560604515966399e-01
3.35739550779671436e-01
3.18748065777353318e-01
0.00000000000000000e+00
5.26895218323113257e-01
6.45825092880960239e-01
2.02193291665961367e-01
8.04371779081704874e-01
5.49429438485664612e-01
0.00000000000000000e+00
3.54494554817900820e-01
2.75122629138209673e-01
2.94013254105867261e-01
2.98066419725151466e-01
3.11636397309155599e-01
0.00000000000000000e+00
0.00000000000000000e+00
2.84452757911689169e-01
3.07004642016154239e-01
9.10714500000000982e-01
1.03993870218717688e+00
2.75565108907593392e-01
4.96039574084853274e-01
7.62209782117012291e-01
1.03571800749552367e+00
2.95546334513510589e-01
3.21476726212871211e-01
3.25974954692841601e-01
3.23089350587918600e-01
3.02592916831909975e-01
0.00000000000000000e+00
5.20668519994804790e-01
8.61669188641646544e-01
3.09650643403529824e-01
0.00000000000000000e+00
1.87176332664103745e-01
2.26202701121220373e-01
1.92599218662922761e-01
2.74037817641081316e-01
2.71107414441028038e-01
2.76971579488857422e-01
2.94840985327591620e-01
5.74539123108800509e-01
3.02615123473870096e-01
3.34431241188774986e-01
1.09661138428725091e+00
3.18414015963183528e-01
5.92675104502417227e-01
0.00000000000000000e+00
0.00000000000000000e+00
3.01257351560122844e-01
3.38494369155253660e-01
3.06370052451862052e-01
4.99646228938466663e-01
2.73711974367910005e-01
3.18975393962394493e-01
5.26804856421169587e-01
2.68257688688522011e-01
0.00000000000000000e+00
5.26732725851300820e-01
0.00000000000000000e+00
3.04007703789383243e-01
7.45034636901840241e-01
6.65685381231868600e-01
0.00000000000000000e+00
2.80123679201937814e-01
3.37608950349062409e-01
2.81871924328329471e-01
3.14658607953891500e-01
2.98253029259860747e-01
0.00000000000000000e+00
2.91387290145685429e-01
5.63475624650572660e-01
2.92549812149137167e-01
0.00000000000000000e+00
5.50970322004670554e-01
3.51762076944308277e-01
2.83303551868419989e-01
0.00000000000000000e+00
3.43380090500679747e-01
5.50217187183833611e-01
6.05603337711190126e-01
6.40474566797875355e-15
5.38089216848449681e-01
5.42876797122505805e-01
5.38931317775693364e-01
6.41594390259437763e-01
6.84984241743115785e-01
0.00000000000000000e+00
3.51824507967107347e-01
5.67323642552747143e-01
1.02279923843315923e+00
0.00000000000000000e+00
3.01804538217014917e-01
0.00000000000000000e+00
6.34180297220518940e-01
3.23188672131396293e-01
3.32423549600677160e-01
3.25489455312780285e-01
5.98059236416057516e-01
3.21870695932973905e-01
0.00000000000000000e+00
2.95157794121503947e-01
5.71400945399613280e-01
6.30926471678569301e-01
0.00000000000000000e+00
0.00000000000000000e+00
0.00000000000000000e+00
2.93285420181864098e-01
5.73528515584619591e-01
3.15831772109250453e-01
3.03469514910467197e-01
5.79137604004086204e-01
2.32432401164182012e-01
5.62803700580963961e-01
2.98514579506786337e-01
0.00000000000000000e+00
3.29583477632781341e-01
0.00000000000000000e+00
2.65087006709470774e-01
2.93017869607861969e-01
6.02457695731101750e-01
0.00000000000000000e+00
3.12053777839015278e-01
3.06652564114566317e-01
4.85844482992539184e-01
6.93689521461018719e-15
3.58309958815622831e-01
3.74454020829367962e-01
0.00000000000000000e+00
9.10714500000002758e-01
0.00000000000000000e+00
3.20816981227645737e-01
2.94489751839413061e-01
5.73723976095061650e-01
0.00000000000000000e+00
3.13888538699887198e-01
5.62067121561213412e-01
5.56129431744189717e-01
0.00000000000000000e+00
6.03247542834533856e-01
6.94886012984489043e-01
5.88041268934021866e-01
0.00000000000000000e+00
5.72567825173533884e-01
3.03562838207201480e-01
5.91349630344493504e-01
2.92788234196947439e-01
0.00000000000000000e+00
2.82464174801008716e-01
3.06088841474607576e-01
0.00000000000000000e+00
0.00000000000000000e+00
3.10463878879838451e-01
0.00000000000000000e+00
5.96816125644338280e-01
3.08479107819187637e-01
6.37261240428510845e-01
3.25713180707528804e-01
0.00000000000000000e+00
6.51422631219074622e-01
3.33069523470058193e-01
5.74939156839604504e-01
2.92977865088450529e-01
2.37975390985372653e-01
2.89911479075208589e-01
0.00000000000000000e+00
0.00000000000000000e+00
0.00000000000000000e+00
0.00000000000000000e+00
2.96086013556189576e-01
0.00000000000000000e+00
2.86782279341653346e-01
6.12760361316040836e-01
3.08377782709996995e-01
6.28955901420527153e-01
2.39238308748508821e-01
2.77480388816542245e-01
5.01261179958581993e-01
2.91204568540699649e-01
7.76176586741899599e-01
0.00000000000000000e+00
0.00000000000000000e+00
3.42982142597635764e-01
3.33629992558648891e-01
7.88616276134039729e-01
7.66044201451594353e-01
7.28856255145773235e-01
6.03464196264366981e-01
5.03638735798783377e-01
0.00000000000000000e+00
4.96755859753148732e-01
5.71696993811356191e-01
6.09297934989645240e-01
5.83736031886555318e-01
6.57749681577535439e-01
2.71876979500866700e-01
0.00000000000000000e+00
3.16027592303416871e-01
7.96017493482527927e-01
0.00000000000000000e+00
2.93581700460995132e-01
2.91011024706943233e-01
0.00000000000000000e+00
0.00000000000000000e+00
2.98180647636570040e-01
6.77872758924002881e-15
3.12696595533739685e-01
3.10750314724238530e-01
2.51351704844001433e-01
6.60770160279897989e-01
2.20712389645419615e-01
5.48294286826645827e-01
0.00000000000000000e+00
3.38030450292207574e-01
0.00000000000000000e+00
3.18346453360335846e-01
5.55024975652553154e-01
5.94951269615968781e-01
2.96241312935389078e-01
6.63722174472800353e-01
3.15927619248471847e-01
3.62525722813443196e-01
4.10529935896842613e-01
3.25371755392219408e-01
0.00000000000000000e+00
5.29854397018147183e-01
5.02154679921336222e-01
0.00000000000000000e+00
6.08237706944472767e-01
3.03571500000002104e-01
0.00000000000000000e+00
2.95289312566297202e-01
3.08057948606049292e-01
0.00000000000000000e+00
2.96221569532147289e-01
4.35328448485975739e-01
6.40512460362558933e-01
5.98511959169255037e-01
2.80810154431840209e-01
6.00318472482018972e-01
3.55156892124435908e-01
2.79766941977122652e-01
2.53526385388576858e-01
6.29544450642711584e-01
2.74445238983290596e-01
2.79300794985110679e-01
2.79285131203891090e-01
0.00000000000000000e+00
0.00000000000000000e+00
0.00000000000000000e+00
0.00000000000000000e+00
0.00000000000000000e+00
7.66542012193903943e-01
2.63731477164395212e-01
2.74227388463584854e-01
0.00000000000000000e+00
2.52109876912742947e-01
0.00000000000000000e+00
2.99057959181223798e-01
0.00000000000000000e+00
5.70329042868732650e-01
6.69543397206604718e-01
3.03571500000000327e-01
5.69791886950991811e-01
3.30706824353123596e-01
5.88309637220712611e-01
3.08025964513352624e-01
8.82856298808469053e-01
2.84083718111329320e-01
2.83770560764112945e-01
0.00000000000000000e+00
0.00000000000000000e+00
0.00000000000000000e+00
3.31439300445790730e-01
0.00000000000000000e+00
5.68485461845769202e-01
7.06258035669659945e-01
0.00000000000000000e+00
2.68250148385010267e-01
3.13305358220203334e-01
2.78014341634520490e-01
1.07958253652483460e+00
0.00000000000000000e+00
3.33505875355663783e-01
5.86733881999856766e-01
5.74742498519692613e-01
0.00000000000000000e+00
3.06541761764831777e-01
6.14381184972177086e-01
6.26401490108305592e-01
0.00000000000000000e+00
0.00000000000000000e+00
5.92311264366672474e-01
4.99805517553651824e-01
2.88740796505246811e-01
0.00000000000000000e+00
2.86668537476427454e-01
5.83428705480208976e-01
