0.136680655750000
0.138914977000000
0.050125206450000
0.050666232250000
0.047676929100000
0.044180799100000
0.071039827300000
0.071507782250000
0.780548469999999
0.984778925000000
0.028585823000000
0.080034140000000
0.028574525000000
0.030748338000000
0.065744672000000
0.043818620000000
0.033331986000000
0.034443486000000
0.038750710500000
0.035588332500000
0.043559775000000
0.029351619000000
0.032922514000000
0.032069385000000
0.042387727200000
0.041074542600000
0.031192961900000
0.036765159900000
0.043538216700000
0.044351291600000
0.047877404600000
0.044101649200000
0.042471764865000
0.068725305210000
0.039838373550000
0.044678260580000
0.026357261130000
0.034660722415000
0.667532490000000
0.668722425000000
0.704044397499998
0.707208320000000
0.683286610000001
0.688110620000000
0.675947395000001
0.644301508500000
0.657732140000000
0.663636110000000
0.661545920000000
0.651654095000000
0.641393260000001
0.122411520000000
0.299997120000000
0.122391360000000
0.780554540999999
0.977687150499999
0.669975466000000
0.700585013699998
0.711192699099998
0.712413573299997
0.712061424999998
0.666832845000001
0.709608469499999
0.673086489999999
0.755971975000000
0.718693430999997
0.639507179999999
0.050110962250000
0.048271778350000
0.045389568450000
0.044805911750000
0.046864038750000
0.047186823450000
0.044708316350000
0.040596462950000
0.043470388800000
0.043550021550000
0.043264142450000
0.042715995350000
0.051246844400000
0.044058036450000
0.044839699400000
0.045228735000000
0.078497801550000
0.078593918900000
0.054301196150000
0.049389289700000
0.050072031200000
0.049967202400000
0.054552083250000
0.050186545950000
0.049737695750000
0.050241898950000
0.050681832450000
0.050390632450000
0.050820680100000
0.046870263150000
0.143769780000000
0.285925887000000
0.263578524000000
0.049145798000000
0.034418858500000
0.064516336500000
0.045385835000000
0.291835762500001
0.108842932500000
0.061620861000000
0.567498154500000
0.681733186000000
0.617479478499999
0.040623602500000
0.041172604500000
0.031708462500000
0.036644098500000
0.045415832000000
0.047923980500000
0.052460727000000
0.047909108500000
0.045175796000000
0.075724900000000
0.041636919000000
0.049412750000000
0.027662790000000
0.036386708000000
0.639426094000000
0.661732785000001
0.640720906000000
0.712463276749998
0.650524796000001
0.697296139849998
0.708953322000000
0.705496157000000
0.780548470000000
0.048962445000000
0.036143140500000
0.062462865500000
0.046372147000000
0.272719755000000
0.107430334500000
0.065253559500000
0.034861174000000
0.034359132000000
0.044587834000000
0.035595068000000
0.060439286500000
0.093315679000000
0.158437753000000
0.067856270500000
0.056765063000000
0.042334810000000
0.043619082000000
0.045639493500000
0.043121140500000
0.042480622000000
0.037955115000000
0.048972743000000
0.041990893000000
0.078088484000000
0.087288269000000
0.044676728000000
0.049090693000000
0.044438092000000
0.043328447000000
0.054749771000000
0.071828046500000
0.038121376500000
0.046647674000000
0.044744019000000
0.041030551500000
0.044464195000000
0.044376668500000
0.042555316500000
0.041842946500000
0.029687526500000
0.040464880500000
0.039400910000000
0.038596589000000
0.067948244500000
0.114417099000000
0.043156207000000
0.050437073500000
0.050303159000000
0.047225609000000
0.062732162500000
0.052341457500000
0.050960467000000
0.056326422000000
0.038222454500000
0.052263776500000
0.066319778000000
0.048457293500000
0.778595334000000
0.061767696000000
0.064505965000000
0.066514326000000
0.053703564000000
0.172139883400000
0.203949369000000
0.091593411000000
0.086385734500000
0.049001736000000
0.050390787400000
0.056032129200000
0.050342020800000
0.051199691050000
0.051382064500000
0.057886034700000
0.052196226350000
0.085043149650000
0.085528707750000
0.051585690550000
0.054129796500000
0.053083462950000
0.049050886950000
0.060273813000000
0.092819114500000
0.040133836500000
0.047474062500000
0.047541129000000
0.043217805000000
0.059818388000000
0.050366918000000
0.051485898500000
0.054543155000000
0.033811464000000
0.047339500000000
0.055028964000000
0.044177472000000
0.690362790350000
0.048737371275000
0.048420018330000
0.048521799370000
0.043101729960000
0.123766220570000
0.124023713000000
0.064290693315000
0.064368240410000
0.077817205100000
0.077925884600000
0.053780753050000
0.048911972000000
0.049602561200000
0.049424558100000
0.054049472900000
0.049722058500000
0.049268340350000
0.049703080300000
0.050152736700000
0.049860741500000
0.050299180300000
0.046437003900000
0.079656044150000
0.080467502050000
0.054943146500000
0.049877421400000
0.050593514000000
0.050626914800000
0.055675500650000
0.050728261400000
0.050249427000000
0.051304733250000
0.051508874500000
0.051227139500000
0.052046681750000
0.047597323550000
0.617429049500000
0.984028954999998
0.702278850000001
0.706540455000000
0.682497314999998
0.686590224999998
0.674576440000000
0.660007871849999
0.661935119999999
0.142755721800000
0.152470212800000
0.053759254700000
0.055596918600000
0.052445343000000
0.047381461200000
0.074797042200000
0.074344311400000
0.658076184999998
0.649832644999998
0.526639389999999
0.044442648000000
0.044170890000000
0.039918653000000
0.041375382000000
0.045418560000000
0.041761600000000
0.056197920000000
0.044461920000000
0.040203489000000
0.046527980000000
0.036447000000000
0.034345590000000
0.045657060000000
0.057648070000000
0.042351133000000
0.044905145000000
0.780553933900001
0.974240757670001
0.673321520900001
0.705088848000002
0.721283310000000
0.726238942000000
0.730629028000000
0.666529270000001
0.722653349000000
0.672357910000000
0.755236430000001
0.716647245000000
0.639057185000000
0.418418029650000
0.660686915000001
0.410290845000000
0.611841433650000
0.673944088699999
0.728931890500000
0.677142859149999
0.704926692000000
0.702509512209999
0.701663947629999
0.036806680000000
0.029151307500000
0.034941899500000
0.030465574500000
0.038094587000000
0.042060201000000
0.040557485500000
0.039263045500000
0.036470577000000
0.040668721500000
0.042581276000000
0.037988346000000
0.035118941500000
0.037839915500000
0.034346861000000
0.036500077000000
0.486044700000001
0.637028000499999
0.084197939950000
0.087767522300000
0.056254624550000
0.050316550750000
0.051636195150000
0.051757492750000
0.059243242500000
0.052347239000000
0.051931861000000
0.053506747000000
0.053737325250000
0.053320468050000
0.056675429000000
0.049802480700000
0.627199503999999
0.145090860550000
0.151385230800000
0.055265957400000
0.056122645450000
0.054307464250000
0.048972161650000
0.077348465400000
0.076646450800000
0.049247328650000
0.049505407650000
0.053681270000000
0.049764671000000
0.049673708800000
0.049639269700000
0.053682893100000
0.049587014000000
0.076520506100000
0.075594053950000
0.049646147400000
0.049475611950000
0.049777989750000
0.045793774200000
0.130774656600000
0.142420038450000
0.049601175050000
0.049230013000000
0.047924607100000
0.042698860550000
0.068120813000000
0.066301156800000
0.050032740950000
0.050131561400000
0.048889431900000
0.044068769850000
0.130614271700000
0.122181917700000
0.065507975100000
0.066293128700000
0.158336137250000
0.141806334900000
0.057872036100000
0.055353621850000
0.055428383850000
0.049117522500000
0.074864761000000
0.077643822400000
0.049325292000000
0.048712434000000
0.041913927500000
0.044657484000000
0.050940692500000
0.050685441000000
0.061465388000000
0.053650320500000
0.065720105000000
0.107907522000000
0.049113995000000
0.062095436000000
0.036244725000000
0.046807646000000
0.065730303000000
0.108100737000000
0.041588298000000
0.047963088000000
0.047929921000000
0.044202471000000
0.061311068000000
0.050426667500000
0.050395911000000
0.053713133500000
0.036233286000000
0.048984422500000
0.062448783000000
0.046530888000000
0.065023336500000
0.106231528500000
0.041415630500000
0.047807756500000
0.047758379000000
0.044162788000000
0.060437129000000
0.050197874500000
0.050076632000000
0.053196950000000
0.035975335500000
0.048704635500000
0.061537753000000
0.046120662000000
0.127122184485000
0.136054589560000
0.050086558748300
0.051475910760000
0.050597747026750
0.044787763948600
0.067565477710000
0.066897380645000
0.052923792300000
0.055054401500000
0.053937438400000
0.047591826450000
0.149392877550000
0.142490127600000
0.073996470000000
0.074589164400000
0.109378245000000
0.098419214500000
0.063184962000000
0.051329302000000
0.048988750000000
0.056336197000000
0.051926155000000
0.041725099000000
0.027845202500000
0.042214175000000
0.062393559000000
0.050809975000000
0.050930672500000
0.051044678500000
0.325318626100000
0.355850702350000
0.040354347000000
0.052084240000000
0.042713222500000
0.042425099000000
0.088318985000000
0.093105410000000
0.043079161000000
0.053018516000000
0.049224639000000
0.045282372500000
0.054992489000000
0.052217546500000
0.045701604000000
0.046153184000000
0.050027560500000
0.035965304000000
0.061536873650000
0.046983048000000
0.245638830150000
0.102483747700000
0.064315042500000
0.027841244000000
0.042445634500000
0.051808042000000
0.042873322500000
0.050957226500000
0.054741787000000
0.064433846000000
0.058968389500000
0.097570516000000
0.107661924000000
0.052331464500000
0.063166232000000
0.051435251000000
0.051350490500000
0.657907599999999
0.041790385500000
0.039160848500000
0.039510807000000
0.033557940500000
0.102174559000000
0.184975265999999
0.039641924000000
0.099470087000000
0.040366753000000
0.049162775250000
0.057710108500000
0.052851447450000
0.046390980250000
0.185247724800000
0.142639717650000
0.074636166750000
0.080018697250000
0.653232685000000
0.132956155200000
0.246985885900000
0.224737297600000
0.337591145000000
0.331149030000000
0.038022108500000
0.039746179500000
0.038744128180000
0.036383601200000
0.039804092850000
0.038414602000000
0.041415138600000
0.035492546400000
0.040063026645000
0.042421206670000
0.044212238370000
0.041160872185000
0.043772142900000
0.040704620650000
0.039980729445000
0.040367571250000
0.047577224200000
0.049753304900000
0.049519803000000
0.043254929300000
0.135881961050000
0.132267771600000
0.067235137600000
0.068262700600000
0.674020060000000
0.367318429950001
0.038768866473500
0.038056485195000
0.037526939180000
0.036322636288000
0.037094570640000
0.040416406445000
0.038535619815000
0.036851982510000
0.037938229095000
0.039350271755000
0.040420447890000
0.037272518945000
0.036586639890000
0.037493663435000
0.035607956305000
0.038064519335000
0.061309506500000
0.060933006600000
0.220753247900000
0.056039385800000
0.055802602300000
0.101452617100000
0.032152872500000
0.073085977000000
0.038468359000000
0.048249300500000
0.142863942500000
0.065509705000000
0.038385872000000
0.044049704000000
0.042487410500000
0.041769440500000
0.055423855000000
0.039343317000000
0.039687028500000
0.038078961000000
0.625430599999999
0.044324778250000
0.049696904900000
0.055749187900000
0.046672742050000
0.051109629600000
0.050073349050000
0.057876432350000
0.052079659200000
0.101251947550000
0.096013553200000
0.052345627400000
0.056177546400000
0.058216140150000
0.051423817700000
0.039393880200000
0.034673521150000
0.040385726600000
0.036831662950000
0.038409488050000
0.053956614400000
0.044012175450000
0.044047833700000
0.042366781600000
0.042943842450000
0.044048780550000
0.042400499400000
0.036439250650000
0.041818264850000
0.040011311800000
0.040305945950000
0.655591194999999
0.037542045000000
0.031956066500000
0.039299894000000
0.032615416000000
0.031356378000000
0.035046463500000
0.037528056000000
0.031062202000000
0.040946755500000
0.039075316500000
0.043018120000000
0.038716854500000
0.028335216500000
0.035743572000000
0.036683577000000
0.036568945000000
0.061088664300000
0.063925877800000
0.069220792600000
0.055270619400000
0.171416826500000
0.213751147500000
0.093357058200000
0.088505032700000
0.041061602776000
0.043674285310000
0.041807649520000
0.041273882140000
0.047052866090000
0.049980266720000
0.051914628345000
0.049097029710000
0.038493848980000
0.046662183615000
0.061661068595000
0.037558970645000
0.045190458855000
0.049971357795000
0.041610193130000
0.044833510755000
0.710790505000001
0.773615360000000
0.724103890000002
0.711260303999998
0.709261921499998
0.715111901999999
0.709460295999998
0.716683841999998
0.632755202000000
0.712023130499998
0.079649954850000
0.078284334600000
0.053608874200000
0.047387671250000
0.048869049300000
0.049147709050000
0.054350861750000
0.049565408700000
0.049602859000000
0.050114976150000
0.050817323800000
0.049972007700000
0.050778437000000
0.046537469100000
0.708619066500000
0.676640160000000
0.655114850000000
0.661470105000001
0.656232335000001
0.105399071000000
0.059207512500000
0.058554256500000
0.063148677500000
0.055484691000000
0.050952283500000
0.050669557000000
0.052323441000000
0.047365729000000
0.048166279000000
0.044888689500000
0.047030773000000
0.059227669500000
0.051437543000000
0.051785101500000
0.053047042500000
0.711946080000000
0.664266390000000
0.617714410000000
0.113753940000000
0.179461335000000
0.189609165000000
0.147674660000000
0.555923660000000
0.190976460000000
0.104536380000000
0.144933990000000
0.150665515000000
0.666924545000000
0.637652833999998
0.557009439999999
0.653596975000000
0.670742891000001
0.645676069500000
0.649094630500001
0.675053290000001
0.515029140049999
0.710063564499999
0.635077683500001
0.681742370000000
0.647751415999999
0.703972360000001
0.599855064600000
0.840741649999998
0.707999454500000
0.698636840000000
0.683350870000001
0.713480749000002
0.714281745999997
0.730243905500001
0.703305249999999
0.661543335000000
0.561742619999999
0.040007370000000
0.041463865300000
0.042325810500000
0.037252650500000
0.040130436150000
0.038397051450000
0.040955524300000
0.040266418000000
0.043711671950000
0.041839681350000
0.044802980000000
0.040199731800000
0.041305700000000
0.041938875650000
0.046979250600000
0.041697852300000
0.061148175000000
0.059910421500000
0.070701287750000
0.072848621000000
0.248184795000000
0.112407232500000
0.087536278500000
0.096138204100000
0.057199302300000
0.050267910800000
0.050581681150000
0.052331989850000
0.056450678500000
0.049646613150000
0.046938649900000
0.050268878000000
0.055696704000000
0.053150123250000
0.059463298300000
0.050194880100000
0.126796122000000
0.126264954600000
0.049429795150000
0.049315089900000
0.049571364100000
0.043813981050000
0.065643300550000
0.065693044450000
0.630969135000001
0.632043150000000
0.668714995000000
0.281599509000000
0.285391841300000
0.709750259000001
0.667314135000000
0.723341878200000
0.628602542500001
0.648906924000001
0.705344741450000
0.651797388999999
0.657056680999999
0.656731878500001
0.720514728000001
0.659073467999999
0.689674992000001
0.697688207999999
0.650499274999999
0.762809639000000
0.668066291000001
0.750327906499999
0.828679173000000
0.032767861000000
0.031084977500000
0.038466150000000
0.029565131500000
0.032213450000000
0.036653943000000
0.040671800500000
0.033162819000000
0.039558601000000
0.039862628000000
0.059082012500000
0.036737855000000
0.029022298500000
0.039500727000000
0.037862409000000
0.036819801000000
0.128592925950000
0.132231887700000
0.047458877550000
0.048100535200000
0.045070892300000
0.041650084550000
0.065487088500000
0.065797600650000
0.051849070440000
0.057313938647500
0.061071598800000
0.049004942550000
0.162415681761500
0.195706765345000
0.084793418450000
0.081806002818500
0.786341678760000
0.052014539000000
0.037900572000000
0.064900488500000
0.048159157000000
0.279069604000000
0.110934538000000
0.067177513500000
0.498730782000000
0.404244888099999
0.062649070500000
0.106729028999999
0.040035726000000
0.047316041000000
0.048471802000000
0.043909907000000
0.062718922000000
0.052155408500000
0.052922294000000
0.056409465500000
0.035569394000000
0.050297967500000
0.063700754000000
0.046122992500000
0.046160214500000
0.033603321000000
0.052781169000000
0.042991086500000
0.203892596000000
0.092562549000000
0.060163003000000
0.040216832500000
0.027165440500000
0.046453345000000
0.035458553000000
0.185011956500001
0.072889090000000
0.044783236000000
0.786283028500000
0.051513921000000
0.081066327000000
0.034486376600000
0.042564164100000
0.042534042600000
0.038002397100000
0.048715100000000
0.044297219500000
0.043404573500000
0.044644900000000
0.029096465100000
0.041522203600000
0.047607051500000
0.038152607100000
0.041208316600000
0.028831354800000
0.046204360400000
0.037841001200000
0.173595081569999
0.078686256650000
0.051069610600000
0.042841303200000
0.027001475100000
0.048537018800000
0.036387298100000
0.178823444230000
0.070242104270000
0.042522277300000
0.759094044000000
0.097720431250001
0.097455809400000
0.065013942500000
0.056392700000000
0.056476426000000
0.061380575000000
0.056349228650000
0.053705044300000
0.048366931200000
0.053074038249999
0.063557042250000
0.059428779400000
0.060919719800000
0.053938815150000
0.631878263000000
0.206534850000000
0.196426627000000
0.065369532500000
0.063908320000000
0.057893099000000
0.051933189500000
0.090237017500000
0.092621527500000
0.820642650000000
0.048276530000000
0.034999098000000
0.061193562000000
0.045401950000000
0.266169381000000
0.104386409000000
0.062579454000000
0.464590857200000
0.048669555935000
0.052408629690000
0.053223313285000
0.045932178705000
0.145949123600000
0.151540425460000
0.076027538960000
0.075922745020000
0.736946576440000
0.130088771850000
0.138692448000000
0.048572604050000
0.049651423100000
0.046568566350000
0.042903193050000
0.068218607550000
0.067534464750000
0.905221504000000
0.754252652799999
0.048869330000000
0.036110423000000
0.061961730500000
0.046396040000000
0.268944744500000
0.106439701000000
0.065349046000000
0.046434767350000
0.048110219000000
0.047780059800000
0.042264740500000
0.128503819100000
0.127439558800000
0.065580590550000
0.065570083500000
0.751241882000000
0.100933722750000
0.113717867850000
0.063284384400000
0.054185820450000
0.055486409000000
0.057550298000000
0.065782118200000
0.055478213700000
0.053296234050000
0.057988583500000
0.063074147850000
0.059966098500000
0.069934118750000
0.056886913350000
0.049193428000000
0.051030299700000
0.050040306400000
0.044479887200000
0.137036397900000
0.131809220500000
0.068910594000000
0.069227554050000
0.045641511300000
0.046089371100000
0.052500107350000
0.046374312300000
0.046153022350000
0.045835427300000
0.052162871000000
0.046339731750000
0.078801160050000
0.078496465000000
0.046543860300000
0.048839529000000
0.049119273750000
0.044977126500000
0.082907723200000
0.084594464400000
0.055910285850000
0.050450986300000
0.051911921750000
0.051381400850000
0.058868643500000
0.052859219500000
0.053196453150000
0.054038339500000
0.052739512500000
0.052937952250000
0.054553960950000
0.049280155450000
0.146488927350000
0.052452445450000
0.050611270900000
0.049751804500000
0.044342975200000
0.124462999100000
0.067800334050000
0.065147687100000
0.610851278800000
0.031305294100000
0.064665828350000
0.041338196150000
0.027374086300000
0.038343885500000
0.038879998300000
0.029613158300000
0.122700943850000
0.023517629300000
0.048828704650000
0.031064747450000
0.046267077050000
0.047380072500000
0.052844872800000
0.047170125050000
0.048043475100000
0.048183235600000
0.054194589600000
0.048580341700000
0.079786791250000
0.079942408100000
0.048119811300000
0.050408760400000
0.049696525500000
0.046043861300000
0.710426214999998
0.772550719999999
0.722730240000000
0.712084945000000
0.712926195000002
0.714592060000000
0.721861879500001
0.715171082000000
0.712925791000001
0.661793499999998
0.716596041999999
0.657914270000000
0.655296994999998
0.047313999950000
0.047484171100000
0.053763652900000
0.048218895700000
0.047213206150000
0.046535251900000
0.053388430500000
0.047753479050000
0.079858844750000
0.080642820600000
0.048212743700000
0.050407460950000
0.050618576550000
0.046076750500000
0.652290099999999
0.721796855200001
0.635627604999998
0.666564570000000
0.641453974999999
0.737148566400000
0.221090425000000
0.035927820000000
0.082877835000000
0.045468200000000
0.093698130000000
0.073120865000000
0.147033045000000
0.657797885000000
0.132321231500000
0.136956147400000
0.049838581900000
0.050759124900000
0.048572242600000
0.043938606300000
0.068337781500000
0.068528147700000
0.130821239999999
0.366759699999999
0.130799694999999
0.638998367000000
0.557600823600000
0.672093192600001
0.667750248649999
0.696253376450001
0.711129186549999
0.673309420000000
0.731263772999999
0.715955287500000
0.662371418450000
0.679792374999999
0.674724869000001
0.702174520000000
0.999024069500001
0.839254720000000
0.722361775000001
0.697384610000001
0.680528745000001
0.711186770000001
0.713370645000000
0.725234960000001
0.702625410000000
0.660406419999998
0.560872839999999
0.084431143200000
0.084508814000000
0.057171977200000
0.050318780800000
0.049994328500000
0.051367695700000
0.055187410100000
0.049172027550000
0.047914122000000
0.049504380600000
0.053758630400000
0.050683190250000
0.052593398300000
0.048332785200000
0.054392845800000
0.064703389800000
0.049426711800000
0.049775376900000
0.228517347450000
0.120474453475000
0.080064983925000
0.073895937900000
0.092183296900000
0.054647210100000
0.058539400050000
0.069931406300000
0.060888889350000
0.059505004500000
0.057658557900000
0.072298628050000
0.063424150000000
0.131045201950000
0.128917257900000
0.064311982050000
0.073241332450000
0.073443117650000
0.064340653850000
0.551994065400000
0.566246415850000
0.624397310050000
0.734614820000001
0.518264744250000
0.745411067000000
0.656753050000000
0.699937052049999
0.712806551999999
0.692182742300001
0.678837533049999
0.670849544399999
0.753447570000001
0.665495293550000
0.685942730790001
0.691922225880001
0.699530257600001
0.756286065680001
0.656955063750001
0.747499930400001
0.819865924320001
0.088944561000000
0.143325981000000
0.160961699600000
0.049688285500000
0.055051025500000
0.052225557000000
0.047621093000000
0.081076876000000
0.073258026000000
0.678614500000000
0.132818507200000
0.127312141500000
0.051036862950000
0.049994375850000
0.050534704400000
0.044491702350000
0.066473585550000
0.066828436400000
0.664160730000000
0.304459590000001
0.297567490000000
0.049453594400000
0.072331879400000
0.034557630650000
0.043036867500000
0.042426205950000
0.037286886750000
0.049706634950000
0.044673521000000
0.045985926400000
0.045236235250000
0.027967021850000
0.039957994300000
0.043544057300000
0.037423344700000
0.042573680000000
0.029291776300000
0.050978436200000
0.039417098000000
0.196921498499999
0.082040334500000
0.051143211000000
0.617222907000000
0.139115727000000
0.131950261750000
0.052599234900000
0.051620425400000
0.051537066150000
0.045546486450000
0.068543763300000
0.070236738900000
0.116500650800000
0.435364150000000
0.255287392550000
0.128352148450000
0.127447570300000
0.050042329400000
0.049853648750000
0.050151071500000
0.044256993700000
0.066202853050000
0.066346295950000
0.058821974150000
0.057083631500000
0.071904825500000
0.078045584700000
0.233179010850000
0.108290059200000
0.125478926350000
0.124464643750000
0.048875774800000
0.048721433450000
0.049011378000000
0.043362675700000
0.064885596650000
0.065018625200000
0.624784698000000
0.076840959100000
0.076973106500000
0.053304768100000
0.048624445850000
0.049198733050000
0.048984226600000
0.053485923450000
0.049261875350000
0.048793444500000
0.049150346250000
0.049585154000000
0.049327147250000
0.049685917800000
0.045956423250000
0.296595623600000
0.314306656900000
0.049796923874950
0.049822081110000
0.054458309745150
0.050025470166250
0.049462625520000
0.048707886660000
0.053510590460000
0.049152336030000
0.077684279445000
0.077411661380000
0.049769350430000
0.049880694385000
0.050447478750000
0.046361554350000
0.511460733149999
0.127273475100000
0.602340676800000
0.307502659200000
0.498900018875000
0.291459420435000
0.281728888965000
0.086530345840000
0.085898994605000
0.059525665600000
0.053081483445000
0.053045586590000
0.053891295990000
0.056868697010000
0.052150654200000
0.050636504112500
0.051899158775000
0.055402223915000
0.053278202280000
0.053945767990000
0.050189246975000
0.600884518920000
0.091389787050000
0.091322517600000
0.059846158400000
0.052205649800000
0.053503058350000
0.053993172450000
0.060773359700000
0.053948511700000
0.053413857900000
0.054789492300000
0.057011995800000
0.054921714350000
0.057404014400000
0.052135398550000
0.823306786800000
1.102080039400000
0.538486425000001
0.785140515700001
0.718050320999999
0.858281965700000
0.085893923850000
0.085762623150000
0.055973692480000
0.047222956430000
0.047496990275000
0.048432304825000
0.054122243900000
0.047021754950000
0.045989618200000
0.047327559850000
0.052727861550000
0.048249240650000
0.051683183750000
0.047518472650000
0.735098048000000
0.047812952300000
0.048021904035000
0.058667048663500
0.050376332463000
0.047952084759000
0.047376903340000
0.057218392770000
0.049132985370000
0.093125781678500
0.091611187735000
0.049928009925000
0.055024387645000
0.056482307732500
0.049810558194000
0.836265067500000
0.047559813900000
0.050027225100000
0.061840863200000
0.051758566200000
0.050502232565000
0.048922022965000
0.063613411730000
0.053294403855000
0.114830175000000
0.117450878300000
0.053791925050000
0.063832252870000
0.062497989200000
0.056448427450000
0.721258940799999
0.044003026200000
0.044573239000000
0.051615474100000
0.045062726200000
0.045107930000000
0.045646924500000
0.054323556000000
0.046999845500000
0.079616592150000
0.082583729200000
0.045955941750000
0.050982732800000
0.049159560450000
0.045273732300000
0.297535040000000
0.349255863000000
0.081212122600000
0.081808577400000
0.053906679650000
0.046420827350000
0.046414371250000
0.047333102050000
0.052254591550000
0.045680734200000
0.044460643850000
0.045892997850000
0.050648692550000
0.046960870750000
0.049761705300000
0.045808549600000
0.643407775000000
0.626325429200000
0.082755757200000
0.083594335700000
0.053888466300000
0.046567732400000
0.047290284600000
0.047908232000000
0.054615659250000
0.047416745700000
0.046790583750000
0.048113622000000
0.051305809200000
0.048399687700000
0.051583216900000
0.046861251500000
0.655332460000000
0.722737700000001
0.489938169650000
0.645354119550000
0.096745886300000
0.094230568600000
0.064819607200000
0.055720528950000
0.054753690150000
0.058380400650000
0.060286777450000
0.053318045150000
0.051477471700000
0.054172514450000
0.061754283800000
0.056444655600000
0.058660908250000
0.053659872000000
0.093940426800000
0.383976109350000
0.224717342399999
0.034553782252000
0.035729691690000
0.029560654203000
0.030519880770000
0.037741827679500
0.038436861210500
0.039403332060000
0.039912557410500
0.036598484920000
0.062551748895000
0.060524065880000
0.037147746255000
0.042432285900000
0.035585587680000
0.040055667780000
0.686009975750000
0.045406800120000
0.040486508740000
0.249737851250000
0.081650022500000
0.675724330050000
0.048061257100000
0.044668750250000
0.043634472800000
0.042107522950000
0.042694725100000
0.043248343750000
0.041991675050000
0.037642217050000
0.042101001400000
0.041241586750000
0.039069620600000
0.041873366500000
0.047719389800000
0.042192375400000
0.043604376000000
0.042645928800000
0.491146510815000
0.148400235500000
0.089877287500000
0.062575170500000
0.048343619000000
0.038527592500000
0.050433288000000
0.038980575500000
0.058951256000000
0.068133587000000
0.670793670000000
0.807863510000000
0.733449452000003
0.690084780000000
0.710994166000000
0.709613424000000
0.715278166000001
0.714130338500001
0.668310580000000
0.662359595000000
0.355588922250001
0.303913480500000
0.647817815499999
0.660684780000000
0.677417150000000
0.666689710000001
0.357904021250000
0.374928177500000
0.676420047500001
0.660098840000001
0.680367800000001
0.496574741099999
0.641916250000000
0.655176997500001
0.782191834050001
0.661341715000000
0.721506077650000
0.646273379000000
0.649681593999998
0.708126522000001
0.678125199500000
0.709887375500000
0.683200951000000
0.672866137000000
0.721929535000001
0.650651345000000
0.719456750999999
0.651309022999999
0.715482906499999
0.712140492000000
0.730977902500001
0.795839403000001
0.702825066999999
0.675361333000000
0.287070415000000
0.288291981700000
0.455222161500000
0.711793328000001
0.663902440000000
0.513990419000000
0.641555709000000
0.701630043000000
0.643718738000001
0.703835731000001
0.798520622250001
0.638078789000001
0.649380524500000
0.651240799999999
0.646286843999999
0.691147867000001
0.653478874999999
0.634242921999999
0.687758012000000
0.649408406500000
0.790036698999999
0.648366802000000
0.416874140500001
0.299621884000000
0.548079192200001
0.849962125000000
0.654851169000000
0.711698032000000
0.803783800000000
0.607180731000000
0.576759996000000
0.612804573400000
0.766612958000000
0.725396201000000
0.400437823730001
0.735817015425000
0.829197370500000
0.614577585499999
0.523510215000000
0.539903388000000
0.725106211000001
0.689251750800000
0.451596900099999
0.394342200930000
0.734449338000001
0.718806958000000
0.553288427200000
0.686967357000001
0.570001164600000
0.555529913300000
0.750960665299999
0.275104916500000
0.286501725000000
0.902569541550000
0.279032325600000
0.241784489100000
0.092915299200000
0.336281481100000
0.145860813400000
0.805424560000001
0.729597190000001
0.687388209999999
0.710161095999998
0.714295153499999
0.712278284000000
0.710038095999999
0.667114710000001
0.712030271999998
0.661330215000000
0.657710234999999
0.656135990000000
0.609182680750000
0.665251669999998
0.662165540000001
0.701511509799999
0.070750440000000
0.104920785000000
0.199343670000000
0.246274900000000
0.184489950000001
0.662431460000000
0.657250215000000
0.684992770000001
0.903936237800001
0.526148590000001
0.653786411350000
0.781382937999999
0.659173911600001
0.739743301000000
0.713261331750001
0.763842441000000
0.732865239000000
0.674800300000000
0.719536160000001
0.679074685000001
0.669169209999999
0.667573425000000
0.647871450000001
0.849640813500000
0.648400490000001
0.707910400000000
0.708144431500000
0.727941970000000
0.792961374999999
0.692273895000000
0.689656731099999
0.401481534250000
0.504333550800000
0.678409148750000
0.720776842500001
0.672733324999999
1.002703641150000
0.736302984849999
0.762675560999999
0.820200795000001
0.804398262450000
0.726456411550002
0.702700655199998
0.697598134200001
0.749440768999999
0.678121645399999
0.617733196650000
0.675263832089999
0.744391830000002
0.775885604580000
0.614819565900000
0.515486521550000
0.686552455000001
0.664757739999999
0.731356899999999
0.608279264100001
0.629315661000000
0.674949602500000
0.522588073050000
0.677287799000000
0.619735500000000
0.649908250200000
0.718794584600000
0.286225112100000
0.286690522000000
0.747595112400000
0.840267786750001
0.282365249850000
0.284071811850000
0.832627892220001
0.276371527225000
0.277579552835000
1.050459186000000
0.546924955875000
0.128487470600000
0.455260884300000
0.279813398800000
0.377859360300000
0.367300231800000
0.736665030050000
0.339443438400000
0.348224689600000
0.602144020400000
0.316141131600000
0.320285881800000
1.029953960750000
0.300695554400000
0.300077569700000
0.326691442400000
0.314343942700000
0.830212392250000
0.837131790050000
0.401280678540000
0.397679429600000
0.954118502600000
0.565757345150000
0.988242499200001
0.728221975500000
0.342770775800000
0.425417940800000
0.305078633900000
0.304027145150000
0.937222417999999
0.839389225499999
0.774671234000000
0.361821355350000
0.364930052950000
0.991417811800000
0.307936007300000
0.320530923850000
0.314601976600000
0.314708205850000
0.659353204999999
0.350975204900000
0.344173360950000
0.477102053500001
0.400343800250000
0.535733018950000
0.657093729999999
1.062064662800001
0.066361803450000
0.064500472150000
0.079114497800000
0.082530247450000
0.284569077400000
0.124600653200000
0.933505175750001
0.095804503600000
0.317140922950000
0.181810937400000
0.154404733000000
0.084701907000000
0.067906800000000
0.238707447500000
0.148292627000000
0.651001040000000
0.583110183000000
0.466066034999999
0.558719586500001
0.815656782500000
0.798613527499999
0.683047854000000
0.687643507500000
0.709310688500001
0.638546551500000
0.771612206999999
0.739891700450000
0.690886308000000
0.661351079999999
0.596906484000000
0.705517890000000
0.678799065000000
0.717887610000000
0.596651186000000
0.592648291500001
0.490729550000000
0.750139335000001
0.649596506000000
0.637795459649999
0.635274173250000
0.648426025000001
0.778841178400001
0.644583523000001
0.693346442500000
0.705907493000000
0.701921557500000
0.648369335500001
0.714072212500001
0.688053670000000
0.712159110000000
0.687821589000000
0.709294215999999
0.653452607499999
0.725672137500000
0.637638900500000
0.643471277499999
0.635979614500000
0.811326821250000
0.748446031999999
0.625082904000000
0.634039632500000
0.657487530000000
0.641981276000000
0.674170439500000
0.624067380000001
0.636307935800000
0.650309742000001
0.646182436499999
0.735022457100000
0.643095726000000
0.646832819000000
0.649589302500000
0.539865221000000
0.629364357750001
0.615999965700000
0.649975763700001
0.864558410000000
0.727922458600000
0.731602228800000
0.921623562800000
0.684732067499999
0.795139052900000
0.973010145000000
0.768073325000000
1.117313227900001
0.802052029500001
1.081803592900001
0.905923173399999
0.815890118990000
0.742887246500000
1.008526373400000
0.721964692249999
0.703770548000000
0.765896775649999
1.095417915900000
0.749285390699999
0.900065644000000
1.069382377000000
0.423948687500000
0.578017412600000
0.914971755800001
0.828640107600000
0.555335354999999
0.809556500000001
0.789173290000001
0.677673100000001
0.682269949999999
0.716662419999998
0.785757239800000
0.762072415000001
0.711701093500000
0.658924000000001
1.213802393300000
0.669810175000000
0.663301905000001
0.701865969000001
0.961315965950000
0.658202080000002
0.680567100000000
0.714519750000000
0.561250575000000
0.654340744999999
0.629682606000000
0.630610174500001
0.621129324000000
0.844445721500001
0.775866085999999
0.716289506999998
0.723041375999998
0.693492149999999
0.682881575000000
0.653637505000001
0.672551510000000
0.702212383500002
0.687434650000000
0.701432576000001
0.648633970000000
0.703340384500001
0.632479264999999
0.632878994999999
0.628657523500000
0.648007593600000
0.657561078050000
0.768190740000000
0.842995335400000
0.653532800000000
0.804675521249999
0.737385593999999
0.794954660200000
0.817488955500001
0.776639642000001
0.756395433500000
0.587342805999999
0.867422332499999
0.719791091099999
0.657481132550000
0.511072030200001
0.838823289000000
0.585647245500001
0.627950257499999
0.583074468000000
0.700198197000000
0.852825169999998
0.764691317000000
0.642553733249999
0.696199702399999
0.648070398000000
0.779433653750000
0.791642012250000
0.681553408719999
0.808494532500001
0.732190693905000
0.800731633500000
0.823509342000001
0.958059917350000
0.789605468585000
0.889854846450000
0.712842099600000
0.574474383560000
0.692053728910000
0.881628765650000
0.657778880300000
1.045723223249999
0.538843826500001
0.794397570160000
0.785161720999999
0.668629304745001
0.761699337585000
0.537529328800001
0.796284915500000
0.999425998000001
0.624463383500000
0.756363327000001
0.925791515800000
0.797585552500000
0.613246628300000
0.654238650199999
0.907406372150000
0.662633930000001
1.047223868999999
0.787009008000000
0.964894576000001
1.176990087300000
0.763914887250000
0.108432052800000
0.375920066550000
0.219740661000000
0.585712165000000
0.642369937300000
0.686459384000000
0.319565957499999
0.333576360000000
0.682936499999999
0.597548271500000
0.660439125000000
0.938520516999999
0.517944474000000
0.711043443999998
0.705745026000001
0.697320905000000
0.705835675000000
0.666225951500000
0.772931577000000
0.873029078000000
0.660385102950001
0.646885457000001
0.647437911000000
0.668942253000000
0.739969163000001
0.879232551999999
0.728416864999999
0.674422218000000
0.635764716000000
0.546681016000000
0.650558839250000
0.648007129000001
0.643095854750000
0.719912841000000
0.801189238499998
0.646826449499999
0.646479348599999
0.637114975500000
0.715579636000001
0.562131151999999
0.752871456000001
0.838404764949999
0.605283843799999
0.809138546300000
0.629347003700000
0.659925377500000
0.772308052500001
0.621979290649999
0.622738479000000
0.634559193000001
0.659629402350000
0.612765701999998
0.785797650850000
0.639961321349999
0.615442303800000
0.597322011250001
0.638095609899999
1.009112323000000
0.839073753000000
0.867856578500001
0.549158685450001
0.916375704499999
0.483616019150000
0.977743945300000
0.755805989750000
0.496517116300000
0.585116479500000
0.598468365150001
0.339946927800000
0.598071400700001
0.572468289250000
0.700176119999998
0.683511185500000
0.716018946000000
0.672222184500000
0.662381920000001
0.911635970500000
0.644574750000000
0.810932925000001
0.654520830000000
0.645321129999998
1.111773003300000
0.653201080000002
0.693578479999999
1.072709984500001
1.071790099000001
0.640581830000000
0.732294953000001
0.804649289999999
0.837760768000000
0.694785069000001
0.709541898000001
0.782361109999998
0.708422910000002
0.697644367500001
0.630880250000001
0.872317324999999
0.548653229999999
0.650905535000000
0.759231263000000
1.098161265500001
0.884442538500000
0.646741014999999
0.631253609999999
0.877781697500001
0.701573805000000
1.013460801000000
0.771346197499999
0.623356060000000
0.768919834500000
0.631895339500000
0.668793661500000
0.780813972000000
0.673997381999999
0.702018881000000
0.756108021000000
0.770068835500000
0.612972761999999
0.764452590499999
0.771597035500000
0.490554551000000
0.845339848950000
0.594274503499999
0.936597901724999
0.582746892700000
0.645763553600000
0.486955951950000
0.671405778369999
0.512767723099999
0.691212321450000
0.657398238990001
0.502174098700000
0.665308815050001
0.588499751000000
0.927736452999999
0.529557049450000
0.672217053200001
0.788016405000001
0.722976722750000
0.674225922500000
0.728391215000001
1.110759771100000
0.539710833500001
1.168444094149999
0.821257167500000
0.648006445000001
0.705920220000001
0.611953532000000
0.798163359119999
0.675979201199999
0.678736047915000
0.695627654999999
1.062784873999999
1.093684166999999
0.627314249999999
0.940333402000001
0.636942947000001
0.675231635100000
0.778926190000000
0.644684462500000
0.641360485999999
0.780717520500001
0.751333147499999
0.718154983000001
0.667436589499999
0.648830788649999
0.748459966000000
0.660460928499999
0.605801016999998
0.882040800999999
0.807374646500000
0.756734348500000
0.666730798000000
0.774055121400001
0.725899413049999
0.729607623000000
0.647312234550000
0.726852971000000
0.642260086500001
0.787653529000000
0.725881489999999
0.656085653500000
0.662864529500000
0.788107411000000
0.827413207000000
0.834377597000000
0.655381334500001
0.649617449150000
0.852336176000001
0.735010734000000
0.637182559050000
0.615969383800000
0.651427087000001
0.729107283250000
0.599439242750000
0.725954806349999
0.646044395799999
0.608877783000001
0.519199466250001
0.690365348000001
0.919568776499999
1.046220551000000
0.934259185500002
0.591403293180000
0.721429179499999
0.634094020000000
0.622140030000001
0.756688864999999
0.704248948499999
0.707049446000000
0.684591794499999
1.000805827999999
0.751906943500000
0.632987075000000
0.641108115000001
0.646827925000000
1.181536824499998
0.667392500000000
0.636198839999999
0.590494473000000
0.631448155000002
0.621086781000000
0.510228024000000
0.690731442000001
0.929236700000001
0.926143397999999
0.609573983000000
0.701055401000000
0.610865605000000
0.681218540999999
0.709914278000000
0.618988647500001
0.670041131999999
0.666884267999999
1.071130815999999
0.975309296000000
0.993340375000000
0.951213901000000
0.675004702999999
0.559327714500000
1.135789883000000
0.890872611999999
0.656145258000000
0.686033587999999
0.644890165500000
0.896702791000000
0.499816449500000
0.645546831000002
0.477045395999999
0.766026583000000
0.713364750000001
0.675992571000000
0.745119407000001
0.763202372500000
0.854313171500000
0.798322608500000
0.870964457149999
0.619792603500000
0.523261641000000
0.664096635649999
0.719791754000000
0.853449908400001
0.706473345999999
1.150440245500000
0.831492183200000
0.817469109400000
0.817654866000000
1.003126183600001
1.018417156900000
0.687015040000000
0.838929803400000
0.666441725000000
0.738395475000001
0.695500222000001
0.628249703999999
0.994386062000000
0.640441298500000
0.555789181000000
0.867994997499999
0.729475094000000
0.859743823499998
0.715375318000000
0.674570361499999
0.480382776000000
0.694597021000001
0.727014654000000
0.684365471000000
0.709403155499999
0.509100954000001
0.793001192500000
0.587920585000000
0.684761082000001
0.758318317500000
0.657700847000000
0.812545304500000
0.633125979700000
0.613871200500000
0.918812230500000
0.663777526800000
0.684681681600001
0.681206170399999
0.650538974950000
0.701398921500000
0.621852756600000
0.744393364400001
0.637327704000000
0.593397396999999
0.422369194150000
0.349996536600000
0.523818185000000
0.758113583999999
0.778550861999998
0.631809600000000
0.687424956000000
0.628602975000000
0.585027742500000
0.624384349999999
0.651534402399999
0.624488163500001
0.633187545000000
0.700841295000000
0.674530807999999
0.729656607000002
0.714215852500001
0.677476480500001
0.615752158000000
0.798209226500000
0.598480909999999
0.606957616500001
1.033573008000000
0.608953150000000
0.600231510000001
0.942068338000001
1.021066684000000
0.661987506999999
0.752876179000002
0.669996179999999
0.588203105499999
0.669468891500000
0.746861233000000
0.794112084000000
0.784647159500000
0.754388969000000
0.898380192500000
0.628526851500000
0.652426176350000
0.713656908450000
0.916111601549999
0.710559814000000
0.879806400000001
0.640626926500000
0.632721235000000
0.630784211999999
0.649800985000000
0.834969548500000
0.699269205000000
0.769066281149999
0.866367254000001
0.738891403350000
0.373775847499999
0.902454423000001
0.675726343500000
0.649766229500001
0.781788279499999
0.633842383000000
0.660564673000000
0.573051429499999
0.687350076000000
0.663645072000001
0.664801916500000
0.584193288000000
0.792020082999999
0.543805110499999
0.671462774499999
0.762137679000001
0.577983984500001
0.613042035000000
0.709573221000000
0.611885610999999
0.631870471500001
0.570827437500000
0.592240593000000
0.616634103500001
0.617772740500000
0.659429722499999
1.142832122500000
0.551377470000000
0.710115815500000
0.770123335500000
0.651353431500000
0.599467675500000
0.528126764500000
0.597277515000000
0.556868298999999
0.698550401000000
0.769906335000001
0.812927671999999
0.506770362500000
0.644680111999999
0.573984581499999
0.336522464999999
0.790603429000000
0.754065585000001
0.663412898000000
0.592321433000000
0.662447874500001
0.556100960500001
0.346295078200001
0.383704697200000
0.601274444500000
0.499993777000000
0.551393810999999
0.775246352000002
0.620167642000001
0.617130835500000
0.689612443500000
0.608072160999999
0.698507202500000
0.667718276000000
0.752724105000001
0.491655575000000
0.584777951000000
0.563780055000000
0.555131202000000
0.491437635000000
0.812602133500001
0.463990306999999
0.676375058000001
0.744680175000001
0.586028327500001
0.588001321000000
0.497586968000000
0.531306757500000
0.571560588000001
0.591001443999999
0.456992771000000
0.486120924999999
0.492493396500000
0.474017491500000
