Curve5 44 45
-9.46175 16.7628
-8.85335 15.7291

Curve5 45 46
-8.85335 15.7291
-7.64274 15.8342

Curve5 46 47
-7.64274 15.8342
-6.56341 16.4968

Curve5 47 48
-6.56341 16.4968
-5.42049 17.0581

Curve5 48 49
-5.42049 17.0581
-4.22492 17.474

Curve5 49 50
-4.22492 17.474
-2.97327 17.7033

Curve5 50 51
-2.97327 17.7033
-1.70789 17.718

Curve5 51 52
-1.70789 17.718
-0.452874 17.5097

Curve5 52 53
-0.452874 17.5097
0.73765 17.0815

Curve5 53 54
0.73765 17.0815
1.81603 16.4084

Curve5 54 55
1.81603 16.4084
2.73856 15.5419

Curve5 55 56
2.73856 15.5419
3.54188 14.5541

Curve5 56 57
3.54188 14.5541
4.2622 13.512

Curve5 57 58
4.2622 13.512
4.94545 12.4371

Curve5 58 59
4.94545 12.4371
5.599 11.3517

Curve5 59 60
5.599 11.3517
6.24185 10.2522

Curve5 60 61
6.24185 10.2522
6.87707 9.1559

Curve5 61 62
6.87707 9.1559
7.51082 8.05111

Curve5 62 63
7.51082 8.05111
8.13217 6.94694

Curve5 63 64
8.13217 6.94694
8.74496 5.83038

Curve5 64 30
8.74496 5.83038
9.34224 4.71301

