Curve5 44 45
-9.46175 16.7628
-9.3993 16.3473
-9.18599 15.9855
-8.85335 15.7291

Curve5 45 46
-8.85335 15.7291
-8.44727 15.6134
-8.02722 15.6566
-7.64274 15.8342

Curve5 46 47
-7.64274 15.8342
-7.28907 16.065
-6.93095 16.2888
-6.56341 16.4968

Curve5 47 48
-6.56341 16.4968
-6.18741 16.694
-5.80675 16.882
-5.42049 17.0581

Curve5 48 49
-5.42049 17.0581
-5.02924 17.2171
-4.63041 17.356
-4.22492 17.474

Curve5 49 50
-4.22492 17.474
-3.81182 17.5719
-3.39431 17.6489
-2.97327 17.7033

Curve5 50 51
-2.97327 17.7033
-2.55202 17.7333
-2.12973 17.7382
-1.70789 17.718

Curve5 51 52
-1.70789 17.718
-1.28575 17.673
-0.866938 17.6034
-0.452874 17.5097

Curve5 52 53
-0.452874 17.5097
-0.0472 17.3923
0.350398 17.25
0.73765 17.0815

Curve5 53 54
0.73765 17.0815
1.1137 16.8845
1.47355 16.6593
1.81603 16.4084

Curve5 54 55
1.81603 16.4084
2.13955 16.137
2.44668 15.8471
2.73856 15.5419

Curve5 55 56
2.73856 15.5419
3.01807 15.2223
3.28527 14.8924
3.54188 14.5541

Curve5 56 57
3.54188 14.5541
3.78834 14.2112
4.02788 13.8633
4.2622 13.512

Curve5 57 58
4.2622 13.512
4.49347 13.1559
4.72111 12.7975
4.94545 12.4371

Curve5 58 59
4.94545 12.4371
5.16566 12.0767
5.38336 11.7148
5.599 11.3517

Curve5 59 60
5.599 11.3517
5.8142 10.9857
6.02834 10.6191
6.24185 10.2522

Curve5 60 61
6.24185 10.2522
6.45384 9.88688
6.66561 9.52148
6.87707 9.1559

Curve5 61 62
6.87707 9.1559
7.0891 8.78808
7.3004 8.41985
7.51082 8.05111

Curve5 62 63
7.51082 8.05111
7.71913 7.68372
7.9263 7.31569
8.13217 6.94694

Curve5 63 64
8.13217 6.94694
8.33776 6.57548
8.54201 6.20329
8.74496 5.83038

Curve5 64 30
8.74496 5.83038
8.94543 5.45866
9.14436 5.08612
9.34224 4.71301

