Curve1 2 107
9.34224 -13.287
9.24927 -12.8732
9.15455 -12.4597
9.05728 -12.0469

Curve1 107 108
9.05728 -12.0469
8.95771 -11.6346
8.85599 -11.2229
8.75209 -10.8117

Curve1 108 109
8.75209 -10.8117
8.64594 -10.401
8.53758 -9.99096
8.42703 -9.58148

Curve1 109 110
8.42703 -9.58148
8.31518 -9.17544
8.20132 -8.76995
8.08555 -8.365

Curve1 110 111
8.08555 -8.365
7.96708 -7.95775
7.8468 -7.55102
7.7248 -7.14481

Curve1 111 112
7.7248 -7.14481
7.60117 -6.73909
7.47593 -6.33387
7.34898 -5.92918

Curve1 112 113
7.34898 -5.92918
7.22018 -5.52507
7.08938 -5.12161
6.95639 -4.71886

Curve1 113 114
6.95639 -4.71886
6.82105 -4.3169
6.6832 -3.91579
6.54268 -3.5156

Curve1 114 115
6.54268 -3.5156
6.39933 -3.11642
6.25299 -2.71833
6.10352 -2.3214

Curve1 115 116
6.10352 -2.3214
5.95075 -1.92573
5.79454 -1.5314
5.63472 -1.13853

Curve1 116 117
5.63472 -1.13853
5.47093 -0.747288
5.30276 -0.35791
5.12978 0.0293539

Curve1 117 118
5.12978 0.0293539
4.95283 0.411557
4.7703 0.791126
4.58179 1.16776

Curve1 118 119
4.58179 1.16776
4.38552 1.54376
4.18237 1.91609
3.97177 2.28426

Curve1 119 120
3.97177 2.28426
3.75278 2.64749
3.5244 3.0049
3.28578 3.35556

Curve1 120 121
3.28578 3.35556
3.03619 3.6985
2.77473 4.03247
2.50038 4.35592

Curve1 121 122
2.50038 4.35592
2.21214 4.66707
1.90909 4.9638
1.59044 5.2437

Curve1 122 123
1.59044 5.2437
1.25563 5.50404
0.904436 5.7418
0.537126 5.95379

Curve1 123 124
0.537126 5.95379
0.15712 6.13528
-0.237075 6.28339
-0.643514 6.39348

Curve1 124 125
-0.643514 6.39348
-1.06167 6.46393
-1.48469 6.49347
-1.90857 6.48152

Curve1 125 126
-1.90857 6.48152
-2.32935 6.42888
-2.74395 6.3397
-3.15039 6.21859

Curve1 126 127
-3.15039 6.21859
-3.54758 6.06987
-3.93493 5.89713
-4.31183 5.70264

Curve1 127 128
-4.31183 5.70264
-4.67779 5.48824
-5.03255 5.25578
-5.37605 5.00697

Curve1 128 129
-5.37605 5.00697
-5.70836 4.7434
-6.02968 4.46655
-6.34015 4.17758

Curve1 129 130
-6.34015 4.17758
-6.63961 3.8772
-6.92781 3.56602
-7.20461 3.24465

Curve1 130 131
-7.20461 3.24465
-7.46807 2.91605
-7.71997 2.57852
-7.96003 2.23246

Curve1 131 132
-7.96003 2.23246
-8.18947 1.87575
-8.40614 1.51114
-8.61013 1.13928

Curve1 132 133
-8.61013 1.13928
-8.80231 0.76119
-8.9839 0.377902
-9.15517 -0.0101035

Curve1 133 93
-9.15517 -0.0101035
-9.30535 -0.406681
-9.41505 -0.816141
-9.46175 -1.23721

