0.909614 0.342527 0.152977  1.64637
0.916014 0.324297 0.173276  1.65786
0.902537 0.343387 0.168749  1.63328
0.907162 0.331959 0.178637  1.64156
0.898757 0.344073  0.18462  1.62864
0.902353 0.335008 0.176407  1.63113
0.910055 0.329043 0.173241  1.64572
 0.90857 0.332521 0.162702   1.6417
  0.76683  0.163035 -0.478837   1.41691
  0.76701  0.162917 -0.478864   1.41728
 0.805719   0.14029 -0.426098   1.46531
0.799186 0.140723 -0.43279  1.45514
 0.802842  0.143901 -0.432108   1.46324
 0.800296  0.125816 -0.433621   1.45494
 0.794791   0.13086 -0.441249   1.44851
 0.798768  0.130593 -0.438592   1.45553
 0.813585  0.128867 -0.413057   1.47343
 0.808508   0.11997 -0.420408   1.46456
  0.82276  0.108456 -0.394039   1.48144
  0.81489  0.123449 -0.417551   1.47761
 0.800878  0.135073 -0.437059   1.46003
 0.804904  0.127569 -0.431646   1.46413
 0.808916   0.13632 -0.427825   1.47244
 0.805216  0.131386 -0.428866    1.4641
  0.988706   0.116951 -0.0511141    1.77323
  0.988611   0.118472 -0.0449638    1.77289
  0.987773   0.122262 -0.0485017    1.77123
  0.988165   0.117162 -0.0464282    1.77166
  0.988551   0.119889 -0.0389374    1.77268
  0.988442   0.120928 -0.0332329    1.77236
  0.987681    0.12519 -0.0367101    1.77082
  0.988036   0.119386 -0.0351883    1.77119
  0.986545   0.133372 -0.0459119    1.76906
   0.98702   0.132874 -0.0399434    1.76983
  0.988101   0.118149 -0.0409575     1.7714
  0.987451   0.122846 -0.0393032    1.77002
  0.987603   0.122541 -0.0434851    1.77055
   0.98782   0.123146 -0.0424545    1.77117
0.966513 0.160609 0.193318  1.73524
 0.769342  0.162022 -0.476147   1.42047
0.766961 0.162142 -0.47916  1.41718
 0.767527   0.16326 -0.479186   1.41847
 0.76789 0.163373 -0.47937   1.4193
 0.768215  0.163213 -0.479378   1.41994
 0.768693  0.162781 -0.478228    1.4203
  0.77301  0.164935 -0.477954   1.42884
 0.771041  0.162207 -0.474964   1.42306
  0.77036  0.161285 -0.474159   1.42134
 0.772112  0.161619 -0.475228   1.42522
 0.775261  0.162832 -0.478326   1.43314
  0.77801  0.159707 -0.473811   1.43615
 0.792922  0.147931 -0.444928   1.44993
 0.787928  0.148717 -0.453354    1.4442
 0.791084  0.151623 -0.452963   1.45125
 0.766896  0.163225 -0.478776   1.41705
  0.76694  0.163285 -0.478774   1.41714
 0.767786   0.16361 -0.478812    1.4189
 0.766757  0.163387 -0.479033   1.41692
 0.766734  0.163322 -0.479282   1.41699
  0.76673  0.163119 -0.479496   1.41705
 0.766621  0.163027 -0.479579   1.41684
 0.768744  0.162309 -0.476591   1.41951
 0.766628  0.162681 -0.479664   1.41684
 0.768251  0.162994 -0.478468   1.41954
 0.76701 0.162704 -0.47885  1.41722
 0.766891  0.161987 -0.479327   1.41709
 0.766911  0.162643 -0.478947   1.41706
0.815373  0.23335 -0.43919  1.50835
 0.813929  0.228462 -0.443387   1.50644
 0.819407  0.228886 -0.441083   1.51522
  0.81667  0.230206 -0.442248   1.51189
 0.811508  0.223201 -0.448359   1.50252
 0.807215  0.217746 -0.456087   1.49644
0.815167 0.215724 -0.45234  1.50889
 0.812196   0.21869 -0.453889   1.50582
 0.824628  0.223605 -0.440275   1.52326
 0.824024  0.214007 -0.445861   1.52251
 0.835306  0.214234 -0.429722   1.53737
 0.828103  0.218263 -0.444315   1.53151
 0.814882  0.225043 -0.446993   1.50948
 0.820006  0.217674 -0.450332   1.51859
 0.821139  0.225498 -0.444145   1.51964
 0.818327  0.222656 -0.445175   1.51349
 0.733563  0.167409 -0.480377    1.3516
 0.734628  0.165898 -0.480233    1.3533
  0.73169  0.167708 -0.477874   1.34529
 0.729524  0.169131 -0.477364   1.33946
  0.73013  0.166594 -0.477869   1.34048
 0.731351  0.167663 -0.478025   1.34326
 0.732915  0.163027 -0.478848   1.34737
  0.73075  0.164162 -0.478211   1.34145
  0.73159  0.161759 -0.478457   1.34279
 0.732627  0.162805 -0.478709   1.34526
 0.732968  0.166677 -0.478304    1.3479
 0.731878  0.165239 -0.478436   1.34408
 0.733403  0.164239 -0.478902    1.3487
 0.732136  0.165261 -0.478332   1.34588
 0.794892  0.153975 -0.444265   1.45496
 0.788562  0.159609 -0.452352   1.44721
 0.790895  0.159267 -0.442365   1.44641
 0.980622   0.13691 0.0567785   1.75739
0.979981 0.150134 0.062439  1.75664
 0.980924  0.148873 0.0556538   1.75803
 0.980515  0.150189 0.0608293   1.75806
 0.980353  0.157934 0.0479818   1.75561
 0.979358  0.165292 0.0593837   1.75546
 0.979109  0.166428 0.0680959   1.75547
 0.785265  0.160269 -0.457065   1.44294
0.976257 0.186002 0.073332  1.74948
 0.779535  0.163363 -0.467997    1.4373
   0.987457     0.12532 -0.00661481     1.77015
   0.987078    0.126415 -0.00125428     1.76937
   0.986803    0.129331 -0.00522524     1.76873
   0.987021     0.12463 -0.00488589     1.76896
  0.986712   0.128093 0.00455956    1.76872
 0.986328   0.12948 0.0105151   1.76805
  0.985909   0.134842 0.00599034    1.76711
  0.986183    0.12782 0.00555982    1.76737
   0.986045    0.134871 -0.00375244     1.76691
   0.985786    0.134052 -0.00194542     1.76605
      0.9866     0.126228 -0.000363448      1.76815
   0.985762    0.132595 -0.00142638     1.76642
   0.986546     0.12922 -0.00429692       1.768
    0.986459     0.130551 -0.000446346      1.76801
 0.775537   0.16534 -0.478206   1.43418
 0.769554  0.161688 -0.474591   1.41999
 0.773498  0.166137 -0.478528   1.43035
 0.766652  0.163311 -0.479415   1.41688
 0.769458    0.1627 -0.474616   1.42002
 0.766724  0.163476 -0.479198   1.41695
 0.767522  0.163751 -0.479449   1.41868
0.767101 0.163221 -0.47874  1.41742
 0.96608 0.162556  0.19382  1.73461
  0.95371   0.15917 -0.240541   1.72335
 0.954438  0.166244 -0.231432   1.72449
 0.951423  0.170125 -0.240567   1.72046
  0.95315  0.161186 -0.238426   1.72226
  0.94844  0.196362 -0.244001   1.72098
 0.951249  0.170096 -0.234085   1.71894
 0.951969  0.172944 -0.232836   1.72088
 0.965722  0.190671 0.0954098   1.73436
 0.970424   0.20724 0.0856792   1.74469
 0.970839  0.192432 0.0925803   1.74298
 0.968397  0.194831 0.0959633   1.73866
0.974862 0.200548 0.079385  1.75064
 0.977489  0.192808 0.0781226   1.75462
 0.974313  0.192313 0.0864979   1.74813
  0.97318  0.195581 0.0913972   1.74701
 0.973145  0.198739 0.0822677   1.74662
 0.975623  0.146125 0.0809925   1.74918
 0.973543   0.14952 0.0883504   1.74543
 0.975594  0.162543 0.0875498   1.74987
 0.974733  0.148834 0.0806905   1.74736
0.969768 0.156156 0.097939  1.73835
0.963989 0.171196  0.10479  1.72778
 0.970933  0.181286 0.0995176   1.74226
 0.968985  0.166622 0.0945294   1.73773
 0.975684  0.180363 0.0901058   1.75028
 0.974503  0.182903 0.0890533   1.74752
 0.972403  0.154121 0.0875638   1.74325
 0.972541   0.17978 0.0903363   1.74492
 0.974848  0.168454 0.0855952   1.74839
 0.973557  0.169201 0.0942533   1.74646
 0.979188  0.165469 0.0716054   1.75564
 0.979017  0.165081 0.0726282   1.75508
 0.979766  0.150763 0.0662446   1.75678
 0.980272  0.138099 0.0620855   1.75723
 0.979128      0.14 0.0669214   1.75517
 0.979616  0.139047 0.0620455   1.75574
 0.978203  0.155911 0.0765919   1.75437
0.978177 0.142326 0.071574  1.75367
 0.977055  0.143937 0.0755873   1.75173
 0.977642  0.143618 0.0714286   1.75252
  0.97933  0.152079 0.0659256   1.75567
 0.978564  0.141805 0.0663553   1.75399
0.978306 0.155991 0.069086  1.75392
 0.979006  0.152366 0.0704837   1.75545
0.982345  0.15381 0.046029  1.76043
 0.982069  0.152939 0.0475408   1.75951
  0.98319  0.142411 0.0415261   1.76242
 0.983861  0.133336 0.0381341   1.76361
 0.983156  0.133696 0.0436144   1.76225
 0.983261  0.132964 0.0391438    1.7621
 0.981656  0.148221 0.0548728   1.75991
 0.982411  0.134983 0.0500682     1.761
 0.981403  0.136379 0.0563606   1.75923
 0.981622  0.135297 0.0506773   1.75912
 0.982798  0.142923 0.0419082   1.76137
  0.98247  0.134116 0.0440423   1.76062
 0.981616  0.146808 0.0456084   1.75907
 0.982597  0.143337 0.0467547   1.76129
 0.980996  0.173185 0.0524991   1.75832
  0.987229   0.112498 -0.0826338     1.7711
  0.986403    0.12164 -0.0775847    1.76943
   0.9856  0.121287 -0.089371   1.76848
  0.986369   0.120836 -0.0879249    1.77023
  0.985226   0.137796 -0.0740494    1.76792
  0.983007    0.13274 -0.0998683    1.76432
  0.983762   0.132369 -0.0980898    1.76599
  0.985117   0.139275 -0.0840906    1.76883
 0.743184  0.286348 -0.412772   1.36223
 0.740981    0.2778 -0.419472   1.35845
  0.75073  0.276156 -0.411505   1.37444
 0.747546  0.281723 -0.417932   1.37229
 0.739377  0.269361 -0.425589   1.35571
 0.738195  0.261277 -0.431024    1.3537
  0.74712  0.260374 -0.423566   1.36854
 0.744045  0.264853 -0.429871   1.36606
0.756149 0.270592  -0.4155  1.38791
 0.757125  0.264809 -0.417337   1.38895
  0.74566  0.273144 -0.424244   1.36897
 0.751236  0.264401 -0.421711   1.37731
 0.753885  0.272281 -0.415876   1.38193
  0.74855  0.267946 -0.418276    1.3708
 0.967014  0.156623 -0.185547   1.74293
 0.969746  0.159411 -0.176899    1.7484
 0.969022  0.141469 -0.189646   1.74596
 0.969711  0.135205 -0.197038   1.74806
 0.972561  0.132083 -0.187189   1.75255
  0.96968  0.138168 -0.189157   1.74676
 0.974373  0.137101 -0.168516   1.75431
 0.975606  0.128614 -0.176081   1.75735
0.978062 0.124121 -0.16407  1.76054
 0.975323  0.131727 -0.165761   1.75516
 0.969808  0.146361 -0.180692   1.74685
 0.972414  0.134979 -0.177972   1.75077
 0.972667  0.143648 -0.168756   1.75117
 0.971624  0.139908 -0.180215   1.75019
 0.764962  0.238262 -0.446526   1.41543
 0.730984  0.194224 -0.469394   1.34298
 0.732604  0.191483 -0.468976   1.34688
 0.733779  0.194924 -0.467029   1.34873
0.731495 0.193021 -0.46762  1.34398
 0.735273  0.190334 -0.472162   1.35526
 0.737876  0.196868 -0.468391    1.3596
 0.734442  0.194486 -0.469096   1.35231
 0.734197  0.192584 -0.469525    1.3516
 0.732535  0.177307 -0.477419   1.34988
 0.733303   0.17563 -0.477405   1.35102
 0.730646  0.178098 -0.474515   1.34331
 0.728462  0.180143 -0.474334   1.33778
  0.72855   0.17725 -0.475287   1.33794
 0.730193  0.178481 -0.475297   1.34151
 0.730945   0.17275 -0.476426   1.34393
 0.728786  0.174506 -0.476076   1.33832
 0.729036  0.171743 -0.476822   1.33869
 0.730528  0.172943 -0.476904     1.342
 0.731921  0.176815 -0.475238   1.34602
 0.730288  0.175682 -0.476133   1.34163
 0.731822  0.174062 -0.476322   1.34598
 0.730632  0.175299 -0.475453   1.34317
 0.736575  0.158808 -0.481434   1.35646
 0.737891  0.157434 -0.481176   1.35864
 0.734717  0.158647 -0.479323   1.35042
 0.732583  0.159528 -0.478522   1.34438
 0.733609  0.157298 -0.478614   1.34607
 0.734468  0.158249 -0.478914   1.34819
0.736746 0.154636 -0.47947  1.35377
 0.734695   0.15523 -0.478534   1.34781
 0.735927  0.153236 -0.478392   1.34981
 0.736579  0.154101 -0.478754   1.35153
 0.736002  0.157851 -0.479493   1.35294
 0.735426  0.156151 -0.478894    1.3497
 0.736903  0.155724 -0.479659   1.35449
 0.735585   0.15654 -0.479352   1.35169
 0.783951  0.161523 -0.465443   1.44487
0.966087  0.16249 0.193752  1.73461
0.966087 0.162602 0.193714  1.73462
0.966125 0.162284  0.19387  1.73469
0.966177 0.162031 0.193882  1.73477
0.966227 0.161868 0.193622  1.73481
0.966338 0.161387 0.193505  1.73498
0.967009 0.155664 0.195009  1.73599
0.966792 0.159351 0.193009  1.73565
0.931815 0.231726 0.245582  1.68207
0.936865 0.216425 0.248802  1.69107
0.928081 0.227172 0.254174  1.67552
0.931046 0.218469 0.255709  1.68092
0.925807 0.222742 0.262417  1.67298
0.928203 0.220398 0.256543    1.675
0.932796 0.219553 0.252281  1.68333
0.931364 0.223292 0.248484  1.67983
 0.96724 0.157313 0.192477  1.73631
0.969644 0.144878 0.195185  1.74084
0.974006 0.122055 0.180055  1.74576
  0.973844 0.00478879   0.225069    1.75488
 0.977414 0.0370077  0.215532   1.75761
 0.984659 0.0215423  0.188191   1.77009
 0.978943 0.0213168  0.192831   1.75688
 0.978254 0.0634884  0.208502   1.75787
   0.9772 0.0752759  0.194025   1.75254
 0.981805 0.0767554  0.188483   1.76297
 0.978859 0.0724403  0.191228   1.75593
 0.988546 0.0519776  0.161881    1.7743
 0.984732 0.0692613  0.166168   1.76564
 0.989051 0.0777465  0.148505   1.77445
 0.988219 0.0623094  0.149529   1.77154
 0.979458 0.0505482  0.189749   1.75649
 0.983089 0.0631072  0.167018   1.76136
 0.985767 0.0375143  0.164006   1.76725
 0.983034 0.0502375  0.186732   1.76471
 0.96606 0.162607 0.193832  1.73458
0.966056 0.162548 0.193907  1.73457
0.966142 0.161867 0.194242  1.73473
 0.96599  0.16276 0.194087  1.73448
0.965952 0.162847 0.194167  1.73442
0.965928  0.16291 0.194203  1.73438
0.965917 0.162942 0.194193  1.73436
0.966388 0.161048 0.194015  1.73515
0.965922 0.162982 0.194156  1.73437
 0.96626  0.16166 0.193939  1.73492
0.966091 0.162521 0.193748  1.73462
0.966061 0.162702 0.193767  1.73458
0.966091 0.162551 0.193719  1.73462
0.969533 0.133958 0.198476  1.73985
0.967169 0.159021 0.191202  1.73616
0.968737 0.140047  0.20333  1.73967
0.967685 0.148371 0.200829  1.73773
0.967044 0.153854 0.198653  1.73654
0.965933 0.162855 0.194179  1.73438
0.966425  0.16008 0.194315  1.73514
0.965965 0.162746 0.194117  1.73442
0.966102 0.162194 0.194101  1.73466
0.966076   0.1625 0.193869   1.7346
 0.794257  0.126032 -0.445975   1.44908
  0.79328  0.119271 -0.444131   1.44445
 0.799298  0.121388 -0.438291   1.45458
  0.79612  0.122016 -0.440186   1.44888
 0.790751  0.112806 -0.445172   1.43816
 0.785005   0.10939 -0.447425   1.42598
 0.792334  0.105952 -0.439699   1.43695
0.790798   0.1097 -0.44384  1.43641
 0.806552  0.113994 -0.428075   1.46328
 0.801889  0.102657 -0.428654   1.45132
 0.814568 0.0998838  -0.41138   1.47011
 0.809134  0.106659 -0.419138   1.46283
 0.794503  0.115549 -0.440687   1.44415
 0.798933  0.107414 -0.434095   1.44837
 0.801518  0.116062 -0.431296   1.45435
 0.798195  0.111846 -0.437499   1.44982
 0.785188  0.152308 -0.465582   1.44587
 0.772554  0.168272 -0.477173   1.42845
 0.759684  0.131626 -0.473049   1.39301
 0.762249  0.129789 -0.472385   1.39759
 0.757142  0.129707 -0.472814   1.38658
 0.754256  0.129451 -0.471829   1.37893
 0.756575  0.127231 -0.470618   1.38262
 0.756767  0.128384 -0.471525   1.38377
0.762249 0.125685 -0.46983  1.39467
 0.758987  0.125036 -0.469102   1.38634
 0.761809  0.122715 -0.467135   1.39064
 0.761878  0.124118 -0.468436   1.39179
  0.75876  0.129528 -0.472163   1.38948
 0.759129  0.126278 -0.470167   1.38749
 0.761459  0.127378 -0.470644   1.39385
 0.759491  0.127632 -0.471368   1.39015
 0.778291  0.167771 -0.468441   1.43593
 0.745104   0.22266 -0.453612   1.37245
 0.751299  0.232589 -0.445701   1.38325
 0.740369  0.225578 -0.449433   1.35959
 0.743406   0.23081 -0.445344   1.36464
 0.737438  0.231282 -0.450734   1.35442
 0.738946  0.228045 -0.446928   1.35567
 0.744617  0.229303 -0.448033   1.36974
 0.743354  0.226474 -0.449111   1.36699
 0.845627  0.237155 -0.417678   1.55903
 0.850863  0.235496 -0.412072   1.56723
  0.84478  0.239691 -0.413303   1.55737
 0.846376  0.237138 -0.414167   1.55892
0.856402 0.233819 -0.40609  1.57603
  0.86228  0.231569 -0.399523   1.58527
 0.855607  0.237038 -0.401287   1.57453
0.857276 0.233846 -0.40197    1.576
  0.84422  0.243974 -0.406643   1.55568
 0.849271  0.246048 -0.402136   1.56525
 0.851597  0.235535 -0.408392   1.56705
 0.852397  0.239793 -0.402598   1.56882
 0.846572  0.241123 -0.409322   1.55983
 0.850084  0.238174 -0.407595    1.5656
 0.750559  0.139784 -0.478378   1.37903
 0.747219  0.143663 -0.479126   1.37321
 0.748862  0.138625 -0.476805   1.37358
 0.74688 0.140825 -0.47725  1.37012
 0.74726 0.138422 -0.47586  1.36857
0.747418 0.139309 -0.47675  1.37059
0.747322 0.142018 -0.47819  1.37244
 0.749674  0.140207 -0.477841   1.37667
 0.863138  0.231667 -0.395028    1.5851
 0.86466 0.236936 -0.38779  1.58821
 0.857467  0.238822 -0.396634   1.57702
 0.861546  0.235039 -0.394393    1.5837
 0.866192  0.245229 -0.378985   1.59175
 0.851816  0.246755 -0.396017   1.56832
 0.854922  0.242521 -0.394524   1.57267
 0.861905  0.245431 -0.388159   1.58613
 0.892326  0.239357 -0.344424   1.63476
0.876569 0.241482  -0.3657  1.60846
 0.890241  0.226677 -0.353598   1.62832
 0.882351  0.230234 -0.365115   1.61631
0.888084 0.219497 -0.36327  1.62398
 0.886394   0.22385 -0.362447   1.62237
 0.879843  0.235399 -0.364127   1.61298
 0.887106   0.23926 -0.356514   1.62743
 0.918281  0.192855 -0.321866    1.6711
 0.924363  0.188275 -0.311875   1.68084
 0.918842  0.197655 -0.312355   1.67105
  0.91972  0.194334 -0.315247   1.67244
 0.930288  0.182512 -0.300844   1.68986
 0.935269  0.176382 -0.290259   1.69693
 0.930977  0.186428 -0.289876   1.68964
 0.931606  0.183936 -0.293099   1.69072
 0.916829  0.215449 -0.308996   1.67107
 0.923944  0.216749 -0.299523   1.68494
 0.925852   0.18973 -0.303905   1.68192
 0.928956  0.197219 -0.290918   1.68757
 0.921283  0.201918 -0.304347   1.67501
0.924765 0.194169 -0.30223  1.68068
 0.936891  0.197165 -0.269682   1.70068
 0.943022  0.198933 -0.259285   1.71272
 0.939584  0.177569 -0.271867   1.70235
 0.939839  0.171757 -0.280472    1.7038
 0.944854  0.167574 -0.269934   1.71181
 0.940566  0.173904 -0.273073   1.70369
0.949527 0.166609 -0.24775  1.71712
 0.949504  0.162297 -0.258384   1.71866
 0.953311  0.156867 -0.247671   1.72389
  0.95014  0.164354 -0.250128   1.71826
0.941375  0.18255 -0.26267  1.70494
 0.945599  0.169753 -0.261064   1.71141
  0.94778  0.178043 -0.248442   1.71536
0.944503 0.174497 -0.26093  1.71026
 0.953825  0.177947 -0.227555   1.72498
 0.958663  0.180237 -0.217263   1.73467
 0.956298  0.158793 -0.229677   1.72713
 0.956849  0.152686 -0.237934   1.72914
 0.960702  0.148825 -0.227572   1.73523
 0.957164  0.155341 -0.230195   1.72837
  0.96401  0.147506 -0.205751   1.73816
 0.964144  0.143796 -0.216417    1.7401
 0.967042  0.138928 -0.206352   1.74412
 0.964429  0.146162 -0.208291   1.73929
 0.957619  0.164096 -0.220068   1.72892
  0.96106  0.151456 -0.218461    1.7343
 0.962707   0.15972 -0.205937   1.73717
 0.960125  0.155911 -0.218865   1.73321
 0.738467   0.20449 -0.464763   1.36068
0.743621 0.212541 -0.45914  1.36976
 0.735142  0.206533 -0.461246   1.35096
 0.737487  0.210774 -0.458272   1.35486
 0.733112  0.210661 -0.462086   1.34688
  0.73404  0.208486 -0.459356   1.34789
 0.738409   0.20957 -0.460666   1.35905
0.737191 0.207373 -0.46144  1.35647
 0.742669  0.256919 -0.434987   1.36359
 0.746914  0.249282 -0.433048   1.37021
0.750498 0.256273 -0.42751  1.37629
 0.744888  0.252413 -0.429777   1.36484
  0.75304  0.245394 -0.436913   1.38575
 0.760324  0.258408 -0.426151   1.39838
 0.752055  0.254476 -0.429409   1.38165
 0.751174  0.250084 -0.431349   1.37954
 0.980843  0.124783 -0.121934   1.76068
 0.981471  0.127254 -0.120544   1.76236
0.979815 0.122756 -0.13917  1.76044
  0.98013  0.119788 -0.152601   1.76309
 0.981981  0.116268 -0.141972   1.76555
 0.980126  0.123728 -0.143875   1.76217
 0.983214  0.115068 -0.120402   1.76538
 0.983273  0.112756 -0.132216   1.76691
  0.98425   0.11026 -0.123466   1.76789
 0.983477   0.11668 -0.126063   1.76703
 0.980818  0.127779 -0.131828   1.76248
0.982013 0.120529 -0.13439  1.76502
  0.98268  0.125613 -0.123041   1.76564
 0.981773  0.119903 -0.130211   1.76367
 0.869095  0.244206 -0.352949   1.58881
 0.882679  0.250353 -0.338126   1.61543
0.990044 0.080526 0.111673  1.77244
0.991233 0.107851 0.105114  1.77699
 0.994004 0.0818893 0.0983266   1.78124
 0.992227 0.0794784  0.105482   1.77725
 0.987995  0.130202 0.0642615   1.76888
 0.988704  0.123552 0.0908961   1.77137
 0.996597 0.0811284 0.0573285    1.7854
 0.993472  0.119656 0.0425652    1.7806
  0.995225   0.102915 0.00141699    1.78603
 0.996066  0.076977 0.0365964   1.78333
 0.991087  0.101362 0.0869532   1.77458
 0.992443  0.106812 0.0618437    1.7771
 0.994679 0.0731989 0.0717246    1.7806
 0.992984  0.108805 0.0735592   1.77917
 0.914378  0.199172 -0.325051   1.66462
 0.916491  0.205073 -0.314724   1.66827
 0.911823   0.21062 -0.322931   1.66206
 0.913991  0.201253 -0.320419   1.66355
 0.910261  0.232964 -0.322652   1.66629
 0.913042  0.211045 -0.314274   1.66298
 0.914175  0.211706 -0.313452   1.66551
   0.9855  0.113199 -0.118158   1.77065
0.986521 0.112579 -0.10806  1.77191
 0.984194  0.119156 -0.115206   1.76764
  0.98498  0.111284 -0.111052   1.76827
  0.987507   0.112761 -0.0986614    1.77337
  0.988092   0.112383 -0.0895601    1.77388
  0.985823   0.120659 -0.0967247    1.76972
  0.986677   0.112375 -0.0913476    1.77051
 0.982352  0.132353 -0.114084   1.76439
 0.983346  0.133576 -0.105311   1.76594
 0.985813  0.111807 -0.101446   1.76932
  0.984862   0.118792 -0.0994773    1.76738
 0.984218  0.118521 -0.107554   1.76667
 0.985074  0.118928 -0.105971   1.76868
0.968904 0.153265 0.186791  1.73862
 0.976385  0.145682 0.0754301   1.75031
  0.97607  0.162622 0.0805039   1.75044
 0.977698  0.157939 0.0761654   1.75316
 0.976895  0.158202 0.0812919   1.75222
 0.978417  0.168026 0.0720222   1.75377
 0.976991  0.174908 0.0735926   1.75087
 0.977608  0.170437 0.0791806   1.75362
 0.976093  0.180561 0.0848524   1.75087
 0.976766  0.168458 0.0839487   1.75148
 0.858122  0.441753 0.0307662   1.56363
  0.868177   0.424617 0.00471697    1.57699
  0.87541  0.418272 0.0365163   1.59025
 0.866029  0.418049 0.0242905   1.56862
   0.88205   0.405151 -0.0151457    1.60087
 0.891533  0.401668 0.0413388   1.61967
 0.881358  0.403836 0.0328839   1.59701
 0.881557  0.401814 0.0043198   1.59675
0.968287 0.151738  0.19484  1.73846
0.973724 0.100802 0.203049  1.74773
0.970861 0.116758 0.195164  1.74056
0.970822 0.111507 0.210449  1.74329
0.978289 0.128118 0.154013  1.75289
0.976962 0.124728 0.156714  1.74958
 0.964673 0.0977582  0.238307   1.73442
  0.96863 0.0908374  0.226204   1.74034
 0.965377 0.0849804  0.243656   1.73719
  0.96658 0.0861099  0.235831   1.73739
0.971797 0.085958 0.214286  1.74467
0.975265  0.08314 0.195926  1.74884
 0.974743 0.0713604  0.211508   1.75045
  0.97414 0.0742304   0.21066   1.74869
 0.965851 0.0649297  0.242742   1.73847
 0.972648 0.0544748  0.220024   1.74784
 0.966785 0.0336658  0.232042   1.74007
 0.969955 0.0426346  0.238047   1.74593
 0.970769 0.0791516  0.224497   1.74406
 0.973443 0.0615664  0.225925   1.75027
 0.968031 0.0697042  0.240761   1.74163
 0.970314 0.0763715  0.229026   1.74447
0.910219  0.29891 0.221661  1.64722
0.913119  0.30119 0.208911  1.65076
0.916659  0.29046 0.215461  1.65709
 0.91307 0.293006 0.214311   1.6493
0.918404 0.303269 0.195824  1.66034
0.923661 0.285425 0.210452  1.66999
0.919022 0.289187 0.211147  1.66054
0.917866 0.293571 0.202588  1.65738
0.966484 0.161281 0.192808  1.73518
0.969216  0.12506 0.208773   1.7402
0.947405 0.100982 0.262436  1.70568
 0.953414 0.0983265   0.26239   1.71719
0.949721 0.082488 0.262988  1.70986
 0.950435 0.0973267  0.264917    1.7133
 0.958723 0.0965995  0.255665   1.72568
 0.962982 0.0960825  0.242859   1.73138
 0.962797 0.0825535  0.250274   1.73265
 0.961323 0.0965147  0.252444   1.73095
 0.955099 0.0572561  0.259347   1.72011
  0.96243 0.0608658  0.252282   1.73282
 0.964804 0.0277385  0.246688   1.73892
 0.958753 0.0562268  0.254633   1.72765
 0.956244 0.0960295  0.261997   1.72347
0.960215 0.080416 0.255922  1.72985
 0.953474 0.0788607  0.263811   1.71887
 0.956909 0.0808208  0.259567   1.72315
 0.968223 0.0985847  0.231043   1.74071
 0.966118 0.0984015  0.233024   1.73606
0.968125 0.103651 0.218023   1.7376
 0.973887 0.0962117  0.212373   1.74981
 0.971504 0.0898364  0.218362   1.74477
0.969796 0.101545 0.222427  1.74269
  0.79016  0.121789 -0.447032    1.4398
 0.786929  0.128134 -0.452751   1.43773
0.789775 0.125302 -0.44774  1.44036
 0.780496  0.123368 -0.457635    1.4257
 0.779323  0.129692 -0.462364   1.42772
 0.780949  0.126453 -0.457234   1.42737
 0.787984  0.116569 -0.448132   1.43448
 0.782458  0.118003 -0.453867   1.42624
  0.78421  0.112241 -0.450596   1.42646
 0.784411  0.114668 -0.451392   1.42843
 0.785136   0.12525 -0.454977   1.43472
 0.782148  0.120319 -0.454901   1.42704
 0.787346  0.119518 -0.449712   1.43495
 0.785391  0.122078 -0.452099    1.4326
0.780742 0.157559 -0.47315  1.44127
 0.829786  0.237586 -0.434139   1.53336
 0.832852  0.238169 -0.431069   1.53855
 0.827885  0.239155 -0.432238   1.53029
 0.829578   0.23784 -0.432487   1.53211
0.836461 0.238421 -0.42728  1.54444
 0.840726  0.238113 -0.422819   1.55126
 0.834563  0.240664 -0.424412   1.54122
 0.836524  0.238531 -0.424716   1.54328
 0.824587    0.2419 -0.427061   1.52331
  0.82822  0.243791 -0.423201   1.52975
 0.832676  0.238345 -0.428939    1.5371
 0.831632  0.241187 -0.425632   1.53563
 0.828108  0.240048 -0.429911   1.52997
 0.830948  0.239912 -0.428738   1.53531
 0.827692  0.236557 -0.436229   1.52965
 0.825124  0.235883 -0.437268   1.52582
 0.827127  0.234843 -0.437263   1.52857
 0.826424   0.23534 -0.436744   1.52692
 0.822373  0.234657 -0.437357   1.52071
 0.818264  0.235829 -0.438115   1.51465
 0.821536  0.231636 -0.440408   1.52005
  0.82107  0.233951 -0.437928   1.51838
 0.828087  0.231884 -0.436828   1.52968
 0.825891  0.228299 -0.440147   1.52709
0.831863  0.22652 -0.43282   1.5344
0.828631 0.227309 -0.43611  1.52932
 0.823992  0.234284 -0.437581   1.52325
 0.823992  0.230415 -0.438793    1.5229
0.826528 0.232551 -0.43733  1.52677
 0.824879  0.232989 -0.438646   1.52532
0.967965 0.154017 0.191539  1.73737
  0.999303  0.0288008 -0.0144418    1.79307
  0.999532 -0.0281794  0.0412275    1.79465
 0.997641  0.029606 0.0535717   1.78648
 0.998858 0.0374578 0.0397764   1.79049
  0.990797 -0.0462927    0.12228    1.77984
  0.974699 -0.0198457   0.190915     1.7506
   0.987561 -0.00164223    0.144558     1.76995
   0.98441 -0.0227513   0.183579    1.77328
 0.994403 0.0459697 0.0975996   1.78056
 0.990988 0.0325353   0.11967   1.77391
 0.990173 0.0599746  0.111835   1.77167
 0.991898 0.0535741  0.118422   1.77655
  0.994578 -0.0115524   0.113342    1.78647
0.991223 0.017664 0.140551  1.77812
 0.996067 0.0431012 0.0974741   1.78504
  0.994863 0.00122683  0.0987074    1.78253
0.933437 0.186077 0.271598  1.68584
0.935651 0.191882 0.265102  1.68825
0.939156 0.183435 0.264445  1.69475
0.935969 0.185131 0.266334   1.6882
0.938993 0.197643 0.256483  1.69367
0.945398 0.181231 0.254413  1.70481
0.940564 0.184363 0.260398  1.69587
0.938762 0.188209 0.257997   1.6917
0.946737 0.113217 0.261539  1.70491
0.946358 0.121412 0.262659  1.70502
0.950029 0.121897 0.263391  1.71174
0.947779 0.120534 0.262078  1.70817
0.944962 0.129614 0.265451  1.70323
0.942856 0.138438 0.268464  1.70001
0.947107 0.138754 0.265436  1.70704
0.944613 0.137804 0.266748  1.70364
0.952414 0.128405 0.259464  1.71505
0.951192 0.135955 0.257994  1.71251
0.955234 0.129689 0.251383  1.71865
0.952492 0.132496 0.259858  1.71564
 0.94646 0.129138 0.263868  1.70632
0.948868 0.137441  0.26512  1.71089
0.950408 0.128989 0.264213   1.7135
0.948736 0.130478 0.264228  1.70979
0.767145 0.163022 -0.47874  1.41747
 0.767357   0.16292 -0.478725   1.41787
 0.76776 0.163151 -0.47922  1.41893
 0.766829  0.162089 -0.479581   1.41711
 0.766798  0.162263 -0.479677   1.41712
  0.76686  0.162035 -0.479433   1.41709
 0.766743  0.162835 -0.479645    1.4171
  0.76681  0.161977 -0.479484     1.417
 0.775851  0.165158 -0.474994   1.43338
 0.766734  0.162108 -0.479604   1.41693
 0.750983  0.138498 -0.477556   1.37908
 0.752916  0.136991 -0.477125   1.38249
 0.749151   0.13741 -0.476461   1.37371
  0.74707  0.137464 -0.475247   1.36762
 0.748625  0.135495 -0.474716   1.37015
 0.748933  0.136451 -0.475297   1.37132
0.752581 0.133733 -0.47507  1.37923
 0.750254  0.133582 -0.473953    1.3727
 0.752117  0.131544 -0.473016    1.3756
 0.752336  0.132633 -0.473791   1.37672
0.750364 0.137039  -0.4762  1.37595
 0.750495  0.134588 -0.474635    1.3738
 0.752155  0.135063 -0.475537   1.37893
 0.750703  0.135553 -0.475727   1.37605
 0.766768  0.162526 -0.479702   1.41712
 0.768938  0.161777 -0.478153    1.4206
 0.773105  0.163502 -0.477934   1.42872
0.774569 0.162583 -0.47895  1.43201
 0.777321  0.161379 -0.478709   1.43736
 0.776599  0.128577 -0.463802   1.42265
 0.772369   0.12451 -0.463603   1.41236
 0.777238  0.122574 -0.459309   1.41968
 0.77577 0.125216 -0.46147  1.41835
 0.769616  0.121507 -0.464268   1.40596
  0.76529  0.120336 -0.464522   1.39594
 0.769307  0.117855 -0.461481   1.40215
 0.769115  0.119491 -0.463261   1.40305
 0.778895  0.117022 -0.456253   1.41993
 0.773736  0.115355 -0.457703   1.40885
 0.778966  0.112545 -0.453125   1.41683
 0.778499  0.114813 -0.455712   1.41765
   0.7722  0.122143 -0.462449   1.41039
 0.773408  0.117249 -0.459889   1.40972
 0.777145  0.120113 -0.458482   1.41807
 0.773879  0.119366 -0.460564   1.41231
 0.766529  0.162109 -0.479554   1.41651
 0.770618  0.159428 -0.474261   1.42157
 0.782247  0.155084 -0.466192   1.44037
 0.786993  0.131355 -0.451564   1.43796
 0.784706  0.139589 -0.457717   1.43822
0.779436 0.131991 -0.46044  1.42728
 0.785199  0.135631 -0.457764   1.43854
 0.772627  0.136735 -0.469815   1.41939
 0.789472  0.143826 -0.455865   1.44805
 0.792598  0.134646 -0.449416   1.44926
 0.796482  0.144774 -0.445538    1.4573
 0.791996  0.138984 -0.446587   1.44722
 0.775347  0.158341 -0.479467   1.43309
 0.766782  0.163344 -0.478834   1.41686
 0.766787  0.163473 -0.478973   1.41696
 0.768658   0.16307 -0.476613   1.41951
   0.7678  0.163679 -0.479396    1.4192
 0.771618  0.165411 -0.477675   1.42604
 0.769291  0.164361 -0.475431   1.42026
 0.768522  0.162096 -0.478291   1.41984
 0.741155  0.161168 -0.485487   1.36977
 0.766671  0.162357 -0.479669   1.41687
 0.774863  0.167913 -0.475322   1.43214
 0.768142  0.162785 -0.479404   1.41971
 0.770892  0.163346 -0.475006   1.42302
 0.767741  0.162862 -0.479227   1.41884
 0.766929  0.171157 -0.465668   1.41208
 0.767318  0.162637 -0.478726   1.41773
  0.76655  0.162711 -0.479812   1.41678
 0.767216  0.162594 -0.478779   1.41759
  0.76846  0.162553 -0.479508   1.42038
 0.767038  0.162042 -0.478902   1.41718
 0.766884  0.162115 -0.479256   1.41706
 0.766834  0.161799 -0.479197   1.41689
 0.766892  0.162312 -0.479087   1.41703
 0.767085  0.162295 -0.478781   1.41726
0.767001 0.162393 -0.47903  1.41724
 0.801527  0.150238 -0.433044   1.46211
 0.808259  0.149438 -0.425218    1.4721
 0.802254  0.159252 -0.427204    1.4621
 0.803579  0.151312 -0.426958   1.46323
 0.818568  0.146057 -0.411222    1.4867
  0.83657  0.147538 -0.389571   1.51737
 0.815916  0.163746 -0.404582   1.48178
 0.82073 0.150685 -0.40049  1.48791
 0.801016  0.166163 -0.422487   1.45837
 0.805693  0.171071 -0.414762   1.46592
 0.798227  0.176911 -0.423109    1.4551
 0.801511  0.169902 -0.419788   1.45924
 0.810334  0.149227 -0.414993   1.47116
 0.809566  0.162985 -0.411382   1.47113
 0.803295   0.15979 -0.420615   1.46094
 0.808749  0.159091 -0.416187   1.47033
 0.797952  0.153924 -0.431719   1.45438
  0.79803  0.158571 -0.432507   1.45582
 0.796181  0.166638 -0.424821   1.44928
  0.79423  0.173071 -0.428654   1.44864
 0.791426  0.163476 -0.441179   1.44765
 0.794257  0.165959 -0.433045   1.44956
 0.741101  0.151202 -0.480954   1.36368
 0.742607  0.149616 -0.480562   1.36615
 0.739224  0.150847 -0.479191   1.35787
 0.737168  0.151371 -0.478119   1.35179
 0.738466  0.149479 -0.477943   1.35396
0.739052 0.150255  -0.4783  1.35552
 0.741453  0.147158 -0.478872   1.36137
 0.739636  0.147748 -0.477711   1.35585
 0.740752   0.14601 -0.477505   1.35765
 0.741316  0.146735 -0.477836   1.35914
 0.740501  0.150176 -0.479215   1.36032
 0.740175  0.148476 -0.478075   1.35732
 0.741647  0.148091 -0.479149    1.3622
 0.740294  0.148956 -0.478922   1.35941
 0.734475  0.168757 -0.480557   1.35395
 0.734481  0.173748 -0.478846   1.35387
   0.7323  0.168937 -0.477869   1.34683
 0.732187  0.171603 -0.476975    1.3465
 0.730817   0.17027 -0.477521   1.34241
 0.731079  0.170067 -0.477095   1.34396
 0.732695  0.171846 -0.478786   1.34964
  0.73346  0.170262 -0.478826   1.35083
 0.772173  0.170248 -0.472539   1.42605
0.778847 0.163929 -0.47346  1.43859
 0.769599  0.160616 -0.476001   1.42068
0.755508 0.139751 -0.47822  1.38974
 0.760271  0.136645 -0.477165   1.39832
 0.766541  0.163104 -0.479854   1.41685
 0.772371  0.159381 -0.476476   1.42591
 0.766586  0.163418 -0.479756   1.41694
 0.774815   0.16828 -0.471612   1.43054
0.769896 0.163633 -0.47523  1.42123
 0.766683  0.163598 -0.479539   1.41705
  0.76873   0.16289 -0.475279   1.41893
 0.768132  0.163206 -0.477188   1.41876
  0.76745  0.163708 -0.477869   1.41783
 0.766452  0.163285 -0.479783   1.41666
 0.768165  0.163509 -0.478491   1.41949
 0.766956  0.163631 -0.479151   1.41741
 0.767442  0.163478 -0.479207   1.41835
 0.768322  0.163566 -0.475413   1.41831
 0.767216  0.163546 -0.479123   1.41789
 0.767279  0.163926 -0.479188   1.41814
 0.766884  0.163335 -0.478799   1.41705
 0.767067   0.16362 -0.479171   1.41762
  0.95965  0.194714 0.0922533   1.72061
 0.963692   0.21174 0.0512455   1.73076
 0.969132  0.206359 0.0740837    1.7406
0.965195  0.21793 0.076953  1.73728
   0.977913    0.195192 -0.00297197     1.76024
  0.994054   0.144877 -0.0359612    1.79133
 0.983181  0.182026 0.0160065   1.76645
  0.981147   0.175223 0.00982895     1.7641
0.975368 0.195505 0.064895  1.75024
 0.980023  0.186448 0.0458935   1.75867
 0.978856  0.191554 0.0652904    1.7567
 0.977599  0.193954 0.0635661    1.7551
 0.970327  0.218586 0.0408884     1.748
 0.978292  0.195794 0.0440128   1.75811
 0.972724    0.2115 0.0664795   1.74946
 0.974296    0.2031 0.0419317   1.75029
 0.896041  0.384072 0.0871635   1.62454
0.906749 0.364223 0.118233  1.64376
0.887176 0.389663  0.10662  1.60834
0.894325 0.376454 0.122886  1.62089
0.882503  0.39385 0.126994  1.60264
0.887138 0.380065 0.118516  1.60538
0.897688 0.371127 0.116634  1.62543
0.895231 0.373883 0.101347  1.61928
0.829318 0.454446 -0.10334  1.51538
 0.838318  0.431299 -0.123838   1.52584
  0.852611   0.429663 -0.0935119    1.55198
 0.837648  0.430391 -0.104488   1.52052
 0.852251  0.407571 -0.142213   1.55017
   0.87696   0.403558 -0.0884531    1.59537
  0.856802   0.415041 -0.0993512    1.55621
 0.849898   0.40816 -0.117746   1.54018
  0.895252   0.364708 -0.0824625    1.62085
 0.983834  0.132548 0.0338025   1.76313
 0.983235  0.141933 0.0381101   1.76211
  0.98371  0.141422 0.0307466   1.76276
 0.983588  0.142768 0.0357859   1.76316
0.982819 0.148175 0.022641  1.75991
  0.98218  0.154639 0.0327276   1.75987
 0.982158  0.155358 0.0418494   1.76014
 0.979195  0.145063 -0.105731   1.75707
  0.981654    0.16056 -0.0820276    1.76278
 0.984324    0.1456 0.0207099   1.76376
 0.984187  0.144407 0.0224117   1.76314
 0.985229  0.136632 0.0179438    1.7659
 0.985883  0.130202 0.0161869    1.7672
 0.985343  0.130812 0.0214757   1.76611
 0.98541  0.12979 0.017195  1.76598
 0.984221  0.141363 0.0297027   1.76415
  0.98492  0.132135 0.0271352   1.76544
 0.984432  0.132954 0.0327415   1.76464
 0.984358  0.132062 0.0278394   1.76405
 0.984947  0.136924 0.0183117   1.76512
0.984854 0.131183 0.021728  1.76495
  0.98408  0.140088 0.0215414   1.76338
0.984821 0.137417 0.022627  1.76506
 0.985805  0.128913 0.0118321   1.76669
 0.985211  0.135925 0.0145544   1.76557
  0.985464   0.134732 0.00724038    1.76588
 0.985479  0.136709 0.0123162   1.76642
  0.98437  0.138824 -0.002424   1.76286
  0.983989   0.146296 0.00799574    1.76307
 0.984088  0.147128 0.0165128   1.76342
  0.987304   0.123229 -0.0100787    1.76948
  0.986761   0.127857 -0.0080406    1.76836
  0.986977   0.125296 -0.0147314    1.76856
  0.986999   0.128465 -0.0108794    1.76912
  0.986511   0.137148 -0.0147573    1.76804
  0.985867     0.1317 -0.0161108     1.7663
   0.985879     0.13535 -0.00838895     1.76666
0.978379 0.176471 0.053175  1.75219
  0.986442   0.140164 -0.0217418     1.7687
  0.986994     0.1384 -0.0169465    1.76963
   0.98756   0.126441 -0.0251823     1.7704
  0.988331   0.121691 -0.0277316    1.77205
  0.988239   0.121782 -0.0223937    1.77173
  0.987897   0.120822 -0.0241531    1.77076
   0.98735   0.125324 -0.0160453    1.76958
  0.988022   0.122145 -0.0171968    1.77117
   0.98777   0.123811 -0.0119422    1.77073
  0.987576    0.12159 -0.0153628    1.76996
  0.987428   0.125508 -0.0209023    1.76979
  0.987819   0.120785 -0.0194933     1.7705
  0.987361   0.124571 -0.0176004    1.76945
  0.987572   0.125511 -0.0201152    1.77021
   0.98794   0.120392 -0.0296217    1.77092
  0.987343   0.126425 -0.0259531    1.76979
  0.987379   0.125192 -0.0328478    1.76987
  0.987531   0.126499 -0.0312193    1.77048
  0.986253   0.132082 -0.0374311    1.76755
  0.985959   0.134308 -0.0355841    1.76725
  0.986014   0.139387 -0.0281972    1.76776
  0.988196   0.115899 -0.0523331    1.77186
  0.987521   0.122568 -0.0488949    1.77058
  0.987419   0.120512 -0.0555963    1.77035
   0.98769   0.120745 -0.0550059    1.77115
  0.986358   0.135872 -0.0582478    1.76921
0.986204 0.123204 -0.05703  1.76755
  0.986199   0.130288 -0.0521963    1.76815
 0.980855  0.168344 0.0280725    1.7565
  0.985577   0.130479 -0.0750416    1.76787
  0.986332   0.135705 -0.0665015    1.76975
  0.987051   0.120548 -0.0772684    1.77089
  0.988644   0.112732 -0.0807518    1.77451
  0.988927   0.112515 -0.0721865    1.77453
    0.9878   0.113215 -0.0731833    1.77183
  0.987585   0.118606 -0.0611518    1.77091
   0.98893   0.113299 -0.0643995    1.77409
  0.988852    0.11512 -0.0574708     1.7737
   0.98819   0.114197 -0.0587259    1.77197
  0.986928   0.122178 -0.0693875    1.77012
    0.9881   0.113311 -0.0654571    1.77205
   0.98738   0.121732 -0.0604291    1.77065
  0.987387   0.120056 -0.0692612    1.77112
 0.975568  0.201426 0.0111943   1.74914
 0.979849  0.158319 -0.131872   1.76531
 0.971463  0.158878 -0.164306   1.75019
 0.979002  0.138421 -0.140377     1.761
 0.975129  0.141874 -0.157818     1.755
 0.977859  0.127567 -0.154437   1.75882
 0.97694 0.131724 -0.15582  1.75749
 0.973452  0.147508 -0.161926   1.75275
 0.976803  0.156713 -0.152377   1.76079
 0.973745  0.194189 0.0586218   1.74364
 0.967135  0.141569 -0.199103   1.74315
 0.967629  0.147886 -0.190725    1.7438
 0.965387  0.150953 -0.198857   1.74058
 0.966761  0.143097 -0.197371   1.74232
 0.962998  0.178018 -0.201657   1.74122
 0.965376  0.149598 -0.191059   1.73892
 0.965866  0.151999 -0.190064   1.74029
  0.985343     0.1518 -0.0400258    1.76741
 0.805137  0.422044 -0.224478   1.47249
 0.813932  0.398874 -0.234786   1.48306
 0.825661   0.40527 -0.210503   1.50441
 0.812345  0.402243 -0.220055   1.47653
 0.826993  0.380377 -0.247281   1.50881
 0.847434  0.389622 -0.203988   1.54546
 0.829849  0.393887 -0.214829   1.51099
 0.824098  0.385705 -0.226799   1.49798
  0.904218   0.368777 -0.0181664    1.63617
 0.798532  0.344656 -0.325651     1.461
 0.820732  0.356815 -0.292541   1.50057
 0.789062  0.357941 -0.317479    1.4409
 0.800661  0.365609 -0.299156    1.4614
 0.783075  0.376153 -0.312738   1.43412
 0.788281  0.361946 -0.306595   1.43623
 0.803417  0.357594 -0.303205   1.46706
 0.796647  0.351015 -0.311186   1.45285
 0.976908  0.178157 -0.103707   1.75736
 0.953416  0.238393 -0.143717   1.72014
 0.936156  0.178158 -0.283463   1.69724
  0.93733  0.185012 -0.274015   1.69927
 0.933544  0.189543 -0.283059   1.69428
 0.935563  0.180392 -0.280642   1.69613
 0.930479  0.214192 -0.285353   1.69524
 0.933508   0.18999 -0.276345    1.6931
 0.934468  0.192452 -0.275061   1.69551
 0.763572   0.33064 -0.372654   1.40033
 0.768999  0.316835 -0.373139   1.40706
0.777223 0.325622 -0.36078  1.42149
 0.767453  0.320915 -0.365996   1.40162
 0.777194  0.307887 -0.377798   1.42535
 0.792875   0.32325 -0.355762   1.45336
0.779451 0.320502 -0.36308  1.42693
 0.775399  0.314153 -0.368364   1.41844
 0.949155   0.21925 -0.201559   1.71766
 0.894781  0.230109 -0.343272   1.63739
0.901738 0.233484 -0.33597  1.65155
 0.893689  0.221015 -0.352162    1.6342
 0.893738  0.215569 -0.360118   1.63458
 0.900453  0.210181 -0.350405    1.6447
0.895347 0.215871 -0.35342   1.6356
  0.90813  0.207626 -0.329258   1.65503
 0.906732  0.204447 -0.340734   1.65401
 0.912647  0.198062 -0.331102   1.66255
 0.908866  0.205114 -0.334118   1.65661
 0.896901  0.224148 -0.344339   1.63934
 0.902228  0.210627 -0.343776   1.64629
 0.906123  0.218496 -0.331154   1.65383
0.900663 0.215129 -0.34146  1.64425
 0.750521  0.290459 -0.410763   1.37754
 0.755527  0.280091 -0.409228   1.38447
0.760955 0.288319 -0.40103  1.39387
 0.753525  0.283772 -0.404507   1.37873
 0.762807   0.27427 -0.412794   1.40163
 0.773265  0.289158 -0.397815   1.42016
 0.762801  0.285266 -0.402676   1.39923
 0.760916  0.279727 -0.405965    1.3951
  0.77187  0.371095 -0.318116   1.41051
 0.766058  0.359987 -0.334455    1.4004
 0.781616  0.353212 -0.322472    1.4251
 0.776134  0.365614 -0.330091   1.42203
 0.761842  0.348256 -0.349592   1.39329
 0.758094  0.336719 -0.363068   1.38693
 0.772753  0.331972 -0.350908   1.41013
 0.767434  0.342241 -0.359531    1.4069
 0.788972  0.341391 -0.331139   1.44129
 0.788687   0.33214 -0.336612   1.43924
  0.77168  0.353873 -0.345608   1.41434
0.779416 0.337778 -0.34648  1.42456
 0.785274  0.347803 -0.332961   1.43496
 0.776603   0.34253 -0.338365   1.41675
 0.868387  0.238659 -0.378338    1.5945
 0.873387   0.24073 -0.373367   1.60419
 0.867962  0.233126 -0.386609   1.59402
0.868478 0.229236 -0.39238  1.59511
 0.874602  0.225996 -0.384873   1.60455
 0.869554  0.229274 -0.387372   1.59524
 0.880084  0.227731 -0.371328   1.61308
 0.880771  0.223048 -0.377222   1.61429
 0.887053  0.219189 -0.368994   1.62396
 0.881835  0.223193 -0.371777   1.61437
 0.870326  0.235008 -0.381116   1.59746
 0.875472   0.22614 -0.379948   1.60435
 0.876718  0.231944 -0.372708   1.60717
 0.873929  0.229838 -0.379261    1.6031
0.829573 0.244384 -0.41932  1.53101
 0.835606  0.242055 -0.421168   1.54227
 0.841138  0.238159 -0.419755   1.55061
 0.841783  0.242044 -0.414462   1.55205
 0.839468  0.240516 -0.419266   1.54892
 0.842042  0.247683 -0.407614    1.5525
 0.833019  0.244607 -0.419257   1.53752
 0.839285  0.247454 -0.414096   1.54943
 0.888421  0.252728 -0.313791   1.61976
 0.822252  0.236216 -0.435784   1.52006
 0.818704  0.238492 -0.435008   1.51468
0.819891 0.236877 -0.43325  1.51497
 0.825017  0.236931 -0.435861   1.52519
 0.827404   0.23691 -0.435196   1.52859
 0.825656  0.238547 -0.433337   1.52588
 0.826379  0.237391 -0.435246   1.52789
 0.822487  0.240726 -0.428045   1.51895
 0.823949  0.237709 -0.435786   1.52353
  0.82307  0.239245 -0.430771   1.52119
 0.825007  0.239045 -0.433726    1.5251
 0.754348  0.325781 -0.376071   1.38104
 0.750438  0.315622 -0.386567   1.37425
 0.762834  0.312301 -0.376592   1.39413
 0.75873 0.320585  -0.3839  1.39187
0.747775 0.305378 -0.39613  1.36976
 0.745614  0.295649 -0.404574   1.36613
    0.757  0.293418 -0.394866   1.38437
 0.753011  0.300116 -0.402513   1.38179
 0.769032  0.304041 -0.381747   1.40854
 0.769584   0.29667 -0.384992   1.40855
 0.755717   0.31016 -0.393772    1.3866
   0.7623  0.298412 -0.391964   1.39572
 0.766271  0.307677 -0.383288   1.40278
 0.759446  0.302592 -0.386916   1.38849
0.966093 0.162444 0.193849  1.73463
0.966112 0.162363 0.193735  1.73464
0.966155 0.162162 0.193679   1.7347
0.966001 0.162779 0.193894  1.73447
0.965963  0.16286 0.194009  1.73442
0.966039 0.162692 0.193791  1.73453
0.965922 0.162935 0.194183  1.73437
0.966024  0.16281 0.193857  1.73453
0.965982 0.162906 0.193967  1.73446
0.966591 0.160061 0.194137  1.73551
0.965935 0.162917 0.194113  1.73438
0.966915 0.158467 0.194321  1.73607
0.967438  0.15589 0.194566  1.73698
0.916254 0.260948 0.245264   1.6557
0.914087 0.270211  0.24015  1.65193
0.919182 0.264178  0.23481  1.65959
0.916492 0.268689 0.241089  1.65736
0.911988 0.279916 0.234383  1.64845
0.909579 0.289716 0.227887  1.64425
0.915572 0.281573 0.222258  1.65329
  0.9124 0.288058  0.22924  1.65065
0.922548 0.268094 0.225489  1.66547
0.922416 0.271428 0.218268  1.66447
0.914592 0.278273 0.235327  1.65428
0.917583 0.279932 0.224815  1.65805
0.919837 0.271613 0.230004  1.66213
 0.91725  0.27356 0.228864  1.65643
0.969132 0.148656 0.189776  1.73906
0.966062 0.152907 0.204666  1.73529
0.971023   0.1396 0.186411  1.74175
0.966749 0.160414 0.192195  1.73556
0.971773 0.132565 0.196643  1.74475
0.966056  0.15911 0.197759  1.73479
 0.978356 0.0999775   0.16538   1.75187
 0.987337 0.0803996  0.149022   1.77022
 0.982643 0.0847163  0.156724   1.75982
 0.984707 0.0828605  0.155745   1.76468
 0.979464 0.0836715  0.176656   1.75527
   0.9772 0.0826919  0.178618   1.74999
 0.980674 0.0953183  0.170765   1.75813
0.967839 0.156811 0.189586  1.73712
0.925255 0.266135 0.226385  1.67139
0.930186 0.250276 0.233956  1.68037
0.921054 0.262665 0.236079  1.66381
0.924073 0.253383 0.239589  1.66927
0.918656 0.259314   0.2458  1.66102
0.921068  0.25558 0.239514  1.66287
0.925997 0.253738 0.236042  1.67213
  0.9247  0.25766 0.230564  1.66882
 0.97609 0.102056 0.201113  1.75325
0.975368 0.117474 0.187588  1.75013
 0.97327 0.112268 0.192002   1.7453
0.966031 0.162674 0.193984  1.73454
0.966006 0.162637 0.194023  1.73449
0.966284  0.16107 0.194127  1.73492
0.966137 0.162057 0.193927  1.73469
0.966667 0.157263 0.196859  1.73579
 0.96616 0.160004 0.195911  1.73481
0.966384 0.161613 0.193439  1.73512
0.965882 0.163053 0.194305  1.73431
0.965946 0.162968 0.194074  1.73441
0.966685  0.14914 0.201589  1.73558
0.966254 0.162024 0.193584   1.7349
0.966648 0.158438 0.194603  1.73547
0.966171 0.162262 0.193655  1.73475
0.961016 0.160525 0.221226  1.72814
0.966121 0.162433 0.193721  1.73467
0.965915 0.162993  0.19417  1.73436
 0.96611  0.16247 0.193667  1.73464
0.966317 0.161818  0.19319  1.73494
0.966092 0.162606 0.193624  1.73461
 0.96607 0.162615 0.193721  1.73458
 0.96605 0.162836 0.193721  1.73457
0.966089 0.162564 0.193698  1.73461
0.966104 0.162537 0.193656  1.73463
0.966097 0.162537 0.193707  1.73463
0.929463  0.23351 0.245501  1.67706
  0.9292 0.236916 0.239922   1.6759
0.926464 0.228556 0.253459  1.67193
0.923707 0.224252 0.262429  1.66839
0.921754 0.233145 0.258925  1.66495
0.923813 0.231725 0.259388  1.66958
0.923245 0.245155 0.244672  1.66635
0.919959  0.24227 0.254771   1.6619
0.918092 0.251211 0.250131  1.65861
0.920365 0.249729 0.251024   1.6638
0.926972 0.235767 0.249741  1.67398
 0.92215 0.240783 0.255364  1.66683
0.924907 0.243584 0.246433  1.67023
0.924668 0.237545 0.249367  1.66899
0.942485 0.147435  0.26953  1.70052
0.944971 0.155344 0.266932  1.70415
0.947255 0.146471 0.266013  1.70856
0.945129 0.147987 0.266495   1.7039
0.948166 0.160078 0.258915  1.70853
0.954695 0.142869 0.253226  1.71981
0.951172 0.144704 0.259427  1.71374
0.949412 0.145496 0.260469     1.71
0.948813 0.152974  0.25832  1.70919
0.940534 0.148239 0.271313  1.69648
0.938094 0.157922  0.27304  1.69246
0.943011 0.156686 0.267411  1.69989
0.940126 0.156825 0.271791  1.69677
0.935755 0.167911 0.273621  1.68864
0.933462 0.177647 0.273255  1.68479
0.938856 0.174411 0.266764   1.6929
0.935648 0.176213 0.272509  1.68951
0.945556 0.161897  0.25956  1.70285
0.945225 0.166401 0.256182  1.70197
0.937919 0.166595 0.272624  1.69328
0.940732 0.172712 0.267048  1.69698
 0.94314 0.164782  0.26704  1.70141
0.940789  0.16621 0.267856   1.6964
0.968477 0.143583 0.196238  1.73802
  0.9322 0.273802 0.208022  1.68532
0.967598 0.150969 0.195522   1.7368
 0.96591 0.162945 0.194259  1.73435
0.967393 0.137685  0.20508  1.73643
0.965926 0.162849 0.194279  1.73438
 0.96786 0.158922 0.189418  1.73748
0.966438 0.159331 0.195674  1.73532
0.965961 0.162733 0.194212  1.73443
0.966294 0.160595 0.194947  1.73503
0.966202 0.161378 0.194509  1.73485
0.966056 0.161791 0.194704   1.7346
0.965904 0.162912  0.19426  1.73433
0.966195 0.161678 0.194009  1.73478
0.966027 0.162491 0.194049  1.73452
  0.9661 0.162316 0.193901  1.73464
0.966123 0.161011   0.1951  1.73472
0.966072 0.162406 0.194013  1.73461
0.966046 0.162141   0.1944  1.73458
0.966036 0.162574  0.19392  1.73453
0.966039  0.16246 0.194041  1.73454
 0.77062  0.12736 -0.46574  1.41048
 0.771802   0.13022 -0.466365   1.41441
 0.763447  0.130827 -0.470755   1.39926
 0.768244  0.123957 -0.465576    1.4043
0.764129  0.12605  -0.4687  1.39794
 0.765168  0.121901 -0.466119   1.39688
 0.765546   0.12368 -0.467268   1.39958
 0.765063  0.128773 -0.468376   1.40072
  0.76892  0.126908 -0.466937   1.40758
 0.779196  0.149902 -0.475055   1.43802
 0.758657  0.133225 -0.474323   1.39201
 0.753833  0.137047 -0.476595   1.38404
0.756567 0.131236 -0.47339  1.38604
 0.753926  0.133596 -0.474543   1.38164
 0.754397    0.1306 -0.472725   1.37997
 0.754685  0.131774 -0.473786   1.38238
 0.754543  0.135195 -0.475142   1.38416
 0.757428  0.133202 -0.474528   1.38936
  0.77356  0.160824 -0.479321   1.42977
 0.779462  0.137939 -0.467352   1.43246
 0.780729  0.142459 -0.464516   1.43429
 0.745794  0.145508 -0.478738   1.37038
 0.746751   0.14394 -0.479009    1.3722
 0.743525  0.144151 -0.477927   1.36421
 0.741824  0.144364 -0.477118   1.35925
 0.743142  0.142693 -0.476624   1.36131
 0.743457  0.143565 -0.477091   1.36242
 0.745995  0.141019 -0.477528   1.36853
 0.744454  0.140974 -0.476268   1.36349
 0.745656  0.139251 -0.475861    1.3654
 0.745904  0.140154 -0.476365    1.3664
 0.744717  0.143699 -0.477778   1.36648
 0.744721  0.141818 -0.476709   1.36447
  0.74575  0.142072 -0.477755    1.3684
 0.744825  0.142554 -0.477596   1.36635
 0.742297  0.145177 -0.477531   1.36063
 0.743508  0.145216 -0.478256   1.36464
 0.742618  0.146543 -0.478834   1.36358
 0.742341  0.145513 -0.478481   1.36247
 0.74363 0.148522 -0.48105  1.36832
 0.743281  0.147151 -0.479991   1.36645
 0.744382  0.146632 -0.479239   1.36806
 0.783751  0.167638 -0.457882   1.44184
 0.741223  0.152423 -0.481549   1.36465
 0.738914  0.156521 -0.481601   1.36079
  0.73928  0.151889 -0.479437   1.35839
 0.737964  0.154048 -0.479462    1.3561
 0.737721  0.152212 -0.478539   1.35334
0.737833 0.152721 -0.47917  1.35532
 0.738436  0.154885 -0.480893   1.35888
 0.740161  0.153361 -0.480578   1.36184
 0.791797  0.183573 -0.433785   1.44775
0.787385 0.171533 -0.44293  1.44169
 0.788587  0.176366 -0.441438   1.44366
 0.737027  0.160058 -0.481817   1.35797
  0.73573  0.164537 -0.481105   1.35578
 0.734981  0.159783 -0.479457   1.35132
 0.734166   0.16218 -0.479081   1.34984
 0.733441  0.160515 -0.478839   1.34652
 0.733617  0.160741 -0.478975   1.34831
 0.734659  0.162763 -0.480693   1.35281
 0.735988  0.161233 -0.480539   1.35505
 0.800863  0.201937 -0.469331   1.48469
 0.802614  0.203725 -0.471485   1.48929
 0.802225  0.210477 -0.467239   1.48945
 0.801862  0.211947 -0.462953   1.48746
 0.794765  0.203774 -0.474518   1.47607
 0.799239  0.208238 -0.472062   1.48513
0.733949 0.178754 -0.47737  1.35314
 0.735299  0.184308 -0.474595   1.35524
0.731633 0.179432 -0.47436  1.34555
 0.732239  0.182346 -0.472921   1.34639
 0.730217  0.181434 -0.474307   1.34158
 0.730576  0.180734 -0.473274   1.34285
 0.732769  0.182263 -0.474906   1.34968
 0.732961  0.180605 -0.475144   1.34982
 0.778399   0.16832 -0.462841   1.43354
 0.733364  0.188705 -0.472417   1.35106
 0.733971  0.186765 -0.472514   1.35185
 0.731288  0.189974 -0.469264     1.344
 0.728823  0.192719 -0.469537   1.33837
 0.728683  0.189399 -0.470877   1.33816
 0.730688  0.190803 -0.470771   1.34245
 0.730944  0.183813 -0.472043    1.3436
  0.72858  0.186205 -0.472088   1.33797
 0.728571  0.183115 -0.473265   1.33799
 0.730406  0.184408 -0.473183   1.34191
0.732671 0.188414 -0.47027  1.34701
 0.730491  0.187577 -0.472021   1.34209
 0.732178  0.185267 -0.471792   1.34633
 0.730971  0.186732 -0.470655   1.34338
 0.740077  0.158362 -0.484568    1.3663
 0.743047  0.155436 -0.484073   1.37137
 0.729951  0.208689 -0.462508   1.34028
 0.729385  0.204371 -0.464564   1.33931
  0.73318  0.204642 -0.461786   1.34679
 0.732173  0.206222 -0.464291    1.3452
 0.729121  0.200277 -0.466365   1.33886
 0.728876  0.196323 -0.468048   1.33842
 0.732176  0.196856 -0.465778   1.34524
 0.731313  0.198018 -0.467872   1.34362
 0.735794   0.20251 -0.465317   1.35496
 0.736213   0.20011 -0.465548    1.3553
  0.73167  0.202017 -0.466158   1.34428
 0.733867  0.198672 -0.465355    1.3489
 0.734836  0.202592 -0.463228   1.35046
 0.732454  0.200511 -0.463876   1.34547
 0.738657  0.178212 -0.482549   1.36696
 0.810983  0.237068 -0.435957   1.49986
 0.798816   0.23751 -0.429689   1.47201
 0.802048  0.241542 -0.428629   1.47921
 0.740607  0.188705 -0.478024   1.37069
 0.744145  0.211639 -0.463615   1.37496
 0.741823  0.207292 -0.464913   1.36989
 0.741235  0.220165 -0.454684   1.36435
 0.741524  0.217072 -0.455115    1.3643
 0.737726   0.22327 -0.450314   1.35406
 0.733283  0.228925 -0.451459   1.34582
 0.732299  0.223605 -0.454531   1.34419
  0.73607  0.225815 -0.453943   1.35204
 0.735584  0.213402 -0.456398   1.35061
0.731388 0.218371 -0.45736  1.34262
 0.730779   0.21337 -0.460025   1.34166
 0.734153  0.215421 -0.459534   1.34868
 0.739766  0.220606 -0.452373   1.35864
 0.735012  0.220595 -0.456864   1.35021
 0.738086  0.215643 -0.455612   1.35588
 0.736386  0.218065 -0.453485    1.3517
 0.754539  0.217652 -0.460678   1.39637
 0.747873   0.24235 -0.438676   1.37508
0.748616 0.238198 -0.43955  1.37582
  0.74343  0.246214 -0.434428    1.3629
0.737244 0.253766 -0.43606  1.35224
0.736259 0.247045  -0.4403  1.35062
   0.7411  0.249891 -0.439442   1.36078
  0.74095  0.234088 -0.442688   1.35908
 0.735389  0.240692 -0.444212   1.34922
 0.734411  0.234649 -0.447939   1.34765
 0.738795  0.237133 -0.447157   1.35675
 0.746082   0.24299 -0.437373   1.36897
 0.739954  0.243333 -0.443421   1.35876
 0.744074  0.236897 -0.441535   1.36565
 0.741954  0.239794 -0.438926   1.36045
 0.832656  0.275953 -0.370239   1.52813
 0.784182  0.256781 -0.413299   1.44127
 0.863778  0.256751 -0.355798   1.58202
 0.813417  0.256766 -0.402875   1.49592
 0.910814  0.247627 -0.283038   1.65895
 0.821146  0.288943 -0.366947   1.50887
  0.81622   0.37792 -0.254543   1.48618
  0.81608  0.366219 -0.263714   1.48378
 0.805891  0.393923 -0.241765    1.4654
  0.79261  0.417073 -0.231794   1.44535
 0.786815  0.406337 -0.255113   1.43512
 0.798271  0.412135 -0.248816    1.4603
 0.795723  0.372829 -0.283727   1.44818
 0.782137  0.394544 -0.277472   1.42724
 0.777237  0.382566 -0.298039   1.41896
 0.788425  0.388371 -0.292476   1.44314
 0.810554  0.388508 -0.257204   1.47791
 0.793626   0.40033 -0.271477   1.45224
 0.803555  0.378887 -0.277231   1.46543
 0.800396   0.38365 -0.264816   1.45627
 0.931171  0.235355 -0.243288   1.69045
 0.815156  0.452153 -0.112865   1.48469
  0.80667  0.446889 -0.144936   1.46928
 0.829176  0.427675 -0.133252   1.50543
 0.819894  0.451883 -0.135917   1.49887
 0.801381  0.438178 -0.176064   1.46001
  0.79695  0.427531 -0.204015   1.45199
 0.819041  0.411255 -0.188948   1.48712
  0.80936  0.433769 -0.196292   1.47983
 0.841285  0.406634 -0.150642    1.5266
 0.841625  0.393725 -0.165515   1.52454
 0.814497  0.443796 -0.167549    1.4893
 0.827039  0.417962 -0.179679   1.50573
 0.834155  0.425459 -0.154142   1.51933
 0.823252  0.421265 -0.164233   1.49535
 0.964349  0.200937 -0.162021   1.74114
 0.846168  0.442112 0.0219349   1.53701
   0.838181    0.448623 -0.00975566     1.52321
   0.859247    0.424512 -0.00538999     1.55694
    0.850527     0.449569 -0.000573626      1.55087
 0.831003   0.45222 -0.043029    1.5111
 0.823428  0.452969 -0.077103   1.49816
 0.847574  0.428665 -0.066916   1.53694
  0.836997   0.455255 -0.0675073    1.52815
  0.872207   0.404392 -0.0252277    1.57834
  0.873936   0.395494 -0.0463609    1.57973
  0.844038   0.453742 -0.0336831    1.54008
  0.856557   0.431577 -0.0555455    1.55746
  0.863145   0.429981 -0.0259482    1.56928
   0.85326   0.429036 -0.0368056    1.54718
  0.983762   0.148396 -0.0281142    1.76223
0.875498 0.396585 0.123025  1.58738
0.868371 0.409605 0.103242  1.57501
0.881657 0.391544 0.100887  1.59595
0.876124 0.407741 0.108739  1.59232
 0.861207  0.422057 0.0797019   1.56278
 0.853732  0.432118 0.0531116   1.54947
0.871537 0.409685 0.055525  1.57798
 0.863949  0.431981 0.0615515   1.57276
 0.888826  0.386626 0.0815836   1.60853
 0.888918  0.386416 0.0631882   1.60751
 0.870321  0.420594 0.0864763   1.58319
 0.877886  0.409743 0.0657206   1.59299
 0.883541  0.400857 0.0865052   1.60319
 0.876391  0.402696 0.0788265    1.5871
 0.979155  0.174891 0.0723107   1.75434
0.982846 0.169436 0.086119  1.76345
0.904813  0.34509 0.149782  1.63569
0.904841 0.346837  0.13666  1.63454
0.899164 0.345224  0.16526  1.62558
0.894321 0.346304  0.18239  1.61881
0.890342 0.357817 0.170205   1.6119
0.894989 0.355908 0.173148  1.62239
0.892404 0.366204 0.136985  1.61396
0.886287 0.369933 0.156317  1.60518
0.881393 0.382348 0.140886  1.59688
0.887313 0.380178 0.144661  1.61007
0.900543 0.354042 0.155161  1.63056
0.891542 0.367794 0.159501   1.6169
0.896486 0.364564 0.142388  1.62346
0.895737 0.356643 0.151539  1.61993
0.971696 0.144227 0.185448  1.74387
0.922173 0.343717 0.119682  1.67202
0.914613 0.305801 0.194325  1.65205
0.914409 0.308723 0.185035  1.65073
0.910546 0.302995 0.206962  1.64495
 0.90707 0.300893 0.220667  1.64029
0.904055 0.311747 0.212946  1.63513
 0.90732 0.309891 0.214406  1.64243
0.905656  0.32248 0.188362  1.63643
0.900996 0.323118 0.203946  1.63002
0.897685 0.334089 0.193842  1.62422
0.901632 0.332243 0.196235  1.63318
0.911406 0.311541 0.199934  1.64837
0.904646  0.32113 0.205663  1.63817
0.908368 0.320787 0.192031  1.64284
0.907969 0.313846 0.197987  1.64078
0.969566 0.151218 0.189148  1.74038
0.973147 0.149128 0.171796   1.7457
  0.9667 0.136198 0.211847   1.7362
0.927255 0.307313 0.173078  1.67786
0.936634 0.199321 0.257569  1.68889
0.936129 0.202906 0.253268  1.68734
0.934014 0.193234 0.264908  1.68471
 0.93131 0.187532 0.272339  1.68129
0.929227 0.196606 0.270665  1.67766
0.931199 0.195216 0.270481  1.68199
0.930468 0.210199 0.259642  1.67866
0.927405 0.205803 0.268333  1.67461
0.925532 0.214752 0.265532  1.67136
0.927557 0.213314  0.26567  1.67586
 0.93436 0.200883 0.262146  1.68641
0.929413 0.204373 0.268216  1.67902
0.932047 0.208673 0.260615   1.6822
0.931992 0.202518 0.262674  1.68143
0.965328 0.113566 0.235374  1.73652
0.966039 0.124878 0.223401   1.7364
0.962862 0.121211 0.237768  1.73188
0.962071 0.107695 0.243795  1.73072
0.958071 0.107745 0.257342  1.72567
0.958538 0.114458 0.250321  1.72459
0.959467 0.107024 0.248285  1.72556
0.953587 0.109412   0.2639  1.71895
0.948833 0.110796 0.263094  1.71011
0.951787 0.119827 0.264057  1.71576
0.951364 0.111918 0.263204  1.71386
0.954213 0.126601 0.259541  1.71911
0.956877 0.125199 0.251824  1.72206
0.955711 0.125453 0.252984  1.71964
0.955853 0.109221 0.258156  1.72079
0.953924 0.119197 0.259071   1.7174
0.957199 0.116376 0.249772  1.72144
0.955673 0.117429 0.259209  1.72137
0.963746 0.146387 0.221814  1.73269
0.962242 0.112932 0.244816  1.73148
0.959826 0.114464 0.245883  1.72608
0.959396 0.121971 0.240369  1.72424
0.958998 0.124714  0.24766  1.72581
0.965367 0.128403 0.221513  1.73419
  0.80692  0.214414 -0.460821    1.4976
 0.807598   0.20794 -0.465941   1.49859
 0.815565  0.210655 -0.458678     1.512
 0.809501  0.210835 -0.461326    1.5007
 0.806599  0.204439 -0.469979     1.497
0.802912 0.197433 -0.46565  1.48635
 0.811009  0.196307 -0.461995    1.5008
  0.80634  0.198199 -0.464144   1.49256
 0.826456  0.205266 -0.455268   1.53088
 0.822137  0.194466 -0.456724   1.52068
 0.845008  0.194005 -0.444353   1.56279
 0.828112    0.1964 -0.452398   1.53092
 0.80892 0.205258  -0.4672   1.5004
 0.815055  0.197103 -0.460106   1.50802
  0.81757  0.206328 -0.459283   1.51438
 0.814602  0.203682 -0.464706   1.51055
 0.744626  0.201302 -0.471138   1.37789
 0.98709 0.138032  0.07247  1.76844
 0.981771  0.187276 0.0668446   1.76307
 0.982347  0.171753 0.0559405   1.76173
 0.991459   0.12316 0.0456106   1.77629
 0.985617  0.162398 0.0381092   1.76857
  0.991971   0.109706 0.00946472    1.77846
 0.990476  0.149581 0.0154498   1.77811
 0.984644   0.16507 0.0432885   1.76556
 0.987908  0.155048 0.0605107   1.77261
0.970549 0.153576 0.181544  1.74172
 0.767507  0.162509 -0.478767   1.41812
 0.767015   0.16188 -0.479007   1.41717
 0.767993  0.162692 -0.479415    1.4194
 0.766688  0.162069 -0.479521   1.41681
 0.766602  0.162351 -0.479692   1.41677
  0.7668  0.16191 -0.47932  1.41691
 0.766666  0.161882 -0.479384   1.41666
 0.769063  0.161048 -0.476251   1.41975
  0.76994  0.160022 -0.474317    1.4203
 0.748354  0.145964 -0.481974   1.37872
 0.752388  0.143054 -0.481007   1.38578
0.769758 0.166359 -0.47802  1.42275
  0.77153   0.16023 -0.475444   1.42385
 0.774635  0.159541 -0.481391   1.43281
  0.76888  0.159598 -0.476258   1.41914
  0.76552  0.134465 -0.472226   1.40576
 0.771199  0.133806 -0.470565   1.41646
 0.768715  0.160632 -0.478333   1.42007
 0.769595  0.158189 -0.474626   1.41941
 0.776716  0.156411 -0.480842   1.43647
  0.75449  0.142724 -0.480313   1.38958
 0.777467   0.15279 -0.474496   1.43426
 0.766798  0.163557 -0.479226   1.41711
 0.766789  0.163741 -0.479425   1.41723
 0.767552  0.163916 -0.478892   1.41853
 0.766575  0.163594 -0.479662   1.41689
 0.770811  0.166263 -0.477942   1.42472
 0.768633  0.166616 -0.478394   1.42071
   0.7664  0.162858 -0.479782   1.41648
 0.768438  0.161027 -0.478329   1.41951
 0.766439  0.162451 -0.479693   1.41645
 0.768159  0.162082 -0.479612   1.41972
 0.767837  0.162382 -0.479472   1.41905
 0.772583  0.156698 -0.485305    1.4302
 0.767453   0.16225 -0.478801   1.41797
 0.766055  0.162139 -0.479227   1.41546
 0.767264  0.162097 -0.478737   1.41756
 0.76683 0.161719 -0.47907  1.41682
 0.766426  0.162058 -0.479376   1.41624
 0.766925  0.161898 -0.479107   1.41705
  0.76717  0.162161 -0.478849   1.41745
 0.766638  0.161685 -0.479156   1.41647
 0.784014  0.169198 -0.450296   1.43832
0.736769 0.166085 -0.48442  1.36134
 0.739114  0.163163 -0.484096    1.3652
 0.745053  0.150469 -0.483264   1.37377
 0.746655  0.157554 -0.488984   1.38211
 0.769184  0.159087 -0.476261   1.41973
  0.73887   0.16911 -0.484914   1.36668
  0.77262  0.167682 -0.478816   1.42904
 0.766281  0.162852 -0.479699   1.41623
 0.771066  0.167904 -0.479414   1.42631
 0.766351  0.163342 -0.479862   1.41652
 0.766501    0.1637 -0.479855   1.41687
 0.763905  0.169912 -0.474093   1.41033
 0.768546   0.16439 -0.475898   1.41906
 0.767784  0.163576 -0.476153   1.41762
 0.766922  0.163804 -0.477039   1.41639
 0.766162  0.162984 -0.479666   1.41599
 0.767833  0.163703 -0.477287    1.4183
  0.76692  0.163927 -0.479635   1.41761
0.767322 0.163904 -0.47952  1.41835
 0.767743  0.164702 -0.476165   1.41763
0.767111 0.163911 -0.47956  1.41796
    0.767  0.164023 -0.479283   1.41764
 0.975409  0.191296 0.0852021   1.74939
 0.976806  0.192373 0.0803894   1.75255
 0.910995  0.373104 0.0583927   1.65326
0.939554 0.272095 0.181231   1.6961
 0.977974  0.180869 0.0757525   1.75319
 0.983309  0.165462 0.0269143   1.76244
   0.982904    0.160274 1.95756e-05     1.76065
  0.984907   0.155117 0.00100018    1.76529
  0.984914   0.156711 -0.0166976    1.76603
  0.982257   0.159939 -0.0593146    1.76209
 0.975783  0.188851 0.0327536   1.74693
 0.978658  0.185804 0.0310894   1.75361
  0.983828   0.142544 -0.0612702    1.76371
 0.872605  0.367945 -0.188581   1.59122
  0.980112   0.174027 -0.0131741    1.75575
 0.978148  0.181497 0.0066905   1.75149
 0.967602  0.158322 -0.155681   1.73924
 0.973751  0.173282 -0.138038   1.75391
 0.956505   0.18357 -0.196836    1.7261
 0.847751  0.342905 -0.277175   1.55265
  0.877234   0.383052 -0.0906157    1.58798
 0.867808  0.366289 -0.122153   1.56439
 0.940564    0.2023 -0.237178   1.70263
 0.921448  0.220158 -0.276094   1.67393
 0.814077  0.319606 -0.344364   1.49586
 0.936596  0.261163 -0.186491    1.6956
0.900935 0.237813 -0.30808  1.64221
 0.792044  0.291958 -0.390298   1.45975
 0.914737  0.279481 -0.232582   1.66203
 0.844695  0.250339 -0.386687    1.5513
 0.857784  0.255494 -0.374218   1.57624
 0.859901  0.288877 -0.327719   1.57424
 0.824598   0.24617 -0.411616   1.51824
 0.835953  0.252622 -0.402494    1.5404
 0.815132  0.241465 -0.435108   1.50913
 0.811508  0.250477 -0.420185    1.4976
 0.820601  0.244597 -0.430074   1.51911
0.966141 0.162346 0.193561  1.73467
0.966088 0.162682 0.193654  1.73462
0.966211 0.162149 0.193435  1.73479
0.965979 0.162924 0.193885  1.73444
 0.96594 0.162985 0.194036  1.73439
0.966023 0.162825  0.19375  1.73451
0.966002 0.162975 0.193836   1.7345
0.966588 0.160949 0.193212  1.73546
0.965955 0.163066 0.193976  1.73443
0.966912 0.159883  0.19284    1.736
0.967427 0.158185 0.192211  1.73685
 0.96825 0.155509 0.191129  1.73822
0.937421 0.242326 0.228706  1.69324
0.966763 0.161223 0.192126  1.73571
0.970615 0.147528 0.181835  1.74102
 0.96634 0.155188  0.19918  1.73515
0.986647 0.101777 0.143662  1.76938
0.984883 0.102546 0.154157  1.76644
0.979552 0.116604 0.163271   1.7561
0.982259 0.126549 0.149583   1.7618
0.982851 0.110455 0.148287   1.7613
0.966937 0.160672 0.190871   1.7358
0.967465 0.159454 0.189137  1.73655
0.973503 0.137919 0.171708  1.74499
 0.93533 0.300868 0.113644  1.68591
 0.97544 0.131395 0.177992  1.75002
   0.966 0.162619 0.194096  1.73448
0.965979 0.162585 0.194138  1.73444
0.966075 0.162015 0.194303  1.73461
0.965936 0.162739 0.194231  1.73438
0.966218 0.158291 0.197219  1.73494
0.965679 0.160705  0.19801  1.73418
0.965899 0.163036 0.194215  1.73433
0.966492 0.161799 0.192766  1.73528
0.965918  0.16309 0.194112  1.73437
0.966319 0.162154 0.193165    1.735
0.966212 0.162372 0.193424  1.73482
0.969582 0.158652 0.176813  1.73932
0.966144 0.162478 0.193562   1.7347
0.965128 0.162132 0.198789  1.73324
0.966121 0.162532 0.193531  1.73465
0.966055 0.162847 0.193572  1.73455
0.965946 0.163092 0.193913  1.73439
0.966064 0.162712 0.193658  1.73457
 0.96611 0.162542 0.193644  1.73465
0.966032 0.163034 0.193669  1.73455
0.948572 0.181139 0.243099  1.70851
0.953789 0.144677 0.251654  1.71702
0.951566 0.155891 0.248167  1.71263
0.943182 0.210957 0.241207  1.70194
0.966223 0.145688 0.210442   1.7359
0.966601 0.161457 0.191981  1.73533
0.940853 0.229636 0.216302  1.69438
0.966044 0.156856 0.200428  1.73495
0.965889 0.162916 0.194418  1.73433
0.965924 0.162731 0.194434  1.73439
0.964239 0.154119 0.212828  1.73288
0.966063  0.16045  0.19618   1.7347
0.966061 0.161272 0.195255  1.73464
0.965915 0.161892 0.195195  1.73438
0.965862 0.163068 0.194355  1.73428
0.966096 0.161629 0.194606  1.73465
0.965997 0.162427 0.194226  1.73447
0.966058 0.162282 0.194139  1.73458
0.965835 0.161406 0.196355  1.73434
0.966034 0.162374 0.194205  1.73455
 0.96599 0.162292 0.194444  1.73447
 0.762344  0.137884 -0.475109   1.40157
 0.772417   0.15807 -0.482156   1.42839
 0.770958  0.158165 -0.476969   1.42304
 0.773295  0.146241 -0.477441   1.42645
 0.748803  0.148595 -0.483201   1.38097
 0.774538    0.1713 -0.464257   1.42698
 0.767887   0.15996 -0.478622    1.4184
 0.744951  0.154354 -0.484665   1.37536
 0.77819 0.173364 -0.45254  1.42828
 0.767772  0.171298 -0.469937   1.41622
 0.780657  0.193907 -0.469004   1.44328
 0.750778  0.150904 -0.487164   1.38794
 0.735334  0.174954 -0.482611   1.35943
 0.736784  0.171874 -0.482599   1.36162
 0.750376  0.194549 -0.477576   1.39107
 0.744473  0.175789 -0.487501   1.38083
 0.735961  0.185167 -0.478695   1.36074
 0.736508  0.181852 -0.479026   1.36125
 0.746236  0.184535 -0.483866   1.38414
 0.738461  0.197202 -0.472445   1.36497
 0.738201  0.193391 -0.473124    1.3639
 0.771482  0.232634 -0.437338    1.4207
 0.762853  0.204096 -0.474477   1.41576
 0.797796  0.215931 -0.462887    1.4812
 0.787641  0.208978 -0.472616   1.46389
 0.790566  0.215031 -0.462328   1.46602
 0.752363  0.232314 -0.450875   1.39011
 0.750844  0.226538 -0.452361   1.38621
 0.764708  0.216985 -0.456393   1.41284
 0.761803   0.25752 -0.428786   1.40466
 0.760923  0.248721 -0.432214   1.40202
 0.776827  0.264147 -0.422782   1.43497
 0.774396  0.285906 -0.398575   1.42424
 0.772094  0.275254 -0.404151   1.41871
 0.802737  0.266356 -0.404429   1.47924
 0.792985   0.31613 -0.355981   1.45384
0.787244 0.304062 -0.36483  1.44126
 0.819607  0.345246 -0.294752   1.49706
 0.809414  0.332677 -0.307834   1.47488
  0.88894  0.292776 -0.279096   1.62275
 0.877191   0.27895 -0.319184   1.60661
 0.849333  0.372384 -0.203048   1.54361
 0.843456  0.355661 -0.222118   1.52889
 0.965726  0.214926 -0.104528   1.73765
 0.922224  0.305175 -0.144209   1.66669
  0.978749    0.16894 -0.0611005    1.75453
 0.946124  0.221495 -0.181475   1.70617
 0.898576  0.372619 0.0410212   1.62343
   0.899821    0.374845 -0.00918044     1.62859
0.909708 0.350727 0.113034  1.64466
 0.908093  0.353576 0.0838139   1.63965
0.975594 0.191852 0.089024  1.74961
 0.970012  0.214997 0.0438366   1.73848
 0.976186  0.192787 0.0564502   1.74937
0.919836 0.311368  0.16717  1.66073
0.919946  0.31582 0.145812  1.65936
0.933725 0.279218 0.154953  1.68017
0.926251 0.277852 0.204815  1.67184
0.925963 0.285759 0.186743   1.6701
0.931782 0.246703 0.229008   1.6812
0.930742 0.253412 0.217545  1.67796
0.968906 0.156783 0.186547  1.73913
 0.93791 0.214979 0.244115  1.69119
0.936413 0.221275 0.236158  1.68716
0.945336 0.183515 0.251592  1.70368
0.942567 0.189491 0.246674  1.69702
 0.95825 0.144605 0.244128  1.72571
0.968285 0.157536 0.186257  1.73769
  0.78964  0.244958 -0.429399   1.45807
 0.802826  0.221183 -0.453856   1.48777
 0.808255    0.2264 -0.448573   1.49774
 0.809351  0.231341 -0.442381   1.49819
  0.81216  0.235019 -0.438794   1.50327
 0.801149  0.232825 -0.439012    1.4807
 0.807228  0.229227 -0.443113   1.49347
 0.778154  0.223829 -0.449671   1.43863
 0.798451  0.200079 -0.471919    1.4807
 0.788588  0.197227 -0.465989   1.45887
  0.79626  0.201848 -0.474107   1.47814
 0.985993  0.119633 0.0979325   1.76479
0.988044 0.106022 0.115676  1.76997
  0.98663 0.0848161  0.110827   1.76421
0.982925 0.117116 0.126911  1.75959
0.985965 0.121523  0.11256  1.76606
0.967562 0.160892 0.187129  1.73664
0.977472 0.142065 0.135546  1.75024
 0.977612   0.18398 0.0839905   1.75303
 0.767632  0.162121 -0.478958   1.41838
0.767099 0.161764 -0.47888  1.41725
 0.766926  0.161643 -0.479015   1.41695
 0.768018  0.162183 -0.479777   1.41954
 0.768382  0.161795 -0.479852   1.42027
 0.766313  0.162423 -0.479536   1.41615
 0.770687  0.169483 -0.477807   1.42524
 0.767434  0.161697 -0.479214   1.41803
 0.755979   0.14596 -0.484593   1.39595
 0.767675  0.161932 -0.479892   1.41885
 0.769897  0.157505 -0.475053   1.42017
 0.763033  0.142592 -0.481548    1.4079
 0.765578  0.162864 -0.478898   1.41448
0.771218 0.157206 -0.47892  1.42439
 0.772947  0.153831 -0.482213   1.42897
 0.765383  0.155559 -0.478239   1.41235
 0.767413   0.14296 -0.481129   1.41633
 0.780518  0.145265 -0.467365   1.43569
 0.772427  0.143813 -0.479453   1.42585
  0.76835  0.156639 -0.475584   1.41711
 0.766809  0.163851 -0.479731   1.41743
0.766641 0.163831 -0.47974  1.41711
 0.766844  0.163858 -0.478516   1.41697
 0.766338  0.163498 -0.479774   1.41647
0.769638 0.168472 -0.47989  1.42378
 0.765844  0.162746 -0.479103   1.41508
 0.766156  0.162544 -0.479523   1.41584
0.767829 0.161383 -0.48004  1.41916
 0.768724  0.168306 -0.480422   1.42226
 0.766226  0.162148 -0.479396   1.41586
 0.767146  0.160836 -0.480669   1.41805
 0.766395  0.161849 -0.479277   1.41608
0.766617 0.161636 -0.47927  1.41648
 0.766607  0.161813 -0.479223   1.41648
 0.767256  0.161871 -0.478855   1.41757
 0.765998  0.161981 -0.479292   1.41533
 0.767376  0.161851 -0.479043   1.41784
 0.766946  0.161577 -0.479167   1.41704
 0.773989  0.172359 -0.459083   1.42313
 0.744997  0.167951 -0.489225   1.38119
 0.753068  0.159037 -0.496023   1.39838
0.771603 0.170749 -0.46859  1.42323
 0.770197  0.169919 -0.475358   1.42346
 0.768061  0.158259 -0.476652   1.41748
 0.769344  0.169278 -0.479412   1.42335
 0.765965  0.162944 -0.479174   1.41539
 0.766191  0.163463 -0.479309   1.41599
 0.767545  0.170324 -0.476263   1.41863
 0.768012  0.166451 -0.478571   1.41962
 0.767303  0.164555 -0.476693   1.41705
 0.766424  0.163739 -0.479095   1.41639
 0.767443   0.16944 -0.480046   1.41986
  0.76724  0.163921 -0.476334   1.41668
0.767061 0.163946   -0.478  1.41716
 0.766863   0.16399 -0.479473   1.41746
 0.766339  0.164306 -0.477447   1.41549
 0.766608    0.1639 -0.479562   1.41697
 0.766465  0.163884 -0.478642   1.41627
 0.974689  0.196969 0.0760401   1.74748
 0.929376  0.327079 0.0761855   1.67833
 0.925261  0.338037 0.0237092   1.67075
0.927014 0.306262 0.107125  1.66756
  0.980784   0.180182 0.00262749    1.75816
 0.919061  0.325154 0.0467361   1.65192
  0.981285   0.180594 -0.0294331    1.76068
  0.975559    0.20274 -0.0179054    1.75007
  0.975834   0.201535 -0.0562625    1.75381
 0.971709  0.211539 0.0101297   1.74166
 0.972685  0.187947 -0.103382   1.74879
0.961485 0.199154 -0.14021  1.72954
  0.90566  0.351879 -0.147891   1.64926
  0.954959   0.255186 -0.0949434    1.72049
 0.891308  0.332896 -0.215626    1.6238
  0.965186   0.228974 -0.0565944    1.73395
 0.926722  0.242623 -0.225292    1.6771
 0.903196  0.261707 -0.271231   1.64206
0.853701 0.323945 -0.27409  1.55439
 0.908628  0.286343 -0.210267    1.6438
 0.820607  0.302685 -0.334463   1.49754
 0.872707   0.31296 -0.263421   1.58945
 0.839548  0.255005 -0.389355   1.54273
 0.818715  0.252413 -0.413525   1.51016
 0.845971   0.30769 -0.319902   1.54971
 0.853139  0.277102 -0.359813   1.56937
0.966179 0.162417   0.1934  1.73474
  0.9661 0.162689 0.193508  1.73462
0.966091 0.162815 0.193561  1.73463
0.966255 0.162239  0.19312  1.73484
0.966388 0.161944 0.192682  1.73503
0.965903 0.163114 0.194124  1.73434
0.965011 0.156756 0.205036  1.73343
0.966169 0.162564  0.19324  1.73471
0.965911 0.163259 0.194034  1.73436
0.96719 0.16031 0.19109  1.7364
0.946919 0.224169 0.221277  1.70857
0.966548 0.162303 0.191989  1.73534
0.969563 0.154571 0.181447  1.73945
0.965757 0.163391 0.194607  1.73413
0.942395 0.249372 0.204554  1.70085
0.966857    0.162 0.190875  1.73582
0.971549 0.149945 0.173033  1.74213
0.974355 0.144076 0.159803  1.74607
0.976714 0.146029 0.151622   1.7509
0.968058 0.160941  0.18626  1.73769
0.965984 0.162572 0.194311  1.73448
0.965945 0.162544 0.194367  1.73439
0.965963 0.162159 0.194698  1.73444
0.965884 0.162832 0.194408   1.7343
0.965411 0.159455 0.200757  1.73391
0.965805 0.163348 0.194424   1.7342
0.965873 0.163218  0.19422   1.7343
0.966351 0.162485 0.192688  1.73503
0.966226 0.162576 0.193125  1.73483
 0.96701 0.161587 0.189619  1.73588
0.966326 0.163065 0.192234  1.73498
0.965969 0.163189 0.193838  1.73445
 0.96641 0.162319 0.192171  1.73505
   0.966 0.162997 0.193718  1.73447
0.966127 0.162597 0.193529  1.73468
0.965912 0.163479 0.193888  1.73437
 0.96615 0.162617 0.193402  1.73471
0.966103 0.162801 0.193373  1.73462
0.959662 0.141991 0.229778  1.72438
0.952121 0.164279 0.249555  1.71542
0.963167 0.143099 0.224298  1.73171
0.957738 0.156692 0.233168  1.72283
0.964595 0.149995 0.210853   1.7327
0.967334 0.161574 0.189139  1.73658
0.964946 0.157964 0.204835  1.73341
0.965832 0.163086 0.194541  1.73424
0.965404 0.159828 0.200182  1.73382
0.965861 0.162826 0.194663  1.73429
0.965673 0.160868 0.197567   1.7341
0.965828   0.1615 0.196069  1.73428
0.965908 0.162472 0.194638  1.73434
0.964152 0.162702  0.20494   1.7323
0.965921 0.161836 0.195374  1.73442
0.965969 0.162111  0.19478  1.73446
0.965981  0.16234 0.194432  1.73446
0.965717 0.162323 0.195632  1.73406
0.965935 0.162546 0.194467  1.73439
0.965864 0.162688  0.19462  1.73427
0.760613 0.145452 -0.48283  1.40424
 0.768488  0.155815 -0.482331   1.42034
 0.767802  0.151021 -0.486033   1.42036
0.755112  0.14985 -0.48619  1.39592
0.766767 0.169641 -0.47841  1.41807
 0.750906  0.155638 -0.488947   1.39027
 0.767965  0.157789 -0.476905    1.4174
 0.747319  0.161168 -0.489541   1.38457
 0.743113   0.16359 -0.488895   1.37623
 0.768901  0.194673 -0.487046   1.43075
 0.741021  0.171026 -0.487721   1.37295
 0.754917  0.195258 -0.484244   1.40304
 0.751267  0.168478 -0.497589   1.39762
 0.741009  0.179586 -0.484846   1.37307
 0.752649  0.182731 -0.494435   1.40151
 0.743154  0.189272 -0.479409   1.37631
 0.756749  0.190733 -0.489774   1.40868
 0.747478  0.200568 -0.471037    1.3827
 0.756835  0.206871 -0.468403   1.40176
 0.757649   0.21434 -0.459544   1.39994
 0.798814  0.279231 -0.379016   1.46272
 0.831265  0.268174 -0.391087   1.53258
 0.885885  0.334199 -0.177371   1.60261
 0.934142  0.264686 -0.168498   1.68699
  0.909455   0.348994 -0.0921905    1.64693
 0.949624  0.242169 -0.129501   1.70927
  0.923286   0.328685 -0.0906132    1.67057
  0.916252   0.335547 -0.0240039    1.65046
 0.941873  0.307669 0.0458781   1.69863
0.972871 0.214042 0.039964  1.74522
0.974387 0.165908 0.132011  1.74591
 0.953202  0.279581 0.0376262   1.71622
0.968776 0.191856 0.139308  1.73787
0.938785 0.285196 0.146219   1.6926
0.951319  0.24497 0.175284  1.71466
0.948076 0.255275 0.156297  1.70652
 0.950992  0.273145 0.0972798   1.71171
0.936542 0.254807 0.193213  1.68616
0.969143 0.160199 0.181489  1.73933
0.970883 0.206584 0.113832  1.74325
0.954751 0.161904 0.231347  1.71606
0.956826 0.185532 0.219134  1.72225
0.946324 0.203107 0.230961  1.70428
0.951355  0.18045 0.237289    1.713
 0.799616   0.22166 -0.455346   1.48241
  0.78547  0.218169 -0.450176   1.44988
 0.791086  0.227471 -0.447186   1.46255
0.774175 0.206796 -0.47065  1.43741
 0.777752  0.202788 -0.480681   1.44677
 0.780505  0.189296 -0.472549   1.44505
0.980967 0.148105 0.101914  1.75627
0.980903 0.142911 0.130972  1.75819
0.970724 0.159621 0.173229  1.74164
0.980677 0.153275 0.102787  1.75659
 0.96871   0.1655 0.177157  1.73838
 0.973254  0.192944 0.0819042   1.74356
 0.956682  0.259695 0.0931709   1.72098
 0.767728  0.161712 -0.480363   1.41917
 0.766297  0.161706 -0.479343   1.41588
 0.767885  0.161077 -0.480421   1.41947
0.765944 0.162542 -0.47918  1.41529
 0.767911  0.159561 -0.478719   1.41851
 0.761413  0.158849 -0.494857   1.41336
 0.761309  0.153321 -0.492257   1.41166
 0.766889  0.166273 -0.478943    1.4175
 0.766554  0.158839 -0.479137   1.41593
 0.768047  0.156034 -0.476493   1.41691
 0.769139  0.156646 -0.479615    1.4204
 0.769486  0.156152 -0.486313   1.42432
0.768286 0.155114 -0.48999  1.42377
 0.772819  0.152015 -0.484378   1.42988
 0.767229  0.149243 -0.488337   1.42072
 0.766617  0.157416 -0.477358   1.41482
0.765926 0.163085 -0.47911  1.41529
 0.766646   0.16598 -0.479073   1.41712
 0.767272  0.168189 -0.480902   1.41954
 0.765332  0.168563 -0.481717   1.41632
 0.765829  0.162339 -0.479195   1.41502
 0.767217  0.161591 -0.480531    1.4182
 0.767028  0.161425 -0.479736   1.41742
 0.766892  0.168968 -0.481208    1.4193
 0.763473  0.167169 -0.482187   1.41288
 0.766291  0.161827 -0.479277   1.41589
 0.766673  0.161553 -0.479262   1.41653
 0.765481  0.162389 -0.479702   1.41455
 0.750675   0.17506 -0.496847   1.39737
 0.768198  0.172755 -0.461156   1.41237
 0.747903  0.170861 -0.496725   1.39084
 0.766697  0.170259 -0.473144   1.41559
 0.766867  0.159126 -0.479074   1.41649
 0.758176  0.159407 -0.496003   1.40761
0.765651 0.163128 -0.47851  1.41447
 0.762947  0.169076 -0.470054   1.40601
 0.764935  0.158586 -0.479442   1.41288
0.766892 0.167818 -0.48123  1.41896
  0.76592  0.163334 -0.478361   1.41498
 0.765361  0.163456 -0.478913   1.41414
  0.76651   0.16455 -0.476956   1.41557
 0.766159  0.163633 -0.479178   1.41587
 0.765749  0.165227 -0.479307   1.41534
 0.766386  0.163888 -0.477218   1.41542
 0.970525  0.216485 0.0906406   1.74255
 0.971287    0.2176 0.0657214   1.74303
  0.968047   0.236565 -0.0167148    1.74017
 0.939431  0.296904 0.0633217   1.69003
  0.973482   0.215642 -0.0133239    1.74816
  0.962623   0.236103 -0.0556905    1.72942
  0.972372   0.211498 -0.0557018    1.74729
  0.962851   0.217306 -0.0952223    1.72972
  0.953808   0.254213 -0.0811568    1.71583
  0.962406   0.239274 -0.0215297    1.72749
 0.936339  0.304266 -0.132117   1.69774
  0.952147   0.277565 -0.0531986     1.7157
 0.942181  0.280239 -0.130202   1.70337
 0.920376  0.306909 -0.174526   1.66927
0.966264 0.162486 0.192822  1.73485
0.965999 0.163303 0.193634   1.7345
0.965845 0.163251 0.194302  1.73425
0.966034 0.163056 0.193489  1.73452
0.966645 0.162026 0.191154  1.73537
0.963296 0.161708 0.209098  1.73097
0.967244 0.163689 0.187278  1.73636
0.965415 0.162458 0.197726  1.73378
0.968388 0.159914 0.183205  1.73776
0.966576 0.163098 0.190583  1.73527
0.952362 0.227092 0.196766  1.71638
0.966517  0.16318 0.191232  1.73527
0.971174  0.15797 0.167269  1.74152
0.956983 0.174184 0.220649  1.72076
0.948776 0.230611 0.188256  1.70712
0.967351 0.163454 0.185736  1.73629
0.965811 0.163058  0.19459   1.7342
0.965505 0.162229 0.196772  1.73376
0.964963 0.162551  0.20036  1.73325
0.965739 0.163773 0.194418  1.73411
0.965843 0.163492 0.194171  1.73426
0.966196 0.162965 0.192859  1.73477
0.965891 0.163298 0.194008  1.73432
 0.96596 0.163224 0.193711  1.73441
0.966158 0.162856 0.193128  1.73471
0.964898 0.164265 0.198869  1.73307
0.966079 0.163042 0.193458  1.73462
 0.96636 0.162997 0.191763  1.73496
0.960884 0.156847 0.220863  1.72725
0.959499 0.172308 0.220062  1.72634
0.962696 0.162343 0.212586  1.73048
0.966809 0.163395 0.189729  1.73572
0.966848  0.16655 0.186047  1.73565
0.964471 0.161997  0.20239  1.73239
0.965761  0.16307 0.194895  1.73414
0.961245 0.168617 0.211436  1.72776
0.965741 0.162935 0.194902  1.73407
0.966757  0.16687 0.185264  1.73534
0.965675 0.162431 0.196184  1.73409
  0.9658  0.16267 0.194984  1.73419
0.965645 0.162998 0.195672    1.734
0.965813 0.162459 0.195286  1.73424
 0.762225  0.149796 -0.489638   1.41137
 0.764693   0.15587 -0.485681   1.41444
 0.757048  0.153763 -0.493687   1.40399
 0.756756   0.15786 -0.495468   1.40523
 0.766344  0.155908 -0.477062   1.41371
 0.753521  0.162748 -0.497115   1.40068
  0.74983  0.164583 -0.497001   1.39356
 0.762834  0.180842 -0.479291    1.4115
 0.747824  0.178065 -0.495039   1.39116
 0.764895  0.157358 -0.478165    1.4118
0.750345 0.186549 -0.49138  1.39577
 0.763147  0.170611 -0.466995   1.40493
 0.770177  0.186366 -0.476144   1.42514
0.763965 0.178059 -0.48016   1.4142
0.767978  0.19849   -0.484  1.42764
 0.760677    0.1779 -0.482377   1.40866
   0.93658   0.306801 -0.0925126    1.69292
 0.928146  0.330154 -0.037451   1.67657
  0.943056    0.30101 -0.0889235    1.70549
 0.936199  0.304475 0.0132315    1.6838
 0.954206  0.276386 0.0717433   1.71876
 0.956595  0.282068 0.0277979   1.72489
0.946697 0.296379 0.077545    1.708
0.946383 0.284498 0.103179  1.70535
0.974896 0.166024 0.139816    1.748
0.945819 0.263936 0.128125  1.69991
 0.94537 0.249995 0.162053  1.69955
0.972918 0.159458 0.153763    1.744
 0.95161 0.210689 0.206473  1.71261
0.956339 0.253389 0.115132  1.72033
0.950421 0.199217 0.232771   1.7136
 0.95527 0.179153 0.231722  1.72062
0.967871 0.164289 0.183425  1.73726
0.969614 0.168898 0.164988  1.73921
 0.769549   0.18391 -0.476945   1.42456
 0.760737  0.189694 -0.489949   1.41472
  0.77839  0.206701 -0.475879   1.44605
 0.763218  0.199535 -0.481723   1.41943
0.972773  0.16042 0.160183  1.74468
0.976514 0.178126 0.109884  1.75099
0.973743 0.180245 0.104046  1.74408
0.966999 0.169532 0.181497  1.73572
 0.968127  0.215491 0.0717881   1.73519
 0.961659  0.248962 0.0904052   1.72941
0.954455 0.240202 0.145752  1.71606
0.966891 0.180982 0.165885  1.73496
 0.767124  0.161566 -0.479315   1.41743
0.766813 0.161467 -0.47982  1.41704
 0.767134  0.161392 -0.481108   1.41831
 0.765819  0.161957 -0.479981   1.41525
 0.766266  0.161743 -0.479948   1.41611
 0.766987  0.160573 -0.481114   1.41798
 0.764694  0.169313 -0.479096   1.41415
  0.76587  0.162068 -0.479747   1.41531
 0.766188  0.160565 -0.481367   1.41649
 0.766084  0.157102 -0.477788   1.41397
 0.765493  0.155791 -0.490889   1.41874
 0.753295  0.168791 -0.497075   1.40024
 0.758161  0.162455 -0.496903   1.40871
 0.766386  0.156325 -0.483046   1.41655
 0.765586  0.163215 -0.478714   1.41446
 0.765633  0.166811 -0.481756   1.41658
 0.765415  0.162849 -0.479213   1.41428
 0.765673  0.167313 -0.481624   1.41659
 0.765602   0.16246 -0.479358   1.41468
  0.76658  0.161502 -0.481269   1.41729
 0.766305  0.161492 -0.480014   1.41612
 0.765177  0.163136 -0.479893   1.41418
  0.76634  0.161462 -0.480936   1.41664
 0.765748  0.160469 -0.481645   1.41581
 0.756251  0.166774 -0.497632   1.40615
 0.755332  0.172118 -0.497152   1.40507
 0.753005  0.174509 -0.495969   1.40011
 0.763747  0.168842 -0.476459    1.4111
 0.764616  0.168564 -0.480652   1.41468
 0.758518  0.165629 -0.474275   1.39865
 0.758737  0.162869 -0.488293   1.40541
0.765294 0.168012 -0.48245  1.41657
 0.765376  0.163933 -0.478628   1.41409
 0.763887  0.158756 -0.479757   1.41095
0.765687 0.165484  -0.4794  1.41524
 0.765675  0.163715 -0.478144   1.41443
0.765823 0.163516 -0.47797   1.4146
 0.766267  0.163696 -0.477825   1.41547
  0.76515  0.164549 -0.479783   1.41426
 0.765668  0.164116 -0.477669    1.4142
0.963622 0.247165 0.066082  1.73224
 0.965767   0.25231 0.0566565   1.73834
0.962786 0.247985 0.018052   1.7295
 0.968528  0.236335 0.0175827   1.74044
  0.937469   0.304055 -0.0414416    1.68899
   0.951757    0.276395 -0.00470513       1.712
0.966145 0.162856 0.193255  1.73471
0.966098 0.163091 0.193123  1.73461
0.966211 0.162939 0.192588  1.73475
0.965934 0.163735 0.193627  1.73442
0.965822 0.163854 0.194015  1.73424
0.965999 0.163348 0.193372  1.73446
0.963333 0.166033 0.203447  1.73055
0.966067 0.163371 0.193302  1.73461
0.966228   0.1639 0.191876  1.73481
 0.96689 0.163213 0.188648  1.73568
 0.96797 0.163965 0.181188  1.73705
0.963835 0.168183 0.198075  1.73101
0.968751 0.165582 0.174738   1.7381
0.966366 0.164463 0.190745  1.73502
0.965826 0.171076 0.186765  1.73412
0.966561 0.165274 0.188873  1.73527
 0.96585 0.162389 0.194888  1.73424
0.965909 0.162447 0.194755  1.73437
0.965709 0.163455 0.194745  1.73405
0.965114 0.163569 0.197133  1.73311
0.964484 0.164471 0.199204  1.73217
0.966076 0.167536 0.188719  1.73446
0.965806 0.163548 0.194199  1.73419
0.966151 0.163577   0.1927  1.73473
0.965673  0.16385 0.194551  1.73399
 0.96589 0.163534 0.193773  1.73431
0.966071 0.163396  0.19296  1.73456
0.965675 0.164366  0.19427  1.73402
0.957683 0.189833 0.202034  1.72122
0.954219 0.189594 0.215517    1.716
0.958981 0.179296 0.208464  1.72364
0.962533 0.168504 0.208707  1.73023
0.964053 0.165849 0.202374  1.73203
0.965633 0.163502 0.195075  1.73394
0.965592 0.163467 0.195176  1.73385
0.962161 0.171986 0.202391  1.72856
0.965354 0.163505 0.196861  1.73363
0.965449 0.163534  0.19579  1.73364
0.965483 0.163122 0.195711  1.73364
0.965689 0.162914 0.195345  1.73403
 0.762467  0.155501 -0.493497   1.41408
 0.762839  0.156427 -0.479673   1.40813
 0.765441  0.158776 -0.479496   1.41385
 0.764212  0.157249 -0.478493    1.4106
 0.755154  0.163683 -0.497186   1.40305
 0.760635  0.167274 -0.473611   1.40296
 0.760839  0.175533 -0.483943   1.40966
 0.763017  0.158854 -0.479199   1.40902
 0.757651  0.173315 -0.485011   1.40327
 0.758297  0.166364 -0.487477   1.40483
 0.756486  0.177984 -0.495471   1.40754
 0.755178  0.181067 -0.493212   1.40409
    0.942496     0.308102 -0.000426152       1.7001
  0.958668   0.283586 -0.0250368    1.73149
0.952127 0.263727  0.12151  1.71404
0.964782 0.237764 0.110199  1.73547
0.955333 0.231559 0.166409  1.71902
0.970308 0.175018 0.153456  1.74029
0.963075 0.170821 0.203001  1.73068
0.953415 0.208268 0.205607  1.71595
0.958467 0.207004 0.191881   1.7248
0.955116  0.19686 0.214391   1.7194
0.958296 0.223773 0.158457  1.72259
0.956899 0.210769 0.180996   1.7199
0.969762 0.168305 0.167852  1.73986
0.964302 0.224167 0.142133  1.73468
0.967078 0.174173 0.175743  1.73574
0.970967 0.172976 0.154786  1.74163
 0.965402  0.248651 0.0850975   1.73802
 0.957396  0.269928 0.0697131   1.72399
0.968054 0.207928 0.102019   1.7356
0.961625 0.242908 0.111303  1.72958
 0.766318  0.161405 -0.482175   1.41725
 0.765136  0.162434 -0.481228   1.41455
  0.76495  0.163223 -0.480551   1.41403
 0.765792  0.162103 -0.481194   1.41581
 0.760856  0.159889 -0.487859   1.40878
0.765662 0.161623 -0.48108  1.41537
 0.764279  0.156404 -0.478654    1.4105
 0.764769  0.163574 -0.482026   1.41445
 0.761207  0.157963 -0.487439   1.40878
 0.764358  0.160693 -0.482187   1.41344
  0.76511  0.163713 -0.479609   1.41399
 0.764458  0.166874 -0.483157   1.41505
 0.765227  0.161765 -0.482683   1.41539
  0.76471  0.166294 -0.482018   1.41473
 0.758832  0.160844 -0.480239    1.4013
  0.76528  0.162637 -0.480742    1.4147
 0.765723  0.161707 -0.482348   1.41619
 0.764916  0.162599 -0.482552   1.41482
 0.758499  0.183778 -0.492584    1.4109
 0.762253  0.187474 -0.488944   1.41704
  0.75607  0.168719 -0.486416   1.40012
 0.760636  0.168728 -0.470936   1.40168
 0.761797  0.168134 -0.477096   1.40733
 0.762133  0.167163 -0.478963   1.40882
0.763114 0.167864 -0.48114  1.41174
 0.763226  0.165509 -0.483217   1.41254
 0.764135  0.167321 -0.482823   1.41427
 0.764932  0.164968 -0.480597   1.41429
  0.76251  0.166193 -0.482515    1.4109
 0.764923  0.165506 -0.482516   1.41531
   0.94648   0.299718 -0.0505791    1.70936
  0.956755   0.266309 -0.0541491    1.72365
0.966147  0.16361 0.192454  1.73468
0.965831 0.164291 0.193661  1.73427
0.965918 0.163817  0.19334  1.73433
0.966224 0.164019 0.191687  1.73479
0.965781 0.163934 0.193918  1.73414
0.966346 0.164593 0.190358  1.73492
0.965128 0.165703 0.195451  1.73317
0.966526 0.165522 0.188371  1.73514
0.957537 0.199142 0.196252  1.72171
0.965952 0.165195 0.191924  1.73437
0.967199 0.168461 0.181609  1.73602
0.961753 0.191332 0.188069  1.72846
0.965585 0.164071 0.194819  1.73387
0.965064 0.164999 0.197097  1.73323
 0.96596 0.164418 0.192759  1.73443
0.965224 0.164342 0.195992  1.73328
0.965995 0.163892 0.193243  1.73452
0.964818 0.167507 0.195273  1.73269
0.965991  0.16414 0.192555  1.73441
0.965786 0.164372 0.193511  1.73414
0.960771 0.176928 0.210343  1.72791
 0.96588 0.168166  0.18877   1.7341
0.965936 0.166434 0.190865  1.73434
0.961076 0.179915  0.19836  1.72659
0.964356 0.167026  0.19916  1.73229
0.965443 0.164991 0.194777  1.73367
0.964732  0.16586 0.196288   1.7324
 0.96548 0.164162 0.195174   1.7337
 0.762727  0.157763 -0.479889   1.40837
  0.76356  0.157639 -0.486325   1.41288
 0.758295  0.160832 -0.488229   1.40397
  0.75955  0.164454 -0.476319   1.40168
 0.760685  0.159839 -0.480204    1.4049
 0.756548   0.16428 -0.488056   1.40108
 0.758528  0.171106 -0.485702   1.40528
 0.758393  0.164232 -0.479237   1.40058
0.958398 0.245443 0.140162  1.72607
0.961778 0.224462  0.12768  1.72681
0.959097 0.213413 0.177854  1.72521
0.967777 0.186124 0.154882  1.73638
0.959478  0.18655  0.20664  1.72586
0.963212 0.183592 0.180827  1.72906
0.965701 0.178896 0.176544   1.7334
0.958835 0.196801 0.199074  1.72482
0.967534 0.172173 0.175359  1.73639
0.962655 0.197332 0.176763  1.72984
0.967711 0.178306 0.165926  1.73639
0.961701 0.200939 0.165249  1.72634
0.971463 0.182508   0.1329  1.74178
0.963236 0.214234 0.152919  1.73131
0.965937 0.188097 0.153724  1.73219
0.968681 0.193111 0.127779  1.73656
 0.764895  0.160755 -0.481894   1.41427
 0.761613  0.165178 -0.480749   1.40827
0.760686 0.158563 -0.48012  1.40448
 0.764223  0.162318 -0.483515   1.41399
0.763733 0.161115 -0.48234  1.41234
 0.762852  0.158006 -0.478832   1.40816
 0.764921  0.164219 -0.481009   1.41436
 0.764521  0.164299 -0.481755   1.41393
 0.764437  0.163322 -0.482436   1.41391
 0.764304  0.165382 -0.483093   1.41437
 0.764688  0.162272 -0.482817   1.41447
 0.763476  0.164098 -0.483561   1.41296
 0.760719  0.166053 -0.479446   1.40597
0.761038  0.15975 -0.47891  1.40508
 0.763833  0.165808 -0.483493   1.41374
 0.758524   0.16326 -0.476873   1.39966
 0.764315  0.164759 -0.483423   1.41447
 0.761861  0.162619 -0.481654   1.40867
 0.96603   0.1649 0.191859   1.7345
0.965558 0.166466 0.192788  1.73381
0.965686 0.165249 0.193263    1.734
0.966058 0.165904 0.190597  1.73449
0.966108 0.169638 0.185725  1.73433
0.964522 0.167888 0.194773  1.73194
0.962354 0.177992 0.200825  1.72982
  0.9653 0.168322 0.191958  1.73334
0.964864 0.165952 0.196094   1.7327
0.965359 0.164264 0.195455  1.73348
0.965593 0.164487 0.194283  1.73385
0.965555 0.165287  0.19339  1.73372
0.965636 0.165034 0.193956  1.73398
0.965843 0.164865 0.192885  1.73424
 0.96451 0.172651 0.191659  1.73215
0.960509 0.187859 0.190375   1.7252
 0.96328 0.173353 0.195161  1.73001
0.964087 0.170104 0.197894  1.73192
 0.760404  0.161647 -0.478237   1.40385
 0.762858  0.161355 -0.482095   1.41061
0.965532 0.175747 0.184168  1.73378
0.967452 0.191323 0.141679  1.73483
 0.96471 0.187327 0.167159  1.73108
0.961062 0.194238 0.179536  1.72584
 0.96498 0.171256 0.190996  1.73291
0.966097 0.173267 0.182107   1.7343
0.964657 0.182776 0.179608  1.73219
0.963376 0.177553 0.191079  1.73021
0.963485 0.211541 0.151718  1.73085
0.964445 0.204815 0.161661  1.73323
 0.761958  0.163486 -0.481641   1.40904
 0.764259   0.16344 -0.483514   1.41416
 0.763773    0.1641 -0.483382   1.41322
 0.762249  0.159316 -0.479372   1.40765
 0.761106   0.16111 -0.478989   1.40556
 0.760992  0.164144 -0.480969   1.40691
 0.762736  0.164635 -0.483348   1.41143
 0.762692  0.162172 -0.482107   1.41045
0.965684 0.165911 0.192179   1.7339
0.965269 0.169659 0.189255  1.73297
0.965189 0.166476 0.194237   1.7332
 0.96565 0.167477 0.191142  1.73388
0.962798 0.178601 0.190089  1.72884
0.965022 0.168105 0.192273  1.73269
0.963613 0.172627 0.196034  1.73085
 0.96444 0.170384   0.1942  1.73207
0.961754 0.185393 0.195917   1.7288
0.964753 0.177598 0.184801  1.73235
0.965304 0.165161  0.19487  1.73338
0.965338 0.166248 0.194326  1.73354
0.965275  0.16762  0.19344  1.73345
0.964686 0.169879 0.193743  1.73248
 0.760176  0.162255 -0.478338   1.40358
 0.759706  0.162641 -0.480003   1.40343
 0.96509 0.173313 0.187474  1.73286
0.963645 0.174525 0.194592  1.73099
  0.9646 0.175363 0.189595  1.73248
0.963564 0.181117 0.188427  1.73085
 0.763904  0.162983 -0.483503   1.41347
 0.763231  0.163231 -0.483638   1.41232
