0.873788 0.333737 0.158336  1.58381
0.876319 0.320607  0.18309  1.58935
0.864703 0.334966 0.170333  1.56703
0.866992 0.326572  0.18256  1.57166
0.858615 0.334948 0.182799  1.55757
0.862952 0.328552 0.177242  1.56212
0.871169 0.323132 0.179189  1.57781
0.871501 0.325934 0.166849  1.57734
  0.76089  0.156714 -0.459162   1.40475
 0.761036  0.156614 -0.459183   1.40505
 0.794039  0.132544 -0.402051   1.44295
 0.788406  0.133447 -0.409624   1.43449
0.791596  0.13636 -0.40903  1.44168
 0.789295  0.119184 -0.408639    1.4337
 0.784669  0.124278 -0.417344   1.42882
 0.788115  0.123829 -0.414795   1.43495
 0.800857  0.121227 -0.387907   1.44939
  0.79637  0.113204 -0.394787   1.44152
 0.808717  0.101784 -0.368503   1.45568
 0.801877  0.116153 -0.392109   1.45289
 0.789861  0.128272 -0.413346   1.43875
 0.793267  0.120718 -0.406802   1.44172
 0.796821  0.128911 -0.403523   1.44922
 0.793631  0.124242 -0.404459   1.44189
  0.970699    0.11962 -0.0522552    1.74548
  0.970647   0.121232 -0.0459752    1.74525
  0.969736   0.123785 -0.0491061    1.74323
  0.970149   0.119812 -0.0475307    1.74387
  0.970615   0.122626 -0.0398134     1.7451
  0.970541   0.123781 -0.0340106    1.74488
  0.969725   0.126251 -0.0371211    1.74295
    0.9701   0.122106 -0.0360675    1.74359
  0.968486   0.132807 -0.0458052    1.74071
     0.969   0.132239 -0.0397851    1.74157
  0.970131   0.120872 -0.0418515    1.74372
 0.969494  0.124202 -0.039416   1.74217
  0.969568   0.124026 -0.0440477    1.74255
   0.96982   0.124691 -0.0429753    1.74326
0.930241  0.15399 0.271904  1.67686
 0.762922  0.155624 -0.456349   1.40737
 0.761002  0.155974 -0.459476   1.40498
 0.761495  0.157008 -0.459684   1.40621
 0.761827  0.157151 -0.460001   1.40698
0.762097 0.157012 -0.46004  1.40752
 0.762468  0.156503 -0.458735    1.4076
  0.76624  0.158693 -0.459029   1.41553
 0.764325  0.155799 -0.455183   1.40967
 0.763685  0.154802 -0.454114   1.40783
 0.765218  0.155285 -0.455507   1.41154
  0.76833  0.156971 -0.460039   1.41959
 0.77069 0.153707  -0.4554  1.42179
 0.783117  0.140672 -0.422968   1.43088
 0.778961  0.141999 -0.432271   1.42665
 0.781757  0.144644 -0.431903   1.43296
0.760943 0.156878 -0.45911  1.40487
 0.760976  0.156935 -0.459116   1.40495
 0.761741  0.157255 -0.459337   1.40652
 0.760828  0.157079 -0.459387    1.4048
 0.760814  0.157068 -0.459649   1.40488
 0.76082 0.156922 -0.45987  1.40496
  0.76074  0.156859 -0.459959   1.40481
 0.762435  0.155867 -0.456849   1.40661
 0.760749  0.156553 -0.460031    1.4048
 0.762102  0.156684 -0.458996   1.40698
 0.761033  0.156422 -0.459172     1.405
 0.760953  0.155863 -0.459638   1.40493
 0.760964  0.156389 -0.459279   1.40488
 0.804368  0.226707 -0.427039   1.48908
 0.803079  0.221991 -0.430865   1.48733
 0.808181   0.22282 -0.429385   1.49595
 0.805591  0.223755 -0.429893   1.49241
 0.800957  0.217063 -0.435487   1.48388
0.797183 0.211895 -0.44258  1.47853
 0.804448  0.210437 -0.439801   1.49036
0.801649 0.212846 -0.44064  1.48704
 0.813052  0.218066 -0.428973   1.50371
 0.812524  0.209078 -0.434201   1.50307
 0.822999  0.209374 -0.419262   1.51707
 0.816253  0.213055 -0.432772   1.51136
 0.803972  0.218792 -0.434237   1.49016
 0.808794  0.212276 -0.437978   1.49914
  0.80978  0.219648 -0.432251   1.50005
 0.807223  0.216924 -0.433177   1.49439
0.730115  0.15902 -0.45623  1.34233
 0.731029  0.157601 -0.456092   1.34381
 0.728124  0.158907 -0.452696   1.33574
 0.725707  0.159617 -0.450338   1.32897
 0.726339  0.157193 -0.450839   1.33008
 0.727376  0.158196 -0.451003   1.33251
0.729262 0.154434 -0.45361  1.33769
 0.726931  0.154907 -0.451142     1.331
 0.727707  0.152624 -0.451373   1.33227
 0.728594   0.15362 -0.451629   1.33446
 0.729207  0.157966 -0.453072   1.33799
 0.727873  0.155928 -0.451385    1.3333
 0.729655  0.155612 -0.453719   1.33883
   0.7285  0.156572 -0.453044   1.33621
 0.784698  0.146338 -0.422306   1.43509
 0.779276  0.152108 -0.431127   1.42888
 0.781195  0.151482 -0.420364   1.42745
 0.965202  0.129465 0.0552047   1.73463
 0.964745  0.137219 0.0607347    1.7336
   0.9653  0.137426 0.0543331   1.73429
 0.96508 0.138303 0.058085  1.73459
 0.964737  0.144071 0.0503271   1.73171
 0.963953  0.148227 0.0571881   1.73145
 0.963773  0.149346 0.0656293    1.7316
 0.776571  0.152596 -0.436231   1.42561
 0.962033  0.150129 0.0873527   1.72647
 0.771909  0.156536 -0.448828   1.42213
   0.969826    0.128057 -0.00669324     1.74331
   0.969541    0.128804 -0.00118085     1.74272
   0.969143     0.13078 -0.00494829     1.74166
   0.969388    0.127164 -0.00467192     1.74208
  0.969265   0.129941 0.00473429    1.74223
 0.968983  0.130819 0.0107409   1.74176
  0.968427   0.134714 0.00642039    1.74028
   0.96874   0.129336 0.00608703    1.74085
   0.968328    0.134449 -0.00305856     1.73945
   0.968168    0.133227 -0.00086508     1.73879
   0.969061    0.128271 0.000116754     1.74145
    0.968249     0.132739 -0.000234305      1.73954
   0.968902    0.130334 -0.00356398     1.74091
   0.968882    0.131526 3.71891e-06     1.74107
 0.768611  0.159255 -0.459914   1.42059
 0.763027  0.155147 -0.454597   1.40673
 0.766816  0.159962 -0.460073   1.41718
 0.760761  0.157093 -0.459796   1.40483
 0.762977  0.156111 -0.454609   1.40683
 0.760816  0.157205 -0.459572   1.40487
 0.761533  0.157472 -0.460033   1.40649
 0.761105  0.156883 -0.459088   1.40519
0.938648 0.209013 0.255654  1.69347
 0.935457  0.157654 -0.238426   1.69427
 0.936164  0.164378 -0.229036   1.69526
 0.933152  0.168141 -0.238002   1.69119
 0.934881  0.159421 -0.235925   1.69303
 0.930151  0.193691 -0.240952   1.69147
 0.932943  0.168013 -0.231304   1.68954
 0.933662  0.170844 -0.230057   1.69148
  0.96054  0.139478 0.0787816   1.72876
 0.963863  0.137434 0.0789983   1.73332
 0.962475  0.139852 0.0811017   1.72987
 0.962169  0.139173 0.0793452   1.72983
 0.965467  0.131102 0.0875112   1.73462
 0.965929  0.126162 0.0880102   1.73454
0.963601 0.144861 0.087371  1.73124
 0.963063  0.141202 0.0817304    1.7299
 0.964287  0.139824 0.0828539   1.73277
 0.963342  0.128314 0.0721088   1.73221
 0.962672  0.126972 0.0764003   1.73104
  0.96336  0.135247 0.0777894   1.73156
 0.962798  0.127172 0.0731192   1.73078
0.961112 0.127094 0.081649  1.72804
  0.95909  0.131867 0.0835021   1.72453
 0.962166  0.136823 0.0831604   1.72923
 0.960892  0.130483 0.0804119   1.72784
 0.963143  0.147039 0.0847793   1.73072
 0.963399  0.145036 0.0872268   1.73108
 0.962027  0.126592 0.0771661   1.72944
 0.962687  0.136665 0.0815126   1.73001
 0.963098  0.135415 0.0784198   1.73058
 0.962742  0.135169 0.0817709    1.7304
 0.963954  0.147991 0.0701151   1.73205
 0.964272  0.145904 0.0725525   1.73257
 0.964696  0.137328 0.0627575   1.73395
 0.965145    0.1301 0.0589291   1.73503
 0.964562  0.130083 0.0627638   1.73402
 0.964643  0.129746 0.0597595   1.73378
 0.964217  0.136147 0.0697665   1.73313
 0.964179  0.129906 0.0658757   1.73347
 0.963741  0.129105 0.0683893   1.73277
 0.963827  0.129242 0.0665679   1.73256
  0.96447  0.136637 0.0641925   1.73319
 0.964174   0.12991 0.0632723   1.73307
0.964186 0.136444  0.06685  1.73265
 0.964438  0.136486 0.0662326   1.73348
 0.965702  0.145332 0.0469621   1.73468
 0.965825  0.143138 0.0493045   1.73462
 0.966649  0.136688 0.0412165   1.73719
 0.967352  0.130965 0.0377378   1.73889
 0.966934  0.130218 0.0428696   1.73809
 0.966794  0.129847 0.0393478   1.73741
 0.965789  0.137884 0.0527503   1.73568
  0.96648  0.129998 0.0486008   1.73732
 0.965836  0.129949 0.0540975   1.73622
 0.965811  0.129316 0.0498395   1.73563
  0.96637  0.135898 0.0427733    1.7363
 0.966322  0.129539 0.0440533   1.73652
0.965705 0.137021 0.046368   1.7349
 0.966344  0.136015 0.0461043   1.73656
  0.96468  0.156063 0.0546813   1.73217
  0.96905  0.113638 -0.083865   1.74277
  0.968223     0.1211 -0.0779197    1.74081
  0.967376   0.120386 -0.0895348    1.73969
  0.968179   0.120363 -0.0880045    1.74158
  0.967048   0.134487 -0.0728067    1.73882
  0.964831   0.129334 -0.0982041    1.73514
  0.965598   0.129589 -0.0964916    1.73694
  0.966922   0.136093 -0.0831793    1.73973
 0.736019  0.269292 -0.388214   1.34573
 0.734091  0.261367 -0.394775   1.34247
 0.743154  0.260663 -0.388872   1.35818
 0.739762  0.264875 -0.393319   1.35465
 0.732611  0.253567 -0.400699   1.33998
 0.731501  0.246058 -0.406003   1.33813
 0.739854  0.246031 -0.400723   1.35289
 0.736574  0.249282 -0.404903   1.34904
 0.748416  0.256153 -0.394203   1.37149
 0.749184  0.250684 -0.396004   1.37226
 0.738025  0.256974 -0.399438   1.35162
 0.743399  0.249721 -0.399022   1.36057
 0.745788  0.256963 -0.393155   1.36468
0.741089  0.25303  -0.3954  1.35475
 0.948752  0.154393 -0.183077   1.71364
 0.951477  0.157129 -0.174507    1.7191
0.950767 0.139981  -0.1878  1.71687
 0.951453   0.13423 -0.195633   1.71911
 0.954311  0.131204 -0.185943   1.72365
 0.951434  0.137109 -0.187898   1.71785
 0.956127  0.135624 -0.166863   1.72526
 0.957358   0.12781 -0.174997   1.72848
 0.959831  0.123443 -0.163183   1.73174
 0.957094  0.130829 -0.164865   1.72634
 0.951552  0.144776 -0.178975   1.71776
 0.954178  0.134022 -0.176877    1.7219
 0.954425  0.142145 -0.167091   1.72212
 0.953371  0.138455 -0.178493   1.72113
 0.756786  0.227127 -0.426765   1.39812
0.726137  0.18326  -0.4428   1.3306
 0.728139  0.181446 -0.444367   1.33579
 0.728896  0.184733 -0.442439   1.33692
 0.727025  0.182915 -0.442906    1.3329
  0.73093   0.18083 -0.448684   1.34445
 0.732846  0.187085 -0.444916    1.3476
 0.729843  0.184745 -0.445382   1.34105
  0.72983  0.182922 -0.445745    1.3408
 0.728945  0.168426 -0.453518   1.34037
 0.729623  0.166841 -0.453504   1.34139
  0.72691  0.168748 -0.449554   1.33347
 0.724444  0.170008 -0.447464   1.32688
0.724654 0.167249 -0.44841  1.32728
 0.726044  0.168385 -0.448434    1.3304
 0.727272  0.163652 -0.451394    1.3342
 0.724923  0.164676 -0.449153   1.32773
 0.725206   0.16206 -0.449877   1.32818
 0.726474  0.163177 -0.449968   1.33108
 0.727997  0.167552 -0.450219   1.33583
  0.72618  0.165771 -0.449235   1.33059
 0.727992  0.164907 -0.451352   1.33595
 0.726897  0.166083 -0.450372   1.33332
 0.732944   0.15083 -0.457077    1.3469
 0.734063  0.149541 -0.456833   1.34879
 0.730987  0.150306 -0.453966   1.34062
 0.728626  0.150533 -0.451373   1.33374
 0.729604  0.148398 -0.451466   1.33539
 0.730336  0.149309 -0.451769   1.33726
 0.732802  0.146453 -0.454066   1.34363
 0.730587   0.14645 -0.451357   1.33697
 0.731691   0.14455 -0.451212   1.33879
 0.732256  0.145388 -0.451572   1.34034
 0.732076  0.149602 -0.454086   1.34278
0.731199 0.147342 -0.45173  1.33863
 0.732919  0.147529 -0.454303   1.34425
 0.731724  0.148288 -0.453893   1.34166
  0.77577  0.154906 -0.446068   1.42872
0.937973 0.191474  0.23753  1.68724
0.937935 0.145032 0.150683  1.68283
0.929641  0.16178 0.232413  1.67797
0.921814 0.138461 0.214207  1.66629
0.923023 0.131874 0.207859  1.66372
0.927749 0.142782 0.244695  1.67124
0.928876 0.158573 0.295844   1.6772
0.931004 0.159431 0.287245  1.67984
0.875489  0.25007 0.281744  1.58901
0.877815 0.237225 0.292975  1.59433
0.868647 0.247596 0.287105  1.57678
0.869952 0.240109 0.293024   1.5798
0.863026 0.242165  0.29093  1.56708
0.867076 0.242708 0.289651    1.573
0.873426 0.240211 0.291042  1.58491
0.873523  0.24435 0.284789  1.58429
0.930697 0.158569 0.291854  1.67999
0.927229 0.135504 0.287384  1.67561
 0.927282 0.0983788  0.263097   1.67172
  0.892365 -0.0182064   0.349959    1.62548
0.907755 0.011505 0.335438  1.64841
  0.920375 -0.0287154   0.311395    1.67112
   0.905377 -0.00495875    0.320051     1.63815
 0.915752 0.0380637  0.321709   1.66058
 0.918868 0.0521205   0.30172   1.66095
 0.927521 0.0410917  0.296224    1.6795
 0.919399 0.0478151  0.301056   1.66189
    0.93607 -0.00897529    0.271001     1.69232
0.933393 0.021729 0.271173  1.68506
 0.944317 0.0167876  0.243792   1.70374
  0.93856 0.0102181  0.247831   1.69068
0.914755  0.02417 0.307336  1.65291
 0.928382 0.0255068  0.275131    1.6742
   0.926642 -0.00683107    0.277632      1.6714
  0.924333 0.00930312   0.301144    1.67341
 0.93581 0.213597 0.257634  1.68806
0.934685 0.208661 0.264749  1.68618
0.919793 0.147918 0.226709  1.66275
0.915144 0.206681  0.27752  1.65203
0.897574 0.184056    0.277  1.61867
0.885138 0.164719 0.268111  1.59595
 0.88033 0.184288 0.271006  1.58127
0.926532 0.142432 0.248764  1.66859
0.879872 0.183803 0.259686  1.58646
0.921876 0.129267 0.216544   1.6614
0.940151 0.193678 0.235639  1.69234
   0.88231 -0.0668709 -0.0359019    1.57693
0.939067 0.203609 0.227504  1.68877
0.919926 0.120456 0.288705  1.66215
0.931788 0.158576 0.289522  1.68159
0.922257 0.133077 0.297884  1.66831
0.925353 0.147324 0.299235  1.67281
0.927703 0.156434  0.30043  1.67619
0.889847 0.196436 0.285034   1.5977
 0.92813 0.156264 0.274705  1.67356
0.906941 0.208911 0.286363  1.63172
0.927004 0.171354   0.2456  1.67363
  0.9349 0.198648 0.252551  1.68525
  0.78414  0.119754 -0.421548   1.42921
 0.783189  0.112932 -0.418594   1.42457
 0.788474   0.11489 -0.413091   1.43353
 0.785725  0.115626 -0.414903   1.42856
 0.780884  0.106354 -0.418666   1.41857
 0.775542  0.102692 -0.419832   1.40692
 0.782006 0.0993448 -0.412236   1.41658
 0.780711  0.103208 -0.416249   1.41631
 0.794665   0.10739 -0.402089   1.44047
 0.790385 0.0961285 -0.401517   1.42917
 0.801429 0.0933803 -0.385024   1.44551
 0.796831  0.100245 -0.392274   1.43948
 0.784149  0.109225 -0.414251   1.42378
0.787877 0.101015 -0.40671  1.42682
  0.79031  0.109603 -0.405152   1.43271
   0.7874  0.105409 -0.411123   1.42876
 0.776755   0.14615 -0.445783   1.42926
 0.766061  0.161762 -0.458637   1.41542
 0.753728  0.124923 -0.448087   1.37978
 0.755924  0.123224 -0.447464   1.38376
 0.751167  0.122731 -0.446834    1.3732
 0.748227  0.121987 -0.444441   1.36521
 0.750328  0.119863 -0.443212   1.36858
 0.750491  0.121032 -0.444115   1.36964
 0.755736  0.118869 -0.443835   1.38046
 0.752495  0.117778 -0.441651   1.37191
 0.75501  0.11555 -0.43966  1.37574
 0.755083  0.116989 -0.440948   1.37686
 0.752567  0.122674 -0.446127   1.37572
 0.75261 0.119048 -0.44272  1.37298
0.755017 0.120583 -0.44468  1.37971
 0.753233  0.120743 -0.445299   1.37632
 0.770941  0.160894 -0.449196   1.42122
 0.738786  0.211438 -0.431261   1.35835
  0.74398  0.220827 -0.423568   1.36743
 0.734098  0.213627 -0.425921   1.34554
 0.736505  0.218554 -0.421879   1.34951
 0.730872  0.218071 -0.425057   1.33905
 0.732723  0.215994 -0.423288   1.34174
 0.738054  0.217726 -0.425587   1.35526
 0.737151  0.215015 -0.426579   1.35319
  0.83217  0.231566 -0.408189   1.53666
 0.836963  0.230094 -0.402963   1.54419
 0.831295  0.233722 -0.403761   1.53477
 0.832821  0.231581 -0.404907   1.53648
 0.842053  0.228585 -0.397378    1.5523
 0.847488  0.226551 -0.391236   1.56088
 0.841222  0.231413 -0.392562   1.55057
0.842832 0.228636 -0.39352  1.55221
 0.830697  0.237495 -0.397125   1.53282
 0.835299  0.239432 -0.392946   1.54157
 0.837609  0.230157 -0.399516   1.54396
 0.838253  0.233955 -0.393786   1.54526
 0.832918  0.235073 -0.400038   1.53698
 0.836162  0.232414 -0.398471   1.54237
 0.745447  0.132684 -0.453546   1.36705
 0.742257  0.136376 -0.454038   1.36139
 0.743647  0.131271 -0.450933   1.36135
 0.741808  0.133348 -0.451351   1.35811
 0.741894  0.130549 -0.448557   1.35581
  0.74232  0.131833 -0.450815   1.35858
 0.742442  0.134686 -0.452979   1.36081
 0.744485  0.133034 -0.452624   1.36455
 0.848265  0.226661 -0.387011   1.56067
 0.849618  0.231415 -0.379901   1.56331
  0.84294  0.233101 -0.388174   1.55286
  0.84674   0.22962 -0.386117   1.55914
 0.850946  0.238947 -0.371213    1.5662
 0.837634   0.24011 -0.387159   1.54437
 0.840551   0.23639 -0.385884   1.54862
 0.847003  0.239098 -0.379952   1.56109
0.875446 0.233766 -0.33851  1.60667
 0.860616  0.235476 -0.358643    1.5818
 0.873583   0.22203 -0.347676   1.60104
 0.866123  0.225294 -0.358554   1.58961
 0.871591  0.215428 -0.357159   1.59715
 0.869961   0.21935 -0.356065   1.59544
 0.863733  0.230001 -0.357266   1.58626
 0.870584  0.233626 -0.350083   1.59992
 0.900518  0.190258 -0.317718   1.64249
  0.90645   0.18588 -0.308074   1.65203
 0.901035  0.194733 -0.308276    1.6423
 0.901921  0.191663 -0.311342   1.64381
 0.912249  0.180326 -0.297384   1.66089
 0.917148  0.174408 -0.287106   1.66789
0.912891 0.183957 -0.28644  1.66053
  0.91355  0.181679 -0.289874   1.66176
 0.899009  0.211801 -0.304669   1.64202
 0.905978  0.213055 -0.295414   1.65563
  0.90791  0.187263 -0.300364   1.65311
 0.910903  0.194363 -0.287462   1.65846
 0.903407  0.198848 -0.300524   1.64615
 0.906818  0.191412 -0.298458   1.65174
  0.91868  0.194528 -0.266372   1.67129
 0.924779  0.196249 -0.256087   1.68329
 0.921395  0.175434 -0.268839   1.67316
 0.921666  0.169941 -0.277567   1.67472
 0.926639  0.165886 -0.267252    1.6827
 0.922393  0.172012 -0.270342   1.67463
0.931261 0.164697 -0.24509  1.68786
 0.931255  0.160726 -0.255924   1.68953
 0.935046  0.155426 -0.245421   1.69477
 0.931899  0.162708 -0.247838   1.68916
 0.923166  0.180306 -0.259808   1.67571
 0.927389  0.167989 -0.258564   1.68233
 0.929527  0.175917 -0.245773   1.68609
0.926275 0.172447 -0.25808  1.68102
  0.93552  0.175801 -0.224802   1.69559
 0.940374  0.178048 -0.214551   1.70533
 0.938023  0.157087 -0.227303   1.69791
 0.938582   0.15135 -0.235857   1.70006
 0.942437  0.147576 -0.225649   1.70618
 0.938908   0.15393 -0.228249   1.69932
0.945742  0.14584 -0.20357  1.70897
 0.945874   0.14261 -0.214656   1.71106
 0.948775  0.137851 -0.204776   1.71512
 0.946175  0.144896 -0.206683    1.7103
 0.939345  0.162308 -0.217799    1.6997
 0.942812  0.150132 -0.216673    1.7053
 0.944451  0.157989 -0.203739   1.70801
 0.941855  0.154238 -0.216593   1.70402
0.733382 0.194265 -0.44167  1.34864
 0.737383  0.202019 -0.436277   1.35574
 0.729942   0.19569 -0.437055   1.33865
 0.731629  0.199765 -0.434187   1.34144
 0.727488  0.198752 -0.435876   1.33313
 0.728791  0.197584 -0.435085   1.33553
  0.73285  0.199147 -0.437447    1.3462
 0.732115  0.196988 -0.438119   1.34452
 0.735287  0.241965 -0.409838   1.34675
 0.739578  0.235794 -0.410039   1.35434
 0.742613  0.242193 -0.404511   1.35945
 0.737748  0.238703 -0.406603   1.34937
 0.745517  0.232794 -0.415364   1.36961
 0.751867  0.244652 -0.404517   1.38056
 0.744454  0.241093 -0.407498    1.3654
 0.743696  0.237014 -0.409333   1.36356
 0.962784  0.122494 -0.119729   1.73186
 0.963375  0.124464 -0.118523   1.73341
 0.961632  0.121255 -0.137758   1.73153
 0.961904  0.119188 -0.151917   1.73432
 0.963751  0.115861 -0.141602   1.73683
 0.961929   0.12297 -0.143424   1.73348
 0.96503 0.114615 -0.12014  1.73674
 0.965065  0.112754 -0.132266   1.73834
 0.966073  0.110663 -0.123899   1.73947
  0.96528  0.116518 -0.126294   1.73848
 0.962661  0.126059 -0.130607   1.73363
 0.963808  0.119909 -0.134304   1.73636
 0.964486  0.123837 -0.122436   1.73677
 0.963603  0.118569 -0.129141   1.73485
 0.853533  0.237564 -0.345664   1.56267
 0.866279  0.243375 -0.331656   1.58771
 0.950477 0.0143738  0.205903   1.70859
 0.958098 0.0385171  0.188626   1.72421
  0.957177 0.00251371   0.193031    1.72358
  0.955989 0.00942174   0.191009    1.71932
 0.962619 0.0592006  0.120411   1.72561
 0.961461 0.0520703  0.157993   1.72741
 0.963584 -0.019807  0.147348   1.73266
 0.968692 0.0224207  0.110256   1.73877
  0.969856 -0.0212124  0.0876371    1.74304
  0.968089 -0.0303055   0.103871    1.73865
 0.960536 0.0254237  0.155458   1.72411
 0.965949 0.0193317   0.11855   1.73303
  0.961932 -0.0133626   0.146292    1.72729
0.962891 0.026844 0.147785  1.72914
 0.896729  0.196262 -0.320781   1.63616
 0.89874  0.20181 -0.31056  1.63954
 0.894206   0.20704 -0.318426   1.63345
 0.896321  0.198138 -0.316049   1.63497
 0.892605  0.227891 -0.317573   1.63694
 0.895301  0.207422 -0.309852   1.63409
 0.896405   0.20814 -0.309033   1.63657
 0.967305  0.113602 -0.118603   1.74219
 0.968319  0.113154 -0.108663   1.74345
 0.965984  0.118471 -0.115194   1.73894
 0.966784  0.111748 -0.111707   1.73982
   0.96928   0.113526 -0.0994608    1.74487
  0.969902   0.113544 -0.0905452    1.74553
  0.967586   0.119808 -0.0967478    1.74091
  0.968464    0.11316 -0.0925484    1.74207
 0.964202  0.129163 -0.112542   1.73531
 0.965142  0.130329 -0.103996   1.73675
 0.967617  0.112408 -0.102292   1.74089
  0.966654   0.118032 -0.0993588    1.73864
 0.966006  0.117784 -0.107463   1.73793
 0.966859  0.118218 -0.105924   1.73994
0.929505 0.143554 0.273633  1.67708
 0.963299  0.128537 0.0690787   1.73164
 0.963282  0.135672 0.0731163   1.73099
 0.964035  0.135584 0.0706279   1.73244
 0.963685  0.135334 0.0724716   1.73225
 0.964306  0.144589 0.0733947   1.73228
 0.963684  0.146427 0.0743241   1.73048
 0.964099  0.143506 0.0727767   1.73258
 0.963047  0.147663 0.0782787   1.73006
0.963835 0.141142 0.077209  1.73182
 0.834302  0.411032 0.0293801   1.51797
  0.844777   0.397119 0.00605284    1.53328
 0.849842   0.39226 0.0365038   1.54288
 0.841982  0.391073 0.0241559   1.52414
  0.858901    0.38056 -0.0112958      1.558
 0.864915  0.379085 0.0434145   1.57089
 0.856196  0.379365 0.0342041   1.55067
  0.857443   0.376907 0.00620526    1.55256
0.929029 0.149071 0.292727   1.6782
 0.916975 0.0830293  0.299769    1.6577
0.917013 0.102628  0.28629  1.65492
 0.914654 0.0970887  0.306106    1.6556
 0.939528 0.0866642   0.22581   1.69045
 0.93538  0.08961 0.233225  1.68261
0.894834 0.103596 0.342087  1.62425
0.901406 0.089644 0.333727  1.63474
 0.891908 0.0889561  0.354176   1.62216
0.896253 0.089971 0.340087   1.6253
 0.906678 0.0759078  0.324565    1.6421
 0.914564 0.0664826  0.304669   1.65273
 0.908417 0.0553486  0.327083   1.64615
 0.910654 0.0597347  0.320128   1.64865
0.886872 0.063869 0.359841  1.61377
 0.898276 0.0396691  0.342709   1.63013
 0.878825 0.0239299  0.360833   1.59955
 0.890945 0.0362054  0.355197   1.61931
 0.903525 0.0731301  0.332386   1.63752
 0.903962 0.0491423  0.340486   1.64094
 0.893924 0.0696731  0.351599   1.62388
 0.899516 0.0700741   0.34447   1.63369
0.862082 0.301364  0.22742  1.56384
0.867736 0.303944 0.218153  1.57301
0.868982 0.295901 0.228011   1.5758
0.865933 0.297908 0.223174  1.56834
0.875597 0.304721  0.20882  1.58722
0.876862 0.291661 0.229396  1.59088
0.872762 0.293759 0.225501  1.58141
0.873506 0.297756 0.214838  1.58193
0.931925 0.150908 0.270449  1.67936
0.916821 0.112817 0.299883  1.65776
0.860862 0.127081  0.33986  1.55884
0.872013 0.121851  0.35233  1.58383
 0.85874 0.105546 0.350578  1.55547
0.865913 0.120052 0.348741  1.57297
0.881887 0.114174 0.353534  1.60216
0.891201 0.106745 0.342374   1.6164
 0.886248 0.0930709  0.355096    1.6101
0.886692 0.108311 0.356132   1.6134
 0.860654 0.0737021  0.359488   1.56009
 0.879266 0.0695613  0.360742   1.59746
 0.868801 0.0317351  0.361927   1.57682
 0.869818 0.0641341  0.365393   1.58302
0.876525 0.113702 0.358671  1.59543
 0.879924 0.0907499  0.362641   1.60192
 0.866155 0.0964529  0.359699   1.57521
 0.873717 0.0988703  0.358383   1.58707
 0.903333 0.0961145  0.330267   1.63788
0.900081 0.101413 0.329183  1.63044
 0.908702 0.0969705  0.311007    1.6431
 0.914092 0.0792333  0.312771   1.65513
 0.909168 0.0787352  0.316952   1.64483
 0.907534 0.0968327  0.321618   1.64454
  0.78038  0.115578 -0.421516   1.42039
 0.777689  0.122044 -0.428496   1.41928
 0.780252  0.118923 -0.423193   1.42152
 0.771931  0.117229 -0.432207    1.4082
 0.771254  0.123779 -0.438596   1.41123
  0.77262  0.120161 -0.432885   1.41046
 0.77843 0.110235 -0.42163  1.41535
 0.773563  0.111658 -0.427419   1.40816
 0.774882  0.105656 -0.422947   1.40754
 0.775313  0.108184 -0.424878   1.41006
  0.77625  0.118975 -0.430736   1.41691
 0.773463  0.114007 -0.429299   1.40941
 0.777999  0.113162 -0.424166   1.41629
 0.776316  0.115819 -0.426563   1.41434
 0.773089  0.151752 -0.454604   1.42627
 0.817708  0.231751 -0.423621   1.51316
 0.820496   0.23236 -0.420738    1.5179
 0.815853     0.233 -0.421516   1.50993
 0.817479  0.232014 -0.422069   1.51193
 0.823792   0.23265 -0.417175   1.52329
 0.827698   0.23242 -0.412992   1.52956
 0.821937  0.234563 -0.414114   1.51991
 0.823818  0.232778 -0.414755   1.52215
 0.812679  0.235304 -0.416112   1.50289
 0.815985  0.237114 -0.412473   1.50877
 0.820301  0.232548 -0.418724   1.51649
 0.819239  0.235037 -0.415255   1.51474
 0.816023  0.233858 -0.419293   1.50955
 0.818642  0.233808 -0.418214   1.51452
 0.815832  0.230736 -0.425572   1.50983
  0.81342  0.229876 -0.426261   1.50602
 0.815353  0.229048 -0.426517   1.50888
 0.814671  0.229529 -0.426038   1.50729
 0.810834  0.228513 -0.426101   1.50103
  0.80695  0.229042 -0.426077   1.49476
   0.8101  0.225456 -0.428811   1.50037
 0.80961 0.227621 -0.42653  1.49871
 0.816275  0.226172 -0.426061   1.50994
 0.814199  0.222532 -0.428881   1.50725
 0.819783  0.221053 -0.422203    1.5143
0.816788 0.221765 -0.42536  1.50959
 0.812375  0.228286 -0.426525   1.50359
 0.812409  0.224523 -0.427627   1.50329
 0.814803  0.226804 -0.426558   1.50719
 0.813227  0.227056 -0.427524   1.50559
0.929534 0.152054 0.288182  1.67794
  0.970915 -0.0909043  0.0753303    1.75197
 0.951836 -0.120088  0.159495   1.72015
  0.959795 -0.0671662   0.146102    1.72695
 0.958486 -0.080593  0.151783    1.7302
 0.919683 -0.104033  0.258219   1.66475
  0.883803 -0.0450432   0.325998    1.59868
  0.922941 -0.0513342   0.275031    1.66668
  0.912845 -0.0770111    0.31843    1.66655
  0.953076 -0.0302539   0.195088    1.71511
  0.940492 -0.0282781   0.232723     1.6925
     0.94749 -0.000903187     0.207633      1.70167
  0.946885 -0.0177779   0.228136    1.70669
0.937836 -0.10007 0.243456  1.70454
  0.936112 -0.0534221   0.265615    1.69586
  0.952211 -0.0477465   0.209187    1.71956
  0.943059 -0.0739837    0.21592    1.70106
0.864739 0.209623 0.313426  1.57081
0.870586 0.217152 0.312728   1.5815
 0.87294 0.208806 0.316982  1.58652
0.869342 0.212123 0.314385  1.57839
0.877285 0.220598 0.307177  1.59299
0.882206 0.204717 0.314462  1.60272
0.87616 0.20895  0.3142 1.59035
0.875629 0.213768 0.309243  1.58858
0.864545 0.140278 0.331104  1.56568
0.867663 0.148371 0.326376  1.57206
0.873694  0.14951 0.340002  1.58688
0.869358 0.146044  0.32942  1.57675
0.868397 0.156341 0.324839  1.57411
0.867642 0.164915 0.324235  1.57327
0.874488 0.167206 0.333388  1.58848
0.869958 0.163151 0.325091  1.57865
0.879834  0.15463 0.340242  1.59819
0.880247 0.163009 0.334968  1.59826
0.886848 0.152455 0.332539  1.60906
0.881625 0.157185 0.339143  1.60196
0.870271 0.154624  0.32615  1.57866
0.876303 0.163797 0.336013  1.59291
0.876155 0.154584 0.339475  1.59281
0.874498 0.158615  0.33607  1.58852
 0.761142  0.156709 -0.459087   1.40523
 0.761311  0.156629 -0.459067   1.40555
 0.761678  0.156919 -0.459741   1.40659
0.760917 0.156004 -0.45991  1.40499
 0.760893  0.156177 -0.460021   1.40502
 0.760937  0.155931 -0.459752   1.40495
 0.760839  0.156691 -0.460017   1.40502
 0.760894  0.155879 -0.459798   1.40488
 0.768861  0.158808 -0.456581   1.41954
 0.760837  0.156018 -0.459932   1.40484
 0.745908  0.131369 -0.452633   1.36722
 0.747529   0.12999 -0.452234   1.37012
 0.743979  0.130034 -0.450541   1.36158
 0.741763  0.129591 -0.447936     1.355
 0.743189  0.127716 -0.447404   1.35735
0.743444 0.128664 -0.44798  1.35839
 0.747038  0.126501 -0.449164   1.36654
 0.744653  0.125904 -0.446621   1.35965
 0.746312   0.12396 -0.445679   1.36224
0.746507 0.125052 -0.44644  1.36328
 0.745038  0.129736 -0.450241   1.36356
 0.744851  0.126912 -0.447301   1.36063
 0.746644  0.127821 -0.449658   1.36624
  0.74533  0.128238 -0.449745    1.3636
 0.760866  0.156419 -0.460062   1.40504
 0.762639   0.15559 -0.458612   1.40775
 0.766316  0.157474 -0.459011   1.41542
 0.767594  0.156653 -0.460232   1.41839
 0.770157  0.155656 -0.460531   1.42338
 0.768967  0.122471 -0.440039   1.40694
 0.764858  0.118213 -0.438222   1.39659
  0.76915  0.116225 -0.433888   1.40302
 0.767897  0.118999 -0.436106   1.40201
 0.762271  0.114875 -0.438142   1.39043
 0.758084  0.113279 -0.437003   1.38039
 0.761647  0.110891 -0.433944    1.3859
 0.761505  0.112595 -0.435705   1.38683
0.770456 0.110489 -0.42983  1.40262
 0.765561  0.108489 -0.430117   1.39178
 0.770194  0.105761 -0.425511   1.39883
 0.769818  0.108137 -0.428076   1.39974
   0.7645  0.115726 -0.436244   1.39423
 0.765296  0.110477 -0.432293    1.3927
 0.768886  0.113735 -0.432145   1.40101
 0.766029    0.1128 -0.434274   1.39595
 0.760671  0.155993 -0.459841   1.40447
0.763855 0.153107 -0.45413  1.40792
 0.774206  0.148696 -0.446796   1.42453
 0.777993  0.125051 -0.428581   1.42026
 0.776056  0.133434 -0.435945   1.42108
 0.771593  0.125845 -0.437899   1.41156
 0.776433  0.129637 -0.435396   1.42119
 0.765702   0.13076 -0.448221   1.40517
 0.780234  0.137538 -0.434212   1.42984
 0.782824  0.128368 -0.426604   1.43019
 0.786221  0.137862 -0.423305   1.43735
 0.782325  0.132423 -0.424263   1.42843
0.768441 0.152899 -0.46123  1.41962
 0.760843  0.156993 -0.459172   1.40471
 0.760862  0.157154 -0.459331   1.40485
 0.762395  0.156603 -0.456858   1.40668
 0.761769  0.157416 -0.460018   1.40692
 0.765034  0.159108 -0.458551   1.41302
  0.76289   0.15773 -0.455554   1.40732
0.762298 0.155867  -0.4588  1.40715
 0.737336  0.153826 -0.462514   1.35994
 0.760787  0.156255 -0.460017   1.40481
 0.768097   0.16147 -0.456849   1.41866
 0.762026  0.156644 -0.460067   1.40731
 0.764211  0.156817 -0.455217   1.40966
 0.761658  0.156688 -0.459749    1.4065
  0.76038  0.162829 -0.443501   1.39815
0.761273 0.156382 -0.45907  1.40542
   0.7607  0.156571 -0.460171   1.40476
 0.761188  0.156336 -0.459087   1.40527
 0.762288  0.156445 -0.460188   1.40786
0.761047 0.155885  -0.4592  1.40494
 0.760951  0.155973 -0.459576   1.40491
  0.76089  0.155695 -0.459462   1.40471
 0.760951  0.156119 -0.459413   1.40486
 0.761086   0.15608 -0.459088     1.405
 0.761032  0.156172 -0.459352   1.40502
 0.790348  0.142446 -0.409919   1.44053
 0.796204  0.141438 -0.401249   1.44894
 0.790786  0.150963 -0.403373   1.43994
 0.792005  0.143039 -0.403152   1.44095
 0.805206  0.137998 -0.386223    1.4613
 0.820984  0.140425 -0.364837   1.48837
 0.802685  0.155885 -0.380332   1.45701
 0.806966  0.142428 -0.376075   1.46229
 0.789519   0.15757 -0.397879   1.43616
 0.793659  0.163169 -0.390959   1.44328
  0.78716  0.169256 -0.399827   1.43421
 0.789971  0.161612 -0.396205   1.43749
 0.797872  0.140661 -0.390244    1.4474
 0.797094  0.154582 -0.387377   1.44773
 0.791543  0.150976 -0.396035   1.43831
 0.796438  0.150557 -0.391406   1.44675
 0.787205  0.145828 -0.408724   1.43366
 0.787032  0.150106 -0.409246   1.43451
 0.785094  0.157658 -0.400507   1.42782
 0.783282  0.165009 -0.405241   1.42779
 0.781362  0.154849 -0.418432   1.42784
 0.783604  0.157374 -0.409634   1.42879
 0.737039  0.143555 -0.456403   1.35343
 0.738329  0.142028 -0.456029   1.35558
 0.735073  0.142869 -0.453682   1.34739
 0.732809  0.142802 -0.450892   1.34057
 0.734005  0.140989 -0.450717    1.3426
 0.734508  0.141741 -0.451078     1.344
 0.737024  0.139255 -0.453225   1.35042
 0.735045  0.139357 -0.450459   1.34429
 0.736034  0.137697 -0.450233   1.34589
 0.736528    0.1384 -0.450568   1.34725
 0.736157  0.142293 -0.453658    1.3495
 0.735503  0.140066 -0.450836    1.3456
0.737198 0.140225 -0.45358  1.35121
 0.735983  0.141029 -0.453294   1.34866
 0.730848  0.160366 -0.456531   1.34434
 0.730593  0.165168 -0.454786    1.3438
 0.728571  0.160114 -0.452757   1.33697
 0.728271  0.162663 -0.451849   1.33631
  0.72677  0.160698 -0.450533    1.3315
   0.7274  0.161168 -0.451877    1.3342
  0.72905  0.163233 -0.454527   1.33999
 0.729824  0.161746 -0.454528   1.34125
 0.765689  0.163341 -0.453301   1.41282
 0.771491  0.157716 -0.455049   1.42411
  0.76309  0.154331 -0.456116   1.40743
 0.750251  0.133108 -0.454612   1.37774
 0.754329  0.130314 -0.453608    1.3852
 0.760696  0.156928 -0.460253   1.40485
 0.765434  0.153318 -0.456785   1.41221
 0.760731  0.157194 -0.460175   1.40494
 0.767883  0.161293 -0.452478   1.41652
0.763379 0.157058 -0.45538  1.40811
 0.760805  0.157324 -0.459961   1.40503
  0.76238  0.156265 -0.455309   1.40595
 0.761964  0.156712 -0.457474   1.40609
 0.761427  0.157209 -0.458162   1.40541
 0.760626  0.157077 -0.460194    1.4047
 0.762058  0.157173 -0.459008     1.407
 0.761018   0.15731 -0.459562   1.40529
 0.761431  0.157187 -0.459701   1.40613
 0.762072  0.156936 -0.455417    1.4055
 0.761236  0.157244 -0.459569    1.4057
 0.761336  0.157562 -0.459691   1.40594
 0.760932  0.156985 -0.459139   1.40488
 0.761114  0.157301 -0.459611   1.40548
  0.95944  0.138004 0.0686651   1.72594
 0.965102  0.130687 0.0344984   1.73807
 0.964633  0.133344 0.0625972   1.73397
 0.962559  0.142388 0.0635324   1.73397
  0.973956  0.0924115 0.00196946    1.75671
    0.975677    0.0217244 -0.000260036      1.75855
 0.972995 0.0846974 0.0469755    1.7486
 0.973372 0.0475714 0.0426565   1.75061
 0.967226  0.122434 0.0688203   1.73704
 0.969416  0.103833 0.0641992   1.74013
  0.96677  0.123917 0.0840373   1.73628
 0.967791  0.111233 0.0785325   1.73757
 0.967286  0.116554 0.0408383   1.74181
  0.96981 0.0940193 0.0603312   1.74122
   0.9665  0.124374 0.0673178   1.73713
 0.968815  0.113829 0.0431496   1.74101
 0.866818  0.365485 0.0888032   1.57195
0.873733 0.350525  0.12176  1.58527
0.856781 0.370135 0.104835  1.55353
0.861539 0.359827  0.12194  1.56226
0.850523 0.372723  0.12207  1.54418
0.855477 0.362047 0.115661  1.54851
0.865766 0.354814 0.117543  1.56821
0.865011 0.356727 0.101354  1.56546
  0.812434   0.420436 -0.0958835    1.48109
 0.821239  0.401024 -0.115513   1.49262
  0.833231   0.399558 -0.0870193    1.51475
   0.82033   0.399985 -0.0970186    1.48722
 0.834456  0.380475 -0.133003   1.51608
  0.855759   0.377462 -0.0822805     1.5557
  0.837668    0.38748 -0.0923248    1.51999
 0.832172   0.38051 -0.109956   1.50686
0.874189 0.343996 -0.07598  1.58243
 0.967138  0.130475 0.0341346   1.73801
 0.966586   0.13649 0.0387411   1.73669
 0.966872  0.136881 0.0314522   1.73699
 0.966859  0.137969 0.0356985    1.7376
 0.965937  0.141193 0.0248965   1.73373
 0.965429  0.146527 0.0332345   1.73385
  0.96543  0.147205 0.0421815   1.73417
0.961167  0.13961 -0.10248  1.72777
   0.96354    0.15467 -0.0794432    1.73328
 0.966962  0.141985 0.0218059   1.73682
 0.967011  0.140046 0.0240382   1.73658
 0.967962  0.135413 0.0184514   1.73948
 0.968663  0.131043 0.0164364   1.74115
0.968283 0.131015 0.021722  1.74038
 0.968194  0.130211 0.0178556   1.73989
 0.967283  0.137538 0.0297746   1.73821
  0.96801  0.131452 0.0272147   1.73997
   0.9677   0.13145 0.0326059   1.73949
 0.967472  0.130808 0.0283645   1.73857
 0.967722  0.134978 0.0195579   1.73872
 0.967803  0.130749 0.0225084   1.73916
 0.967102  0.136558 0.0230536   1.73739
 0.967704  0.135306 0.0231677   1.73889
 0.968466  0.129935 0.0123902   1.74037
 0.967871  0.134848 0.0154607   1.73899
  0.968032   0.134171 0.00814924    1.73912
 0.968112  0.135973 0.0127903   1.73981
    0.966909     0.135966 -0.000635705      1.73572
  0.966591   0.142915 0.00898782    1.73604
 0.966687  0.143687 0.0172993   1.73639
  0.969596   0.126089 -0.0100413    1.74245
   0.969053    0.129372 -0.00764959     1.74116
  0.969201   0.127067 -0.0142788    1.74121
  0.969277   0.130091 -0.0106554    1.74191
  0.968638   0.134317 -0.0147298    1.73986
  0.968134   0.131558 -0.0150349    1.73881
   0.968148    0.134975 -0.00773798     1.73917
 0.962549  0.153202 0.0602885    1.7265
  0.968542   0.137869 -0.0220148    1.74053
  0.969056   0.136125 -0.0173157    1.74138
  0.969675   0.127949 -0.0256626    1.74278
  0.970464   0.124692 -0.0284189    1.74466
  0.970408   0.124969 -0.0229646    1.74446
  0.970024   0.123838 -0.0249176    1.74335
  0.969534   0.127323 -0.0160156    1.74217
  0.970252   0.125391 -0.0175929    1.74405
  0.970063   0.126832 -0.0121676    1.74374
  0.969798   0.124701 -0.0155244    1.74279
  0.969537   0.127046 -0.0216112    1.74215
  0.969979   0.123953 -0.0200394    1.74318
   0.96949   0.126316 -0.0179109    1.74187
  0.969709   0.127324 -0.0204974    1.74268
   0.97004   0.123234 -0.0304332    1.74343
  0.969446   0.127597 -0.0266798    1.74209
  0.969456   0.126174 -0.0332387    1.74206
  0.969632   0.127692 -0.0315791    1.74278
  0.968365   0.130561 -0.0364372    1.73946
   0.96813   0.132526 -0.0348358    1.73928
  0.968162   0.137152 -0.0280741     1.7397
  0.970141   0.118389 -0.0535693    1.74396
  0.969459   0.123838 -0.0495983    1.74249
  0.969309   0.121508 -0.0561679     1.7421
  0.969622   0.122097 -0.0555395    1.74305
  0.968186   0.132733 -0.0573624     1.7402
  0.968144   0.123149 -0.0564472    1.73922
  0.968151   0.129858 -0.0518687    1.73983
 0.963901  0.152434 0.0327019   1.72889
  0.967399   0.127701 -0.0737546    1.73886
   0.96812    0.13264 -0.0656396    1.74065
   0.96885   0.120088 -0.0776289    1.74224
  0.970457   0.114142 -0.0818901     1.7462
  0.970784   0.114438 -0.0734662    1.74637
  0.969621   0.114591 -0.0747384    1.74354
  0.969456   0.119659 -0.0616992    1.74262
  0.970839   0.115598 -0.0656949     1.7461
  0.970802   0.117637 -0.0587043    1.74584
  0.970091   0.116461 -0.0600824    1.74395
  0.968735   0.121616 -0.0700667    1.74149
  0.969956   0.115189 -0.0669598    1.74389
  0.969212   0.121882 -0.0613108    1.74217
  0.969234   0.120306 -0.0697121    1.74267
 0.958748  0.194078 0.0205016   1.72196
 0.961744  0.156069 -0.129605   1.73644
 0.953216  0.156561 -0.161866   1.72094
 0.960833  0.136921 -0.138926   1.73214
 0.956903  0.140328 -0.156229   1.72599
 0.959657  0.126785 -0.153708   1.73009
 0.958733  0.130335 -0.154277   1.72854
 0.955242  0.145545 -0.159633   1.72364
  0.95861  0.154537 -0.150205   1.73173
 0.957461  0.167625 0.0743747    1.7158
 0.948886  0.140409 -0.197664    1.7142
 0.949376   0.14621 -0.188853   1.71469
 0.947129  0.149199 -0.196768   1.71143
 0.948509  0.141559 -0.195356    1.7132
 0.944729  0.175803 -0.198952   1.71192
 0.947126  0.147601 -0.188483   1.70966
 0.947616  0.149866 -0.187521   1.71102
  0.967324   0.146386 -0.0381716    1.73845
 0.792024  0.391274 -0.208784   1.44487
  0.80018  0.371524 -0.219846    1.4557
  0.81042  0.376882 -0.196902   1.47438
 0.798847  0.374452 -0.205422    1.4499
 0.812216  0.355408 -0.232797   1.47977
 0.830338  0.363318 -0.191873   1.51241
 0.814644  0.367642 -0.201592   1.48141
 0.809706  0.359897 -0.212902   1.47008
  0.881381   0.348743 -0.0128842    1.59446
 0.786517  0.323338 -0.307539   1.43682
  0.80627  0.333658 -0.275858   1.47202
  0.77773   0.33491 -0.298333   1.41781
 0.787918  0.341468 -0.280783   1.43581
  0.77206  0.350561 -0.292158    1.4104
 0.777119   0.33856 -0.287474   1.41365
 0.790769  0.335029 -0.285553   1.44186
 0.784888   0.32891 -0.293054   1.42936
 0.958919   0.17508 -0.100082   1.72853
 0.934907  0.235479 -0.140587   1.68992
 0.918032   0.17611 -0.280491   1.66822
 0.919159  0.182652 -0.270947   1.67007
 0.915416  0.186991 -0.279768    1.6651
 0.917417  0.178147 -0.277433   1.66698
  0.91235  0.210558 -0.281547   1.66565
 0.915316  0.187392 -0.272989   1.66375
 0.916267  0.189874 -0.271704   1.66615
 0.754212  0.309674 -0.349543   1.37972
 0.759417  0.297858 -0.351796   1.38712
0.766658 0.305625 -0.33977   1.3998
 0.758114  0.301612 -0.344545   1.38223
 0.767105    0.2902 -0.357785   1.40463
 0.781078  0.303663 -0.336266   1.42952
 0.769042  0.301603 -0.343008   1.40568
 0.765462  0.295728 -0.348006    1.3981
 0.930805  0.216215 -0.198526    1.6879
 0.877789  0.225135 -0.337409   1.60927
 0.884456  0.228377 -0.330398   1.62285
 0.876849  0.216684 -0.346314   1.60662
 0.876944  0.211742 -0.354181   1.60722
 0.883331  0.206696 -0.344984    1.6169
0.878462 0.212025 -0.34785  1.60818
 0.890639  0.204162 -0.324527   1.62665
 0.889345  0.201275 -0.335782   1.62585
 0.895047  0.195217 -0.326586   1.63414
   0.8914  0.201894 -0.329472   1.62837
  0.87989  0.219654 -0.338882   1.61149
  0.88503  0.207107 -0.338684   1.61843
   0.8887  0.214431 -0.326335   1.62542
 0.883501  0.211223 -0.336166   1.61629
 0.742309  0.272965 -0.386361   1.35912
0.747214 0.264262  -0.3868  1.36683
  0.75194  0.271697 -0.378708   1.37499
 0.745453  0.267668 -0.381925    1.3616
 0.754156  0.259468 -0.391804   1.38349
 0.763403  0.272839 -0.376899    1.3998
0.754023  0.26948 -0.38139  1.38088
 0.752351  0.264332 -0.384515   1.37719
 0.762486   0.34629 -0.297013   1.38995
 0.757289  0.336318 -0.312734   1.38098
0.771322 0.330777 -0.30283  1.40405
 0.765957  0.341142 -0.308731   1.39983
 0.753318   0.32577 -0.327252   1.37433
 0.749761  0.315334 -0.340251   1.36834
 0.763079  0.311575 -0.330203   1.39022
 0.757853  0.320139 -0.336956   1.38588
 0.778078  0.320597 -0.312494    1.4193
 0.777655  0.311954 -0.317765   1.41717
 0.761796  0.330634 -0.323581   1.39272
 0.768882  0.316756 -0.326162   1.40294
 0.774251  0.325668 -0.313077   1.41242
 0.766625  0.321124 -0.318011   1.39625
  0.85299  0.232805 -0.370604   1.56879
 0.857647  0.234754 -0.365937   1.57783
 0.852676  0.227837 -0.378805   1.56871
 0.853231  0.224405 -0.384543   1.57002
  0.85893  0.221436 -0.377509   1.57884
0.854208  0.22446 -0.37985  1.57009
 0.863988  0.222926 -0.364442   1.58657
 0.864702  0.218712 -0.370321   1.58798
 0.870619  0.215138 -0.362571   1.59714
 0.865687  0.218855 -0.365198   1.58803
 0.854859  0.229612 -0.373644   1.57188
 0.859729  0.221581 -0.372879   1.57862
 0.860823  0.226856 -0.365746   1.58099
 0.858241  0.224857 -0.371927   1.57723
 0.817289  0.237661 -0.408739   1.51001
0.822913 0.235881 -0.41103   1.5209
 0.828049  0.232489 -0.410106    1.5289
 0.828566  0.235925 -0.404826   1.52991
 0.826467  0.234478 -0.409328   1.52708
 0.828703  0.240941 -0.398022   1.52989
 0.820536  0.238082 -0.408921   1.51634
 0.826214  0.240688 -0.404176   1.52719
 0.871541  0.245746 -0.308318   1.59137
 0.810726  0.229975 -0.424625   1.50043
 0.807301  0.231522 -0.423213    1.4947
 0.808489  0.230495 -0.421931   1.49543
 0.813303  0.230871 -0.424928   1.50539
 0.815533  0.231087 -0.424605   1.50877
 0.813838  0.232419 -0.422537   1.50592
 0.814537  0.231329 -0.424371   1.50786
 0.810756  0.234152 -0.417035   1.49886
 0.812308  0.231509 -0.424739   1.50376
 0.81137 0.232713 -0.41962   1.5011
 0.813216  0.232763 -0.422843   1.50509
 0.746292  0.305432 -0.352683   1.36288
 0.742801  0.296136 -0.362897   1.35689
 0.754141  0.293798 -0.354937   1.37589
 0.749965  0.300501 -0.360401   1.37235
  0.74029  0.286767 -0.372139   1.35268
 0.738226  0.277829 -0.380354   1.34927
 0.748727  0.276485 -0.372744   1.36693
 0.744653  0.281797 -0.378399   1.36309
 0.759994  0.286828 -0.361336   1.38983
 0.760343  0.279896 -0.364492   1.38959
 0.747152  0.291013 -0.369931   1.36748
 0.753324  0.281012 -0.370076   1.37692
 0.756957    0.2894 -0.361503   1.38332
  0.75094  0.284881 -0.364871   1.37058
0.937425 0.186042 0.248307  1.68909
0.931879 0.165841  0.22294  1.68056
0.923407 0.142324 0.204829  1.66877
  0.787721 -0.0397093   0.267542    1.40234
0.869392  0.25666 0.315769   1.5868
 0.810495 -0.245137 0.0948797   1.49845
0.883496 0.175502 0.257908  1.59602
  0.835712 -0.0483389   0.231112    1.50148
0.847042 0.177477 0.367555  1.54876
0.929244 0.153557 0.274847  1.67495
0.884141 0.214402 0.267037  1.60279
0.930261 0.158432 0.290028  1.67874
0.930145 0.156773 0.295063  1.67964
0.860116 0.272737  0.25895  1.55895
0.859909 0.279775 0.251054  1.55829
0.866625 0.276954 0.251878  1.57051
0.862602 0.278786 0.254387  1.56515
 0.85972 0.287003 0.242674  1.55776
0.859295 0.294194 0.233656  1.55666
0.866604 0.289585 0.233893  1.56967
 0.86228 0.293274 0.237377  1.56423
0.873035 0.278161 0.245312  1.58171
 0.87447 0.281227 0.236218  1.58363
0.862551 0.286001 0.246027   1.5649
0.868324 0.288126 0.239235  1.57443
0.868608 0.282054 0.247632  1.57554
0.866367 0.283822 0.242994   1.5698
0.927886 0.140653 0.279675  1.67485
0.923941 0.157879 0.306505  1.67058
0.926567 0.123793 0.269734  1.67189
0.932245  0.15799 0.285634  1.68171
0.925412 0.113948 0.284971  1.67326
0.925005 0.156979 0.284225   1.6688
  0.93128 0.0678811  0.252311   1.67613
 0.943017 0.0253494  0.237999   1.69917
0.935945 0.042131 0.251464  1.68563
  0.93668 0.0382015  0.256552     1.689
 0.926576 0.0518014  0.276354   1.67096
 0.923054 0.0590399   0.28025   1.66415
 0.931928 0.0585623   0.26939   1.68217
0.930728 0.153421 0.284512  1.67961
 0.87534 0.276983  0.24984  1.58767
 0.87679 0.265027 0.264676  1.59165
0.868309 0.275374 0.256065  1.57496
0.869286 0.268147 0.263565  1.57735
0.862867 0.271569  0.26208  1.56587
0.866564 0.270358  0.25945  1.57071
0.872772 0.267469 0.261635  1.58263
0.873257  0.27138 0.253767  1.58272
 0.922341 0.0757129  0.296603   1.66885
 0.926528 0.0912638  0.277985   1.67407
 0.920249 0.0893158  0.283721   1.66057
0.928254 0.215392 0.271499   1.6765
0.921724  0.21224 0.278273    1.661
 0.92511 0.146751  0.24849  1.66728
0.921333 0.152288 0.217339   1.6649
 0.92836 0.159183 0.294791  1.67609
0.925832 0.158188 0.279251  1.67002
0.928718 0.138039 0.245274   1.6714
0.896811 0.187132  0.31636  1.61194
0.876223  0.19101 0.280641  1.58717
0.922823 0.150721 0.300438  1.66774
0.924135 0.120126 0.206671  1.66398
0.929242 0.160706 0.290354  1.67708
0.924451 0.129374 0.201418  1.67143
0.913082 0.173135 0.314659  1.65359
 0.93579 0.157261 0.218468  1.68938
0.885875 0.185582 0.297926   1.5957
0.936465 0.167052 0.201526  1.68694
 0.93024 0.137395 0.242072  1.67493
0.937099 0.131421 0.137892  1.69317
0.921919 0.213265 0.130373  1.64756
 0.899831 0.0191221  0.210099   1.61773
0.937072   0.2012 0.198391  1.68154
0.938756 0.167305 0.197655  1.69335
0.941668 0.176996 0.207894   1.6912
0.873294 0.251609 0.277806  1.58345
0.874548 0.255024 0.270154  1.58506
0.867033 0.249491 0.283364  1.57257
0.860307 0.243632 0.288312  1.56034
0.860091 0.250998 0.281691  1.55965
0.862685 0.249735 0.284629  1.56623
0.867064 0.262415 0.268108   1.5718
0.860032 0.258302 0.274494  1.55927
0.860018 0.265236 0.266811  1.55886
0.862694 0.264129  0.27027  1.56576
0.868899 0.254454 0.279928  1.57723
0.862699 0.257083 0.277626  1.56605
0.868602 0.260609 0.272905  1.57609
0.866717 0.256577 0.275812  1.57172
 0.86909 0.172611 0.324454  1.57774
 0.87526 0.182419 0.330495  1.59084
0.875873 0.172446 0.333081  1.59237
0.873686 0.176157 0.330541  1.58717
0.882032 0.183008 0.326531  1.60148
0.887048  0.16531 0.333035  1.61215
 0.88215 0.168215 0.334705  1.60277
0.880547  0.17135 0.331951  1.59876
0.881328 0.179876 0.328219  1.60095
0.866458 0.174394 0.323819  1.57174
0.865035 0.183945 0.322584   1.5695
0.873076 0.185468 0.328568  1.58579
 0.86788 0.182072 0.323538  1.57605
0.863623 0.193231 0.319913  1.56702
0.862504 0.202321 0.316011  1.56495
0.871262 0.202061 0.319549  1.58193
0.865625 0.200306 0.317904  1.57239
0.879555 0.186327 0.323006  1.59532
0.880847 0.192063 0.317018  1.59748
0.866658  0.19125 0.321422  1.57416
0.873417 0.198741 0.323206  1.58721
0.874272 0.190657 0.327709  1.58926
0.871876  0.19411 0.324641  1.58354
0.924127 0.137181 0.289386  1.66908
0.887597 0.279382 0.236349  1.61083
 0.92713 0.150331 0.293978  1.67426
0.887663 0.188864  0.30161  1.59388
  0.9188 0.135126 0.299523  1.66092
0.897234 0.199764 0.300764  1.61185
0.931069 0.153823 0.283957  1.68053
0.927247 0.155198 0.279116  1.67212
0.911381  0.20969 0.291657  1.64078
0.924074 0.145662 0.253612  1.66519
0.919502 0.136778 0.226331  1.65845
0.917257 0.152475 0.237835  1.65788
0.896593 0.196027 0.307177  1.60983
0.920638 0.139855 0.217834  1.66049
0.928447 0.204902 0.276085  1.67391
0.928751 0.175851 0.236569  1.67572
0.922388 0.149286 0.253696  1.66299
0.933067 0.193222 0.262551  1.68281
0.923086 0.174034    0.256  1.66635
0.930475 0.209916 0.267242  1.67714
0.928963 0.198046 0.265957  1.67416
 0.763129  0.121195 -0.440512   1.39467
 0.764639  0.124177 -0.442579   1.39942
 0.756957  0.124411 -0.445739   1.38513
 0.761037  0.117384 -0.439476   1.38895
  0.75732  0.119426 -0.442633   1.38319
 0.757991  0.114904 -0.438592   1.38134
 0.758641  0.116965 -0.441126   1.38473
 0.758421  0.122173 -0.443201   1.38638
  0.76174  0.120444 -0.441859   1.39237
  0.77177  0.144554 -0.456039   1.42333
 0.752698  0.126589 -0.449468   1.37871
 0.748298  0.130205 -0.451585   1.37138
 0.750586  0.124284 -0.447454   1.37261
 0.748152  0.126512 -0.448568   1.36852
  0.74833  0.123156 -0.445345   1.36615
 0.748873  0.124682 -0.447769   1.36924
 0.748969  0.128222 -0.449979   1.37147
 0.751456  0.126435 -0.449381   1.37603
 0.766755  0.155181 -0.460559   1.41652
 0.771749  0.132031 -0.445914   1.41692
 0.772526  0.136704 -0.443134   1.41783
 0.741062  0.137918 -0.453765   1.35902
 0.741831  0.136537 -0.454005   1.36051
 0.738837  0.136335 -0.451975   1.35282
 0.736979  0.136136 -0.449784   1.34729
  0.73818  0.134515 -0.449302    1.3492
 0.738462  0.135373 -0.449755   1.35021
 0.741067  0.133438 -0.451697    1.3568
 0.739376  0.132897 -0.448969   1.35121
 0.740472  0.131268 -0.448581   1.35298
 0.740671  0.132153 -0.449075   1.35385
 0.739855  0.135938 -0.451859    1.3548
 0.739584  0.133722 -0.449406   1.35205
 0.740791  0.134469 -0.451963   1.35658
 0.739945  0.134865 -0.451674   1.35467
 0.737381  0.136945 -0.450218   1.34853
0.738823 0.137422 -0.45235  1.35324
 0.73797 0.138799 -0.45313  1.35224
 0.737771  0.137675 -0.452608   1.35126
 0.739195   0.14112 -0.456398   1.35742
 0.738852  0.139595 -0.455038   1.35554
 0.739895  0.139009 -0.454228   1.35709
0.775412 0.160008 -0.43694  1.42511
 0.737086  0.144831 -0.457126   1.35424
 0.734907  0.148799 -0.457137   1.35057
 0.735067  0.143927 -0.453987   1.34778
0.733785 0.146008 -0.45399  1.34552
 0.733262  0.143628 -0.451334   1.34193
 0.733729   0.14467 -0.453624    1.3449
 0.734501  0.147059 -0.456248    1.3488
 0.736034  0.145648 -0.455925   1.35148
 0.781661  0.176718 -0.410925   1.42841
 0.778006  0.163004 -0.420052   1.42312
 0.778787  0.168166 -0.419651   1.42517
 0.733279  0.152105 -0.457574   1.34819
 0.731935  0.156434 -0.456822   1.34588
 0.731147   0.15144 -0.454158   1.34131
 0.730269   0.15374 -0.453761    1.3397
 0.729329   0.15149 -0.451719   1.33559
 0.729868  0.152314 -0.453575   1.33845
  0.73102   0.15459 -0.456217   1.34319
0.732243 0.153164 -0.45604  1.34529
 0.792015  0.197434 -0.454485   1.46916
0.793759 0.199169 -0.45759  1.47386
0.793028   0.2051  -0.4533  1.47301
 0.792501  0.206388 -0.448988   1.47065
 0.786787  0.198149 -0.460168   1.46172
  0.79055  0.202953 -0.457817   1.46952
 0.730112  0.169846 -0.453601   1.34317
 0.730974  0.175171 -0.450792   1.34443
 0.727671  0.170041 -0.449474   1.33529
 0.72796 0.172826 -0.44803  1.33559
0.725888  0.17121 -0.44749  1.33013
 0.726619  0.171274 -0.448279   1.33261
 0.728772  0.173129 -0.450894   1.33943
 0.729096  0.171558 -0.451078   1.33985
0.770674 0.160509 -0.44223  1.41783
  0.72932  0.179247 -0.448798   1.34079
 0.729875  0.177401 -0.448888   1.34154
 0.727093  0.179989 -0.444572    1.3334
0.724341 0.181861 -0.44288  1.32663
0.724377 0.178695  -0.4442  1.32675
 0.726079  0.179982 -0.444114   1.33049
 0.726915  0.174125 -0.447258   1.33328
0.724365   0.1757 -0.44535  1.32673
 0.724434  0.172783 -0.446495    1.3269
 0.725994   0.17397 -0.446432   1.33032
 0.728279  0.178519 -0.445514   1.33604
 0.725969  0.176966 -0.445317   1.33029
 0.727939  0.175503 -0.447078   1.33562
 0.726822  0.176903 -0.445829   1.33284
 0.736448  0.150968 -0.461409   1.35684
 0.739037  0.148203 -0.460927   1.36133
 0.724844  0.196936 -0.436204   1.32743
 0.724544  0.192814 -0.438198   1.32695
 0.728335  0.193877 -0.437491   1.33512
 0.726925  0.194507 -0.437961   1.33211
 0.724401  0.188968 -0.439904   1.32671
 0.724276  0.185233 -0.441523    1.3265
 0.727589  0.186474 -0.441314     1.334
 0.726356  0.186789 -0.441375   1.33105
 0.731058  0.192346 -0.442065   1.34354
 0.731464  0.190055 -0.442284   1.34392
 0.726559  0.190567 -0.439741   1.33143
 0.729009  0.188192 -0.440976   1.33717
 0.729758  0.191934 -0.438854   1.33835
 0.727714  0.189949 -0.439409   1.33396
 0.734779  0.170077 -0.460115   1.35696
 0.800233  0.229834 -0.423328   1.48071
 0.788893  0.229743 -0.416824   1.45431
 0.791905  0.233803 -0.415999   1.46114
 0.736207  0.180068 -0.455946   1.35981
 0.738564  0.201996 -0.442316   1.36217
 0.736996  0.197754 -0.443461   1.35851
0.735397 0.209073 -0.43214  1.35112
 0.735655  0.206151 -0.432562   1.35109
 0.731889  0.211463 -0.426686   1.34079
 0.727355  0.215936 -0.425689   1.33158
 0.726613  0.210913 -0.428693    1.3304
 0.729853  0.212905 -0.428147   1.33728
 0.730076  0.202149 -0.432482   1.33788
 0.725868  0.206023 -0.431388    1.3291
 0.725412  0.201322 -0.433926    1.3284
0.728297 0.203188 -0.43349  1.33455
 0.733598  0.208943 -0.428653   1.34475
 0.728955  0.208043 -0.430952   1.33573
 0.732194  0.204253 -0.431815   1.34245
 0.730681  0.206556 -0.429641   1.33863
 0.747854  0.207781 -0.439887   1.38164
 0.741106  0.230004 -0.416874   1.36036
 0.741734  0.226063 -0.417732   1.36096
  0.73667  0.232949 -0.411276    1.3481
 0.730652  0.239106 -0.410812   1.33683
  0.72985  0.232818 -0.414972   1.33557
 0.734021  0.235383 -0.414166   1.34449
0.734503 0.221592 -0.41938  1.34483
 0.729097  0.226912 -0.418744   1.33437
 0.728267  0.221261 -0.422364   1.33307
 0.732039  0.223495 -0.421635   1.34106
 0.738903   0.22987 -0.414138   1.35338
 0.733004  0.229296 -0.418021   1.34271
0.737167 0.224187 -0.41835  1.35054
0.735291 0.226928 -0.41558   1.3458
 0.819452   0.26566 -0.359661   1.50454
 0.774982  0.246457 -0.398447   1.42398
0.848515 0.249079 -0.34829  1.55608
 0.801974  0.247799 -0.390681   1.47538
 0.893016  0.241692 -0.278647   1.62924
  0.80803  0.275583 -0.353921   1.48431
 0.802711  0.353297 -0.239312   1.45963
 0.802472  0.342319 -0.248102   1.45731
0.793284 0.367134  -0.2261  1.44037
 0.781389  0.387065 -0.215271   1.42149
 0.776271  0.377569 -0.237321   1.41253
 0.786042  0.382515 -0.231681   1.43429
 0.783954  0.348204 -0.265885   1.42463
 0.771937  0.367129 -0.258451   1.40528
 0.767386  0.356484 -0.277989   1.39764
 0.776992   0.36142 -0.272945   1.41867
 0.797072  0.362093 -0.241011   1.45103
 0.781755  0.372057 -0.253059   1.42693
 0.790754  0.353608 -0.260015   1.43978
  0.78821  0.357932 -0.247854   1.43197
 0.912933  0.230957 -0.239882   1.66048
 0.800446  0.418341 -0.104281   1.45464
 0.793528   0.41362 -0.134177   1.44202
 0.813483   0.39753 -0.124068     1.475
 0.804734   0.41809 -0.126182   1.46754
 0.789078  0.405828 -0.163142   1.43422
 0.785231  0.396295 -0.189269   1.42729
  0.80488  0.382419 -0.176213    1.4594
 0.795792  0.401779 -0.182384   1.45137
 0.824908  0.379229 -0.140653   1.49524
 0.825391  0.366845 -0.154966   1.49377
 0.800191  0.410807 -0.155593   1.45947
 0.811726  0.388688 -0.167762   1.47559
 0.817777  0.395499 -0.143837   1.48726
 0.808422  0.391594 -0.152962   1.46637
 0.946114  0.198559 -0.158836   1.71182
 0.824084   0.41061 0.0210187   1.49459
   0.818278    0.415862 -0.00856286     1.48447
   0.837321    0.396287 -0.00391773     1.51607
    0.828809     0.417287 -7.61598e-05      1.50864
  0.812928   0.418655 -0.0394684    1.47541
  0.807052   0.419086 -0.0711192    1.46534
  0.828641   0.398603 -0.0618995    1.50099
  0.818599    0.42137 -0.0625242    1.49137
   0.85077   0.378495 -0.0213039    1.53871
  0.852934   0.369534 -0.0422317    1.54117
  0.824023   0.420446 -0.0309839    1.50062
  0.836277   0.401882 -0.0510967    1.51885
 0.841261   0.40113 -0.022965   1.52799
   0.83288   0.399526 -0.0335095    1.50876
  0.966032   0.141983 -0.0249476    1.73382
0.844327 0.374205 0.117223  1.53002
  0.83958  0.384543 0.0978644   1.52158
 0.852181  0.371055 0.0979457   1.54268
0.846372 0.383767 0.103835  1.53736
 0.834682  0.394499 0.0753357   1.51304
 0.829452  0.402482 0.0501523   1.50349
 0.845778  0.384817 0.0537851   1.53079
 0.838261  0.403182 0.0584126   1.52418
 0.860821   0.36628 0.0818326   1.55789
 0.861981  0.365537 0.0631473   1.55905
0.842582 0.394066 0.082271  1.53135
 0.851053  0.385691 0.0643527   1.54379
0.854722 0.378897 0.084969  1.55076
 0.848728  0.379624 0.0763247   1.53668
0.961436 0.113111 0.100267  1.72303
0.963131  0.10527 0.140644  1.73035
0.869783 0.334579 0.152518  1.57403
 0.87114 0.335685 0.138244  1.57546
0.861876 0.336048 0.164668  1.55997
0.854389 0.336017 0.178754  1.54743
0.852601 0.344528 0.165452  1.54406
0.856959 0.343747 0.169912  1.55461
0.858815 0.351421  0.13449  1.55416
0.850659 0.353608 0.150845  1.54069
0.847946 0.363029 0.135019   1.5359
0.853277  0.36206  0.13991  1.54846
0.864292  0.34293 0.155748   1.5667
0.855484  0.35265 0.155368  1.55215
0.862226 0.350692 0.141566  1.56269
0.860234 0.344441 0.149772  1.55703
0.929413 0.122624 0.267317  1.67812
0.890218 0.333527 0.130466   1.6165
0.872428 0.306005 0.204117  1.57942
0.873717 0.308435 0.193228  1.58094
0.865521 0.305405 0.213525  1.56737
0.858826 0.302495 0.224055  1.55585
0.857896 0.310586 0.214192  1.55402
0.861226 0.309606 0.217761  1.56222
0.864371 0.319436 0.190971  1.56464
0.856846 0.319006 0.203347  1.55203
0.855624 0.326994 0.191585  1.54952
0.859472 0.326199 0.195877  1.55903
 0.86763 0.311658 0.207391  1.57303
0.860484    0.318 0.207102  1.56092
0.866644 0.318317 0.197018  1.57067
 0.86471 0.313317  0.20236  1.56583
0.929593 0.139901 0.278086  1.67865
0.932814 0.118028 0.244589  1.68221
0.913802 0.131917 0.305569  1.65378
 0.88939 0.304654 0.192003  1.61333
0.874812  0.22266 0.304071  1.58712
0.875754 0.226635 0.297481  1.58817
0.868758 0.219577 0.309401  1.57694
 0.86169 0.211546 0.311532  1.56355
0.861048 0.219833 0.306507  1.56221
 0.86382 0.218167 0.308816    1.569
0.867955  0.23417 0.296755  1.57478
 0.86071 0.227923 0.300862  1.56144
 0.86044 0.235587 0.294725  1.56067
0.863129 0.234107 0.297478  1.56742
0.870433 0.224997 0.306655  1.58126
0.863453 0.226338  0.30332  1.56821
0.869602 0.231901 0.300933  1.57915
0.867944  0.22763 0.303206  1.57526
0.900308 0.120441 0.330408  1.63408
0.906927 0.124942  0.31634  1.64443
0.899556 0.125884 0.327547  1.63139
0.891892 0.119821  0.34216  1.61976
0.883698 0.125432  0.35367  1.60791
0.887408 0.130529 0.342818    1.611
0.886935 0.123954 0.342214  1.60886
0.875499 0.131685 0.351791  1.59279
0.867506 0.135768 0.337486  1.57425
 0.87557 0.144288 0.344975  1.59209
  0.8725 0.138385 0.345831  1.58476
0.882078 0.149643  0.34388  1.60387
0.887415 0.143293 0.338639  1.61101
0.886033 0.145984 0.336394  1.60746
0.880041 0.131586 0.349591  1.59882
0.879712 0.143828 0.344797  1.59784
0.885347 0.136525 0.338566   1.6055
0.882229 0.138635 0.348809  1.60431
0.913076 0.154251 0.315808  1.65388
  0.8938 0.123163 0.337728  1.62214
0.890854 0.128703 0.336101  1.61543
0.894938 0.133963 0.325395  1.62104
0.891008 0.141518 0.336908   1.6181
0.909935 0.128928 0.312452  1.64685
 0.796966  0.208754 -0.447022   1.47969
 0.797891  0.203082 -0.452334    1.4815
 0.804862  0.205714 -0.445686   1.49329
 0.799462  0.205813 -0.448083   1.48315
 0.797133  0.200074 -0.456211   1.48048
  0.79353  0.193058 -0.450608   1.47004
 0.800843  0.192211 -0.447467   1.48323
  0.79659  0.193855 -0.449493   1.47562
 0.814736  0.200992 -0.442884    1.5107
 0.810932   0.19079 -0.442984   1.50146
 0.831657  0.190776 -0.432079   1.53992
 0.816294  0.192702 -0.439531   1.51069
 0.799151   0.20083 -0.453791   1.48346
 0.804469  0.193029 -0.446165   1.48975
0.806776  0.20195 -0.44655  1.49583
 0.804194  0.199437 -0.451537   1.49254
 0.739479  0.192102 -0.449494   1.36577
 0.965687 0.0692273  0.127802   1.73292
 0.967466  0.115083 0.0942694   1.73772
 0.967992 0.0872712 0.0802489   1.73571
 0.971065 0.0239351  0.103948   1.74314
 0.972866 0.0570412 0.0827488   1.74702
  0.972724 -0.0231431  0.0651071     1.7499
 0.973566 0.0485295 0.0727775   1.74859
 0.969441 0.0866147 0.0872041   1.74006
 0.970198 0.0725467  0.121213   1.74358
0.930086 0.132276 0.257733  1.67825
0.761415 0.156278 -0.45911  1.40572
 0.761026   0.15575 -0.459289   1.40492
 0.761866  0.156541 -0.459982     1.407
 0.760795  0.155971 -0.459806    1.4047
 0.760736  0.156238 -0.460009   1.40471
 0.760872  0.155813 -0.459592   1.40475
 0.760769  0.155781 -0.459649   1.40456
 0.762661  0.154705 -0.456452    1.4067
  0.76331  0.153628 -0.454264   1.40689
 0.743827  0.139144 -0.458501   1.36784
 0.747428  0.136359 -0.457547   1.37425
 0.763449  0.159907 -0.458681   1.41012
 0.764733   0.15408 -0.455698   1.41039
 0.767722  0.154009 -0.462827   1.41934
 0.762471  0.153379 -0.456354   1.40607
 0.759233  0.128208 -0.449027   1.39227
0.764001 0.128019 -0.44735  1.40135
 0.762421  0.154544 -0.458696   1.40721
 0.762988  0.151972 -0.454461   1.40607
 0.769694  0.151116 -0.462613   1.42271
0.749305 0.136208 -0.45684  1.37763
 0.770225  0.147236 -0.455858   1.42004
 0.760891  0.157241 -0.459629   1.40505
 0.760901  0.157452 -0.459857   1.40519
  0.76157  0.157557 -0.459399   1.40627
 0.760729  0.157345 -0.460091   1.40492
 0.764364  0.159834 -0.458788    1.4119
 0.762511  0.160113 -0.459016    1.4084
 0.760578  0.156683 -0.460155   1.40452
 0.762199  0.154894 -0.458779   1.40678
 0.760606  0.156308 -0.460019   1.40446
 0.762028  0.156046 -0.460284   1.40729
0.761741 0.156302 -0.46003  1.40671
 0.766098  0.151531 -0.466849   1.41748
0.761367 0.156067 -0.45914  1.40559
 0.760231  0.155966 -0.459306   1.40343
 0.761206  0.155915 -0.459036   1.40521
 0.760858  0.155626 -0.459294   1.40459
 0.760563  0.155929 -0.459571   1.40416
 0.760962  0.155781 -0.459385   1.40484
 0.761144  0.155968 -0.459147   1.40514
0.760712 0.155606 -0.45936  1.40432
 0.775158  0.160496 -0.427681   1.42054
 0.733396  0.158389 -0.461463   1.35226
 0.735506  0.155596 -0.461131    1.3558
 0.740946  0.143315 -0.460125   1.36365
 0.743158  0.151592 -0.469188   1.37377
 0.762699  0.152926 -0.456239   1.40651
 0.735174  0.161418 -0.462165   1.35701
 0.766115  0.161378 -0.460319   1.41615
 0.760486  0.156652 -0.460006   1.40427
  0.76474  0.161561 -0.460731    1.4137
 0.760564  0.157115 -0.460257    1.4046
 0.760703  0.157436 -0.460311   1.40495
 0.758343  0.162717 -0.453585    1.3984
 0.762267  0.157741 -0.455969    1.4063
 0.761629  0.156931 -0.456187   1.40495
 0.760939  0.157194 -0.457074   1.40402
 0.760396  0.156732 -0.459995   1.40409
 0.761746  0.157213 -0.457551   1.40578
 0.761038  0.157629 -0.460153   1.40559
 0.761376  0.157607 -0.460093   1.40622
 0.761612  0.158053 -0.456203   1.40512
0.761189 0.157615 -0.46009  1.40587
0.761123 0.157674 -0.45977  1.40556
0.962043 0.150026 0.091209  1.72748
0.963796 0.142442 0.104826  1.73184
 0.883997  0.355726 0.0644611   1.60486
0.902909 0.272458 0.214148  1.63527
 0.963281  0.155775 0.0800973   1.73009
 0.965988  0.153613 0.0283683   1.73446
 0.965266  0.149025 0.0026698   1.73191
  0.967158   0.146716 0.00172186    1.73669
  0.967058   0.148441 -0.0156711    1.73714
  0.964203   0.153972 -0.0566907    1.73276
 0.959157  0.169388 0.0422022   1.71894
  0.9619 0.170646 0.036996  1.72605
  0.965757   0.137566 -0.0586646    1.73461
 0.854012  0.345699 -0.179127   1.55605
   0.962599    0.164288 -0.00733083     1.72704
 0.960876  0.166814 0.0124668   1.72263
 0.949356  0.155428 -0.152447   1.70979
  0.95556  0.170289 -0.134816   1.72462
 0.938179  0.181178 -0.193778   1.69656
 0.831443  0.322244 -0.263941    1.5213
  0.857204   0.359891 -0.0841601    1.55073
 0.849477  0.343182 -0.114531   1.53083
   0.9223  0.199401 -0.233836   1.67303
 0.903498  0.216078 -0.271928   1.64448
 0.800768  0.301324 -0.328035   1.46963
 0.91801 0.255757 -0.18351  1.66459
   0.8836  0.232189 -0.302779   1.61332
 0.780804  0.276422 -0.372283   1.43709
 0.896512  0.271287 -0.228383    1.6309
 0.830975  0.242987 -0.377544   1.52793
 0.843023  0.247818 -0.365895   1.55096
 0.844511  0.277812 -0.319247   1.54691
 0.812712  0.239039 -0.400884   1.49785
    0.823  0.244947 -0.392484   1.51803
 0.803983   0.23402 -0.422714   1.48921
 0.800352  0.242166 -0.408153   1.47767
0.808835 0.236899  -0.4181  1.49811
0.928319 0.133994  0.18842  1.67905
 0.918254 0.0345927 0.0865571    1.6554
 0.92595 0.122511 0.196641  1.66805
0.879312 0.150336 0.326707  1.59652
0.884629 0.184694 0.303742  1.60112
  0.871399 -0.0209421    0.26145    1.56086
0.887913 0.119001 0.336439  1.61609
0.930874 0.151299 0.272315  1.67714
0.883181 0.160262 0.319846  1.59694
0.931573 0.157744 0.287224  1.68054
0.931428 0.157522 0.291356  1.68136
0.930605 0.151328 0.287184  1.68026
0.886951  0.25464 0.268724  1.61023
0.932113 0.156184 0.285948  1.68085
0.928978 0.129075  0.25902  1.67515
0.925869 0.159899 0.301368  1.67275
 0.946557 0.0481331  0.229235    1.7061
0.943269 0.051981  0.24569  1.70238
 0.935739 0.0759458  0.248669   1.68655
 0.944688 0.0775287  0.230855   1.70334
 0.941676 0.0668135  0.232231   1.69562
0.932011 0.158037 0.289158  1.68166
0.930926   0.1548  0.28326  1.67971
0.931113 0.111172 0.245952  1.67749
0.906274 0.295459 0.136134  1.63668
 0.932447 0.0997908  0.259168    1.6833
0.923197 0.211318 0.280517  1.66434
0.919056 0.206219 0.286458  1.65521
 0.91832  0.15656 0.229709  1.65898
0.907301 0.202732 0.299789  1.63173
0.926934 0.162452  0.29536  1.67366
0.923565 0.160498 0.284428  1.66666
 0.89104 0.188266 0.305626  1.59953
0.931725 0.147474 0.271238  1.67772
0.888221 0.179789 0.304605  1.59842
0.930214 0.130815 0.243315  1.67254
0.925838 0.103884 0.196142  1.66435
 0.92924 0.134246 0.240612  1.67479
0.927168 0.105184 0.183304    1.675
0.917798 0.152604 0.268945   1.6558
0.932044 0.106837 0.176941  1.68631
 0.910796 0.0399355  0.254588   1.63183
 0.89643 0.154854  0.31956  1.61551
  0.907536 -0.0617202    0.15311    1.63292
0.931172 0.109839 0.152617  1.68059
0.912932 0.114621 0.299954  1.64812
0.890276 0.199227 0.311198  1.61533
 0.88893  0.16173 0.327565  1.61236
  0.8886 0.176914 0.320296  1.61208
0.887918 0.227661 0.294084  1.61217
0.919543 0.147141 0.307767  1.66415
  0.9326 0.155432 0.285963  1.68191
0.894032 0.241676 0.259947  1.61667
0.925772 0.160978 0.300279  1.67227
0.902436 0.194725 0.310258  1.62265
0.912188 0.201233 0.299306  1.64273
0.919055 0.162694 0.312256  1.66322
0.921658 0.147893  0.25917  1.66163
0.917122 0.141325 0.235759  1.65493
0.914819 0.154824 0.248612  1.65313
0.901923 0.188764 0.315581  1.62177
0.917891  0.14447 0.227913  1.65609
0.922935 0.193102 0.275802  1.66223
0.924371 0.177622 0.248701  1.66748
0.919974 0.151277 0.259419  1.65923
0.927571 0.195232 0.272794  1.67276
0.920216 0.176077 0.258895  1.65924
 0.756317  0.131648 -0.451941   1.38838
 0.765874  0.152832 -0.463504   1.41563
 0.764268  0.152312 -0.457219   1.40981
 0.766694  0.140996 -0.458259   1.41323
 0.744108  0.141825 -0.459882   1.36976
  0.76741  0.163674 -0.443512   1.41232
 0.761708  0.153913 -0.458963   1.40574
 0.740824  0.147264 -0.461715   1.36511
 0.770083  0.164928 -0.429786    1.4118
 0.761596  0.163837 -0.449329    1.4032
 0.773071  0.187618 -0.451253   1.42906
 0.746683  0.144842 -0.466916   1.37852
 0.731921  0.166874 -0.459953   1.35026
 0.733313   0.16392 -0.459912   1.35244
 0.745617  0.187069 -0.459006   1.38054
 0.740949  0.169181 -0.468218   1.37236
 0.732171  0.176638 -0.456369   1.35094
 0.732847   0.17344 -0.456648   1.35175
0.742298 0.177523 -0.46492  1.37498
 0.734013  0.188127 -0.450512   1.35407
 0.734042  0.184441 -0.451116   1.35359
 0.763657  0.223835 -0.421333   1.40566
 0.756865  0.197005 -0.457715   1.40361
  0.78867  0.209712 -0.448453   1.46439
 0.779735  0.202655 -0.457901   1.44919
 0.782126  0.208709 -0.447739   1.45044
 0.74577 0.221693 -0.43061  1.37568
 0.744682  0.216107 -0.432003   1.37265
 0.758281  0.209095 -0.439889   1.40013
 0.753936  0.245051 -0.409295   1.38813
 0.753132   0.23681 -0.412579   1.38574
 0.767264  0.250943 -0.403804   1.41528
 0.765111  0.271219 -0.379858   1.40528
 0.763016  0.261267 -0.385185   1.40024
 0.791468  0.255139 -0.390284   1.45799
 0.781752  0.298699 -0.338716   1.43155
 0.776578  0.287546 -0.347082   1.42015
  0.80584  0.325053 -0.280069   1.47045
  0.79683  0.313406 -0.292337   1.45068
 0.871557   0.28185 -0.272964   1.59215
   0.8607  0.268573 -0.311319    1.5774
 0.832981  0.349884 -0.192328   1.51269
 0.827869  0.333981 -0.210495   1.49975
 0.947554  0.212983 -0.100477   1.70838
 0.902494  0.294381 -0.139723   1.63225
  0.960882   0.160914 -0.0569786    1.72515
 0.927669  0.218458 -0.178458   1.67605
 0.873333  0.352543 0.0447216   1.57791
   0.876005    0.354103 -0.00488483      1.5858
0.878877 0.336808 0.118906  1.58991
  0.87971  0.338376 0.0876615   1.58973
0.958293 0.154953 0.125419   1.7209
 0.953151  0.203782 0.0614831   1.71026
 0.960359  0.172381 0.0662107   1.72344
0.883435  0.30573 0.179803  1.59763
0.886283 0.309197 0.154657  1.60145
0.898341 0.279656 0.178765  1.62011
0.882566 0.281371 0.225773  1.59743
0.885386 0.288778  0.20374  1.60157
0.881654  0.25788 0.261032  1.59707
0.883619 0.264697  0.24495   1.5994
0.930178   0.1452 0.272699  1.67902
0.882267 0.231852 0.288841    1.599
0.883414  0.23902 0.275976  1.59974
0.885214 0.202937 0.310672   1.6051
0.884609 0.210786  0.30017  1.60216
 0.89575 0.156374 0.327806  1.62721
0.929727 0.147166  0.27127  1.67729
 0.779821  0.235268 -0.413943   1.43927
 0.793106  0.214864 -0.440137   1.47023
 0.797867  0.219709 -0.435278   1.47903
 0.798748  0.224443 -0.429411    1.4792
 0.801274  0.227911 -0.426052    1.4838
 0.791094   0.22531 -0.425668   1.46248
 0.796826  0.222401 -0.430079   1.47486
 0.769922  0.215501 -0.433652    1.4227
 0.790221  0.195486 -0.456894   1.46628
  0.78033  0.191754 -0.448254   1.44367
 0.788488  0.196286 -0.458993   1.46409
 0.956723 0.0576522  0.158154   1.71601
 0.953015 0.0435712  0.192813    1.7123
 0.948269 0.0281522  0.191901   1.70002
 0.948505 0.0630862  0.197903   1.70264
 0.952204 0.0644255  0.186723   1.70984
0.928927 0.150342 0.271741   1.6759
 0.944925 0.0994329  0.198096   1.69632
0.961536  0.12848 0.114616  1.72499
 0.761512  0.155959 -0.459325   1.40595
 0.761073  0.155653 -0.459149   1.40495
 0.760928  0.155559 -0.459261    1.4047
 0.761883  0.156134 -0.460367   1.40713
 0.762212  0.155793 -0.460528   1.40776
 0.760492  0.156257 -0.459771   1.40414
  0.76453  0.162981 -0.459192    1.4128
 0.761328  0.155621 -0.459553   1.40563
 0.751329  0.140219 -0.464126   1.38563
   0.7616  0.155962 -0.460468   1.40656
  0.76321  0.151358 -0.454785   1.40666
 0.757488  0.137253 -0.461091   1.39612
 0.759826  0.156547 -0.458891   1.40255
 0.764483  0.151423 -0.459231   1.41107
 0.766458  0.148754 -0.463869   1.41619
 0.759308  0.149623 -0.457662   1.39989
 0.761594  0.137628 -0.461269   1.40424
 0.772697  0.139321 -0.447453   1.42024
 0.765936  0.138662 -0.459685   1.41262
 0.761913  0.150584 -0.455263   1.40406
 0.760957  0.157563 -0.460234   1.40546
  0.76082  0.157535 -0.460217   1.40516
0.760944 0.157393 -0.45881  1.40477
 0.760565  0.157225 -0.460192   1.40459
0.763563 0.162085 -0.46115  1.41159
 0.760096   0.15646 -0.459207   1.40316
 0.760377  0.156334 -0.459771   1.40391
 0.761748   0.15545 -0.460697   1.40682
  0.76274  0.161923 -0.461499   1.41019
 0.760415  0.155989 -0.459594   1.40387
 0.761171  0.154984 -0.461282   1.40586
 0.760533  0.155738 -0.459461   1.40402
 0.760669  0.155576 -0.459455   1.40431
 0.760692  0.155712 -0.459416   1.40433
 0.761191  0.155736 -0.459133    1.4052
 0.760186  0.155869 -0.459394   1.40336
0.761301 0.155746  -0.4594  1.40551
 0.760928  0.155514 -0.459425   1.40477
 0.766409  0.163755 -0.436765   1.40747
 0.741559  0.161663 -0.469668   1.37287
 0.749286  0.153711 -0.477668   1.38994
 0.764838  0.163051 -0.448103   1.40914
 0.763953  0.162983 -0.456179   1.41061
 0.761754  0.152153 -0.456593   1.40458
 0.763334  0.162769 -0.460707   1.41113
 0.760202  0.156652 -0.459327   1.40342
 0.760425  0.157149 -0.459565   1.40403
0.761739 0.163531 -0.45699  1.40656
 0.761965  0.159956 -0.459034   1.40739
 0.761242   0.15791 -0.456696   1.40462
 0.760612  0.157339 -0.459396   1.40436
  0.76176  0.162993 -0.461269   1.40822
 0.761203  0.157308 -0.456339   1.40423
0.761129 0.157476 -0.45827  1.40491
 0.760999  0.157647 -0.459945    1.4054
 0.760442  0.157716 -0.457406   1.40332
 0.760803  0.157593 -0.460017   1.40502
 0.760645  0.157465 -0.458917   1.40422
 0.959747  0.168906 0.0944183    1.7233
 0.903135  0.315185 0.0891877   1.63236
 0.901667  0.323325 0.0321817   1.62868
0.897253 0.296951 0.119885  1.61485
  0.963263   0.168576 0.00567245    1.72928
 0.893453  0.311351 0.0548535   1.60631
   0.96359   0.172259 -0.0257067    1.73176
  0.958351   0.195849 -0.0119467    1.72195
  0.958164   0.198677 -0.0507663    1.72565
 0.954706  0.203147 0.0207571    1.7134
  0.954644   0.184855 -0.0993837    1.71974
 0.943152  0.196913 -0.136921   1.69988
 0.885622  0.334382 -0.141481   1.61266
  0.936212    0.25251 -0.0906037    1.68962
 0.872846  0.317351 -0.209175   1.59043
  0.947091   0.227437 -0.0505579    1.70466
 0.908497  0.237521 -0.221484   1.64681
 0.885552  0.254094 -0.265671     1.612
  0.83793  0.308376 -0.264647   1.52574
 0.890317  0.276639 -0.205001   1.61224
0.807671 0.288656 -0.32225  1.47387
0.855681 0.298178 -0.25485  1.55871
 0.826225  0.247257 -0.379997   1.51994
 0.806965  0.244017 -0.401839   1.48926
 0.830855   0.29272 -0.308859   1.52171
 0.838308  0.266547 -0.349974   1.54265
0.927368 0.103926 0.189002  1.66892
 0.925604 0.0446351  0.187266   1.66364
 0.923425 0.0778542  0.217558   1.65743
0.931628 0.128285 0.242983  1.67641
0.932631 0.145877 0.271277  1.67995
 0.89544 0.177429 0.319146   1.6116
0.921812 0.163901 0.307124  1.66683
0.931779 0.115695  0.24909  1.67633
0.898899 0.167627  0.32495  1.61866
0.931869 0.157939 0.289381   1.6816
0.900366 0.234813 0.277502  1.63405
0.931564 0.153653   0.2867  1.67907
0.929148 0.135673 0.254609  1.67526
0.910062 0.178178 0.309846  1.63867
0.900458 0.255362 0.248502  1.63249
0.931359  0.15765 0.289387  1.68009
0.931089  0.12331 0.239831  1.67741
0.936279 0.108241 0.224084  1.68418
0.939646 0.106075 0.221628  1.69138
0.929593  0.14978 0.270845  1.67764
0.921137 0.204792  0.28702  1.66097
0.916997 0.197959 0.295047  1.65235
0.919817 0.173131 0.264076  1.65966
0.909438 0.194297 0.305533   1.6369
 0.92426 0.165637 0.300764  1.66983
0.906754  0.18015 0.317932  1.63243
0.898912 0.180817 0.321225  1.61645
0.931235 0.142217 0.272655  1.67573
0.930034 0.121302 0.245243  1.67073
0.930143 0.155639 0.284202   1.6781
0.929386 0.150705 0.290222  1.67423
0.903586 0.144924 0.321536  1.63029
0.931614 0.151731 0.288856  1.67954
0.902637 0.115749   0.3081  1.62692
 0.927679 0.0779066  0.169613   1.66858
0.909874 0.159646 0.323524  1.63951
 0.925992 0.0801471  0.191086   1.66202
 0.923621 0.0944486   0.26698   1.65953
0.900559 0.153691 0.314358  1.62958
0.892388 0.181682 0.319228  1.61905
 0.90783 0.146926  0.31511  1.64573
0.902402 0.168695 0.317457  1.63541
0.916159 0.155439  0.30824  1.65772
0.930576 0.155733 0.283103  1.67921
0.922693 0.164858  0.30514  1.66762
0.906419 0.186846 0.313425  1.63141
0.922742 0.159712 0.289065  1.66541
0.913073 0.192266 0.302915  1.64519
0.919488 0.150069 0.264645  1.65836
0.915165 0.144261 0.243944  1.65183
0.919354 0.191291 0.288603  1.65726
0.921417 0.171069 0.305206  1.66591
0.915464 0.146906 0.237499  1.65203
0.915617 0.159097 0.240863  1.65357
0.922865 0.190226 0.281239  1.66373
0.913835 0.157783 0.257557  1.65065
0.919509 0.192863 0.284494   1.6563
0.915769 0.183252 0.292845  1.64858
 0.75532 0.139948 -0.46232  1.39281
 0.762196  0.150234 -0.462654   1.40781
 0.762103  0.146007 -0.467482   1.40883
 0.75048 0.144078 -0.46581  1.38554
0.761052  0.16287 -0.45917  1.40613
 0.746941  0.149908 -0.469041    1.3811
 0.761634   0.15173 -0.456699   1.40443
 0.743688  0.155147 -0.469785   1.37594
 0.739938  0.157357 -0.469228   1.36842
 0.763138  0.188742 -0.470296   1.41942
  0.73798  0.164525 -0.468287   1.36536
 0.750274  0.188671 -0.467048   1.39314
0.747688 0.162923 -0.47946  1.38947
 0.737792  0.172758 -0.465724   1.36521
 0.748746  0.176637 -0.476788    1.3928
 0.739412  0.182063 -0.460607    1.3676
 0.752087  0.184301 -0.472462    1.3987
  0.74293  0.192805 -0.452662   1.37272
 0.750996   0.19866 -0.450393   1.38941
 0.751537  0.205769 -0.441984   1.38738
 0.787836  0.267146 -0.365052   1.44239
0.818217 0.258217 -0.37975  1.50891
 0.867142  0.317214 -0.169802   1.56884
 0.915332  0.258467 -0.164955   1.65528
  0.888674   0.331694 -0.0862895    1.60928
 0.930811  0.239121 -0.125988    1.6782
  0.902493   0.314619 -0.0836542    1.63352
  0.893759   0.320011 -0.0166087    1.61033
  0.91901  0.298565 0.0600218   1.65903
 0.956589  0.205547 0.0545028   1.71909
0.947548 0.126938 0.186287  1.70036
 0.932029  0.272976 0.0538365   1.68012
0.942488 0.177776 0.200791  1.69522
 0.90751 0.280581 0.170459  1.63939
 0.91702 0.249623 0.224345  1.65922
0.917367 0.255186 0.195424  1.65557
0.926216 0.269675 0.126165  1.66984
0.895158 0.261108  0.22559   1.6165
0.929103 0.140434 0.254051  1.67609
0.949633 0.192017 0.166222  1.70922
0.898589 0.178066 0.312107   1.6265
 0.91077 0.199027 0.304252   1.6504
0.895314 0.219178 0.287528  1.62116
0.897741 0.197712 0.305781  1.62729
 0.790162  0.215104 -0.441345   1.46516
  0.77729  0.211545 -0.436014   1.43509
 0.782245  0.220244 -0.433265   1.44643
 0.766959  0.199488 -0.454136   1.42312
 0.770667  0.196934 -0.464914   1.43325
  0.77317  0.182876 -0.453854   1.43108
 0.952435 0.0954423  0.162177    1.7081
 0.950338 0.0911975  0.200082   1.70921
 0.93101  0.13303 0.239474  1.67859
0.956752 0.098438 0.153383  1.71566
0.928383 0.142546  0.24072  1.67417
0.956236 0.156638 0.110967  1.71401
0.934089 0.254079 0.121542  1.68287
 0.761642  0.155761 -0.460975   1.40685
 0.760415  0.155659 -0.459506   1.40382
 0.761793  0.155177 -0.461059   1.40707
0.760161 0.156301 -0.45927   1.4033
 0.761716  0.153549 -0.458931   1.40578
 0.756588  0.153797 -0.476564   1.40345
 0.756484  0.148229 -0.473648   1.40141
0.761023 0.159777 -0.45937  1.40558
 0.76054 0.152846 -0.45913  1.40346
 0.761613  0.150024 -0.456066   1.40384
 0.762755  0.151051 -0.459849   1.40774
 0.763476  0.151197 -0.467759   1.41247
 0.762553  0.150115 -0.471653   1.41234
 0.766453  0.147003 -0.465935    1.4172
 0.761677  0.144263 -0.469556   1.40925
 0.760512  0.151381 -0.457106   1.40225
 0.760177   0.15674 -0.459287   1.40336
 0.760797   0.15951 -0.459372   1.40518
 0.761531  0.161811 -0.461927    1.4079
 0.759949  0.162226 -0.462788    1.4052
 0.760065  0.156139 -0.459272   1.40309
0.761232 0.155706 -0.46112  1.40607
 0.760998  0.155412 -0.460077   1.40516
 0.761249   0.16255 -0.462332   1.40771
 0.758269  0.160823 -0.462869   1.40188
 0.760408   0.15572 -0.459394   1.40379
 0.760711   0.15553 -0.459493   1.40436
 0.759747  0.156289 -0.459795   1.40274
 0.747108  0.169254 -0.478929   1.38923
 0.761408   0.16444 -0.438693   1.39812
 0.744662  0.165136 -0.478716   1.38329
 0.760679  0.162809 -0.452725    1.4028
 0.760831  0.153113 -0.459257   1.40403
  0.75375  0.154229 -0.477762   1.39838
 0.759911  0.156732 -0.458538   1.40252
 0.757059  0.161129 -0.448003   1.39322
 0.759138  0.152538 -0.459168   1.40071
 0.761168  0.161472 -0.462084   1.40731
 0.760138  0.156867 -0.458419   1.40295
 0.759625  0.157074 -0.458872   1.40226
 0.760589  0.157942 -0.456929    1.4034
 0.760414  0.157271 -0.459465   1.40397
 0.760016  0.158819 -0.459481   1.40357
 0.760511  0.157333 -0.457229   1.40324
0.953036 0.202737  0.12724  1.71455
 0.955126  0.206199 0.0877639   1.71704
   0.950368     0.23442 -0.00722757     1.71154
 0.914478  0.288173 0.0778598   1.64631
   0.956189    0.213022 -0.00484053     1.72069
  0.944305   0.233996 -0.0488049    1.69932
  0.954691   0.208844 -0.0496829     1.7188
  0.944583   0.215349 -0.0906939    1.69993
  0.934713   0.250912 -0.0757936    1.68402
  0.944016   0.237434 -0.0126435    1.69737
 0.916437  0.294765 -0.127054   1.66323
 0.932537  0.273312 -0.045048   1.68261
 0.922948  0.273997 -0.127202   1.67077
  0.90141  0.296571 -0.170499   1.63631
0.931705  0.13907   0.2757  1.67758
0.916184 0.143546 0.312619  1.65133
0.903696 0.178553 0.320293  1.62605
0.916622 0.119128 0.297132  1.64875
0.931125  0.15674 0.290915  1.67963
0.919413 0.171745 0.307572  1.66252
  0.9282 0.153218  0.27167  1.67501
0.918009 0.153124 0.264904  1.65625
0.928011 0.141598 0.254436  1.67345
0.928288 0.156009 0.286998  1.67445
0.913986 0.235466 0.257237  1.65529
0.929691 0.156913 0.291521  1.67643
0.933035 0.128408 0.227246  1.67956
0.908173 0.190352 0.306909   1.6434
0.910343 0.239043 0.237514  1.64367
 0.92616 0.146077 0.256549  1.67046
0.910572 0.185431  0.30837  1.63982
0.913537 0.147068  0.25155  1.64929
0.921552 0.163713 0.289104  1.66384
0.911459 0.172018 0.313301  1.64196
0.906376 0.171785 0.323815  1.63215
0.927727 0.135974 0.278627  1.66799
0.904775 0.165162  0.32245   1.6284
0.909419 0.144652 0.316012   1.6369
 0.92719 0.130193  0.28872  1.66917
0.916838 0.154863 0.269012  1.65453
 0.92316 0.126031 0.287852  1.66241
0.928642  0.15519 0.294919  1.67449
 0.90961 0.168275 0.313541  1.64756
0.912099 0.184651 0.313265  1.65313
0.916957 0.172293  0.31197     1.66
0.929176 0.156967 0.284368   1.6763
0.925071 0.150111 0.256604  1.66902
0.920692 0.163977 0.292133  1.66224
0.912798  0.18337 0.298729  1.64448
0.916662  0.18154 0.305276  1.65781
0.914243 0.174454 0.287265  1.64717
0.924286 0.147285 0.248847  1.66745
0.913728  0.14938 0.245529  1.64919
0.915684 0.180514 0.283177  1.65044
0.911319 0.156143 0.259413   1.6447
0.913746 0.160618 0.252535  1.64934
 0.757276  0.144526 -0.470877   1.40093
 0.758955  0.150344 -0.466058   1.40288
 0.752686   0.14846 -0.475171   1.39454
 0.752502  0.152711 -0.477059   1.39596
 0.760194  0.149954 -0.456576   1.40115
 0.749709  0.157403 -0.478819   1.39214
 0.746414  0.159061 -0.478805   1.38573
 0.757288  0.173946 -0.459754   1.40029
 0.744479  0.172108 -0.477267   1.38345
 0.759049  0.151329 -0.457715   1.39965
 0.746572  0.180313 -0.473897   1.38737
0.757199 0.162615 -0.44472  1.39211
 0.763831  0.179677 -0.457345   1.41277
 0.758431  0.171176 -0.460177   1.40291
 0.762193  0.192521 -0.467977   1.41637
 0.755619  0.171356 -0.462522    1.3982
  0.916452   0.297432 -0.0874039    1.65801
  0.906632   0.316471 -0.0305971    1.63832
  0.923218   0.293883 -0.0827101    1.67153
 0.913699  0.294413 0.0240435   1.64431
 0.932191  0.270081 0.0922204   1.68153
 0.936796  0.277937 0.0421556   1.69209
 0.922408  0.289625 0.0979934    1.6668
0.920179 0.278149 0.125692  1.66049
0.943457 0.128466 0.202608  1.69633
0.916406 0.264361 0.161324  1.65024
0.910922 0.254829 0.200982  1.64172
0.939542 0.125712 0.213302  1.68882
0.908593 0.223839 0.266971  1.64235
0.931157 0.251908 0.153639  1.67849
0.899821 0.212231 0.301147  1.63367
0.902518 0.192233 0.310518  1.63765
0.927303 0.146185 0.254281  1.67287
0.934462 0.144676 0.225061  1.68145
 0.763338  0.177148 -0.457456   1.41227
 0.755995  0.183731 -0.473055   1.40515
 0.771409  0.200557 -0.460976   1.43299
 0.757351  0.192645 -0.464777   1.40733
 0.93581   0.1277 0.223897  1.68514
0.952388 0.137774 0.162336  1.70986
0.952455 0.140001 0.148783  1.70704
 0.92621 0.148522 0.241278  1.66985
 0.950058  0.201068 0.0983789   1.70427
0.940693 0.244146  0.12295   1.6945
 0.92547 0.242087 0.190653  1.66838
0.933682 0.168143 0.229862   1.6803
0.761082 0.155538 -0.45964  1.40515
 0.760843  0.155496 -0.460149    1.4049
 0.761156  0.155531 -0.461709   1.40617
 0.760025   0.15597 -0.460179   1.40338
 0.760376  0.155735 -0.460183   1.40407
  0.76105  0.154734 -0.461701   1.40582
 0.759326  0.162702 -0.459785   1.40285
0.760053  0.15597 -0.45986  1.40336
 0.760396  0.154729 -0.461925   1.40458
 0.760012  0.151091 -0.457387   1.40143
 0.760113  0.150855 -0.472499   1.40792
0.749473 0.163246 -0.47893  1.39201
 0.753756  0.157235 -0.478643   1.39949
 0.760416  0.150871 -0.463311   1.40461
 0.759859  0.156853 -0.458721   1.40258
  0.76007  0.160543 -0.462417   1.40518
 0.759702   0.15662 -0.459234   1.40247
0.760142 0.160994 -0.46244  1.40528
 0.759832  0.156252 -0.459384   1.40276
0.760716 0.155683 -0.46184  1.40536
 0.760403  0.155535 -0.460317   1.40408
  0.75948  0.156906 -0.459954   1.40243
  0.76046  0.155548 -0.461371   1.40467
0.760014 0.154641 -0.46212  1.40395
 0.752131  0.161331 -0.479421    1.3974
 0.751278  0.166474 -0.479025   1.39642
 0.749161  0.168747 -0.477971   1.39186
 0.758214  0.161694 -0.456121   1.39918
 0.759239  0.162002 -0.461363   1.40335
 0.753271   0.15844 -0.452478   1.38712
   0.7538  0.156975 -0.468406   1.39511
 0.759878  0.161722 -0.463425   1.40536
 0.759659  0.157529 -0.458591   1.40226
 0.758253    0.1526 -0.459463   1.39905
 0.759986  0.159047 -0.459671   1.40356
 0.759881  0.157201 -0.458074   1.40242
 0.760052  0.157037 -0.457993   1.40261
  0.76041  0.157155 -0.457867   1.40331
   0.7595  0.158153 -0.459939   1.40263
 0.759881  0.157572 -0.457607   1.40223
  0.94459  0.242642 0.0900831   1.70102
  0.94803  0.249717 0.0778806   1.71039
 0.944437  0.244804 0.0332393   1.69915
 0.951177  0.234007 0.0309953    1.7128
 0.916592  0.294705 -0.032824   1.65263
  0.931863   0.271479 0.00662097    1.67837
0.927475  0.10505 0.252388  1.66494
 0.92332 0.131572 0.290983  1.66061
0.927752 0.147764 0.295693  1.67157
0.917507 0.157257 0.315153  1.65366
0.913231 0.165497 0.317572  1.64556
0.917963 0.145395 0.308316  1.65232
0.919204 0.169679 0.291695  1.65974
0.922974 0.147559 0.304555  1.66326
 0.92688 0.157456 0.295688  1.67092
0.927303 0.152761 0.274197  1.67305
0.926837 0.142009 0.244268   1.6713
0.916759 0.158245  0.26734  1.65377
0.929511 0.140882 0.233939  1.67456
0.926934 0.158157 0.287331  1.67194
0.923248 0.153098  0.24729  1.66533
0.926195 0.155819 0.274322  1.67138
0.916464  0.17083 0.274801  1.65323
 0.91735 0.176769 0.266848  1.65394
0.912434 0.175789 0.303458  1.64374
0.913074 0.147569 0.255525  1.64823
0.916866 0.155636 0.270452  1.65422
0.922612 0.152774 0.259886  1.66479
0.909922 0.170035  0.31598  1.63811
0.925873 0.151907 0.297241  1.66798
0.913761 0.170405  0.30367  1.64638
0.912884 0.159083 0.316178   1.6435
0.923021 0.148943 0.301982  1.66226
0.915511 0.166238 0.305822  1.65044
 0.91611 0.204142 0.283752  1.65509
0.907812 0.206867 0.292376  1.64201
0.915291 0.193321 0.296195   1.6545
0.918932 0.178855 0.306851  1.66265
0.920046 0.167855 0.291715  1.66185
0.914441  0.17356 0.294571  1.64854
0.914675 0.166181 0.285789  1.64941
0.918808 0.175928 0.286761  1.65871
0.912215 0.148264 0.253076  1.64631
0.913283 0.162299 0.269782  1.64843
0.911962 0.153279 0.263362  1.64701
0.915499 0.173207 0.281561  1.65133
 0.757492  0.150428 -0.475224   1.40393
 0.757155  0.150512 -0.458974   1.39632
 0.759594  0.152732 -0.459463   1.40166
 0.758405  0.151237 -0.457892    1.3985
 0.751123  0.158329 -0.478989   1.39448
  0.75512  0.159772 -0.451827   1.39089
 0.755741  0.168968 -0.463977   1.39909
 0.757438  0.152673 -0.458558   1.39715
 0.752818  0.166839 -0.465103   1.39313
 0.753487  0.160124 -0.467433    1.3947
 0.752244  0.172069 -0.477511   1.39859
 0.750981  0.175062 -0.475424   1.39526
  0.921306    0.29914 0.00927874    1.66342
  0.939552   0.279478 -0.0155318    1.69981
0.925793 0.259914 0.154571  1.66961
0.943237 0.233674  0.15354  1.70051
0.923365 0.233768 0.216418  1.66625
0.940086 0.151852  0.21302  1.69007
0.919438 0.172688 0.290499  1.66113
0.911616 0.221102  0.27999  1.65031
0.922347  0.21675 0.266621  1.66872
0.911896 0.209791   0.2896  1.65112
0.927958 0.229242 0.218773  1.67424
0.921172 0.222042 0.246079  1.66261
 0.93171 0.142402 0.227712  1.67831
0.939369 0.221356 0.199964  1.69563
0.929868 0.156385 0.238444  1.67518
0.93761 0.14759 0.21444 1.68692
 0.94638 0.245157 0.115944  1.70782
  0.93632  0.265409 0.0937443   1.68881
0.947573 0.192638 0.142919  1.70105
0.939472 0.237396 0.149499  1.69304
 0.760542  0.155599 -0.462845   1.40544
 0.759494  0.156505 -0.461567   1.40298
 0.759323  0.157151 -0.460738   1.40244
0.760039 0.156168 -0.46156  1.40405
 0.755671  0.154214 -0.468099   1.39811
0.759901 0.155727 -0.46148   1.4036
 0.758423  0.150502 -0.458027   1.39842
  0.75923  0.157524 -0.462447   1.40306
 0.755958  0.152397 -0.467787   1.39805
 0.758858  0.154817 -0.462537   1.40193
 0.759447  0.157478 -0.459663    1.4023
 0.759153  0.160723 -0.464019   1.40403
 0.759623  0.155967 -0.463332   1.40388
 0.759277  0.160069 -0.462657   1.40357
  0.75373  0.154578 -0.459303   1.39038
 0.759579  0.156559 -0.460949   1.40298
 0.760049  0.155929 -0.462997   1.40457
 0.759368  0.156683 -0.463085   1.40342
0.754059 0.177741 -0.47481  1.40173
 0.757269   0.18154 -0.471212   1.40695
 0.751441  0.162494 -0.466352   1.39028
 0.755154  0.161202 -0.448855   1.38971
  0.75659  0.161239 -0.456697   1.39603
0.756878 0.160327 -0.45875  1.39744
 0.757987  0.161458 -0.461801   1.40088
 0.758063  0.159358 -0.463906   1.40166
 0.758902  0.161115 -0.463763    1.4034
0.759366 0.158733 -0.46088  1.40284
 0.757461  0.159982 -0.463166   1.40019
 0.759474  0.159307 -0.463138   1.40411
   0.92625   0.292414 -0.0432723    1.67465
  0.937746   0.263565 -0.0476509    1.69218
0.925331 0.155527 0.299591  1.66795
0.918356 0.162375 0.308709  1.65571
0.918817 0.157969 0.307822  1.65514
0.925586 0.156721 0.290774  1.66919
0.91521 0.16457 0.30818 1.64855
 0.92503 0.154711 0.277798  1.66897
0.914521 0.154267  0.26905  1.65155
0.923859 0.149284 0.259789  1.66662
0.918911 0.212305 0.270842  1.66075
 0.92229 0.156436 0.281823  1.66396
0.925679 0.148512 0.244608  1.66985
0.924967 0.195004 0.263486  1.66976
0.914544 0.168186 0.298091  1.64893
0.912407 0.148029  0.25607  1.64683
0.921948 0.158258 0.294812  1.66201
0.914324 0.157096 0.267385  1.65107
0.922211 0.157527 0.306558  1.66263
0.914647 0.151751 0.259279  1.65152
0.922906 0.159608 0.300669  1.66323
0.918593 0.160891 0.297421  1.65524
0.917586 0.188425 0.303533  1.66091
0.921738 0.150838 0.253739   1.6635
0.921263 0.151639 0.263319  1.66211
0.919595 0.185403 0.278508  1.65963
0.916335 0.155507 0.269813  1.65381
0.915541 0.161109 0.286075  1.65172
0.912937 0.148617 0.256193  1.64781
0.914543 0.166396 0.283294  1.64943
 0.757089  0.151741 -0.459108   1.39659
 0.758009  0.152151 -0.466658   1.40164
 0.753414  0.155107 -0.468457   1.39381
 0.754251  0.157308 -0.454883   1.39006
 0.755348  0.153619 -0.459298   1.39357
 0.751903  0.158319 -0.468176   1.39129
 0.753613  0.164698 -0.465571   1.39493
 0.753447  0.157785 -0.458136   1.38986
0.931739  0.24338 0.185231  1.68255
0.936753 0.220401 0.174221  1.68485
0.926747 0.218017 0.242698  1.67402
0.936257 0.174051  0.21488  1.68425
0.918086 0.198872 0.293368  1.66141
0.925336 0.179819 0.249644  1.66692
0.927616 0.165747 0.239598  1.67128
0.919975 0.208705 0.279953   1.6641
0.927889 0.150838 0.234634  1.67226
0.929066 0.198212  0.24801  1.67622
0.931876 0.160754 0.226328   1.6776
0.929029 0.202661 0.230902  1.67296
0.943968 0.159934 0.187261  1.69558
0.935665 0.213168 0.211033   1.6871
0.934817 0.179477 0.217039  1.68049
0.944465  0.17975 0.181742   1.6968
 0.759298  0.154902 -0.462345   1.40264
 0.756469   0.15864 -0.460687   1.39714
  0.75534  0.152493 -0.459315   1.39321
 0.758868  0.156485 -0.464184   1.40287
 0.758348  0.155154 -0.462676   1.40101
 0.757301  0.151945 -0.458186    1.3965
 0.759333  0.157996 -0.461294   1.40287
 0.759037  0.158241 -0.462167   1.40264
0.758971  0.15739 -0.46296  1.40266
 0.758981  0.159319 -0.463802   1.40338
 0.759204  0.156456 -0.463439   1.40317
 0.758256  0.158093 -0.464214   1.40199
  0.75569  0.159442 -0.459187   1.39503
 0.755719  0.153411 -0.458002   1.39361
 0.758637  0.159722 -0.464325   1.40293
 0.753356  0.156259 -0.455394   1.38828
 0.758967   0.15872 -0.464127   1.40342
 0.756718  0.156426 -0.461694   1.39764
0.924083 0.159511 0.291117  1.66646
0.918696 0.153804 0.266117   1.6575
0.919625 0.158587 0.284194  1.65902
0.923733 0.157917 0.277989  1.66693
0.922979 0.152471 0.249344  1.66553
 0.91612 0.152244 0.258195  1.65358
0.920821 0.181716 0.284144  1.66384
0.919526 0.153184 0.258208   1.6601
0.914229 0.152731 0.258679  1.65051
0.913178 0.157796 0.272862  1.64831
0.916113 0.165011 0.292926  1.65141
 0.91837 0.161598 0.283879  1.65691
0.917929 0.161707  0.29425  1.65553
0.921021 0.162128 0.294819  1.66062
0.919681 0.158927 0.254253  1.65963
0.921469  0.19369  0.26639  1.66195
0.919446 0.166093 0.266728  1.65827
0.917945 0.159335 0.266524  1.65663
0.755208 0.155031 -0.45711  1.39253
 0.757587  0.155358 -0.462245   1.39941
0.926312 0.161977 0.249346  1.67045
0.939422 0.183626 0.201647  1.68879
0.929976 0.180835 0.231827  1.67372
0.925129 0.199093 0.251025  1.66764
0.920697 0.155714 0.253259  1.66133
0.924767 0.155115 0.241999  1.66757
0.928531 0.175176 0.247967  1.67348
0.920836 0.170255 0.259199  1.66095
  0.9347 0.210244 0.215166  1.68461
 0.93434 0.203151 0.226875  1.68479
 0.756791  0.157155 -0.461684   1.39793
 0.758898  0.157506 -0.464205   1.40309
 0.758485  0.158103 -0.464088   1.40228
 0.756805  0.153018 -0.458723   1.39599
 0.755778   0.15455 -0.458064   1.39401
 0.755944  0.157752 -0.460888   1.39598
0.757636 0.158564 -0.46403  1.40068
 0.757438  0.156032 -0.462263   1.39924
0.921184 0.159689 0.281866  1.66238
0.920432 0.154835 0.254223  1.66141
0.916808 0.156594 0.265176  1.65477
0.920239 0.154845 0.263187  1.66081
0.922016 0.174349 0.262711  1.66207
0.918524 0.155643 0.258097  1.65822
0.917846 0.163368 0.263102  1.65615
0.918592 0.156011 0.258101  1.65768
0.922315 0.189768 0.275169  1.66599
 0.92485 0.166936 0.250287  1.66771
0.916116 0.159923 0.275612  1.65352
0.917039 0.156874 0.277054  1.65563
0.918208 0.155592 0.265278  1.65798
0.917198 0.154437 0.256681  1.65611
 0.754928  0.155371 -0.457211   1.39208
 0.754542  0.156188 -0.458969   1.39233
0.921793 0.158211 0.248296  1.66289
0.920889  0.16549 0.265026  1.66181
0.923244 0.164431 0.256182  1.66559
0.924877 0.175939 0.260033  1.66856
 0.758611  0.157082 -0.464171   1.40244
 0.758045  0.157301 -0.464285   1.40142
