 0.87645 0.332967 0.153077   1.5912
0.880765 0.317627 0.175188  1.59945
0.868245 0.334102 0.166866  1.57651
0.871598 0.324375  0.17774   1.5828
 0.86319 0.334612  0.18099  1.56963
0.867241 0.326832 0.174058  1.57299
0.875286 0.321182  0.17334  1.58787
0.874724 0.324244 0.162062  1.58567
 0.760785  0.156187 -0.464841   1.40822
 0.760941  0.156088 -0.464888   1.40856
 0.791116  0.132457 -0.402858   1.44187
 0.785522  0.133202 -0.409858   1.43317
 0.788699  0.136077 -0.409262   1.44033
 0.786361  0.119158 -0.409582   1.43268
 0.781745  0.124084 -0.417572   1.42744
 0.785179  0.123673 -0.415079   1.43358
 0.797882  0.121459 -0.389589   1.44863
 0.793435  0.113384 -0.396418   1.44082
 0.805835  0.102232 -0.370853   1.45536
 0.798944  0.116393 -0.393782   1.45223
 0.786942  0.128021 -0.413654   1.43742
 0.790338  0.120675 -0.407763   1.44073
 0.793869  0.128817 -0.404379   1.44812
 0.790691  0.124223 -0.405303   1.44082
  0.959485   0.110402 -0.0482736    1.72435
  0.959321   0.111909 -0.0424814    1.72413
  0.958509   0.114739 -0.0455502    1.72246
  0.958937   0.110598 -0.0438847    1.72295
  0.959181   0.113267 -0.0368158    1.72399
  0.959018   0.114406 -0.0314704     1.7238
  0.958295   0.117238 -0.0345356    1.72221
  0.958674   0.112809 -0.0333832    1.72267
  0.957269   0.124083 -0.0428379    1.72037
  0.957686    0.12361 -0.0372223    1.72114
  0.958808   0.111595 -0.0387042     1.7228
  0.958131    0.11521 -0.0367656    1.72151
  0.958303    0.11498 -0.0408649    1.72187
   0.95849   0.115594 -0.0398864    1.72248
0.932333 0.158397 0.226993  1.67951
 0.76228 0.155083 -0.46045  1.40988
  0.76086  0.155703 -0.465141   1.40844
 0.761308  0.156248 -0.465051   1.40954
 0.761557  0.156289 -0.464928   1.41007
 0.761777   0.15621 -0.464776   1.41047
 0.761998    0.1558 -0.463145   1.41034
 0.764998  0.157466 -0.459291   1.41518
 0.763352  0.154917 -0.457617   1.41085
 0.762852  0.154353 -0.457629   1.40987
 0.764142  0.154516 -0.457353   1.41232
 0.766701  0.155279 -0.458457   1.41793
0.768674 0.152182 -0.45306   1.4196
 0.780335  0.140164 -0.422319   1.42921
 0.776256  0.141267 -0.430979   1.42465
 0.779018  0.143897 -0.430638   1.43091
0.760839 0.156319 -0.46476  1.40829
 0.760885  0.156323 -0.464738   1.40841
 0.761446  0.156452 -0.464216   1.40966
 0.760737  0.156405 -0.464834   1.40814
 0.760726  0.156387 -0.464992   1.40818
 0.760724  0.156298 -0.465154   1.40823
 0.760702  0.156287 -0.465258   1.40824
 0.761892  0.155237 -0.461215   1.40935
 0.760701  0.156109 -0.465358   1.40825
 0.761709  0.155907 -0.463625   1.40991
 0.760921  0.155996 -0.464891   1.40851
 0.760817  0.155655 -0.465268    1.4084
  0.76083   0.15599 -0.464939    1.4083
 0.801599  0.222525 -0.418852   1.48257
 0.800222     0.218 -0.422903   1.48081
 0.805544   0.21827 -0.420599   1.48879
 0.802741  0.219545 -0.421815   1.48576
  0.79803  0.213079 -0.427686   1.47722
 0.794262  0.208097 -0.434972   1.47198
 0.801703  0.206076 -0.431372   1.48308
 0.798682  0.208833 -0.432935   1.48028
  0.81056  0.213219 -0.419793   1.49606
  0.80997  0.204316 -0.425135   1.49532
 0.820566  0.204205 -0.409608   1.50876
  0.81363  0.208218 -0.423664   1.50344
 0.801046  0.214765 -0.426385   1.48352
 0.806004  0.207803 -0.429488   1.49175
 0.807073   0.21507 -0.423566   1.49275
 0.804524  0.212484 -0.424562   1.48718
 0.727689   0.15901 -0.455869   1.34116
 0.728617  0.157548 -0.455733   1.34268
 0.725776  0.159085 -0.453094   1.33505
 0.723481   0.16015 -0.451845   1.32906
 0.724068  0.157728 -0.452309   1.33008
 0.725137  0.158746 -0.452474   1.33258
 0.726887   0.15462 -0.453964   1.33697
 0.724641  0.155419 -0.452602   1.33099
 0.725393   0.15313 -0.452806   1.33222
 0.726311  0.154138 -0.453062   1.33446
 0.726877  0.158135 -0.453477   1.33735
 0.725625  0.156452 -0.452837   1.33336
   0.7273   0.15581 -0.454047   1.33814
 0.726161   0.15675 -0.453474   1.33557
 0.781938  0.145834 -0.421713    1.4335
 0.776659  0.151422 -0.430002   1.42716
 0.778526  0.150891 -0.419859   1.42606
 0.953263  0.126341 0.0530275   1.71403
 0.952831  0.135581 0.0580052   1.71323
0.953438 0.134914 0.051653  1.71396
 0.953176  0.136084 0.0560633   1.71422
 0.952955  0.141627 0.0459244   1.71152
 0.952184  0.147257 0.0545928   1.71152
 0.952042   0.14842 0.0627611   1.71172
 0.774083  0.151923 -0.434973   1.42395
  0.95059  0.157509 0.0751493   1.70767
 0.769736  0.155332 -0.446876   1.42018
   0.958044    0.119055 -0.00626721     1.72237
   0.957744    0.120021 -0.00115219     1.72182
   0.957433    0.121997 -0.00484696     1.72098
   0.957648    0.118352 -0.00456925     1.72132
  0.957459   0.121439 0.00436021    1.72138
  0.957173   0.122621 0.00999436    1.72095
  0.956726   0.126519 0.00571618    1.71976
  0.956991   0.121081 0.00539283    1.72019
   0.956733    0.126082 -0.00334769     1.71916
   0.956557    0.125133 -0.00149424     1.71851
    0.957314     0.119725 -0.000187511      1.72074
    0.956576     0.124503 -0.000908156      1.71909
   0.957211    0.121761 -0.00381366     1.72035
    0.957164     0.122968 -0.000292176      1.72045
 0.766998   0.15775 -0.458425   1.41899
 0.762303  0.154595 -0.458464   1.40906
 0.765363  0.158346 -0.459197   1.41605
  0.76072  0.156418 -0.465115   1.40823
 0.762268  0.155647 -0.458572    1.4092
  0.76076   0.15648 -0.464959   1.40826
 0.761337  0.156605 -0.465153   1.40973
 0.761019  0.156253 -0.464798   1.40877
0.945945 0.192145 0.225321  1.70191
 0.929119   0.14986 -0.225974   1.67852
 0.929363  0.156745 -0.217222    1.6796
 0.926504  0.160509 -0.226082   1.67589
 0.928225  0.151777 -0.224026   1.67754
 0.923191  0.186514 -0.230004   1.67675
 0.925972  0.160444 -0.220021   1.67457
 0.926599  0.163155 -0.218849   1.67637
 0.945563  0.156305 0.0825472    1.7036
 0.949298  0.162714 0.0778781   1.71027
 0.948601  0.156891 0.0823998   1.70746
 0.947513   0.15755 0.0829537   1.70584
 0.952107  0.156711 0.0790568   1.71355
  0.95347  0.150675 0.0787579    1.7152
 0.950587  0.158621 0.0817268   1.70989
0.949994 0.159095 0.082283  1.70935
 0.950736  0.159917 0.0782037   1.71089
0.950581 0.130337 0.072762  1.71031
 0.949473  0.131259 0.0782982   1.70841
 0.950631   0.14057 0.0781051   1.71024
 0.949984  0.131057 0.0730634   1.70895
 0.947252  0.134347 0.0853855   1.70428
 0.943996  0.143435 0.0894124   1.69845
 0.948367  0.150241 0.0866931   1.70661
 0.946897  0.140778 0.0831069   1.70409
 0.950685  0.154077 0.0823862   1.71005
 0.950409  0.154298 0.0829757   1.70925
0.948729 0.133233 0.078227  1.70682
 0.949195  0.149477 0.0811188    1.7078
  0.95025   0.14344 0.0774199   1.70926
  0.94958  0.143663 0.0832189   1.70851
0.952199 0.147356 0.066554  1.71209
  0.95232  0.146176 0.0681889   1.71218
 0.952728  0.135975 0.0608604   1.71352
 0.953104  0.127256 0.0574094   1.71423
0.952401 0.128211 0.061569  1.71304
0.952627 0.127571 0.057744  1.71309
 0.951962   0.13789 0.0691186   1.71245
 0.951887  0.129284 0.0652886   1.71235
 0.951289  0.129704 0.0684282   1.71142
 0.951533  0.129609 0.0655129   1.71152
 0.952473  0.136292 0.0613397   1.71277
 0.952017  0.129022 0.0614978   1.71218
0.951956 0.138058 0.064105  1.71191
 0.952336  0.136365 0.0645145   1.71288
  0.95414  0.140402 0.0435043   1.71477
 0.954122  0.138937 0.0453166   1.71443
 0.954899  0.131468 0.0389003   1.71687
  0.95549  0.125046 0.0358753   1.71821
 0.955033  0.124946 0.0409356   1.71737
 0.954993  0.124387 0.0370692   1.71692
 0.953939  0.134793 0.0506087   1.71534
 0.954543  0.125528 0.0467187    1.7166
 0.953857  0.126281 0.0523535   1.71548
 0.953922  0.125412 0.0475296   1.71507
 0.954626  0.131348 0.0397832   1.71605
 0.954478  0.124862 0.0416515     1.716
 0.953861  0.133686 0.0432229   1.71453
 0.954544  0.131609 0.0436707   1.71619
 0.953294  0.154045 0.0499785   1.71289
  0.958621   0.105357 -0.0775681    1.72211
  0.957624   0.113043 -0.0723134    1.72052
  0.956987   0.112509 -0.0832917    1.71956
  0.957681   0.112328 -0.0819383    1.72119
  0.956274   0.126959 -0.0683208    1.71898
  0.954486   0.121987 -0.0923368    1.71569
  0.955134   0.122009 -0.0907414    1.71722
  0.956263   0.128402 -0.0778981    1.71978
  0.73328  0.271054 -0.390582   1.34472
  0.73148  0.262981 -0.397006   1.34165
 0.740558  0.261737 -0.390062   1.35675
 0.737223  0.266597 -0.395584   1.35401
 0.730141  0.255033 -0.402846   1.33939
 0.729161  0.247407 -0.408036   1.33774
 0.737512  0.246861 -0.401622   1.35184
0.734285 0.250716 -0.40697  1.34879
 0.745862   0.25674 -0.394184   1.36965
 0.746786  0.251123 -0.395991   1.37071
 0.735635  0.258526 -0.401606   1.35122
0.741056  0.25066  -0.3999  1.35954
  0.74333   0.25803 -0.394277   1.36352
 0.738659  0.253988 -0.396526   1.35361
 0.940382  0.146599 -0.173181   1.69646
 0.942799  0.149328 -0.165017   1.70142
  0.94275  0.132401 -0.177187   1.69923
 0.943741  0.126454 -0.184332   1.70117
   0.9463  0.123426 -0.174971   1.70527
 0.943659  0.129367 -0.176766   1.69996
 0.947485  0.128138 -0.157077   1.70684
 0.949026  0.120054 -0.164411   1.70966
  0.95121   0.11568 -0.152975   1.71253
0.948707 0.123127 -0.15449  1.70761
 0.943402  0.137108 -0.168615   1.70005
 0.946109  0.126277 -0.166119   1.70361
 0.945943  0.134499 -0.157242   1.70398
 0.945073  0.130885 -0.168241   1.70309
 0.754476   0.22651 -0.424737   1.39615
 0.724081  0.183957 -0.444454   1.33087
 0.725957  0.181703 -0.444849   1.33523
 0.726794  0.184983 -0.442986   1.33651
0.724874 0.183172  -0.4435  1.33242
 0.728649  0.180821 -0.448321   1.34337
0.730654 0.187031 -0.44469  1.34668
  0.72764  0.184793 -0.445272   1.34017
 0.727602  0.182909 -0.445658   1.33988
 0.726594  0.168425 -0.453179   1.33926
 0.727298  0.166794 -0.453165   1.34034
  0.72464   0.16896 -0.450008   1.33285
0.722292  0.17061 -0.44905  1.32705
 0.722466   0.16785 -0.449955   1.32739
 0.723887  0.169002 -0.449981   1.33056
 0.724998  0.163868 -0.451793    1.3336
 0.722729   0.16525 -0.450684   1.32784
 0.723001  0.162624 -0.451376   1.32828
0.724296 0.163756 -0.45147  1.33123
 0.725751  0.167755 -0.450679   1.33527
 0.724025  0.166358 -0.450759   1.33077
 0.725733  0.165137 -0.451726   1.33537
 0.724649  0.166295 -0.450856   1.33278
 0.730396  0.150813 -0.456713   1.34559
 0.731519  0.149486 -0.456472   1.34749
 0.728516  0.150459 -0.454325   1.33976
  0.72628  0.151011 -0.452815   1.33366
 0.727203  0.148881 -0.452875   1.33521
 0.727968  0.149805 -0.453178   1.33714
0.730286 0.146619 -0.45439  1.34272
 0.728158  0.146913 -0.452757   1.33675
 0.729234  0.145009 -0.452585   1.33852
 0.729827  0.145859 -0.452947   1.34012
 0.729616  0.149746 -0.454453   1.34197
 0.728812  0.147815 -0.453121   1.33849
 0.730425  0.147706 -0.454601   1.34337
  0.72925  0.148443 -0.454287   1.34084
 0.773394   0.15377 -0.443964   1.42646
0.943726 0.168929 0.199891  1.69543
0.945154 0.138426 0.131233  1.70145
0.929203 0.152299 0.196368   1.6807
 0.92689  0.14828 0.200373  1.67604
0.929405 0.146743 0.199311  1.67646
0.931643 0.154304 0.219191  1.67965
0.931057 0.155195 0.236101  1.67572
0.932797 0.158512  0.23015  1.67917
0.887382  0.23794 0.260108  1.60927
0.890858 0.224221 0.267519  1.61595
0.881818 0.234538  0.26722  1.59988
0.883842  0.22661 0.271042  1.60386
0.877729 0.229858 0.273538  1.59394
0.881036 0.228819 0.269689  1.59766
0.886687 0.227141 0.268208  1.60763
0.886046 0.231044 0.263105  1.60567
0.933056 0.156131 0.231349   1.6793
0.933064 0.138846 0.235377  1.68116
0.935158 0.109887 0.218209   1.6834
   0.919315 -0.00660521    0.284521     1.66891
 0.927729 0.0245821  0.272121   1.67982
   0.937445 -0.00335191    0.246432      1.6969
  0.927811 0.00891492   0.252995    1.67523
 0.931634 0.0509432  0.262341    1.6851
 0.932469 0.0635318  0.244783   1.68192
 0.938883 0.0589523  0.239767   1.69626
  0.93369 0.0604274  0.243422   1.68462
 0.946261 0.0218877  0.213424    1.7082
 0.943017 0.0453176  0.216397   1.70024
 0.950062 0.0470121  0.193824    1.7133
  0.94714 0.0362522  0.196113   1.70615
 0.931975 0.0377958  0.245698   1.68127
 0.939995 0.0445606  0.218643   1.69331
 0.940766 0.0157375  0.217467   1.69551
 0.938054 0.0301571  0.241273   1.69465
0.943219 0.194829 0.227738  1.69614
0.940367 0.191057 0.233471  1.68992
0.923406 0.153869 0.208572   1.6676
 0.91423  0.17231 0.249301  1.64318
0.900448 0.145966 0.243561  1.61734
0.899627 0.138995  0.22785  1.61779
0.901257 0.159631 0.223879  1.61804
0.930143 0.154652 0.220522  1.67638
0.912676 0.165171 0.209561  1.64772
 0.92761 0.145753 0.203504  1.67275
0.948628 0.176525 0.199128  1.70488
   0.885132  0.00200041 0.000744029     1.61408
0.948221 0.186057 0.194587  1.70183
0.929382 0.127044 0.240193  1.67481
0.934689 0.156883 0.227996  1.68251
0.929837 0.135424 0.246005   1.6763
0.930267 0.146008 0.243349  1.67597
0.930469 0.153139 0.241261  1.67558
0.896557 0.166482 0.246639  1.60324
0.929651 0.158602 0.229538  1.67405
0.906167 0.181027 0.257899  1.62092
0.925252 0.160421  0.20725  1.67044
0.936461 0.178297 0.208865  1.68455
  0.78121  0.119554 -0.421878   1.42787
 0.780266  0.112927 -0.419479   1.42355
 0.785522    0.1149 -0.413999   1.43246
 0.782779  0.115616 -0.415774   1.42749
 0.777961  0.106568 -0.419992   1.41777
 0.772665    0.1031 -0.421699   1.40647
 0.779102 0.0997831 -0.414235   1.41613
 0.777814  0.103573 -0.418188   1.41586
 0.791728  0.107626 -0.403666   1.43976
 0.787468 0.0965992 -0.403656   1.42875
 0.798532 0.0938936  -0.38729   1.44518
 0.793911  0.100655 -0.394503   1.43908
0.781231 0.109359 -0.41566  1.42302
 0.784962  0.101398 -0.408792   1.42639
 0.787366  0.109784 -0.406686   1.43196
 0.784462  0.105632 -0.412605     1.428
 0.774192  0.145094 -0.443565   1.42677
 0.764432  0.160289 -0.457321   1.41409
 0.750863  0.124836 -0.447944   1.37825
  0.75307  0.123104 -0.447332   1.38227
  0.74834  0.122819 -0.447307   1.37204
 0.745479  0.122324 -0.445755   1.36462
  0.74755   0.12021 -0.444536   1.36795
 0.747727  0.121371 -0.445423   1.36903
 0.752897  0.118976 -0.444338   1.37933
 0.749703  0.118117 -0.443013    1.3713
  0.75221  0.115897 -0.441053   1.37515
  0.75229  0.117319 -0.442321   1.37626
 0.749756  0.122731 -0.446629   1.37462
 0.749838  0.119372 -0.444056   1.37239
0.752187 0.120677 -0.44515  1.37858
 0.750414  0.120831 -0.445834   1.37523
 0.768766  0.159748 -0.447336   1.41927
 0.736587  0.211475 -0.430809   1.35718
 0.741832  0.220832 -0.423226   1.36634
 0.731992  0.214035 -0.426423   1.34491
 0.734479  0.218977 -0.422486   1.34904
0.728873 0.219043 -0.42685   1.3393
 0.730635    0.2164 -0.423942   1.34117
 0.735897  0.217841 -0.425363    1.3542
 0.734984  0.215051 -0.426383   1.35211
 0.829907  0.225744 -0.397692   1.52828
 0.834638  0.224112 -0.392268   1.53565
 0.828631  0.228263 -0.393647   1.52677
 0.830543  0.225791 -0.394256   1.52806
 0.839659  0.222479 -0.386485   1.54361
 0.844984   0.22026 -0.380142   1.55193
  0.83842  0.225667 -0.382038   1.54226
  0.84041  0.222575 -0.382454   1.54346
 0.827713  0.232352 -0.387402   1.52518
 0.832227  0.234377 -0.383101   1.53381
 0.835252  0.224216 -0.388676   1.53536
 0.835501  0.228361 -0.383285   1.53704
 0.830211  0.229683 -0.389766   1.52893
 0.833442  0.226764 -0.388138   1.53415
0.742672 0.132655 -0.45329  1.36557
 0.739569  0.136335 -0.453971   1.36013
 0.740925  0.131379 -0.451346   1.36028
 0.739137  0.133457 -0.451805   1.35714
 0.739249  0.130916 -0.449829   1.35531
  0.73962  0.131948 -0.451297   1.35756
 0.739724  0.134686 -0.452975   1.35953
 0.741757  0.132984 -0.452638   1.36327
 0.845703  0.220433 -0.375772   1.55163
 0.846578  0.225565 -0.369041   1.55451
 0.840065  0.227424 -0.377519   1.54446
0.843812 0.223685 -0.37542  1.55048
 0.847512  0.233594 -0.360839   1.55781
 0.834512  0.235084 -0.377171   1.53661
 0.837438   0.23089 -0.375724   1.54056
 0.843677  0.233729 -0.369686   1.55268
 0.871303  0.228085 -0.327558   1.59715
 0.856906  0.230076 -0.348021   1.57307
 0.869908  0.215688 -0.335988   1.59107
 0.862683   0.21917 -0.347083   1.58019
  0.86848  0.208629 -0.345032   1.58702
  0.86645  0.212875 -0.344562   1.58569
 0.860019  0.224118 -0.346475   1.57724
 0.866591  0.227915 -0.339209   1.59042
 0.896427  0.182687 -0.304847   1.63043
 0.902055  0.178203 -0.295155   1.63942
 0.896457  0.187503 -0.295853   1.63037
  0.8977 0.184235 -0.29838  1.63157
 0.907534  0.172602 -0.284447   1.64775
 0.912149  0.166632 -0.274157   1.65426
 0.907638  0.176542 -0.273984   1.64755
 0.908695  0.174106 -0.276878   1.64844
 0.894026  0.204917 -0.293043   1.63058
 0.900562  0.206294 -0.283935   1.64345
 0.903374  0.179739 -0.287374   1.64031
0.905762 0.187144 -0.27499  1.64566
 0.898679  0.191742 -0.288013   1.63403
 0.901928  0.184082 -0.286023   1.63926
 0.912607  0.187055 -0.254799   1.65785
 0.918241  0.188888 -0.244794   1.66905
 0.915697  0.167874 -0.256469   1.65923
 0.916385  0.162105 -0.264658   1.66059
 0.921019  0.157987 -0.254451   1.66798
 0.917007  0.164293 -0.257429   1.66041
 0.924825  0.157053 -0.233025   1.67284
 0.925298  0.152822 -0.243268   1.67428
 0.928805  0.147535 -0.232908   1.67909
  0.92583  0.154924 -0.235232   1.67383
 0.917311  0.172796 -0.247473   1.66162
 0.921657  0.160214 -0.245798   1.66753
0.923218 0.168361 -0.23367  1.67128
 0.920231  0.164828 -0.245862   1.66653
 0.928267  0.167998 -0.213832   1.68015
 0.932681  0.170315 -0.203973   1.68913
 0.931139  0.149407 -0.215578   1.68202
 0.932062  0.143444 -0.223509   1.68391
 0.935591  0.139648 -0.213531    1.6895
 0.932302  0.146107 -0.215986   1.68314
 0.938144  0.138188 -0.192436   1.69208
 0.938705  0.134723 -0.202809   1.69391
  0.94133  0.130046 -0.193201   1.69758
 0.938912  0.137083 -0.194992   1.69313
 0.932305  0.154611 -0.206224   1.68367
 0.935871  0.142291 -0.204689    1.6886
 0.936968  0.150304 -0.192563    1.6913
 0.934639  0.146539 -0.205148    1.6876
 0.731119   0.19427 -0.441329   1.34749
 0.735291  0.201923 -0.435979   1.35487
 0.727795     0.196 -0.437574   1.33806
 0.729604  0.200047 -0.434751   1.34107
 0.725484  0.199548 -0.437597   1.33343
 0.726686  0.197886 -0.435713   1.33504
 0.730704  0.199181 -0.437318    1.3453
 0.729903  0.196979 -0.438024   1.34351
 0.733134  0.243248 -0.411837   1.34673
  0.73741  0.236433 -0.410755   1.35359
 0.740432   0.24297 -0.405403   1.35874
 0.735543  0.239388 -0.407519   1.34859
 0.743291  0.232971 -0.414902   1.36831
 0.749559  0.245077 -0.404462   1.37922
 0.742186  0.241538 -0.407488   1.36414
0.741536 0.237275 -0.40936   1.3625
 0.953034  0.115278 -0.112327    1.7127
 0.953491  0.117074 -0.111212   1.71409
0.952386 0.113803 -0.12899  1.71233
    0.953  0.111418 -0.142107   1.71476
 0.954598   0.10813 -0.132225   1.71699
0.952943 0.115188 -0.13393  1.71395
 0.955425  0.106964 -0.112015   1.71688
 0.955701  0.105018 -0.123269   1.71826
 0.956528  0.102921 -0.115285   1.71922
 0.955817   0.10869 -0.117604   1.71838
 0.953214  0.118478 -0.122166   1.71422
 0.954567  0.112145 -0.125215   1.71653
 0.954848  0.116213 -0.114282   1.71701
 0.954135  0.111072 -0.120725   1.71527
   0.8496  0.232634 -0.336124   1.55471
 0.861935  0.238673 -0.321981   1.57909
 0.953316 0.0453262  0.155299   1.71382
 0.957252 0.0695282  0.144629   1.72312
  0.95844 0.0399455  0.144889   1.72532
0.956865 0.042662 0.145867  1.72123
 0.957656 0.0898826 0.0902621      1.72
0.957543 0.083233 0.121645  1.72194
 0.962847 0.0285441   0.10059   1.73138
  0.96329 0.0663813   0.07433   1.73156
 0.965384 0.0381496 0.0443138   1.73627
 0.964276  0.020782 0.0684891   1.73283
 0.958272 0.0592774   0.11852   1.72194
 0.961473 0.0580327 0.0883805   1.72742
 0.960844 0.0269912  0.107379   1.72663
 0.960431 0.0632613  0.109052   1.72664
 0.892735  0.188948 -0.307915   1.62436
0.894207 0.194853 -0.29813  1.62781
 0.889766  0.200208 -0.306202    1.6221
 0.891928  0.191017 -0.303728   1.62345
 0.887796  0.222142 -0.306473   1.62638
 0.890571  0.200609 -0.298106   1.62308
 0.891601  0.201275 -0.297303   1.62544
0.957565 0.105699 -0.11038  1.72168
 0.958327  0.105165 -0.101039   1.72279
 0.956207  0.110681 -0.107319   1.71887
0.957027 0.103925 -0.10379  1.71955
  0.959059   0.105409 -0.0923824    1.72407
 0.959467  0.105239 -0.083981   1.72459
  0.957284   0.111951 -0.0900991    1.72066
  0.958244   0.105076 -0.0856799    1.72153
 0.954176  0.121655 -0.105485   1.71583
  0.954921   0.122809 -0.0974624    1.71715
  0.957621   0.104461 -0.0949287    1.72048
  0.956502   0.110246 -0.0925666    1.71861
 0.956095  0.110039 -0.100077   1.71799
  0.956806   0.110414 -0.0986762    1.71976
0.934653 0.146997 0.221908  1.68262
 0.950834   0.13024 0.0686626   1.71038
 0.950752  0.140809 0.0725816   1.71009
 0.951708  0.138574 0.0692989   1.71169
 0.951237  0.138618 0.0726756   1.71134
 0.952139  0.146902 0.0682665   1.71159
 0.951346  0.150776 0.0693082   1.70966
 0.951734  0.147832 0.0716326   1.71193
  0.95074  0.154433 0.0767932   1.70981
 0.951333  0.145794 0.0759245   1.71083
 0.831571  0.419706 0.0296997   1.51844
  0.841884   0.404175 0.00553749    1.53249
  0.84781  0.398796 0.0360939   1.54367
 0.839373  0.398051 0.0239614   1.52385
  0.855899   0.386187 -0.0124853    1.55628
 0.863289  0.384037 0.0419247   1.57178
0.854035  0.38519 0.033234  1.55076
  0.854781   0.382958 0.00541565    1.55163
0.932835 0.148387 0.235381  1.67993
  0.92985 0.0917541  0.248305   1.67753
0.928384 0.109566 0.237873  1.67208
0.927159 0.104162 0.255423  1.67373
0.942759  0.10459 0.185959  1.69649
  0.9404  0.10609 0.192002  1.69147
0.914344  0.10001 0.286973  1.65446
0.919619 0.089808 0.276655  1.66274
 0.913496 0.0865988  0.296079   1.65572
 0.916194 0.0874437  0.284659   1.65699
  0.92393 0.0806266  0.266083   1.66876
 0.929474 0.0746716  0.247102   1.67615
0.926403 0.063585 0.266467  1.67445
  0.92706 0.0667738  0.262091   1.67421
 0.911756 0.0641685  0.298184   1.65321
 0.920854 0.0472957  0.277938    1.6661
 0.909375 0.0289404  0.293396   1.64892
 0.916231 0.0392218   0.29331   1.66065
 0.921925 0.0757455  0.275066   1.66641
 0.923722 0.0554183  0.280264   1.67214
 0.916123 0.0694312  0.293237    1.6595
 0.91984 0.073135 0.283846  1.66527
0.870291 0.295982 0.221337  1.58133
 0.87472 0.298217  0.21023  1.58757
0.876991 0.289014 0.218357  1.59192
0.873733 0.291219 0.215409  1.58446
0.881505 0.299569 0.198985  1.59936
 0.88454 0.284458 0.216394  1.60561
0.880242 0.287275 0.214873  1.59642
0.880065 0.291379 0.205328  1.59518
0.935088 0.157913 0.225628  1.68513
0.927652 0.118616 0.251176  1.67275
0.889212 0.113258 0.298552  1.60924
0.897592 0.109271  0.30449  1.62691
 0.890014 0.0934334     0.304   1.61089
 0.89323 0.107814 0.304225  1.61999
0.905083 0.104697 0.301774  1.63995
0.911754  0.10066  0.28943  1.64928
 0.909557 0.0873502  0.299805    1.6479
 0.90869 0.101751 0.301508  1.64792
 0.894435 0.0652092  0.306375    1.6197
  0.90654 0.0648649  0.303335     1.643
 0.904086 0.0299853  0.300972   1.63876
 0.900417 0.0598968  0.307041   1.63386
0.901225  0.10406 0.307472  1.63568
 0.905241 0.0850447  0.306284   1.64265
 0.895416 0.0870048  0.308978   1.62477
 0.900651 0.0892359   0.30596   1.63234
 0.920409 0.0968687  0.277514   1.66426
 0.917671 0.0994222  0.278049   1.65815
0.922889 0.100102  0.26172  1.66481
 0.928628 0.0874003  0.259445   1.67757
 0.925041 0.0839866  0.264511   1.67006
 0.923223 0.0988034  0.268925    1.6684
 0.777498    0.1155 -0.422306    1.4194
 0.774832  0.121733 -0.428523   1.41793
 0.777351  0.118784 -0.423493   1.42023
  0.76907  0.117084 -0.432669   1.40707
 0.768361   0.12335 -0.438098   1.40948
 0.769728  0.119989 -0.432799   1.40898
 0.775522  0.110356 -0.422875   1.41453
 0.770678  0.111743 -0.428494   1.40729
 0.772013  0.105999 -0.424755   1.40707
 0.772407  0.108373 -0.426049   1.40921
 0.773341  0.118795 -0.430694   1.41542
 0.770561  0.113985 -0.429911   1.40828
 0.775088  0.113179 -0.424896   1.41521
 0.773397  0.115768 -0.427221    1.4132
 0.770842  0.150326 -0.451931   1.42367
 0.815663  0.226307 -0.413614   1.50525
 0.818413  0.226824 -0.410633   1.50992
 0.813503  0.227865 -0.411899   1.50249
  0.81546  0.226559 -0.411992   1.50407
 0.821665  0.227031 -0.406957   1.51523
 0.825494  0.226671 -0.402648    1.5213
 0.819447  0.229225 -0.404344   1.51231
 0.82169  0.22717 -0.40444  1.51408
 0.810034  0.230436 -0.407103   1.49608
 0.813249  0.232271 -0.403407   1.50183
 0.818226  0.227014 -0.408547   1.50853
 0.816806  0.229755 -0.405512   1.50723
 0.813656  0.228707 -0.409635   1.50217
 0.816229  0.228533 -0.408522   1.50698
 0.813789  0.225355 -0.415646    1.5019
0.811127 0.224763 -0.41676  1.49851
  0.81328  0.223759 -0.416669   1.50095
  0.81264  0.224221 -0.416148   1.49944
 0.808359  0.223615 -0.416928   1.49383
 0.804225  0.224801 -0.417809   1.48832
 0.807508  0.220808 -0.419933    1.4932
  0.80711  0.223024 -0.417495   1.49171
 0.814121  0.220984 -0.416291   1.50194
 0.811736  0.217626 -0.419638   1.49959
 0.817465   0.21595 -0.412496    1.5061
 0.814597  0.216586 -0.415635   1.50159
 0.810076  0.223263 -0.417071   1.49616
 0.810043  0.219617 -0.418293   1.49582
 0.812723  0.221578 -0.416752   1.49931
 0.810879  0.222041 -0.418128   1.49805
0.933118 0.151245 0.230368  1.67959
  0.967121 -0.0325784  0.0296581    1.74318
  0.960185 -0.0724797  0.0979937    1.73269
  0.961787 -0.0197058  0.0975465    1.72989
  0.962162 -0.0221642  0.0945412     1.7333
   0.94176 -0.0735515   0.188206    1.70198
  0.916685 -0.0311549   0.256161    1.65578
  0.940562 -0.0256111   0.207052    1.69538
  0.934358 -0.0492006   0.248573    1.69746
  0.956932 0.00753012   0.145248    1.72151
  0.949713 0.00248399   0.172778    1.70792
 0.952072 0.0285159   0.15592   1.71042
 0.952799 0.0169256  0.170465   1.71513
   0.95092 -0.0542556    0.17701    1.72095
0.947881 -0.01765 0.200911  1.71167
 0.957563 -0.002497  0.153095   1.72587
  0.953259 -0.0354346   0.156285     1.7173
0.882231 0.195982 0.289717  1.60176
0.886317 0.202404 0.285786  1.60792
  0.8892 0.194131 0.287689  1.61358
0.885848 0.196618 0.287235  1.60638
0.891591 0.206897 0.278628  1.61625
0.897168 0.191124 0.281497  1.62642
0.891772 0.194687 0.284201  1.61604
0.890577 0.199008 0.280462  1.61305
0.890139 0.125859 0.293849  1.61125
0.891073 0.133924 0.292101  1.61371
 0.89591 0.134638 0.298976  1.62417
0.892711 0.132221  0.29335  1.61775
0.890452 0.141932 0.292728   1.6133
0.888823 0.150539 0.293895   1.6109
0.894342 0.151725 0.296674  1.62161
0.890886 0.149268 0.293513  1.61544
0.900008 0.140379  0.29704  1.63084
 0.89941 0.148253 0.293672  1.62914
0.904887 0.139964 0.289074  1.63749
 0.90082 0.143579 0.296719  1.63269
0.892193 0.140751 0.292624  1.61721
0.896205 0.149327 0.297856  1.62588
0.897124  0.14058 0.299161   1.6276
0.895371 0.143389 0.297437  1.62345
 0.761016   0.15613 -0.464809   1.40876
 0.761186  0.156045 -0.464823   1.40913
 0.761482  0.156179 -0.465029    1.4099
 0.760774  0.155762 -0.465398   1.40836
  0.76076  0.155865 -0.465417   1.40835
 0.760791  0.155712 -0.465328   1.40836
 0.760732  0.156164 -0.465294   1.40829
 0.760776  0.155688 -0.465362   1.40836
 0.767039  0.157273 -0.454728   1.41776
0.760742 0.155786 -0.46541  1.40832
 0.743096  0.131352 -0.452428   1.36569
0.744748 0.129926 -0.45203  1.36867
 0.741214  0.130153 -0.450986   1.36045
 0.739079  0.129958 -0.449226   1.35444
 0.740475  0.128085 -0.448675   1.35674
  0.74075  0.129038 -0.449245   1.35781
 0.744269  0.126628 -0.449578   1.36543
 0.741931   0.12626 -0.447896   1.35904
 0.743582  0.124315 -0.446952   1.36165
 0.743789  0.125405 -0.447706    1.3627
 0.742281  0.129848 -0.450695   1.36246
 0.742151  0.127268 -0.448564   1.36007
0.743887 0.127957 -0.45005  1.36514
 0.742578  0.128362 -0.450217   1.36253
 0.760746  0.156005 -0.465381   1.40833
 0.762088  0.154942 -0.462677   1.41029
 0.765029     0.156 -0.459187   1.41494
 0.766179    0.1553 -0.459634   1.41739
 0.768335  0.154083 -0.458327    1.4212
 0.76604 0.122124 -0.43949   1.4051
 0.761995  0.118078 -0.438507   1.39534
 0.766266  0.116172 -0.434298   1.40181
 0.764998  0.118855 -0.436434   1.40071
 0.759409  0.114978 -0.438819   1.38938
 0.755282  0.113618 -0.438469   1.37985
 0.758828  0.111246 -0.435469   1.38537
  0.75869   0.11292 -0.437197   1.38629
  0.76757  0.110648 -0.430834   1.40172
 0.762735  0.108847 -0.431744   1.39131
 0.767346  0.106141 -0.427252   1.39837
 0.766975  0.108461 -0.429761   1.39926
 0.761663  0.115745 -0.436995   1.39327
  0.76248  0.110789 -0.433869   1.39221
 0.766015  0.113789 -0.433053   1.40008
 0.763162  0.112915 -0.435115   1.39499
  0.76068  0.155783 -0.465525   1.40838
 0.762909  0.152704 -0.457136   1.40963
 0.771849  0.147572 -0.444606   1.42231
 0.775132  0.124732 -0.428031   1.41855
  0.77334  0.132765 -0.434671   1.41916
  0.76871  0.125478 -0.436845   1.40948
 0.773624  0.129071 -0.434376   1.41927
 0.762942  0.130214 -0.446415   1.40282
 0.777448  0.136802 -0.432996   1.42779
 0.779949  0.127917 -0.426081   1.42845
 0.783376  0.137339 -0.422705    1.4356
  0.77951  0.131956 -0.423628   1.42673
 0.766618  0.151202 -0.458937   1.41742
 0.760747  0.156362 -0.464733   1.40811
 0.760793  0.156449 -0.464821   1.40826
 0.761865  0.156027 -0.461309   1.40946
 0.761526  0.156585 -0.464984   1.41007
 0.763906  0.157771 -0.459514   1.41314
  0.76211  0.157112 -0.458683   1.40913
 0.761831  0.155133 -0.463127   1.40989
0.734764 0.153471 -0.46114  1.35813
 0.760718  0.155933 -0.465409   1.40829
 0.766285  0.160085 -0.455093   1.41692
  0.76169  0.155817 -0.464749   1.41023
 0.763276  0.156113 -0.457743   1.41095
 0.761442  0.155946 -0.465009   1.40978
 0.758169  0.162615 -0.443256   1.39747
 0.761133  0.155863 -0.464822     1.409
 0.760696  0.156137 -0.465647   1.40847
 0.761076   0.15589 -0.464932   1.40889
0.761901 0.155681 -0.46463  1.41064
 0.760921  0.155614 -0.465071   1.40862
 0.760806  0.155728 -0.465213   1.40835
 0.760812  0.155516 -0.465299   1.40852
 0.760814  0.155811 -0.465075   1.40831
 0.760961  0.155733 -0.464948   1.40865
 0.760893  0.155823 -0.465018   1.40846
 0.787501  0.142101 -0.410142   1.43928
 0.793286  0.141184 -0.402071   1.44787
  0.78799  0.150557 -0.404093   1.43903
 0.789157  0.142812 -0.403874   1.43997
 0.802212  0.137876 -0.387929   1.46046
 0.818091  0.139702 -0.366987   1.48763
 0.799959  0.154939 -0.381717   1.45617
 0.804101   0.14204 -0.377747   1.46146
 0.786781  0.157061 -0.399087   1.43553
 0.791033   0.16202 -0.391786   1.44229
 0.784598  0.167773 -0.400119   1.43292
  0.78734   0.16067 -0.396811   1.43643
 0.794962  0.140599 -0.391749   1.44665
 0.794354  0.153894 -0.388466   1.44679
 0.788759   0.15073 -0.397303   1.43768
 0.793574  0.150234 -0.392878   1.44603
 0.784408  0.145472 -0.408957    1.4325
 0.784294  0.149781 -0.409613   1.43355
   0.7825  0.157348 -0.401479   1.42742
0.780835 0.163896 -0.40554  1.42699
 0.778719  0.154554 -0.418367   1.42681
 0.780972  0.156984 -0.410021   1.42804
 0.73436 0.143537 -0.45606  1.35196
0.735652 0.141984 -0.45569  1.35412
 0.732465  0.143007 -0.454021   1.34635
 0.730321  0.143235 -0.452274   1.34027
 0.731465  0.141428 -0.452072    1.3422
 0.731997  0.142191 -0.452433   1.34366
 0.734385  0.139442 -0.453594   1.34939
 0.732487  0.139779 -0.451807   1.34388
 0.733461  0.138117 -0.451568   1.34546
 0.733973  0.138828 -0.451905   1.34685
0.733558 0.142417 -0.45401   1.3485
 0.732975  0.140496 -0.452178   1.34524
0.734569 0.140393 -0.45391  1.35017
  0.73337  0.141182 -0.453683   1.34765
  0.72846  0.160333 -0.456108   1.34322
 0.728298  0.165082 -0.454485   1.34285
  0.72627  0.160293 -0.453122   1.33635
 0.726053  0.162829 -0.452277   1.33584
 0.724595  0.161238 -0.452023   1.33168
 0.725135  0.161341 -0.452347   1.33366
 0.726741  0.163237 -0.454333   1.33908
 0.727485  0.161697 -0.454354   1.34029
 0.763726   0.16226 -0.451757   1.41126
 0.769469  0.156279 -0.452801   1.42192
 0.762352   0.15385 -0.459808   1.40969
 0.747435  0.132799 -0.453591    1.3758
 0.751527  0.129902 -0.452616   1.38332
   0.7607  0.156352 -0.465632    1.4085
 0.764218  0.152511 -0.457869   1.41245
 0.760726  0.156498 -0.465509   1.40851
 0.765903  0.160086 -0.450842   1.41491
 0.762546  0.156253 -0.458426   1.40978
  0.76078  0.156563 -0.465318   1.40853
 0.761779   0.15571 -0.459582    1.4086
 0.761532  0.156057 -0.462151   1.40909
  0.76113  0.156551 -0.463098    1.4087
 0.760683  0.156473 -0.465571   1.40847
 0.761685  0.156433 -0.463702   1.40997
0.760935 0.156548 -0.46503  1.40873
 0.761284  0.156422 -0.465078   1.40952
 0.761508  0.156482 -0.459773   1.40825
 0.761114  0.156466 -0.465041   1.40913
0.761153 0.156758 -0.46476  1.40931
 0.760868  0.156327 -0.464741   1.40837
 0.761042  0.156527 -0.465078     1.409
0.942761 0.157237 0.076495  1.69703
 0.948018  0.161082 0.0408215   1.70883
 0.949406  0.160293 0.0651407   1.70954
 0.946742  0.170108 0.0668141   1.70822
   0.959114    0.133969 -5.6512e-05     1.73169
  0.967382  0.0774558 -0.0170145     1.7462
0.960313 0.124093 0.029728  1.72918
 0.959986  0.103657 0.0250583   1.72937
 0.953438  0.150461 0.0642706   1.71533
 0.956828  0.137047 0.0536628   1.72113
 0.954749  0.149193 0.0721906   1.71769
  0.95477  0.144071 0.0686913   1.71772
 0.951812  0.157077 0.0393957   1.71753
 0.956307  0.135716 0.0508706   1.72124
 0.951924  0.158184 0.0641068   1.71487
 0.954114  0.148991 0.0410862   1.71805
 0.866418  0.368847 0.0866546    1.5747
0.875021 0.351814 0.118036  1.59072
0.856902 0.374041 0.104112  1.55775
0.862721 0.362509 0.120505  1.56822
0.851345 0.377585 0.122679  1.55042
0.856199  0.36537 0.115279  1.55381
0.866627 0.357326 0.115238  1.57334
 0.865049  0.359604 0.0997523   1.56895
  0.807301   0.429856 -0.0976838    1.47733
  0.81635  0.408683 -0.117078   1.48828
   0.82895   0.407396 -0.0882787    1.51159
  0.815421   0.407806 -0.0986448    1.48282
 0.829924  0.386666 -0.134195   1.51172
 0.852013  0.383642 -0.083178   1.55266
  0.833407   0.394039 -0.0934275    1.51619
 0.827544  0.387065 -0.111236   1.50227
  0.870225   0.347663 -0.0765499    1.57793
 0.955359  0.124386 0.0320268   1.71752
 0.954878  0.131109 0.0360421   1.71644
 0.955176  0.130909 0.0290498   1.71673
 0.955131  0.132165 0.0335711   1.71727
  0.95437  0.135563 0.0220374   1.71383
0.953875 0.141254 0.030723  1.71398
 0.953902  0.141986 0.0392688   1.71434
  0.950866   0.132763 -0.0974338    1.70916
   0.95292   0.147352 -0.0754752    1.71423
 0.955426  0.134783 0.0197457   1.71681
 0.955415  0.133317 0.0215805   1.71648
 0.956251  0.127873 0.0170236   1.71902
  0.95685  0.123172 0.0153668   1.72039
 0.956463  0.123536 0.0203755   1.71964
  0.95644  0.122636 0.0164549   1.71932
 0.955561  0.131153 0.0278358   1.71784
 0.956178  0.124461 0.0256394   1.71925
 0.955858  0.124982 0.0308623    1.7188
 0.955704  0.124197 0.0264358   1.71806
 0.956034  0.127829 0.0176778   1.71837
 0.956044  0.123638 0.0208036   1.71862
 0.955403  0.130062 0.0208365   1.71708
  0.95598  0.128226 0.0214338   1.71846
 0.956715  0.121987 0.0113288   1.71976
 0.956196  0.127238 0.0139622   1.71861
  0.95636  0.126244 0.0070507   1.71872
  0.95641  0.128106 0.0117102   1.71932
  0.955381   0.128588 -0.0016526    1.71574
   0.95507   0.135457 0.00774908    1.71605
 0.955179  0.136269 0.0156618   1.71642
   0.957877    0.117067 -0.00953877     1.72164
   0.957376    0.120584 -0.00749798     1.72056
  0.957547   0.118163 -0.0137546    1.72061
  0.957586   0.121184 -0.0101745    1.72121
  0.957118   0.126633 -0.0140898    1.71969
  0.956563   0.123155 -0.0147561    1.71852
   0.956573    0.126526 -0.00770884     1.71888
 0.951338  0.154397 0.0527375   1.70793
  0.957069   0.129581 -0.0206269    1.72025
  0.957531    0.12799 -0.0162307    1.72106
  0.958113   0.118896 -0.0238512    1.72203
  0.958866   0.115292 -0.0263036     1.7236
  0.958744   0.115565 -0.0212682    1.72341
 0.958443  0.114512 -0.023047   1.72246
  0.957874   0.118276 -0.0151173    1.72147
  0.95853  0.116047 -0.016333   1.72302
  0.958304   0.117649 -0.0113365    1.72275
 0.958111   0.11551 -0.014598   1.72195
  0.957967   0.118063 -0.0200395     1.7215
   0.95834   0.114658 -0.0186115    1.72232
  0.957879   0.117388 -0.0167874    1.72125
  0.958092    0.11826 -0.0190948    1.72194
   0.95853    0.11392 -0.0281651    1.72253
  0.957927   0.118626 -0.0247466    1.72143
  0.957993   0.117212 -0.0310208    1.72141
 0.958126  0.118695 -0.029412   1.72203
  0.957014   0.122454 -0.0345345    1.71921
  0.956707   0.124247 -0.0330333    1.71899
  0.956722   0.128843 -0.0264376    1.71944
 0.959045  0.109291 -0.049446   1.72304
  0.958282    0.11484 -0.0459728    1.72183
  0.958229   0.112744 -0.0521192    1.72153
  0.958492    0.11318 -0.0515642    1.72232
  0.957108   0.124969 -0.0539343    1.72015
  0.957052   0.114756 -0.0529786      1.719
  0.956995   0.121212 -0.0486166    1.71955
 0.952764  0.149982 0.0279264   1.71029
  0.956531   0.120017 -0.0693596    1.71892
 0.957128  0.124827 -0.061607   1.72058
  0.958134   0.111933 -0.0721456    1.72177
  0.959819   0.105661 -0.0758591    1.72516
  0.959966   0.105753 -0.0679593    1.72526
   0.95899   0.106128 -0.0689752    1.72277
  0.958438   0.110989 -0.0572843    1.72199
  0.959863   0.106701 -0.0607161    1.72495
    0.9597   0.108562 -0.0542389    1.72469
  0.959127   0.107543 -0.0554474    1.72305
  0.957936   0.113404 -0.0649819     1.7211
  0.959149   0.106503 -0.0617598    1.72304
  0.958266   0.113434 -0.0567567    1.72166
  0.958366   0.111914 -0.0647646    1.72209
 0.948313  0.187724 0.0150072   1.70416
0.951951 0.148441 -0.12213  1.71714
 0.944264  0.148861 -0.153023   1.70307
 0.951657  0.129339 -0.130117     1.713
 0.948099  0.132749 -0.146794   1.70747
 0.95097 0.119056 -0.14375  1.71096
  0.94984  0.122859 -0.144962   1.70972
 0.946211  0.138028 -0.150787   1.70546
 0.949213   0.14686 -0.141786   1.71286
 0.947325  0.170832 0.0621845   1.69983
 0.941362  0.132657 -0.186238   1.69666
  0.94143  0.138569 -0.178154   1.69726
 0.939332  0.141508 -0.185863    1.6943
0.940699 0.133977 -0.18449   1.6959
   0.9366  0.168277 -0.188927   1.69522
 0.938992  0.140046 -0.178288   1.69283
  0.93939   0.14221 -0.177392   1.69408
  0.956105   0.138997 -0.0365694    1.71866
 0.786583  0.398667 -0.212134   1.44017
 0.795215  0.377427 -0.222198    1.4509
 0.805548  0.383444 -0.199206   1.46991
 0.793602  0.380579 -0.208078   1.44461
 0.807727  0.360238 -0.234062   1.47529
 0.825895  0.369088 -0.193134   1.50815
 0.809888  0.373136 -0.203118   1.47654
 0.804987   0.36506 -0.214644   1.46522
  0.877988   0.352037 -0.0143587    1.59111
 0.782636  0.326376 -0.308562   1.43312
 0.802245  0.337677 -0.277195    1.4683
 0.773517  0.338686 -0.300608   1.41402
  0.78365  0.345837 -0.283201   1.43207
 0.767495  0.355395 -0.295629    1.4068
 0.772645  0.342492 -0.290076   1.40942
 0.786567  0.338699 -0.287027   1.43774
 0.780838  0.332189 -0.294674    1.4255
  0.948846   0.167296 -0.0950712    1.71002
 0.92694 0.228966 -0.13449  1.67595
0.912913 0.168463 -0.26752  1.65445
 0.913545  0.175247 -0.258515   1.65639
 0.909943  0.179644 -0.267365   1.65179
 0.911949   0.17066 -0.265009   1.65349
 0.906559  0.203944 -0.270197   1.65304
 0.909538  0.180079 -0.261168   1.65082
 0.910398  0.182466 -0.259943   1.65306
 0.750732  0.312637 -0.352478   1.37768
 0.756172  0.300007 -0.353517   1.38476
 0.763259  0.308207 -0.341712   1.39729
 0.754659  0.303881 -0.346547   1.37954
 0.764042  0.291763 -0.358253   1.40209
 0.777714  0.306017 -0.337226   1.42668
  0.76566  0.303717 -0.343992   1.40274
 0.762331  0.297488 -0.349071   1.39561
 0.923247  0.209356 -0.189497    1.6735
  0.87359  0.219153 -0.326406   1.59963
 0.879963  0.222487 -0.319404    1.6127
 0.873108  0.210219 -0.334606   1.59658
 0.873754  0.204746 -0.342018   1.59693
 0.879939  0.199502 -0.332581   1.60621
 0.875169  0.205157 -0.335463   1.59772
 0.886433  0.197202 -0.312336   1.61568
 0.885733  0.193956 -0.323186   1.61476
 0.891208  0.187756 -0.313816   1.62258
  0.88763  0.194731 -0.316727   1.61701
 0.876006   0.21335 -0.326976   1.60126
 0.881498  0.200057 -0.326113   1.60752
 0.884551  0.207853 -0.314186    1.6146
 0.879557  0.204465 -0.324222   1.60575
 0.739678  0.274842 -0.388744   1.35836
 0.744677   0.26544 -0.387951   1.36553
 0.749305  0.273127 -0.380073    1.3736
 0.742804  0.268922 -0.383313   1.36014
 0.751651  0.260138 -0.391734   1.38177
 0.76069 0.273974 -0.37732  1.39787
 0.751345  0.270533 -0.381827   1.37899
0.749865  0.26513   -0.385  1.37566
 0.757598   0.35076 -0.300544    1.3856
 0.752651  0.340301 -0.316096   1.37698
 0.766985  0.334246 -0.305228   1.39995
 0.761552  0.345471 -0.312089   1.39641
 0.749021   0.32929 -0.330473   1.37085
0.745807 0.318445 -0.34328   1.3654
 0.759319   0.31424 -0.332249   1.38701
 0.754047  0.323533 -0.340024   1.38332
 0.774141  0.323341 -0.313578    1.4154
 0.774035  0.314369 -0.318884   1.41383
 0.757704  0.334457 -0.326811   1.38975
 0.765149  0.319713 -0.328139   1.39984
 0.77026 0.329079  -0.3153  1.40898
 0.762589  0.324187 -0.320313   1.39265
 0.849533  0.227263 -0.360181   1.56036
 0.854047  0.229304 -0.355426   1.56918
0.849604   0.2219 -0.36791  1.55989
 0.850617  0.218016 -0.373254   1.56087
   0.8562  0.214866 -0.365989   1.56945
 0.851548  0.218137 -0.368362   1.56086
 0.860656  0.216689 -0.353132   1.57729
 0.861851  0.212014 -0.358581   1.57836
 0.867606  0.208233 -0.350607   1.58717
 0.862775  0.212242 -0.353248    1.5783
 0.851711  0.223773 -0.362565   1.56298
 0.856936  0.215087 -0.361183   1.56912
 0.857557   0.22079 -0.354448   1.57181
 0.855053  0.218702 -0.360815   1.56812
 0.814447  0.232846 -0.399633   1.50296
 0.820347  0.230582 -0.401187   1.51319
 0.825812  0.226771 -0.399667   1.52058
 0.825908  0.230525 -0.394761   1.52189
 0.823876  0.229018 -0.399409   1.51914
  0.82572  0.235937 -0.388366   1.52226
 0.817739  0.232928 -0.399531   1.50889
 0.823278  0.235685 -0.394635   1.51951
 0.867017  0.241133 -0.298492   1.58267
 0.808249   0.22512 -0.415373   1.49323
 0.804661  0.227358 -0.414771   1.48841
 0.805859  0.225696 -0.413057    1.4886
 0.810998  0.225758 -0.415388   1.49789
 0.813517  0.225693 -0.414633   1.50091
 0.811499  0.227275 -0.412967   1.49848
 0.812238  0.226201 -0.414792   1.50036
 0.808144  0.229343 -0.408063   1.49211
   0.8099  0.226465 -0.415368   1.49634
 0.808683  0.227948 -0.410696   1.49419
 0.810827  0.227759 -0.413372   1.49772
 0.742645  0.308174 -0.355604   1.36044
 0.739379  0.298594 -0.365637   1.35477
 0.750826  0.295755 -0.356716   1.37335
0.746658 0.303159 -0.36318  1.37053
 0.737121  0.288961 -0.374748   1.35097
 0.735297  0.279801 -0.382798   1.34794
 0.745852  0.277973 -0.374157   1.36507
 0.741792  0.283924 -0.380893   1.36196
 0.756881  0.288212 -0.361847   1.38714
 0.757476  0.281054 -0.365014   1.38735
 0.744091  0.293371 -0.372574   1.36605
 0.750445   0.28268 -0.371461   1.37509
 0.753872  0.291334 -0.363162   1.38122
 0.747878  0.286606 -0.366545   1.36848
0.939175 0.165802 0.204632  1.69023
0.932429 0.154847 0.189563  1.68619
0.928733 0.149943 0.194436  1.68059
0.909819 0.232557 0.284579  1.65175
0.921023 0.213758 0.238246  1.66537
 0.816147 -0.170994  0.152088   1.50627
 0.90937 0.161594 0.213285  1.63954
 0.89984 0.156552 0.334283  1.63505
 0.91919 0.180605 0.252199  1.66532
0.931454 0.158015 0.229056  1.67756
0.918911 0.192371 0.216003  1.65962
0.932229 0.157397 0.233075  1.67818
0.932634 0.154307 0.235054  1.67901
0.871995  0.26341 0.248751  1.58239
0.870917 0.271365 0.242258  1.58042
0.876825 0.266894 0.239832  1.58994
0.873365  0.27016 0.244414  1.58634
0.869883 0.279642 0.235213  1.57866
0.868573 0.287945  0.22751  1.57625
0.875225 0.281542 0.224663  1.58687
0.871376 0.286705 0.230042  1.58302
0.881983 0.269325 0.231804  1.59855
 0.88267 0.272436 0.223679  1.59912
0.872501 0.278368  0.23737  1.58492
0.877041 0.280064 0.228562  1.59148
0.878188 0.273044 0.235315  1.59383
0.875832 0.274826 0.232452  1.58827
0.933269 0.143499 0.227848  1.68019
0.927837 0.153183 0.248565  1.67165
0.933702 0.131331 0.223951  1.68125
0.934742 0.158448  0.22755  1.68333
 0.93334 0.122814 0.237306  1.68308
 0.92688 0.157715 0.236629  1.66883
  0.93892 0.0836447   0.20601   1.68891
 0.948687 0.0522033  0.191585   1.70926
 0.943053 0.0630564  0.200734   1.69711
 0.944436 0.0600768  0.204118   1.70139
0.937258 0.067801 0.223465  1.68809
 0.934331 0.0708481  0.226412   1.68189
 0.940255 0.0768765  0.217232   1.69454
0.934581 0.153121 0.226065  1.68225
0.884425 0.267873 0.234469  1.60427
0.887377 0.254309 0.245685  1.61024
0.878554 0.265419 0.242543  1.59413
0.880426 0.257341 0.248067   1.5978
0.874472 0.262057 0.250617  1.58828
 0.87762 0.259472 0.245955  1.59145
0.883338 0.257127 0.245215  1.60187
0.882969 0.260976 0.238521  1.60038
 0.933614 0.0885943  0.245775   1.68568
0.935325 0.104062 0.229928  1.68657
0.931279 0.100472 0.234987  1.67765
0.930024  0.19221 0.244573  1.67317
0.921796  0.18947 0.253325  1.65228
0.927846 0.155197 0.220629  1.67235
0.925095 0.155835 0.202298  1.67147
0.930172 0.156979 0.237945  1.67451
0.927226 0.158599 0.233255  1.66931
 0.93386 0.154276 0.219517  1.68319
0.918122 0.166916 0.253644  1.64571
0.920262 0.176337 0.218628  1.66661
0.928207 0.148228  0.24452  1.67168
0.931786 0.142097  0.19842  1.67993
0.930689 0.158369 0.233905  1.67501
0.930745 0.144363  0.19249  1.68553
0.920414 0.163932 0.262397   1.6607
0.936985 0.151634 0.186539  1.69627
 0.91737 0.165361 0.238751    1.652
 0.94109 0.158121 0.174961  1.70034
0.935822 0.153314 0.219212   1.6874
0.944962 0.128656 0.148331  1.71607
0.932757 0.198395  0.11579  1.66931
0.935446 0.129865 0.255291   1.6984
0.945765 0.185644 0.170659  1.69596
0.944748  0.15606  0.17311  1.70779
0.949569 0.162942 0.177161  1.70565
0.885169 0.239477 0.258068  1.60421
0.885703 0.242817 0.251413  1.60456
0.880247 0.236115 0.264955  1.59611
0.875411  0.23131 0.272151  1.58848
0.874417 0.239237  0.26703  1.58662
0.876648 0.237939 0.268802  1.59201
0.878859 0.250493 0.252878  1.59345
0.873592 0.247251  0.26131  1.58514
0.872759 0.254988 0.255124  1.58355
0.875132 0.253742 0.257347  1.58937
0.881471 0.242069 0.261375  1.59957
0.875923 0.245945 0.263232  1.59079
0.880409 0.248877 0.256164  1.59738
0.879284  0.24395  0.25909  1.59448
0.889217 0.158692 0.294529  1.61309
0.893455   0.1673 0.295858  1.62078
0.895003 0.158011 0.296812  1.62408
0.892801 0.160671 0.295709  1.61907
0.898694 0.170067 0.289834  1.62797
0.904597 0.152695 0.290157  1.63931
0.900293 0.155008 0.294155  1.63169
0.898509 0.157044 0.293264  1.62766
0.898443 0.164934 0.290371  1.62805
0.886916 0.160054 0.295032  1.60806
 0.88489 0.169532 0.295185  1.60473
0.891353 0.169529 0.295065  1.61608
0.887309 0.167999 0.295118  1.61012
0.882957  0.17903 0.294044  1.60148
0.881216 0.188292 0.291824  1.59848
 0.88827 0.186439 0.290123  1.61046
0.883808  0.18655 0.292492  1.60442
0.896093  0.17264 0.288344  1.62203
0.896448 0.177719 0.283697  1.62247
0.885519 0.177343 0.294393  1.60728
0.890275 0.183948 0.292134  1.61507
0.891968 0.176017 0.294439  1.61847
0.889568 0.178481 0.293242  1.61308
0.930597 0.139348 0.237127  1.67571
0.894392 0.272725 0.218353  1.62285
0.930999 0.148911 0.236692  1.67594
0.907275 0.162902 0.251242  1.62464
0.927291 0.135433 0.247742  1.67063
0.903395   0.1704 0.259961  1.61342
0.935398 0.153837 0.225353  1.68428
0.929046 0.157858 0.232585  1.67283
0.910776 0.182901 0.256567  1.62849
0.926803 0.154953 0.223123  1.67005
0.923852 0.149259 0.209265  1.66587
0.920233 0.156103 0.216004  1.65967
0.909142 0.171062 0.260581    1.625
0.925286 0.150607 0.204651  1.66872
0.929516 0.185161 0.241581  1.66702
0.927695 0.163428 0.199524  1.67537
0.924611 0.155366 0.223613  1.66591
0.932266 0.174135 0.216215  1.67801
0.921009 0.162391 0.216565   1.6594
0.933633 0.188001 0.236953  1.67463
0.926749  0.17506 0.219705  1.66505
  0.76034  0.120961 -0.440677    1.3935
 0.761784  0.123804 -0.441951   1.39767
 0.754134  0.124223 -0.445681   1.38374
 0.758191  0.117444 -0.440105    1.3879
0.754525 0.119451 -0.44319  1.38219
 0.755204  0.115214 -0.440019   1.38081
 0.755806  0.117049 -0.441754   1.38369
  0.75559   0.12209 -0.443264   1.38506
 0.758904  0.120323 -0.441936   1.39106
  0.76927  0.143214 -0.453084   1.42037
 0.749885  0.126467 -0.449253   1.37724
 0.745547   0.13008 -0.451442   1.37003
   0.7478  0.124355 -0.447889   1.37151
 0.745428  0.126578 -0.449022   1.36752
0.745614 0.123481 -0.44663   1.3656
  0.74611  0.124764 -0.448264    1.3682
 0.746198  0.128177 -0.449934   1.37014
 0.748673  0.126326 -0.449359   1.37469
 0.765302  0.153606 -0.459876   1.41541
 0.768916  0.131357 -0.444146   1.41444
 0.769891  0.135814 -0.441453   1.41578
 0.738364  0.137942 -0.453677    1.3577
 0.739144  0.136517 -0.453932   1.35923
  0.73617  0.136524 -0.452508   1.35184
0.734401 0.136539 -0.45114  1.34688
 0.735567  0.134926 -0.450645   1.34874
 0.735866  0.135789 -0.451098   1.34978
 0.738369  0.133584 -0.452122   1.35574
 0.736732  0.133297 -0.450282   1.35069
 0.737812  0.131657 -0.449862   1.35244
 0.738034  0.132553 -0.450355   1.35335
 0.737196  0.136132 -0.452362   1.35384
 0.736971  0.134134 -0.450715   1.35159
 0.738123  0.134632 -0.452365   1.35557
 0.737282  0.135026 -0.452184   1.35371
 0.734828  0.137346 -0.451562   1.34816
 0.736166  0.137594 -0.452854   1.35226
  0.73537   0.13892 -0.453525    1.3513
 0.735132  0.137857 -0.453094    1.3503
 0.736527  0.141034 -0.456095   1.35603
 0.736178  0.139622 -0.454915   1.35424
 0.737185  0.139044 -0.454141   1.35573
 0.772899  0.159262 -0.435769   1.42337
 0.734449  0.144784 -0.456713   1.35282
0.732381 0.148706 -0.45681  1.34934
 0.732503  0.144062 -0.454292   1.34681
0.731309 0.146126 -0.45434  1.34471
 0.73082 0.144068  -0.4527  1.34171
 0.731205  0.144797 -0.454017   1.34402
 0.731949  0.147047 -0.456027   1.34759
 0.733443  0.145587 -0.455723    1.3502
 0.779224  0.174485 -0.410599   1.42683
 0.775334  0.162486 -0.419961   1.42187
 0.776375  0.167034 -0.418514   1.42341
 0.730775  0.152067 -0.457148   1.34693
0.729547 0.156341  -0.4565  1.34483
 0.728725  0.151594 -0.454484   1.34053
  0.72794  0.153876 -0.454144    1.3391
 0.727035  0.151974 -0.453144    1.3356
0.727487 0.152457   -0.454  1.33777
 0.728607  0.154581 -0.456004   1.34216
 0.729788  0.153107 -0.455847   1.34419
 0.789525  0.192986 -0.447184   1.46203
 0.791245  0.194692 -0.449576   1.46642
 0.790196  0.201243 -0.445634   1.46612
 0.789626   0.20258 -0.441539   1.46415
  0.78394  0.194594 -0.452693   1.45467
 0.787765  0.199018 -0.450303   1.46257
 0.727794  0.169821 -0.453199    1.3421
 0.728735  0.175102 -0.450533   1.34351
 0.725446  0.170254 -0.449893   1.33473
  0.72581   0.17303 -0.448518   1.33518
 0.723788  0.171821 -0.449059   1.33038
 0.724425  0.171484 -0.448809   1.33214
 0.726526  0.173153 -0.450739   1.33856
 0.726829  0.171524 -0.450945   1.33894
 0.768366  0.159746 -0.441051   1.41636
 0.727013  0.179266 -0.448498   1.33968
0.727601 0.177369 -0.44859   1.3405
 0.724868  0.180245 -0.445089   1.33277
 0.722232  0.182547 -0.444551   1.32681
 0.722235  0.179376 -0.445829   1.32688
 0.723968  0.180683 -0.445746   1.33068
 0.724701  0.174382 -0.447716   1.33272
 0.722225  0.176352 -0.446964   1.32688
 0.722294   0.17342 -0.448074   1.32706
 0.723879  0.174625 -0.448015   1.33053
 0.726083  0.178766 -0.446037    1.3355
  0.72387  0.177632 -0.446924   1.33051
0.725737 0.175774 -0.44751  1.33506
 0.724626  0.177159 -0.446376   1.33231
 0.733815  0.150671 -0.460144   1.35497
0.736365 0.147854 -0.45968  1.35941
 0.722773  0.197719 -0.437947   1.32761
 0.722434  0.193592 -0.439903   1.32707
 0.726146  0.194187 -0.438048   1.33447
 0.724851  0.195308 -0.439667    1.3323
 0.722295  0.189712 -0.441597   1.32685
 0.722173  0.185957 -0.443184   1.32666
 0.725416   0.18678 -0.441829   1.33342
0.724283 0.187534 -0.44304  1.33127
0.728789 0.192395 -0.44179  1.34241
 0.729232  0.190046 -0.442013   1.34287
 0.724498  0.191329 -0.441427   1.33166
 0.726848  0.188512 -0.441462    1.3366
 0.727606  0.192231 -0.439418   1.33779
 0.725554  0.190257 -0.440004    1.3334
 0.732371  0.169647 -0.458658   1.35529
  0.79738  0.226093 -0.415801   1.47485
 0.786028  0.226535 -0.409984   1.44907
 0.789006  0.230192 -0.408932   1.45565
 0.733821  0.179602 -0.454459   1.35809
0.736226 0.201507  -0.4408  1.36037
  0.73459  0.197216 -0.441987    1.3566
 0.733194  0.209146 -0.431758   1.34996
 0.733512   0.20614 -0.432182   1.35005
 0.729743  0.211848 -0.427223    1.3401
 0.725277  0.216876 -0.427494   1.33168
  0.72453  0.211824 -0.430443   1.33048
 0.727816  0.213852 -0.429905   1.33747
0.727971 0.202503   -0.433  1.33732
 0.723807   0.20688 -0.433127   1.32925
 0.723359  0.202147 -0.435645   1.32858
 0.726289  0.204038 -0.435208   1.33482
 0.731515  0.209304 -0.429198    1.3442
 0.726953  0.208928 -0.432685   1.33599
 0.730106  0.204622 -0.432297    1.3419
 0.728581   0.20692 -0.430222   1.33807
 0.745524  0.207067 -0.438124   1.37975
 0.738817  0.230158 -0.416483   1.35893
 0.739527  0.226116 -0.417347   1.35969
0.734437 0.233534 -0.41203  1.34722
 0.728409  0.240331 -0.412811   1.33662
 0.72765 0.233972 -0.41688  1.33542
  0.73188  0.236596 -0.416091   1.34448
 0.732368  0.222077 -0.419958   1.34412
 0.726953  0.227981 -0.420613   1.33433
0.726166 0.222274 -0.42417   1.3331
 0.729988  0.224555 -0.423455    1.3412
 0.736751   0.23045 -0.414868   1.35268
 0.730932  0.230412 -0.419891   1.34282
0.735046 0.224728  -0.4189  1.34986
 0.733146  0.227464 -0.416322   1.34511
 0.815924  0.263022 -0.352917   1.49881
 0.772215  0.244539 -0.393853    1.4201
 0.844687  0.244732 -0.338888   1.54844
 0.798902  0.244627 -0.384183   1.47031
0.88765 0.23665 -0.2687 1.61896
 0.804853  0.274727 -0.349618   1.48003
 0.798072  0.357813 -0.240738   1.45478
 0.798113  0.346471 -0.249621   1.45292
0.788089 0.372686  -0.2287  1.43503
 0.775412  0.394029 -0.218846    1.4156
 0.770456  0.383885 -0.240928    1.4068
  0.78066   0.38928 -0.235144   1.42958
0.779232 0.352697 -0.26843     1.42
 0.766423   0.37279 -0.262085   1.39999
 0.762191  0.361525 -0.281554   1.39281
 0.772125  0.366888 -0.276447   1.41464
 0.792308  0.367531 -0.243454   1.44654
  0.77664  0.378147 -0.256582   1.42257
 0.786159   0.35847 -0.262384   1.43548
 0.783247  0.362953 -0.250523     1.427
 0.906512  0.225016 -0.230115   1.64819
 0.794556  0.427565 -0.106491    1.4493
  0.78729  0.422418 -0.136832   1.43595
 0.808179  0.405047 -0.125958   1.46978
 0.799168  0.427212 -0.128488   1.46294
 0.782809  0.414075 -0.166222   1.42801
 0.779068  0.403921 -0.192614   1.42115
 0.799525  0.389127 -0.178623   1.45396
 0.790178  0.409829 -0.185487   1.44648
 0.820043    0.3854 -0.142072   1.49022
 0.820608  0.372825 -0.156482   1.48882
 0.794564  0.419421 -0.158363   1.45467
 0.806644  0.395666 -0.169889   1.47078
 0.812806  0.402913 -0.145771   1.48275
 0.803041  0.398768 -0.155243   1.46099
0.937319 0.190971 -0.15119  1.69519
0.820688 0.419612 0.021209  1.49379
   0.814026    0.425238 -0.00890575     1.48212
   0.833879    0.403656 -0.00438776     1.51422
   0.825237    0.426492 -0.00018166     1.50765
 0.808022  0.428195 -0.040433    1.4719
  0.801612   0.428559 -0.0726892    1.46083
  0.824169   0.406487 -0.0629957    1.49735
  0.813877   0.430936 -0.0637286    1.48836
  0.847161   0.384686 -0.0223983    1.53587
  0.849127   0.375862 -0.0431056    1.53789
  0.819831    0.42993 -0.0316375    1.49855
  0.832245    0.40964 -0.0520343    1.51608
  0.837768   0.408653 -0.0237361    1.52619
  0.828875   0.407304 -0.0343217    1.50598
  0.954805   0.135313 -0.0248725    1.71441
0.844851 0.379646  0.11833  1.53591
 0.839039  0.391085 0.0990536   1.52566
0.851923 0.375406 0.097902  1.54629
0.846192 0.389811 0.104717  1.54199
 0.833149  0.402041 0.0763656   1.51545
 0.826961  0.410818 0.0508828   1.50423
 0.843889  0.390966 0.0538888   1.53166
 0.836307  0.411147 0.0591324   1.52592
 0.859923  0.370475 0.0804972   1.55993
 0.860548  0.369985 0.0622654   1.56002
 0.841515  0.401142 0.0831366   1.53456
  0.84959  0.391453 0.0641277   1.54543
0.854116 0.383812 0.084459  1.55386
0.847662 0.385053 0.076417  1.53902
 0.952494  0.136343 0.0833922   1.71075
0.955096 0.130228 0.107938  1.71836
 0.87211  0.33462 0.148702  1.58117
0.872797 0.335992 0.135221  1.58133
0.865193 0.335518 0.162389  1.56925
 0.85895 0.336225 0.177904  1.55983
0.856145 0.346052 0.165343  1.55482
0.860559 0.344743 0.168989  1.56516
0.860419 0.353345 0.133637  1.56078
0.853224  0.35646 0.151299   1.5499
0.849506 0.367172 0.135899  1.54347
0.855035 0.365643 0.140172  1.55616
0.867085 0.343231 0.153001  1.57508
0.858174 0.354947 0.155094  1.56131
0.864109 0.352194  0.13976  1.56965
0.862721 0.345242 0.148308   1.5651
0.935738 0.132375 0.222041  1.68616
0.891002 0.333229 0.122833  1.61982
0.878087  0.30139 0.195986  1.59153
0.878645 0.303981 0.186019  1.59169
0.872374 0.299787 0.207008  1.58199
0.867185 0.297494 0.219172  1.57409
0.865311 0.306778 0.210475  1.57079
0.868513 0.305405 0.212964  1.57833
 0.86953 0.316203 0.186715  1.57673
 0.86335 0.316491 0.200671  1.56743
 0.86117 0.325791 0.189881  1.56344
0.864975 0.324508 0.193175  1.57247
0.873884 0.307066 0.200475  1.58657
0.866901 0.315034 0.203368  1.57574
0.871977 0.314852 0.191473  1.58281
0.870764 0.308985 0.197067  1.57934
0.934773 0.143901 0.226461  1.68377
0.938081 0.131614   0.2039  1.69028
0.924668 0.133439 0.255386  1.66789
0.893089 0.301382 0.179184  1.62098
 0.88921 0.208669 0.277522  1.61112
0.889429 0.212406 0.272018  1.61092
0.884612 0.204255 0.283968  1.60397
0.879718  0.19767 0.289039  1.59603
 0.87837 0.206172 0.285605  1.59359
0.880663 0.204658 0.286764  1.59898
 0.88254 0.219661 0.274872  1.60016
0.877327 0.214625 0.281531  1.59179
0.876316 0.222737 0.276981  1.58994
0.878583  0.22131 0.278519  1.59536
0.885609 0.210629 0.281219  1.60697
0.879619 0.213141 0.282799   1.5972
0.884112 0.217815   0.2775  1.60398
0.883226  0.21272 0.279671  1.60163
 0.91714 0.116185 0.279876  1.65962
0.920765 0.124363 0.267113  1.66413
0.915613 0.122884 0.279866  1.65573
0.911344 0.112846 0.289891  1.64999
0.905316 0.115675 0.302759  1.64207
0.907276 0.121444 0.293549  1.64242
0.907681 0.114505  0.29214  1.64228
0.899015 0.119563  0.30509  1.63147
0.892725 0.122287 0.297815  1.61819
0.897814  0.13094 0.301821  1.62892
0.896361 0.124193 0.301751  1.62488
0.902085 0.136931 0.298945  1.63579
0.906282 0.133127 0.292233  1.64065
0.904927 0.134637 0.291709  1.63758
0.902407 0.119515  0.30106   1.6352
0.900979 0.130484 0.299121  1.63238
 0.90555 0.125407 0.291129  1.63809
0.903148 0.126949 0.301244  1.63763
0.922246 0.148382 0.264144  1.66422
0.912475 0.117104 0.288208  1.65147
0.909712 0.120683 0.287973  1.64527
0.911416 0.127298 0.280216   1.6465
0.909215  0.13206 0.289272  1.64601
0.922075  0.12793 0.263773  1.66352
 0.79404 0.204912 -0.43952  1.47312
 0.795157  0.198737 -0.444398   1.47433
 0.802109  0.201265 -0.437423   1.48601
  0.79676  0.201596 -0.439897   1.47601
 0.794676  0.195392 -0.448145   1.47314
0.791182 0.188451 -0.44348  1.46323
 0.798455  0.187357 -0.439976   1.47613
 0.794296  0.189303 -0.442035   1.46875
 0.812133  0.196061 -0.434101    1.5029
 0.808455  0.185606 -0.434985   1.49389
 0.828928  0.185148 -0.423363   1.53151
0.813843 0.187687 -0.43089  1.50287
 0.796674  0.196242 -0.445464   1.47602
 0.802138  0.188262 -0.438201   1.48252
 0.804257  0.197263 -0.437852   1.48821
 0.801716  0.194612 -0.443114   1.48505
 0.737076  0.191573 -0.447969   1.36391
 0.958365 0.0968492 0.0949862   1.72228
 0.956504  0.142761 0.0780543   1.72142
 0.957144  0.122185 0.0663301   1.72024
 0.963168 0.0678346 0.0704859   1.73101
 0.961301  0.101297 0.0579338   1.72897
 0.965113 0.0391274 0.0366229   1.73569
  0.96379 0.0914697 0.0420725   1.73411
 0.958971  0.118173 0.0622011   1.72421
 0.960844  0.106991 0.0859071    1.7289
0.936088 0.141493 0.214005  1.68653
 0.761282  0.155767 -0.464848   1.40935
 0.760914  0.155502 -0.465147   1.40864
 0.761614  0.155846 -0.465038   1.41016
 0.760737  0.155759 -0.465522   1.40847
 0.760709  0.155934 -0.465606   1.40847
 0.760784  0.155635 -0.465401    1.4085
 0.760732  0.155616 -0.465428   1.40843
0.762026 0.154122 -0.46045  1.40921
 0.762479  0.153106 -0.457669   1.40892
 0.741042  0.138797 -0.457368   1.36584
 0.744601  0.135984 -0.456442    1.3722
0.762496 0.158731 -0.46038  1.41087
 0.763627  0.153142 -0.457447   1.41108
 0.766117  0.152571 -0.461316   1.41764
 0.761757  0.152867 -0.459929   1.40838
 0.756383  0.127799 -0.447949   1.39026
 0.761221   0.12744 -0.446347   1.39953
   0.7618  0.153973 -0.462355   1.40957
 0.762052  0.151509 -0.457348   1.40779
 0.767639  0.149545 -0.459751   1.41997
   0.7465  0.135818 -0.455722   1.37565
 0.767995  0.145801 -0.453102   1.41746
 0.760845  0.156491 -0.465069   1.40854
 0.760878  0.156662 -0.465239   1.40872
 0.761318  0.156804 -0.464326   1.40949
  0.76075  0.156618 -0.465438   1.40856
 0.763296  0.158761 -0.459835   1.41219
 0.761634  0.159208 -0.460793   1.40934
  0.76064   0.15623 -0.465613   1.40837
 0.761673  0.154223 -0.462741   1.40937
 0.760651  0.155995 -0.465589   1.40836
 0.761653  0.155252 -0.464652   1.41009
 0.761472    0.1556 -0.465047   1.40985
  0.76428  0.150063 -0.464412   1.41503
 0.761223  0.155598 -0.464858   1.40922
 0.760327  0.155775 -0.464999   1.40774
 0.761092  0.155571 -0.464906   1.40896
 0.760796  0.155434 -0.465171   1.40853
0.760597 0.155738 -0.46538  1.40828
 0.760848  0.155581 -0.465247   1.40856
 0.761028  0.155637 -0.465006   1.40882
 0.760699  0.155407 -0.465203   1.40836
  0.77256  0.160117 -0.427429   1.41933
 0.730882  0.158064 -0.460165   1.35054
0.732946 0.155229 -0.45985  1.35401
 0.738192  0.143051 -0.458814   1.36158
 0.740374  0.150556 -0.465769   1.37036
 0.761867  0.152535 -0.459464   1.40852
 0.732711  0.161023 -0.460754   1.35532
 0.764696  0.159995 -0.459535   1.41513
 0.760564  0.156231 -0.465565   1.40831
 0.763469  0.160076 -0.460566   1.41314
 0.760624  0.156535 -0.465668    1.4085
 0.760711  0.156709 -0.465608   1.40865
 0.756426  0.162188 -0.452906   1.39758
0.761595  0.15703 -0.45956  1.40847
 0.761175  0.156395 -0.460813   1.40798
0.760654 0.156694   -0.462  1.40744
 0.760509   0.15631 -0.465511   1.40821
 0.761352  0.156626 -0.462297   1.40886
 0.760994  0.156814 -0.465408   1.40913
 0.761233  0.156775 -0.465233   1.40957
 0.761012   0.15753 -0.459868   1.40747
 0.761085  0.156756 -0.465336   1.40929
 0.760999   0.15693 -0.464872   1.40906
 0.950373  0.160147 0.0828547   1.70861
 0.952023  0.157134 0.0868728   1.71245
0.882451 0.358283 0.060666  1.60479
0.906188 0.268006 0.193532  1.64064
 0.951655  0.157749 0.0729579   1.71045
 0.954674  0.149041 0.0255595   1.71522
   0.954094    0.144349 0.000612782     1.71307
   0.955787      0.1406 0.000915878     1.71717
   0.95572   0.142074 -0.0154719    1.71758
  0.953427   0.146785 -0.0541161    1.71375
 0.948651   0.16881 0.0346838   1.70196
 0.951023  0.167648 0.0317385   1.70791
 0.954774    0.1304 -0.056167   1.71522
 0.849775  0.349531 -0.178478   1.55123
   0.951763    0.158885 -0.00974187      1.7088
  0.950216   0.163716 0.00830066    1.70514
 0.940363  0.148168 -0.144832   1.69297
 0.945902    0.1626 -0.128144   1.70651
 0.930097  0.173892 -0.184972    1.6811
 0.827546  0.325112 -0.263131   1.51695
  0.853187   0.364256 -0.0845653    1.54652
 0.845093  0.347558 -0.115081   1.52579
 0.915327   0.19259 -0.224226    1.6595
 0.897616  0.209963 -0.262031   1.63301
 0.797426  0.302975 -0.327002   1.46613
 0.911158  0.250833 -0.176301   1.65279
  0.87867   0.22687 -0.293013   1.60374
  0.77804  0.276932 -0.370833   1.43446
 0.890755  0.267913 -0.221065   1.62125
 0.827612  0.238384 -0.368506   1.52085
 0.839337  0.243404 -0.356677   1.54337
 0.840363  0.275536 -0.312298   1.54024
 0.809632  0.234449 -0.392442   1.49115
 0.819725  0.240644 -0.383789   1.51105
 0.801227  0.230102 -0.414994   1.48335
 0.797466  0.238638 -0.400924   1.47227
 0.806111   0.23315 -0.410136   1.49233
0.934312 0.146806 0.183738  1.69402
 0.934338 0.0867539  0.134509   1.69091
0.934075 0.143113 0.193545  1.68486
0.924957 0.172565 0.247295  1.67701
0.924068 0.172772   0.2355  1.67227
0.925176 0.133585 0.263046  1.67562
  0.9245 0.150985 0.259447  1.67535
0.933945 0.157972 0.226747  1.68257
0.925179 0.164532 0.241282  1.67207
0.934084 0.157813 0.229519  1.68188
0.934285 0.155686 0.230512  1.68196
 0.93441 0.151191 0.229303  1.68251
0.896364 0.245299 0.244836  1.62562
0.935634  0.15779 0.227195  1.68526
0.935238 0.137544  0.21507  1.68379
0.928697 0.155413 0.242328  1.67207
 0.949896 0.0736735  0.184824   1.71196
0.947575 0.075964 0.196765  1.70824
  0.94172 0.0951223   0.20328   1.69617
 0.947003 0.0992441  0.186931    1.7067
 0.945924 0.0872145  0.187046   1.70295
0.935899 0.157308 0.226139  1.68525
0.935544 0.154849 0.223754  1.68427
0.937207 0.123534 0.204808  1.68699
 0.90574 0.292801 0.122004  1.63632
0.938558 0.114419 0.215121  1.69166
0.923354  0.18896 0.246257  1.65457
  0.9185 0.182911 0.251755  1.64481
0.921182 0.157963 0.210695   1.6616
0.909902 0.177173 0.262218  1.62675
0.928513 0.158619 0.238868  1.67127
0.925313 0.158872 0.237242    1.666
0.916112 0.167781 0.248232  1.64182
0.936279 0.157267   0.2257  1.68717
0.923192 0.167397 0.237935  1.66183
0.937499 0.152904 0.220168  1.68933
0.935403 0.134702 0.193198  1.68477
 0.93549 0.144503 0.201917  1.68539
0.933849 0.130977 0.181496  1.69214
0.921633 0.154986  0.23166  1.66063
0.938052 0.129108 0.179341  1.70295
0.938645 0.131584 0.237034  1.69461
 0.93025 0.162505 0.247665  1.67748
 0.923226 0.0169238  0.185437   1.66542
0.936686 0.128097 0.152023  1.70092
0.937954 0.146814 0.244562  1.69315
0.903208 0.188188 0.273885  1.63421
0.905358 0.152113  0.28679  1.63794
0.903786 0.165204  0.28152  1.63504
0.899405 0.216727 0.264072  1.62994
0.926628 0.144686 0.253828  1.67073
0.936349 0.157866 0.226405    1.687
0.902062 0.232248 0.233694  1.62946
0.927995 0.157154 0.243347  1.67101
0.911876 0.169741 0.255864  1.63176
0.912623 0.175275 0.250803  1.63429
0.924626  0.15582  0.25649  1.66708
 0.92413 0.154794 0.226554  1.66488
0.920816 0.150958 0.215167  1.65989
0.917961 0.155892 0.222176   1.6539
0.916331 0.167705 0.255444  1.64227
0.921592 0.152476 0.210717  1.66122
0.918137 0.168681 0.226542  1.64863
0.922182 0.164713 0.210039  1.66184
0.922321  0.15511 0.227132  1.66144
0.923989 0.173784 0.223373  1.66135
0.918035 0.162151 0.219096   1.6511
 0.753532   0.13122 -0.450768   1.38644
 0.764243  0.151209 -0.461911   1.41385
 0.763028  0.151343 -0.458205   1.40998
 0.764213  0.139733 -0.455225   1.41028
 0.741411  0.141453 -0.458659   1.36788
  0.76512  0.162955 -0.442413   1.41088
 0.761134  0.153322 -0.462502   1.40819
 0.738125   0.14695 -0.460276   1.36308
 0.767551  0.164543 -0.429574    1.4107
 0.759505  0.163212 -0.448393   1.40207
 0.770811  0.184994 -0.446519   1.42464
 0.743904  0.144027 -0.463786   1.37533
 0.729484  0.166524 -0.458607   1.34859
 0.730855  0.163519 -0.458581   1.35075
 0.743017  0.185681 -0.455208   1.37725
 0.738364  0.167986 -0.464566   1.36919
 0.729769   0.17626 -0.454996   1.34924
 0.730442  0.173003 -0.455292   1.35007
 0.739705  0.176227 -0.461184   1.37174
 0.731631  0.187727 -0.449116   1.35232
  0.73166  0.183972 -0.449742   1.35186
 0.761029  0.221814 -0.416907   1.40207
 0.754249  0.195055 -0.452626   1.39951
 0.785655  0.206295 -0.441587   1.45828
 0.776803  0.199616 -0.451119   1.44314
  0.77911  0.205568 -0.441061   1.44456
 0.743382  0.221124 -0.428738   1.37357
 0.742328  0.215451 -0.430153   1.37062
 0.755525  0.207058 -0.435219   1.39611
  0.75148  0.244782 -0.407532   1.38586
 0.750871  0.236274 -0.410858   1.38385
 0.764806  0.250762 -0.401965   1.41307
 0.762336  0.271503 -0.378473   1.40252
 0.760556  0.261167 -0.383858   1.39807
 0.788649  0.253441 -0.385555   1.45411
 0.778443  0.299969 -0.337734   1.42796
 0.773698  0.288226 -0.346219   1.41736
   0.8019  0.327531 -0.279401   1.46591
 0.793199  0.315213 -0.291884   1.44667
0.866793 0.279745 -0.26585  1.58454
 0.856258   0.26624 -0.304285   1.57024
 0.828592  0.353396 -0.191912   1.50753
  0.82364  0.337009 -0.210327   1.49482
  0.938422   0.205211 -0.0963135    1.69227
 0.897139  0.292944 -0.136431   1.62407
  0.950288   0.154658 -0.0556064    1.70705
 0.920147  0.212214 -0.171425   1.66282
0.871157 0.356416 0.042432  1.57698
   0.873092    0.358229 -0.00646076      1.5834
0.879282 0.338289 0.114024  1.59336
 0.878881  0.340419 0.0843619   1.59078
0.949207 0.164016 0.101135  1.70665
 0.943806  0.200059 0.0497208   1.69494
 0.949537  0.172173 0.0575142   1.70551
  0.8865 0.303834 0.170431  1.60492
0.887954 0.307641 0.147579  1.60616
0.901042 0.274889 0.163253  1.62538
0.889006 0.275544 0.211651   1.6098
0.890306 0.283007 0.191775  1.61115
 0.89099 0.248861 0.241201  1.61342
0.891521 0.255469  0.22741  1.61319
0.935467 0.148968 0.221026  1.68493
0.894034 0.220582 0.262815  1.61839
0.893929 0.227229 0.252243  1.61698
0.899031 0.191045 0.277781  1.62694
0.897348 0.197942 0.269894  1.62226
 0.91106 0.149418 0.283247  1.64962
0.935283 0.150572 0.219021  1.68403
 0.777132  0.233281 -0.409407   1.43561
0.790109 0.211215 -0.43296  1.46401
 0.794825  0.216128 -0.428005   1.47276
 0.795819  0.220672 -0.422035   1.47317
 0.798352  0.224184 -0.418594    1.4778
 0.788043  0.222167 -0.418979   1.45688
 0.793905  0.218767 -0.422764   1.46889
 0.767134  0.213548 -0.428849   1.41866
 0.787554  0.191059 -0.449752   1.45883
 0.777706  0.188282 -0.443603   1.43843
 0.785556  0.192775 -0.451963    1.4567
 0.954064 0.0841231  0.124945   1.71378
 0.953338 0.0712839  0.150566   1.71425
 0.950531 0.0540629  0.147746     1.706
 0.948776 0.0863517  0.157532   1.70487
 0.951986 0.0888026  0.146093   1.71139
0.935415 0.153414  0.21838  1.68472
0.944729 0.116251 0.161086  1.69815
  0.95153  0.146212 0.0933909   1.70979
 0.761331  0.155509 -0.464876   1.40948
0.760955 0.155388 -0.46501  1.40874
0.760865 0.155308 -0.46508  1.40861
 0.761597   0.15547 -0.465151   1.41018
 0.761778  0.155078 -0.464595   1.41038
  0.76056  0.155973 -0.465469   1.40826
0.762931 0.161709 -0.45797  1.41156
 0.761194  0.155225 -0.464995   1.40926
 0.748494  0.139314 -0.461213   1.38245
 0.761341  0.155261 -0.465186   1.40966
 0.762151   0.15103 -0.457231   1.40803
 0.754687  0.136186 -0.458299   1.39307
 0.759924  0.156268 -0.464255   1.40681
  0.76312  0.150605 -0.459479   1.41072
 0.764418  0.147138 -0.460925   1.41346
0.758021 0.149446 -0.45891  1.40053
 0.758869  0.136604 -0.458175   1.40104
0.770157  0.13841 -0.44516   1.4178
  0.76319   0.13747 -0.456671   1.40939
 0.760871  0.150197 -0.457584   1.40546
0.760908 0.156759  -0.4655  1.40898
 0.760811  0.156801 -0.465499   1.40884
 0.760789  0.156756 -0.463953   1.40837
 0.760646  0.156644 -0.465569   1.40853
 0.762346  0.160863 -0.461074   1.41119
 0.760226  0.156177 -0.464806   1.40751
 0.760497  0.156043 -0.465423   1.40814
 0.761345  0.154702 -0.464672   1.40949
 0.761669  0.160601 -0.462039   1.41028
 0.760513  0.155791 -0.465353   1.40812
 0.760753  0.154277 -0.464797   1.40842
 0.760581   0.15557 -0.465287    1.4082
 0.760637  0.155347 -0.465096   1.40829
 0.760676   0.15555 -0.465286   1.40837
 0.761087  0.155413 -0.464981   1.40899
 0.760291  0.155652 -0.465022   1.40766
 0.761143  0.155329 -0.464911    1.4091
0.760855 0.155244 -0.46504  1.40863
 0.764029  0.163431 -0.436444   1.40654
 0.738929  0.160579 -0.466104   1.36968
 0.746714  0.152387 -0.473278   1.38592
 0.762729  0.162317 -0.447081   1.40797
 0.762171  0.161843 -0.454919   1.40939
  0.76095  0.151738 -0.459692   1.40665
0.761908  0.16141 -0.45996  1.41032
 0.760296  0.156279 -0.464891   1.40765
 0.760473  0.156624 -0.464979   1.40806
 0.759983  0.162558 -0.455826   1.40542
 0.761209  0.158952 -0.461418   1.40879
 0.760758    0.1573 -0.460767   1.40733
0.760587 0.156746  -0.4647  1.40822
  0.76038  0.161863 -0.460614   1.40754
  0.76081  0.156883 -0.461034   1.40739
 0.760889  0.156898 -0.463261   1.40833
0.760918 0.156865 -0.46514  1.40899
 0.760167   0.15721 -0.461881   1.40658
 0.760778  0.156877 -0.465238   1.40872
 0.760558  0.156917 -0.464103   1.40797
0.949022 0.172868 0.080152  1.70564
 0.901077  0.315292 0.0811422   1.63028
 0.898209   0.32435 0.0279783   1.62444
0.897126  0.29627 0.111238  1.61661
  0.952339   0.163632 0.00349865     1.7109
 0.891257  0.312453 0.0500585   1.60456
  0.95267  0.165659 -0.025916   1.71298
  0.947973   0.189123 -0.0145012    1.70429
  0.947908   0.190618 -0.0496714    1.70758
 0.944868  0.197655 0.0141052   1.69705
  0.944786   0.177434 -0.0955891     1.7023
 0.934418   0.18972 -0.131175   1.68445
0.881034 0.335996 -0.13958  1.60641
  0.928417   0.246335 -0.0877714    1.67632
0.868193 0.317717  -0.2051  1.58373
  0.93813  0.219835 -0.050143   1.68923
 0.902058  0.232518 -0.214025   1.63568
 0.880229  0.250448 -0.258402   1.60306
 0.833704  0.308404 -0.260861   1.51977
 0.884867  0.274469 -0.200122   1.60366
 0.804097  0.287968 -0.318322   1.46888
 0.851356  0.298288 -0.250838   1.55257
 0.822917  0.242986 -0.371076   1.51302
 0.803954  0.240628 -0.394384   1.48363
 0.827069  0.292606 -0.304775    1.5165
 0.834503  0.264047 -0.343146   1.53654
0.936851 0.134523 0.190281  1.68878
 0.937772 0.0998703  0.195668   1.69047
0.943257 0.142507 0.226626  1.70321
0.939353 0.150954 0.221903  1.69346
 0.93753 0.156639 0.225909  1.68991
 0.92576 0.166425 0.249191  1.66475
0.925982 0.157867 0.249298  1.66826
0.941757 0.148911 0.226728  1.69774
0.929826 0.163576 0.250047  1.67266
0.935509 0.156757 0.227443  1.68442
0.908243 0.226368 0.244819  1.64496
0.936784 0.157325 0.226377  1.68796
0.935449 0.143989 0.211302  1.68453
0.921636 0.161721 0.241107  1.65629
0.906253 0.248723 0.221998  1.64113
0.936276 0.157285 0.225894  1.68627
0.936782 0.135093 0.200953  1.68677
0.939821 0.123402 0.186704  1.69133
 0.94233 0.122936 0.182542  1.69667
0.935564 0.152916 0.218554  1.68525
0.918603 0.181602 0.241517   1.6472
0.915175 0.174741 0.247305  1.64146
0.918256 0.160581 0.222891  1.65149
0.912878  0.17006 0.253289  1.63616
0.926469 0.160021 0.244097   1.6683
0.920957 0.163276  0.24755  1.65448
0.923769  0.16621 0.252319   1.6581
0.938182 0.156116  0.22631  1.69076
0.940282 0.151655 0.223386  1.69404
 0.93604 0.156032 0.223112  1.68562
0.937396 0.156481 0.227248   1.6895
0.933242 0.156653   0.2505  1.68228
0.937504 0.156808 0.226884  1.68977
0.933105 0.147396 0.246969  1.68423
0.940137 0.121944 0.184523  1.69526
0.933277 0.159009 0.246993   1.6805
0.937275 0.125378 0.191121  1.68645
0.941825 0.146046 0.231756  1.69809
0.914415 0.146736 0.268934  1.64971
 0.90605 0.171025 0.281202  1.63948
0.919662 0.144048  0.26659  1.66104
0.914011 0.160709 0.271822  1.65074
 0.92401 0.150945 0.254367  1.66561
 0.93591 0.155771  0.22338   1.6854
0.925846 0.158869 0.248449  1.66787
0.917293 0.165968 0.248062  1.64558
0.925166 0.158218 0.240211  1.66605
0.914453 0.168591 0.243759  1.64062
0.922362 0.154585 0.229742  1.66159
0.918903 0.151318 0.220019  1.65604
0.915769 0.167612 0.233013  1.64493
0.924674 0.163582 0.248726  1.66623
0.918928  0.15257 0.216628  1.65568
0.918199 0.157709 0.217987  1.65395
 0.91779   0.1672 0.228589   1.6494
0.917458  0.15564 0.226108  1.65197
0.915574 0.168473 0.231225  1.64342
0.913806 0.161541 0.235607  1.64012
 0.752562  0.138975 -0.459479   1.38984
 0.760691  0.149437 -0.462039   1.40686
 0.759808  0.144567 -0.464007   1.40557
  0.74773  0.143182 -0.462791   1.38248
 0.759477  0.161831 -0.458339   1.40537
 0.744158  0.148865 -0.465671   1.37773
 0.760703  0.151442 -0.459422   1.40619
 0.740987  0.154131 -0.466314   1.37267
 0.737254  0.156312 -0.465743   1.36516
 0.760638  0.186208 -0.464902   1.41455
 0.735371  0.163399 -0.464719   1.36218
 0.747692  0.186757 -0.462077   1.38902
0.745218 0.161543 -0.47487  1.38557
 0.735206   0.17153 -0.462067     1.362
 0.746262  0.174948 -0.471961   1.38878
  0.73681  0.180728 -0.456898   1.36433
 0.749567  0.182455 -0.467502   1.39456
 0.740286  0.191425 -0.448892   1.36933
 0.748349  0.197229 -0.446487     1.386
 0.748881  0.204399 -0.437994   1.38391
 0.784884  0.265696 -0.360874   1.43835
 0.814879   0.25547 -0.373043   1.50347
 0.862709  0.318507 -0.168012   1.56287
  0.90879  0.254523 -0.159755   1.64452
  0.884234   0.333335 -0.0857929    1.60348
 0.923334  0.233376 -0.121789   1.66555
  0.897583    0.31498 -0.0838063     1.6264
  0.889965   0.321464 -0.0191401    1.60556
 0.914777  0.296865 0.0520984   1.65264
0.946453 0.200063 0.044816  1.70172
0.944326 0.139634 0.151436  1.69735
 0.926507  0.269908 0.0446705   1.67114
0.939462 0.177377 0.161401  1.69073
0.908104 0.277893 0.154826  1.64102
0.919272 0.242601 0.194294  1.66166
0.917711 0.250036 0.171016  1.65575
0.923129  0.26538 0.108095  1.66478
0.900713 0.254038 0.205204  1.62609
0.935549 0.148487 0.210773  1.68573
0.943456 0.191132 0.132849  1.69886
0.910639 0.168131 0.268046  1.64301
0.917926 0.188619  0.25585  1.65795
0.905134 0.208128 0.254908  1.63562
0.908622 0.186539 0.267507  1.64231
 0.787174  0.211769 -0.434356   1.45919
 0.774316  0.208389 -0.429539   1.42958
 0.779216  0.217049 -0.426731   1.44082
 0.764217  0.197497 -0.448984   1.41882
 0.768164   0.19393 -0.458815   1.42815
 0.770646  0.180427 -0.450034   1.42677
0.949696 0.116664 0.128647  1.70619
0.948723 0.112274   0.1604  1.70741
0.936573  0.14402  0.20059   1.6878
 0.95123 0.118673 0.122357  1.70872
0.934806 0.151385  0.20191  1.68516
 0.947004  0.165101 0.0908234   1.70003
0.929528 0.250546 0.103869  1.67534
 0.761346  0.155137 -0.465362   1.40979
 0.760457  0.155406 -0.465094   1.40795
 0.761322  0.154516 -0.464682   1.40954
 0.760278  0.156037 -0.464921   1.40763
 0.761015  0.153082 -0.462115   1.40794
  0.75454   0.15248 -0.472755   1.40009
 0.753965  0.146896 -0.469599   1.39768
 0.760362  0.159041 -0.461825   1.40722
 0.759742  0.152487 -0.461849   1.40541
 0.760441  0.149783 -0.457908   1.40485
 0.761383  0.150079 -0.459997   1.40735
 0.761665  0.149604 -0.465238   1.41002
 0.760504  0.148712 -0.468366   1.40915
 0.764137  0.145511 -0.462537   1.41391
 0.759074  0.142898 -0.465765   1.40553
 0.759611  0.151057 -0.459699   1.40406
  0.76027  0.156371 -0.464791   1.40758
 0.760265  0.158676 -0.462395   1.40728
0.760534 0.160769 -0.46255  1.40818
0.758809 0.161241 -0.46272  1.40514
  0.76021  0.155921 -0.464909    1.4075
 0.760973  0.155045 -0.465425   1.40907
0.760871 0.155078 -0.46519  1.40874
 0.760045   0.16133 -0.462178   1.40748
  0.75717  0.159968 -0.463036   1.40223
 0.760451  0.155535 -0.465074   1.40797
 0.760681   0.15523 -0.465068   1.40831
0.759856 0.155977 -0.46489   1.4069
 0.744644  0.167757 -0.474224    1.3853
 0.759074  0.164204 -0.438428   1.39727
 0.742192  0.163713 -0.474076   1.37938
 0.758756  0.162154 -0.451947   1.40196
 0.760171   0.15264 -0.462314   1.40627
 0.751634  0.152972 -0.473789   1.39484
 0.759976  0.156416 -0.463979   1.40676
 0.754987   0.16099 -0.447942   1.39278
 0.758198  0.152304 -0.461366   1.40235
0.760321 0.160327 -0.46332  1.40809
 0.760159  0.156516 -0.463815    1.4071
 0.759583  0.156717 -0.463571   1.40602
 0.760196  0.157512 -0.461061   1.40632
0.760447 0.156771  -0.4648  1.40796
 0.759724  0.158152 -0.463123    1.4064
 0.760301  0.156956 -0.462211   1.40683
0.944581 0.200804 0.103476  1.70018
 0.945473  0.202488 0.0727028   1.70061
  0.941391   0.227214 -0.0112508    1.69594
 0.911542  0.286707 0.0691492   1.64259
   0.946232    0.205271 -0.00773184     1.70333
  0.935871   0.227488 -0.0496662    1.68497
  0.944881   0.201303 -0.0497934    1.70175
  0.935821   0.208325 -0.0881876    1.68492
  0.927367   0.245673 -0.0747629    1.67173
  0.935749   0.230623 -0.0156571    1.68337
0.910538  0.29272 -0.12444  1.65369
  0.925747   0.268466 -0.0469368    1.67125
 0.916179  0.269883 -0.122556   1.65964
 0.895695  0.294658 -0.165558   1.62727
0.939386 0.154929 0.227871  1.69334
0.937852 0.154604 0.243627  1.69001
0.923815 0.164455  0.24836   1.6593
0.938929  0.14757 0.239453   1.6917
0.936623 0.157249 0.225744  1.68725
  0.9238 0.163383  0.25188  1.66505
0.935265 0.155499 0.218247  1.68498
 0.92119 0.155075 0.230136  1.65962
   0.935 0.149202 0.210818  1.68433
 0.93602  0.15659 0.223822  1.68608
0.918324 0.227127  0.22089  1.66037
0.936541 0.157288 0.225822  1.68729
0.937221  0.14016 0.190708  1.68806
0.916443 0.178939   0.2581  1.65306
0.914663 0.230428 0.207355  1.65004
0.934217 0.152709 0.212117  1.68355
0.915928 0.164229 0.245098  1.64451
0.918345 0.151572   0.2235  1.65514
0.924097 0.160128 0.240523  1.66452
0.924729  0.15964 0.240584  1.66358
0.927551 0.161911 0.247625  1.66826
0.939184 0.154363 0.228712  1.69231
0.930325  0.16188 0.247251  1.67362
0.935089 0.155349 0.245092  1.68395
  0.9401 0.152583 0.232141  1.69442
0.921324 0.155659 0.231661  1.66059
0.941239 0.150806 0.235885  1.69654
 0.93673 0.156783 0.226802  1.68804
0.918939 0.160576 0.262639  1.65804
0.919323  0.17529 0.261113  1.65991
0.922744 0.164511 0.256368  1.66411
 0.93597 0.156878 0.223048  1.68582
0.933517 0.155448  0.21221  1.68282
0.924039 0.160161 0.242221  1.66465
0.917574 0.162767 0.238173    1.648
0.922127 0.171077 0.251626  1.66271
0.916835 0.158032 0.233103  1.64645
0.932528 0.154159 0.208497  1.68169
0.917774 0.152473 0.221141  1.65345
0.915956 0.160546 0.231746  1.64489
0.916768 0.154111 0.226895  1.65024
0.916848 0.156618 0.223949  1.64999
 0.754687  0.143301 -0.466995   1.39721
 0.757305  0.149605 -0.464723   1.40138
 0.750143  0.147207 -0.470978   1.39072
 0.749996  0.151361 -0.472742   1.39211
 0.759032  0.149637 -0.458295   1.40217
 0.747192   0.15608 -0.474355    1.3882
 0.743895  0.157716 -0.474282   1.38176
 0.755175  0.172579 -0.456678    1.3974
 0.742022  0.170543 -0.472521   1.37951
0.758007 0.151087 -0.45978   1.4011
 0.744077  0.178567 -0.469013   1.38329
0.754973 0.162489 -0.44456  1.39141
 0.761588  0.177798 -0.453515   1.40906
 0.756212  0.169907 -0.457628   1.40015
0.759721   0.1899 -0.46198  1.41137
 0.753452  0.170117 -0.459858   1.39544
  0.910633   0.295262 -0.0860892    1.64884
  0.901926   0.316632 -0.0321438    1.63165
   0.91693   0.290561 -0.0821759    1.66119
 0.909366  0.293259 0.0186973   1.63812
0.927244 0.266924 0.079902   1.6734
 0.930179  0.273029 0.0344366   1.68071
 0.919017  0.287053 0.0855934    1.6614
0.917926 0.275626 0.111653  1.65731
0.942918 0.141814 0.165101  1.69738
0.916031 0.258695 0.140367  1.64977
 0.91324 0.247534 0.176579  1.64551
0.940374 0.137721 0.176244  1.69245
0.915056  0.21313 0.230808  1.65145
0.928279 0.246572  0.12944   1.6735
0.909373 0.202925 0.262855   1.6462
0.912875 0.183263 0.267259  1.65081
0.934642 0.152948 0.210644  1.68446
0.936761 0.151976 0.186647  1.68749
 0.760998  0.175361 -0.454402    1.4089
 0.753608  0.181553 -0.467718   1.40052
 0.768706  0.197648 -0.454239   1.42735
 0.754806  0.190676 -0.459705   1.40328
0.939021 0.140593 0.186543  1.69173
0.947394 0.150286 0.129859  1.70378
0.945957 0.151458 0.119278  1.69828
0.932652   0.1556 0.203345  1.68222
 0.941885  0.199406 0.0804479   1.69144
0.935031 0.239881 0.102427  1.68502
0.924814 0.235647 0.162633  1.66682
0.934977 0.168565 0.188381  1.68406
 0.760972  0.155154 -0.465028   1.40884
 0.760719  0.155138 -0.465201   1.40848
 0.760861  0.154941 -0.465652   1.40901
 0.760065  0.155597 -0.465176   1.40733
 0.760364  0.155413 -0.465232   1.40791
 0.760501  0.154148 -0.464743   1.40803
 0.757784  0.161844 -0.459051   1.40219
 0.760104  0.155711 -0.465017    1.4074
 0.759879  0.154112 -0.464856   1.40684
 0.758969  0.150901 -0.459569   1.40288
 0.758108  0.149428 -0.469121   1.40481
  0.74738  0.161985 -0.474713   1.38847
  0.75171  0.156003 -0.474629   1.39607
 0.758923  0.149933 -0.462589   1.40366
  0.75993  0.156514 -0.464045   1.40678
 0.759474  0.159577 -0.464343   1.40671
 0.759828  0.156319 -0.464461   1.40673
 0.759385  0.160133 -0.463753   1.40629
 0.759941  0.156017 -0.464659   1.40699
  0.76045  0.155021 -0.465701   1.40824
0.760393  0.15518 -0.46527  1.40789
 0.759504  0.156568 -0.464478   1.40622
 0.760355  0.155148 -0.465642   1.40802
 0.759389   0.15411 -0.464668   1.40594
 0.750039  0.160133 -0.475269   1.39386
  0.74921  0.165141 -0.474761   1.39291
 0.747058  0.167371 -0.473594   1.38825
0.756488 0.161116 -0.45565  1.39871
 0.757895  0.161064 -0.461005   1.40311
0.751471   0.1585  -0.4527  1.38715
 0.752113  0.156386 -0.466566   1.39354
 0.758919  0.160642 -0.463865   1.40579
 0.75957 0.157098 -0.46324  1.40592
 0.757365  0.152379 -0.461523   1.40079
 0.759564  0.158472 -0.462764   1.40593
 0.759794  0.156811 -0.462843   1.40616
 0.760012   0.15674 -0.463237    1.4066
 0.760291  0.156712 -0.463047   1.40711
 0.759279   0.15763 -0.463606   1.40561
 0.759706   0.15723 -0.462116   1.40572
 0.937489  0.237586 0.0752302   1.68879
 0.93988 0.243165 0.064956  1.69573
 0.936571  0.238649 0.0246127   1.68578
 0.942132  0.226901 0.0238439   1.69693
  0.911208   0.292852 -0.0353486    1.64434
  0.925342   0.267168 0.00143211     1.6676
0.941689  0.14909  0.22802  1.69692
0.939532 0.152226 0.232971  1.69279
0.937852 0.155371 0.229267   1.6907
0.934879 0.157011  0.23888   1.6849
0.930173  0.15864 0.240446  1.67515
0.936909 0.154525 0.237523  1.68788
0.923584 0.163969 0.241456  1.66454
0.938296 0.155336 0.235596  1.69155
 0.93627 0.157364 0.227159  1.68726
0.935136 0.155273 0.219278  1.68468
 0.93403 0.150621 0.204882  1.68368
0.923105 0.158988 0.227363  1.66465
0.934787 0.150031 0.196817  1.68498
0.935538  0.15738 0.224017  1.68538
0.930727 0.158288 0.208968  1.67944
0.934594 0.156906 0.219413  1.68404
 0.91688 0.159038 0.229431  1.64763
 0.91652 0.162173 0.224798  1.64682
0.919858 0.159781 0.238839  1.65319
0.919308 0.151439 0.224329  1.65733
0.921994  0.15649 0.231149   1.6619
 0.93212 0.156531  0.21472  1.68061
0.927362 0.160394 0.241385  1.66835
0.937481 0.156494 0.229928  1.68999
0.925286 0.158514 0.236123  1.66461
0.932751 0.157889 0.240241  1.67961
0.937111 0.155408 0.232105  1.68905
0.927841 0.157702 0.235327   1.6704
 0.92158 0.192246 0.234953  1.66161
0.915424 0.194455 0.247841  1.65132
0.921129 0.181795 0.244991  1.66085
 0.92335 0.169759 0.251328  1.66523
0.923679  0.16282 0.241971  1.66488
0.921163 0.158539    0.235  1.65596
0.919923 0.155646 0.232411  1.65358
0.923882 0.169166 0.237194   1.6656
0.918137 0.151502 0.224162  1.65457
 0.91975 0.154491  0.22853  1.65561
0.918193 0.153192 0.227623  1.65409
0.918386 0.157376 0.231724  1.65036
 0.755371  0.149122 -0.471483   1.40048
 0.755701  0.150342 -0.459746   1.39652
 0.758855  0.152354 -0.462045   1.40371
  0.75721  0.151104 -0.459542   1.39956
 0.749005  0.157123 -0.474861    1.3909
 0.753252  0.159654 -0.451948   1.39077
 0.753622  0.167827 -0.461562   1.39656
   0.7563  0.152597 -0.460281   1.39842
 0.750862  0.165978 -0.462702   1.39093
0.751671 0.159589 -0.46552  1.39295
 0.750087  0.170567 -0.473094   1.39485
 0.748832  0.173463 -0.470891   1.39151
  0.915957   0.297021 0.00512838    1.65504
   0.93226   0.274436 -0.0189759    1.68715
0.923625 0.256059 0.133786  1.66607
0.937876 0.229003 0.126213  1.69123
 0.92441 0.227396 0.185462  1.66756
 0.93932 0.157093 0.174489  1.69076
0.924076 0.166977 0.240416  1.66675
0.917476 0.210712 0.236065  1.65685
0.925649 0.206976 0.221222  1.67161
 0.91825 0.199215 0.245568  1.65843
 0.92807 0.220788 0.181209  1.67309
0.924234 0.211248 0.205974  1.66611
0.936026 0.151841 0.190999  1.68712
0.936147 0.216431 0.163932   1.6891
0.933645 0.160532 0.198085  1.68339
 0.93863 0.155099 0.177076  1.69076
  0.93929  0.239444 0.0966584   1.69508
 0.930769  0.261002 0.0789583   1.67933
0.941126 0.191996  0.11639  1.69109
0.934609 0.233659 0.125552  1.68473
 0.760129     0.155 -0.466002   1.40784
 0.759462  0.156029 -0.465577   1.40644
 0.759337  0.156679 -0.464977   1.40609
 0.759924  0.155713 -0.465682   1.40735
 0.754011  0.153537 -0.466408   1.39656
 0.759824  0.155335 -0.465653     1.407
 0.757104   0.15021 -0.459168   1.39899
  0.75907   0.15699 -0.465655   1.40596
 0.754244  0.151675 -0.466118   1.39635
 0.758101   0.15438 -0.464413   1.40354
 0.759441  0.157051 -0.464143   1.40603
 0.758416   0.15973 -0.464975   1.40507
 0.759267  0.155398 -0.466075   1.40628
 0.758778  0.159329 -0.464653   1.40534
 0.752184  0.154526 -0.459545   1.39042
 0.759584  0.156186 -0.465239   1.40662
 0.759749  0.155254 -0.466032   1.40716
 0.759161  0.156202 -0.466157   1.40619
 0.751779   0.17588 -0.470225   1.39762
  0.75495  0.179444 -0.466649   1.40281
 0.749636  0.161827 -0.464378   1.38856
 0.753063  0.161096 -0.448878   1.38921
0.754882 0.160794 -0.45633  1.39562
 0.755391  0.159816 -0.458635   1.39744
 0.756685  0.160706 -0.461537   1.40076
 0.757179  0.158622 -0.464658   1.40255
 0.758019  0.160245 -0.464282   1.40402
 0.759165  0.158144 -0.464306   1.40576
  0.75638   0.15933 -0.463432   1.40062
 0.759031  0.158606 -0.465229   1.40601
  0.920108   0.289254 -0.0445796    1.66467
 0.930199  0.257665 -0.048023   1.67931
0.936308 0.156657 0.228826  1.68764
0.932172 0.157374 0.234226  1.67958
  0.9341 0.156713 0.233767  1.68311
0.935451 0.156789  0.22544  1.68547
    0.93 0.157699 0.235425  1.67455
0.934421 0.156243 0.221171  1.68379
0.923347  0.15411  0.22566  1.66461
 0.93315 0.154705 0.214419  1.68216
0.923343 0.200862 0.225663  1.66567
0.933129 0.156457 0.223615  1.68162
0.933112 0.155372 0.205124  1.68266
0.928489 0.187973 0.216738  1.67496
0.923442 0.157237 0.234991  1.66101
0.919977 0.151882 0.224161  1.65898
 0.93407 0.156648 0.227845  1.68306
0.921672 0.153659 0.226458  1.66061
0.935496 0.156569 0.232667  1.68642
0.924183 0.154669 0.221369  1.66754
0.935164 0.157472 0.229531  1.68526
0.931656 0.156577 0.230553  1.67817
0.922749 0.178263 0.250037  1.66534
0.930882 0.155866 0.212359  1.67921
0.931724 0.155491 0.217366  1.67997
0.924744 0.177703 0.230133  1.66731
0.922413 0.156769 0.230457  1.66364
0.925629 0.155726 0.230132  1.66682
0.921096 0.152967 0.222542   1.6614
0.923539 0.156364 0.230598  1.66212
0.755653 0.151586 -0.45983  1.39687
 0.756373  0.151343 -0.465225   1.40015
 0.751694  0.154469 -0.466602   1.39211
0.752648 0.157337 -0.45527  1.39042
 0.753901  0.153493 -0.459862   1.39388
 0.750121  0.157738 -0.466192   1.38951
 0.751729  0.163867 -0.463588   1.39307
 0.751799   0.15758 -0.458218   1.38972
0.929741 0.238547 0.157227  1.67856
0.933587 0.216032  0.14481  1.68003
0.928072 0.210218 0.202669  1.67459
0.936426 0.173793 0.175965  1.68629
0.923266 0.188103  0.24234  1.66665
0.929308 0.176187 0.205591  1.67468
0.931865 0.167442 0.199023  1.68027
0.924426  0.19809 0.231272  1.66883
0.933441  0.15789 0.197333  1.68325
0.930898 0.192086 0.203353   1.6788
0.934675 0.164543 0.187595  1.68446
0.930261 0.195906 0.189408  1.67524
0.941354 0.164548 0.152009   1.6934
0.934087 0.207675 0.174471  1.68383
0.934925   0.1771 0.176177  1.68205
0.940245  0.17879 0.146952  1.69039
 0.758761  0.154301 -0.464762   1.40479
 0.755218  0.158203 -0.460998   1.39763
 0.753863  0.152367 -0.459908    1.3934
 0.758287  0.155935 -0.466026   1.40459
 0.757622  0.154697 -0.464428   1.40268
 0.756096  0.151762 -0.459736   1.39754
 0.759159  0.157506 -0.464776   1.40585
 0.758837  0.157593 -0.465328   1.40545
 0.758798  0.156815 -0.465932   1.40548
 0.758443  0.158548 -0.465603   1.40505
 0.758865  0.155805 -0.466086   1.40558
 0.757518  0.157416 -0.465288   1.40326
 0.754231  0.159088 -0.459167   1.39511
 0.754432  0.153455 -0.459293   1.39459
 0.757901  0.158961 -0.465377   1.40401
 0.751751  0.156378 -0.455866   1.38865
 0.758468  0.158002 -0.466016   1.40518
 0.755615  0.156112 -0.462609   1.39851
0.934489 0.157344 0.225872  1.68364
0.929826 0.155575  0.22026  1.67659
0.931135 0.156304 0.226047  1.67787
0.933483 0.157302 0.221511   1.6822
0.931395 0.157262 0.208958  1.67998
0.924569 0.155057 0.219959  1.66785
 0.92571 0.175119  0.23471   1.6706
0.929087 0.156223 0.216525  1.67625
0.922959 0.153625 0.222402  1.66465
0.921168 0.153919 0.228525  1.65899
0.927752 0.157014 0.231191   1.6703
0.929453 0.156826 0.226552  1.67443
0.929701 0.156678 0.230289  1.67462
0.932879 0.157275 0.228348  1.68068
0.927367 0.161293 0.215439   1.6737
0.925948  0.18575 0.219481  1.66891
0.925606  0.16501  0.22291  1.66934
0.924705 0.160227 0.226307  1.66858
  0.75372  0.155079 -0.457987   1.39309
0.756647 0.155017 -0.46358  1.40063
0.931324 0.164125 0.207636  1.68035
0.937656 0.180619 0.162737  1.68674
0.932194 0.178248 0.189936  1.67896
0.928197 0.191234 0.206306  1.67244
0.928677 0.159232 0.214397  1.67608
0.931381 0.160339 0.203993  1.68024
0.931637 0.173353 0.204101  1.67972
0.927173 0.168894 0.216595  1.67278
0.933674 0.204857 0.174942  1.68274
 0.93415 0.198005 0.185625  1.68434
 0.755729  0.156727 -0.462472   1.39886
0.758497  0.15696 -0.46625  1.40513
 0.758053  0.157546 -0.466036   1.40425
 0.755704  0.152956 -0.460303   1.39733
 0.754498  0.154487 -0.459211   1.39498
 0.754683  0.157443 -0.461304   1.39648
 0.756789  0.157987 -0.464874   1.40167
0.756504 0.155627 -0.46348  1.40047
0.931686 0.157056 0.224186  1.67884
0.929417 0.157707 0.213046  1.67653
0.926831 0.155443 0.221928  1.67113
0.930567 0.156573 0.217662  1.67808
0.927361 0.171111 0.217048  1.67187
0.927774 0.156581 0.217062   1.6735
0.925089 0.163458 0.223252  1.66936
0.926537 0.158307  0.21935  1.67212
0.926948 0.182757 0.226887  1.67281
0.930084 0.167402  0.20848  1.67792
0.925517 0.155258  0.22663  1.66738
 0.92731 0.155646 0.225796  1.67154
0.928229 0.156143 0.220584   1.6743
0.926151 0.157527 0.218049  1.67162
 0.753531  0.155387 -0.457961   1.39281
 0.752934  0.156041 -0.459196    1.3923
0.929316 0.161474 0.209925  1.67697
0.927058  0.16506 0.221475  1.67294
0.929311 0.165038 0.214164  1.67713
0.929306 0.173181 0.214761  1.67655
  0.75803  0.156443 -0.465918   1.40415
 0.757266  0.156742 -0.465475   1.40265
