0.876086 0.331235 0.152266  1.58836
0.880568 0.315707 0.174149  1.59694
0.868047 0.332276  0.16596  1.57396
0.871493 0.322476 0.176694  1.58043
0.863168 0.332735 0.179962  1.56735
0.867138 0.324972 0.173089  1.57065
0.875087 0.319333 0.172345  1.58537
 0.87444 0.322451 0.161182  1.58301
 0.758985  0.154504 -0.455525   1.40236
 0.759076  0.154417 -0.455518   1.40253
 0.792592  0.132006 -0.400838   1.44116
 0.786875  0.132738 -0.407834   1.43238
 0.790062  0.135616 -0.407221   1.43955
0.787864 0.118721 -0.40764  1.43199
 0.783137  0.123616 -0.415614   1.42671
 0.786569  0.123198 -0.413114   1.43283
 0.799437  0.120993 -0.387542   1.44792
0.794988 0.112949 -0.39443  1.44012
 0.807386   0.10178 -0.368799   1.45458
 0.800476  0.115923 -0.391782   1.45146
  0.78832  0.127567 -0.411677   1.43664
0.791831 0.120231 -0.40581     1.44
 0.795331  0.128371 -0.402385   1.44736
 0.792161  0.123771 -0.403317   1.44008
    0.9601   0.113278 -0.0495318    1.72777
  0.959995   0.114802 -0.0435843    1.72743
    0.9592   0.117602 -0.0467137     1.7257
  0.959574   0.113465 -0.0450382    1.72625
  0.959909    0.11616 -0.0377578    1.72716
  0.959781   0.117266 -0.0322584    1.72681
  0.959074   0.120128 -0.0353782    1.72519
   0.95941   0.115673 -0.0342102    1.72571
  0.958043    0.12688 -0.0438655     1.7234
 0.958479  0.126382 -0.038156   1.72411
  0.959499   0.114468 -0.0397002    1.72597
  0.958885   0.118064 -0.0376783    1.72451
  0.959024   0.117834 -0.0419259    1.72501
  0.959225   0.118471 -0.0409023    1.72561
0.932951 0.150525 0.226607  1.67799
  0.76067  0.153599 -0.451461   1.40324
 0.759089  0.153567 -0.455786   1.40251
 0.759361  0.154729 -0.455313   1.40287
 0.759599   0.15485 -0.455228    1.4032
 0.759825  0.154763 -0.455119   1.40356
 0.760177  0.154336 -0.453717   1.40346
 0.763883  0.156444 -0.453315   1.41083
 0.762084  0.153788 -0.450219   1.40541
 0.761484  0.152903 -0.449383   1.40376
 0.762971  0.153295 -0.450438   1.40722
 0.765909   0.15459 -0.453882   1.41466
 0.768408  0.151533 -0.449517   1.41719
0.781476 0.139644 -0.42017  1.42826
 0.777136  0.140711 -0.428692   1.42348
 0.779919  0.143323 -0.428311   1.42977
 0.759034  0.154682 -0.455516    1.4025
 0.759014  0.154717 -0.455437    1.4024
 0.759476  0.155018 -0.454532    1.4026
 0.758917  0.154812 -0.455733   1.40237
 0.758896  0.154733 -0.455977   1.40243
 0.758898  0.154504 -0.456168   1.40248
 0.758762  0.154399 -0.456214   1.40218
 0.760196  0.153803 -0.451997   1.40256
0.758775 0.154038 -0.45628  1.40217
 0.759839  0.154472 -0.454066   1.40297
 0.759093  0.154153 -0.455491   1.40249
 0.75903 0.153386 -0.45593  1.40242
 0.759073  0.154081 -0.455649   1.40251
 0.801864  0.222468 -0.418954   1.48432
 0.800535  0.217924 -0.422879   1.48247
 0.805373   0.21826 -0.420677    1.4905
 0.802975   0.21951 -0.421832   1.48742
 0.798335  0.213013 -0.427513   1.47883
 0.794628  0.208038 -0.434605   1.47353
 0.801511   0.20611 -0.431111   1.48459
0.798934 0.208815 -0.43263  1.48177
 0.809937  0.213266 -0.419824   1.49766
 0.809285  0.204427 -0.425009   1.49675
  0.81938   0.20436 -0.409705   1.51018
0.812912 0.208316 -0.42359  1.50485
 0.801314  0.214715 -0.426267   1.48507
 0.805742  0.207857 -0.429291   1.49319
0.806841 0.215093 -0.42355  1.49434
  0.80433  0.212481 -0.424496   1.48877
 0.730803   0.15829 -0.454087   1.34396
 0.731724  0.156828 -0.453938   1.34546
 0.728946  0.158379 -0.451215   1.33786
 0.726694  0.159404 -0.449786   1.33182
 0.727298  0.156979 -0.450229   1.33284
 0.728327  0.157994 -0.450405   1.33528
 0.730072  0.153905 -0.452047   1.33976
 0.727882  0.154674 -0.450501   1.33375
 0.728641  0.152387 -0.450693   1.33497
 0.729522  0.153389 -0.450955   1.33715
 0.730032  0.157419 -0.451587   1.34011
 0.728826  0.155702 -0.450747   1.33605
 0.730461  0.155085 -0.452147    1.3409
 0.729341  0.156042 -0.451566   1.33836
 0.783129  0.145334 -0.419549   1.43263
  0.77765  0.150858 -0.427689   1.42611
 0.779728  0.150384 -0.417644    1.4252
 0.952809  0.127891 0.0537321   1.71306
  0.95227  0.137313 0.0587916   1.71201
 0.953025  0.136746 0.0524596    1.7131
 0.952701  0.137856 0.0568313   1.71322
 0.952578  0.143536 0.0466607   1.71072
 0.951661  0.149083 0.0554679   1.71038
 0.951428  0.150139 0.0635624   1.71035
 0.774878  0.151312 -0.432391   1.42265
 0.949189  0.158861 0.0757868   1.70428
 0.769875  0.154617 -0.443629   1.41816
   0.958758    0.121624 -0.00640946     1.72453
   0.958405    0.122514 -0.00118715     1.72378
   0.958117    0.124564 -0.00491767       1.723
   0.958332    0.120858 -0.00462219     1.72335
  0.958056   0.123849 0.00443458    1.72313
 0.957696  0.124946 0.0101739   1.72248
  0.957281   0.128949 0.00586124    1.72136
 0.957547  0.123425 0.0055474   1.72181
   0.957387    0.128593 -0.00336174     1.72103
   0.957168    0.127605 -0.00144291     1.72025
     0.95794     0.122151 -0.000135905      1.72257
    0.957161     0.126952 -0.000801967      1.72077
   0.957868    0.124272 -0.00381307     1.72226
    0.957795     0.125477 -0.000257193      1.72228
 0.766205   0.15688 -0.453758   1.41569
 0.760828  0.153215 -0.449883   1.40271
 0.764432  0.157555 -0.454022   1.41233
 0.758781  0.154701 -0.456067   1.40221
 0.760761  0.154177 -0.449915   1.40278
 0.758846  0.154894 -0.455868   1.40229
 0.759314  0.155177 -0.455448   1.40285
 0.759064  0.154699 -0.455174   1.40232
0.938929 0.170114  0.17912  1.69177
 0.927904  0.151703 -0.229192    1.6816
 0.928609  0.158363 -0.220307   1.68258
 0.925809  0.162087 -0.229091    1.6788
 0.927412  0.153491 -0.227033   1.68051
 0.923119   0.18755 -0.232563   1.67933
 0.925703  0.161945 -0.222779   1.67733
 0.926375  0.164615 -0.221591   1.67914
 0.943638  0.158126 0.0833529   1.69911
 0.947336  0.164796 0.0784559    1.7057
 0.946844  0.158719 0.0831694   1.70336
 0.945616  0.159411 0.0837399    1.7014
 0.950157  0.158422 0.0793078   1.70887
 0.951518  0.151996 0.0790008   1.71043
 0.948995  0.160279 0.0824098   1.70612
 0.948241  0.160657 0.0829661   1.70518
 0.948842   0.16155 0.0785464   1.70636
 0.949421  0.131661 0.0734734   1.70762
 0.948128  0.132592 0.0790591   1.70526
 0.949405  0.142172 0.0789455   1.70741
 0.948737   0.13239 0.0737785   1.70604
  0.94568  0.135741 0.0862189   1.70059
 0.942145  0.145018 0.0903245   1.69412
  0.94671  0.151967 0.0875477   1.70273
  0.94522  0.142295 0.0839095   1.70016
 0.949385  0.155594 0.0831096   1.70698
 0.948958  0.155902 0.0836173   1.70581
 0.947285  0.134604 0.0789867   1.70343
 0.947661  0.151196 0.0819547   1.70423
 0.948933  0.145078 0.0782403    1.7062
 0.948155  0.145302 0.0840869   1.70519
 0.951521  0.149051 0.0673003   1.71056
 0.951561  0.147896 0.0689075   1.71045
  0.95212  0.137691 0.0616422   1.71219
 0.952594  0.128774 0.0581005   1.71312
 0.951735  0.129675 0.0622645   1.71156
 0.952025  0.129051 0.0584483   1.71177
0.951075 0.139573 0.069962  1.71045
 0.951065  0.130704 0.0659925   1.71049
0.950302 0.131066 0.069128  1.70916
  0.95063  0.130988 0.0662342   1.70946
 0.951791  0.137989 0.0621169   1.71126
0.951266 0.130456 0.062203   1.7105
 0.951137  0.139756 0.0649007   1.71007
 0.951597  0.138059 0.0653152   1.71123
 0.954039  0.142328 0.0440988   1.71464
 0.95393  0.14087 0.045932  1.71407
 0.954856   0.13345 0.0395129   1.71691
 0.955523  0.126926 0.0364119   1.71843
 0.954945  0.126738 0.0415168    1.7173
 0.954957  0.126204 0.0376525   1.71697
 0.953623  0.136676 0.0513699   1.71472
 0.954327  0.127229 0.0473551   1.71621
 0.953499  0.127879 0.0530276   1.71474
 0.953618  0.127049 0.0482174   1.71447
  0.95452  0.133291 0.0404191   1.71593
 0.954313  0.126592 0.0422821   1.71573
 0.953607  0.135597 0.0439346   1.71406
 0.954383  0.133544 0.0443479   1.71595
 0.952904  0.155735 0.0506216   1.71198
 0.958811  0.108007 -0.079631   1.72584
  0.958039   0.115667 -0.0742597    1.72406
  0.957313   0.115089 -0.0854284    1.72317
  0.958018   0.114952 -0.0839942    1.72483
 0.956942  0.129436 -0.070014   1.72226
  0.954994   0.124459 -0.0944356     1.7191
  0.955651   0.124522 -0.0927605    1.72066
  0.956866   0.130916 -0.0797871    1.72321
 0.734965  0.270661 -0.390035   1.34611
 0.733289   0.26257 -0.396406   1.34322
0.742284 0.261407 -0.38964  1.35826
 0.738936  0.266185 -0.395018   1.35541
 0.732067  0.254604 -0.402181   1.34112
 0.731201  0.246959 -0.407301   1.33962
 0.739467  0.246503 -0.401085   1.35367
  0.73623  0.250272 -0.406274   1.35052
  0.74765  0.256436 -0.393816   1.37125
 0.748647  0.250796 -0.395591   1.37243
 0.737462  0.258101 -0.400978   1.35279
  0.74293  0.250301 -0.399406   1.36124
 0.745085  0.257682 -0.393833   1.36505
 0.740499  0.253645 -0.396041   1.35528
 0.940334  0.148419 -0.176038   1.69962
 0.942849  0.151106 -0.167826   1.70467
 0.942156  0.134415 -0.180302   1.70261
 0.942778  0.128649 -0.187621   1.70466
0.945419 0.125671 -0.17824  1.70884
 0.942746  0.131513 -0.180081   1.70344
 0.947102  0.130187 -0.160112   1.71033
  0.94824  0.122344 -0.167654    1.7133
 0.950512  0.118058 -0.156201   1.71626
 0.947972  0.125358 -0.157777   1.71124
 0.942878  0.139082 -0.171752   1.70341
 0.945279  0.128474 -0.169414   1.70716
 0.945525  0.136512 -0.160316   1.70742
  0.94456  0.132924 -0.171324   1.70653
 0.756523  0.226143 -0.424133   1.39807
 0.727079  0.183264 -0.442763   1.33363
 0.728956  0.181078 -0.443327    1.3381
0.729734 0.184383 -0.44152  1.33933
 0.727871  0.182559 -0.441993   1.33531
 0.731598  0.180209 -0.446862   1.34619
 0.733514  0.186473 -0.443332   1.34944
 0.730569  0.184221 -0.443859   1.34301
 0.730578  0.182317 -0.444215   1.34277
0.729663 0.167745 -0.45151   1.3421
 0.730366  0.166106 -0.451479   1.34316
 0.727758  0.168278 -0.448261    1.3357
 0.725437  0.169873 -0.447126   1.32984
 0.725635  0.167104 -0.447994   1.33018
 0.727016  0.168258 -0.448039   1.33329
 0.728139  0.163167 -0.449979   1.33643
 0.725914  0.164503 -0.448686   1.33061
  0.7262 0.161875 -0.44935  1.33105
 0.727456  0.163006 -0.449458   1.33394
 0.728852  0.167066 -0.448912   1.33807
0.727169 0.165612 -0.44878  1.33349
 0.728848  0.164432 -0.449934   1.33816
  0.72778  0.165605 -0.449064   1.33561
 0.733524  0.150081 -0.454869   1.34835
 0.734628  0.148762 -0.454621   1.35021
 0.731711  0.149752 -0.452373   1.34253
 0.729531  0.150276 -0.450686   1.33639
0.730461 0.148149 -0.45074  1.33794
 0.731191  0.149065 -0.451047   1.33982
 0.733473  0.145913 -0.452425   1.34545
 0.731415  0.146189 -0.450616   1.33947
 0.732482  0.144291 -0.450447   1.34122
 0.733047  0.145132 -0.450808   1.34277
 0.732792  0.149028 -0.452496   1.34469
 0.732035  0.147084 -0.450983   1.34115
 0.733596  0.146984 -0.452647   1.34608
 0.732446  0.147739 -0.452318   1.34359
 0.773728  0.153051 -0.441055   1.42477
0.936259 0.148876 0.167487  1.68883
   0.8968 0.0905564  0.142551    1.6056
0.936512 0.145346 0.200024  1.68546
0.929571 0.139223 0.196098  1.67837
0.928568 0.136026 0.194082  1.67274
0.931998 0.145363 0.217394   1.6774
0.933226 0.149832 0.231875  1.67946
0.932776 0.151367 0.229564  1.67776
0.889722 0.234915 0.256257  1.61192
0.893752 0.220944 0.262863  1.61971
0.884601 0.231245 0.263105  1.60336
0.886905 0.223205 0.266485  1.60789
0.880929 0.226451 0.269213  1.59818
0.884076 0.225407 0.265437  1.60169
0.889548 0.223967 0.263834  1.61136
0.888659 0.227847 0.259095   1.6089
0.932633 0.149656 0.229928  1.67751
 0.93316 0.134149 0.232004  1.67959
0.934632 0.106693 0.215362   1.6808
   0.920388 -0.00613314    0.277218     1.66862
 0.928369 0.0243437  0.265339   1.67893
   0.937359 -0.00263146    0.240168     1.69459
 0.928409 0.0090263  0.246401   1.67444
 0.932034 0.0499277     0.256   1.68384
0.932828 0.062067 0.239069  1.68083
 0.938577 0.0577751  0.234345   1.69369
 0.933907 0.0590989  0.237732   1.68322
0.945469 0.022346 0.208254  1.70475
  0.94232 0.0450196  0.211857   1.69715
 0.948809 0.0469032  0.189576   1.70903
 0.946216 0.0361281  0.191691   1.70265
0.932309 0.037203 0.239756  1.68012
 0.939581 0.0439347   0.21393   1.69085
 0.940419 0.0159042  0.212043   1.69306
 0.937878 0.0300331  0.235589   1.69238
0.942781 0.179703 0.174334  1.69677
0.944264 0.167116  0.17647  1.70695
0.931054 0.144761  0.19799  1.68255
0.945456 0.192898 0.212417  1.70153
0.943682 0.197408 0.220985  1.69867
0.941505 0.202203 0.230901   1.6953
0.939874 0.195528 0.233374  1.69231
0.932208 0.145819 0.216857  1.67739
0.935144 0.200875 0.246582  1.68367
0.928943 0.135034 0.196361  1.67319
0.930848 0.127986 0.166242  1.67846
  0.854378 0.00142184  0.0940722    1.55204
0.923148 0.147171 0.158618  1.65975
0.930422 0.123333 0.235679  1.67538
0.931044 0.149749 0.229985  1.67355
0.931379   0.1313 0.241064  1.67786
 0.93228 0.141296 0.238307  1.67855
 0.93299 0.147826 0.235814   1.6796
0.942761 0.190392 0.222488  1.69806
0.933858 0.152082 0.225696  1.68125
0.944661 0.185695 0.212993  1.70239
0.938022 0.152793 0.203749  1.69056
0.942264  0.16453 0.184168  1.70058
 0.782648   0.11909 -0.419968   1.42719
0.781822 0.112472 -0.41759  1.42296
 0.787033   0.11445 -0.412079   1.43179
   0.7843  0.115171 -0.413862   1.42685
 0.779598   0.10611 -0.418108   1.41726
 0.774397  0.102631 -0.419813   1.40607
 0.780787 0.0993145 -0.412316   1.41563
   0.7795  0.103132 -0.416279   1.41535
  0.79329  0.107175 -0.401711   1.43907
 0.789109 0.0961245 -0.401695   1.42814
 0.800121 0.0934026 -0.385282   1.44446
 0.795517   0.10022 -0.392496   1.43839
 0.782838  0.108923 -0.413755   1.42244
 0.786607  0.100962 -0.406841   1.42579
 0.788942  0.109353 -0.404741   1.43131
  0.78606   0.10518 -0.410688   1.42739
 0.774714  0.144441 -0.441038   1.42536
 0.763846  0.159404 -0.452685   1.41091
 0.753031  0.124266 -0.446144   1.37907
 0.755133  0.122569 -0.445542   1.38288
 0.750666  0.122283 -0.445474   1.37303
 0.747938  0.121778 -0.443851   1.36574
 0.749903  0.119679 -0.442652   1.36886
 0.750108  0.120841 -0.443526   1.36999
 0.755008  0.118464 -0.442525   1.37989
 0.751955  0.117599 -0.441143     1.372
 0.754359   0.11539 -0.439197   1.37564
 0.754465  0.116817 -0.440453    1.3768
  0.75202  0.122207 -0.444799   1.37548
 0.752115  0.118858 -0.442175   1.37314
 0.754333  0.120163 -0.443332   1.37922
 0.752637   0.12031 -0.444011     1.376
 0.768976    0.1589 -0.443993   1.41736
 0.739112   0.21103 -0.429885    1.3597
 0.744131  0.220449 -0.422469   1.36858
 0.734528  0.213564 -0.425476   1.34746
 0.736884   0.21854 -0.421616   1.35142
 0.73136 0.218493 -0.42576  1.34168
 0.733135  0.215949 -0.423021   1.34369
 0.738316  0.217454 -0.424529   1.35662
  0.73751  0.214623 -0.425507    1.3547
0.828719 0.226232 -0.39865   1.5303
 0.833391  0.224687 -0.393362   1.53765
  0.82797  0.228684 -0.394633   1.52865
  0.82935  0.226284 -0.395309   1.53009
 0.838358  0.223122 -0.387711   1.54559
  0.84364  0.220992 -0.381497   1.55392
 0.837664  0.226232 -0.383276    1.5441
 0.839111  0.223217 -0.383776   1.54546
 0.827484  0.232726 -0.388421   1.52696
 0.831963  0.234721 -0.384207   1.53552
 0.834009  0.224792 -0.389858   1.53738
0.834763 0.228862 -0.38449   1.5389
  0.82956  0.230093 -0.390845   1.53081
 0.832701  0.227272 -0.389246   1.53604
 0.745315  0.132018 -0.451445   1.36732
 0.742421  0.135668 -0.452087   1.36223
 0.743691  0.130777 -0.449438   1.36213
 0.742009  0.132829 -0.449872   1.35918
0.742117 0.130304 -0.44781  1.35724
  0.74245  0.131338 -0.449375   1.35953
 0.742549  0.134025 -0.451107   1.36157
 0.744474  0.132369 -0.450777    1.3651
 0.844373  0.221156 -0.377212   1.55365
 0.845787  0.226188 -0.370478   1.55641
 0.839333  0.227973 -0.378838   1.54632
0.842991 0.224327 -0.37676  1.55237
 0.847207  0.234083 -0.362252    1.5595
 0.834273  0.235443 -0.378366   1.53829
 0.837082  0.231403 -0.376968   1.54233
  0.84331   0.23419 -0.371019   1.55443
 0.871041  0.228688 -0.329355   1.59891
 0.856648  0.230594 -0.349626   1.57474
 0.869066  0.216527 -0.337916   1.59306
0.861878 0.219923 -0.34889  1.58207
 0.867046  0.209633 -0.347004   1.58912
 0.865557  0.213761 -0.346381   1.58764
0.859648 0.224794 -0.34812    1.579
 0.866242  0.228509 -0.340938   1.59221
 0.894911  0.184108 -0.307378   1.63279
0.900562 0.179695 -0.29779  1.64188
 0.895455  0.188746 -0.298311   1.63267
 0.896228    0.1856 -0.301001   1.63399
0.906074 0.174156 -0.28719  1.65029
 0.910712  0.168267 -0.277005    1.6569
 0.906756  0.177913 -0.276649   1.65001
0.907285 0.175598 -0.27972  1.65105
 0.893671  0.205834 -0.295273   1.63267
 0.900271  0.207156 -0.286212   1.64561
 0.901928  0.181172 -0.290106   1.64284
 0.904865  0.188377 -0.277656   1.64808
 0.89772   0.1929 -0.29058  1.63635
  0.90096  0.185376 -0.288579   1.64165
 0.912316    0.1882 -0.257319   1.66029
 0.918034  0.189968 -0.247342   1.67158
 0.914758  0.169373 -0.259283    1.6619
 0.914973  0.163807 -0.267587   1.66333
 0.919654  0.159758 -0.257456   1.67083
 0.915643  0.165933 -0.260441    1.6632
 0.924046  0.158694 -0.235995   1.67569
0.923988 0.154658 -0.24635  1.67723
 0.927535  0.149442 -0.236061   1.68212
 0.924574  0.156693 -0.238397   1.67682
0.916428  0.17421 -0.25039   1.6643
 0.920342   0.16192 -0.248891   1.67043
 0.922419  0.169845 -0.236657   1.67408
 0.919347  0.166378 -0.248749   1.66929
 0.928093  0.169405 -0.216568   1.68296
 0.932601  0.171657 -0.206712   1.69204
 0.930338  0.151167 -0.218641   1.68506
 0.930834  0.145415 -0.226714   1.68703
0.934425 0.141688 -0.21678  1.69273
0.931124 0.148014 -0.21926   1.6863
 0.937519  0.140132 -0.195591   1.69531
 0.937616  0.136829 -0.206094   1.69724
 0.940303  0.132196 -0.196496   1.70098
 0.937878  0.139131 -0.198319   1.69647
 0.931568  0.156289 -0.209376   1.68672
 0.934757  0.144265 -0.208007   1.69185
 0.936323  0.152057 -0.195753   1.69445
 0.933902  0.148356 -0.208255   1.69074
 0.733928  0.193736 -0.440105   1.35028
  0.73793  0.201453 -0.434897   1.35747
 0.730633  0.195443 -0.436311   1.34089
 0.732342  0.199524 -0.433561   1.34377
 0.728295  0.198917 -0.436183   1.33611
 0.729504  0.197345 -0.434475   1.33785
 0.733439  0.198699 -0.436167   1.34803
 0.732726  0.196463 -0.436832   1.34637
 0.735193  0.242787 -0.411065    1.3486
0.739527 0.236045 -0.41012  1.35562
 0.742406  0.242604 -0.404829   1.36057
 0.737617  0.239019 -0.406898   1.35059
 0.745414  0.232607 -0.414318   1.37035
  0.75144  0.244746 -0.404011   1.38091
 0.744188  0.241216 -0.406964   1.36603
 0.743642   0.23692 -0.408798   1.36455
  0.95314  0.117641 -0.115033   1.71617
 0.953688  0.119577 -0.113833    1.7176
0.952134   0.1162   -0.132  1.71597
 0.952407  0.113886 -0.145286   1.71857
 0.954097  0.110628 -0.135294   1.72084
0.952405 0.117632 -0.13705  1.71772
 0.955223  0.109468 -0.114759   1.72062
 0.955279  0.107532 -0.126218   1.72213
 0.956175  0.105429 -0.118095   1.72308
 0.955459  0.111225 -0.120454   1.72222
0.953065 0.120892 -0.12509  1.71787
 0.954124  0.114634 -0.128208   1.72034
 0.954738  0.118719 -0.117071   1.72074
 0.953932  0.113534 -0.123618   1.71898
 0.849804  0.233053 -0.337521    1.5562
 0.862155  0.238992 -0.323505   1.58058
 0.951731 0.0457319  0.152095   1.70915
 0.955324 0.0699844   0.14208   1.71775
 0.956732 0.0411261  0.141637   1.72036
 0.955111 0.0433605  0.143211   1.71626
 0.955455 0.0901605 0.0884561   1.71417
 0.955335 0.0834412  0.119708   1.71602
 0.961026 0.0306583 0.0976213   1.72627
 0.961214 0.0678796 0.0720888   1.72604
 0.963372 0.0410178 0.0415756   1.73098
 0.962323 0.0231173 0.0663165   1.72752
 0.956255 0.0599923  0.116536   1.71649
  0.95939 0.0591788 0.0865088   1.72186
 0.958985 0.0285285  0.105048    1.7215
 0.958445 0.0642866  0.106731   1.72125
  0.89127  0.190241 -0.310425    1.6267
  0.89327  0.195942 -0.300581   1.63006
 0.888952  0.201233 -0.308529   1.62426
 0.890957  0.192208 -0.306079   1.62568
 0.887631  0.222715 -0.308479    1.6282
  0.89016  0.201614 -0.300306   1.62512
 0.891218  0.202243 -0.299512   1.62749
 0.957298  0.108254 -0.113075   1.72557
 0.958211  0.107746 -0.103545   1.72667
 0.956097  0.113234 -0.109959   1.72265
 0.956816  0.106454 -0.106395   1.72336
 0.959081  0.108023 -0.094704   1.72794
  0.959613   0.107901 -0.0861262    1.72843
  0.957527   0.114536 -0.0923519    1.72435
  0.958314   0.107674 -0.0879313     1.7253
0.954452   0.1242 -0.10798  1.71937
  0.955319   0.125343 -0.0997778    1.72068
  0.957557   0.107025 -0.0973499    1.72428
  0.956675   0.112803 -0.0948944    1.72226
  0.95611  0.112576 -0.102603   1.72169
 0.956878  0.112982 -0.101124    1.7235
0.932036 0.141526 0.222273  1.67541
0.949765 0.131574 0.069377  1.70791
 0.949611  0.142418 0.0734412   1.70747
 0.950742   0.14023 0.0701505   1.70949
 0.950182  0.140246 0.0735251   1.70894
 0.951281  0.148655 0.0690026   1.70963
 0.950331  0.152483 0.0701538    1.7073
 0.950751  0.149544 0.0725051   1.70967
 0.949555  0.155992 0.0777048   1.70704
  0.95023  0.147481 0.0768011   1.70828
0.831527 0.418143 0.029511  1.51623
  0.841801   0.402724 0.00535704    1.53031
 0.847635  0.397282 0.0358288   1.54126
 0.839279  0.396562 0.0237796   1.52164
  0.855802   0.384867 -0.0127014    1.55412
 0.863005  0.382574 0.0415938   1.56916
 0.853843  0.383737 0.0329766   1.54836
  0.854635   0.381527 0.00518913    1.54934
0.933086 0.142918 0.232112  1.67884
 0.930621 0.0894929  0.242708   1.67732
0.929418 0.106606 0.232976  1.67266
0.928351 0.101324 0.249659  1.67434
0.940603 0.102934 0.184694  1.69051
0.938572 0.103303 0.189846  1.68597
 0.916669 0.0975851   0.27963   1.65703
 0.921407 0.0876889  0.269648    1.6643
 0.915633 0.0845309  0.288472   1.65771
0.918255  0.08529 0.277434  1.65906
 0.925224 0.0787428  0.259483   1.66942
 0.930199 0.0729409    0.2412   1.67583
 0.927303 0.0621978  0.259858   1.67423
  0.92799 0.0652349  0.255698   1.67415
 0.913737 0.0627166  0.290492   1.65481
 0.92207 0.046397 0.270836  1.66638
 0.911222 0.0284876  0.285642   1.65018
 0.917789 0.0383552  0.285846   1.66147
 0.923418 0.0739262  0.268185    1.6674
  0.92485 0.0541826  0.273246   1.67224
 0.917945 0.0677357  0.285779   1.66091
 0.921367 0.0714669  0.276623   1.66615
0.870994 0.293738 0.219618  1.58052
0.875134 0.296011 0.208678  1.58626
0.877623 0.286704 0.216554  1.59104
 0.87433 0.288965 0.213751  1.58354
0.881634 0.297473 0.197595  1.59753
0.885075 0.282107 0.214543  1.60458
0.880728 0.285054 0.213135  1.59531
0.880364 0.289208 0.203821  1.59371
0.930532 0.148602 0.229527  1.67186
 0.92903 0.115356 0.245848  1.67393
0.893132 0.110317  0.29061  1.61483
0.900992 0.106473 0.296523  1.63139
 0.893627 0.0910072  0.295951   1.61579
0.896808 0.105052 0.296186  1.62474
0.908032 0.102053 0.293952  1.64359
 0.914314 0.0981519  0.281992   1.65233
 0.912009 0.0851528  0.292097   1.65054
 0.911341 0.0992637  0.293715    1.6509
   0.8975 0.0635115  0.298351   1.62346
 0.908912 0.0632283   0.29553   1.64541
 0.906367 0.0291988  0.293154   1.64094
 0.903034 0.0584739  0.299032    1.6366
0.904313 0.101468 0.299472  1.63944
 0.907849 0.0829757  0.298358   1.64544
 0.898603 0.0848192  0.300873   1.62866
 0.903624 0.0869514  0.298011   1.63595
 0.922316 0.0944217   0.27063    1.6661
0.919916  0.09697 0.270976  1.66073
 0.924693 0.0975443  0.255356    1.6667
 0.929556 0.0852169  0.253375   1.67754
0.926367 0.081952 0.258092  1.67087
 0.924856 0.0964079  0.262397   1.66978
0.779055 0.115055 -0.42043  1.41883
 0.776268  0.121263 -0.426626    1.4173
 0.778827  0.118308 -0.421587   1.41963
 0.770698   0.11662 -0.430837    1.4067
 0.769818  0.122847 -0.436208   1.40903
 0.771248  0.119488 -0.430916   1.40855
 0.777166  0.109914 -0.421004   1.41405
0.772368 0.111292 -0.42665  1.40693
 0.773747  0.105551 -0.422876   1.40668
  0.77409  0.107909 -0.424194   1.40882
 0.774815  0.118296 -0.428821   1.41489
 0.772197  0.113513 -0.428068    1.4079
 0.776676  0.112715 -0.423035   1.41472
 0.774989   0.11531 -0.425367   1.41273
 0.770805  0.149631 -0.448837   1.42168
 0.814652   0.22654 -0.414076   1.50729
 0.817378   0.22712 -0.411218   1.51196
0.812977  0.22804  -0.4124  1.50442
 0.814452  0.226805 -0.412531   1.50614
 0.820589  0.227387 -0.407667   1.51726
 0.824366  0.227102 -0.403479   1.52334
 0.818908  0.229549 -0.405079   1.51422
 0.820616  0.227536 -0.405231   1.51614
 0.810049  0.230597 -0.407639   1.49793
 0.813232  0.232431 -0.404028   1.50362
 0.817196  0.227321 -0.409207    1.5106
 0.816287   0.23003 -0.406206   1.50916
 0.813178  0.228904 -0.410211   1.50411
 0.815695  0.228793 -0.409138   1.50893
 0.812789  0.225541 -0.415998   1.50393
 0.810533  0.224885 -0.417048   1.50041
  0.81227   0.22389 -0.416924   1.50288
 0.811653   0.22436 -0.416466   1.50143
 0.808076  0.223703 -0.417197   1.49567
 0.804444  0.224757 -0.417968   1.49001
 0.807284  0.220821 -0.420059   1.49492
 0.806901  0.223013 -0.417721   1.49347
 0.813076  0.221069 -0.416456   1.50371
   0.8111  0.217674 -0.419708   1.50122
0.816328 0.216021  -0.4126  1.50763
 0.813539   0.21666 -0.415769   1.50328
 0.809513  0.223343 -0.417327   1.49802
 0.809462  0.219653 -0.418444   1.49756
 0.811721  0.221669 -0.416972   1.50118
  0.81028   0.22212 -0.418318   1.49984
0.932709 0.145525 0.228583  1.67739
  0.965149 -0.0290838  0.0269874    1.73778
  0.958868 -0.0694004  0.0939193    1.72834
  0.960149 -0.0172278  0.0945331     1.7251
  0.960602 -0.0188128  0.0906959    1.72851
 0.941571 -0.071266   0.18262   1.69968
    0.9179 -0.0300765   0.249276    1.65614
  0.940311 -0.0244428   0.201394    1.69306
  0.934451 -0.0474358   0.242001     1.6952
  0.955442 0.00893596   0.141885    1.71701
 0.948728 0.0033776  0.168361   1.70439
 0.950688 0.0289048  0.152601   1.70622
  0.95151 0.0179383  0.166223    1.7109
  0.950067 -0.0514688   0.171796    1.71714
  0.947094 -0.0160709    0.19556    1.70813
    0.956175 -0.000395103     0.148947      1.72136
  0.952221 -0.0334028   0.151918    1.71354
0.886462 0.192212 0.283726  1.60805
 0.89021 0.198731 0.279971  1.61359
0.893222 0.190431 0.281447   1.6195
0.889915 0.192828 0.281295  1.61243
0.895105 0.203537 0.273133  1.62128
0.900979 0.187666 0.275216  1.63205
0.895647 0.191223 0.278221  1.62181
0.894296 0.195457 0.274797  1.61852
 0.89421 0.122601 0.286068  1.61721
0.895237 0.130489 0.284473  1.61989
0.899778 0.131268 0.291177  1.62966
0.896703 0.128874  0.28563  1.62352
0.894748 0.138364  0.28524  1.61977
0.893253 0.146868 0.286581  1.61763
0.898491 0.148105 0.289155  1.62773
0.895165   0.1457 0.286073  1.62183
0.903778 0.137007 0.289368  1.63621
0.903314  0.14479 0.286146  1.63485
0.908535 0.136722 0.281578  1.64279
  0.9046  0.14023 0.289107   1.6381
 0.89633 0.137278 0.285039   1.6233
0.900219  0.14582 0.290238  1.63169
0.900989  0.13718 0.291401  1.63307
0.899383  0.13987 0.289762  1.62926
 0.759135  0.154472 -0.455144    1.4024
 0.759245  0.154437 -0.455028   1.40255
 0.759498  0.154687 -0.455236   1.40308
 0.759006   0.15345 -0.456192   1.40251
 0.758975  0.153616 -0.456296   1.40252
 0.759033  0.153414 -0.456046   1.40249
 0.758915  0.154205 -0.456299   1.40252
 0.758959  0.153353 -0.456074   1.40233
 0.766594  0.156532 -0.450652   1.41495
 0.758887  0.153466 -0.456195   1.40226
 0.745708   0.13072 -0.450596   1.36738
 0.74726 0.129328 -0.45021  1.37016
0.743955 0.129559 -0.44908  1.36225
 0.741928  0.129351 -0.447222   1.35633
 0.743236  0.127494 -0.446696   1.35846
 0.743532  0.128441 -0.447252   1.35957
 0.746815  0.126057 -0.447715   1.36685
 0.744598  0.125684 -0.445943   1.36057
 0.746147  0.123753 -0.445027   1.36298
 0.746383   0.12484 -0.445763   1.36409
 0.744972  0.129254 -0.448797   1.36415
 0.744843  0.126688 -0.446595   1.36164
 0.746469  0.127375 -0.448179   1.36664
0.745228  0.12778 -0.44833  1.36414
 0.758943  0.153883 -0.456336   1.40253
 0.760362   0.15344 -0.453504   1.40355
 0.763932  0.155178 -0.453297   1.41065
 0.765183  0.154372 -0.454312   1.41353
 0.767709  0.153306 -0.454283   1.41838
 0.767577  0.121586 -0.437622   1.40482
0.763771 0.117586 -0.43669   1.3953
 0.767955  0.115685 -0.432473   1.40158
0.766703 0.118376 -0.43461  1.40053
  0.76131  0.114489 -0.437013    1.3895
 0.757327  0.113122 -0.436622   1.38013
 0.760776  0.110759 -0.433625   1.38545
 0.760658  0.112443 -0.435348   1.38641
  0.76931  0.110177 -0.429001   1.40147
 0.764599  0.108368 -0.429895    1.3912
 0.769136  0.105669 -0.425389    1.3981
 0.768773  0.108006 -0.427902   1.39901
 0.763501  0.115275 -0.435181   1.39326
 0.764357  0.110325 -0.432019   1.39214
 0.767769  0.113329 -0.431228   1.39987
 0.764977  0.112436 -0.433298   1.39491
   0.7586   0.15349 -0.455883   1.40147
 0.761697  0.151234 -0.449369   1.40388
 0.772166  0.146924 -0.441776   1.42059
 0.776433  0.124221 -0.426047   1.41785
 0.774395   0.13221 -0.432563   1.41826
 0.770008  0.124937 -0.434852   1.40893
 0.774822  0.128546 -0.432376   1.41851
 0.764172  0.129622 -0.444327   1.40243
 0.778449  0.136246 -0.430871   1.42678
 0.781197  0.127416 -0.424089   1.42764
 0.784538  0.136825 -0.420617   1.43468
 0.780684  0.131438 -0.421559   1.42584
0.766047 0.150558 -0.45497  1.41471
 0.758943    0.1548 -0.455539   1.40234
 0.758897  0.154906 -0.455646    1.4023
 0.760127  0.154543 -0.452028   1.40259
 0.759505  0.155165 -0.455267    1.4031
 0.762694  0.156838 -0.453014   1.40839
 0.760674  0.155729 -0.450703   1.40319
 0.760042  0.153676 -0.453762   1.40306
  0.73764  0.152638 -0.459415    1.3606
 0.758823  0.153708 -0.456269    1.4022
 0.765886  0.159158 -0.450915   1.41417
0.759778 0.154345 -0.45513  1.40338
 0.761978  0.154829 -0.450264   1.40543
   0.7595  0.154387 -0.455227   1.40301
 0.759367  0.161589 -0.440323   1.39657
 0.759233  0.154127 -0.455011   1.40245
 0.758635  0.154076 -0.456188   1.40179
0.759196 0.154114 -0.45525  1.40256
 0.760004  0.154189 -0.455111   1.40378
 0.759083  0.153496 -0.455294   1.40221
 0.759052  0.153514 -0.455885   1.40247
  0.75888  0.153236 -0.455531   1.40185
 0.759054  0.153731 -0.455745   1.40245
 0.759114  0.153768 -0.455219   1.40229
 0.759124  0.153838 -0.455699    1.4026
 0.788885  0.141667 -0.408094   1.43853
 0.794771  0.140782 -0.400038   1.44716
 0.789533  0.150209 -0.402036   1.43846
0.790652  0.14239 -0.40184  1.43929
 0.803772  0.137507 -0.385867   1.45976
 0.819474  0.139524 -0.364941   1.48682
 0.801423  0.154831 -0.379753   1.45578
 0.805594  0.141741 -0.375782   1.46088
 0.788467  0.156839 -0.397027   1.43518
 0.792513  0.161982 -0.389878   1.44214
 0.786048  0.167811 -0.398244   1.43301
 0.788855  0.160567 -0.394941   1.43632
  0.79655  0.140196 -0.389697   1.44603
  0.79587  0.153708 -0.386555   1.44648
0.790399 0.150399 -0.39525  1.43719
 0.795214  0.149937 -0.390808   1.44553
 0.785808  0.145035 -0.406885   1.43179
 0.785779   0.14939 -0.407567   1.43294
  0.78418   0.15707 -0.399464   1.42707
  0.78239  0.163854 -0.403666   1.42691
 0.780125  0.154123 -0.416235   1.42617
 0.782526  0.156642 -0.407959   1.42755
 0.737429   0.14282 -0.454192   1.35457
 0.738678  0.141287 -0.453822   1.35664
 0.735623  0.142321 -0.452047     1.349
 0.733554  0.142529 -0.450135   1.34292
0.734682  0.14073 -0.44994  1.34482
  0.73519  0.141483 -0.450298   1.34623
0.737492 0.138766 -0.45162  1.35192
 0.735678  0.139093 -0.449682   1.34644
  0.73662  0.137442 -0.449454   1.34796
 0.737116  0.138142 -0.449785   1.34932
 0.736687  0.141724 -0.452034   1.35109
 0.736146  0.139801 -0.450049   1.34776
 0.737667  0.139704 -0.451941   1.35269
 0.736507  0.140503 -0.451702   1.35025
 0.731526  0.159606 -0.454353   1.34595
  0.73134  0.164386 -0.452768   1.34557
  0.72941  0.159584 -0.451266   1.33912
 0.729169  0.162129 -0.450443    1.3386
0.727765 0.160492 -0.44998  1.33437
 0.728288  0.160645 -0.450488   1.33647
 0.729831   0.16254 -0.452581   1.34186
 0.730583  0.160999 -0.452584   1.34307
 0.763819  0.161216 -0.447945   1.40908
 0.76921 0.155493 -0.44917  1.41951
0.760873 0.152336 -0.45119   1.4033
 0.749731  0.132128 -0.451777   1.37706
 0.753603  0.129302 -0.450817   1.38415
 0.758619  0.154479 -0.456251   1.40186
0.763206 0.151308 -0.45157  1.40786
 0.75865 0.154803 -0.45617  1.40195
 0.765915  0.159236 -0.447133   1.41261
 0.761149  0.155043 -0.450518   1.40394
 0.758736  0.155016 -0.455997   1.40209
 0.760168  0.154294 -0.450639   1.40195
 0.759711  0.154608 -0.452692   1.40209
 0.759165   0.15506 -0.453467   1.40147
0.758503 0.154666 -0.45616  1.40159
0.759762 0.154983  -0.4541  1.40294
 0.758972  0.155039 -0.455622    1.4024
 0.759263  0.154967 -0.455354   1.40275
0.759846  0.15496 -0.45077   1.4015
  0.75913   0.15498 -0.455427   1.40257
 0.759077  0.155296 -0.455022   1.40213
 0.758965   0.15482 -0.455473   1.40234
 0.758993  0.155084 -0.455488   1.40234
 0.940612  0.159168 0.0773368   1.69199
 0.945688  0.163506 0.0413453   1.70332
 0.947309  0.162408 0.0656411    1.7046
 0.944592   0.17245 0.0673972   1.70323
    0.956804     0.136766 -0.000183724      1.72606
  0.965329   0.080642 -0.0179363    1.74096
 0.958095  0.126389 0.0290134   1.72373
 0.957725  0.107013 0.0242684   1.72384
 0.951366  0.152143 0.0643826   1.71031
  0.95467  0.138855 0.0534016   1.71586
  0.95267  0.150404 0.0719172   1.71253
 0.952653  0.145923 0.0685566   1.71259
  0.94954  0.159933 0.0395242   1.71219
 0.954103  0.138214 0.0506759   1.71596
 0.949801  0.160529 0.0643491   1.70989
 0.951901   0.15132 0.0411746   1.71276
  0.86603   0.36731 0.0862115   1.57185
0.874563 0.350195 0.117452  1.58769
0.856578 0.372425 0.103617  1.55498
0.862367  0.36086 0.119917  1.56537
0.851093 0.375904 0.122105  1.54771
0.855892 0.363737 0.114749  1.55108
0.866232 0.355716 0.114693  1.57045
 0.864663   0.35802 0.0992593    1.5661
  0.807643   0.428578 -0.0975304    1.47606
 0.816684  0.407512 -0.117016   1.48708
  0.829166   0.406116 -0.0882749     1.5101
  0.815731   0.406605 -0.0985338    1.48156
 0.830276  0.385602 -0.134269    1.5106
  0.852134   0.382414 -0.0833537      1.551
  0.833635    0.39288 -0.0934845    1.51479
 0.827846  0.385933 -0.111241   1.50104
  0.870326   0.346635 -0.0769369    1.57638
 0.955439  0.126297 0.0325667   1.71786
 0.954877  0.133104 0.0366371   1.71658
 0.955294  0.132996 0.0296032   1.71717
 0.955197  0.134211 0.0341281   1.71758
 0.954521  0.137689 0.0225358   1.71431
 0.953907  0.143289 0.0313273   1.71419
 0.953859  0.143942 0.0398694   1.71436
  0.951532   0.135011 -0.0992101    1.71216
  0.953702   0.149623 -0.0769666    1.71719
 0.955776  0.137013 0.0200846   1.71781
 0.955701   0.13552 0.0219645   1.71732
 0.956643  0.130156 0.0173471   1.72017
 0.957289  0.125415 0.0156344   1.72168
 0.956811  0.125702 0.0207172   1.72068
 0.956832  0.124817 0.0167819   1.72047
  0.95575    0.1333 0.0283324   1.71846
  0.95643  0.126539 0.0260562   1.72004
 0.956004  0.126958 0.0313472   1.71932
 0.955897  0.126206 0.0269173   1.71869
 0.956381  0.130062 0.0180419   1.71939
 0.956341  0.125739 0.0212076   1.71952
 0.955642  0.132237 0.0212929   1.71783
 0.956285  0.130452 0.0218402   1.71937
 0.957193  0.124249 0.0115778   1.72114
  0.95662  0.129531 0.0142585   1.71984
  0.956867   0.128614 0.00726785    1.72017
  0.95688  0.130451 0.0119523   1.72069
  0.955896   0.130974 -0.0014902     1.7172
  0.955513   0.137784 0.00800982    1.71731
 0.955569  0.138538 0.0159688   1.71754
   0.958606    0.119655 -0.00969878     1.72387
   0.958078    0.123159 -0.00758914     1.72263
 0.958293  0.120801 -0.013958   1.72286
  0.958315   0.123806 -0.0103509     1.7234
  0.957865   0.129271 -0.0143019    1.72192
  0.957268   0.125728 -0.0149042    1.72059
   0.957251     0.12907 -0.00778198     1.72084
0.950595  0.15588 0.053497  1.70614
0.957868 0.132378 -0.02108  1.72276
  0.958326   0.130736 -0.0165896    1.72349
 0.958905   0.12169 -0.024417   1.72473
  0.959647   0.118118 -0.0269527    1.72647
  0.959532   0.118347 -0.0217872    1.72612
  0.959221   0.117298 -0.0236012     1.7252
  0.958644   0.120962 -0.0154153    1.72384
 0.959311  0.118769 -0.016721   1.72556
   0.95906   0.120295 -0.0115954    1.72511
  0.958872   0.118176 -0.0148785    1.72436
  0.958759   0.120815 -0.0205063    1.72409
  0.959118   0.117391 -0.0190306     1.7249
  0.958655   0.120078 -0.0171275    1.72369
  0.958881   0.121007 -0.0195315    1.72449
  0.959293   0.116748 -0.0288511    1.72542
   0.95872   0.121434 -0.0253313    1.72415
  0.958785   0.120077 -0.0317317    1.72427
  0.958916   0.121528 -0.0301062    1.72486
  0.957795   0.125144 -0.0353039    1.72195
  0.957503   0.127075 -0.0336716    1.72164
  0.957519   0.131664 -0.0269826    1.72201
  0.959619   0.112138 -0.0507558    1.72645
  0.958968   0.117694 -0.0471678    1.72507
  0.958886   0.115539 -0.0534724    1.72484
  0.959142   0.116019 -0.0528737    1.72565
   0.95789   0.127618 -0.0551871    1.72328
  0.957764   0.117478 -0.0541886    1.72211
  0.957744   0.124006 -0.0497281    1.72262
 0.952613  0.151741 0.0285761   1.70996
  0.957226   0.122657 -0.0709469    1.72221
  0.957882   0.127492 -0.0630521    1.72384
  0.958603   0.114632 -0.0740017    1.72535
  0.960089   0.108377 -0.0778179    1.72896
  0.960342    0.10851 -0.0697322    1.72899
  0.959299   0.108832 -0.0708372    1.72645
 0.959049  0.113767 -0.058751   1.72539
  0.960336   0.109507 -0.0623072     1.7286
   0.96025   0.111411 -0.0556565    1.72823
  0.959628   0.110348 -0.0569309    1.72657
  0.958474   0.116111 -0.0667008    1.72459
  0.959558   0.109253 -0.0634315    1.72665
  0.958858   0.116174 -0.0582782    1.72507
  0.958899   0.114643 -0.0664243     1.7256
 0.948251  0.188385 0.0150811   1.70375
 0.952252  0.150167 -0.124681   1.72053
 0.944443  0.150603 -0.155716   1.70632
 0.951404  0.131438 -0.133151   1.71658
 0.947807  0.134757 -0.149835   1.71096
 0.950325  0.121382 -0.146986   1.71465
  0.94948  0.125019 -0.147962    1.7133
 0.946284  0.139878 -0.153473   1.70878
 0.949391  0.148618 -0.144439   1.71627
 0.946142  0.171579 0.0628409   1.69686
0.940389 0.134754 -0.18956  1.70008
 0.940869  0.140502 -0.181306   1.70058
 0.938798  0.143414 -0.189013   1.69757
  0.94007  0.135963 -0.187619   1.69922
0.936661 0.169567 -0.19163  1.69817
 0.938834  0.141891 -0.181214   1.69594
 0.939287   0.14405 -0.180287    1.6972
0.956921  0.14153 -0.03731   1.7213
 0.787214  0.397812 -0.211823   1.43965
 0.795843  0.376646 -0.222035   1.45043
 0.806103  0.382544 -0.199048   1.46925
 0.794219  0.379782 -0.207848   1.44412
 0.808376  0.359509 -0.234077   1.47488
 0.826398   0.36817 -0.193183    1.5074
 0.810458  0.372328 -0.203087   1.47596
0.805595 0.364299 -0.21457  1.46473
  0.877857   0.351001 -0.0147324    1.58904
0.783556 0.325909 -0.30854  1.43329
 0.803017  0.337072 -0.277184   1.46816
 0.774402    0.3382 -0.300431   1.41413
 0.784457  0.345274 -0.283015   1.43201
 0.768356   0.35486 -0.295305   1.40682
 0.773508  0.342008 -0.289846   1.40949
 0.787398  0.338188 -0.286963   1.43775
 0.781712  0.331712 -0.294578   1.42559
  0.949528   0.168735 -0.0970093     1.7128
 0.927639  0.228958 -0.136039   1.67731
 0.911528  0.170037 -0.270445   1.65716
 0.912657    0.1766 -0.261337     1.659
 0.909137  0.180948 -0.270086   1.65432
0.911012 0.172113 -0.26774  1.65608
 0.906384  0.204775 -0.272527   1.65524
 0.909169  0.181327 -0.263682    1.6532
 0.910066  0.183668 -0.262452   1.65546
 0.751895  0.312242 -0.352118   1.37825
 0.757382  0.299659 -0.353292   1.38545
 0.764365   0.30783 -0.341494   1.39779
 0.755832  0.303546 -0.346294   1.38018
 0.765291  0.291431 -0.358142   1.40284
 0.778774  0.305621 -0.337154    1.4271
0.766795 0.303376 -0.34387  1.40331
 0.763532  0.297153 -0.348921    1.3963
 0.923707   0.20992 -0.191716   1.67571
 0.873338  0.219837 -0.328232   1.60141
 0.879732  0.223098 -0.321299    1.6145
 0.872258    0.2111 -0.336561   1.59854
  0.87227  0.205825 -0.344026   1.59899
 0.878444  0.200678 -0.334738   1.60833
 0.873714  0.206201 -0.337592   1.59984
 0.885561    0.1983 -0.314593   1.61778
 0.884231  0.195204 -0.325479   1.61693
 0.889693  0.189101 -0.316242   1.62484
 0.886171   0.19593 -0.319127   1.61926
   0.8752  0.214164 -0.329054   1.60324
 0.880044   0.20119 -0.328375   1.60971
0.883687 0.208778 -0.31642  1.61666
 0.878656  0.205465 -0.326316    1.6078
 0.741263  0.274447 -0.388233   1.35957
 0.746322  0.265104 -0.387569    1.3669
 0.750812  0.272797 -0.379728   1.37475
 0.744402  0.268605 -0.382927   1.36145
0.753327 0.259822 -0.39143  1.38318
 0.762125  0.273658 -0.377106   1.39891
 0.752885  0.270242 -0.381549   1.38021
 0.751502  0.264818 -0.384691   1.37704
 0.758542  0.350275 -0.300199   1.38581
 0.753666  0.339859 -0.315755   1.37731
 0.767923  0.333815 -0.305012   1.40017
 0.762488  0.344985 -0.311766   1.39657
 0.750106  0.328881 -0.330125   1.37132
  0.74697  0.318057 -0.342921   1.36599
 0.760406  0.313879 -0.332022    1.3875
 0.755128  0.323117 -0.339684   1.38376
 0.775125  0.322938 -0.313506   1.41571
 0.775059  0.313982 -0.318787   1.41421
 0.758707  0.334012 -0.326483   1.39005
  0.76618  0.319311 -0.327948   1.40022
 0.771216  0.328632 -0.315111   1.40922
 0.763598  0.323795 -0.320088     1.393
  0.84923  0.227823 -0.361631   1.56206
 0.853738  0.229822 -0.356951   1.57086
 0.848791   0.22256 -0.369381   1.56174
 0.849234  0.218803 -0.374736   1.56285
 0.854784   0.21574 -0.367607   1.57144
 0.850173  0.218914 -0.369948   1.56286
 0.859813  0.217482 -0.354845   1.57915
0.860405  0.21295 -0.36033  1.58035
 0.866139  0.209265 -0.352488   1.58921
 0.861345   0.21316 -0.355105   1.58033
 0.850924  0.224406 -0.364138   1.56483
 0.855539  0.215946 -0.362894   1.57115
 0.856722  0.221519 -0.356138   1.57368
 0.854193  0.219455 -0.362403      1.57
0.814462 0.233028 -0.40033  1.50475
 0.819833  0.230904 -0.401993   1.51514
 0.824691  0.227207 -0.400576   1.52265
  0.82528  0.230902 -0.395703   1.52383
0.823246 0.229402 -0.40025  1.52109
 0.825502  0.236229 -0.389331   1.52403
 0.817552  0.233234 -0.400292    1.5108
 0.823041  0.235939 -0.395507   1.52134
 0.867281  0.241441 -0.300138    1.5841
 0.807992  0.225193 -0.415706   1.49513
 0.804871  0.227287 -0.415027   1.49011
 0.805914  0.225812 -0.413418   1.49049
0.810439 0.225882 -0.41574  1.49984
0.812528  0.22589 -0.41505  1.50297
 0.811005  0.227444 -0.413423   1.50046
 0.811655  0.226351 -0.415181    1.5023
 0.808167  0.229468 -0.408542   1.49395
 0.809484  0.226572 -0.415704   1.49829
 0.808713  0.228053 -0.411115   1.49605
 0.810394  0.227852 -0.413787   1.49965
0.743897 0.307801 -0.35522  1.36118
 0.740733  0.298223 -0.365229   1.35568
 0.752103  0.295434 -0.356455   1.37416
 0.747925  0.302772 -0.362797   1.37127
 0.738578  0.288588 -0.374303   1.35203
 0.736862   0.27942 -0.382308   1.34916
 0.747334  0.277657 -0.373831   1.36621
 0.743265  0.283537 -0.380434   1.36301
0.758219 0.287913 -0.36168  1.38806
0.758878 0.280747 -0.36482  1.38837
 0.745456  0.292988 -0.372156   1.36694
 0.751855  0.282348 -0.371174    1.3761
0.755177 0.290993  -0.3629  1.38207
 0.749253   0.28629 -0.366247   1.36945
0.938906 0.144464 0.183278  1.69076
0.936995 0.146625 0.194914  1.68665
0.930149 0.139663 0.195718  1.67911
0.892935 0.223252 0.312971  1.61922
0.919858 0.221532 0.277913  1.66147
  0.80782 -0.108588  0.210616   1.45266
0.938129 0.208121  0.24251  1.69022
0.873039 0.171694  0.36154  1.57823
0.909533 0.201821 0.295448  1.63772
0.933149 0.150362 0.226532  1.67853
0.932088 0.215282 0.257211  1.68094
 0.93303 0.150575 0.230312   1.6786
0.932985 0.148119 0.231817  1.67861
0.873811 0.260671 0.246121  1.58388
0.872417  0.26878 0.239915  1.58127
0.878251 0.264215 0.237372  1.59071
0.874922   0.2675 0.241909  1.58727
0.871081 0.277201 0.233136   1.5789
0.869492 0.285652 0.225676  1.57592
0.876072 0.279178 0.222742  1.58647
0.872347 0.284338 0.228072  1.58276
 0.88298 0.266918 0.229534  1.59852
0.883427 0.270104 0.221675  1.59862
0.873753 0.275855 0.235148  1.58524
0.877949 0.277634 0.226491  1.59118
0.879379  0.27045 0.232965  1.59409
0.876963 0.272296 0.230279  1.58844
 0.93284 0.138489 0.225866  1.67768
0.931594 0.148942  0.24184  1.67808
 0.93319 0.127063 0.221509  1.67858
0.930863 0.150431 0.230959  1.67275
0.933311 0.118978 0.233453  1.68125
0.932942 0.152875 0.228831  1.68093
 0.938094 0.0815045  0.202448   1.68562
 0.947421 0.0517137  0.187884   1.70506
0.942081  0.06211 0.197541  1.69368
 0.943501 0.0593104  0.200133   1.69788
 0.937031 0.0661748  0.218773   1.68596
 0.934441 0.0691511   0.22154   1.68051
 0.939572 0.0749509  0.212976    1.6914
0.931449 0.146852  0.22699  1.67429
0.885526 0.265311 0.232043  1.60441
0.889026 0.251449  0.24262  1.61148
0.880041 0.262681 0.239921    1.595
0.882204 0.254474 0.245091  1.59925
0.876338 0.259249 0.247807  1.58984
0.879353 0.256648 0.243207  1.59284
0.884931 0.254408 0.242346  1.60303
0.884315 0.258287 0.235962  1.60104
 0.933893 0.0863446  0.240412   1.68438
0.935074 0.101081 0.225767  1.68428
 0.931777 0.0975001  0.230254   1.67702
 0.94547 0.190301 0.203176  1.70118
0.946105 0.179327  0.20355  1.70566
 0.93308 0.147902 0.215502  1.68093
0.932112 0.146288 0.195756   1.6841
 0.93339 0.151171 0.232352  1.68045
0.933549  0.15368 0.226554    1.682
0.930018 0.143345 0.219501  1.67154
0.930826 0.184448 0.228666   1.6804
0.926527 0.205104 0.264926  1.66816
0.931228 0.144446 0.238824   1.6766
0.925656 0.127473 0.195427   1.6643
0.933586 0.152421 0.229966  1.68049
0.925716 0.129203 0.197203  1.66851
0.924293 0.161581 0.255508  1.66734
0.930333 0.128576 0.196357  1.67163
0.932342 0.198337 0.240178  1.68065
0.927712 0.131268 0.187877  1.66892
0.929045 0.141685 0.222709  1.67032
 0.910023 0.0865517  0.200459   1.63526
 0.881268 0.0965175  0.133076   1.58514
0.908945 0.140759 0.311123  1.63727
 0.90503 0.112988 0.153208  1.62353
0.919642 0.110697  0.19169  1.65261
0.913984 0.115012 0.151199  1.63969
 0.88739 0.236603 0.254464  1.60668
0.887636 0.239985 0.248162  1.60646
0.882973  0.23285 0.261077  1.59951
0.878595 0.227944 0.268072  1.59274
0.877272 0.236026 0.263337  1.59022
0.879537 0.234669 0.264872  1.59563
0.880914 0.247555 0.249754  1.59551
0.876101 0.244196 0.257992  1.58805
 0.87492 0.252106 0.252163  1.58575
0.877344 0.250786  0.25417  1.59162
0.883928 0.238909 0.257626  1.60238
0.878473 0.242824 0.259692  1.59372
0.882537 0.245888 0.252806  1.59954
 0.88168 0.240826 0.255607  1.59722
0.893603  0.15503 0.287279  1.61968
0.897662 0.163662 0.288664  1.62704
0.899134 0.154438  0.28935  1.63014
0.897045 0.156957   0.2884   1.6254
0.902735 0.166706 0.282948  1.63408
0.908323 0.149413 0.282796  1.64472
0.904213 0.151601 0.286781  1.63744
0.902543 0.153549  0.28597  1.63368
0.902475 0.161367 0.283193  1.63406
0.891443 0.156291 0.287929  1.61499
0.889463 0.165727 0.288352  1.61174
0.895658 0.165777 0.288019  1.62256
0.891765 0.164281 0.288097  1.61685
0.887503 0.175203 0.287538  1.60844
0.885661 0.184473  0.28569  1.60525
0.892464  0.18267 0.283762  1.61676
0.888182 0.182779 0.286112  1.61099
0.900182 0.169213 0.281665  1.62827
0.900403 0.174213 0.277259  1.62845
0.889969 0.173586 0.287667    1.614
0.894443 0.180264 0.285532  1.62128
0.896202 0.172359 0.287479  1.62478
0.893855 0.174705 0.286521  1.61955
0.931941 0.135178 0.233023  1.67703
0.894767 0.270456 0.216437   1.6216
0.932769 0.144191 0.232585  1.67829
0.936476 0.193168 0.225615  1.68873
0.929607 0.132095   0.2422    1.674
 0.93893 0.187886 0.213161  1.69407
0.930573 0.147845 0.227176  1.67253
0.933582 0.151465 0.226992  1.68091
0.940377 0.182908 0.201402  1.69753
0.932781 0.147668 0.216589  1.68015
 0.93025 0.140245 0.199246  1.67756
0.930823 0.148274 0.201226  1.68276
0.935415 0.182179 0.216356  1.68818
0.930459 0.141806 0.195859  1.67817
 0.93742 0.155584  0.18157  1.69492
0.939578 0.154884 0.199874  1.69323
0.932779 0.149939 0.215859  1.68174
0.941187 0.157891 0.197208  1.69617
0.936672  0.15579 0.206174  1.68948
0.938741   0.1599 0.177947  1.69727
0.940797 0.162333 0.198291  1.69591
 0.762128  0.120477 -0.438868    1.3935
 0.763405  0.123272 -0.440065   1.39757
 0.756137  0.123695 -0.443865   1.38421
 0.760125  0.116956 -0.438297   1.38809
  0.75657  0.118955 -0.441376   1.38261
 0.757273  0.114726 -0.438163   1.38113
 0.757815  0.116549 -0.439943   1.38403
 0.757552  0.121544 -0.441461   1.38543
 0.760754  0.119801 -0.440155   1.39121
  0.76961  0.142565 -0.450486   1.41899
 0.752096  0.125902 -0.447438   1.37815
 0.748009  0.129483 -0.449611    1.3714
  0.75016  0.123814 -0.446052   1.37257
 0.747912  0.126016 -0.447164   1.36881
   0.7481  0.122935 -0.444712   1.36678
 0.748548  0.124214 -0.446417   1.36939
 0.748617  0.127574 -0.448121   1.37142
 0.750972  0.125769 -0.447558   1.37573
 0.764358  0.152848 -0.454632   1.41166
 0.769986  0.130742 -0.442071   1.41373
0.770844 0.135259 -0.43933  1.41483
 0.741285  0.137259 -0.451801   1.35996
 0.742023  0.135867 -0.452045   1.36139
 0.739204   0.13587 -0.450528    1.3542
 0.737518  0.135878 -0.449037   1.34929
 0.738629  0.134276 -0.448565   1.35104
 0.738928   0.13513 -0.449007   1.35208
 0.741278  0.132958 -0.450181   1.35787
 0.739731  0.132662 -0.448224   1.35287
 0.740742  0.131034 -0.447833   1.35448
0.740981 0.131922 -0.44831  1.35542
 0.740185  0.135476 -0.450397   1.35611
 0.739976  0.133491 -0.448646   1.35378
 0.741054  0.133992 -0.450423   1.35775
0.740254 0.134393 -0.45022  1.35594
 0.737933  0.136676 -0.449452   1.35054
 0.739207  0.136927 -0.450873   1.35463
 0.738433  0.138252 -0.451548   1.35374
  0.73821  0.137196 -0.451106   1.35275
 0.739518  0.140333 -0.454211   1.35845
  0.73919  0.138924 -0.453019   1.35667
 0.740164  0.138343 -0.452253    1.3581
 0.773784   0.15859 -0.433104   1.42224
 0.737491  0.144052 -0.454856   1.35539
  0.73547  0.147968 -0.454949     1.352
 0.735644  0.143361 -0.452328   1.34944
0.734468 0.145418 -0.45237  1.34738
 0.734025  0.143354 -0.450561   1.34431
 0.734379  0.144107 -0.452038   1.34671
 0.735069  0.146319 -0.454151   1.35028
 0.736527   0.14488 -0.453842   1.35282
0.780546 0.174612 -0.40868  1.42699
 0.77681 0.162111 -0.41781  1.42149
  0.77768  0.166867 -0.416745   1.42353
 0.733859   0.15132 -0.455324   1.34962
 0.732632  0.155607 -0.454688   1.34754
 0.731893  0.150877 -0.452549   1.34326
 0.731101  0.153159 -0.452215   1.34183
 0.730248  0.151235 -0.451022   1.33827
 0.730676  0.151753 -0.452054   1.34054
 0.731735  0.153854 -0.454167   1.34492
 0.732905   0.15239 -0.453998   1.34692
   0.7891  0.193167 -0.446028   1.46325
 0.79077 0.194815 -0.44861  1.46777
 0.790311  0.201197 -0.444926   1.46756
0.789993 0.202547 -0.44096  1.46566
 0.784047  0.194412 -0.451639   1.45613
 0.787802  0.198975 -0.449389   1.46396
 0.730816  0.169142 -0.451563   1.34488
 0.731707  0.174468 -0.448965   1.34626
  0.72853  0.169576 -0.448174   1.33755
 0.728857   0.17237 -0.446837   1.33797
 0.726888  0.171089 -0.447159   1.33311
 0.727517  0.170819 -0.447096   1.33499
 0.729554   0.17251 -0.449128   1.34138
 0.729882   0.17087 -0.449309   1.34178
 0.769064  0.159012 -0.438129   1.41492
 0.73001 0.178645   -0.447  1.34256
0.730604 0.176736 -0.44707  1.34337
 0.727902  0.179609 -0.443535   1.33568
 0.725277  0.181844 -0.442828   1.32963
 0.725315  0.178657 -0.444054   1.32971
 0.727006  0.179971 -0.443997   1.33346
 0.727773  0.173717 -0.446065   1.33558
 0.725327  0.175626 -0.445136   1.32969
0.725415 0.172686  -0.4462  1.32985
 0.726961  0.173895 -0.446163   1.33328
 0.729102  0.178125 -0.444455   1.33834
 0.726929  0.176912 -0.445122   1.33327
 0.728778  0.175113 -0.445887    1.3379
  0.72768   0.17651 -0.444763    1.3352
 0.736774  0.149877 -0.458396   1.35758
 0.739261  0.147085 -0.457922   1.36188
 0.725647  0.197076 -0.436492   1.33038
 0.725369  0.192926 -0.438381   1.32988
 0.729032  0.193615 -0.436747   1.33735
 0.727734  0.194651 -0.438178   1.33505
 0.725271  0.189032 -0.440005   1.32967
 0.725185  0.185264 -0.441529   1.32948
0.728378 0.186172  -0.4404  1.33632
 0.727248  0.186849 -0.441415   1.33404
0.731655 0.191847 -0.44052  1.34527
 0.732122  0.189482 -0.440715   1.34574
 0.727424  0.190659 -0.439869   1.33442
  0.72977  0.187914 -0.440067   1.33945
 0.730484  0.191656 -0.438082   1.34062
0.728481 0.189668 -0.43863  1.33629
 0.735218  0.168917 -0.457097   1.35786
 0.798038  0.226002 -0.415908   1.47658
 0.787026  0.226315 -0.409999   1.45082
 0.789962  0.230119 -0.409107   1.45753
 0.736611  0.178969 -0.453047    1.3607
 0.738835  0.201059 -0.439771     1.363
 0.737333  0.196715 -0.440887   1.35942
 0.735802  0.208691 -0.430777    1.3526
 0.736169   0.20566 -0.431167   1.35276
 0.732342  0.211363 -0.426235   1.34273
0.727845 0.216315 -0.42636  1.33418
  0.72719  0.211237 -0.429232   1.33308
 0.730406  0.213274 -0.428733   1.33997
 0.730715  0.201973 -0.431854   1.34008
 0.726544  0.206273 -0.431835   1.33192
 0.726164  0.201521 -0.434274   1.33129
  0.72903  0.203423 -0.433876   1.33745
0.734121 0.208813 -0.42817  1.34681
 0.729621  0.208331 -0.431433   1.33856
 0.732793  0.204106 -0.431193   1.34459
0.731257 0.206415 -0.42915  1.34077
 0.747962  0.206617 -0.437201   1.38215
 0.741051  0.229796 -0.415833   1.36115
 0.741825  0.225728 -0.416662   1.36201
 0.736632   0.23314 -0.411353   1.34938
 0.730564  0.239862 -0.411996   1.33865
 0.729918  0.233477 -0.415994   1.33759
 0.734062  0.236108 -0.415245   1.34652
 0.734763   0.22164 -0.419134   1.34652
 0.729323  0.227464 -0.419647   1.33661
 0.728634  0.221735 -0.423124   1.33549
0.732374 0.224025 -0.42245  1.34348
 0.738966  0.230043 -0.414155   1.35483
 0.733216  0.229904 -0.418968   1.34498
0.737368   0.2243 -0.41812  1.35216
 0.735442   0.22705 -0.415566   1.34739
 0.816734  0.262957 -0.353654   1.49983
 0.773698  0.244289 -0.393811   1.42165
 0.844903  0.244986 -0.340212   1.54983
  0.79986    0.2446 -0.384615   1.47164
 0.887976  0.236941 -0.270584   1.62055
  0.80589  0.274434 -0.350021   1.48072
0.798779 0.357171 -0.24069  1.45452
  0.79885  0.345865 -0.249542   1.45272
 0.788771  0.371984 -0.228479    1.4347
  0.77614  0.393252 -0.218497   1.41531
  0.77124  0.383197 -0.240581   1.40665
 0.781355   0.38852 -0.234826   1.42921
 0.780032  0.352144 -0.268207   1.41993
 0.767256  0.372182 -0.261738   1.39996
 0.763077  0.360984 -0.281211    1.3929
 0.772928  0.366288 -0.276125   1.41453
 0.792996  0.366825 -0.243279   1.44622
0.777386 0.377474 -0.25626  1.42233
 0.786909   0.35785 -0.262208   1.43529
 0.783987  0.362332 -0.250294    1.4268
  0.9069 0.225421  -0.2322  1.65008
 0.795022  0.426363 -0.106262   1.44833
 0.787845  0.421326 -0.136555   1.43521
 0.808586  0.403949 -0.125808   1.46876
 0.799608  0.426038 -0.128274   1.46191
  0.78343  0.413093 -0.165908   1.42744
 0.779744  0.403044 -0.192277   1.42073
 0.800079  0.388224 -0.178409   1.45331
 0.790754  0.408871 -0.185194   1.44581
 0.820471  0.384414 -0.142056   1.48929
 0.821075  0.371873 -0.156428   1.48798
 0.795075  0.418357 -0.158102   1.45383
 0.807137  0.394688 -0.169745   1.46997
 0.813221  0.401827 -0.145663   1.48175
0.803527  0.39777 -0.15505  1.46017
 0.937888  0.191806 -0.153402   1.69775
 0.820755   0.41808 0.0210946   1.49186
   0.814195    0.423767 -0.00892307     1.48043
   0.833879    0.402229 -0.00448946     1.51223
    0.825289     0.424981 -0.000274012      1.50567
  0.808293   0.426799 -0.0403591    1.47045
  0.801981   0.427254 -0.0725322    1.45963
   0.82437   0.405188 -0.0629558    1.49583
 0.814123  0.429565 -0.063649   1.48684
  0.847173   0.383374 -0.0225299    1.53397
  0.849196   0.374564 -0.0432186    1.53611
  0.819979   0.428483 -0.0316407     1.4968
  0.832365   0.408296 -0.0520803    1.51436
  0.837784   0.407246 -0.0238501    1.52423
  0.828976   0.405935 -0.0343468    1.50423
  0.955501   0.137731 -0.0252867    1.71649
0.844649 0.377982 0.117807  1.53332
 0.838877  0.389444 0.0986274   1.52318
0.851644 0.373804 0.097454  1.54364
0.845969 0.388152 0.104236  1.53934
 0.833048  0.400427 0.0760407   1.51311
 0.826937   0.40924 0.0506601   1.50208
 0.843716  0.389433 0.0536099   1.52926
  0.83619  0.409543 0.0588428   1.52354
 0.859599  0.368945 0.0800976   1.55723
 0.860246  0.368482 0.0619017   1.55738
 0.841334  0.399507 0.0827506   1.53202
 0.849355  0.389904 0.0637863   1.54288
0.853825 0.382223 0.084037  1.55117
 0.847429  0.383481 0.0760569   1.53647
 0.950278  0.137005 0.0831446   1.70517
0.952786 0.130827  0.10728   1.7125
0.871748 0.332948 0.147934  1.57837
 0.87238 0.334377 0.134542  1.57843
0.864994  0.33373 0.161536  1.56672
0.858923 0.334387 0.176937  1.55757
0.856027 0.344275 0.164496  1.55238
0.860436 0.342928 0.168085  1.56268
0.860112 0.351682 0.132996  1.55805
0.853044 0.354731 0.150565  1.54733
0.849298 0.365485 0.135271  1.54086
0.854796  0.36393 0.139491  1.55346
0.866805 0.341475   0.1522  1.57237
0.857976 0.353188 0.154307  1.55868
0.863783 0.350502 0.139066  1.56686
0.862454 0.343518 0.147569  1.56244
0.934044 0.128235 0.220247  1.68078
0.890388 0.331697  0.12227  1.61653
0.878166 0.299404 0.194667  1.58961
 0.87858 0.302073 0.184858   1.5895
0.872754 0.297637 0.205545  1.58062
0.867848 0.295311  0.21756  1.57323
0.865758 0.304698 0.209049  1.56948
0.868996 0.303265 0.211448  1.57708
0.869555 0.314271 0.185586  1.57465
0.863611   0.3145 0.199412  1.56574
0.861273 0.323889 0.188773  1.56144
0.865096 0.322555 0.191993  1.57048
0.874103 0.304964 0.199099  1.58486
0.867188  0.31299 0.202031  1.57409
0.872027 0.312866 0.190264  1.58076
0.870955 0.306938 0.195786  1.57759
0.932936 0.138768 0.225245  1.67805
0.935092 0.128249 0.203439  1.68216
0.926828 0.130016 0.249758  1.67077
0.892729 0.299536 0.178147  1.61823
0.892639 0.205399 0.272318  1.61602
  0.8926 0.209121  0.26718  1.61532
0.888487 0.200548 0.278413  1.60965
0.884001 0.193872 0.283299  1.60247
0.882442 0.202457 0.280269  1.59962
0.884714 0.200941 0.281163  1.60491
0.885877 0.216174 0.270165  1.60479
0.881136 0.211008 0.276614   1.5973
0.879826 0.219254 0.272489  1.59486
0.882104 0.217791 0.273755  1.60024
 0.88926 0.207026 0.275785  1.61216
0.883419 0.209505 0.277617  1.60263
  0.8875  0.21433 0.272507  1.60866
0.886854 0.209089 0.274548  1.60682
0.919575 0.113492 0.272813  1.66253
0.923055  0.12144 0.260636  1.66695
 0.91835 0.119811  0.27291   1.6593
0.914062 0.110151 0.282404  1.65332
0.908383 0.112844 0.294903  1.64589
0.910411 0.118547 0.285974   1.6466
0.910678 0.111686 0.284605   1.6462
0.902455 0.116579 0.297121  1.63598
0.896552  0.11915 0.289929  1.62354
0.901505 0.127707 0.293943  1.63399
0.900041 0.121038 0.293845  1.62996
0.905686 0.133678 0.291211  1.64078
0.909697 0.129947 0.284761  1.64543
0.908497 0.131402 0.284189  1.64269
0.905727 0.116529 0.293227   1.6396
0.904564 0.127288 0.291367  1.63737
0.908862 0.122396 0.283588  1.64268
0.906538 0.123886 0.293441  1.64216
0.925682 0.145309 0.257403  1.66978
0.915246 0.114243 0.280913  1.65498
0.912788 0.117793 0.280544  1.64944
0.914658 0.124252 0.272971  1.65114
0.912447 0.128989 0.281908  1.65046
0.924605 0.124805 0.257485  1.66708
 0.794354  0.204887 -0.439036   1.47456
 0.794987  0.198838 -0.443723    1.4757
 0.801847  0.201375 -0.436998   1.48735
 0.796602  0.201635 -0.439393   1.47746
 0.794114  0.195593 -0.447267   1.47437
 0.790725  0.188796 -0.442404   1.46433
 0.797823  0.187777 -0.439116    1.4772
 0.793733  0.189595 -0.441101   1.46989
0.811343 0.196312 -0.43376  1.50406
 0.807601  0.186095 -0.434381   1.49493
 0.827728   0.18567 -0.423113   1.53241
 0.812821  0.188057 -0.430508     1.504
 0.796123  0.196401 -0.444745   1.47736
 0.801371  0.188605 -0.437508   1.48365
   0.8036  0.197445 -0.437413   1.48953
 0.801041  0.194866 -0.442485   1.48625
 0.739764  0.191039 -0.446768   1.36652
  0.95617 0.0977163 0.0942724   1.71667
 0.954368  0.144008 0.0776644   1.71611
0.954981 0.123841 0.066098  1.71491
 0.961055 0.0696509  0.069458   1.72556
 0.959087  0.103616 0.0570702   1.72346
 0.963039 0.0424271 0.0353666   1.73024
 0.961637 0.0936147 0.0407877   1.72866
  0.95677  0.119601 0.0613922   1.71869
 0.958658  0.108411 0.0848789   1.72337
0.932669 0.137116 0.214461  1.67744
  0.75932  0.154072 -0.454919   1.40255
 0.759034  0.153347 -0.455368   1.40211
 0.759656  0.154292 -0.455273   1.40329
 0.758776  0.153446 -0.455869   1.40183
 0.758692  0.153716 -0.456051   1.40178
0.758879 0.153311 -0.45567  1.40193
  0.75873  0.153286 -0.455711   1.40163
 0.760445  0.152677 -0.451542   1.40262
 0.761142  0.151731 -0.449511   1.40287
 0.743723   0.13808 -0.455558   1.36788
 0.747095  0.135315 -0.454648   1.37387
 0.761154  0.157651 -0.453306   1.40564
 0.762502  0.152058 -0.450615   1.40608
 0.765303  0.151684 -0.456661   1.41439
 0.760304  0.151383 -0.451406   1.40202
 0.758165  0.127187 -0.446085   1.39059
 0.762783  0.126904 -0.444467    1.3994
 0.760183   0.15241 -0.453523   1.40301
 0.760887  0.150099 -0.449676   1.40212
 0.767292  0.148803 -0.456302   1.41778
 0.748859   0.13515 -0.453884   1.37705
0.768027 0.145193 -0.45007  1.41561
 0.758832  0.154994 -0.455713   1.40216
 0.758798   0.15516 -0.455864   1.40217
 0.759275  0.155341 -0.454617    1.4023
 0.758604  0.154977 -0.456059   1.40181
 0.762068  0.157602 -0.453251   1.40737
 0.760258  0.157886 -0.453642     1.404
0.758461 0.154226 -0.45614  1.40142
 0.759965  0.152723 -0.453651   1.40265
 0.758508  0.153819 -0.456034    1.4014
 0.759773  0.153731 -0.455192   1.40324
0.759543 0.153975 -0.45531  1.40301
 0.763757   0.14915 -0.460401   1.41259
 0.759285  0.153782 -0.454939   1.40242
 0.758025  0.153577 -0.455046   1.39984
0.759178 0.153631 -0.45493  1.40221
 0.758805  0.153195 -0.455164   1.40148
  0.75844  0.153466 -0.455458    1.4009
0.758985 0.153328 -0.45547  1.40206
 0.759164  0.153659 -0.455244   1.40238
 0.758612  0.153169 -0.455224   1.40109
 0.773902  0.159623 -0.425173   1.41872
 0.733853  0.157288 -0.458472   1.35321
 0.735895  0.154454 -0.458139   1.35663
 0.741013   0.14228 -0.457041   1.36394
 0.742705  0.149609 -0.463944   1.37248
 0.760552  0.150956 -0.451294   1.40245
  0.73559  0.160219 -0.459095   1.35785
 0.763783  0.158983 -0.454262   1.41141
 0.758298  0.154229 -0.455809   1.40087
0.762411 0.159137 -0.45479  1.40897
 0.758359  0.154725 -0.455991   1.40116
 0.758481   0.15508 -0.455978   1.40145
  0.75692  0.160768 -0.449004   1.39564
 0.760045  0.155708 -0.451201    1.4022
 0.759404  0.154914 -0.451574     1.401
0.758698 0.155122 -0.45253   1.4001
 0.758163  0.154362 -0.455759   1.40058
 0.759467  0.155112 -0.452793   1.40174
  0.75882  0.155355 -0.455785    1.4021
 0.759132  0.155355 -0.455527   1.40255
0.759401 0.156025 -0.45145  1.40106
 0.759002  0.155305 -0.455701   1.40242
 0.758835  0.155421 -0.455123   1.40171
 0.948742  0.161365 0.0834158   1.70465
 0.950145  0.158379 0.0870374   1.70786
0.882004 0.356951 0.060261  1.60189
0.905569 0.266315 0.192573   1.6376
 0.950641  0.159144 0.0736309   1.70801
 0.95482 0.151055 0.026004  1.71565
 0.954445  0.146452 0.0010172   1.71401
  0.956326   0.143028 0.00103918    1.71867
  0.956406   0.144613 -0.0155954    1.71955
  0.954206   0.149009 -0.0552733    1.71641
 0.948092  0.169895 0.0353092   1.70051
 0.950797  0.169012 0.0321903    1.7073
  0.955572   0.132907 -0.0571603      1.718
 0.850231  0.348707 -0.178868   1.55045
    0.95219    0.160465 -0.00983811     1.70979
  0.950197    0.16513 0.00877995    1.70502
  0.94084  0.149693 -0.147098   1.69583
 0.946555  0.164054 -0.130261   1.70953
 0.930565  0.174886 -0.187139   1.68368
 0.828277  0.324504 -0.263431   1.51676
  0.853366   0.363298 -0.0848491    1.54512
 0.845419  0.346636 -0.115267   1.52472
 0.915713  0.193348 -0.226289   1.66174
 0.897936  0.210561 -0.263925   1.63489
 0.798405  0.302554 -0.327185   1.46642
 0.911847  0.250686 -0.177821   1.65393
 0.878961  0.227308 -0.294699   1.60531
 0.779324  0.276611 -0.370837   1.43526
  0.89144  0.267666 -0.222442   1.62214
 0.827838  0.238676 -0.369557    1.5224
0.839527 0.243632 -0.35787  1.54485
 0.841088  0.275418 -0.313296   1.54107
 0.809983  0.234641 -0.393087   1.49292
0.819994 0.240766  -0.3846  1.51266
  0.80174  0.230006 -0.415163   1.48503
 0.798292  0.238512 -0.401256   1.47393
 0.806538  0.233013 -0.410439   1.49388
0.925108 0.127171 0.201501  1.66745
 0.905825 0.0730029  0.206446   1.62145
0.924392 0.126955 0.196291  1.66214
0.913485 0.195789 0.284171  1.64517
0.925204 0.201779 0.258915  1.66734
0.899991 0.153658 0.310118  1.61763
0.907738 0.168954 0.301081  1.63372
0.931395 0.149094 0.227868  1.67356
0.918979 0.185311 0.269933  1.65426
0.931589 0.150241 0.230266  1.67454
  0.9318 0.148947 0.230207  1.67543
0.932278 0.145231 0.228434  1.67644
0.897805 0.242653  0.24169  1.62658
0.929224 0.150012 0.231921  1.66869
 0.93292 0.132888 0.214899  1.67721
0.932525 0.151213 0.236095  1.67904
 0.948287 0.0728312  0.181432   1.70697
 0.946108 0.0748506  0.193858   1.70364
0.940342 0.092896 0.199991  1.69156
 0.944954 0.0980425  0.184913   1.70087
 0.944271 0.0856637   0.18474   1.69802
0.928756 0.150091 0.231834  1.66824
 0.92945  0.14851 0.227521  1.66993
0.935112 0.119866 0.203807  1.68094
0.904825 0.291544 0.121643  1.63272
0.936999 0.111336 0.212791  1.68666
0.940108 0.173191 0.188445  1.69883
0.937954 0.169176 0.191623  1.69409
0.931926 0.149922 0.198298   1.6845
 0.93747 0.177245 0.204641   1.6928
0.933282 0.154057  0.23232  1.68089
0.932379 0.155771 0.228675  1.68077
0.932455 0.186244 0.229756  1.68139
  0.9283 0.147779 0.231109  1.66631
0.927425 0.188494  0.24658  1.67082
0.926223 0.140903  0.22558  1.66294
0.920342 0.118403  0.19861   1.6509
 0.93043 0.140565  0.20462  1.67287
0.919428 0.113787 0.202719  1.65327
0.928986  0.15381 0.222323  1.67601
0.917087 0.103452 0.213324  1.64855
0.911874 0.139308 0.273648  1.63618
 0.91994 0.181315 0.257431  1.65735
 0.891862 0.0306002  0.246644   1.58988
0.913779 0.103312  0.19537  1.64157
0.914207 0.153587 0.274495   1.6446
0.906734 0.185315 0.267791  1.63956
0.909133 0.148969 0.279773  1.64364
0.907663 0.161928 0.274649  1.64095
0.902063 0.213897 0.259367  1.63345
0.929554 0.140903 0.247708  1.67524
0.927992 0.149546 0.234003  1.66597
0.903027  0.23027 0.231273   1.6299
0.932654 0.152615 0.235981  1.67996
0.934336 0.180777 0.218658  1.68732
0.937216 0.175946 0.210595  1.69241
0.928784 0.152607 0.249335  1.67427
 0.93216 0.149385 0.217884  1.68043
0.930173 0.144066 0.203234  1.67874
0.930016 0.151321 0.205886  1.68129
 0.93152 0.176716 0.222328  1.68095
0.930685 0.145774 0.199359  1.67986
0.941329 0.166161 0.205163  1.69491
0.938408 0.156942 0.203898  1.69204
0.931596 0.151982 0.217597  1.68062
0.940685 0.159909  0.20515   1.6941
0.936602 0.159799 0.206646   1.6896
  0.75542  0.130616 -0.448878   1.38698
 0.763531  0.150452 -0.457322    1.4108
 0.762093  0.150258 -0.451985   1.40553
 0.764733  0.139116 -0.452659   1.40925
 0.744065  0.140701 -0.456853   1.36987
 0.765922  0.162056 -0.439398   1.40961
 0.759524  0.151762 -0.453771   1.40163
 0.740915  0.146123 -0.458507    1.3654
 0.769012  0.163904 -0.427241    1.4103
 0.760194  0.162054 -0.444958   1.40056
 0.771294  0.184558 -0.444744   1.42547
 0.746107  0.143157 -0.461906   1.37711
 0.732427  0.165803 -0.456999   1.35129
 0.733802  0.162781 -0.456945   1.35343
 0.745272  0.185003 -0.453899    1.3795
 0.740667  0.167037 -0.462963   1.37132
 0.732664  0.175622 -0.453522   1.35198
 0.733366  0.172333 -0.453778   1.35283
 0.741991  0.175408 -0.459693   1.37393
 0.734441  0.187181 -0.447836   1.35508
0.734531 0.183385 -0.44841  1.35469
 0.762848  0.221489 -0.416485   1.40406
 0.756029  0.194481 -0.451482   1.40153
  0.78638  0.206142 -0.440974   1.45984
 0.777577  0.199286 -0.450179   1.44469
 0.780047  0.205301 -0.440394   1.44624
 0.745674  0.220775 -0.427998   1.37587
 0.744785  0.215033 -0.429331   1.37317
 0.757488  0.206602 -0.434462   1.39839
 0.753376  0.244488 -0.407141   1.38765
  0.75293  0.235929 -0.410391   1.38589
 0.766472  0.250436 -0.401707   1.41447
  0.76381  0.271233 -0.378358   1.40366
 0.762187  0.260866 -0.383676   1.39948
 0.789872  0.253188 -0.385709   1.45523
 0.779542   0.29964 -0.337821    1.4285
 0.774913  0.287915 -0.346242   1.41809
 0.802709  0.327053 -0.279607   1.46592
 0.794092  0.314797 -0.292017   1.44683
 0.867493  0.279508 -0.267038   1.58527
 0.856976  0.266076 -0.305363   1.57112
 0.829132  0.352712 -0.192176   1.50696
 0.824267  0.336386 -0.210506   1.49442
 0.939133  0.205582 -0.097736   1.69387
 0.897617  0.292232 -0.137174   1.62376
  0.950999   0.156493 -0.0563135    1.70905
0.920873 0.212328 -0.17292  1.66436
 0.870853  0.355089 0.0421087   1.57442
   0.872894    0.356964 -0.00676018     1.58108
0.878776 0.336779   0.1135  1.59032
   0.8784  0.338977 0.0839064   1.58782
0.947079  0.16417 0.101209  1.70128
 0.942875  0.200029 0.0500765   1.69237
 0.948714  0.173172 0.0580491   1.70344
0.886117 0.302155 0.169469  1.60216
0.887425 0.306116  0.14682  1.60313
 0.90044 0.273369 0.162578  1.62243
0.889274 0.273537 0.209943  1.60839
0.890231 0.281128 0.190515  1.60905
0.892295 0.246507 0.238393  1.61418
0.892353 0.253217 0.225212    1.613
0.931476 0.143709  0.22213  1.67463
0.896552 0.217999  0.25859  1.62168
 0.89593 0.224646 0.248765  1.61925
0.902616 0.188238 0.272092  1.63245
0.900547 0.195042 0.264887  1.62701
0.914525   0.1465  0.27614   1.6547
0.930281  0.14501 0.221699  1.67173
 0.778678  0.232964 -0.409188   1.43717
 0.790779  0.211113 -0.432622    1.4657
 0.795423  0.215971 -0.427791   1.47435
 0.796462  0.220586 -0.422009   1.47486
 0.798976  0.224084 -0.418641   1.47947
 0.789024  0.221913 -0.418828   1.45856
 0.794554  0.218619 -0.422663   1.47054
 0.768826  0.213124 -0.428258    1.4205
  0.78719  0.191226 -0.448455   1.46009
 0.778125  0.188263 -0.441935   1.43926
 0.785431  0.192584 -0.450598   1.45796
 0.951809 0.0839089   0.12339   1.70776
 0.951467 0.0713828  0.148475   1.70907
0.948834 0.053889 0.145434  1.70121
 0.946611 0.0856328  0.156444   1.69906
  0.94991 0.0884288  0.144294   1.70574
0.928163 0.148305 0.223014  1.66765
0.941847 0.114528 0.161006  1.69065
  0.94948   0.14729 0.0936456   1.70475
 0.759378   0.15372 -0.454919   1.40254
 0.759022   0.15328 -0.455001   1.40185
 0.758859  0.153179 -0.455093   1.40153
0.759648 0.153848 -0.45548  1.40325
 0.759929  0.153523 -0.455298   1.40356
 0.758333  0.153809 -0.455628   1.40081
  0.76239  0.160594 -0.453231   1.40842
 0.759181  0.153356 -0.455048   1.40212
 0.750421  0.138538 -0.459261   1.38367
 0.759387  0.153585 -0.455568   1.40269
 0.761145  0.149498 -0.449998   1.40275
 0.756211  0.135509 -0.456277   1.39348
 0.757554  0.154271 -0.454521    1.3987
 0.762335  0.149371 -0.453824   1.40679
 0.764204  0.146475 -0.457528   1.41152
 0.757607  0.147703 -0.452804   1.39656
 0.759983  0.135946 -0.455974   1.40093
 0.770755  0.137789 -0.442676   1.41654
 0.764086  0.136817 -0.454447   1.40886
 0.75993 0.148714 -0.45045  1.40028
 0.758774  0.155257 -0.455904   1.40206
 0.758583  0.155204 -0.455847   1.40161
 0.758675  0.155191 -0.454216    1.4009
 0.758317   0.15489 -0.455882   1.40103
 0.761294  0.159672 -0.455204   1.40698
 0.757823   0.15415 -0.454917   1.39943
 0.758167  0.153933 -0.455597   1.40045
 0.759494  0.153122 -0.455455   1.40265
 0.760451  0.159483 -0.455679   1.40557
 0.758237  0.153561 -0.455457   1.40049
0.758937 0.152638 -0.45591  1.40163
 0.758393  0.153295 -0.455337   1.40072
 0.758526  0.153164 -0.455103   1.40082
 0.758606  0.153251 -0.455306   1.40114
 0.759137  0.153446 -0.455005   1.40213
 0.757967  0.153468 -0.455085   1.39971
 0.759197  0.153433 -0.454972   1.40213
 0.758816  0.153165 -0.455036   1.40137
  0.76532  0.162681 -0.433891   1.40584
 0.741217  0.159566 -0.464412   1.37173
 0.748183  0.151241 -0.471068   1.38717
  0.76332  0.161369 -0.443747   1.40632
 0.762042  0.160805 -0.450708   1.40675
  0.75967  0.150181 -0.451627   1.40062
  0.76116  0.160344 -0.454754   1.40667
 0.757944   0.15433 -0.455021   1.39973
 0.758162  0.154837 -0.455162   1.40031
 0.759915  0.161289 -0.451509   1.40285
 0.759696  0.157702 -0.453813   1.40301
 0.759018  0.155847 -0.452021   1.40059
 0.758334  0.155084 -0.454911   1.40056
0.759649 0.160541 -0.45531  1.40387
 0.758963  0.155283 -0.451751   1.40026
 0.75884 0.155328  -0.4536  1.40093
 0.758754  0.155338 -0.455403    1.4017
 0.758208  0.155611 -0.452819   1.39933
  0.75852  0.155292 -0.455505   1.40127
 0.758345  0.155265 -0.454348   1.40031
 0.947535  0.173482 0.0805644   1.70192
 0.900387  0.314201 0.0808054   1.62711
 0.897824  0.323385 0.0276425   1.62197
0.896389 0.295084 0.110861  1.61336
  0.952627   0.165362 0.00376177     1.7116
 0.890741  0.311418 0.0497508   1.60179
  0.953303   0.167479 -0.0263259    1.71465
  0.948196   0.189894 -0.0144582    1.70459
  0.948583    0.19145 -0.0507058    1.70916
 0.944525  0.197948 0.0143834   1.69591
  0.945589   0.178248 -0.0968514    1.70438
 0.935186  0.190142 -0.132636   1.68632
 0.881444  0.335146 -0.140214    1.6057
  0.928936   0.245835 -0.0887243    1.67665
 0.868836  0.317104 -0.205901   1.58368
  0.938569   0.219667 -0.0508851    1.68963
 0.902759  0.232529 -0.215433   1.63695
 0.880931  0.250352 -0.259639   1.60404
 0.834455  0.308023 -0.261474   1.51991
 0.885536  0.273987 -0.201022   1.60398
 0.805039  0.287703 -0.318787   1.46939
 0.852084  0.297782 -0.251537   1.55273
 0.823168  0.243149 -0.372037   1.51453
 0.804664  0.240519 -0.394853    1.4851
 0.827944   0.29222 -0.305353    1.5169
 0.835255  0.263958 -0.343998   1.53748
0.918522 0.114803 0.204557   1.6477
  0.90888 0.0883542  0.233774   1.62486
0.915983 0.141445 0.267348  1.64597
0.924377 0.137699 0.232379  1.66023
0.926672 0.146503  0.23457  1.66336
0.926167 0.185961 0.241578  1.67072
0.930489 0.154751 0.241998   1.6764
0.918533 0.136724 0.245797  1.64849
   0.922 0.175549 0.248366  1.66219
0.929843 0.150034 0.230552  1.67076
0.909222 0.224196 0.241769   1.6453
0.926354  0.15034 0.235016  1.66226
0.931248 0.139199 0.213293  1.67386
0.930398 0.171794 0.231577  1.67608
0.906269 0.246726 0.220223  1.63943
0.927555 0.151448 0.232521  1.66562
0.933145 0.131115 0.202057  1.67735
0.936638 0.120649 0.187188  1.68304
0.939554 0.120604 0.181788  1.68918
0.929436 0.148045 0.221822   1.6705
0.939294 0.168685 0.203889  1.69652
0.937666 0.167797 0.207112  1.69081
0.934943 0.158464 0.209252  1.68718
0.935294 0.173749  0.21386  1.68694
0.932014 0.156909 0.236076  1.67932
0.930021 0.172441 0.230714  1.67587
0.927226 0.177788 0.233507  1.67288
0.924365 0.147425 0.236198  1.65829
0.921574 0.140508  0.23562  1.65359
0.927224 0.150346 0.229432  1.66533
0.923713 0.151974 0.238813  1.65714
0.916423 0.167421 0.265472  1.65044
0.924704 0.149357 0.238036  1.65888
0.913519 0.162874 0.271793  1.64223
0.915216 0.102757 0.220534  1.64051
0.921032  0.16625 0.248396  1.65902
0.913614  0.10996 0.208992  1.63453
 0.91565  0.14151 0.253815  1.64305
0.917894 0.143872 0.262228  1.65527
0.909798 0.168292 0.274837  1.64538
0.922831 0.141205 0.260042  1.66599
0.917697 0.158202 0.265163  1.65681
0.927602 0.147854 0.247752  1.67166
0.928464 0.150417 0.227878  1.66809
0.930925 0.155666 0.240475  1.67749
 0.93214 0.175907 0.227198  1.68157
0.931531  0.15508 0.231445  1.67906
0.935886  0.17294 0.221465  1.68757
0.930772 0.151387 0.220067  1.67887
0.929335 0.147324 0.207569  1.67798
0.937975 0.167602 0.217054  1.68883
0.929928 0.161666 0.240433  1.67627
0.930006 0.148912 0.203803  1.67942
 0.93114 0.153382 0.202101  1.68326
0.939977  0.16464  0.21185  1.69191
0.929329 0.154422 0.210789  1.67917
0.938775  0.16908 0.212839  1.69061
0.937256 0.167489 0.218034  1.68693
   0.7542   0.13828 -0.457488   1.39047
0.760211 0.148113 -0.45701  1.40375
 0.760135   0.14382 -0.461117   1.40466
  0.74968  0.142353 -0.460854   1.38375
  0.75915  0.160587 -0.453598   1.40224
 0.746281  0.147921 -0.463787   1.37943
 0.759606  0.149768 -0.451763   1.40055
 0.743232  0.153121 -0.464532   1.37462
 0.739666  0.155354 -0.464008   1.36743
 0.761424   0.18544 -0.462927   1.41549
 0.737802  0.162476 -0.463064   1.36452
0.749459 0.185985 -0.46057  1.39096
 0.746649  0.160225 -0.472765   1.38674
 0.737633  0.170699 -0.460501    1.3644
 0.747764  0.173775 -0.470061   1.39018
  0.73923  0.180023 -0.455488   1.36681
 0.751062  0.181531 -0.465755   1.39607
 0.742659  0.190837 -0.447707   1.37186
 0.750521  0.196657 -0.445429   1.38826
 0.751045  0.203882 -0.437086   1.38626
 0.786072  0.265487 -0.361131   1.43931
 0.815724  0.255368 -0.373648    1.5046
 0.863197  0.317829 -0.168521   1.56234
  0.90946  0.254064 -0.160792   1.64508
  0.884438   0.332479 -0.0862988    1.60229
 0.923963  0.232943 -0.122764   1.66617
  0.897743   0.314106 -0.0843364    1.62526
  0.889774   0.320521 -0.0194954    1.60355
0.914154 0.295801 0.051802   1.6498
 0.945846   0.20029 0.0450544   1.69995
0.941217 0.138336 0.152131  1.68948
 0.925794  0.268867 0.0444017   1.66829
 0.93638 0.175621 0.162138   1.6829
0.907157  0.27652 0.154422  1.63736
0.917973 0.241009 0.193629  1.65742
0.916351 0.248604  0.17075  1.65142
0.921852   0.2642 0.108106  1.66066
0.900735  0.25225 0.203814  1.62449
0.930443 0.144313 0.213271  1.67307
0.940991 0.190041 0.133017  1.69249
0.914309 0.165441 0.261639  1.64904
0.920012  0.18693   0.2505   1.6609
0.907228 0.206132 0.251074  1.63848
0.911633 0.184341 0.262282  1.64703
0.787958 0.211571 -0.43394  1.46085
0.775502  0.20814 -0.42908  1.43154
 0.780353   0.21681 -0.426421   1.44274
 0.765801  0.197001 -0.447963   1.42056
 0.768864  0.193466 -0.457312   1.42927
 0.771253  0.179978 -0.447954   1.42714
0.947147 0.115854 0.127272  1.69943
0.946158 0.111187 0.159531  1.70063
0.932214 0.140446 0.202102  1.67673
0.948744  0.11871 0.122195  1.70239
 0.92931  0.14816 0.204838  1.67173
  0.94517  0.165486 0.0913074   1.69543
 0.92822  0.24941 0.103949  1.67125
 0.759393   0.15344 -0.455887   1.40281
 0.758236  0.153247 -0.455146   1.40024
 0.759529  0.152888 -0.455696    1.4028
0.757926 0.153947 -0.45501  1.39966
 0.759552  0.151431 -0.453726   1.40165
 0.754849  0.151196 -0.469593   1.39947
 0.754925  0.145985 -0.467192    1.3979
 0.758784  0.157541 -0.454154   1.40127
  0.75849  0.150734 -0.453966    1.3995
 0.759705  0.148153 -0.451243   1.40017
 0.760701  0.148939 -0.454416    1.4036
 0.761281   0.14877 -0.461282   1.40783
 0.760411  0.147683 -0.464919   1.40774
0.764237 0.144747 -0.45962  1.41258
 0.759787  0.142119 -0.463351    1.4052
 0.758552  0.149406 -0.452151   1.39847
 0.757897  0.154468 -0.454939   1.39961
 0.758532  0.157245 -0.454304   1.40088
  0.75929   0.15938 -0.456105   1.40337
 0.757824  0.159713 -0.456858   1.40082
 0.757816  0.153781 -0.454993    1.3994
 0.758987  0.153301 -0.456027     1.402
  0.75881  0.153124 -0.455386   1.40143
 0.759081  0.160066 -0.456404   1.40325
  0.75626  0.158342 -0.457164   1.39773
 0.758236  0.153306 -0.455094   1.40026
 0.758569  0.153144 -0.455106   1.40088
 0.757483  0.153896 -0.455244   1.39881
 0.746117  0.166464 -0.472215   1.38657
 0.760493  0.163252 -0.435786   1.39679
 0.743812  0.162459 -0.472035   1.38092
  0.75919  0.160974 -0.448149   1.39995
 0.758717  0.150988 -0.454037   1.39998
 0.752235  0.151593 -0.470766   1.39481
 0.757626  0.154518 -0.454186   1.39869
 0.756018  0.159692 -0.444592    1.3915
 0.757226  0.150436 -0.454099   1.39697
  0.75889  0.159015 -0.456399   1.40275
  0.75787   0.15469 -0.454033   1.39914
 0.757351  0.154837 -0.454311   1.39823
 0.758368  0.155875 -0.452271   1.39938
 0.758111  0.155025 -0.454998   1.40014
 0.757747  0.156539 -0.454573   1.39935
 0.758252  0.155252 -0.452708    1.3993
0.942752 0.200245  0.10366  1.69538
 0.944258  0.202378 0.0730229   1.69736
  0.941357   0.226775 -0.0114663    1.69516
 0.910769  0.285589 0.0688686   1.63939
   0.946489    0.205416 -0.00813207     1.70346
  0.936116   0.226906 -0.0501983    1.68473
  0.945382   0.201458 -0.0503567    1.70249
  0.936419   0.208153 -0.0890707    1.68573
  0.927713   0.244892 -0.0754245    1.67147
  0.935745   0.230074 -0.0160188    1.68254
  0.91102  0.291917 -0.125191   1.65344
  0.925802   0.267523 -0.0473955    1.67022
 0.916766  0.269378 -0.123578   1.65996
 0.896311  0.294026 -0.166559   1.62743
0.922125 0.145607 0.241059  1.65438
0.917916 0.158648 0.255333  1.65183
0.927928   0.1766 0.234574  1.67393
0.915874  0.15261 0.256332  1.64546
 0.92627 0.150906 0.234831  1.66274
0.928357  0.16131 0.244325   1.6734
0.927399 0.151655 0.223201  1.66671
0.929893 0.154118 0.220062  1.67808
0.929019 0.144728 0.214596  1.66987
 0.92535 0.152501 0.231812  1.66168
0.917423 0.225137 0.219481  1.65697
0.925512 0.153512  0.23542  1.66139
0.932899 0.136956 0.192624  1.67722
0.919509 0.176969 0.252246  1.65812
0.913939 0.228731 0.206163  1.64709
0.926882 0.149088 0.217007  1.66629
0.933961 0.171425 0.224173  1.68222
0.927984 0.150462 0.212072  1.67564
0.930659 0.158665 0.231397  1.67816
0.928731 0.168057 0.234714   1.6717
0.925488 0.170946 0.239023  1.66782
0.920644 0.149512 0.242232  1.65192
0.923285 0.173712  0.24357  1.66436
0.918801 0.165111   0.2523  1.65382
0.919064 0.147399 0.247193   1.6496
 0.92803 0.156397 0.222431  1.67472
0.916923 0.150555 0.255903  1.64798
0.924254 0.152669 0.237975  1.65866
0.922726 0.158008 0.255569   1.6644
0.922837 0.173471 0.254278   1.6658
0.927091 0.162254 0.248891  1.67179
0.926496 0.153003 0.229768  1.66422
0.926207 0.153192 0.217085  1.66582
0.929605 0.158515 0.233829  1.67584
0.933134 0.170813 0.224993  1.68122
0.925406 0.169671 0.245329  1.66835
0.932652 0.164337 0.219534  1.68078
0.925859 0.151705 0.212493  1.66592
0.928896  0.15189 0.208328  1.67761
0.934201 0.166456 0.217709  1.68398
0.928471  0.15602 0.211656    1.677
0.930261 0.156162 0.207522  1.68096
0.755701 0.142429 -0.46461  1.39746
 0.757204  0.148136 -0.460191   1.39916
  0.75142    0.1462 -0.468683   1.39156
 0.751198  0.150261 -0.470443   1.39283
0.758374 0.148053 -0.45173  1.39762
 0.748548  0.154827 -0.472152   1.38922
0.745469 0.156477 -0.47215  1.38321
 0.756095  0.171458 -0.454144   1.39765
 0.743672  0.169359 -0.470569   1.38115
  0.75722   0.14932 -0.452797   1.39608
 0.745721  0.177542 -0.467172   1.38501
 0.756264  0.161237 -0.441532   1.39065
 0.762352  0.177004 -0.451306   1.40962
 0.757088  0.168752 -0.454843   1.39997
 0.760637  0.189193 -0.460306   1.41278
 0.754369  0.168752 -0.456967   1.39537
   0.91094   0.294453 -0.0866711    1.64816
  0.901884   0.315746 -0.0325593    1.63003
  0.917199   0.289671 -0.0827994    1.66052
 0.908914  0.292226 0.0183572   1.63568
 0.926314  0.265836 0.0797639   1.67005
  0.92965   0.27209 0.0342286   1.67835
 0.918087  0.285894 0.0853598   1.65787
0.916852 0.274409 0.111464  1.65347
0.939672 0.140075 0.165275  1.68902
0.914768 0.257399 0.140231  1.64567
0.912193 0.246036 0.176076  1.64187
0.936666 0.135383 0.177437  1.68308
0.915159 0.211347  0.22863  1.65035
0.926606 0.245141 0.129508  1.66856
0.911661 0.200841 0.257992  1.64929
0.916201 0.181157  0.26116  1.65617
0.928133 0.149494 0.214709  1.66894
0.932324 0.149296 0.188624   1.6765
 0.76182 0.174526 -0.45195  1.40904
 0.754537  0.180508 -0.465604   1.40163
 0.769611   0.19717 -0.453129   1.42904
 0.756383  0.190014 -0.458326   1.40496
0.935261 0.137847  0.18733  1.68205
 0.94466 0.149603 0.129778  1.69679
0.943466 0.151153 0.119704  1.69199
0.926934 0.153049 0.206309  1.66846
 0.940357  0.199002 0.0808804   1.68739
0.933491 0.238672 0.102531  1.68052
 0.92305 0.234123 0.162427  1.66168
0.930936 0.166249  0.18983  1.67409
 0.758937  0.153196 -0.455127   1.40161
 0.758639  0.153114 -0.455443    1.4011
 0.758892  0.153168 -0.456455   1.40197
  0.75778  0.153537 -0.455525   1.39947
0.758165 0.153319 -0.45552  1.40024
  0.75882  0.152426 -0.456213   1.40151
 0.757477  0.160348 -0.454209   1.39905
 0.757809  0.153579 -0.455311   1.39948
 0.758178  0.152379 -0.456436   1.40027
 0.758142  0.149113 -0.452475    1.3978
0.758145 0.148412 -0.46573  1.40362
 0.748212   0.16035 -0.471895   1.38882
 0.752197  0.154489 -0.471608   1.39577
  0.75854  0.148672 -0.457636   1.40071
0.757568 0.154605 -0.45433  1.39867
 0.757783  0.158064 -0.456877   1.40065
  0.75742  0.154291 -0.454786   1.39854
 0.757898  0.158544 -0.456755   1.40079
 0.757576  0.153914 -0.454943    1.3989
0.758452  0.15324 -0.45659  1.40114
 0.758206   0.15316 -0.455588   1.40027
 0.757199   0.15457 -0.455255   1.39833
 0.758225  0.153173 -0.456312    1.4006
  0.75785  0.152297 -0.456609    1.3997
 0.750655  0.158459 -0.472367   1.39379
  0.74989  0.163471 -0.471976   1.39295
 0.747949  0.165773 -0.470916   1.38873
0.756681 0.159699 -0.45135  1.39617
 0.757296  0.159614 -0.455715   1.39935
 0.752255  0.156619 -0.448729   1.38529
  0.75241  0.154485 -0.462599   1.39192
 0.757686  0.159184 -0.457545   1.40086
 0.757392  0.155305 -0.454014   1.39822
 0.756387   0.15052 -0.454387   1.39538
 0.757738  0.156792 -0.454612   1.39931
  0.75764  0.155053 -0.453559   1.39848
 0.757776  0.154905 -0.453551   1.39872
0.758153 0.155025  -0.4534  1.39943
 0.757228  0.155879 -0.455029   1.39841
 0.757648  0.155464 -0.453032   1.39826
 0.936388   0.23667 0.0752628   1.68535
 0.939012  0.242398 0.0649857   1.69289
  0.93597  0.237934 0.0245584   1.68358
 0.941826  0.226435 0.0236927   1.69551
  0.911123   0.291885 -0.0357866    1.64278
   0.92505   0.266172 0.00111803    1.66578
0.917883  0.14484 0.247461  1.64765
0.918441 0.151552 0.247377  1.64891
0.921862 0.150886 0.241812  1.65353
0.922164  0.16127  0.24599   1.6583
  0.9253 0.165816 0.241103  1.66497
0.920005 0.158396  0.24704  1.65361
0.927412 0.163308 0.234643  1.67182
0.920062 0.155523 0.248105  1.65308
 0.92431 0.156513 0.238249   1.6595
 0.92624 0.151304 0.225135  1.66422
0.927868 0.147191 0.208597  1.66885
0.925112  0.15977 0.222596  1.66828
 0.92955 0.146932 0.199602  1.67217
0.925165 0.155708 0.231952  1.66194
0.925178 0.156629 0.211347  1.66614
0.925824 0.154722 0.225233  1.66413
0.933047 0.159587 0.213589  1.68383
0.934621 0.162025 0.210277  1.68646
0.931569 0.167584 0.227677  1.67734
0.926508  0.15269 0.215273  1.67245
0.927068 0.156784 0.223613  1.67235
0.924917 0.155806 0.219386   1.6641
0.926796 0.170206 0.237775  1.66908
0.922231 0.155907 0.242334  1.65559
 0.92867 0.167415 0.232724  1.67194
0.923074 0.165485 0.243379  1.66108
0.921406 0.155661 0.242813  1.65408
0.927232 0.164299 0.235103  1.66853
0.921468 0.190743 0.232139  1.66019
0.917038 0.192584 0.243755  1.65344
0.922673 0.180587 0.240476  1.66292
0.927373 0.168507 0.243843  1.67241
0.928617 0.162449 0.233675  1.67469
0.930724 0.166748 0.226792  1.67704
0.930082 0.161139 0.222043  1.67683
0.925357 0.169005 0.232705  1.66777
0.927205 0.153302 0.212981  1.67406
0.928058 0.159807 0.217886   1.6746
0.927467 0.154534 0.214611  1.67474
 0.93171 0.163764 0.220136  1.68039
 0.755729  0.147966 -0.468325   1.39997
  0.75562  0.148492 -0.454095   1.39326
 0.757596  0.150614 -0.454287   1.39778
 0.756684  0.149211 -0.453047   1.39512
 0.749758  0.155564 -0.471953   1.39113
  0.75402   0.15808 -0.448115   1.38893
0.754403 0.166367 -0.45848  1.39605
 0.755719  0.150591 -0.453714   1.39377
  0.75167  0.164255 -0.459499   1.39045
  0.75213  0.157607 -0.461795   1.39158
 0.750855  0.169009 -0.470463   1.39513
 0.749772  0.172035 -0.468363   1.39218
  0.915677   0.296046 0.00475667    1.65302
  0.932184   0.273495 -0.0193843    1.68581
0.922204 0.254764 0.133836  1.66162
0.935853 0.227621 0.126386   1.6857
 0.92259 0.225649 0.185119  1.66226
0.935593 0.154931 0.175754  1.68144
0.926528  0.16695 0.234099  1.67089
0.917346 0.208702 0.233407  1.65517
0.923717 0.204869 0.220096  1.66613
0.918732 0.197492 0.242232  1.65811
0.925848 0.218959 0.181119  1.66706
0.922498 0.209359 0.205258  1.66118
 0.93135 0.149004 0.193079   1.6755
0.933654 0.214704 0.164118  1.68248
0.928785 0.158001 0.200269  1.67154
0.934673  0.15276 0.178384   1.6808
 0.937893  0.238508 0.0967964   1.69099
 0.929688  0.259986 0.0789722   1.67576
0.939011 0.191097 0.116722  1.68556
0.932872 0.232332 0.125712  1.67977
  0.75826   0.15318 -0.457332   1.40104
 0.757221  0.154033 -0.456513   1.39877
 0.757039  0.154708 -0.455867   1.39826
 0.757747  0.153709 -0.456508   1.39982
 0.754128  0.151814 -0.462206   1.39467
 0.757659  0.153332 -0.456421    1.3995
  0.75676   0.14851 -0.453159   1.39513
 0.756927  0.155045 -0.457182   1.39865
  0.75443   0.15005 -0.461861   1.39469
 0.756785  0.152459 -0.457002   1.39777
 0.757159  0.155133 -0.454966   1.39818
 0.756924  0.158137 -0.458192   1.39948
 0.757386   0.15349 -0.457765    1.3995
 0.757025  0.157587 -0.457119   1.39911
 0.75245 0.152404 -0.45459  1.38777
 0.757302  0.154147 -0.456064   1.39883
 0.757777  0.153434 -0.457482   1.40016
  0.75708  0.154204 -0.457674   1.39901
 0.752612  0.174575 -0.467766   1.39818
  0.75577  0.178356 -0.464271   1.40341
 0.750307  0.159902 -0.460779   1.38762
 0.754141  0.159544 -0.445416   1.38799
 0.755094  0.159118 -0.451922   1.39307
 0.755262  0.158174 -0.453774    1.3942
 0.756076  0.159003 -0.456151   1.39693
 0.755955  0.156836 -0.458146   1.39732
 0.756741  0.158552 -0.457881   1.39896
 0.757085  0.156329 -0.455811   1.39853
 0.755472  0.157469 -0.457459   1.39608
 0.757164  0.156839 -0.457596   1.39954
  0.920183   0.288321 -0.0450739    1.66352
  0.930428    0.25689 -0.0486218     1.6788
0.923539 0.155791 0.239944  1.65793
0.925079 0.162157  0.23991  1.66326
0.923535 0.161244  0.24132  1.65969
0.924373 0.155098 0.233731  1.66015
0.926089 0.165348 0.237613  1.66587
0.924963 0.154092 0.227227  1.66229
0.925565 0.156905 0.220476  1.66909
0.925246 0.152456 0.219446  1.66384
0.922127 0.199087 0.223962  1.66184
0.924502 0.156593  0.22886  1.66216
0.926933 0.152986 0.208825  1.66796
0.925712 0.186022 0.216412  1.66775
0.929044 0.164028 0.229014  1.67328
0.925656 0.154295  0.21585  1.67059
0.924152 0.157681 0.235023  1.66032
0.926744 0.157755 0.219473  1.67192
0.923029 0.158826 0.242619  1.65812
0.924029 0.156488 0.218307  1.66623
0.923923 0.159287 0.239852  1.65954
0.925312 0.161478 0.234426  1.66355
0.924905 0.177116 0.244222   1.6685
0.924572 0.154773  0.21578  1.66441
0.924304  0.15503  0.22134  1.66285
0.924133 0.176908 0.227652  1.66489
0.925974 0.158156 0.223555  1.67065
0.926723 0.160553 0.226709  1.66937
0.924735 0.154592 0.216445   1.6684
0.927907 0.163402 0.224784  1.67211
 0.755513   0.14967 -0.454269   1.39341
 0.756298   0.14984 -0.460769   1.39794
 0.752077  0.152646 -0.462584   1.39077
 0.753049  0.155483 -0.450799    1.3878
 0.753903  0.151497 -0.454535   1.39062
 0.750677  0.155791 -0.462405   1.38843
 0.752343  0.162101 -0.460094   1.39199
 0.752191  0.155528 -0.453607   1.38732
 0.92784 0.237051 0.157237   1.6731
0.931373 0.214429 0.144935  1.67405
0.925718 0.208237 0.202435  1.66825
 0.93271 0.171705 0.177132  1.67703
0.923454 0.186565 0.238621  1.66567
0.925855 0.174679 0.206313  1.66619
0.927287 0.165483 0.200945  1.66917
 0.92318 0.196107  0.22923  1.66482
0.928163 0.155439 0.200074  1.67045
0.927688  0.18986 0.203678  1.67065
0.930208 0.162194 0.189507  1.67347
0.927288 0.193882 0.189666  1.66766
0.938075 0.162733 0.152797  1.68507
0.931454 0.205736 0.174686  1.67689
0.931443 0.174936 0.177018  1.67327
0.937518 0.177219 0.147341  1.68335
 0.757165  0.152515 -0.456829   1.39843
 0.754743  0.156384 -0.455502   1.39364
 0.753925  0.150363 -0.454487   1.39034
 0.756648  0.153984 -0.458455    1.3984
 0.756282  0.152797 -0.457143   1.39686
 0.755631  0.149875 -0.453338    1.3932
 0.757031  0.155607 -0.456219   1.39853
 0.756745  0.155732 -0.456918   1.39824
   0.7567  0.154861 -0.457561   1.39826
 0.756696  0.156767 -0.458137    1.3988
 0.756955  0.153935 -0.457877   1.39875
 0.756091  0.155559 -0.458453   1.39755
 0.754109  0.157197 -0.454203   1.39184
 0.754178  0.151347 -0.453367    1.3906
 0.756403  0.157157 -0.458495   1.39838
 0.752184  0.154365 -0.451295   1.38607
 0.756659  0.156162 -0.458456    1.3988
 0.754867  0.154088 -0.456382   1.39388
0.924725 0.158148 0.233607  1.66164
 0.92418 0.157103 0.222016  1.66349
0.925043 0.159246 0.229151  1.66423
0.924987 0.157289 0.227169  1.66321
0.925244 0.156093 0.212672  1.66559
 0.92414   0.1569 0.217896   1.6662
0.925448 0.174183 0.231252  1.66871
0.924122 0.156749 0.218372  1.66456
0.924763 0.156625 0.217872  1.66793
0.926929 0.157962 0.219498  1.67189
0.926811 0.163783 0.230692  1.66824
0.925652 0.161096 0.228524   1.6662
0.925839  0.16132 0.232439  1.66602
0.925111 0.161364 0.234702  1.66326
0.924044 0.161265 0.215793  1.66551
0.924059 0.184353 0.218475  1.66374
0.924501 0.164936 0.221259  1.66607
 0.92486 0.160861 0.222667  1.66796
 0.753736  0.153004 -0.452674   1.38967
 0.755632  0.153006 -0.456815   1.39545
0.926518 0.162102   0.2094  1.66868
0.934464 0.178631 0.163436  1.67863
0.928422 0.176306 0.191129  1.66968
 0.92555 0.189476 0.206125  1.66562
0.924241 0.158679 0.215298  1.66529
0.926017 0.158634 0.206691  1.66742
0.927609  0.17123 0.205294  1.66983
0.924149 0.168146 0.216738  1.66523
0.930676 0.202748 0.175511  1.67509
0.930903 0.195929  0.18619  1.67613
 0.754943  0.154853 -0.456372   1.39418
 0.756622  0.154981 -0.458526   1.39855
 0.756244  0.155571 -0.458408   1.39779
 0.755108  0.150969 -0.453883   1.39265
 0.754215  0.152515 -0.453442   1.39094
 0.754236  0.155452 -0.455698   1.39251
 0.755556  0.156031 -0.458267    1.3964
 0.755476  0.153694 -0.456839   1.39526
0.925133 0.159559 0.228509  1.66447
0.924313 0.157952 0.215818  1.66469
0.924742 0.158588 0.220848  1.66613
0.924345 0.157623 0.221086  1.66391
0.924615 0.170225 0.216809  1.66493
0.924231 0.158166 0.218067  1.66518
0.924078 0.163607 0.220818  1.66611
0.924035 0.159081 0.218136  1.66564
0.925005 0.181272 0.225442  1.66733
0.925816 0.166107 0.209869  1.66759
0.926269 0.160159 0.223684  1.66922
0.925262 0.158474 0.224796   1.6668
0.924325 0.158068  0.22143  1.66518
0.923666 0.158109 0.217491   1.6652
 0.753517  0.153479 -0.452767   1.38936
 0.753166  0.154009 -0.454348   1.38952
0.924602 0.160672 0.211818  1.66571
0.924464 0.164671 0.220711  1.66627
0.925146 0.163754 0.214968   1.6669
0.925724 0.171581 0.215226  1.66766
 0.756394  0.154556 -0.458447   1.39797
   0.7559  0.154786 -0.458518   1.39704
