0.881362 0.339309 0.161191  1.60408
0.884318 0.325827 0.186041  1.61053
0.872295 0.340918 0.173489  1.58742
0.874857 0.332329 0.185808  1.59264
 0.86628 0.341338 0.186332   1.5783
0.870644 0.334424  0.18046  1.58269
0.878984 0.328566 0.182218   1.5986
0.879157 0.331468 0.169805  1.59776
 0.760801  0.162732 -0.458836   1.40562
 0.760866  0.162635 -0.458835   1.40573
 0.799174  0.135078 -0.407865   1.45781
 0.793355  0.136049 -0.415353   1.44892
 0.79662  0.13897 -0.41472  1.45626
 0.794386  0.121392 -0.414877   1.44865
 0.789637  0.126675 -0.423474   1.44351
 0.793154   0.12616 -0.420853   1.44974
 0.806246  0.123446 -0.393767   1.46475
0.801668 0.115226 -0.40091   1.4568
 0.814348  0.103516 -0.374241   1.47141
 0.807333  0.118201 -0.398151   1.46848
 0.794929  0.130657 -0.419371   1.45359
 0.798475  0.122904 -0.412968   1.45689
 0.802084  0.131273 -0.409484   1.46443
 0.798811  0.126564 -0.410458   1.45693
  0.978781   0.120444 -0.0526067    1.76575
  0.978671   0.121992 -0.0462576    1.76537
   0.97777   0.124621 -0.0493789    1.76337
 0.978193  0.120622 -0.047796   1.76404
   0.97858   0.123304 -0.0400282    1.76505
  0.978443   0.124372 -0.0341676    1.76468
  0.977646   0.126914 -0.0372477    1.76279
  0.978027   0.122756 -0.0361934    1.76345
  0.976479   0.133744 -0.0459957    1.76076
 0.976961  0.133171 -0.039891   1.76154
  0.978119   0.121607 -0.0420394    1.76374
  0.977445   0.124934 -0.0394975    1.76209
  0.977573   0.124848 -0.0442121    1.76261
  0.977803   0.125462 -0.0431713    1.76327
0.929405  0.15532 0.245538  1.67477
 0.763345  0.160514 -0.454121   1.40797
 0.761093  0.161764 -0.459179   1.40619
 0.761068  0.162724 -0.458672   1.40589
0.761422 0.162595 -0.45844  1.40632
 0.761868  0.162355 -0.458286   1.40709
 0.762484  0.161549 -0.456506   1.40736
 0.768037  0.164358 -0.460982   1.42157
 0.765579  0.161307 -0.454979   1.41327
 0.764665  0.159675 -0.452493   1.40994
 0.766904  0.160453 -0.455719   1.41623
0.770961 0.162429 -0.46343   1.4283
 0.773983  0.158434 -0.459783   1.43239
0.787784 0.143617 -0.42846  1.44466
 0.783435  0.145247 -0.437767   1.44011
  0.78627  0.147798 -0.437335   1.44646
 0.760797  0.162812 -0.458864   1.40564
 0.760681   0.16283 -0.458808   1.40537
 0.761079  0.162691 -0.457674   1.40529
 0.760663  0.162558 -0.459212   1.40548
  0.76066  0.162332 -0.459518   1.40558
 0.760698  0.162031 -0.459776   1.40571
  0.76053  0.161951 -0.459877   1.40538
 0.762519  0.160957 -0.454721    1.4066
 0.760641  0.161634 -0.459988    1.4056
 0.761853  0.161881 -0.456953   1.40634
 0.760938  0.162428 -0.458809   1.40582
 0.761084  0.161485 -0.459421   1.40623
 0.760942  0.162377 -0.458968   1.40589
 0.809934  0.230674 -0.434835   1.50656
 0.808633  0.225824 -0.438661   1.50475
 0.813857  0.226769 -0.437216   1.51364
 0.811211  0.227682 -0.437693   1.51001
 0.806466  0.220775 -0.443298   1.50119
 0.802585  0.215454 -0.450428   1.49561
 0.810027  0.214086 -0.447649   1.50779
 0.807179  0.216508 -0.448474   1.50442
 0.818844  0.222001 -0.436785    1.5216
 0.818295  0.212822 -0.442027   1.52087
  0.82901  0.213275 -0.426972   1.53528
 0.822138  0.216922 -0.440592   1.52945
0.809566 0.222585 -0.44204  1.50768
 0.814501  0.216024 -0.445813   1.51687
  0.81551   0.22356 -0.440076   1.51786
 0.812882  0.220728 -0.440997     1.512
 0.735295  0.161525 -0.463772   1.35856
 0.736334  0.160071 -0.463613   1.36028
 0.733219   0.16146 -0.460175   1.35171
 0.730731  0.162245 -0.457833   1.34475
 0.731498  0.159776 -0.458327   1.34613
 0.732489   0.16078 -0.458506   1.34848
  0.73463   0.15691 -0.461077   1.35422
 0.732224  0.157449 -0.458622   1.34733
 0.733138  0.155127 -0.458845   1.34889
 0.733977  0.156121 -0.459114   1.35098
  0.73439  0.160472 -0.460555   1.35414
0.733119  0.15847 -0.45888  1.34954
 0.734967  0.158078 -0.461201   1.35525
 0.733731  0.159085 -0.460513   1.35245
 0.789451  0.149235 -0.427729   1.44902
  0.78367  0.155239 -0.436458   1.44204
 0.785735  0.154512 -0.425639   1.44083
 0.972328  0.128843 0.0549665   1.75252
 0.971875  0.136652 0.0605554   1.75146
 0.972468  0.136937 0.0541765   1.75224
 0.972222  0.137775 0.0578786   1.75248
 0.971978  0.143877 0.0504054   1.74978
 0.971128  0.147778 0.0570334   1.74936
 0.970921  0.148875 0.0654797   1.74944
  0.78062  0.156015 -0.441042   1.43778
 0.968931   0.14933 0.0876018   1.74385
 0.775295  0.160682 -0.453115   1.43275
   0.977401    0.128241 -0.00670624     1.76236
   0.977059    0.128915 -0.00118743     1.76164
   0.976703    0.130977 -0.00491326     1.76066
  0.976938   0.127306 -0.0046373    1.76108
  0.976733   0.129979 0.00473032    1.76103
 0.976403  0.130776 0.0107314   1.76045
  0.975902   0.134791 0.00647118    1.75906
  0.976191   0.129326 0.00612881     1.7596
   0.975899    0.134742 -0.00297163     1.75844
    0.975715     0.133505 -0.000750895      1.75771
    0.97656    0.128338 0.000152976     1.76032
    0.975752     0.132834 -0.000165297      1.75839
   0.976444     0.13049 -0.00348736     1.75986
  0.976398   0.131661 4.7068e-05    1.75997
 0.771128  0.164511 -0.463303     1.429
 0.763609   0.16028 -0.452913   1.40802
 0.768842  0.165648 -0.462761    1.4242
 0.760466  0.162286 -0.459661   1.40521
 0.763336  0.161398 -0.453118    1.4078
 0.760483  0.162582 -0.459381   1.40518
 0.760821  0.163069 -0.458817   1.40543
0.760661  0.16278 -0.45858  1.40517
0.928129 0.159555 0.179213  1.67211
0.944251 0.160271 -0.24232  1.71709
 0.944916  0.167071 -0.232666   1.71794
 0.941891  0.170949 -0.241851   1.71393
 0.943641  0.162043 -0.239711   1.71576
0.938798 0.197048 -0.24484  1.71418
  0.94162  0.170802 -0.234919   1.71207
 0.942325  0.173629 -0.233603   1.71397
 0.967484  0.137704 0.0780855   1.74604
 0.970657  0.135571 0.0786958    1.7504
 0.969359  0.138411 0.0806692   1.74713
  0.96905  0.137645 0.0787783   1.74709
 0.972104  0.129552 0.0875625   1.75155
 0.972453  0.124799 0.0881111   1.75132
 0.970464  0.143732 0.0871711   1.74851
0.969864 0.139919 0.081383  1.74707
 0.971016   0.13844 0.0827625   1.74985
 0.970335  0.127366 0.0715756   1.74974
 0.969648  0.125924 0.0757819    1.7485
 0.970357  0.134331 0.0773579   1.74908
 0.969787  0.126147 0.0726092   1.74829
 0.968097  0.125895 0.0809242    1.7455
 0.966109  0.130399 0.0826579   1.74202
 0.969095  0.135577 0.0826016   1.74659
 0.967857   0.12911 0.0797446   1.74522
 0.970109  0.146133 0.0844516   1.74818
 0.970332  0.144047 0.0869645   1.74849
 0.968998   0.12544 0.0765788   1.74688
  0.96963  0.135464 0.0810875   1.74739
  0.97008  0.134408 0.0780205   1.74806
 0.969708  0.134131 0.0812772   1.74784
0.971083   0.1475  0.06999  1.74985
 0.971388  0.145375 0.0724573   1.75034
 0.971809  0.136734 0.0625249   1.75177
 0.972251  0.129447 0.0586306   1.75287
 0.971643  0.129359 0.0624137    1.7518
  0.97174  0.129049 0.0594802   1.75159
0.971274 0.135385 0.069425  1.75081
  0.97123  0.129099 0.0654622   1.75116
 0.970759  0.128221 0.0679125   1.75037
  0.97087  0.128375 0.0661764   1.75022
0.971574  0.13599 0.063993  1.75098
 0.971245  0.129124 0.0629476   1.75081
 0.97127   0.1357 0.066621  1.75039
 0.971526  0.135819 0.0659718   1.75123
 0.97298 0.145208 0.047012  1.75286
 0.973086  0.142986 0.0493717   1.75276
 0.973892  0.136373 0.0411535   1.75535
 0.974581  0.130574 0.0376151   1.75706
  0.97413  0.129763 0.0427103   1.75617
 0.974015  0.129416 0.0392483   1.75555
 0.972971   0.13742 0.0525943   1.75366
 0.973646  0.129477 0.0483963   1.75532
  0.97297  0.129361 0.0538453   1.75414
  0.97297  0.128757 0.0496521    1.7536
0.973604 0.135538 0.042736  1.75442
 0.973513  0.129042 0.0439138   1.75458
 0.972915   0.13659 0.0462893   1.75295
0.973558 0.135633 0.046012  1.75464
 0.971918   0.15604 0.0548064   1.75022
 0.977401  0.114723 -0.084595   1.76378
  0.976528   0.122265 -0.0784958     1.7617
   0.97575   0.121612 -0.0903234    1.76077
   0.97652    0.12153 -0.0887813    1.76258
 0.975282  0.135866 -0.073276   1.75954
  0.973226   0.130783 -0.0991228    1.75631
  0.973933   0.130925 -0.0973476    1.75794
  0.975217   0.137495 -0.0838493    1.76063
 0.739241  0.274097 -0.395207    1.3578
   0.7374  0.266016 -0.401854   1.35473
 0.746595  0.265241 -0.395811   1.37064
 0.743178  0.269593 -0.400384   1.36714
 0.736031  0.258056 -0.407855   1.35246
 0.735041  0.250394 -0.413221   1.35085
 0.743499  0.250307 -0.407804   1.36578
 0.740198  0.253679 -0.412119   1.36196
 0.752062  0.260582 -0.401214   1.38449
  0.75298  0.255015 -0.403008   1.38553
 0.741542  0.261528 -0.406586   1.36433
 0.747104  0.254047 -0.406093    1.3736
 0.749416  0.261452 -0.400158   1.37755
  0.74463  0.257453 -0.402423   1.36742
 0.957457  0.156601 -0.185567    1.7359
 0.960183  0.159364 -0.176859   1.74137
 0.959555  0.142025 -0.190478   1.73934
 0.960303  0.136225 -0.198516   1.74177
 0.963147  0.133108 -0.188617   1.74623
 0.960247  0.139137 -0.190623   1.74038
 0.964877  0.137523 -0.169105   1.74755
  0.96618  0.129614 -0.177439   1.75098
 0.968628  0.125131 -0.165375   1.75412
 0.965874  0.132676 -0.167107   1.74869
0.960318 0.146888 -0.18148  1.74016
 0.962976  0.135963 -0.179368   1.74435
0.963176  0.14419 -0.16935  1.74444
 0.962146  0.140443 -0.180979   1.74353
 0.761183  0.230814 -0.434201   1.41294
 0.730472  0.186331 -0.450331   1.34495
 0.732494  0.184404 -0.451856   1.35023
0.733238 0.187752 -0.44991  1.35132
 0.731335  0.185922 -0.450374   1.34722
  0.73532    0.1837 -0.456243   1.35908
 0.737211  0.190076 -0.452438   1.36216
  0.73417  0.187718 -0.452899   1.35551
 0.734183  0.185868 -0.453252   1.35529
 0.733648  0.171096 -0.461076   1.35563
0.734429 0.169475 -0.46104  1.35684
 0.731548  0.171485 -0.457045    1.3485
 0.729034  0.172831 -0.454984   1.34176
 0.729337   0.17002 -0.455925   1.34235
 0.730706  0.171165 -0.455963   1.34543
 0.732119  0.166292 -0.458882   1.34966
 0.729711  0.167397 -0.456662   1.34301
 0.730106  0.164733 -0.457381    1.3437
 0.731342  0.165855 -0.457486   1.34654
 0.732713  0.170238 -0.457718   1.35102
 0.730939  0.168499 -0.456758   1.34583
 0.732803  0.167542 -0.458855   1.35134
 0.731636   0.16877 -0.457858   1.34855
 0.738671  0.153217 -0.464579   1.36423
   0.7399  0.151903 -0.464318   1.36634
 0.736634  0.152716 -0.461416   1.35772
 0.734195  0.153001 -0.458834   1.35064
 0.735306  0.150829 -0.458921   1.35257
 0.735993  0.151737 -0.459236   1.35436
 0.738695   0.14881 -0.461502   1.36124
 0.736411  0.148851 -0.458805    1.3544
 0.737626  0.146922 -0.458653   1.35645
 0.738156  0.147757 -0.459024   1.35794
   0.7378  0.151977 -0.461536   1.36005
 0.736981  0.149739 -0.459189   1.35598
 0.738764  0.149879 -0.461749   1.36177
 0.737498   0.15067 -0.461332   1.35902
0.779664 0.158631   -0.451  1.44073
 0.92732  0.15317 0.185656  1.66859
0.893955 0.110066 0.169008  1.59752
0.930167 0.148829 0.213846  1.67322
0.923555 0.141812 0.206989  1.66797
 0.92271 0.139409 0.206515  1.66277
0.927629  0.15002 0.233069  1.67128
0.931076 0.153253 0.261699   1.6833
0.929687 0.155435 0.252175    1.677
0.885933 0.252855 0.282564  1.61476
0.888952 0.239437 0.292551  1.62124
 0.87945 0.250077 0.288485  1.60321
0.881143 0.242224 0.293799  1.60687
0.874198 0.244438  0.29281  1.59431
0.878143 0.244812 0.291013  1.59991
0.884416 0.242592 0.291497  1.61167
0.884176 0.246728  0.28563  1.61037
0.929882  0.15215 0.256382  1.67891
0.930842 0.129092 0.268547  1.68529
 0.932942 0.0959496  0.256238   1.68647
  0.900377 -0.0185262      0.349    1.64457
 0.915572 0.0105362  0.334077   1.66741
  0.927394 -0.0298289    0.31095    1.68873
   0.913047 -0.00558407    0.319354     1.65701
 0.923407 0.0367181  0.319508   1.67929
 0.926458 0.0506185  0.298799   1.67967
 0.934402 0.0393313  0.293932   1.69681
 0.926834 0.0464849   0.29853    1.6803
  0.942526 -0.0106511   0.270468      1.709
 0.939864 0.0199485  0.269626   1.70176
 0.950401 0.0147978  0.243014   1.71973
  0.944909 0.00863482   0.246992    1.70721
 0.922303 0.0231563   0.30581   1.67158
 0.935168 0.0240972  0.273547   1.69153
   0.933492 -0.00800147    0.276978     1.68885
  0.931347 0.00784875   0.299801    1.69103
 0.93355 0.178327 0.175305  1.68101
0.936821 0.162162 0.180045   1.6946
0.927149 0.146921 0.207503  1.67707
0.942101 0.196434 0.213709  1.69684
0.940984 0.200568 0.223008  1.69498
0.939494 0.204811 0.233407  1.69273
0.938593 0.197298 0.235915  1.69173
0.928585 0.149888  0.23348  1.67318
0.934827 0.202563 0.248764   1.6848
0.924086 0.138224 0.208871  1.66559
0.916222 0.126996 0.185185  1.64619
  0.853344 0.00257457  0.0895848    1.55241
0.908953 0.134442 0.179397   1.6329
0.926729 0.117774 0.277458  1.67898
0.927876 0.151986 0.252943  1.67307
  0.9284 0.127642 0.282011  1.68349
0.929967  0.14078 0.275749  1.68454
0.931061 0.149865 0.269199   1.6849
 0.94077 0.192147 0.224617  1.69644
0.931438 0.157617  0.24647  1.68129
0.941916 0.187337 0.214244  1.69995
0.934184 0.154475  0.21373   1.6841
0.937765 0.163791 0.200633  1.69097
  0.78916  0.121972 -0.427944   1.44415
 0.788215  0.114969 -0.425159   1.43957
 0.793581  0.116963 -0.419469   1.44859
 0.790779  0.117752 -0.421333   1.44356
 0.785897  0.108224 -0.425431   1.43363
 0.780456  0.104449 -0.426761   1.42184
 0.787007   0.10104 -0.418979   1.43153
 0.785725  0.104985 -0.423092    1.4314
 0.799941  0.109262 -0.408422   1.45581
 0.795553 0.0977621 -0.408005   1.44429
 0.806869 0.0949629 -0.391123   1.46099
 0.802159  0.101946 -0.398563   1.45484
  0.78921  0.111166 -0.420909   1.43888
 0.793012  0.102739 -0.413329   1.44199
 0.795475  0.111556 -0.411571   1.44787
  0.79252  0.107249 -0.417706   1.44391
 0.781109  0.149577 -0.451387   1.44261
 0.768195  0.166783 -0.461509   1.42269
0.759124 0.127163 -0.45535   1.3962
0.761226  0.12547 -0.45474  1.39999
 0.756631  0.124877 -0.454239   1.38985
 0.753693  0.124083 -0.451929    1.3819
 0.755661  0.121931 -0.450685   1.38496
 0.755935  0.123141 -0.451594   1.38628
0.760942 0.120979 -0.45117  1.39648
 0.757696  0.119816 -0.449101   1.38798
 0.760094  0.117555 -0.447067    1.3915
 0.760271  0.119046 -0.448375   1.39288
0.757968 0.124868 -0.45351  1.39222
 0.757922   0.12113 -0.450179    1.3893
 0.760295  0.122761 -0.452013    1.3959
 0.758564  0.122869 -0.452682   1.39266
 0.774254  0.164705 -0.453418   1.43157
 0.742995  0.214907 -0.438673   1.37258
 0.748192  0.224494 -0.430909   1.38166
 0.738199  0.217213 -0.433261   1.35943
 0.740613  0.222241 -0.429181   1.36339
  0.73491  0.221831 -0.432471   1.35279
 0.736749  0.219644 -0.430598   1.35545
 0.742161  0.221342 -0.432936   1.36925
 0.741278  0.218588 -0.433919    1.3672
 0.838487  0.235986 -0.415992   1.55575
 0.843422  0.234506 -0.410694   1.56354
 0.837588   0.23813 -0.411455   1.55379
 0.839164  0.235978 -0.412681   1.55558
 0.848663  0.232979 -0.405019   1.57192
 0.854265  0.230922 -0.398769    1.5808
 0.847805  0.235807 -0.400072   1.57011
 0.849471  0.233003 -0.401113   1.57184
 0.836948  0.241944 -0.404657   1.55171
 0.841707  0.243895 -0.400386   1.56077
 0.844096  0.234544 -0.407207   1.56333
 0.844742  0.238363 -0.401336   1.56462
 0.839253   0.23948 -0.407688   1.55606
   0.8426  0.236819 -0.406083   1.56166
 0.751444  0.134994 -0.460897   1.38484
0.748398 0.138701 -0.46142  1.37952
 0.749668  0.133513 -0.458352   1.37922
 0.747903  0.135607 -0.458774   1.37615
 0.747931  0.132758 -0.456032   1.37374
  0.74837  0.134057 -0.458245   1.37652
0.748534 0.136966 -0.46037  1.37882
 0.750529  0.135315 -0.460024   1.38248
 0.855075  0.231004 -0.394479   1.58061
 0.856456  0.235799 -0.387177   1.58328
 0.849568  0.237499 -0.395617   1.57247
0.853497    0.234  -0.3935  1.57899
0.857788  0.24342 -0.37825  1.58614
 0.844076  0.244569 -0.394519   1.56359
 0.847084  0.240859 -0.393217   1.56801
 0.853766  0.243597 -0.387137   1.58094
 0.882951  0.238142 -0.344787   1.62776
 0.867717  0.239867 -0.365393   1.60217
 0.881098  0.226221 -0.354237   1.62214
 0.873421  0.229541 -0.365371   1.61036
 0.879075  0.219542 -0.363996   1.61822
 0.877381  0.223521 -0.362801   1.61639
 0.870925   0.23435 -0.363974   1.60679
 0.878003   0.23802 -0.356596   1.62092
 0.908745  0.193804 -0.323591   1.66474
 0.914811  0.189313 -0.313703    1.6745
 0.909246  0.198309 -0.313867   1.66445
 0.910174  0.195201 -0.317069   1.66606
 0.920732  0.183609 -0.302745   1.68352
 0.925718   0.17754 -0.292211   1.69061
 0.921351  0.187247 -0.291486   1.68304
 0.922048  0.184956 -0.295065   1.68436
 0.907113  0.215698 -0.310068   1.66401
 0.914264  0.216936 -0.300592   1.67799
 0.916298  0.190688 -0.305816   1.67556
 0.919327   0.19788 -0.292555   1.68094
0.911661 0.202479 -0.30594  1.66835
  0.91516  0.194898 -0.303799    1.6741
 0.927157  0.197941 -0.270811   1.69372
 0.933379  0.199661 -0.260301   1.70598
 0.929988  0.178501 -0.273443   1.69579
0.930308  0.17295 -0.28243  1.69752
 0.935359  0.168777 -0.271851   1.70559
 0.931029  0.175033 -0.275035   1.69736
 0.939995  0.167462 -0.249106   1.71061
0.940037 0.163469 -0.26024  1.71246
 0.943862  0.158023 -0.249476   1.71769
 0.940667  0.165465 -0.251969     1.712
 0.931775   0.18345 -0.264205   1.69834
 0.936104  0.170896 -0.262962   1.70514
 0.938244  0.178943 -0.249828   1.70887
 0.934948  0.175422 -0.262415   1.70376
 0.944195  0.178642 -0.228231    1.7181
  0.94911  0.180902 -0.217785   1.72797
   0.9468  0.159626 -0.230882   1.72062
 0.947421  0.153826 -0.239674   1.72296
 0.951301  0.149939 -0.229219   1.72907
 0.947721  0.156434 -0.231894   1.72211
 0.954558  0.148065 -0.206601    1.7316
 0.954747  0.144832 -0.217969   1.73389
  0.95764  0.139947 -0.207863   1.73786
 0.955018  0.147142 -0.209827   1.73301
 0.948117  0.164929 -0.221171   1.72237
 0.951651  0.152525 -0.220045   1.72807
  0.95327  0.160494 -0.206793   1.73071
  0.95066  0.156684 -0.219925   1.72673
 0.737647  0.197394 -0.449176     1.363
 0.741707  0.205296 -0.443725    1.3702
 0.734158  0.198922 -0.444494   1.35279
 0.735873  0.203071 -0.441594   1.35562
 0.731683  0.202123 -0.443371   1.34719
 0.732964  0.200868 -0.442499   1.34956
 0.737084  0.202385 -0.444904   1.36045
0.736337 0.200201 -0.44557  1.35873
 0.739018   0.24621 -0.417113   1.35988
 0.743439  0.239825 -0.417234   1.36771
 0.746447  0.246371 -0.411647   1.37275
 0.741486   0.24282 -0.413755   1.36245
 0.749551  0.236696 -0.422627   1.38348
 0.755851  0.248842 -0.411671    1.3943
 0.748303  0.245206 -0.414667   1.37883
 0.747621  0.241045 -0.416504   1.37712
 0.971366  0.123995 -0.120988   1.75353
  0.97192  0.125898 -0.119748   1.75498
 0.970312  0.122788 -0.139401    1.7535
 0.970662  0.120749 -0.153866   1.75655
 0.972464  0.117319 -0.143342   1.75891
 0.970636  0.124579 -0.145216   1.75555
 0.973609   0.11594 -0.121474    1.7584
 0.973723  0.114109 -0.133826   1.76024
  0.97467  0.111932 -0.125308    1.7612
 0.973884  0.117903 -0.127761   1.76024
0.971301 0.127643 -0.13213   1.7555
 0.972466  0.121409 -0.135918   1.75829
 0.973076  0.125328 -0.123818    1.7585
 0.972235  0.120007 -0.130625   1.75668
 0.860343  0.242022 -0.351995   1.58219
 0.873491  0.247893 -0.337609   1.60804
  0.95634 0.0126888  0.206098   1.72447
 0.963778 0.0367817  0.188834   1.73972
    0.96302 0.000627372    0.193461     1.73935
  0.961776 0.00769052   0.191226    1.73505
 0.968413 0.0575758  0.121001   1.74122
 0.967093 0.0504809  0.158523   1.74288
  0.969467 -0.0219488   0.148448    1.74849
 0.974602 0.0202516  0.111265   1.75458
   0.97581 -0.0236974  0.0889317     1.7589
 0.974024 -0.032496  0.104903   1.75454
0.966248 0.023798 0.155998  1.73971
 0.971787 0.0174773  0.119165   1.74875
  0.967776 -0.0151742   0.147021    1.74309
 0.968675 0.0250646  0.148484   1.74481
 0.904867  0.199913 -0.326742   1.65826
 0.906891  0.205512 -0.316218   1.66161
  0.90226  0.210862 -0.324267   1.65541
 0.904426    0.2018 -0.321834   1.65697
 0.900558  0.232104 -0.323321   1.65885
 0.903318  0.211255 -0.315442    1.6559
 0.904441  0.211978 -0.314562   1.65841
 0.975853  0.114874 -0.119959   1.76379
 0.976816   0.11436 -0.109848    1.7649
 0.974525   0.11982 -0.116462   1.76051
 0.975318   0.11298 -0.112909   1.76135
 0.977723  0.114676 -0.100487   1.76616
  0.978288   0.114632 -0.0914184    1.76665
0.975997 0.121036 -0.09768   1.7621
 0.976877  0.114302 -0.093424   1.76326
 0.972706  0.130613 -0.113706   1.75678
 0.973602  0.131788 -0.105046    1.7581
 0.976091  0.113596 -0.103329   1.76225
  0.9751 0.119292  -0.1003  1.75992
  0.97452  0.119102 -0.108567   1.75941
0.975336 0.119499 -0.10702  1.76133
0.929511 0.137906 0.250737  1.67884
 0.970311  0.127607 0.0686133   1.74922
0.970298 0.134772 0.072715  1.74855
 0.971081  0.134773 0.0702995   1.75007
 0.970707  0.134496 0.0720584   1.74983
 0.971408  0.143978 0.0733264   1.75002
0.970762  0.14578 0.074263  1.74817
 0.971151  0.142718 0.0724508   1.75021
 0.970053  0.146783 0.0779523   1.74758
 0.970862  0.140325 0.0768882    1.7494
 0.839885  0.418851 0.0301403   1.53436
 0.850541  0.404419 0.0065163   1.54979
 0.855888  0.399502 0.0375162   1.56001
 0.847726  0.398339 0.0248424   1.54054
  0.864924    0.38733 -0.0110053    1.57492
 0.871369  0.385819 0.0446664   1.58881
 0.862322  0.386219 0.0351904   1.56781
 0.863503  0.383767 0.0067818   1.56954
0.930827 0.141265 0.265341   1.6835
 0.924843 0.0811584  0.294448    1.6767
0.924898 0.100963 0.280089  1.67425
 0.922826 0.0951468  0.300557   1.67529
 0.944261 0.0848904   0.22337   1.70395
 0.940411 0.0871056  0.230121   1.69642
0.904798 0.102446 0.338448  1.64738
 0.910779 0.0886128  0.330207   1.65678
0.901644 0.088095 0.351356  1.64479
 0.905903 0.0888486  0.336605   1.64781
  0.91532 0.0745334  0.321345   1.66275
 0.922603 0.0653197  0.301579   1.67235
 0.916653 0.0543126  0.324669   1.66601
 0.918921 0.0584889  0.317132    1.6686
 0.896268 0.0631426  0.357767   1.63565
 0.906784 0.0388745  0.341079   1.65046
 0.887769 0.0235322  0.359489   1.62042
 0.899759 0.0354695  0.353352   1.64006
  0.91245 0.0717536  0.329041   1.65863
 0.912439 0.0480386  0.338114   1.66117
 0.903211 0.0686401   0.34894    1.6456
 0.908475 0.0690757  0.341927   1.65486
0.870765 0.306707 0.231287  1.58664
0.876242 0.308997 0.221544  1.59529
0.877799 0.300695 0.231285   1.5987
  0.8746 0.302812 0.226613  1.59092
0.883954 0.309498 0.211796  1.60914
0.885736 0.296069 0.232082  1.61383
0.881479 0.298395 0.228493  1.60408
0.882008 0.302485 0.217905  1.60413
0.926241 0.153381 0.246323   1.6664
0.924308 0.109705 0.289294  1.67579
0.872581 0.126123 0.337004  1.58526
0.883197 0.120974 0.349504  1.60923
0.869956 0.104747 0.347838  1.58072
0.877236 0.119171 0.345932  1.59852
0.892604 0.113244 0.350417  1.62668
0.901471 0.105566 0.338624  1.64009
 0.896315 0.0921437  0.352197   1.63333
0.897067  0.10744 0.353117  1.63726
 0.871052 0.0731188  0.357101   1.58363
 0.889057 0.0688241  0.358431   1.62004
 0.878087 0.0313348  0.360171   1.59819
 0.879769 0.0636091  0.363317   1.60574
 0.88736 0.112914 0.355935  1.62011
 0.890121 0.0900195  0.360166   1.62532
 0.876906 0.0957436  0.357124    1.5995
 0.884307 0.0980733  0.355746   1.61123
 0.912693 0.0943312   0.32548   1.65972
 0.909882 0.0998387  0.324107   1.65314
 0.917637 0.0952375   0.30505   1.66424
 0.922121 0.0771526  0.308025   1.67438
 0.917692 0.0769029  0.311868     1.665
 0.916495 0.0953636  0.316565   1.66563
  0.78536  0.117704 -0.428153   1.43537
 0.782591  0.124388 -0.435023    1.4341
 0.785189  0.121174 -0.429632   1.43631
 0.776877  0.119417 -0.439092   1.42332
 0.776157  0.126206 -0.445284    1.4262
 0.777515  0.122483 -0.439516   1.42534
 0.783413   0.11221 -0.428464   1.43043
 0.778523  0.113669 -0.434384    1.4233
 0.779839  0.107487 -0.429953   1.42264
  0.78027  0.110095 -0.431791   1.42512
 0.781183  0.121234 -0.437329   1.43183
 0.778397  0.116099 -0.436132   1.42443
 0.782957   0.11523 -0.430862   1.43125
 0.781261  0.117981 -0.433317   1.42934
 0.776877   0.15599 -0.459748    1.4383
 0.823616  0.236071 -0.431554   1.53144
 0.826474  0.236718 -0.428666   1.53633
 0.821714  0.237291 -0.429403   1.52812
 0.823382  0.236334 -0.430013   1.53019
 0.829859  0.237041 -0.425081   1.54191
 0.833881  0.236841 -0.420858    1.5484
0.827951 0.238945 -0.42195  1.53842
 0.829889   0.23716 -0.422654   1.54075
 0.818441  0.239597 -0.423875   1.52084
 0.821845  0.241418 -0.420188   1.52689
 0.826278  0.236901 -0.426653    1.5349
  0.82517  0.239385 -0.423117   1.53307
0.821878 0.238152 -0.42718  1.52772
 0.824573  0.238148 -0.426087   1.53286
 0.821695  0.235019 -0.433496   1.52799
 0.819222  0.234093 -0.434156   1.52406
 0.821202  0.233274 -0.434416   1.52699
 0.820507  0.233766 -0.433956   1.52538
  0.81657  0.232658 -0.433969   1.51892
0.812586 0.233097 -0.43387  1.51242
 0.815826  0.229501 -0.436652   1.51821
 0.815307  0.231686 -0.434382   1.51649
  0.82214  0.230323 -0.433917   1.52803
 0.820025  0.226577 -0.436711   1.52527
 0.825723  0.225097 -0.429975   1.53246
 0.82266  0.22585 -0.43319  1.52765
 0.818146  0.232444 -0.434411   1.52155
  0.81818  0.228589 -0.435481    1.5212
 0.820637  0.230977 -0.434442   1.52523
 0.819025  0.231201 -0.435393   1.52359
0.930142 0.145576 0.258555  1.68061
  0.976898 -0.0929033  0.0768072    1.76791
 0.957789 -0.121348  0.160943   1.73589
  0.965716 -0.0689742   0.147287    1.74284
  0.964417 -0.0826262   0.153181    1.74603
  0.92622 -0.104473  0.258901   1.68136
  0.891634 -0.0450367   0.325631    1.61753
 0.929709 -0.052156  0.275298   1.68402
  0.919828 -0.0775739   0.318484    1.68382
  0.959028 -0.0319265   0.195543    1.73109
  0.946781 -0.0296405   0.233002    1.70911
   0.953501 -0.00247805    0.207813     1.71784
  0.952966 -0.0194486   0.228454     1.7229
 0.944062 -0.101377  0.244376   1.72072
 0.942502 -0.054802  0.266016   1.71251
  0.958206 -0.0496326   0.209967    1.73556
  0.949212 -0.0752889   0.216711     1.7173
0.876985 0.210359 0.313316  1.59963
0.882485 0.218229 0.312167   1.6096
0.885119 0.209635 0.315722  1.61503
0.881452 0.212811 0.313773  1.60685
0.888827  0.22209 0.305917  1.62045
0.894217 0.205753 0.311656  1.63084
0.888124 0.209993 0.312538  1.61854
0.887324 0.214755 0.307956  1.61623
0.876559 0.139259 0.328308  1.59289
0.879874 0.147371 0.323745  1.59985
0.885564 0.148655 0.337166   1.6139
0.881328 0.145115 0.326673  1.60396
0.880807 0.155445 0.322461  1.60247
0.880215 0.164176 0.322184   1.6021
0.886744   0.1666 0.330812  1.61653
0.882317 0.162513 0.322802  1.60696
0.891679 0.153923 0.336919  1.62521
0.892283 0.162423 0.331534  1.62574
0.898556 0.151658  0.32817   1.6358
0.893506 0.156532  0.33576  1.62911
0.882456 0.153822 0.323588  1.60647
 0.88843 0.163311  0.33329  1.62066
0.888085  0.15394 0.336645  1.62004
0.886588 0.157872 0.333333  1.61611
 0.760823  0.162628 -0.458519   1.40544
 0.760992  0.162516 -0.458426   1.40572
 0.761345  0.162565 -0.458598   1.40637
 0.760973  0.161379 -0.459814   1.40616
 0.760915  0.161384 -0.459969   1.40611
 0.761003  0.161495 -0.459585   1.40614
 0.760764  0.161741 -0.459955   1.40587
0.761022 0.161325 -0.45967  1.40619
 0.771567  0.163784 -0.460198   1.42848
 0.760914  0.161297 -0.459872   1.40605
 0.751812  0.133625 -0.460012   1.38482
 0.753339  0.132263 -0.459633   1.38754
 0.749937  0.132243 -0.457973   1.37933
 0.747722  0.131778 -0.455415   1.37276
 0.749041  0.129881 -0.454893   1.37489
 0.749386  0.130855 -0.455463   1.37612
 0.752757  0.128686 -0.456596   1.38377
 0.750382  0.128048 -0.454116   1.37692
  0.75191  0.126082 -0.453173   1.37923
 0.752208  0.127208 -0.453933    1.3805
 0.750948  0.131972 -0.457668    1.3812
 0.750677  0.129085 -0.454792   1.37812
 0.752435   0.13005 -0.457078   1.38363
 0.751171  0.130432 -0.457183    1.3811
 0.760842  0.161509 -0.460019   1.40601
 0.763206  0.160221 -0.456095    1.4084
 0.768288  0.163287 -0.460886   1.42183
  0.77003  0.162035 -0.462844   1.42615
 0.773292  0.160623 -0.464716   1.43355
  0.77395  0.124815 -0.446781   1.42211
 0.769852  0.120409 -0.445246   1.41193
 0.774101  0.118378 -0.440801   1.41816
 0.772877  0.121256 -0.443059   1.41727
 0.767303  0.116925 -0.445349   1.40594
 0.763078  0.115245 -0.444354    1.3959
 0.766574  0.112814 -0.441219   1.40118
 0.766519  0.114576 -0.443017   1.40236
 0.775402  0.112453 -0.436852   1.41777
 0.770446  0.110363 -0.437299   1.40688
0.775075 0.107579 -0.43258  1.41381
 0.774759  0.110024 -0.435205   1.41492
 0.769502  0.117837 -0.443394   1.40965
 0.770256  0.112415 -0.439523   1.40803
 0.773851    0.1158 -0.439209   1.41626
 0.770998  0.114813 -0.441392   1.41124
  0.76071  0.161226 -0.459678   1.40553
 0.765479  0.157434 -0.452507   1.41127
 0.778139  0.152549 -0.451797   1.43669
 0.782835  0.127554 -0.434734   1.43475
 0.780734  0.136342 -0.441977   1.43524
 0.776396  0.128449 -0.444215   1.42611
 0.781253    0.1323 -0.441658   1.43575
 0.770584  0.133622 -0.454623   1.42002
 0.784965  0.140457 -0.440187   1.44409
 0.787754  0.130849 -0.432697   1.44483
 0.791106  0.140544 -0.429052   1.45172
0.787137 0.135124 -0.43007  1.44267
 0.771689  0.157938 -0.465426   1.43005
 0.760706  0.162725 -0.458945   1.40548
 0.760533  0.162748 -0.459085   1.40518
 0.762248  0.161867 -0.454919   1.40634
 0.761147  0.162956 -0.458577   1.40591
 0.766379  0.165134 -0.459909   1.41782
 0.763328  0.163469 -0.455379   1.40928
 0.762544  0.160709 -0.456421   1.40726
 0.743022  0.156139 -0.470103   1.37727
 0.760781  0.161408 -0.459985   1.40585
 0.770723  0.166094 -0.460421   1.42732
 0.762012   0.16185 -0.458199   1.40723
 0.765253  0.162341 -0.455171   1.41291
 0.761524  0.162246 -0.458522   1.40663
 0.763682  0.165069 -0.446919    1.4075
 0.761119  0.162241 -0.458366   1.40588
 0.760505  0.161701 -0.459991   1.40531
 0.761111  0.162292 -0.458622   1.40606
 0.762521  0.161486 -0.458158   1.40817
 0.761173   0.16161 -0.458707   1.40608
 0.761003  0.161715 -0.459329   1.40606
 0.761162  0.161132 -0.459103   1.40618
 0.760965  0.162006 -0.459109   1.40593
 0.761065  0.161964 -0.458593   1.40587
 0.761048  0.162094 -0.459029   1.40609
  0.79533  0.145137 -0.415613   1.45505
 0.801419  0.144051 -0.407014   1.46398
 0.795805  0.153722 -0.409049   1.45451
 0.797069  0.145755 -0.408841   1.45562
 0.810724   0.14045 -0.392022   1.47699
0.826959 0.142816 -0.37048  1.50506
  0.80813  0.158592 -0.386129    1.4726
 0.812537  0.144991 -0.381785   1.47808
 0.794524  0.160341 -0.403561   1.45067
0.798825 0.165991 -0.39682  1.45829
 0.792122  0.172155 -0.405728    1.4488
 0.795009  0.164481 -0.402036    1.4522
 0.803149  0.143274 -0.395965   1.46251
0.802359 0.157353 -0.39317  1.46292
  0.79661  0.153741 -0.401698   1.45295
0.801675 0.153232 -0.39713   1.4618
  0.79202  0.148698 -0.414259   1.44773
 0.791912  0.152961 -0.414768   1.44871
 0.789922  0.160475 -0.406136    1.4419
 0.788104  0.167897 -0.410999   1.44198
 0.785982  0.157758 -0.423693   1.44133
 0.788387   0.16018 -0.415153   1.44275
 0.743175  0.145874 -0.463848   1.37158
 0.744517  0.144332 -0.463469   1.37383
 0.741164  0.145183 -0.461102    1.3654
 0.738838  0.145149 -0.458327   1.35843
  0.74011  0.143309 -0.458153   1.36063
   0.7406  0.144061 -0.458519     1.362
 0.743214  0.141535 -0.460646   1.36865
   0.7412  0.141655 -0.457899   1.36243
 0.742213  0.139974 -0.457679   1.36409
 0.742717  0.140683 -0.458013   1.36547
 0.742291  0.144592 -0.461077   1.36761
 0.741655  0.142366 -0.458277   1.36374
 0.743383  0.142509 -0.460999   1.36943
 0.742136  0.143326 -0.460709    1.3668
 0.735946  0.162849 -0.464105   1.36042
 0.735464  0.167736 -0.462352    1.3594
 0.733616   0.16266 -0.460252   1.35284
 0.733199  0.165256 -0.459341   1.35194
 0.731752  0.163328 -0.458044    1.3472
 0.732365  0.163765 -0.459356   1.34989
 0.733972  0.165813 -0.462065   1.35568
 0.734862  0.164288 -0.462049   1.35715
 0.768465  0.167041 -0.456778   1.42154
 0.774706  0.162245 -0.459386   1.43448
 0.764126  0.158723 -0.453695   1.40909
 0.755987  0.135505 -0.461791   1.39487
 0.759893  0.132733 -0.460804   1.40199
 0.760335  0.162074 -0.460008   1.40502
 0.767773  0.157999 -0.457427   1.41844
 0.760232  0.162439 -0.459855    1.4048
 0.770715  0.165476 -0.456024   1.42552
 0.764009  0.162851 -0.455041   1.41038
 0.76024 0.162747 -0.45958  1.40475
 0.762382  0.161745 -0.453828   1.40622
 0.761538  0.162112 -0.455682   1.40528
 0.760609  0.162787 -0.456732   1.40403
 0.760062  0.162318 -0.459903   1.40444
 0.761583  0.162518 -0.457123   1.40601
 0.760441  0.163019 -0.459069   1.40497
  0.76082  0.162937 -0.458774   1.40548
 0.761879  0.162497 -0.454132    1.4055
 0.760648  0.163015 -0.458854   1.40524
 0.760396  0.163115 -0.458403   1.40437
 0.760568  0.162851 -0.458846   1.40516
 0.760401  0.163042 -0.458963   1.40479
0.966446 0.136096 0.067803  1.74337
 0.971897   0.12827 0.0338964   1.75508
 0.971391  0.131415 0.0621602   1.75101
 0.969415  0.140029 0.0629759   1.75103
  0.980368  0.0898435 0.00197042    1.77307
   0.981822   0.0191301 0.000501874     1.77447
 0.979262 0.0824268 0.0472752    1.7649
 0.979703 0.0447265 0.0430222   1.76694
 0.973784  0.120784 0.0687438   1.75386
 0.975782  0.101997 0.0642649   1.75662
 0.973136  0.122505 0.0842244   1.75288
 0.97424 0.109408 0.078646  1.75421
 0.973932  0.113792 0.0405825   1.75851
 0.976235  0.091595 0.0603216   1.75773
 0.973141  0.122174 0.0671467   1.75395
 0.975355  0.111589 0.0429112   1.75768
 0.873587  0.371842 0.0907988   1.59049
0.880995 0.356536 0.124193   1.6049
0.863458 0.376903 0.107052  1.57198
0.868527 0.366408 0.124423  1.58138
0.857199 0.379924 0.124581  1.56282
0.862226 0.368735  0.11798  1.56706
0.872753 0.361055 0.119889  1.58722
0.871835 0.363062 0.103506  1.58409
  0.816951   0.428342 -0.0974768    1.49534
 0.825954  0.408477 -0.117305   1.50704
  0.838366   0.407022 -0.0882583    1.53003
  0.825029   0.407427 -0.0986007    1.50152
 0.839526  0.387501 -0.135015   1.53116
  0.861514   0.384328 -0.0831812    1.57211
  0.842872   0.394544 -0.0936152    1.53525
 0.837141  0.387534 -0.111552   1.52157
  0.880441   0.349877 -0.0764493    1.59956
 0.974393   0.13011 0.0340669   1.75624
  0.97385  0.136203 0.0387314   1.75489
  0.97418  0.136674 0.0314514    1.7553
 0.974136  0.137722 0.0356559   1.75584
0.973321 0.141297  0.02505  1.75217
 0.972751  0.146442 0.0332406   1.75214
 0.972726    0.1471 0.0422097    1.7524
 0.969455  0.141116 -0.103335   1.74865
  0.971721   0.156281 -0.0799889    1.75388
 0.974388  0.142112 0.0219314    1.7554
 0.974417  0.140157 0.0241808    1.7551
 0.975349  0.135355 0.0184887   1.75803
 0.976038  0.130925 0.0164156   1.75972
  0.97562  0.130826 0.0216828   1.75884
 0.975557  0.130048 0.0178722   1.75842
 0.974605  0.137354 0.0297672   1.75656
 0.975311  0.131194 0.0271523   1.75834
0.974964 0.131121 0.032514  1.75776
 0.974765  0.130507 0.0283319   1.75691
 0.975101  0.134877 0.0196268   1.75723
 0.975131  0.130515 0.0224996    1.7576
 0.974452  0.136399 0.0230896   1.75582
 0.975059  0.135184 0.0231895   1.75735
  0.97587  0.129849 0.0124208   1.75901
0.975282 0.134817 0.015545  1.75759
  0.975487   0.134219 0.00822364    1.75784
 0.975536  0.135984 0.0128321   1.75846
    0.974432     0.136236 -0.000500313      1.75455
  0.974062   0.143073 0.00906556    1.75474
 0.974132   0.14383 0.0174036   1.75502
0.977204  0.12631 -0.01002  1.76157
  0.976638   0.129598 -0.0075845    1.76021
  0.976844   0.127361 -0.0142454     1.7604
  0.976889   0.130349 -0.0106378    1.76102
  0.976335   0.134921 -0.0146173    1.75915
  0.975762   0.131877 -0.0149979    1.75794
   0.975742    0.135278 -0.00767857     1.75821
 0.969707  0.152862 0.0605777   1.74437
  0.976325   0.138499 -0.0219923    1.76003
 0.976803  0.136748 -0.017255    1.7608
  0.977474   0.128465 -0.0257027    1.76233
    0.9783     0.1252 -0.0285313     1.7643
  0.978179   0.125391 -0.0230414    1.76394
  0.977825   0.124311 -0.0249526     1.7629
   0.97721   0.127641 -0.0160145    1.76143
  0.977955    0.12572 -0.0176419    1.76338
  0.977701   0.127088 -0.0121946    1.76293
   0.97747   0.124995 -0.0155194    1.76205
  0.977307   0.127525 -0.0215679    1.76163
  0.977718   0.124332 -0.0200395    1.76259
  0.977202   0.126701 -0.0178373    1.76121
  0.977451    0.12776 -0.0205026    1.76209
  0.977904   0.123796 -0.0305132    1.76313
  0.977268   0.128162 -0.0266804    1.76169
  0.977338   0.126818 -0.0332968    1.76181
  0.977487   0.128278 -0.0316617    1.76246
  0.976268   0.131443 -0.0364325    1.75927
  0.975979   0.133172 -0.0348722    1.75894
  0.975974   0.137785 -0.0280836    1.75928
  0.978241   0.119258 -0.0539149    1.76427
  0.977509   0.124723 -0.0498534    1.76268
  0.977409   0.122432 -0.0565118    1.76242
  0.977706   0.122975 -0.0558865    1.76332
  0.976263   0.133831 -0.0577013    1.76048
  0.976194   0.124062 -0.0567412     1.7594
  0.976169   0.130777 -0.0521225    1.75994
 0.971238  0.152555 0.0330523   1.74716
   0.97559   0.128772 -0.0742581    1.75943
  0.976265   0.133725 -0.0660787    1.76111
  0.977123   0.121137 -0.0782498    1.76304
  0.978782   0.115164 -0.0826238    1.76715
  0.979049   0.115403 -0.0740789    1.76715
  0.977907   0.115614 -0.0753478    1.76437
  0.977594   0.120574 -0.0621222    1.76304
  0.979041   0.116511 -0.0662043     1.7667
  0.978944   0.118511 -0.0591288    1.76627
   0.97825   0.117375 -0.0605092    1.76442
  0.976966   0.122671 -0.0705851    1.76217
  0.978178   0.116157 -0.0674666    1.76454
  0.977374   0.122892 -0.0617102    1.76266
   0.97744   0.121305 -0.0702351    1.76329
 0.966201  0.195505 0.0212661   1.74069
 0.970341  0.158251 -0.131114   1.75833
 0.961879  0.158798 -0.163983   1.74306
 0.969528  0.138798 -0.140609   1.75422
0.965619   0.1423 -0.15826  1.74817
 0.968406  0.128522 -0.155709   1.75231
  0.96745  0.132103 -0.156253   1.75069
 0.963894   0.14758 -0.161656   1.74568
 0.967258  0.156674 -0.152059   1.75378
 0.964464   0.16748 0.0750266   1.73352
 0.957716  0.142532 -0.200603   1.73682
 0.958157  0.148375 -0.191561   1.73717
 0.955928  0.151466 -0.199653     1.734
 0.957313  0.143665 -0.198196   1.73575
 0.953464  0.178626 -0.201874    1.7345
 0.955869  0.149812 -0.191109   1.73204
 0.956332  0.152039 -0.190092   1.73332
  0.975223   0.147496 -0.0382088    1.75826
 0.795863  0.398533 -0.212513   1.45778
 0.804261  0.378381 -0.223684   1.46892
 0.814808  0.383889 -0.200283   1.48819
 0.802849  0.381353 -0.209071   1.46287
 0.816689  0.361991 -0.236834   1.49385
  0.83532  0.370086 -0.194995   1.52742
0.819128 0.374405 -0.20505  1.49538
 0.814023  0.366573 -0.216563   1.48367
  0.887915   0.354466 -0.0122507    1.61216
 0.790391  0.329242 -0.313067   1.44994
0.810691 0.339844 -0.28073  1.48612
 0.781299  0.341025 -0.303704   1.43021
 0.791785  0.347741 -0.285812   1.44874
 0.775456  0.356994 -0.297456   1.42257
 0.780624   0.34473 -0.292694   1.42582
 0.794704  0.341123 -0.290699   1.45497
 0.788622  0.334944 -0.298333   1.44206
 0.967258  0.177415 -0.100936   1.74969
 0.943014  0.239227 -0.142006   1.71081
 0.926602  0.179245 -0.285442   1.69089
 0.927707  0.185865 -0.275616   1.69264
 0.923912  0.190312 -0.284655   1.68765
 0.925951  0.181296 -0.282255   1.68955
 0.920732   0.21437 -0.286427   1.68813
 0.923748  0.190714 -0.277644    1.6861
   0.9247   0.19322 -0.276283   1.68849
 0.757403  0.315292 -0.355893   1.39165
 0.762785  0.303197 -0.358154   1.39932
 0.770179  0.311146 -0.345912   1.41224
  0.76137  0.307031 -0.350797   1.39413
 0.770746  0.295363 -0.364244   1.41749
 0.784996   0.30918 -0.342339   1.44285
0.772612 0.306999 -0.34923   1.4183
  0.76896   0.30104 -0.354302   1.41056
 0.939202  0.219872 -0.201267   1.70977
 0.885358  0.229362 -0.343629   1.63043
  0.89223  0.232644 -0.336414   1.64444
0.884457 0.220774 -0.35282  1.62789
 0.884571  0.215802 -0.360931   1.62857
 0.891133  0.210644 -0.351521   1.63853
 0.886135   0.21605 -0.354474   1.62957
 0.898605  0.207963 -0.330515   1.64844
 0.897303  0.205089 -0.342098   1.64772
0.903145 0.198887 -0.33268   1.6562
 0.899412  0.205678 -0.335649    1.6503
  0.88757  0.223766 -0.345233   1.63287
 0.892881  0.211021 -0.345085    1.6401
 0.896619  0.218433 -0.332384    1.6472
 0.891288  0.215198 -0.342431   1.63783
  0.74567  0.277844 -0.393324   1.37148
 0.750744   0.26889 -0.393715   1.37948
 0.755494  0.276499 -0.385504   1.38765
 0.748846  0.272387 -0.388771   1.37392
 0.757918  0.263949 -0.398794   1.39674
 0.767207  0.277655 -0.383679   1.41308
 0.757607  0.274196 -0.388232   1.39369
 0.755976  0.268955 -0.391386   1.39007
 0.765563  0.352615 -0.302449   1.40144
 0.760261  0.342457 -0.318444   1.39231
 0.774676  0.336808 -0.308319     1.416
 0.769199  0.347397 -0.314337   1.41175
0.756269 0.331699 -0.33322  1.38566
 0.752718  0.321057 -0.346448   1.37973
 0.766368  0.317218 -0.336188   1.40213
  0.76104   0.32597 -0.343076   1.39775
  0.78169  0.326428 -0.318153   1.43187
 0.781329  0.317646 -0.323491   1.42983
 0.765001  0.336678 -0.329458    1.4046
 0.772348  0.322497 -0.332055   1.41522
 0.777788  0.331615 -0.318722   1.42481
 0.769927  0.326957 -0.323777   1.40814
 0.859892  0.237193 -0.377609   1.58881
   0.8647  0.239153 -0.372822   1.59816
 0.859606  0.232167 -0.386041   1.58885
 0.860181  0.228732 -0.391946   1.59024
 0.866047  0.225707 -0.384774   1.59934
 0.861193  0.228756 -0.387181   1.59033
 0.871235  0.227158 -0.371373   1.60725
 0.871983  0.222925 -0.377435   1.60876
  0.87807  0.219282 -0.369516    1.6182
    0.873  0.223037 -0.372223   1.60882
 0.861845  0.233943 -0.380792    1.5921
 0.866875  0.225823 -0.380065   1.59913
 0.867975  0.231142 -0.372729   1.60149
 0.865333  0.229134 -0.379021   1.59764
 0.823146  0.241969 -0.416435   1.52811
 0.828948  0.240268 -0.418841   1.53944
 0.834253  0.236891 -0.417947   1.54775
 0.834776  0.240346 -0.412548   1.54877
 0.832619  0.238897 -0.417102   1.54585
 0.834894  0.245402 -0.405577   1.54867
0.826484 0.242517 -0.41665  1.53468
 0.832364  0.245158 -0.411805   1.54593
 0.878769  0.250287 -0.313798   1.61151
 0.816451  0.234134 -0.432497    1.5183
0.812922 0.235602   -0.431  1.51233
 0.814149  0.234663 -0.429754   1.51315
 0.819099  0.235095 -0.432832   1.52343
 0.821394  0.235373 -0.432542   1.52694
 0.819645  0.236694 -0.430436   1.52399
 0.820366   0.23559 -0.432274   1.52598
 0.816455  0.238392 -0.424814   1.51665
 0.818078  0.235733 -0.432628   1.52174
0.817114 0.236922 -0.42741    1.519
 0.819003  0.236999 -0.430725   1.52311
0.749257 0.310956 -0.35911  1.37434
 0.745772  0.301484 -0.369488   1.36839
 0.757356  0.299069 -0.361359   1.38776
 0.753118  0.305943 -0.366941   1.38424
 0.743333  0.291928 -0.378879   1.36435
0.741366 0.282809 -0.38722  1.36115
 0.752058    0.2814 -0.379443    1.3791
  0.74793  0.286859 -0.385236   1.37527
0.763445 0.291922 -0.36786  1.40229
 0.763921  0.284871 -0.371037   1.40228
 0.750357  0.296262 -0.376632    1.3795
 0.756763     0.286 -0.376735   1.38932
 0.760367   0.29458 -0.368027   1.39565
   0.7542   0.28997 -0.371453   1.38258
0.932417 0.148618 0.201535  1.67575
0.929416 0.149606 0.212164  1.67104
0.922826 0.142273 0.207613  1.66569
0.899474 0.237245 0.317358  1.63332
0.922664 0.226267 0.279177  1.66785
 0.808632 -0.111476  0.209363   1.45758
0.936902 0.210085 0.244902  1.68901
0.879535 0.179909 0.365971  1.59294
0.913848 0.205494 0.295351  1.64801
0.930169 0.154196 0.247229  1.67701
0.932184 0.217062 0.258855  1.68212
  0.9304 0.153355 0.255385  1.67944
0.930623 0.149075 0.261226  1.68157
0.869904 0.276783 0.262511  1.58383
 0.86936 0.284193 0.254801  1.58254
0.876099 0.280892 0.254943  1.59463
0.872137 0.283101 0.257956  1.58956
0.868862 0.291783 0.246539  1.58142
0.868133 0.299306 0.237586  1.57972
0.875531 0.294134 0.237263  1.59275
0.871235 0.298285  0.24121  1.58756
0.882209 0.282214 0.247962  1.60523
0.883446 0.285346 0.239004  1.60674
0.871794 0.290675 0.249751  1.58877
0.877355   0.2926 0.242455  1.59774
0.877931 0.286255 0.250638  1.59939
 0.87557 0.288102  0.24625  1.59342
0.930363 0.135329 0.258794   1.6822
0.929826 0.153051 0.278939  1.68525
0.930937 0.120313 0.257779  1.68384
0.927217  0.15431 0.250722  1.66995
0.930813 0.109837 0.274274  1.68708
0.931878 0.158794 0.254187  1.68567
0.937496 0.066061 0.248889  1.69229
 0.949061 0.0234683  0.236607   1.71508
  0.94213 0.0404681  0.249474   1.70194
 0.942934 0.0364384  0.255044   1.70537
 0.933416 0.0499798  0.273361    1.6883
 0.930336 0.0576303  0.277196   1.68241
 0.938303 0.0564994  0.266714   1.69862
0.928598 0.146582 0.252963  1.67587
0.884648  0.28088 0.252164  1.61143
0.886727 0.268417   0.2662  1.61655
0.877882  0.27926 0.258877  1.59927
0.879226 0.271694 0.265992  1.60232
0.872728 0.275505 0.265402  1.59087
0.876363 0.273978 0.262277  1.59544
0.882558 0.271088 0.263756  1.60732
0.882748 0.275054 0.256149   1.6068
 0.929484 0.0729195  0.291565   1.68633
 0.932819 0.0882136  0.272507   1.69003
  0.92732 0.0863703  0.277756   1.67807
0.941741 0.193062 0.204587  1.69578
0.942475 0.180932 0.204258    1.702
 0.93017 0.152898 0.231962  1.67856
0.927277 0.148334 0.206134  1.67647
0.931519 0.154907 0.260725  1.68415
0.932193 0.160578 0.249437  1.68544
0.925288 0.147733 0.235068  1.66455
0.930942 0.186167 0.233382  1.68356
 0.92796 0.207034 0.265792  1.67268
0.928818 0.147241 0.276487   1.6827
0.919267 0.131486 0.207871  1.65316
0.931352 0.157412  0.25531  1.68261
0.917595 0.133183 0.209235  1.65332
0.922021 0.172522 0.296402  1.67574
0.920969 0.134104 0.214351  1.65159
0.932265 0.199703 0.243071  1.68314
0.915949 0.135105 0.211084  1.64269
0.923653 0.146696 0.236972   1.6616
0.906288 0.104502 0.208978    1.629
0.883735 0.126994 0.150446  1.58773
0.912012 0.146591  0.31215  1.64603
0.895801 0.115379 0.178907  1.60469
0.908021 0.122485 0.212632  1.62726
0.901206 0.125017 0.180416   1.6103
0.883618 0.254506 0.279164  1.60905
0.884623 0.257955 0.271773  1.61016
 0.87776 0.251955 0.285152   1.5989
0.871482 0.245979 0.290576  1.58767
0.870913 0.253771  0.28436  1.58637
 0.87352 0.252425 0.286962   1.5929
0.877173 0.265613 0.270618  1.59707
0.870509 0.261505  0.27751  1.58539
0.870149  0.26886 0.270126  1.58436
0.872879  0.26765 0.273314  1.59132
0.879433 0.257285  0.28167  1.60321
 0.87321 0.260191 0.280339  1.59218
0.878802 0.263777 0.275083   1.6015
0.877143 0.259429 0.278004  1.59755
0.881569 0.172208 0.322511  1.60644
0.887581 0.182399 0.328163  1.61924
0.888167 0.172197 0.330533  1.62059
0.886074 0.175767 0.328203   1.6156
0.894099 0.183258 0.323163  1.62946
0.898911  0.16517 0.328884  1.63935
0.894192 0.167956 0.331272   1.6304
0.892697 0.170973 0.328691  1.62663
0.893533 0.179816 0.324929  1.62899
0.879127 0.173896 0.322173  1.60091
0.877733 0.183695 0.321373  1.59887
0.885444 0.185289 0.326516  1.61432
0.880401 0.181901 0.322009  1.60498
0.876285 0.193278 0.319177  1.59646
0.875042 0.202684 0.315788   1.5943
0.883536  0.20236 0.318335  1.61055
0.878038 0.200704 0.317283  1.60139
0.891636 0.186445 0.320072  1.62337
0.892868   0.1922 0.314202  1.62545
0.879169 0.191355 0.320323   1.6032
0.885673  0.19918 0.321614  1.61574
0.886621 0.190934 0.325684  1.61784
0.884249   0.1942 0.323026  1.61222
0.929226 0.132858 0.270155  1.68209
0.896343 0.283162 0.237981   1.6334
 0.93049 0.145094 0.266314  1.68324
0.935561 0.194591 0.229196  1.68975
  0.9261 0.131928 0.283003  1.67855
0.937472 0.189311 0.217214  1.69421
0.927968 0.146167 0.252457  1.67449
0.931626 0.156028 0.249873  1.68254
0.938473 0.184349 0.206057  1.69681
0.930471 0.152108 0.234076  1.67942
0.927087 0.143425 0.211495  1.67406
0.928562  0.15101 0.210093   1.6813
 0.93425 0.183897 0.220371  1.68898
0.926522  0.14514 0.208024  1.67281
0.934537 0.156633 0.187693  1.68974
 0.93485 0.155828 0.212686   1.6845
0.931179 0.155819 0.233097  1.68301
0.937876 0.158652 0.210573  1.68888
0.934502 0.158362  0.21434  1.68731
0.934036 0.161466 0.180658  1.69004
0.939237 0.165172 0.210388  1.69321
 0.768158    0.1235 -0.447575   1.41015
 0.769638  0.126583 -0.449336   1.41465
 0.762158  0.126767 -0.452882   1.40106
 0.766115  0.119518 -0.446701    1.4046
 0.762466  0.121592 -0.449939   1.39907
  0.76308  0.116924 -0.445971    1.3971
 0.763744  0.119046 -0.448413   1.40048
 0.763551  0.124422 -0.450332   1.40212
 0.766838  0.122661 -0.448991   1.40803
 0.776133  0.148322 -0.462002   1.43701
 0.758206   0.12891 -0.456707   1.39537
 0.754029  0.132544 -0.458919    1.3886
 0.756131  0.126483 -0.454849   1.38944
 0.753811  0.128735 -0.455989   1.38562
 0.753904  0.125288 -0.452834   1.38309
 0.754465  0.126846 -0.455194   1.38619
 0.754621  0.130487 -0.457321   1.38851
 0.757037  0.128693 -0.456735   1.39292
 0.769366  0.160626 -0.463105   1.42463
 0.776563  0.134836 -0.452327   1.43162
 0.777088  0.139815 -0.449394   1.43195
 0.747255  0.140208 -0.461194   1.37728
 0.748002  0.138835 -0.461434   1.37873
0.745028 0.138594  -0.4594  1.37106
 0.743158  0.138395 -0.457237   1.36549
 0.74434 0.136757 -0.45676  1.36737
  0.74465  0.137627 -0.457214   1.36845
 0.747189  0.135678 -0.459127   1.37489
 0.745492  0.135123 -0.456434   1.36929
 0.746519  0.133475 -0.456052   1.37092
 0.746781  0.134379 -0.456544   1.37193
 0.746042  0.138203 -0.459284   1.37303
0.745744 0.135962 -0.45687  1.37023
 0.746946  0.136729 -0.459385   1.37474
 0.746114  0.137112 -0.459102   1.37286
 0.743578  0.139214 -0.457671   1.36678
 0.745023  0.139695 -0.459773   1.37149
  0.74417  0.141078 -0.460551   1.37049
 0.743969  0.139946 -0.460031   1.36951
 0.745383   0.14343 -0.463826   1.37568
 0.745047  0.141892 -0.462458    1.3738
 0.746094  0.141302 -0.461651   1.37535
 0.779381  0.163119 -0.441679   1.43699
 0.743178  0.147146 -0.464586   1.37231
  0.74079  0.151142 -0.464626   1.36822
 0.741126   0.14624 -0.461413   1.36573
 0.739738  0.148346 -0.461421   1.36326
 0.739263  0.145974 -0.458779   1.35975
 0.739729  0.147009 -0.461044   1.36272
 0.740457  0.149417 -0.463707   1.36658
 0.742095  0.147978 -0.463369   1.36947
 0.786407  0.179737 -0.416862   1.44258
 0.782511  0.165747 -0.425338   1.43632
 0.783368  0.171061 -0.425546   1.43892
 0.738921   0.15447 -0.465105   1.36536
 0.737306  0.158856 -0.464364    1.3625
 0.736737  0.153842 -0.461621    1.3583
  0.73572  0.156178 -0.461228    1.3564
 0.734847  0.153955 -0.459195   1.35239
 0.735375  0.154758 -0.461026   1.35526
 0.736471  0.157033 -0.463726   1.35995
 0.737827  0.155571 -0.463529   1.36231
 0.797077  0.200947 -0.462064   1.48527
 0.798883  0.202682 -0.465372   1.49025
 0.798261  0.208542 -0.461126    1.4897
 0.797744  0.209832 -0.456841   1.48738
 0.791772  0.201406 -0.467931    1.4778
 0.795673  0.206423 -0.465586   1.48596
 0.734764  0.172502 -0.461185   1.35834
0.735508  0.17793 -0.45835  1.35934
0.732283 0.172776 -0.45698  1.35027
 0.732513  0.175613 -0.455525   1.35043
 0.730465  0.174044 -0.455021   1.34499
 0.731174  0.174058 -0.455765   1.34746
 0.733311  0.175885 -0.458435   1.35434
 0.733702  0.174282 -0.458607   1.35487
 0.774192   0.16393 -0.446378   1.42845
 0.733725   0.18212 -0.456337   1.35543
 0.734351  0.180239 -0.456409   1.35631
 0.731448  0.182942 -0.452048   1.34783
 0.728663  0.184913 -0.450403   1.34095
 0.728754  0.181687 -0.451722   1.34119
  0.73046  0.182991 -0.451648   1.34494
 0.731398  0.176964 -0.454742   1.34798
 0.728806  0.178634 -0.452872    1.3413
 0.728948  0.175659 -0.454016   1.34161
 0.730501  0.176859 -0.453963   1.34504
 0.732703   0.18142 -0.453002   1.35062
  0.73041  0.179914 -0.452849   1.34486
 0.732414  0.178345 -0.454575   1.35031
 0.731239  0.179798 -0.453307   1.34739
 0.742327  0.153329 -0.468941   1.37453
 0.745104  0.150528 -0.468434   1.37939
 0.728993  0.200277 -0.443697   1.34139
0.728726 0.196078  -0.4457  1.34097
 0.732526  0.197096 -0.444923    1.3492
0.731139   0.1978 -0.44547  1.34622
 0.728627  0.192157 -0.447414   1.34082
 0.728547   0.18835 -0.449039   1.34071
0.731859 0.189551 -0.44877  1.34825
0.730649  0.18993  -0.4489  1.34531
 0.735306  0.195466 -0.449559   1.35785
0.735763 0.193139 -0.44976  1.35831
 0.730812  0.193782 -0.447258   1.34561
 0.733296   0.19128 -0.448441   1.35146
 0.734023  0.195097 -0.446302   1.35259
 0.731944  0.193093 -0.446852   1.34811
 0.739483  0.172584 -0.467828   1.37238
 0.805663  0.233797 -0.431031   1.49787
 0.794009  0.233555 -0.424321   1.47061
   0.7971  0.237888 -0.423551   1.47773
 0.740651  0.182771 -0.463638    1.3747
 0.742837  0.205173 -0.449866   1.37668
 0.741252  0.200875 -0.450999   1.37296
 0.739562  0.212519 -0.439542   1.36524
 0.739883  0.209548 -0.439944   1.36532
 0.735954  0.215026 -0.434021    1.3546
 0.731332  0.219654 -0.433102   1.34519
 0.730641  0.214532 -0.436125   1.34411
 0.733933  0.216563 -0.435584   1.35111
 0.734229  0.205526 -0.439865   1.35187
0.729943 0.209543 -0.43884  1.34291
 0.729533  0.204748 -0.441397   1.34229
 0.732467  0.206649 -0.440964   1.34856
 0.737767  0.212439 -0.436011   1.35877
 0.733082  0.211601 -0.438408   1.34965
 0.736387  0.207652 -0.439201   1.35652
 0.734794  0.210021 -0.436999   1.35252
 0.752289  0.211041 -0.447432   1.39652
 0.745068  0.233872 -0.424137   1.37405
 0.745807  0.229862 -0.424975   1.37485
 0.740483  0.236947 -0.418473   1.36136
0.734305 0.243298 -0.41809  1.34978
   0.7336  0.236884 -0.422289   1.34872
 0.737834  0.239497 -0.421486   1.35779
  0.73848  0.225359 -0.426649   1.35843
 0.732939  0.230856 -0.426096    1.3477
 0.732186   0.22509 -0.429747   1.34655
0.736019 0.227368 -0.42902  1.35468
 0.742865  0.233789 -0.421374   1.36696
 0.736907  0.233286 -0.425375   1.35619
0.741185 0.227985 -0.42562  1.36425
 0.739192  0.230805 -0.422819   1.35924
 0.825015  0.270464 -0.366227   1.52156
  0.77945  0.250611 -0.405544   1.43879
 0.855162  0.253676 -0.354725   1.57533
 0.807196  0.252177 -0.397861   1.49188
  0.90076  0.246141 -0.283347    1.6503
 0.813154  0.280515 -0.360158   1.50032
 0.806863  0.359826 -0.243559   1.47302
 0.806656  0.348679 -0.252485   1.47071
 0.797124  0.373892 -0.230122   1.45305
  0.78485  0.394206 -0.219194   1.43357
 0.779597  0.384521 -0.241641   1.42437
0.789706 0.389595 -0.23584  1.44689
 0.787606  0.354592 -0.270681   1.43703
0.775185 0.373869 -0.26316  1.41701
 0.770558  0.363011 -0.283062   1.40926
 0.780481   0.36807 -0.277878   1.43098
 0.801099  0.368779 -0.245255   1.46419
 0.785335  0.378923 -0.257617   1.43938
 0.794636  0.360103 -0.264652   1.45268
 0.791942  0.364501 -0.252298   1.44448
 0.921087  0.235104 -0.243585   1.68212
 0.804507  0.426169 -0.106147   1.46785
  0.79733  0.421325 -0.136583   1.45472
 0.817917  0.404899 -0.126133   1.48877
 0.808952   0.42592 -0.128347    1.4812
 0.792739  0.413357 -0.166086   1.44665
  0.78879   0.40363 -0.192703   1.43953
 0.809039  0.389508 -0.179301   1.47264
 0.799727  0.409247 -0.185621   1.46446
  0.82965   0.38625 -0.142931   1.50958
 0.830144  0.373686 -0.157483   1.50806
 0.804258  0.418468 -0.158314   1.47283
  0.81613  0.395894 -0.170615    1.4894
  0.82237  0.402852 -0.146187   1.50146
 0.812688  0.398844 -0.155597   1.47982
 0.954586   0.20163 -0.160764   1.73359
  0.82925  0.418432 0.0215237      1.51
 0.823137  0.423749 -0.008612   1.49925
   0.842789    0.403618 -0.00373643     1.53188
   0.834091    0.425199 0.000131867     1.52441
  0.817519   0.426563 -0.0401028    1.48965
 0.811383  0.426971 -0.072358   1.47907
  0.833649   0.406044 -0.0628022    1.51588
  0.823374    0.42932 -0.0634944    1.50612
  0.856445   0.385354 -0.0213031    1.55482
  0.858605   0.376301 -0.0425428    1.55721
  0.829051   0.428398 -0.0313553    1.51588
  0.841573   0.409351 -0.0517007    1.53442
  0.846795   0.408556 -0.0230305    1.54405
  0.838104   0.406952 -0.0338784     1.5241
  0.973825   0.142941 -0.0246824    1.75333
0.850716 0.381466 0.119574  1.54798
  0.84565  0.391971 0.0998517   1.53886
 0.858655  0.377898 0.0999759   1.56064
0.852748 0.391162 0.106015  1.55538
 0.840449  0.402084 0.0768861   1.52969
 0.834918  0.410185 0.0512208   1.51949
 0.851767  0.391938 0.0550294    1.5477
 0.844096  0.410886 0.0597221   1.54107
 0.867336   0.37277 0.0836459   1.57584
 0.86842 0.372062 0.064696   1.5768
 0.848692  0.401626 0.0840383   1.54882
 0.857267  0.392776 0.0658679   1.56125
 0.861186  0.385863 0.0868542   1.56877
0.854954 0.386651 0.077969  1.55412
0.967542 0.111868  0.10057  1.73921
0.968962 0.104009  0.14142  1.74621
0.877176 0.340309  0.15532  1.59388
0.878433 0.341486 0.140899  1.59507
0.869325 0.342088 0.167744  1.58001
0.861852 0.342485 0.182216  1.56767
0.859799  0.35119 0.168703  1.56373
0.864367 0.350351 0.173268  1.57479
0.865822 0.357855 0.137134  1.57325
0.857606 0.360469 0.153833  1.55982
0.854624 0.370078 0.137715  1.55446
0.860207 0.369058  0.14275  1.56763
0.871696 0.349102 0.158722   1.5867
0.862663 0.359451 0.158478  1.57185
0.869395 0.357044 0.144355  1.58218
0.867465  0.35071 0.152643  1.57662
0.932602 0.117993 0.255588  1.68751
0.897734 0.338511 0.132826  1.63651
0.880631 0.310948 0.207201    1.601
 0.88178  0.31346 0.196303  1.60221
0.873906 0.310545 0.216989  1.58938
0.867371 0.307945 0.227991  1.57835
0.866147 0.316312  0.21809  1.57591
0.869624 0.315242 0.221644  1.58446
 0.87229 0.325027 0.194333  1.58568
0.864827    0.325 0.207144  1.57336
0.863341  0.33322  0.19524  1.57029
0.867369 0.332351 0.199585  1.58023
0.875919 0.316969 0.210784  1.59488
0.868632 0.323906 0.210915  1.58265
0.874686 0.323821 0.200404  1.59201
0.872864 0.318727 0.205796  1.58738
0.930759 0.133005 0.257431  1.68299
0.935867 0.114898 0.237556  1.69173
0.921752 0.129114  0.29424  1.67291
0.897439 0.308915 0.194425  1.63448
0.886297  0.22416 0.303475  1.61459
0.887014 0.228139 0.297155   1.6152
0.880635 0.220542  0.30929  1.60507
0.874036 0.212272 0.311849  1.59268
0.873145 0.220917 0.307344  1.59098
0.875841 0.219237 0.309251  1.59751
0.879328 0.235828 0.297606  1.60216
0.872533 0.229401 0.302193   1.5898
0.871953 0.237486 0.296534  1.58855
0.874616 0.235949 0.298892  1.59514
0.882151 0.226396 0.306514  1.60912
0.875225  0.22778 0.304251  1.59637
0.881032 0.233608 0.301352  1.60658
0.879593 0.228952 0.303615  1.60308
0.910425 0.119401 0.325409   1.6575
0.916454 0.123811 0.310382  1.66684
0.909743 0.124303 0.321857  1.65498
0.902453 0.118948 0.338306  1.64409
0.894639 0.124643  0.35047  1.63293
0.898407 0.129546  0.33888  1.63619
0.897776 0.122988 0.338394  1.63372
0.886822 0.130907  0.34892  1.61854
0.879213 0.134815  0.33464  1.60075
0.887234 0.143526 0.342098  1.61865
0.884088 0.137503 0.342968  1.61109
0.893731 0.148982  0.34054  1.63048
0.898754 0.142351 0.334394  1.63694
0.897579  0.14497 0.332134  1.63382
 0.89126 0.130739 0.346348  1.62441
0.891269 0.143007 0.341493  1.62419
0.896584 0.135635 0.334466  1.63116
0.893566 0.137878 0.345499   1.6302
0.921963 0.151272 0.299724  1.67513
0.904313 0.121818 0.333122  1.64631
0.901724 0.127533  0.33127   1.6403
 0.90588 0.132664  0.31934  1.64612
0.902105 0.140734 0.332197  1.64353
0.918721 0.125866 0.301503  1.66747
 0.802348  0.212298 -0.454869   1.49675
0.803217  0.20663 -0.46018   1.4984
 0.810427  0.209331 -0.453546   1.51072
  0.80487   0.20934 -0.455964   1.50022
  0.80236  0.203665 -0.463999   1.49711
  0.79862  0.196633 -0.458132   1.48615
 0.806161  0.195834 -0.455089   1.49989
 0.801794  0.197383 -0.457119   1.49203
 0.820547  0.204669 -0.450743   1.52863
 0.816562  0.194443 -0.450703   1.51886
 0.837905   0.19448 -0.439807   1.55869
 0.822118  0.196273 -0.447364   1.52855
 0.804478  0.204373 -0.461651   1.50033
 0.809922  0.196588 -0.453907   1.50676
 0.812359  0.205532 -0.454448   1.51326
0.809654 0.203065 -0.45939  1.50971
 0.74383 0.195047 -0.45713  1.38047
 0.971559 0.0677039  0.128573   1.74875
 0.973687  0.113637 0.0945805   1.75407
 0.974233 0.0853924 0.0804089   1.75201
 0.977046 0.0217305  0.104857   1.75913
 0.979037 0.0546717  0.083212   1.76327
  0.978775 -0.0257288  0.0659115    1.76596
 0.979652 0.0463228 0.0736352   1.76467
 0.975571 0.0848273 0.0876259   1.75626
 0.976196 0.0706437  0.122138   1.75964
0.931404 0.128141 0.244599  1.68376
 0.761347  0.162057 -0.458322   1.40629
 0.761269  0.161339 -0.458821   1.40629
 0.761886  0.161993 -0.458574   1.40731
 0.760906  0.161246 -0.459614    1.4059
 0.760709  0.161417 -0.459854   1.40563
 0.761068  0.161221 -0.459308    1.4061
 0.760962  0.161093 -0.459412   1.40591
 0.763318  0.159362 -0.454048   1.40763
 0.764514  0.158283 -0.452468   1.40932
 0.749973  0.141492 -0.465832   1.38595
 0.753452  0.138732 -0.464902   1.39212
 0.764199  0.166001 -0.459633   1.41344
 0.766633   0.15917 -0.455768   1.41543
 0.770803  0.158959 -0.466248    1.4289
 0.763725  0.157513 -0.453784   1.40804
 0.764467  0.130667 -0.455906   1.40813
 0.769061  0.130597 -0.454187   1.41683
 0.763558  0.158673 -0.455987   1.40882
 0.764819  0.156058 -0.452694    1.4097
  0.77345  0.155616 -0.467655   1.43466
0.755166 0.138735 -0.46401  1.39507
 0.774098  0.151521 -0.461047   1.43228
 0.760298  0.162883 -0.459216   1.40473
 0.760177  0.162992 -0.459402   1.40456
 0.760725   0.16308 -0.457885   1.40476
 0.760038  0.162696 -0.459707   1.40436
 0.765547  0.165633 -0.460231   1.41636
 0.763127  0.165911 -0.460053   1.41142
0.760204 0.161872 -0.45995  1.40469
 0.762975   0.15929 -0.456134   1.40774
 0.760446  0.161501 -0.459866    1.4051
 0.762464  0.160908 -0.458153   1.40792
0.761936 0.161623 -0.45855  1.40732
 0.769839  0.155934 -0.471192   1.42892
 0.761466  0.161731 -0.458296   1.40645
 0.760182  0.161209 -0.458957   1.40417
 0.761356  0.161645 -0.458323   1.40627
 0.761218   0.16099 -0.458716   1.40609
 0.760626  0.161171 -0.459295   1.40519
  0.76116  0.161344 -0.458987   1.40615
 0.761272  0.161764 -0.458624   1.40628
  0.76107  0.160841 -0.458847   1.40582
  0.77935  0.163412 -0.432524   1.43284
 0.738751  0.160806 -0.469086   1.36894
0.741112 0.157954 -0.46872  1.37296
  0.74713  0.145649 -0.467546   1.38189
0.749154 0.153937 -0.47665  1.39162
  0.76435  0.156742 -0.453756   1.40929
 0.740339  0.163781 -0.469847   1.37333
 0.768032  0.166746 -0.463007   1.42287
 0.760015  0.161908 -0.459709   1.40419
  0.76618  0.167301 -0.462783   1.41908
 0.759856  0.162416 -0.459827   1.40397
  0.75981  0.162841 -0.459722   1.40386
  0.76105  0.165042 -0.456096     1.406
 0.762333  0.163681 -0.455594    1.4074
 0.761142  0.162618 -0.454962    1.4044
 0.760095  0.162953 -0.456119   1.40289
 0.759713  0.162088 -0.459639   1.40356
 0.761125   0.16272 -0.455944    1.4047
 0.760075  0.163238 -0.459345   1.40426
0.760503 0.163236 -0.45898   1.4049
 0.761525  0.163874 -0.455989   1.40597
 0.760332  0.163231 -0.459213   1.40472
 0.760062  0.163255 -0.458606   1.40382
 0.968807  0.148949 0.0910551   1.74461
0.970359 0.141218 0.104975  1.74869
 0.890935  0.361436 0.0661649   1.62362
0.910756 0.275626 0.215441  1.65597
 0.970326  0.155284 0.0801237   1.74774
 0.973389  0.153992 0.0285837   1.75292
   0.97278   0.149516 0.00295397    1.75064
  0.974732   0.147363 0.00192086    1.75563
  0.974746   0.149147 -0.0155692    1.75636
  0.972262   0.155567 -0.0568816    1.75303
 0.966415  0.169754 0.0428777   1.73712
 0.969247  0.171328 0.0375321   1.74444
  0.973756   0.138625 -0.0589083    1.75467
0.859741 0.351992 -0.18169  1.57252
   0.970256    0.165535 -0.00678045     1.74619
 0.968308  0.167603 0.0130152   1.74118
 0.957863  0.157555 -0.154196   1.73141
 0.964026  0.172546 -0.136247   1.74615
 0.946698  0.184006 -0.196381    1.7185
 0.836678  0.328178 -0.268313   1.53708
  0.862967   0.366259 -0.0849912    1.56693
 0.854949   0.34938 -0.115987   1.54628
 0.930672  0.202798 -0.237349   1.69495
 0.911548   0.21998 -0.276393   1.66603
 0.805278   0.30678 -0.333827   1.48424
 0.925932  0.260215 -0.185809   1.68538
 0.891204  0.236498 -0.308024    1.6342
 0.785043  0.281282 -0.378952    1.4514
 0.903993   0.27619 -0.231736   1.65103
 0.837163  0.247529 -0.384587   1.54646
 0.849629  0.252404 -0.372647   1.57031
 0.850711  0.282943 -0.324876   1.56501
 0.818392  0.243399 -0.408376   1.51547
 0.829034  0.249416 -0.399779   1.53636
 0.80951 0.238135 -0.43042  1.50663
0.805795 0.246396 -0.41557  1.49476
 0.814478  0.241044 -0.425766   1.51576
0.915379 0.130995  0.21437   1.6485
0.902981 0.078165 0.205134  1.61768
0.917055  0.13116 0.208164  1.64875
0.916832 0.198895 0.284761  1.65455
 0.92653 0.203385 0.260673  1.67254
0.905031 0.159743 0.311492  1.63063
0.911165 0.172714 0.300917  1.64332
0.927594 0.152928 0.246549   1.6696
0.921037  0.18782 0.270852  1.66132
0.928346  0.15285 0.252497  1.67318
0.928998 0.149601 0.256153  1.67642
0.929779 0.143111 0.257779  1.67954
0.896586 0.257794 0.268628  1.63442
0.925867  0.15306 0.251115  1.66638
0.931149 0.125381 0.245778  1.68248
0.930816 0.156379 0.269752  1.68531
0.952337 0.045978    0.228  1.72147
0.948963 0.049772 0.243876   1.7177
 0.941313 0.0732737  0.245449   1.70138
 0.949782 0.0754352  0.229142   1.71751
 0.947157 0.0647221  0.230406   1.71053
0.925655 0.152677 0.251162  1.66708
0.926599 0.148649 0.249458  1.67065
0.934951 0.108316 0.238796  1.68858
0.913672 0.298691 0.137963  1.65617
 0.937001 0.0964052  0.252473   1.69575
0.937488 0.175047  0.19415  1.69583
0.936358 0.171617 0.197596  1.69244
  0.9291 0.152708  0.20732  1.68169
0.935964 0.179155  0.20937  1.69264
0.931853 0.160694 0.260884   1.6861
0.931803 0.164437 0.254027   1.6872
0.931911 0.187959 0.233122  1.68345
0.924365 0.152173 0.247362  1.66159
0.927947 0.190388  0.24897  1.67493
0.921305 0.146117 0.239303  1.65537
0.913683 0.123857 0.209867  1.63932
 0.93016 0.133199 0.229797  1.67996
0.910922 0.121374  0.21502  1.63782
0.928905 0.161472  0.24378  1.68323
0.909567 0.112788 0.222212  1.63483
0.913802 0.145443 0.275687  1.64313
0.921803  0.18382 0.259706  1.66432
0.891956 0.032864 0.245857  1.59223
0.905146 0.113058  0.21078  1.62495
0.916282 0.158213 0.275651  1.65182
0.901509 0.200457 0.305443  1.64189
0.900436  0.16139 0.322596  1.63897
0.900345 0.177059 0.315277  1.63923
0.898599 0.230052 0.291464  1.63816
0.926603 0.142737  0.28874  1.68133
0.924483 0.153813  0.25061  1.66279
0.903053 0.244669 0.259129  1.63993
0.931402 0.158103  0.26783  1.68642
0.934105 0.182597 0.224636  1.68942
0.936862  0.17817 0.218001  1.69359
0.926888 0.159712 0.289266  1.68257
0.930951 0.154689 0.236433  1.68298
0.928386  0.14779 0.215467  1.67885
0.928893 0.154463 0.214387  1.68264
0.931833 0.179264 0.228015  1.68395
0.928388 0.149705  0.21122  1.67863
0.940803 0.169889 0.215436  1.69513
0.935852 0.159292 0.213036  1.68877
0.930909 0.158951 0.235915  1.68487
0.939359 0.163462 0.215991  1.69215
0.935189 0.162724 0.214426   1.6893
 0.761704  0.134289 -0.458827   1.40461
 0.769126  0.157788 -0.466869   1.42552
 0.76681 0.156891 -0.45774  1.41638
0.771172 0.144694 -0.46426  1.42715
 0.750258  0.144226 -0.467225   1.38791
 0.770848  0.166609 -0.447589   1.42261
  0.76301    0.1578 -0.456162   1.40759
 0.746894  0.149603 -0.469167   1.38315
 0.774135  0.167334 -0.434573   1.42362
 0.764612  0.166484 -0.452657   1.41205
 0.777549  0.190393 -0.458023   1.44324
 0.752756   0.14733 -0.474206   1.39644
 0.736757  0.169414 -0.467615   1.36592
 0.738374  0.166387 -0.467544   1.36852
 0.749976  0.189682 -0.466725   1.39526
 0.745706  0.171383 -0.475962   1.38784
 0.736651  0.179344 -0.464031   1.36588
 0.737463   0.17608 -0.464289   1.36695
0.746719 0.179912 -0.47267  1.38982
 0.738318  0.191046 -0.458132   1.36865
  0.73841  0.187301 -0.458718   1.36828
  0.76817  0.227397 -0.428687   1.42059
 0.761334  0.199787 -0.465419   1.41856
 0.793874  0.213151 -0.456242   1.48103
 0.784683  0.205835 -0.465604   1.46519
 0.787184  0.211935 -0.455485   1.46669
 0.749952  0.225278 -0.438058   1.39003
 0.748942    0.2196 -0.439418   1.38711
 0.762806   0.21224 -0.447436   1.41515
 0.757933  0.249173 -0.416498   1.40204
 0.757301   0.24076 -0.419774   1.39995
 0.771537  0.255201 -0.410969    1.4298
 0.768939  0.275925 -0.386652   1.41872
0.766969 0.265775 -0.39202   1.4139
 0.796379  0.259528 -0.397254   1.47377
0.785687 0.304014 -0.34477  1.44496
 0.780459  0.292658 -0.353268   1.43344
0.810266 0.330928 -0.28493  1.48454
  0.80099  0.319097 -0.297449   1.46419
 0.878426  0.287034 -0.277444   1.61133
 0.86745 0.273585 -0.31665  1.59663
 0.838043  0.356269 -0.195358   1.52773
 0.832795  0.340118 -0.213897   1.51443
 0.955677  0.216002 -0.101151   1.72905
 0.909581  0.299319 -0.141037   1.65099
  0.968822   0.162433 -0.0570421    1.74504
 0.935819  0.222007 -0.180598   1.69709
 0.879884  0.358433 0.0460326   1.59569
    0.88247    0.360098 -0.00431856     1.60343
0.886077 0.342133 0.121183  1.60916
 0.886691  0.343859 0.0896059   1.60846
  0.9645 0.154226 0.125691  1.73734
  0.96029  0.204441 0.0625236    1.7284
 0.967495  0.172578 0.0666993    1.7414
0.891274 0.310279 0.182379  1.61829
0.893905 0.313901 0.157193  1.62161
 0.90618 0.282905 0.180495  1.64067
0.891158 0.285439 0.227992  1.61973
0.893643 0.292964 0.206201  1.62316
0.891141 0.261322 0.262049  1.62114
0.892625 0.268182 0.246561  1.62249
0.929256 0.138614 0.249868  1.67865
0.892788 0.234435 0.287858  1.62492
 0.89336 0.241535 0.275845  1.62452
0.896606 0.204187 0.307202  1.63233
 0.89554 0.211914 0.297557  1.62849
0.906934 0.156496 0.321865  1.65314
0.927719 0.141972 0.245886  1.67433
 0.784717  0.239134 -0.421225   1.45508
0.798433 0.218469 -0.44793  1.48715
 0.803336  0.223386 -0.443019   1.49624
0.804199  0.22831 -0.43715  1.49641
 0.806789  0.231829 -0.433755   1.50114
 0.796416  0.228981 -0.433213   1.47925
 0.802221  0.226135 -0.437805    1.4919
 0.774748  0.218795 -0.441154   1.43835
 0.795196   0.19901 -0.464411   1.48218
 0.785069  0.194992 -0.455019   1.45852
 0.793463  0.199544 -0.466506   1.47996
0.962242 0.056298 0.158503  1.73125
 0.958623 0.0419378  0.192823   1.72774
 0.954039 0.0266421  0.191917   1.71573
 0.953738 0.0617218  0.197905   1.71741
 0.957665 0.0629441  0.186735   1.72498
0.925807 0.146461 0.243165  1.67006
0.949541 0.098729 0.197972  1.71002
0.967855 0.127298 0.114841  1.74142
 0.761729  0.161526 -0.458299   1.40692
 0.761383  0.161149 -0.458434   1.40629
 0.761362  0.160921 -0.458568   1.40628
 0.762308  0.161293 -0.458764    1.4081
 0.762942  0.160449 -0.458275   1.40888
 0.760296  0.161498 -0.459535   1.40466
 0.766602  0.167536 -0.462018    1.4198
0.761877 0.160927 -0.45847   1.4072
 0.757171  0.142862 -0.471237   1.40297
 0.762173   0.16096 -0.458803   1.40776
 0.765473  0.155056 -0.453324   1.41131
 0.762878   0.14011 -0.468021   1.41242
 0.759267  0.161988 -0.458599    1.4023
 0.767469  0.155531 -0.460477   1.41893
 0.770343  0.153227 -0.468918   1.42841
 0.762708  0.152069 -0.456949   1.40709
 0.766683  0.140802 -0.467943    1.4198
 0.777078  0.142709 -0.453133   1.43367
 0.770838  0.141879 -0.466342   1.42777
 0.764347  0.154053 -0.453693   1.40895
 0.760075   0.16309 -0.459536   1.40435
 0.759836  0.163025 -0.459521   1.40383
 0.759888  0.163025 -0.457725   1.40311
 0.759649   0.16265 -0.459674    1.4035
 0.764912  0.167416 -0.463206    1.4167
 0.759478  0.161889 -0.458893   1.40279
 0.759977   0.16164 -0.459517   1.40401
0.762625 0.159917 -0.45837  1.40815
 0.763638  0.167569 -0.462986   1.41406
 0.760319   0.16124 -0.459339   1.40459
  0.76245  0.159001 -0.458883   1.40789
 0.760707  0.160961 -0.459109   1.40524
 0.761119   0.16072 -0.458696   1.40582
 0.760949  0.160989 -0.459017    1.4057
  0.76153    0.1613 -0.458425   1.40662
0.760296 0.160998 -0.45892  1.40433
 0.761644  0.161189 -0.458324   1.40668
 0.761455  0.160791 -0.458493   1.40638
 0.770091  0.166377 -0.440942   1.41818
  0.74678  0.163826 -0.477333   1.38924
 0.755019  0.156225 -0.484886   1.40709
 0.76786 0.166274 -0.45152  1.41821
  0.76627  0.167023 -0.458963     1.418
 0.763576  0.155723 -0.454002   1.40759
 0.764933  0.167675 -0.462864   1.41678
 0.759465  0.162068 -0.458962   1.40278
 0.759451  0.162605 -0.459016    1.4028
 0.764057  0.167013 -0.459694   1.41377
0.762189 0.165986 -0.45967  1.40939
 0.760847  0.163868 -0.456349   1.40478
 0.759504  0.162925 -0.458614   1.40275
 0.763343  0.167374 -0.463375   1.41369
 0.760568  0.163003 -0.455299   1.40347
 0.760171  0.163097 -0.457007   1.40334
 0.759945    0.1632 -0.458967   1.40378
 0.759739  0.163589 -0.457111   1.40285
 0.759707  0.163119 -0.459148   1.40337
 0.759529  0.163091 -0.457965   1.40251
0.966545  0.16857 0.094764  1.74069
 0.910344  0.319266 0.0910998    1.6514
0.908644  0.32787 0.033578  1.64712
0.904652 0.300624 0.121976  1.63424
  0.970793   0.169622 0.00608271    1.74811
 0.900453  0.315634 0.0563594    1.6247
  0.971376   0.173773 -0.0254844    1.75129
  0.965945   0.197439 -0.0114604      1.741
  0.966142   0.201058 -0.0507154    1.74581
 0.962063  0.204343 0.0215717    1.7319
 0.962812   0.18713 -0.100051   1.74038
   0.9514  0.199768 -0.138225   1.72087
 0.892234  0.340181 -0.142884   1.63077
  0.943984   0.256174 -0.0909867    1.70952
 0.879396  0.323039 -0.212045   1.60858
  0.954865   0.230254 -0.0503524    1.72433
 0.916336  0.241725 -0.224615    1.6675
 0.892872  0.258761 -0.269867   1.63192
 0.843489  0.314013 -0.268937     1.542
 0.897384   0.28155 -0.207721   1.63116
0.812463 0.293841 -0.32789  1.48885
0.861825 0.303686 -0.25873  1.57614
  0.83225  0.251767 -0.387113   1.53813
 0.812497  0.248245 -0.409245   1.50652
 0.836456  0.298125 -0.314047   1.53844
 0.844539  0.271491 -0.356227   1.56112
0.911657 0.120825 0.213674  1.63546
 0.906089 0.0949282  0.236945   1.62169
0.915841 0.147801 0.269921  1.64827
0.919261 0.143598 0.244048  1.65196
0.922579 0.151819  0.24858  1.65786
0.927004 0.187816  0.24507  1.67551
 0.92892  0.16233 0.279184  1.68447
0.915217 0.143327 0.253922  1.64411
0.923405 0.178245 0.251286  1.66818
 0.92693 0.151085  0.25288  1.67065
 0.90929 0.237937 0.274487  1.65689
 0.92364 0.154124  0.25087  1.66075
0.929481 0.132611  0.23957  1.67862
0.931659  0.17497 0.237927  1.68104
0.908718 0.258514 0.248201  1.65408
0.925062 0.153297 0.251109  1.66568
0.933213 0.121058 0.231179  1.68504
0.939911    0.107  0.22109  1.69555
 0.94392 0.104343 0.219294  1.70398
0.927265 0.144326  0.24529  1.67394
0.938588 0.171169 0.212518  1.69634
0.937643 0.171003 0.215472  1.69186
0.933819 0.161346 0.216738  1.68774
0.935509 0.176624 0.221032  1.68906
0.931159  0.16573 0.268052  1.68724
0.931264 0.175624 0.236844  1.68053
0.927915 0.180241 0.237815  1.67714
0.921334 0.152564 0.249379  1.65517
0.917859 0.146527 0.246371  1.64858
0.924819 0.151336 0.247405  1.66626
0.922326 0.156338 0.251145  1.65795
0.918567 0.170839 0.267144  1.65798
0.922234 0.154279 0.251183  1.65739
0.916177 0.166736 0.273262  1.65081
0.909826 0.108928 0.225748  1.63149
0.923041 0.169803 0.252343  1.66577
0.908552 0.115785 0.216932  1.62652
0.915384  0.14874 0.258553  1.64546
0.911115 0.152516 0.303961    1.654
0.903725 0.181826 0.313656  1.64584
0.917705   0.1461 0.304031  1.66887
0.912664 0.168403 0.306414  1.65979
0.924475 0.153521 0.288672  1.67768
0.926083 0.149716 0.249069  1.66974
0.930041 0.163634 0.275679  1.68619
0.932939 0.178539 0.233654   1.6853
0.931075 0.162854  0.25955  1.68646
0.936367 0.175844 0.228947   1.6904
0.930294   0.1578  0.23994  1.68407
0.928471 0.151622 0.219998   1.6808
0.938088 0.171148 0.225348  1.69106
0.929431 0.173022  0.27569  1.68637
0.928829 0.153425 0.215714  1.68127
0.929615  0.15655  0.21066  1.68362
0.939525 0.168637 0.221167  1.69269
0.929012 0.157724 0.219151  1.68247
0.938735  0.17243 0.221821  1.69225
0.937584 0.171016 0.226122  1.68998
 0.760812  0.142881 -0.469289   1.40938
 0.765808  0.153722 -0.464623   1.41733
 0.766696  0.149852 -0.473359   1.42296
 0.756345  0.146773 -0.472944   1.40297
 0.762923  0.166672 -0.461183   1.41204
 0.752875  0.152372 -0.476365   1.39876
 0.763869  0.154929 -0.454339   1.40836
 0.749377  0.157403 -0.477299   1.39318
 0.745528  0.159614 -0.476843   1.38552
 0.767324  0.191267 -0.477219   1.43318
 0.743032  0.166783 -0.475997   1.38143
 0.754563  0.191148 -0.474712   1.40764
  0.75272  0.164996 -0.486833   1.40522
 0.742387  0.175136 -0.473448   1.38037
 0.753031  0.178639 -0.484324   1.40712
 0.743755  0.184626 -0.468324   1.38228
0.756308 0.186622 -0.47996  1.41292
 0.747226  0.195616 -0.460307   1.38728
 0.755453  0.201582 -0.458025   1.40433
 0.755987  0.208874 -0.449529   1.40224
 0.792301  0.271807 -0.371588   1.45698
 0.823967  0.262864 -0.386648   1.52653
 0.873299  0.322805 -0.171975   1.58579
 0.922991  0.262837 -0.166773   1.67529
  0.895289   0.337221 -0.0867712    1.62712
 0.938633  0.242728 -0.126987   1.69823
  0.909384   0.319505 -0.0839822    1.65177
  0.900501   0.324746 -0.0159946    1.62814
 0.926162  0.301861 0.0616737    1.6777
 0.963837  0.206588 0.0554195   1.73743
0.952315 0.126839 0.186462  1.71468
 0.939227  0.275345 0.0552411   1.69873
0.947254  0.17806  0.20026  1.71009
0.915024 0.283564  0.17244  1.65924
 0.92392 0.251784 0.223842  1.67831
0.924385 0.257115  0.19628  1.67467
0.933239 0.271471 0.127525  1.68848
0.903496 0.264272 0.226516  1.63829
0.929053 0.137508 0.238918  1.67873
0.955232  0.19187 0.166358  1.72514
0.908999 0.177761 0.301454  1.65109
0.919352 0.201832 0.290129  1.67262
0.905134 0.221797 0.283968   1.6459
0.908204 0.199247 0.299017  1.65286
 0.795413  0.218597 -0.449114   1.48189
 0.782218  0.214856 -0.443656   1.45097
 0.787334  0.223841 -0.440884   1.46273
 0.771661  0.202416 -0.461807   1.43857
 0.775195  0.199849 -0.472289   1.44811
 0.777419  0.185725 -0.459918   1.44436
 0.957791 0.0942821   0.16255   1.72302
0.955344 0.090118 0.200117  1.72369
  0.9327  0.13092 0.230714  1.68548
 0.962276 0.0974835  0.154044   1.73098
0.929299 0.141995 0.229586  1.67959
0.962797 0.156019 0.111498  1.73104
0.941052 0.255472 0.123068  1.70124
 0.762467  0.160589 -0.459204   1.40848
 0.760825  0.160711 -0.458809   1.40527
 0.763004  0.159386 -0.458693   1.40902
0.759758 0.161646 -0.45899  1.40338
 0.763389  0.157133 -0.456142   1.40834
 0.761444  0.156728 -0.482134   1.41779
 0.761804  0.151466 -0.480435   1.41756
 0.761171  0.165469 -0.460083    1.4074
 0.762684  0.155855 -0.456469   1.40694
 0.764478  0.153066 -0.454924    1.4098
 0.765909  0.155063 -0.460999   1.41588
 0.767365  0.155568 -0.472054    1.4242
 0.767022  0.153854 -0.476912   1.42579
 0.770831  0.150929 -0.471831    1.4309
  0.76667  0.147659 -0.476306   1.42471
 0.762857  0.154371 -0.454679   1.40631
 0.759279  0.162252 -0.458831   1.40235
 0.760615  0.165378 -0.459751   1.40615
 0.762385  0.166999 -0.463414   1.41157
  0.76114  0.166392 -0.464211   1.40935
 0.759807  0.161416 -0.458945   1.40343
 0.762101  0.160394 -0.459323   1.40773
 0.761788  0.160463 -0.458872    1.4071
 0.762384  0.167246 -0.463814    1.4119
 0.759525  0.164143 -0.463392   1.40543
 0.760669  0.160883 -0.458858   1.40505
 0.761276  0.160614 -0.458616   1.40604
 0.759816  0.161281 -0.459224   1.40353
 0.751703  0.171201 -0.486417   1.40414
 0.765036  0.166465 -0.442797   1.40851
0.749651 0.167196  -0.4862  1.39902
 0.763294  0.165739 -0.455353   1.41044
0.762567 0.156488 -0.45643  1.40665
 0.758941  0.156799 -0.483566    1.4135
 0.759001  0.162296 -0.458106   1.40151
 0.760126   0.16297 -0.450573   1.40145
 0.761695  0.154969 -0.456766   1.40507
 0.761612  0.166923 -0.463069   1.40988
 0.759126  0.162509 -0.457907    1.4017
 0.759045  0.162582 -0.458748   1.40206
 0.760106  0.163734 -0.456723   1.40342
 0.759323  0.162839 -0.458758   1.40243
 0.759585  0.164466 -0.459635   1.40385
 0.759594  0.163043 -0.456429   1.40204
0.959478 0.202733 0.127879  1.73172
 0.962073   0.20665 0.0886004    1.7349
   0.957862    0.236529 -0.00655931     1.73049
 0.921682  0.291207 0.0795987   1.66509
   0.963842    0.215146 -0.00413658     1.73999
  0.951905   0.236691 -0.0485507    1.71856
  0.962494   0.211062 -0.0495174    1.73846
  0.952492   0.218135 -0.0910615    1.71993
  0.942294   0.254319 -0.0758584    1.70336
 0.951518  0.240035 -0.011853   1.71638
 0.923797  0.299465 -0.128044   1.68258
   0.93988   0.276605 -0.0447087    1.70141
 0.930607  0.278549 -0.128294   1.69076
 0.908672  0.301699 -0.172463   1.65568
 0.91942 0.151591 0.251646  1.65158
0.919825 0.163002 0.258686  1.65854
0.929108 0.179144 0.239941   1.6788
0.917596 0.157628  0.25983  1.65207
0.923886 0.154182 0.250462  1.66244
0.927662 0.172285 0.282276  1.68375
0.925529 0.149567  0.24266  1.67017
0.929747   0.1623 0.239729  1.68465
0.927198 0.139905 0.236951  1.67422
0.923809 0.154431 0.246097   1.6638
0.920988 0.237759 0.254064  1.67469
0.923965  0.15617  0.25028  1.66281
 0.93552 0.128445 0.222892  1.68891
0.917375 0.191228 0.292258  1.66668
0.917758 0.241363 0.236317  1.66396
0.925193 0.146345 0.235928  1.67065
0.934814 0.174725 0.231352  1.68598
0.927673 0.155332 0.224789  1.68041
 0.93059 0.169332 0.259496  1.68705
0.930236  0.17152 0.240832  1.67734
0.927143 0.174156 0.244016  1.67358
0.919504 0.155007 0.251823  1.65262
0.924972 0.176518 0.247888  1.67059
0.920878 0.168719 0.255852  1.66109
0.918402 0.153683 0.254205  1.65101
0.928191 0.165668  0.24373  1.68305
 0.91766 0.155978 0.259814  1.65229
0.923115 0.156583 0.250113  1.66043
0.919179 0.167846 0.297046  1.67035
0.921206 0.186658    0.295  1.67588
0.925434 0.172768  0.28872  1.68105
 0.92473 0.153434 0.246993  1.66647
0.924894 0.151119 0.235509  1.67106
0.929529 0.168488 0.264719  1.68535
0.933901  0.17406 0.231857  1.68527
0.924982  0.18353 0.284822  1.67997
0.933006 0.167661 0.226459  1.68458
0.925107 0.149933 0.231651  1.67227
0.928432 0.156916 0.220493   1.6817
0.934338  0.16981 0.224777  1.68715
 0.92848  0.15985 0.219839  1.68121
 0.92965 0.159549  0.21581  1.68349
 0.762616  0.147667 -0.477633   1.41707
 0.763168    0.1532 -0.468629   1.41392
 0.758366  0.151313 -0.482195   1.41152
 0.758016  0.155484 -0.484092    1.4126
 0.763178  0.152827 -0.455361   1.40727
 0.755123  0.159752 -0.486038   1.40862
 0.751873  0.161295 -0.486163   1.40236
 0.761025  0.175749 -0.465057   1.41176
 0.74903 0.174136 -0.48481  1.39831
  0.76185   0.15378 -0.455612   1.40474
 0.750826  0.182489 -0.481416   1.40164
 0.760585  0.164216 -0.448015    1.4014
0.767892 0.181952 -0.46338   1.4255
 0.762003  0.173056 -0.464786   1.41362
 0.766532  0.195079 -0.475352   1.43075
 0.759346  0.172853 -0.467121   1.40916
   0.92371   0.302032 -0.0877118    1.67699
  0.913601   0.321169 -0.0300497    1.65667
  0.930544   0.298128 -0.0829365    1.69057
 0.920778  0.297867 0.0252521   1.66267
 0.939383  0.272221 0.0939616   1.70026
 0.944092   0.28063 0.0434905   1.71089
  0.92962  0.292351 0.0996849   1.68573
0.927437 0.280608 0.127599  1.67958
 0.94782 0.128297 0.202527  1.70982
 0.92351 0.266342 0.162436  1.66936
 0.91823 0.256943 0.201506  1.66156
0.943233 0.126083 0.212413  1.70111
0.916526  0.22624 0.262874  1.66393
0.937816 0.252978 0.154471  1.69659
0.909715 0.215336 0.294551  1.65822
0.913049 0.194632 0.300181  1.66312
0.926683 0.145077 0.236489   1.6742
0.937374 0.146683 0.222594  1.69276
  0.76716  0.179489 -0.462775   1.42406
 0.760074  0.185813 -0.479981   1.41859
 0.776107  0.203475 -0.468689    1.4484
 0.761739  0.195321 -0.472426   1.42207
0.939014 0.127017 0.220817  1.69593
0.957737 0.137325 0.162996  1.72511
0.958239 0.139349  0.14899  1.72282
0.927965 0.152407 0.231996  1.67832
 0.956838  0.201224 0.0992598   1.72191
0.947382 0.244934 0.123994  1.71239
0.931966 0.243462 0.190837  1.68654
0.937129 0.170965 0.226883   1.6934
0.761688 0.160722 -0.45852  1.40679
 0.761534  0.160408 -0.458943   1.40659
 0.762318  0.159989 -0.459941   1.40841
 0.760486  0.160738 -0.459301   1.40475
 0.760953  0.160621 -0.459178   1.40564
 0.762647  0.158486 -0.459272   1.40843
 0.761272  0.165932 -0.461707   1.40872
 0.760306   0.16099 -0.459204   1.40448
 0.761912  0.158335 -0.459524     1.407
 0.762765  0.153693 -0.455313   1.40647
 0.764668   0.15451 -0.477718   1.42152
 0.754162  0.164933 -0.484902   1.40603
 0.758604  0.159518 -0.484368    1.4138
 0.764109  0.154284 -0.465214   1.41425
 0.759106  0.162397 -0.458394   1.40193
 0.760202   0.16574 -0.462938   1.40675
 0.759325  0.161883 -0.458879   1.40252
 0.760623  0.165973 -0.463412   1.40781
 0.759687  0.161477 -0.458987   1.40325
 0.761859  0.159994 -0.460081   1.40753
 0.761182  0.160336 -0.459164   1.40597
 0.759306  0.162062 -0.459671    1.4029
 0.761423   0.16017 -0.459985   1.40675
 0.761925  0.157891 -0.459913   1.40723
 0.756777  0.163092 -0.485262   1.41127
 0.755496  0.168031 -0.484976   1.40944
 0.753434  0.170262 -0.484114   1.40509
 0.760512  0.164309 -0.457919   1.40555
 0.760749   0.16554 -0.462616   1.40795
 0.756423  0.159294 -0.453957   1.39464
 0.757856  0.158356 -0.471233   1.40571
 0.760657   0.16617 -0.464284   1.40836
 0.759032   0.16313 -0.458404   1.40194
  0.76069   0.15488 -0.457123   1.40315
 0.759811  0.164566 -0.460114   1.40452
 0.759077  0.162941 -0.457813   1.40174
 0.759064  0.162701 -0.457408   1.40137
 0.759387  0.162878 -0.457152   1.40194
 0.759131  0.163678 -0.460091   1.40302
 0.759173  0.163268 -0.457405   1.40178
 0.951626  0.243782 0.0914541   1.71929
0.955179 0.251196 0.079178  1.72881
 0.951716  0.246474 0.0343037   1.71767
0.958567 0.235934 0.032052  1.73156
  0.923683   0.298616 -0.0323188    1.67101
  0.939135   0.274325 0.00758815    1.69698
0.916235 0.151364  0.25473  1.64717
0.918954 0.157001 0.253869  1.65296
0.921161 0.156246  0.25155  1.65541
0.924021 0.165263 0.251362  1.66473
0.927158 0.169429 0.246703  1.67132
0.921702 0.162945 0.252551     1.66
0.927627 0.175459 0.268142  1.68295
0.921115 0.160296 0.253966  1.65794
0.923946 0.159619 0.249733   1.6628
0.924412 0.150866 0.241594  1.66713
0.927263 0.142684 0.230558  1.67543
0.925322 0.169172 0.247332  1.67779
0.931313 0.142715 0.227465  1.68285
0.924276 0.157127 0.245576  1.66537
 0.92569 0.158999 0.234916  1.67538
0.924517 0.154193 0.241078  1.66812
0.932651 0.162695 0.220595  1.68615
0.933928 0.165001 0.217567  1.68799
0.932577 0.171026 0.234309  1.68211
0.926423 0.157949 0.228752  1.67851
0.927226 0.165648 0.246659  1.68107
0.923953 0.155761  0.23503  1.66965
0.928481 0.173456 0.243562  1.67501
0.922252 0.160107 0.251443  1.65883
0.929979 0.170816 0.239188  1.67765
0.925022 0.169142 0.248756  1.66775
0.922198 0.160644 0.250462  1.65888
0.928583  0.16773 0.241523  1.67451
0.922688 0.206926 0.272129  1.67472
0.916358 0.208444 0.282143  1.66449
0.922855 0.196262 0.280475  1.67576
0.927204 0.182274 0.281775  1.68432
0.928907 0.175095 0.264546  1.68555
 0.93162 0.170105 0.233529  1.68205
0.930658 0.164692 0.229006  1.68157
0.926011 0.182663 0.268441  1.68028
0.927119 0.158912 0.225453  1.67971
0.928453 0.163372 0.225787  1.67959
0.927604 0.158442 0.222818  1.67939
0.932119 0.166942 0.227343  1.68464
 0.762524  0.153602 -0.480884   1.41872
    0.761  0.152485 -0.458662   1.40459
0.761716 0.155553 -0.45681  1.40504
 0.761568  0.153333 -0.456285   1.40456
 0.756187   0.16036 -0.484903   1.40931
 0.758019  0.161259 -0.453494   1.39813
 0.759291  0.170505 -0.468077   1.40939
 0.760387  0.154506 -0.456614   1.40245
 0.756532  0.167872 -0.469117   1.40362
   0.7573  0.161094 -0.470474   1.40481
 0.756225  0.173608 -0.483619    1.4112
 0.755003  0.176683 -0.481697   1.40807
 0.928478  0.302887 0.0103406   1.68205
  0.946946   0.282673 -0.0148689    1.71881
0.932755 0.261574 0.155923  1.68827
0.949363 0.234023 0.154081   1.7176
0.929818 0.235202 0.215872  1.68443
0.943983 0.153029 0.211966  1.70339
0.927178  0.18091 0.267575  1.68325
0.918772 0.223434 0.271817  1.67004
0.927687 0.218753 0.259523  1.68524
0.919519 0.212712 0.280156  1.67193
0.933612 0.230143 0.216879  1.69118
0.927106 0.223598 0.242026  1.68048
0.934084 0.143326 0.223108  1.68786
0.944798 0.221718 0.199347  1.71177
0.932415 0.160298  0.23354   1.6863
0.941143 0.148892 0.213332   1.6994
0.953191 0.246081 0.117125  1.72576
 0.943394  0.267027 0.0951219   1.70728
0.953753 0.192544 0.143452  1.71792
0.946014 0.238053 0.150516  1.71078
 0.761897   0.15969 -0.460969   1.40793
 0.760095  0.160928 -0.460605    1.4045
  0.75941  0.161912 -0.460212   1.40322
 0.760753  0.160683 -0.460454   1.40575
0.759849 0.156189 -0.47077  1.40899
 0.760863  0.160104 -0.460247   1.40572
 0.761867  0.152858 -0.457272   1.40567
 0.759613  0.162059 -0.461955   1.40442
 0.760457  0.154683 -0.470566   1.40972
 0.761037  0.157576 -0.460619   1.40581
  0.75908  0.162672 -0.459434   1.40241
 0.759714  0.164949 -0.464344    1.4062
 0.761142  0.159639 -0.461804   1.40682
 0.759556  0.164796 -0.463121   1.40531
 0.757433  0.155522 -0.459603   1.39847
 0.75989 0.161375 -0.46029  1.40417
0.761199 0.159905  -0.4612  1.40665
 0.760284  0.160862 -0.462087   1.40552
 0.757967  0.179549 -0.481035    1.4143
 0.761179  0.183594 -0.477475    1.4196
  0.75531   0.16342 -0.469599   1.40062
 0.758421  0.162422 -0.451255   1.39812
 0.759064  0.163279 -0.458362   1.40255
 0.758928  0.162672 -0.459705   1.40269
 0.759656  0.164474 -0.462957   1.40563
0.759187 0.162628  -0.4637  1.40447
 0.759821  0.165092 -0.464552   1.40654
 0.759173  0.163777 -0.460886   1.40339
0.758974 0.162907 -0.46358  1.40412
  0.75962  0.164153 -0.463433    1.4055
  0.933531   0.296423 -0.0428713    1.69352
  0.945249   0.266939 -0.0473904    1.71136
0.923609 0.159895 0.249369  1.66172
0.926507   0.1657 0.246486  1.66936
0.925033 0.165221 0.248128  1.66588
0.923847 0.157762 0.244927  1.66382
0.927661 0.168943 0.244056  1.67212
0.923885 0.154968 0.240496  1.66617
0.925755 0.161156 0.230305  1.67496
0.923921 0.151752 0.235483  1.66864
0.924797 0.214769 0.262881   1.6787
0.924219 0.158598 0.239533  1.66708
0.926561 0.149825 0.230399  1.67521
0.929249 0.199048 0.255437  1.68518
0.930059 0.167511 0.235609   1.6787
0.925741 0.160368  0.22921  1.67744
0.924586 0.160904 0.243846  1.66547
0.927094 0.161298 0.229496  1.67786
0.924099 0.162808 0.249738  1.66345
0.923922 0.161231 0.231447  1.67294
0.924669 0.162762 0.248775   1.6647
0.926357  0.16506 0.241988  1.66954
0.925255 0.192522 0.283646  1.68193
  0.9239 0.155372 0.232761  1.67085
0.923516 0.156089 0.235015  1.66833
0.925535 0.191541 0.265292  1.67891
0.926231 0.168047  0.24636  1.68007
0.927477 0.164038 0.234059  1.67508
0.924688 0.160595 0.230364   1.6753
0.928693 0.166793 0.232172   1.6777
 0.760666  0.153445 -0.458727    1.4042
 0.762135  0.154814 -0.469176   1.41244
 0.757872  0.156752 -0.471387   1.40536
 0.757011  0.158466 -0.455566   1.39635
  0.7588 0.154969   -0.459  1.40086
  0.75616  0.159462 -0.471297   1.40242
 0.757126  0.165896 -0.468874   1.40459
 0.756819  0.158679 -0.458889   1.39749
0.938138 0.244483 0.185763  1.70026
0.942747 0.220805 0.174334  1.70194
0.932123 0.219473 0.239316  1.69046
0.940191  0.17612 0.213361  1.69827
0.924644 0.202605 0.278506  1.68054
0.929233  0.18516  0.24292  1.68201
0.930526 0.170617 0.234081  1.68372
0.925493 0.211541 0.269288  1.68133
0.929925  0.15369 0.227725  1.68153
0.933245 0.200718 0.243134  1.69098
0.934881 0.163794 0.223416   1.6897
0.933727 0.204696 0.227891  1.68885
0.948501 0.160696 0.187208  1.70996
 0.94089 0.214095 0.209626   1.7031
0.939174 0.180961 0.214958  1.69501
0.949743 0.179964 0.181351   1.7124
 0.761057  0.158015 -0.460196    1.4056
 0.758371  0.160871 -0.460782   1.40153
 0.759166  0.153942 -0.459063   1.40135
 0.760459  0.159822 -0.462985   1.40607
 0.760255  0.157846 -0.460866   1.40437
 0.760476  0.153921 -0.456585   1.40256
 0.759261  0.163011 -0.461214   1.40362
 0.759232  0.162752 -0.461813   1.40368
 0.759654  0.161443 -0.462131   1.40434
 0.759466  0.163545 -0.463786   1.40516
 0.760442  0.160133 -0.461988   1.40556
  0.75942   0.16131 -0.463488   1.40455
 0.757999  0.161319 -0.460013   1.40064
 0.758767  0.154774 -0.456749   1.39941
  0.75941  0.163712 -0.464538   1.40542
  0.75649  0.157202 -0.455902    1.3952
 0.759557  0.162926 -0.463959   1.40533
 0.758993  0.158503 -0.460854    1.4022
0.924738 0.160438 0.244296  1.66635
0.923912 0.159585 0.233936  1.66957
0.925404 0.162043  0.23804  1.66991
0.924388 0.158114  0.23994  1.66801
0.924692 0.155649 0.231535  1.67247
0.924054 0.161364 0.234828  1.67374
0.926793 0.188875 0.266969  1.68266
0.923745 0.159114 0.233353  1.67129
0.924722 0.161232 0.230991  1.67453
0.927402 0.161699 0.227286  1.67721
0.927849 0.167129 0.237868  1.67421
0.926198 0.163978 0.237218  1.67213
0.926758 0.164464 0.239775  1.67188
0.925815 0.164216 0.243262  1.66878
 0.92425 0.167151 0.238498  1.67448
0.926553 0.198474 0.257275  1.67942
0.925622 0.175698 0.251989  1.67824
0.925438 0.170952 0.247403  1.67844
 0.758218  0.156183 -0.456623   1.39865
  0.75986  0.157709 -0.460756   1.40364
0.929016 0.167783 0.241359  1.68226
0.943982 0.184837 0.200417  1.70377
0.933705 0.184486  0.22822  1.68801
0.929795 0.202529 0.245221  1.68392
0.924551 0.163473 0.237798  1.67443
0.927071 0.159974 0.232186  1.67765
0.931865 0.179636 0.242105  1.68688
0.925326 0.177919 0.247721  1.67712
0.939473 0.211202 0.213694  1.70032
0.938634 0.204746 0.224487  1.69959
  0.75867  0.159455 -0.460991   1.40181
  0.75989  0.161294 -0.463551   1.40546
 0.759309  0.161772 -0.463608   1.40437
 0.759466  0.154769 -0.456918   1.40074
 0.758456  0.156071 -0.456953   1.39914
0.758239 0.159681 -0.46083  1.40103
 0.759143   0.16149 -0.463697   1.40413
 0.759349   0.15845 -0.460911   1.40282
0.925218 0.161521  0.23882  1.67001
0.923869 0.159515 0.232549  1.67159
0.924747 0.161747 0.232562  1.67249
0.923827 0.159151 0.234516  1.66986
0.926585  0.18143 0.252308  1.67865
0.923921 0.161101 0.232843   1.6719
0.924583 0.173932 0.245723  1.67639
0.924139 0.165322 0.240372  1.67447
0.927057 0.195332 0.263333  1.68245
0.928017 0.173542 0.241716  1.68096
0.926725 0.163558 0.232646  1.67517
0.925543 0.161749   0.2339  1.67267
 0.92406 0.160944  0.23347  1.67118
0.923304 0.163394 0.234353  1.67233
 0.757535  0.156779 -0.456885    1.3975
 0.757941  0.157239 -0.459274   1.39979
0.925085 0.164863 0.235387  1.67511
0.925543 0.174481  0.25141  1.67818
0.926719 0.171797 0.245401  1.67926
0.928525  0.18205 0.250825  1.68285
  0.75996  0.160377 -0.463082   1.40519
 0.759616  0.160376 -0.463402   1.40471
