0.876405 0.330016 0.151724  1.58841
0.880564  0.31464 0.173608   1.5963
 0.86831 0.331164 0.165407  1.57389
0.871578 0.321439 0.176141  1.57999
0.863346 0.331704 0.179407  1.56709
0.867313 0.323904 0.172528  1.57039
0.875204 0.318192 0.171808  1.58498
 0.87468 0.321288 0.160586  1.58289
 0.759337  0.154249 -0.453608   1.40122
 0.759476  0.154165 -0.453624   1.40151
 0.792475   0.13185 -0.400141   1.44017
 0.786809  0.132643 -0.407153   1.43152
 0.789963  0.135489 -0.406541   1.43861
 0.787791  0.118619 -0.406953   1.43111
 0.783112  0.123562 -0.414951   1.42595
 0.786513  0.123112 -0.412448   1.43199
 0.799283  0.120798 -0.386826   1.44685
 0.794869  0.112799 -0.393714   1.43913
 0.807186  0.101599 -0.368099   1.45343
 0.800318   0.11573 -0.391069   1.45038
  0.78825  0.127469 -0.411012   1.43577
  0.79173  0.120097 -0.405123   1.43906
0.795204 0.128208  -0.4017  1.44635
 0.79206 0.123638 -0.40263  1.43914
   0.95771   0.112716 -0.0492993    1.72172
  0.957653   0.114205 -0.0433678    1.72148
  0.956863      0.117 -0.0464597    1.71976
   0.95722   0.112902 -0.0448001    1.72028
 0.957619  0.115525 -0.037563   1.72134
  0.957547     0.1166 -0.0320881    1.72113
  0.956844   0.119442 -0.0351732    1.71949
   0.95716   0.115034 -0.0340138    1.71999
  0.955761   0.126225 -0.0436135    1.71757
  0.956236   0.125711 -0.0379076    1.71836
  0.957194   0.113867 -0.0394784    1.72012
  0.956635   0.117415 -0.0374436    1.71877
  0.956716   0.117227 -0.0416822    1.71914
  0.956933   0.117839 -0.0406705    1.71977
0.938894 0.156437 0.223506  1.69338
 0.761383   0.15363 -0.450522   1.40363
 0.759469   0.15358 -0.453883    1.4015
 0.759899  0.154575 -0.453886   1.40251
 0.760208  0.154756 -0.454008   1.40316
 0.760469  0.154675 -0.453985   1.40365
 0.760867  0.154309 -0.452708   1.40375
0.764465  0.15681 -0.45268  1.41127
 0.762762  0.153981 -0.449433   1.40586
 0.762187  0.153004 -0.448504   1.40417
 0.763612  0.153512 -0.449705   1.40765
  0.76636  0.154976 -0.453363   1.41498
 0.768726  0.151895 -0.448981   1.41726
 0.781475  0.139625 -0.419467   1.42753
 0.777217  0.140822 -0.428048   1.42298
 0.779961  0.143386 -0.427654   1.42916
 0.759388  0.154398 -0.453559   1.40133
 0.759422  0.154461 -0.453555   1.40141
 0.760143   0.15496 -0.453339   1.40272
 0.759285  0.154612 -0.453802   1.40127
 0.759274  0.154618 -0.454043   1.40137
 0.759283  0.154491 -0.454238   1.40145
 0.759241   0.15445 -0.454314   1.40139
0.760903  0.15381   -0.451   1.4029
 0.759259  0.154175 -0.454378    1.4014
 0.760508  0.154427 -0.452987   1.40317
 0.759479  0.153977 -0.453611   1.40147
 0.759437  0.153504 -0.454031   1.40148
 0.759409  0.153935 -0.453709   1.40135
  0.80127  0.222489 -0.418324   1.48258
 0.799997  0.217976 -0.422317   1.48089
 0.804816  0.218269 -0.420186   1.48892
 0.802413  0.219514 -0.421253   1.48577
 0.797858  0.213117 -0.427017   1.47743
 0.794177   0.20817 -0.434212   1.47226
 0.801065  0.206205 -0.430796   1.48336
 0.798477  0.208899 -0.432208   1.48045
 0.809424  0.213253 -0.419472   1.49623
 0.808832  0.204455 -0.424753    1.4955
 0.818924   0.20432 -0.409489   1.50892
 0.812436  0.208277 -0.423306   1.50352
 0.800808  0.214755 -0.425754   1.48359
 0.805277  0.207889 -0.428949   1.49188
 0.806317  0.215082 -0.423119   1.49285
 0.803832  0.212535 -0.424088   1.48736
 0.730366  0.158553 -0.454015    1.3429
 0.731287  0.157082 -0.453881    1.3444
 0.728493  0.158533 -0.451221   1.33681
0.726191 0.159481 -0.44981  1.33069
 0.726796  0.157051 -0.450236   1.33169
 0.727858  0.158088 -0.450417    1.3342
 0.729609  0.154055 -0.452021   1.33865
 0.727376   0.15474 -0.450489   1.33256
 0.728131  0.152447 -0.450656   1.33375
 0.729045  0.153475 -0.450928   1.33601
 0.729576  0.157615 -0.451577   1.33905
 0.728354  0.155792 -0.450741   1.33495
 0.730008  0.155277 -0.452113   1.33982
0.728883 0.156193 -0.45156  1.33729
 0.783101  0.145252 -0.418829   1.43181
 0.777697  0.150856 -0.426971   1.42546
 0.779725  0.150325 -0.416882   1.42441
 0.951916  0.127089 0.0533332    1.7106
0.951453 0.136513  0.05833  1.70973
 0.952117   0.13588 0.0520226   1.71059
 0.951829  0.137014 0.0564115   1.71079
 0.951662  0.142672 0.0462265   1.70818
 0.950833   0.14829 0.0549833   1.70807
 0.950657  0.149397 0.0630841   1.70819
 0.774971  0.151403 -0.431577   1.42205
 0.948914  0.158652 0.0747541   1.70343
 0.770107  0.154936 -0.442951   1.41796
   0.956865    0.120787 -0.00636951     1.71963
  0.956588   0.121645 -0.0011786    1.71906
   0.956275    0.123703 -0.00486771     1.71821
   0.956481    0.120015 -0.00457537     1.71856
   0.95632   0.122947 0.00440361     1.7186
 0.956041  0.124017 0.0100966   1.71814
  0.955598   0.128014 0.00583049    1.71695
  0.955855   0.122514 0.00551682    1.71738
   0.955584    0.127763 -0.00328704     1.71633
   0.955423    0.126739 -0.00136751     1.71568
    0.956166     0.121271 -0.000123053      1.71795
    0.955439     0.126033 -0.000783447      1.71627
   0.956061    0.123401 -0.00375417     1.71755
    0.956024     0.124581 -0.000239249      1.71766
 0.766653  0.157316 -0.453211     1.416
 0.761545   0.15329 -0.448956   1.40311
 0.764941  0.157999 -0.453449   1.41273
 0.759247  0.154654 -0.454169   1.40137
  0.76149  0.154277 -0.448938   1.40319
 0.759289  0.154749 -0.453968   1.40138
 0.759917  0.155054 -0.454101    1.4027
 0.759543  0.154445 -0.453474   1.40161
0.950957 0.182691 0.210657  1.71162
 0.925615  0.151242 -0.228461    1.6757
 0.926313  0.157845 -0.219538   1.67665
 0.923563   0.16157 -0.228278   1.67297
 0.925134  0.152992 -0.226236   1.67461
 0.920965  0.186902 -0.231648   1.67364
 0.923481  0.161396 -0.221887   1.67153
 0.924124  0.164005 -0.220716   1.67326
 0.943393   0.15842 0.0832161   1.69837
 0.947133  0.165527 0.0780334   1.70518
 0.946582  0.158959 0.0828053   1.70262
 0.945371  0.159748 0.0835667   1.70072
 0.950031  0.159222 0.0784452   1.70856
 0.951468  0.152761 0.0780549   1.71029
 0.948708  0.160349 0.0816945    1.7053
 0.948029  0.160989 0.0825472    1.7046
 0.948664  0.162009 0.0779206   1.70587
 0.948922  0.131203 0.0731938   1.70613
 0.947706  0.132263 0.0788275   1.70398
 0.948944  0.141764 0.0785685   1.70605
 0.948288  0.132036 0.0734541   1.70468
  0.94533  0.135571 0.0860602   1.69951
 0.941848  0.145065 0.0902801   1.69321
 0.946403  0.151993 0.0873114   1.70185
 0.944919  0.142279 0.0836926   1.69923
 0.948975  0.155316 0.0826008    1.7058
0.948594 0.155719 0.083025  1.70475
 0.946913  0.134401 0.0787031   1.70229
 0.947316  0.151188 0.0815184   1.70323
 0.948513  0.144816 0.0777884   1.70497
 0.947774  0.145066 0.0837547   1.70406
 0.950789  0.148331 0.0668135   1.70849
 0.950871  0.147199 0.0683921   1.70849
  0.95133  0.136903 0.0612118   1.70997
 0.951731  0.127992 0.0577214   1.71073
 0.950966  0.128954 0.0618968    1.7094
 0.951225  0.128313 0.0580449   1.70952
 0.950446  0.138935 0.0695444   1.70864
 0.950388  0.130059 0.0656491   1.70855
 0.949719  0.130512 0.0688206   1.70745
 0.950007  0.130415 0.0658566   1.70766
 0.951047  0.137256 0.0616417   1.70915
0.950554 0.129794 0.061804  1.70847
 0.950467  0.139109 0.0644119   1.70815
 0.950885  0.137331 0.0648777   1.70921
 0.952924  0.141441 0.0437954   1.71161
0.952883 0.139974 0.045601  1.71121
 0.953689  0.132492 0.0392056   1.71376
  0.95429  0.125974 0.0361275   1.71513
   0.9538  0.125812 0.0412022   1.71421
 0.953778  0.125273 0.0373511    1.7138
0.952649 0.135777 0.050973  1.71204
 0.953273  0.126341 0.0470065   1.71335
  0.95254  0.127042 0.0526534   1.71211
 0.952628  0.126193 0.0478388   1.71176
0.953399 0.132358 0.040088  1.71289
 0.953226  0.125694 0.0419413   1.71279
 0.952589  0.134688 0.0435466   1.71127
 0.953302  0.132606 0.0439992   1.71301
 0.952028  0.154926 0.0501723   1.70956
  0.956279   0.107627 -0.0793365    1.71945
  0.955551    0.11521 -0.0739386    1.71775
  0.954797   0.114654 -0.0850824    1.71678
  0.955505   0.114506 -0.0836558    1.71846
  0.954544   0.128835 -0.0696557    1.71612
  0.952526   0.123991 -0.0939794     1.7128
   0.95318   0.123976 -0.0923357    1.71435
  0.954413   0.130341 -0.0794215    1.71694
 0.734904  0.270412 -0.389575   1.34562
 0.733127  0.262355 -0.395974   1.34255
 0.742179  0.261212 -0.389109   1.35767
 0.738834  0.265974 -0.394559   1.35485
 0.731811   0.25442 -0.401782   1.34029
 0.730861  0.246805 -0.406937   1.33865
 0.739186  0.246372 -0.400624   1.35278
 0.735947  0.250122 -0.405883   1.34965
 0.747477   0.25633 -0.393224   1.37051
   0.7484  0.250716 -0.395044   1.37157
 0.737268   0.25792 -0.400551   1.35207
 0.742684  0.250188 -0.398902    1.3604
  0.74492  0.257539 -0.393297   1.36435
   0.7403  0.253481 -0.395546   1.35453
 0.937895  0.147876 -0.175381   1.69334
0.940393 0.150565  -0.1672  1.69835
 0.939677  0.133964 -0.179675   1.69626
 0.940297  0.128248 -0.187028   1.69833
 0.942908  0.125279 -0.177683   1.70244
 0.940255  0.131104 -0.179512   1.69709
0.944579 0.129713 -0.15955  1.70389
 0.945699   0.12196 -0.167138   1.70684
 0.947949    0.1177 -0.155737   1.70975
 0.945429  0.124964 -0.157303   1.70478
0.940395 0.138616 -0.17115  1.69706
 0.942763  0.128075 -0.168884   1.70076
 0.943025  0.136049 -0.159741   1.70103
0.942057 0.132471 -0.17073  1.70014
  0.75611  0.226363 -0.423636   1.39691
 0.726512  0.183343 -0.442796   1.33246
 0.728421  0.181219 -0.443314   1.33695
 0.729181  0.184515 -0.441495   1.33814
 0.727318  0.182668 -0.441988   1.33412
 0.731103  0.180448 -0.446802   1.34509
 0.732985  0.186683 -0.443249   1.34826
 0.730034  0.184403 -0.443793   1.34183
 0.730061  0.182496 -0.444171   1.34164
0.729209 0.167996 -0.45148  1.34106
 0.729919  0.166354 -0.451467   1.34214
 0.727276  0.168428 -0.448299   1.33465
 0.724903   0.16996 -0.447192   1.32871
 0.725112  0.167191 -0.448056   1.32906
0.726518 0.168362  -0.4481  1.33223
 0.727672  0.163327 -0.450007   1.33538
 0.725397  0.164589 -0.448741   1.32949
 0.725691  0.161959 -0.449389   1.32993
 0.726973   0.16311 -0.449502   1.33288
 0.728374  0.167256 -0.448941   1.33703
 0.726679  0.165716 -0.448835   1.33243
0.728384 0.164626 -0.44995  1.33713
 0.727304  0.165759 -0.449103   1.33457
 0.733059  0.150321 -0.454732   1.34715
 0.734158  0.148989 -0.454497     1.349
 0.731239  0.149884 -0.452309   1.34136
 0.729017  0.150326 -0.450626   1.33514
 0.729938  0.148191 -0.450658   1.33664
 0.730705  0.149133 -0.450972    1.3386
 0.732973  0.146031 -0.452322   1.34417
0.730879 0.146223 -0.45051  1.33811
 0.731935  0.144317 -0.450316   1.33981
 0.732534  0.145185 -0.450686   1.34144
 0.732312  0.149202 -0.452415   1.34349
 0.731535  0.147143 -0.450886   1.33988
 0.733109  0.147148 -0.452539   1.34484
 0.731958  0.147863 -0.452238   1.34236
 0.773894  0.153314 -0.440427   1.42446
 0.94604 0.154535 0.181992  1.70637
 0.936828  0.109606 0.0955794   1.70285
0.938313 0.145336 0.189374  1.69826
0.936046 0.145064 0.196232  1.69471
0.936681 0.142667  0.19383  1.69307
0.938599 0.151659 0.214858  1.69523
0.935127 0.153397 0.231401  1.68433
0.938266 0.156625 0.226878  1.69079
0.888161 0.234456 0.256468  1.60801
 0.89199 0.220584 0.263305   1.6154
0.882958 0.230989 0.263271   1.5993
0.885172 0.223015 0.266765  1.60365
0.879215   0.2264 0.269396    1.594
0.882374 0.225249 0.265589   1.5975
0.887841 0.223594 0.264107  1.60714
0.887034 0.227517 0.259271  1.60486
0.937203 0.154085 0.227667  1.68825
0.935182 0.136831 0.230099  1.68436
0.936407 0.108559 0.212443  1.68439
   0.922235 -0.00534522    0.273839     1.67173
 0.929894 0.0253688  0.262088   1.68148
    0.938935 -0.000879762     0.236593      1.69727
  0.930111 0.00999301   0.242763    1.67737
 0.933404 0.0511555  0.252984   1.68615
 0.934091 0.0633103   0.23617   1.68299
 0.939979 0.0594132  0.231246   1.69619
 0.935268 0.0603478  0.234671   1.68558
 0.946868 0.0244315  0.204936   1.70728
 0.943737 0.0467105  0.208465   1.69971
 0.950127 0.0489602  0.186515   1.71155
 0.947592 0.0379854  0.188588   1.70525
 0.933786 0.0383197  0.236351   1.68264
 0.941013 0.0454346  0.210495   1.69341
 0.941916 0.0175093  0.208627   1.69578
0.939325 0.031571 0.232216  1.69488
 0.95126 0.186185 0.210774  1.71078
0.950962 0.183028 0.212157  1.71173
0.933891 0.152856 0.202449  1.68987
0.943596 0.199034 0.235424  1.69888
0.936108 0.202741 0.245766  1.68554
0.922654  0.19625 0.255352  1.66073
 0.91419 0.196029 0.263986  1.63941
0.937275 0.152259 0.215722   1.6918
0.896891 0.184322 0.266988  1.60534
0.935142 0.142148 0.197019  1.68966
0.951677 0.160515 0.180785  1.71514
  0.880954  0.0223833 -0.0153293    1.61157
0.949403 0.176067 0.173682  1.70491
0.931475 0.125212 0.233873  1.67747
0.938477 0.154459   0.2256  1.69059
0.932119 0.133583 0.239909  1.67951
0.933036 0.144075 0.237792  1.68074
0.934003 0.151309 0.236113  1.68268
0.929794 0.198455 0.251518  1.67056
0.936608 0.157391 0.225283  1.68877
0.939725  0.19479 0.238736  1.69008
0.937297 0.158281 0.199804  1.69387
0.943566 0.170562 0.189691  1.70402
 0.782625  0.119027 -0.419316   1.42644
 0.781793  0.112377 -0.416906   1.42218
 0.786971  0.114339 -0.411395   1.43093
 0.784262  0.115082 -0.413178   1.42605
0.779579 0.105983  -0.4174  1.41649
 0.774382  0.102472 -0.419068   1.40529
 0.780741 0.0991505 -0.411559   1.41477
 0.779476  0.102984 -0.415526   1.41455
 0.793183  0.107021 -0.400992    1.4381
 0.789012 0.0959574 -0.400937   1.42718
 0.799952 0.0932335 -0.384547   1.44336
 0.795395  0.100057 -0.391747   1.43738
0.782803 0.108811 -0.41304  1.42164
0.786542 0.100808 -0.40608  1.42489
 0.788868  0.109225 -0.404022   1.43041
 0.786002  0.105042 -0.409969   1.42654
 0.774852  0.144638 -0.440472   1.42503
 0.764279   0.15996 -0.452055   1.41117
 0.752864  0.124294 -0.445681   1.37815
 0.755013  0.122577 -0.445073   1.38205
0.750457 0.122241 -0.44503  1.37203
 0.747678  0.121685 -0.443368   1.36461
 0.749705  0.119576 -0.442134   1.36783
 0.749894  0.120751 -0.443025   1.36894
 0.754909  0.118406 -0.442013   1.37907
0.751813 0.117489 -0.44059  1.37106
 0.754268  0.115273 -0.438606   1.37478
0.754361 0.116714 -0.43988  1.37593
 0.751837  0.122182 -0.444334   1.37451
 0.751958  0.118761 -0.441639   1.37218
 0.754211  0.120128 -0.442832   1.37836
 0.752485  0.120259 -0.443531   1.37509
 0.769206  0.159299 -0.443287   1.41715
0.738587 0.211155 -0.42959  1.35843
 0.743646  0.220537 -0.422093   1.36734
 0.733981  0.213592 -0.425215   1.34616
  0.73636   0.21855 -0.421321   1.35015
 0.730809  0.218462 -0.425557   1.34041
0.732593 0.215937 -0.42276  1.34239
 0.737803  0.217509 -0.424192   1.35534
 0.736978  0.214685 -0.425206    1.3534
 0.827789   0.22581 -0.397814   1.52759
 0.832409  0.224229 -0.392474   1.53479
0.827011 0.228257 -0.39367  1.52583
0.828386 0.225869 -0.39443  1.52729
 0.837319  0.222631 -0.386778   1.54258
 0.842542  0.220475 -0.380526   1.55075
 0.836594  0.225735 -0.382227   1.54097
 0.838036  0.222736 -0.382809   1.54235
0.826521 0.232311 -0.38735  1.52408
 0.830957  0.234305 -0.383136   1.53254
 0.832992  0.224342 -0.388931   1.53444
 0.833734   0.22842 -0.383434   1.53587
 0.828579  0.229684 -0.389841   1.52792
 0.831687  0.226812 -0.388239   1.53306
 0.744897  0.132119 -0.451119   1.36599
 0.741913  0.135813 -0.451813   1.36077
 0.743243  0.130801 -0.449129   1.36074
 0.741508  0.132877 -0.449596   1.35772
 0.741636  0.130261 -0.447475   1.35576
 0.741975  0.131348 -0.449087    1.3581
 0.742062  0.134124 -0.450807   1.36013
 0.744038  0.132438 -0.450475   1.36375
 0.843239  0.220651 -0.376208    1.5504
 0.844644  0.225684 -0.369349   1.55307
  0.83824  0.227495 -0.377754   1.54312
 0.841863  0.223805 -0.375677   1.54908
 0.846081  0.233622 -0.361045   1.55618
 0.833248  0.235051 -0.377246   1.53525
 0.836004  0.230921 -0.375826   1.53914
  0.84219   0.23371 -0.369877   1.55114
0.869647 0.228109  -0.3281  1.59492
0.855385 0.230069  -0.3484  1.57108
 0.867644  0.215939 -0.336728   1.58905
 0.860526  0.219345 -0.347715   1.57822
 0.865637  0.209059 -0.345924   1.58518
  0.86416  0.213156 -0.345217   1.58369
 0.858323  0.224196 -0.346882   1.57517
 0.864857  0.227909 -0.339724   1.58825
0.893136 0.183533 -0.30637  1.62803
 0.898706   0.17913 -0.296812   1.63694
 0.893644  0.188135 -0.297246    1.6278
  0.89441   0.18503 -0.300005   1.62914
 0.904139  0.173606 -0.286246   1.64517
 0.908704  0.167738 -0.276097   1.65162
  0.90479  0.177326 -0.275649   1.64479
  0.90531  0.175055 -0.278796   1.64585
 0.891894  0.205112 -0.294136    1.6278
 0.898418  0.206456 -0.285128   1.64058
 0.900031  0.180614 -0.289144    1.6378
 0.902943   0.18779 -0.276641   1.64296
  0.89588  0.192289 -0.289532   1.63141
 0.899074  0.184776 -0.287552   1.63661
 0.910264   0.18749 -0.256316   1.65482
0.915919 0.189276  -0.2464  1.66597
 0.912663  0.168811 -0.258364    1.6564
 0.912897  0.163292 -0.266716    1.6579
 0.917511  0.159259 -0.256625   1.66526
 0.913535  0.165418 -0.259592    1.6577
 0.921822  0.158176 -0.235166   1.66991
 0.921781  0.154178 -0.245562   1.67151
0.925272 0.148983 -0.23531  1.67628
 0.922339  0.156215 -0.237632   1.67105
  0.91431  0.173639 -0.249502   1.65876
  0.91817  0.161422 -0.248086   1.66479
 0.920233  0.169305 -0.235817   1.66838
 0.917188  0.165834 -0.247881   1.66366
 0.925811  0.168769 -0.215737   1.67701
 0.930276  0.171031 -0.205934   1.68599
 0.928013  0.150677 -0.217889   1.67907
 0.928519  0.144969 -0.225998   1.68108
0.932061 0.141255  -0.2161  1.68666
 0.928786  0.147564 -0.218566   1.68029
 0.935104  0.139693 -0.194921   1.68912
 0.935207  0.136413 -0.205447   1.69107
 0.937856  0.131788 -0.195874   1.69473
 0.935453  0.138715 -0.197688   1.69027
 0.929229  0.155784 -0.208657   1.68069
0.932373 0.143831 -0.20735  1.68574
 0.933935  0.151583 -0.195078   1.68832
 0.931531  0.147884 -0.207549   1.68464
 0.733389  0.193915 -0.439959   1.34905
 0.737385  0.201602 -0.434694    1.3562
0.730057 0.195532  -0.4362  1.33961
 0.731764    0.1996 -0.433423   1.34248
0.727696 0.198951 -0.43612  1.33483
 0.728917  0.197401 -0.434364   1.33656
 0.732878   0.19882 -0.435991   1.34675
 0.732168  0.196585 -0.436686    1.3451
 0.734834  0.242665 -0.410711   1.34761
 0.739136   0.23599 -0.409694   1.35454
 0.742078   0.24252 -0.404373    1.3596
 0.737258  0.238914 -0.406482   1.34956
 0.745011  0.232654 -0.413841   1.36922
 0.751144  0.244734 -0.403455   1.37996
 0.743855   0.24117 -0.406458   1.36501
 0.743255  0.236896 -0.408333   1.36345
 0.950609   0.11724 -0.114614   1.70974
 0.951149  0.119158 -0.113427   1.71115
 0.94957 0.115837 -0.13158  1.70948
 0.949829  0.113553 -0.144864   1.71204
 0.951508  0.110302 -0.134901   1.71429
0.949828  0.11729 -0.13665   1.7112
 0.952643  0.109132 -0.114393    1.7141
0.952685 0.107216 -0.12585  1.71558
 0.953582  0.105114 -0.117745   1.71653
  0.95287  0.110899 -0.120099   1.71568
 0.950502  0.120515 -0.124687   1.71138
 0.951538  0.114298 -0.127833    1.7138
 0.952166  0.118339 -0.116695   1.71422
 0.951357  0.113176 -0.123219   1.71246
 0.848637  0.232484 -0.336292   1.55275
 0.860867  0.238428 -0.322326   1.57687
 0.952939 0.0477584  0.148902   1.71157
 0.956366 0.0718135  0.138958   1.71985
0.957769 0.043354 0.138351  1.72236
 0.956196 0.0453669  0.140062   1.71841
 0.956205 0.0918163 0.0861404   1.71584
 0.956196 0.0851573  0.116928   1.71784
 0.961849 0.0333674  0.094574   1.72792
 0.961795 0.0702775 0.0696158   1.72734
 0.963884 0.0441638 0.0388557   1.73216
 0.962978 0.0259752 0.0639041   1.72888
 0.957184 0.0619411  0.113752   1.71844
 0.960091 0.0613599 0.0842428   1.72337
 0.959865 0.0309077  0.102287   1.72329
 0.959282 0.0663357  0.103934   1.72302
 0.889527  0.189662 -0.309401   1.62201
 0.891498  0.195321 -0.299493   1.62526
  0.88725  0.200611 -0.307405   1.61961
 0.889218  0.191593 -0.304975   1.62096
 0.886008  0.222082 -0.307301   1.62369
 0.888472  0.200974 -0.299108   1.62047
0.889491 0.201543 -0.29833  1.62274
 0.954711  0.107933 -0.112735   1.71903
 0.955632   0.10741 -0.103219   1.72016
  0.95352  0.112882 -0.109607   1.71613
 0.954234  0.106131 -0.106058   1.71684
  0.956514   0.107663 -0.0943918    1.72145
 0.957062  0.107525 -0.085832   1.72199
   0.95499   0.114109 -0.0920014    1.71792
 0.955761  0.107312 -0.087624   1.71885
 0.951917  0.123772 -0.107586   1.71292
  0.952803   0.124916 -0.0993691    1.71427
  0.954988   0.106685 -0.0970187    1.71779
  0.954135   0.112416 -0.0945122    1.71583
 0.953545  0.112217 -0.102239    1.7152
 0.954318  0.112608 -0.100768   1.71703
0.936546 0.144524 0.218391   1.6859
0.949233 0.131094 0.069036  1.70633
 0.949115  0.141999 0.0730124   1.70601
 0.950156  0.139671 0.0696881    1.7078
 0.949642  0.139713 0.0731477   1.70735
  0.95064  0.148033 0.0684328    1.7078
 0.949776  0.151988 0.0695139   1.70571
 0.95017 0.149025 0.072034  1.70801
 0.949094  0.155679 0.0771746   1.70572
 0.949709  0.146991 0.0763127   1.70678
 0.832856  0.416803 0.0293646   1.51837
  0.843036   0.401348 0.00527058    1.53231
   0.8488  0.395899 0.0356233   1.54311
 0.840547  0.395183 0.0236469   1.52372
  0.856882   0.383432 -0.0127312    1.55584
 0.863995  0.381128 0.0413276   1.57066
 0.854961  0.382283 0.0327958   1.55014
  0.855757   0.380095 0.00504697    1.55114
0.935639 0.146272 0.230603  1.68523
 0.931697 0.0907695  0.240514    1.6792
0.930334 0.108032 0.230849  1.67421
0.929187 0.102787 0.247736  1.67571
 0.94254 0.104089 0.181199  1.69454
0.940629 0.105113 0.186691  1.69034
 0.917253 0.0979935  0.277697   1.65761
 0.922216 0.0882573  0.267368   1.66537
  0.91653 0.0848803  0.286121   1.65889
 0.919037 0.0856879  0.275386   1.66009
  0.92626 0.0796225  0.256871     1.671
 0.931363 0.0739923  0.238362   1.67775
 0.928594 0.0631336  0.256865   1.67632
 0.929146 0.0661632  0.253004   1.67601
 0.915017 0.0631125  0.287717   1.65674
 0.923537 0.0471735  0.267601   1.66875
 0.913017 0.0289771  0.282263   1.65309
 0.919284 0.0388152  0.282961   1.66391
 0.924416 0.0746377  0.265798   1.66891
 0.926143 0.0549629  0.270427   1.67431
 0.919064 0.0681649   0.28332    1.6626
 0.922509 0.0721193  0.273871   1.66786
0.870436 0.293021 0.219148  1.57872
0.874699 0.295186 0.208199   1.5847
0.876998 0.285962 0.216143  1.58909
0.873785 0.288199 0.213273  1.58175
 0.88131 0.296516 0.197124   1.5962
0.884397 0.281309 0.214211   1.6025
0.880156 0.284177 0.212733  1.59344
0.879933 0.288329 0.203312  1.59214
0.940355 0.154805 0.223209  1.69644
0.929765 0.116984 0.244497  1.67528
0.893556 0.110081 0.289831  1.61518
0.901481 0.106279 0.295238   1.6318
  0.89455 0.0907218  0.294663   1.61716
0.897374 0.104896 0.295109  1.62534
0.908558 0.102042 0.292352  1.64404
 0.914829 0.0984029  0.280321    1.6528
 0.912862 0.0852933  0.290055   1.65167
 0.911952 0.0994312  0.291804   1.65149
  0.89895 0.0632769  0.296403   1.62589
 0.910175 0.0632922  0.293194   1.64738
 0.908297 0.0292258    0.2904   1.64433
 0.904477 0.0585166  0.296566   1.63888
0.904919 0.101435 0.297857  1.64004
 0.908816 0.0830853  0.296185   1.64675
  0.89961 0.0846891  0.299184   1.63012
 0.904518 0.0868208  0.296231   1.63718
 0.922952 0.0952395  0.268849   1.66691
 0.920372 0.0975235  0.269483   1.66115
 0.925232 0.0985109  0.253936   1.66742
 0.930606 0.0865298  0.251158   1.67931
  0.92729 0.0829342  0.256142   1.67236
 0.925576 0.0972162  0.260484   1.67077
 0.779044   0.11499 -0.419756    1.4181
0.776283 0.121254   -0.426  1.41666
 0.778822  0.118255 -0.420934   1.41892
 0.770724  0.116593 -0.430204   1.40607
 0.769866  0.122895 -0.435637    1.4085
 0.771279  0.119483 -0.430301   1.40795
 0.777162  0.109815 -0.420304   1.41332
 0.772383  0.111207 -0.425972   1.40625
0.773749  0.10541 -0.42214  1.40594
 0.774096  0.107793 -0.423504   1.40811
 0.774838  0.118274 -0.428199   1.41426
 0.772214   0.11345 -0.427416   1.40724
 0.776676  0.112636 -0.422365     1.414
 0.775002  0.115261 -0.424707   1.41206
 0.771059  0.149972 -0.448334   1.42165
 0.813919  0.226287 -0.413523   1.50521
 0.816596  0.226826 -0.410585   1.50972
 0.812205  0.227808 -0.411726    1.5022
 0.813681  0.226559 -0.411914   1.50394
0.819756 0.227049 -0.40696  1.51486
 0.823486  0.226722 -0.402705   1.52079
 0.818039  0.229218 -0.404236   1.51168
 0.819747  0.227205 -0.404472   1.51364
 0.809256  0.230401 -0.406814    1.4956
 0.812408  0.232241 -0.403173   1.50121
 0.816376  0.227034 -0.408516   1.50825
 0.815455  0.229776 -0.405364   1.50672
 0.812381  0.228696 -0.409463   1.50181
 0.814873  0.228517 -0.408375   1.50654
 0.812106  0.225321 -0.415522   1.50201
  0.80986  0.224711 -0.416522    1.4985
  0.81165  0.223713 -0.416522   1.50114
 0.810987  0.224187 -0.416009   1.49956
 0.807424  0.223586 -0.416615    1.4938
0.803817 0.224716 -0.41732  1.48818
 0.806698  0.220762 -0.419547   1.49323
 0.806285   0.22297 -0.417158    1.4917
0.812526 0.220936 -0.41613  1.50217
 0.810557  0.217591 -0.419333   1.49969
 0.815855  0.215934 -0.412356   1.50631
 0.813009  0.216578 -0.415468   1.50181
 0.808867  0.223226 -0.416819   1.49619
 0.808884   0.21959 -0.418009   1.49593
 0.811119  0.221541 -0.416593    1.4995
 0.809668  0.221987 -0.417862   1.49811
0.936212 0.149069 0.226155  1.68583
  0.965742 -0.0255645  0.0243079    1.73888
  0.960023 -0.0665519  0.0901514    1.73037
  0.961084 -0.0143959  0.0914742    1.72689
  0.961585 -0.0153601  0.0871196    1.73024
  0.943403 -0.0694885   0.178351    1.70288
  0.920093 -0.0293617   0.245341    1.65998
  0.941939 -0.0227826   0.197424    1.69593
  0.936248 -0.0456665   0.237995    1.69811
0.956567 0.011228 0.138558  1.71915
 0.950067 0.0054131  0.164823    1.7069
 0.951931 0.0308924  0.149415   1.70869
 0.952759 0.0201917  0.162737   1.71324
   0.95153 -0.0486726     0.1677    1.71948
  0.948527 -0.0137309    0.19172    1.71058
 0.957322 0.0022894  0.145313   1.72339
  0.953556 -0.0310179   0.148145    1.71592
0.884736 0.192315 0.284154  1.60389
0.888443 0.198626 0.280367   1.6093
0.891505 0.190345 0.281871  1.61532
0.888176 0.192802 0.281655   1.6082
0.893306 0.203263 0.273613   1.6169
0.899235 0.187413 0.275779   1.6278
  0.8939 0.191024 0.278656  1.61755
0.892523 0.195298 0.275237  1.61421
0.894198 0.122446 0.285663  1.61666
0.894854 0.130416 0.284344  1.61857
0.899525 0.131106 0.290609  1.62855
0.896491 0.128816 0.285345  1.62255
0.894045 0.138358 0.285311  1.61777
0.892272 0.146919 0.286796  1.61505
0.897638 0.148007 0.289044  1.62537
 0.89434  0.14573 0.286208  1.61958
0.903317 0.136861 0.288786  1.63464
0.902575  0.14463 0.285811  1.63269
 0.90788 0.136667  0.28119  1.64082
0.903987 0.140133  0.28864  1.63621
0.895793 0.137267 0.284997  1.62166
  0.8995 0.145718 0.290009   1.6296
0.900562 0.137078 0.290938  1.63159
0.898816  0.13974  0.28945   1.6275
 0.759583  0.154269 -0.453476   1.40166
 0.759743  0.154223 -0.453434   1.40196
 0.760077  0.154532 -0.453892   1.40286
  0.75938  0.153655 -0.454276    1.4015
 0.759358   0.15382 -0.454372   1.40153
 0.759396  0.153572 -0.454137   1.40146
0.759304 0.154288 -0.45437  1.40152
 0.759394  0.153542 -0.454174   1.40147
 0.766966  0.156966 -0.450066   1.41511
 0.759347  0.153683 -0.454292   1.40145
 0.745309  0.130788 -0.450256   1.36607
 0.746902  0.129377 -0.449867   1.36893
 0.743523  0.129556 -0.448767   1.36088
 0.741452  0.129292 -0.446873   1.35485
 0.742806  0.127426 -0.446319   1.35705
 0.743094  0.128388 -0.446888   1.35815
 0.746479  0.126036 -0.447343   1.36563
 0.744217  0.125608 -0.445533   1.35924
 0.745825  0.123669 -0.444582   1.36174
 0.746044   0.12477 -0.445335   1.36283
 0.744559  0.129272 -0.448466   1.36281
  0.74445  0.126626 -0.446201    1.3603
 0.746109  0.127379 -0.447816   1.36538
  0.74484  0.127767 -0.447988   1.36284
 0.759332  0.154043 -0.454408   1.40154
 0.761064  0.153462 -0.452604   1.40395
 0.764514  0.155504 -0.452696   1.41111
 0.765706  0.154714 -0.453759   1.41392
 0.768095  0.153692 -0.453791   1.41861
 0.767619  0.121626 -0.437056   1.40428
  0.76378  0.117567 -0.436096   1.39466
 0.767979  0.115646 -0.431847   1.40095
 0.76673 0.118372   -0.434  1.39992
   0.7613  0.114413 -0.436417   1.38881
 0.757279  0.112998 -0.435992   1.37934
 0.760759  0.110626 -0.432961    1.3847
 0.760641  0.112326 -0.434699   1.38567
 0.769327  0.110074 -0.428335    1.4008
 0.764597  0.108227 -0.429198   1.39047
 0.769136  0.105518 -0.424665   1.39736
0.768784 0.107873 -0.42719   1.3983
 0.763506  0.115221 -0.434564   1.39259
 0.764362  0.110201 -0.431337   1.39143
 0.767788  0.113261 -0.430577   1.39922
 0.764988  0.112348 -0.432664   1.39424
 0.759273  0.153719 -0.454175   1.40126
 0.762364  0.151375 -0.448586   1.40428
 0.772351  0.147169 -0.441166   1.42034
 0.776458  0.124234 -0.425408   1.41722
 0.77447 0.132312 -0.43197  1.41777
0.770065 0.125013 -0.43426  1.40841
 0.774875  0.128621 -0.431781   1.41797
 0.764223  0.129787 -0.443825   1.40196
 0.778507  0.136325 -0.430273   1.42625
 0.781201  0.127401 -0.423447   1.42696
 0.784515  0.136777 -0.419952   1.43391
 0.780699  0.131442 -0.420899   1.42518
 0.766424  0.150925 -0.454505   1.41493
 0.759297   0.15453 -0.453611   1.40119
  0.75932  0.154687 -0.453748   1.40133
 0.760852  0.154563 -0.450984   1.40294
 0.760141  0.155051 -0.454011   1.40308
 0.763327  0.157196 -0.452334   1.40889
0.761403 0.155991 -0.44978  1.40367
  0.76073   0.15367 -0.452794   1.40338
0.737263 0.153155 -0.45919  1.35957
 0.759301  0.153905 -0.454365   1.40143
 0.766257  0.159679 -0.450302   1.41431
 0.760422  0.154291 -0.454029   1.40349
 0.762663  0.155052 -0.449434   1.40588
0.760077 0.154283 -0.45391  1.40281
 0.759547  0.162174 -0.439115   1.39597
0.759722 0.153974 -0.45344  1.40187
 0.759243  0.154215 -0.454446    1.4014
  0.75964  0.153923 -0.453511   1.40175
 0.760677  0.154152 -0.454093   1.40401
 0.759538  0.153513 -0.453615    1.4015
 0.759405  0.153587 -0.453978    1.4014
 0.759456  0.153397 -0.453853   1.40143
   0.7594  0.153698 -0.453829   1.40134
  0.75955  0.153678 -0.453514   1.40151
 0.759485  0.153746 -0.453774   1.40151
 0.788789  0.141513 -0.407401   1.43758
 0.794635  0.140584 -0.399337   1.44611
 0.789404  0.149982 -0.401311    1.4374
0.790534 0.142196 -0.40112  1.43828
 0.803585   0.13726 -0.385155    1.4586
 0.819203  0.139291 -0.364271    1.4855
 0.801194  0.154549 -0.379086   1.45455
 0.805375  0.141477 -0.375109   1.45967
 0.788311  0.156545 -0.396251   1.43403
 0.792306    0.1617 -0.389206   1.44096
 0.785857  0.167573 -0.397576   1.43188
 0.788666  0.160286 -0.394257   1.43518
  0.79639  0.139949 -0.388963   1.44491
 0.795669  0.153418 -0.385875    1.4453
  0.79025  0.150121 -0.394482   1.43607
 0.795045  0.149651 -0.390068   1.44438
 0.785725  0.144893 -0.406166   1.43085
 0.785678  0.149188 -0.406816   1.43193
 0.784032  0.156764 -0.398683   1.42593
 0.782208  0.163616 -0.402958   1.42576
 0.780074  0.153936 -0.415398   1.42521
 0.782428  0.156382 -0.407186   1.42651
0.736917 0.143006 -0.45399  1.35319
0.738166  0.14145 -0.45363  1.35526
 0.735103  0.142412 -0.451903   1.34764
 0.732999  0.142544 -0.449979   1.34147
 0.734118  0.140734 -0.449762   1.34333
 0.734658  0.141513 -0.450128   1.34482
 0.736948  0.138828 -0.451438   1.35045
 0.735105  0.139086 -0.449484    1.3449
 0.736043  0.137425 -0.449235   1.34639
 0.736563   0.13815 -0.449575   1.34781
 0.736161   0.14185 -0.451878    1.3497
 0.735602   0.13982 -0.449859    1.3463
 0.737136  0.139811 -0.451761   1.35127
 0.735973  0.140579 -0.451541   1.34883
 0.731113   0.15992 -0.454273   1.34495
 0.730893  0.164705 -0.452731   1.34455
 0.728967  0.159775 -0.451259    1.3381
 0.728706  0.162329 -0.450458   1.33756
 0.727293  0.160591 -0.450009   1.33331
  0.72783    0.1608 -0.450507   1.33543
 0.729385  0.162807 -0.452539   1.34082
 0.730163  0.161248 -0.452552   1.34208
 0.764128  0.161813 -0.447176   1.40902
 0.769518  0.155897 -0.448612   1.41955
 0.761574  0.152413 -0.450353   1.40373
 0.749436  0.132299 -0.451402   1.37596
 0.753422  0.129424 -0.450429   1.38327
 0.759218  0.154536 -0.454512   1.40144
 0.763788   0.15156 -0.450939   1.40823
 0.759226  0.154767 -0.454437   1.40147
 0.766206    0.1597 -0.446393   1.41252
 0.761863  0.155249 -0.449638    1.4044
 0.759277  0.154881 -0.454257   1.40151
 0.760903  0.154374 -0.449617   1.40234
 0.760425  0.154611 -0.451591   1.40238
   0.7599  0.155078 -0.452265   1.40174
 0.759165  0.154701 -0.454452   1.40133
 0.760452  0.154938 -0.452978   1.40316
 0.759462  0.154843 -0.453903   1.40172
 0.759831  0.154776 -0.453894   1.40241
 0.760606  0.155086 -0.449697   1.40192
 0.759652  0.154786 -0.453849   1.40205
 0.759757  0.155242 -0.453721    1.4022
 0.759385  0.154528 -0.453576   1.40136
 0.759543  0.154874 -0.453883   1.40186
 0.940328  0.159596 0.0774465    1.6912
 0.945419  0.164606 0.0415152   1.70266
 0.947108  0.163246 0.0654622   1.70412
 0.944381  0.173337 0.0672903   1.70269
    0.956667     0.138698 -0.000334209      1.72576
  0.965589  0.0834977 -0.0188036     1.7416
  0.95814  0.128284 0.0279547   1.72393
 0.957717  0.109809 0.0232185   1.72394
 0.951262  0.153122 0.0637556   1.71009
 0.954702  0.140272 0.0524551     1.716
 0.952701  0.151247 0.0707633    1.7126
 0.952631  0.147266 0.0675615   1.71259
 0.949393  0.161673 0.0392449   1.71193
 0.954091  0.140109 0.0498153   1.71606
 0.949668  0.161811 0.0638233   1.70964
 0.951785  0.152744 0.0408191   1.71256
  0.86687  0.365915 0.0857982   1.57303
0.875148 0.348893  0.11692  1.58833
0.857448 0.371105 0.103181   1.5562
0.863086 0.359583 0.119425  1.56628
0.851943 0.374638 0.121653  1.54886
0.856714 0.362439 0.114299  1.55221
0.866951 0.354368 0.114227  1.57136
 0.865475  0.356655 0.0987801   1.56722
  0.809098   0.427392 -0.0972961    1.47844
 0.817985  0.406329 -0.116695   1.48921
  0.830437   0.404854 -0.0880634    1.51218
  0.817109   0.405393 -0.0982478    1.48386
 0.831347  0.384429 -0.133848    1.5123
  0.853165   0.381095 -0.0831782    1.55264
  0.834826    0.39162 -0.0932107    1.51674
 0.829036  0.384728 -0.110929   1.50301
  0.871007   0.345301 -0.0768597    1.57735
 0.954173  0.125342 0.0323049   1.71447
 0.953678   0.13215 0.0363444   1.71335
 0.954007  0.132019 0.0293642   1.71371
 0.953948  0.133234 0.0338595   1.71422
  0.95322  0.136736 0.0223511   1.71082
 0.952691  0.142357 0.0310406   1.71091
 0.952699  0.143046 0.0395702   1.71122
  0.949198   0.134378 -0.0987327    1.70615
  0.951408   0.148916 -0.0766264    1.71126
  0.95429  0.136105 0.0200035   1.71387
  0.95428  0.134582 0.0218682   1.71353
  0.95512  0.129192 0.0172323   1.71614
 0.955716  0.124469 0.0155162   1.71753
 0.955321   0.12474 0.0205617   1.71675
 0.955302  0.123868 0.0166643   1.71643
 0.954406  0.132312 0.0281182   1.71487
 0.955025  0.125568 0.0258567   1.71631
 0.954684   0.12599 0.0310996    1.7158
 0.954542  0.125239 0.0267056   1.71508
 0.954897  0.129096 0.0179276   1.71546
 0.954896  0.124775 0.0210461    1.7157
 0.954253  0.131251 0.0211214   1.71412
 0.954842  0.129472 0.0216847   1.71554
 0.955582  0.123318 0.0114996   1.71691
 0.955064  0.128582 0.0141746   1.71573
  0.955233   0.127676 0.00722595    1.71588
 0.955282  0.129498 0.0118726   1.71648
   0.954251    0.130054 -0.00147492     1.71287
 0.953936  0.136855 0.0079284   1.71315
  0.95404  0.137633 0.0158807   1.71349
   0.956682    0.118846 -0.00962069      1.7189
   0.956207    0.122322 -0.00751296     1.71778
  0.956355   0.119997 -0.0138407    1.71785
  0.956405   0.122968 -0.0102704    1.71846
  0.955934   0.128435 -0.0141568     1.7169
  0.955385   0.124891 -0.0148111     1.7157
    0.95541    0.128243 -0.00771704     1.71605
 0.949961  0.155293 0.0528336   1.70435
  0.955803    0.13162 -0.0209171    1.71743
 0.956309  0.129954 -0.016416   1.71827
  0.956787   0.120968 -0.0242583     1.7193
  0.957474   0.117424 -0.0268044    1.72092
  0.957423   0.117625 -0.0216593    1.72073
  0.957088   0.116603 -0.0234467    1.71976
  0.956661   0.120167 -0.0152994    1.71873
  0.957271   0.118007 -0.0166183    1.72032
  0.957092   0.119491 -0.0115244    1.72004
  0.956875   0.117404 -0.0147656    1.71922
  0.956675    0.12009 -0.0203466    1.71874
   0.95705    0.11666 -0.0188912     1.7196
  0.956641   0.119313 -0.0169743     1.7185
  0.956823   0.120261 -0.0193877    1.71921
  0.957101   0.116081 -0.0286782    1.71983
  0.956583   0.120725 -0.0251682    1.71868
  0.956596   0.119384 -0.0315393    1.71867
  0.956743   0.120818 -0.0299261     1.7193
  0.955635   0.124415 -0.0350749    1.71639
  0.955376    0.12631 -0.0334886    1.71616
  0.955424   0.130903 -0.0268249    1.71661
  0.957223   0.111617 -0.0505009    1.72038
  0.956622    0.11711 -0.0469084     1.7191
 0.956507   0.11501 -0.053176   1.71879
0.956768 0.115445 -0.05259  1.71961
 0.955575  0.127012 -0.054853   1.71735
 0.955445  0.116888 -0.053865   1.71619
  0.955442    0.12336 -0.0494533    1.71674
0.951587 0.150927 0.028215  1.70716
  0.954827   0.122097 -0.0705844    1.71608
  0.955506   0.126917 -0.0627188    1.71776
 0.956122  0.114168 -0.073682   1.71905
   0.95756   0.107977 -0.0775395    1.72257
  0.95784   0.10808 -0.069467   1.72267
 0.956794  0.108429 -0.070554   1.72012
  0.956639   0.113246 -0.0584516    1.71927
  0.957867   0.109035 -0.0620523    1.72235
  0.957818   0.110888 -0.0554117    1.72208
  0.957192   0.109877 -0.0566591     1.7204
   0.95602   0.115638 -0.0663833    1.71836
 0.957085  0.108822 -0.063154    1.7204
  0.956442   0.115673 -0.0579734    1.71893
   0.95645   0.114155 -0.0661115    1.71938
 0.947236  0.187143 0.0147489   1.70091
0.949758 0.149506 -0.12419  1.71412
 0.942003   0.15006 -0.155088   1.70003
 0.948854  0.130968 -0.132724    1.7101
 0.945285   0.13426 -0.149318   1.70452
 0.947761  0.121014 -0.146557   1.70816
0.946935 0.124585 -0.14746  1.70682
 0.943806  0.139288 -0.152834    1.7024
 0.946888  0.147963 -0.143872   1.70983
 0.945822  0.170915 0.0618365   1.69585
 0.937928  0.134342 -0.188956   1.69379
0.938409  0.14004 -0.18067  1.69428
0.936371 0.142975 -0.18835  1.69134
  0.93762  0.135518 -0.186961   1.69294
 0.934318   0.16897 -0.190885   1.69208
0.936432 0.141432 -0.18051  1.68976
 0.936865  0.143532 -0.179597   1.69096
 0.954817  0.140743 -0.037106   1.71584
 0.788424  0.396944 -0.211342   1.44156
 0.796887  0.375813 -0.221454   1.45206
0.807184 0.381625 -0.19853  1.47096
 0.795365  0.378906 -0.207307   1.44595
   0.8092  0.358704 -0.233381   1.47606
0.827289 0.367187 -0.19261  1.50872
 0.811453    0.3714 -0.202486    1.4775
 0.806546  0.363433 -0.213966   1.46619
 0.878587  0.349622 -0.014859   1.59013
 0.784112   0.32542 -0.307752   1.43391
 0.803646  0.336442 -0.276427   1.46894
0.775115 0.337653 -0.29975  1.41508
 0.785217  0.344668 -0.282364   1.43306
 0.769191  0.354263 -0.294735     1.408
 0.774303  0.341415 -0.289205   1.41061
 0.788099  0.337587 -0.286216   1.43867
0.782369 0.331155 -0.29385  1.42643
  0.947272   0.167912 -0.0965819    1.70692
 0.926037   0.22784 -0.135465   1.67293
 0.909484   0.16951 -0.269556    1.6518
 0.910598  0.176016 -0.260397   1.65357
 0.907139  0.180367 -0.269099   1.64902
 0.908978  0.171544 -0.266773   1.65071
 0.904479  0.204125 -0.271456    1.6501
 0.907195  0.180712 -0.262606   1.64793
 0.908056  0.182986 -0.261398   1.65009
 0.752322  0.311842 -0.351552   1.37864
  0.75771  0.299322 -0.352624   1.38565
  0.76477  0.307445 -0.340831   1.39815
0.756235 0.303156 -0.34566  1.38053
  0.76551  0.291178 -0.357386   1.40281
 0.779124  0.305256 -0.336374   1.42732
 0.767161  0.303009 -0.343127   1.40357
 0.763827  0.296827 -0.348208   1.39643
 0.921716  0.209043 -0.190937    1.6704
0.871875  0.21917 -0.32698  1.59724
  0.87818  0.222417 -0.320105   1.61014
 0.870782  0.210471 -0.335392   1.59439
 0.870824  0.205226 -0.342956   1.59497
0.876915 0.200078 -0.33367  1.60411
 0.872223  0.205618 -0.336514   1.59572
 0.883901  0.197671 -0.313457   1.61323
 0.882618  0.194607 -0.324422   1.61252
 0.887997  0.188518 -0.315207   1.62025
 0.884506  0.195343 -0.318079   1.61474
 0.873688   0.21355 -0.327883   1.59902
 0.878468  0.200604 -0.327306   1.60539
 0.882075  0.208169 -0.315273   1.61222
 0.877092  0.204838 -0.325163   1.60346
 0.741261  0.274201 -0.387746   1.35919
  0.74625  0.264928 -0.386996   1.36637
 0.750828  0.272582 -0.379138   1.37438
 0.744389  0.268374 -0.382375   1.36103
 0.753193  0.259744 -0.390786   1.38251
 0.762142  0.273496 -0.376404    1.3985
 0.752879  0.270056 -0.380897   1.37977
 0.751417  0.264668 -0.384076   1.37646
 0.759373  0.349692 -0.299637   1.38696
0.754398 0.339322 -0.31519  1.37828
 0.768638  0.333266 -0.304358   1.40113
 0.763239  0.344439 -0.311186   1.39758
 0.750725  0.328392 -0.329564   1.37207
 0.747471  0.317615 -0.342368   1.36652
0.760913 0.313435 -0.33138  1.38806
 0.755665   0.32267 -0.339111   1.38436
 0.775687  0.322445 -0.312759   1.41635
 0.775524   0.31354 -0.318077   1.41468
 0.759355  0.333515 -0.325904   1.39086
 0.766701   0.31887 -0.327272    1.4008
  0.77183  0.328134 -0.314435   1.40998
0.764212   0.3233 -0.31944  1.39376
 0.848046  0.227269 -0.360423   1.55858
 0.852499  0.229269 -0.355758   1.56726
 0.847603  0.222007 -0.368265    1.5583
 0.848073  0.218262 -0.373731   1.55952
 0.853558  0.215179 -0.366576   1.56794
 0.848975  0.218386 -0.368914   1.55944
 0.858489  0.216886 -0.353688   1.57536
 0.859108  0.212373 -0.359279   1.57668
  0.86477  0.208677 -0.351424   1.58537
  0.86001  0.212597 -0.354035   1.57658
 0.849711  0.223873 -0.362993   1.56132
 0.854276  0.215398 -0.361838   1.56757
 0.855447  0.220968 -0.354966   1.57002
 0.852938  0.218885 -0.361266   1.56639
0.813632 0.232855  -0.3994   1.5023
 0.818947  0.230592 -0.401096   1.51254
 0.823777  0.226834 -0.399752   1.52001
 0.824359  0.230542 -0.394736    1.5211
 0.822334  0.229024 -0.399344   1.51841
 0.824594  0.235926 -0.388277   1.52131
 0.816677  0.232926 -0.399324   1.50819
 0.822137  0.235621 -0.394529   1.51866
 0.866052  0.240874 -0.298918   1.58053
 0.807313   0.22508 -0.415092   1.49318
 0.804208  0.227262 -0.414341   1.48818
 0.805218  0.225691 -0.412682   1.48844
 0.809744  0.225724 -0.415156   1.49786
 0.811803  0.225676 -0.414516   1.50093
 0.810262  0.227238 -0.412749   1.49832
 0.810934   0.22613 -0.414585   1.50024
 0.807427  0.229348 -0.407727   1.49177
 0.808792  0.226439 -0.415092    1.4963
 0.807994  0.227912 -0.410366   1.49393
 0.809686  0.227727 -0.413138   1.49761
 0.744284  0.307402 -0.354674    1.3615
  0.74101  0.297862 -0.364697   1.35579
 0.752411  0.295082 -0.355824   1.37433
  0.74825  0.302411 -0.362242   1.37148
  0.73874  0.288266 -0.373791   1.35193
 0.736909  0.279135 -0.381822   1.34885
 0.747428  0.277387 -0.373248   1.36598
 0.74337 0.283254 -0.37992  1.36281
 0.758417  0.287639 -0.360974   1.38799
  0.75898  0.280512 -0.364157   1.38814
 0.745672  0.292667 -0.371619   1.36695
 0.751981  0.282093 -0.370549   1.37593
 0.755402  0.290695 -0.362255   1.38208
0.749453 0.285979 -0.36564  1.36942
0.943066 0.151522 0.186243  1.70442
0.939218 0.146973 0.181962  1.70196
0.937655 0.145433  0.19251  1.69865
0.888094 0.203186  0.26855  1.61081
0.889776  0.16137 0.245196   1.6046
 0.812893 -0.169337  0.141769   1.49459
0.904618 0.174265 0.258259  1.62698
0.879164 0.133379 0.314246  1.59597
0.888085 0.159688 0.253483   1.5984
 0.93785 0.156111 0.225198  1.69086
0.891574 0.152868 0.251778  1.60369
0.937293 0.155537 0.229262  1.68889
0.936385 0.152301 0.230759  1.68692
0.872597 0.260284 0.245857  1.58071
0.871369   0.2683 0.239578  1.57844
0.877182 0.263696  0.23709  1.58782
0.873833 0.267047 0.241635  1.58437
 0.87021 0.276632 0.232733  1.57644
0.868806 0.284987 0.225219  1.57384
0.875344 0.278488 0.222328  1.58429
0.871602 0.283706 0.227663  1.58057
 0.88207 0.266174 0.229264  1.59593
0.882643  0.26936 0.221308  1.59631
0.872833 0.275315 0.234798  1.58268
0.877153 0.276957 0.226143  1.58886
0.878409 0.269864 0.232693  1.59141
0.876061 0.271698 0.229923   1.5859
0.935574 0.141313 0.223214  1.68409
0.930833 0.151382  0.24297  1.67708
0.935389 0.129355 0.218761  1.68338
0.939583 0.155899 0.225428  1.69335
0.934979  0.12119 0.231282   1.6848
0.932318 0.156684 0.231752  1.68029
 0.939719 0.0831707  0.199507   1.68885
 0.948787 0.0536433  0.184823    1.7077
 0.943542 0.0637248  0.194009   1.69642
 0.944922 0.0609923  0.196726   1.70052
 0.938422 0.0677526  0.215815   1.68853
 0.935725 0.0704285   0.21858   1.68278
 0.941056 0.0768116  0.209853   1.69422
0.937302 0.150651 0.223002  1.68789
0.884526  0.26462 0.231865  1.60166
0.887708 0.250907 0.242661  1.60806
0.878917 0.262162 0.239718    1.592
0.880917 0.254039 0.244998  1.59592
0.875092 0.258885 0.247613  1.58661
0.878126 0.256212 0.243001  1.58963
0.883697 0.253808 0.242256  1.59977
0.883211 0.257706  0.23575  1.59806
 0.93514  0.08806 0.238133   1.6867
 0.93658 0.103062 0.223198  1.68726
 0.932973 0.0993107  0.228011   1.67928
0.947139 0.194261  0.22597  1.70491
0.945232 0.188521 0.228216   1.7008
0.935861 0.153909 0.215415  1.68979
0.935771 0.154407 0.197384   1.6938
0.934913 0.155415 0.233275  1.68457
0.933644 0.157775 0.228429  1.68296
0.939524 0.150443 0.215657  1.69599
0.913421 0.184605 0.254507  1.63818
0.887795 0.169613 0.256549  1.59038
 0.93104  0.14627 0.238772  1.67646
 0.93762 0.136113 0.193523  1.69338
0.936113 0.156882  0.22967  1.68669
0.938057 0.137094 0.191368   1.6996
0.921831 0.161672 0.257188  1.66187
0.940897 0.137153 0.179079  1.70779
0.902844 0.186192 0.269914  1.61513
0.943082  0.14365 0.163639  1.71156
0.940895 0.148826 0.216613   1.6995
 0.94241 0.101204 0.148537  1.71704
 0.924538  0.189347 0.0767691   1.66082
 0.92927 0.121126 0.254508  1.67676
0.944115 0.175766  0.14276  1.69564
0.945664 0.132724 0.162507  1.71768
0.949238  0.14173 0.151619   1.7126
0.885889  0.23613  0.25455  1.60287
0.886231 0.239535 0.248157  1.60286
0.881359 0.232625 0.261144   1.5955
0.876869 0.227895 0.268169  1.58852
0.875641 0.235898 0.263342  1.58619
0.877905 0.234547 0.264963  1.59162
0.879539  0.24719 0.249646  1.59199
 0.87459 0.243988 0.257904  1.58426
0.873548 0.251807 0.251984  1.58225
0.875948 0.250506 0.254073  1.58809
 0.88238 0.238606 0.257716  1.59851
0.876951 0.242628 0.259685  1.58993
0.881115  0.24551 0.252795  1.59593
0.880176  0.24054 0.255582  1.59343
0.892522 0.155086 0.287542   1.6169
0.896436 0.163528 0.288777  1.62388
0.898151 0.154362 0.289321  1.62751
0.895941 0.156893 0.288465  1.62251
0.901373  0.16664 0.283154  1.63066
0.907506 0.149254 0.282413  1.64237
0.903298 0.151564 0.286524  1.63492
0.901472 0.153503 0.285919  1.63085
0.901235 0.161172 0.283278  1.63085
 0.89022  0.15638 0.288241  1.61189
0.888035 0.165837 0.288717  1.60822
0.894335 0.165693 0.288175  1.61921
0.890463 0.164347 0.288446   1.6136
0.885914 0.175345 0.287935  1.60457
 0.88395 0.184627 0.286094  1.60112
 0.89081  0.18267 0.284116  1.61273
0.886556 0.182891 0.286538  1.60704
0.898663 0.169245 0.281997  1.62454
0.898747 0.174213 0.277745  1.62444
0.888488 0.173681 0.288062  1.61036
0.892845 0.180213 0.285867  1.61735
0.894784 0.172283 0.287698  1.62123
0.892344 0.174679 0.286792  1.61581
0.933085 0.137349 0.231537  1.67966
0.894024 0.269522  0.21626  1.61937
0.934142 0.146944 0.231558   1.6819
0.916135 0.195995 0.258011    1.643
0.929701 0.133439 0.241497  1.67405
0.928313 0.197146 0.242653  1.66862
0.937343 0.151113 0.222793  1.68812
0.935387  0.15652 0.228106  1.68612
0.936315 0.192848 0.228119  1.68556
0.934508 0.153555 0.217887  1.68643
0.932467 0.147376 0.202216  1.68497
0.930922 0.155943 0.208489  1.68333
0.922207 0.189128 0.248797  1.65555
0.934024 0.148841 0.197755  1.68833
0.942375 0.178272  0.21273   1.6985
 0.93871 0.161084  0.19147  1.69786
0.932663  0.15489 0.218015  1.68326
0.940786 0.166876  0.19643  1.69958
0.934667 0.162381 0.208735  1.68705
0.946415 0.179458 0.213389  1.70353
0.938152 0.171099 0.198692  1.69342
 0.762125  0.120495 -0.438296   1.39286
 0.763421  0.123332 -0.439518   1.39698
 0.756038  0.123746 -0.443361   1.38341
 0.760102  0.116911 -0.437715   1.38739
 0.756492  0.118922 -0.440841   1.38182
 0.757218  0.114617 -0.437551   1.38034
 0.757765  0.116484 -0.439387   1.38328
 0.757489  0.121565 -0.440919   1.38467
 0.760738  0.119802 -0.439597   1.39054
 0.769807  0.142885 -0.450033   1.41888
 0.751894  0.125955 -0.446999   1.37718
0.747668 0.129571 -0.44924  1.37019
 0.749924  0.123795 -0.445618   1.37152
0.747601 0.126017 -0.44677  1.36764
 0.747822  0.122856 -0.444247   1.36562
 0.748276  0.124182 -0.446005   1.36828
 0.748319  0.127628 -0.447714   1.37027
 0.750742  0.125793 -0.447141   1.37471
 0.764874  0.153181 -0.454114   1.41206
 0.770078  0.130906 -0.441549   1.41333
 0.770953  0.135436 -0.438794   1.41446
 0.740771   0.13736 -0.451565   1.35851
 0.741511  0.135966 -0.451816   1.35994
0.738665 0.135899 -0.45031   1.3527
 0.736945   0.13585 -0.448793    1.3477
 0.738071  0.134237 -0.448298   1.34946
0.738383  0.13511 -0.44875  1.35054
  0.74077  0.132978 -0.449929    1.3564
 0.739192  0.132616 -0.447935   1.35131
 0.740228  0.130983 -0.447515   1.35295
 0.740466  0.131888 -0.448005    1.3539
 0.739655  0.135524 -0.450164   1.35462
 0.739444  0.133461 -0.448366   1.35224
 0.740535  0.134038 -0.450171   1.35626
 0.739728  0.134413 -0.449988   1.35446
0.737378 0.136672 -0.44922  1.34901
 0.738666  0.136992 -0.450661   1.35314
 0.737887   0.13834 -0.451361   1.35226
  0.73766  0.137239 -0.450906   1.35125
 0.738998  0.140537 -0.454003   1.35703
 0.738651  0.139068 -0.452788   1.35519
 0.739639  0.138464 -0.452015   1.35663
 0.773879  0.158741 -0.432253   1.42162
 0.737007  0.144298 -0.454653   1.35408
 0.734986  0.148257 -0.454795   1.35074
 0.73514 0.143497 -0.45218  1.34811
  0.73396  0.145575 -0.452252   1.34608
 0.733503  0.143395 -0.450414   1.34295
 0.733868  0.144211 -0.451915   1.34538
 0.734571  0.146541 -0.453984   1.34897
 0.736045  0.145077 -0.453681   1.35154
 0.780366  0.174555 -0.408023   1.42594
 0.776777  0.161949 -0.416932   1.42055
 0.777519   0.16675 -0.416162   1.42254
 0.733425  0.151618 -0.455182    1.3485
 0.732186  0.155932 -0.454599   1.34645
 0.731437  0.151052 -0.452476   1.34213
 0.730635  0.153351 -0.452172   1.34071
0.729769 0.151311 -0.45097   1.3371
  0.73021  0.151893 -0.452009    1.3394
 0.731282  0.154116 -0.454067   1.34379
 0.732472  0.152629 -0.453905   1.34583
 0.788829  0.193314 -0.446082   1.46258
 0.790471  0.194983 -0.448642   1.46706
 0.789942  0.201375 -0.444767    1.4666
0.789597 0.202735 -0.44067  1.46457
 0.783764  0.194683 -0.451649   1.45547
0.787462 0.199148 -0.44933  1.46313
 0.730376  0.169432 -0.451521   1.34388
 0.731223  0.174743 -0.448938    1.3452
 0.728054  0.169755 -0.448195   1.33651
 0.728356  0.172549 -0.446865   1.33689
 0.726378   0.17119 -0.447222   1.33203
 0.727022  0.170964 -0.447134   1.33392
 0.729072  0.172747 -0.449105   1.34031
 0.729426  0.171096 -0.449302   1.34077
 0.769214  0.159265 -0.437207   1.41439
 0.729505  0.178855 -0.446959   1.34144
  0.73011  0.176948 -0.447051   1.34228
 0.727364  0.179731 -0.443545   1.33453
 0.724689  0.181915 -0.442872   1.32842
0.724739 0.178736 -0.44411  1.32852
 0.726452  0.180059 -0.444044   1.33231
 0.727261   0.17386 -0.446097   1.33449
 0.724764   0.17571 -0.445201   1.32852
 0.724867  0.172773 -0.446266   1.32871
 0.726433  0.173996 -0.446226   1.33218
 0.728572  0.178282 -0.444465   1.33721
0.726388 0.177007 -0.44518  1.33215
 0.728267  0.175281 -0.445901    1.3368
0.727153 0.176641 -0.44479  1.33407
 0.736344  0.150272 -0.458168   1.35641
 0.738838  0.147436 -0.457714   1.36072
 0.725023  0.197107 -0.436447   1.32906
 0.724747  0.192971 -0.438362   1.32857
  0.72845  0.193689 -0.436665   1.33607
 0.727135    0.1947 -0.438144   1.33378
 0.724658  0.189087 -0.440012   1.32839
 0.724583  0.185329 -0.441554   1.32823
0.727813 0.186275 -0.44037   1.3351
0.726666 0.186921 -0.44143  1.33282
0.731104 0.192003  -0.4404  1.34403
 0.731578  0.189639 -0.440621   1.34453
 0.726833   0.19072 -0.439861   1.33317
 0.729207  0.188035 -0.440013   1.33823
 0.729908  0.191762 -0.438008   1.33937
 0.727904  0.189755 -0.438579   1.33504
0.734856  0.16943 -0.45696  1.35698
 0.797414  0.226043 -0.415198   1.47475
 0.786483  0.226531 -0.409275   1.44921
0.789335  0.23012 -0.40825   1.4556
 0.736205  0.179404 -0.452919   1.35975
 0.738344  0.201293 -0.439514    1.3618
 0.736846  0.196954 -0.440685   1.35826
 0.735255  0.208788 -0.430517    1.3513
 0.735616  0.205761 -0.430941   1.35146
  0.73178  0.211375 -0.426009   1.34142
 0.727256  0.216281 -0.426181   1.33284
  0.72658  0.211223 -0.429088   1.33173
 0.729829  0.213264 -0.428568   1.33867
 0.730132  0.202021 -0.431703   1.33876
 0.725923  0.206277 -0.431726   1.33056
 0.725538   0.20154 -0.434197   1.32995
 0.728431  0.203445 -0.433781   1.33615
 0.733553   0.20886 -0.427955    1.3455
  0.72903  0.208337 -0.431304   1.33726
 0.732219   0.20417 -0.431011   1.34328
 0.730678  0.206443 -0.428966   1.33945
 0.747496  0.206903 -0.436896   1.38099
0.740614 0.229813  -0.4154  1.35997
 0.741354  0.225756 -0.416271   1.36078
 0.736214  0.233066 -0.410967   1.34826
 0.730151  0.239736 -0.411669   1.33756
 0.729444  0.233378 -0.415702    1.3364
 0.733636  0.236013 -0.414928   1.34541
 0.734255  0.221614 -0.418826   1.34526
 0.728799  0.227389 -0.419393   1.33535
 0.728073  0.221682 -0.422906   1.33419
 0.731855  0.223975 -0.422209   1.34224
 0.738518  0.230014 -0.413774   1.35367
 0.732739  0.229833 -0.418688    1.3438
 0.736882  0.224293 -0.417774   1.35093
 0.734972  0.226999 -0.415222   1.34619
 0.816169   0.26265 -0.352466   1.49783
 0.773344  0.244386 -0.393031   1.42041
 0.843877  0.244587 -0.339006   1.54676
0.799275 0.244518 -0.38354  1.46968
 0.886495  0.236196 -0.269449   1.61637
  0.80559  0.274229 -0.349043   1.47946
 0.799643  0.356389 -0.240012   1.45578
 0.799617  0.345155 -0.248886   1.45381
  0.78984  0.371174 -0.227904   1.43638
 0.777385  0.392418 -0.218007   1.41729
 0.772392  0.382429 -0.240066   1.40844
 0.782488  0.387725 -0.234311   1.43097
 0.780912  0.351479 -0.267588   1.42123
   0.7683  0.371481 -0.261205   1.40154
 0.764011  0.360345 -0.280663   1.39426
0.773863  0.36563 -0.27557   1.4159
 0.793944  0.366066 -0.242675   1.44765
 0.778421  0.376748 -0.255722    1.4239
 0.787778  0.357169 -0.261571   1.43657
 0.784966    0.3616 -0.249694    1.4283
 0.905145  0.224563 -0.231237   1.64529
  0.79657  0.425221 -0.105978    1.4509
 0.789364  0.420256 -0.136207   1.43771
 0.809946  0.402807 -0.125451   1.47102
 0.801053  0.424923 -0.127959   1.46426
 0.784873  0.412103 -0.165504    1.4298
 0.781091  0.402134 -0.191828   1.42291
   0.8013  0.387251 -0.177926    1.4553
 0.792058  0.407923 -0.184758   1.44789
 0.821606  0.383282 -0.141616   1.49113
 0.822123  0.370827 -0.155978   1.48967
 0.796458  0.417323 -0.157721   1.45607
 0.808324  0.393677 -0.169274   1.47188
 0.814462  0.400725 -0.145269   1.48376
 0.804833  0.396716 -0.154619   1.46232
0.935712 0.190964 -0.15279  1.69203
 0.822204  0.416752 0.0210125   1.49424
    0.81571    0.422461 -0.00890807     1.48295
   0.835205    0.400862 -0.00451663     1.51443
     0.82669     0.423656 -0.000317849      1.50795
 0.809842  0.425534 -0.040252   1.47303
  0.803538   0.426043 -0.0723329    1.46222
  0.825737   0.403892 -0.0627746    1.49811
   0.81558   0.428319 -0.0635029    1.48923
 0.848352  0.381947 -0.022502   1.53591
  0.850324   0.373202 -0.0431459    1.53798
  0.821421   0.427188 -0.0315905    1.49917
  0.833657   0.406972 -0.0519512    1.51648
  0.839057   0.405885 -0.0238388    1.52631
  0.830341   0.404598 -0.0342683     1.5065
  0.953601   0.136878 -0.0251633    1.71152
0.845604   0.3767 0.117399   1.5347
 0.839985  0.388131 0.0982839   1.52487
 0.852602   0.37247 0.0970624   1.54505
0.846967  0.38685 0.103844   1.5408
 0.834291  0.399097 0.0757738   1.51509
 0.828295  0.407901 0.0504813   1.50428
 0.844898  0.388052 0.0533767   1.53115
 0.837431  0.408202 0.0586066   1.52549
 0.860556  0.367515 0.0797385   1.55866
 0.861245  0.367056 0.0615596   1.55892
 0.842463  0.398181 0.0824277   1.53375
 0.850449  0.388528 0.0635004   1.54457
 0.854809  0.380875 0.0836618   1.55263
 0.848513  0.382121 0.0757395   1.53815
 0.950641  0.137822 0.0815727   1.70599
0.953293 0.131781 0.104789  1.71358
0.872185 0.331661 0.147405  1.57866
0.872912 0.333071 0.133979  1.57894
0.865338 0.332593 0.160987  1.56683
0.859188 0.333326  0.17639   1.5575
0.856473 0.343146 0.163967   1.5527
0.860792 0.341829 0.167543   1.5628
0.860778 0.350419 0.132502  1.55884
0.853667 0.353545 0.150064  1.54802
0.850089 0.364242 0.134811   1.5419
0.855487 0.362711 0.139002  1.55429
0.867224 0.340307 0.151658  1.57263
0.858503 0.352027 0.153783  1.55917
0.864362 0.349265 0.138555  1.56746
0.862966 0.342321 0.147041   1.5629
0.936848 0.130443 0.217214  1.68702
0.890778   0.3304 0.121662  1.61677
0.877949 0.298379 0.194162   1.5885
0.878483 0.301029 0.184285  1.58865
0.872389 0.296793  0.20503  1.57922
0.867353 0.294561 0.217059  1.57156
0.865453 0.303864 0.208519  1.56821
0.868622 0.302465  0.21094  1.57566
 0.86955 0.313266 0.185033  1.57401
0.863497 0.313588 0.198866  1.56488
0.861349 0.322896 0.188221  1.56097
 0.86509 0.321597 0.191448  1.56984
0.873837 0.304073 0.198589  1.58366
0.866998 0.312112 0.201495  1.57306
0.871942 0.311887 0.189733  1.57995
0.870772 0.306018 0.195244  1.57657
0.936523 0.141577 0.222211  1.68645
0.938016 0.129699 0.199744  1.68852
0.927034 0.131541 0.248612   1.6709
0.892608 0.298404  0.17765  1.61734
 0.89084 0.205172 0.272706  1.61163
0.890818  0.20893 0.267549  1.61097
0.886702 0.200503 0.278749  1.60532
0.882209 0.194012 0.283678  1.59816
0.880613 0.202567 0.280599  1.59522
0.882935 0.201024 0.281557  1.60063
0.884111 0.216071 0.270405  1.60049
0.879307  0.21108 0.276879  1.59289
0.878032  0.21927 0.272674  1.59051
0.880332 0.217798 0.274024  1.59596
0.887468 0.206912 0.276165  1.60782
0.881628 0.209559 0.277955  1.59831
0.885724 0.214183 0.272829  1.60434
0.885062 0.209025  0.27484  1.60247
0.919814 0.113887 0.271389  1.66244
0.923218 0.122289 0.259341  1.66679
0.918317  0.12067 0.272027  1.65879
0.914355 0.110351 0.280856  1.65329
0.908664 0.112862 0.293441  1.64581
 0.91044 0.118658  0.28481  1.64604
0.910901 0.111744 0.283303  1.64606
 0.90269 0.116472 0.295983  1.63585
0.896705 0.119032 0.289309  1.62332
0.901397 0.127598 0.293176  1.63316
0.900142  0.12084 0.292954  1.62957
0.905348 0.133605 0.290451  1.63944
0.909377 0.130095 0.283941  1.64416
0.908038 0.131506  0.28361  1.64115
0.905904 0.116414 0.292021  1.63934
0.904411 0.127154 0.290488  1.63642
0.908784 0.122356 0.282641  1.64192
0.906498 0.123825 0.292369  1.64144
0.924447 0.146304  0.25801  1.66698
0.915407 0.114648 0.279673  1.65475
0.912741 0.117984 0.279583  1.64877
0.914228  0.12467 0.272638  1.64979
0.912195  0.12906 0.280981   1.6493
0.924489 0.125943 0.256941  1.66653
 0.793933  0.205001 -0.438704   1.47337
  0.79462  0.198954 -0.443562   1.47473
 0.801432  0.201449 -0.436753   1.48621
 0.796201  0.201763 -0.439175   1.47638
 0.793787  0.195702 -0.447267   1.47356
 0.790448  0.188844 -0.442409   1.46358
 0.797516  0.187768 -0.439054   1.47633
  0.79343  0.189645 -0.441067   1.46907
0.810925 0.196317 -0.43357  1.50292
 0.807257  0.186051 -0.434249   1.49395
 0.827323   0.18562 -0.422916   1.53125
 0.812432  0.188039 -0.430335    1.5029
 0.795767  0.196521 -0.444687   1.47646
 0.801029   0.18861 -0.437409   1.48271
 0.803199  0.197515 -0.437252   1.48847
 0.800671  0.194914 -0.442395   1.48529
 0.739316  0.191386 -0.446586   1.36546
  0.95672 0.0991646 0.0918937   1.71788
 0.954523  0.145016 0.0762084   1.71647
 0.955174  0.125454 0.0648455   1.71543
 0.961469 0.0720889 0.0672526   1.72649
 0.959228  0.105916 0.0554106   1.72386
 0.963355 0.0458204  0.033558   1.73093
 0.961914 0.0958796 0.0388796   1.72935
 0.957013  0.121121 0.0596826   1.71929
 0.958999  0.110142 0.0824989   1.72414
0.936602 0.139006 0.210519   1.6863
 0.759866  0.153913 -0.453446   1.40215
 0.759553  0.153412 -0.453694   1.40156
 0.760278  0.154191 -0.454063   1.40326
 0.759352  0.153664 -0.454151    1.4014
 0.759292  0.153914 -0.454316   1.40139
 0.759417  0.153501 -0.453972   1.40143
 0.759362  0.153506 -0.454016   1.40133
0.761154 0.152719 -0.45065  1.40303
0.761837 0.151834 -0.44868  1.40329
 0.743264  0.138309 -0.455271   1.36653
 0.746715  0.135497 -0.454359   1.37266
 0.761842   0.15807 -0.452548    1.4062
 0.763137  0.152275 -0.449926   1.40652
 0.765748   0.15204 -0.456193    1.4147
 0.761009  0.151501 -0.450613    1.4025
 0.758104  0.127311 -0.445606   1.38989
 0.762805  0.127024 -0.443972   1.39887
 0.760893  0.152522 -0.452724    1.4035
 0.761546  0.150275 -0.448939   1.40254
 0.767599  0.149177 -0.455861   1.41789
 0.748518   0.13539 -0.453554   1.37589
 0.768281  0.145529 -0.449586   1.41559
 0.759345  0.154782 -0.453961   1.40149
 0.759368  0.155016 -0.454155   1.40167
 0.759979  0.155298 -0.453382   1.40247
 0.759225  0.154926 -0.454358   1.40145
 0.762707  0.158027 -0.452535   1.40788
 0.760965  0.158389 -0.452847    1.4046
 0.759148  0.154348 -0.454424   1.40122
  0.76068  0.152794 -0.452789    1.4031
 0.759201  0.154012 -0.454317   1.40122
 0.760465  0.153756 -0.454204   1.40355
 0.760188  0.153947 -0.454123   1.40305
 0.764076  0.149557 -0.460021   1.41273
 0.759846  0.153707 -0.453482   1.40209
 0.758966  0.153886 -0.453641   1.40043
 0.759709   0.15357 -0.453422   1.40177
 0.759466  0.153369 -0.453679   1.40138
 0.759216  0.153713 -0.453905   1.40103
 0.759483  0.153446 -0.453789   1.40146
 0.759632  0.153593 -0.453562   1.40169
 0.759368  0.153398 -0.453733    1.4012
 0.773925  0.159604 -0.424138   1.41783
 0.733469  0.157724 -0.458289    1.3522
 0.735525  0.154859 -0.457977   1.35564
 0.740548  0.142581 -0.456773   1.36262
 0.742346  0.150234 -0.463735    1.3715
 0.761229  0.151123 -0.450552   1.40291
 0.735241  0.160765 -0.458915   1.35695
 0.764294  0.159509 -0.453659   1.41181
 0.759085  0.154371 -0.454215   1.40099
 0.762982  0.159673 -0.454166   1.40946
 0.759111  0.154786 -0.454412    1.4012
0.759188 0.155053 -0.45443   1.4014
 0.757276  0.161699 -0.447994   1.39557
   0.7608  0.155955 -0.450232    1.4027
 0.760168  0.155022 -0.450458    1.4014
 0.759508  0.155268 -0.451326   1.40055
 0.758998  0.154497 -0.454194   1.40082
 0.760213  0.155146 -0.451644   1.40208
0.759478 0.155242 -0.45428  1.40195
 0.759773   0.15523 -0.454147   1.40246
 0.760185  0.156343 -0.450436   1.40161
 0.759605   0.15518 -0.454226   1.40217
 0.759566  0.155394 -0.453781   1.40186
 0.948568  0.161357 0.0825474   1.70409
 0.950097  0.158662 0.0856899   1.70763
 0.882734    0.3555 0.0598435   1.60288
0.905219 0.265085 0.192066   1.6362
  0.95013  0.158613 0.0729116   1.70653
 0.953554  0.150127 0.0258009   1.71224
  0.953002   0.145541 0.00095262    1.71016
  0.954682   0.142127 0.00106718    1.71433
  0.954575   0.143723 -0.0155208    1.71474
  0.952047   0.148249 -0.0549561    1.71081
 0.947402  0.168996 0.0347012   1.69855
 0.949846  0.167977 0.0317548   1.70465
   0.95338   0.132197 -0.0568347    1.71234
0.850786 0.347656 -0.17832  1.55109
   0.950695    0.159462 -0.00986829     1.70579
  0.949109    0.16413 0.00850588    1.70204
 0.938528  0.149058 -0.146478   1.68984
0.944192 0.163286 -0.12979  1.70339
 0.928378  0.174152 -0.186374   1.67793
 0.828618  0.323855 -0.262643   1.51693
  0.854264   0.362008 -0.0846592    1.54654
 0.846266  0.345525 -0.114962   1.52609
 0.913723  0.192567 -0.225362   1.65641
 0.896198  0.209781 -0.262838   1.63011
 0.798618  0.302217 -0.326301   1.46632
 0.910458  0.249566 -0.177053   1.65001
 0.877484  0.226589 -0.293534   1.60113
 0.779304  0.276513 -0.369997   1.43472
0.890347 0.266689 -0.22147  1.61889
 0.826872  0.238259 -0.368407   1.51947
 0.838469  0.243225 -0.356731   1.54172
 0.840447  0.274865 -0.312088   1.53885
 0.809187  0.234445 -0.392061   1.49048
 0.819119  0.240513 -0.383575   1.51004
 0.801068  0.229992 -0.414436   1.48307
 0.797578  0.238486 -0.400379    1.4718
 0.805834  0.232997 -0.409685   1.49182
0.941233 0.137217 0.185733  1.70743
 0.936627 0.0885294  0.154567   1.69114
0.939561 0.135763 0.191506  1.69755
0.899005 0.158401 0.273354  1.61303
0.895839 0.172242 0.273932  1.60212
0.910578 0.115867 0.269089  1.63835
0.908334 0.144596 0.280338  1.63131
0.939518 0.155125 0.223675  1.69417
0.902148 0.165149 0.279201   1.6144
0.938843 0.155398   0.2267   1.6917
 0.93784 0.153373 0.227295  1.68947
0.936936 0.148801 0.225513  1.68748
0.896449 0.241893 0.241976  1.62307
0.939419 0.154667 0.225561  1.69272
0.936419 0.135251 0.211171  1.68508
0.932243 0.153657 0.236922  1.67907
 0.949668 0.0746702  0.178398   1.70971
 0.947553 0.0766376   0.19036   1.70641
0.942111 0.094751 0.196998   1.6952
 0.94658 0.099425  0.18137  1.70414
 0.945887 0.0872871  0.181258   1.70125
0.938801 0.154428 0.225309  1.69114
0.937519 0.152028 0.222088  1.68833
0.937781 0.121729 0.200285   1.6867
0.905055 0.290185 0.120862  1.63268
0.939153 0.113157 0.209707   1.6912
0.941206 0.185089 0.216449  1.69607
0.936605  0.18116 0.218577  1.68819
0.932736 0.157889 0.203907  1.68672
0.931249  0.18633 0.232629  1.67522
0.933238 0.157274 0.233878  1.68134
0.930335 0.158278 0.232145  1.67665
0.911274 0.186686 0.265531  1.63238
0.940162   0.1534 0.223721  1.69545
0.903117 0.178462   0.2766  1.61524
0.941007 0.147958 0.218128  1.69808
0.939478 0.127519 0.192187  1.69418
0.934648 0.141534 0.200215  1.68225
0.939666 0.118699 0.184204  1.70129
0.924757 0.155153 0.227789  1.66717
0.941942 0.112771 0.186803  1.70835
0.931582 0.124417 0.248926  1.67415
0.908329 0.162181 0.271241  1.62589
 0.923273 0.0338397  0.193168   1.66258
0.939032 0.109916 0.148334    1.707
0.927604 0.141939 0.260792  1.66692
0.904857 0.184887 0.268662  1.63503
 0.90814 0.149197 0.279826  1.64106
0.906267 0.161846 0.275067  1.63747
0.900239 0.213257 0.260113  1.62898
0.929138 0.142781  0.24777  1.67447
0.939779 0.154527 0.225617  1.69382
0.901715 0.229074 0.231311  1.62635
0.931906 0.155693 0.238167  1.67906
0.921708  0.18739 0.239983  1.65689
0.929027  0.18421 0.225684  1.67392
0.926885 0.153902 0.250857  1.67042
0.931329  0.15402  0.22119  1.68012
 0.92943 0.150055 0.207995  1.67901
0.927495 0.157069 0.214387  1.67587
0.917032 0.179035 0.245715  1.64718
0.930894 0.151972 0.203311  1.68209
0.933527 0.169243 0.205414   1.6838
0.936034 0.165074 0.201616  1.69024
0.929246 0.155377 0.221523  1.67636
0.936364 0.168545 0.203898  1.69051
0.932776  0.16516 0.210482  1.68218
 0.755288  0.130791 -0.448446   1.38618
0.763945 0.150828 -0.45689  1.41106
 0.762659  0.150546 -0.451397   1.40591
 0.764871  0.139435 -0.452232   1.40903
 0.743641   0.14104 -0.456581   1.36863
 0.766099  0.162457 -0.438441   1.40914
  0.76026  0.151954 -0.453005   1.40221
 0.74049 0.146568 -0.45824  1.36421
 0.769064  0.164042 -0.426161   1.40946
 0.760455  0.162729 -0.443951   1.40027
 0.771081  0.185079 -0.444704   1.42492
 0.745732  0.143629 -0.461672   1.37603
 0.732049  0.166231 -0.456866   1.35036
  0.73345  0.163193 -0.456835   1.35255
0.744952 0.185645 -0.45375  1.37875
 0.740444   0.16791 -0.462775   1.37074
 0.732251  0.175996 -0.453411   1.35101
 0.732982  0.172705 -0.453699   1.35192
 0.741734  0.176192 -0.459543   1.37331
 0.733976  0.187479 -0.447689     1.354
 0.734086   0.18369 -0.448306   1.35366
  0.76242  0.221768 -0.415934   1.40282
 0.755678   0.19508 -0.451368   1.40075
 0.785958  0.206352 -0.440641   1.45869
 0.777206  0.199617 -0.450095   1.44381
 0.779634  0.205649 -0.440095   1.44516
 0.745235  0.220949 -0.427568   1.37469
 0.744306  0.215218 -0.428978   1.37195
 0.757054  0.207029 -0.434112   1.39727
 0.753083  0.244534 -0.406529   1.38666
 0.752536  0.236021 -0.409868   1.38474
 0.766207  0.250523 -0.401009    1.4135
0.763794 0.271115  -0.3776  1.40316
 0.762023  0.260824 -0.383003   1.39872
 0.789459  0.253229 -0.384808    1.4538
 0.779826  0.299313 -0.336993   1.42856
 0.775057  0.287687 -0.345484   1.41791
0.803236 0.326462 -0.27881  1.46648
 0.794522  0.314329 -0.291265   1.44724
 0.866694  0.278752 -0.265902   1.58269
 0.856059  0.265381 -0.304172   1.56822
 0.829848  0.351732 -0.191602   1.50795
 0.824861  0.335597 -0.209923   1.49521
  0.937382   0.204474 -0.0973467    1.68917
  0.89726     0.291 -0.136645   1.62236
  0.949114   0.155559 -0.0560494    1.70407
 0.919203  0.211341 -0.172178    1.6598
 0.871759  0.353619 0.0418166   1.57582
   0.873777    0.355543 -0.00690624     1.58245
0.879376 0.335388 0.112987  1.59101
 0.879128  0.337561 0.0834054   1.58882
 0.947294  0.163965 0.0993828    1.7016
 0.942516  0.198863 0.0492157   1.69118
 0.948147  0.172288 0.0572711   1.70178
0.886196 0.300881 0.168934   1.6017
0.887696   0.3048 0.146184  1.60309
0.900301 0.272107 0.161938  1.62152
0.888713 0.272467 0.209596  1.60652
0.889917  0.28006  0.18996  1.60772
0.891102 0.245645 0.238412  1.61097
0.891404 0.252395 0.224985  1.61032
0.936642 0.146244 0.217967  1.68659
0.894865 0.217333  0.25901  1.61746
0.894416 0.224075 0.248977  1.61541
 0.90081 0.187868 0.272702  1.62805
0.898721 0.194776 0.265496  1.62259
0.913731 0.146668 0.275885  1.65248
0.936492  0.14775 0.216766  1.68603
 0.778188  0.233172 -0.408524   1.43573
   0.7903  0.211256 -0.432148   1.46432
 0.794936  0.216112 -0.427274   1.47293
 0.795915   0.22063 -0.421356   1.47322
 0.798383  0.224113 -0.417977   1.47772
 0.788502  0.222125 -0.418231   1.45706
 0.794049  0.218775 -0.422055   1.46905
 0.768385  0.213491 -0.427831   1.41931
  0.78696  0.191408 -0.448544   1.45954
 0.777922  0.188591 -0.441839   1.43866
 0.785229   0.19285 -0.450717   1.45752
  0.95286 0.0853667  0.120694   1.71002
  0.95266 0.0730106  0.145437   1.71153
 0.950137 0.0557038  0.142402   1.70392
 0.948052 0.0871084  0.153173   1.70209
 0.951169 0.0899185  0.141265    1.7084
0.935594 0.150298 0.217549  1.68456
0.943552 0.115473 0.157577  1.69431
 0.949676  0.147783 0.0920145   1.70512
 0.759998  0.153648 -0.453596   1.40242
 0.759624  0.153352 -0.453535   1.40161
 0.759534  0.153306 -0.453634   1.40147
 0.760331  0.153835 -0.454386   1.40344
  0.76064  0.153575 -0.454392   1.40397
 0.759129  0.154021 -0.454046   1.40095
 0.762838  0.161271 -0.452572   1.40871
 0.759882  0.153381 -0.453799   1.40223
 0.750119  0.138896 -0.459003   1.38267
 0.760108  0.153672 -0.454495     1.403
 0.761753  0.149726 -0.449305   1.40309
 0.756096    0.1358 -0.455977   1.39282
 0.758572  0.154615 -0.453198   1.39952
 0.762824  0.149703 -0.453303   1.40706
 0.764464   0.14685 -0.457118   1.41155
 0.758037  0.148248 -0.452258   1.39668
 0.759973  0.136248 -0.455626   1.40046
 0.770898  0.138004 -0.442132   1.41624
0.764164 0.137108 -0.45408  1.40855
  0.76053  0.149014 -0.449797   1.40065
 0.759407   0.15515 -0.454366   1.40184
 0.759292  0.155176 -0.454339   1.40159
 0.759445  0.155235 -0.452918   1.40119
 0.759105  0.154939 -0.454337   1.40117
 0.761881  0.160313 -0.454548    1.4075
0.758798 0.154432 -0.45348  1.40007
 0.759032  0.154151 -0.454032   1.40077
 0.760245  0.153261 -0.454574   1.40318
   0.7611  0.160129 -0.455005   1.40619
 0.759099  0.153829 -0.453911    1.4008
 0.759742  0.152931 -0.455121   1.40236
 0.759217  0.153568 -0.453818   1.40096
 0.759359  0.153422 -0.453792   1.40122
 0.759335  0.153487 -0.453786   1.40118
 0.75973 0.153429 -0.45351  1.40184
 0.758944  0.153832 -0.453729   1.40041
 0.759842  0.153454 -0.453671    1.4021
0.759558 0.153307 -0.45374  1.40156
  0.76541  0.162959 -0.432736   1.40505
0.740993 0.160433 -0.46419   1.3711
  0.74794  0.152036 -0.470835   1.38644
 0.763546  0.161867 -0.442766   1.40594
 0.762412  0.161463 -0.449932   1.40682
 0.760359  0.150421 -0.450923   1.40114
 0.761673  0.161049 -0.454093   1.40708
 0.758847  0.154503 -0.453539   1.40019
 0.759003  0.154938 -0.453702   1.40064
 0.760313    0.1621 -0.450708   1.40299
 0.760453  0.158195 -0.452979   1.40367
 0.759828  0.156145 -0.450968   1.40115
 0.759142  0.155149 -0.453519   1.40086
 0.76019 0.161377 -0.45462  1.40435
 0.759767  0.155448 -0.450585   1.40072
 0.759622  0.155388 -0.452351   1.40128
 0.759459  0.155306 -0.454009   1.40176
 0.759085  0.155955 -0.451689       1.4
 0.759281  0.155287 -0.454068   1.40142
 0.759174  0.155351 -0.453007   1.40069
 0.947321  0.172885 0.0793914   1.70116
  0.90083  0.312767 0.0801419   1.62755
 0.898301  0.321938 0.0272139   1.62252
0.896742 0.293711 0.110208  1.61361
  0.951258   0.164274 0.00362879     1.7079
 0.891339  0.309976 0.0492819   1.60263
  0.951554   0.166467 -0.0262527       1.71
  0.946958   0.188603 -0.0145247    1.70117
  0.946814   0.190304 -0.0505188    1.70443
 0.943793  0.196695 0.0139288   1.69379
  0.943633   0.177246 -0.0964409    1.69918
  0.93332   0.18919 -0.132092   1.68134
  0.88149  0.333916 -0.139881    1.6052
  0.927841   0.244495 -0.0883989    1.67351
  0.86858  0.316186 -0.205166   1.58248
  0.937358   0.218359 -0.0507336    1.68625
 0.901344  0.231539 -0.214485   1.63292
 0.879808  0.249469 -0.258536   1.60068
 0.834512  0.307344 -0.260584   1.51941
 0.884874  0.272916 -0.200186   1.60178
 0.805048  0.287346 -0.317822    1.4688
 0.851821  0.296927 -0.250685   1.55145
 0.822315  0.242904 -0.370919   1.51192
 0.803958  0.240503 -0.393904   1.48296
 0.827691  0.291711 -0.304391   1.51568
0.834442 0.263483 -0.34282  1.53487
0.940779 0.124789  0.19511  1.69713
 0.939214 0.0998042  0.208289   1.69062
 0.94009 0.136347 0.236718  1.69268
0.941976 0.145157 0.221956  1.70058
0.940621 0.152391  0.22489  1.69696
0.907638 0.175935 0.266086  1.62496
0.928716 0.155982 0.243607  1.67291
0.941593  0.14315 0.229859  1.69833
 0.90967 0.166827 0.270345  1.63032
0.938447  0.15406 0.225587  1.69039
0.907645 0.223019 0.242188   1.6412
0.938749 0.153529 0.226127  1.69138
0.935987 0.141274 0.208707   1.6846
 0.91826 0.169321 0.241326  1.65054
0.905363 0.245531 0.220117  1.63679
0.938018 0.154242 0.225671  1.68935
0.936702 0.132686 0.197928  1.68521
0.939186 0.121812 0.183304  1.68852
0.941667 0.121771 0.178229  1.69367
0.935884 0.149855 0.216819  1.68519
0.934478 0.180337 0.215184  1.68614
0.930062   0.1752  0.21947  1.67726
0.931543 0.163135 0.215238   1.6796
0.924245 0.178382  0.23018   1.6638
0.930005 0.158656 0.238751  1.67541
 0.91598 0.170632 0.245521  1.64602
0.911042 0.175083 0.260251  1.63377
0.939447 0.151477 0.225818  1.69385
0.941088 0.146523 0.224096  1.69703
0.936789 0.152915 0.223092  1.68687
0.936501 0.152234  0.22865  1.68684
0.915144 0.154765 0.272715  1.64142
 0.93855 0.152787 0.227651  1.69146
0.916917   0.1411 0.266844  1.64348
0.943221 0.116371 0.198479  1.70034
0.916571 0.158338 0.258522  1.64636
 0.93957 0.121226 0.197235  1.69124
0.937314 0.138927 0.239394  1.68736
0.916858 0.144158 0.262571  1.65265
0.908152 0.168125 0.275434  1.64137
0.922052 0.141849 0.259803  1.66387
0.916026 0.158238 0.265788  1.65276
0.926407 0.148808 0.248288  1.66897
0.936885 0.152762 0.222285  1.68708
0.928568 0.157368 0.243253  1.67293
0.918471 0.177517  0.24096  1.65139
0.929009 0.157367 0.235401  1.67403
0.924739 0.177308 0.230073   1.6655
0.927946 0.154418 0.224804  1.67346
0.926229 0.151565 0.213517  1.67247
0.929007 0.170386 0.219712  1.67376
0.926668 0.161953  0.24358  1.66946
0.927571 0.153436 0.209226  1.67525
0.929339 0.159308 0.210027  1.67914
0.932369 0.166948 0.211709  1.68113
0.924363  0.15848 0.219818  1.66859
 0.93014 0.172614 0.213975  1.67628
0.926385 0.167904 0.222043  1.66632
 0.754023  0.138641 -0.457201   1.38971
 0.760568  0.148573 -0.456603   1.40385
 0.760204  0.144237 -0.460767   1.40436
0.749386 0.142848 -0.46061  1.38282
 0.759616   0.16144 -0.452815   1.40253
  0.74597  0.148587 -0.463569   1.37854
  0.76024  0.150075 -0.451097   1.40099
  0.74296  0.153909 -0.464299   1.37385
  0.73937  0.156056 -0.463803   1.36662
 0.761259  0.186446 -0.463049   1.41527
 0.737545  0.163216 -0.462892   1.36384
  0.74919  0.186803 -0.460551   1.39044
 0.746548  0.161383 -0.472554   1.38642
 0.737369  0.171403 -0.460381   1.36376
 0.747633  0.174992 -0.469963   1.38994
 0.738915  0.180632 -0.455392   1.36609
 0.750867  0.182545 -0.465723   1.39572
  0.74228  0.191327 -0.447562   1.37098
 0.750147   0.19716 -0.445207   1.38735
 0.750621  0.204291 -0.436818   1.38521
 0.785913   0.26539 -0.360215   1.43841
 0.814991  0.255128 -0.372562   1.50227
 0.863428  0.316828 -0.167987   1.56232
 0.908414  0.252877 -0.160085   1.64199
  0.884745    0.33121 -0.0861128    1.60247
 0.922782  0.231699 -0.122271   1.66281
  0.897835   0.312713 -0.0842752    1.62492
  0.890312   0.319064 -0.0197444    1.60424
0.914401 0.294365 0.051203  1.64987
 0.945238  0.199034 0.0443275   1.69813
0.942355 0.138478 0.149163  1.69187
 0.925859  0.267485 0.0437664     1.668
0.937094 0.174813 0.159504  1.68416
0.907209  0.27522 0.153676  1.63691
0.917577 0.239477 0.192767  1.65584
0.916247  0.24714  0.16977  1.65058
0.922001 0.262794 0.107005  1.66051
0.900038 0.251017 0.203451  1.62229
0.935305 0.145514 0.208644    1.684
0.941388 0.189171 0.130753  1.69309
0.912428 0.165337  0.26258  1.64456
0.917275 0.185455 0.252191  1.65438
0.905356  0.20501 0.251549  1.63373
0.909498 0.183576 0.263124  1.64182
 0.787496  0.211791 -0.433511   1.45955
  0.77506  0.208489 -0.428618    1.4303
 0.779851   0.21703 -0.425877   1.44131
 0.765436  0.197491 -0.447788   1.41969
0.768561 0.194124 -0.45742  1.42871
 0.771159  0.180625 -0.447772   1.42674
0.948318 0.116881 0.124458  1.70198
0.947518 0.112275 0.156229  1.70347
0.935811 0.141286 0.197962  1.68464
0.949586 0.119526 0.119563  1.70422
0.933221 0.148175 0.200637  1.68028
 0.945212  0.165203 0.0897805   1.69535
0.928338 0.248083  0.10282  1.67109
 0.760147  0.153546 -0.454912   1.40325
 0.759148  0.153564 -0.453831   1.40082
  0.76028   0.15307 -0.454887   1.40338
 0.758866  0.154205 -0.453558   1.40022
 0.760263  0.151678 -0.453016   1.40222
   0.7549  0.152036 -0.469365   1.39928
0.754808 0.146559 -0.46695  1.39735
 0.759575  0.158122 -0.453281   1.40199
  0.75919  0.151164 -0.453307   1.40011
 0.760227  0.148516 -0.450633   1.40041
 0.761166  0.149347 -0.453935   1.40386
 0.761547  0.149227 -0.460936   1.40789
0.760541 0.148183 -0.46462  1.40758
 0.764408  0.145136 -0.459237   1.41246
 0.759789  0.142519 -0.463053   1.40482
 0.759209  0.149823 -0.451513     1.399
  0.75881  0.154647 -0.453488   1.40011
 0.759374  0.157805 -0.453395   1.40166
 0.759969  0.160135 -0.455398   1.40405
 0.758472  0.160681 -0.456149    1.4015
 0.758812  0.154129 -0.453593   1.40012
  0.75981  0.153523 -0.455065   1.40262
 0.759621  0.153272 -0.454246   1.40188
 0.759692  0.160915 -0.455724   1.40386
 0.756956  0.159451 -0.456425   1.39852
 0.759138  0.153616 -0.453742   1.40079
 0.759391  0.153369 -0.453806   1.40125
 0.758547  0.154396 -0.454057   1.39983
 0.746031  0.167704 -0.472046   1.38636
0.760623 0.163719  -0.4346  1.39608
 0.743663  0.163539 -0.471854   1.38052
 0.759509  0.161727 -0.447156   1.39979
0.759472  0.15134 -0.45335  1.40068
 0.752179  0.152478 -0.470533   1.39441
 0.758587  0.154735 -0.452794   1.39933
 0.756297  0.160571 -0.443398   1.39114
 0.757908  0.151079 -0.453465   1.39761
 0.759635  0.159762 -0.455676   1.40353
 0.758787  0.154895 -0.452684   1.39972
 0.758378  0.155294 -0.453133   1.39919
 0.759221  0.156246 -0.451172   1.40002
 0.758977  0.155126 -0.453571   1.40055
 0.758679  0.157138 -0.453587   1.40027
 0.759113  0.155457 -0.451457   1.39984
0.942779 0.199245 0.101964  1.69513
 0.943984  0.201219 0.0718678   1.69637
  0.940556   0.225395 -0.0116703    1.69281
 0.911102  0.284198 0.0682204   1.63968
     0.9453    0.204089 -0.00824187     1.70016
 0.935209  0.225591 -0.050078    1.6821
  0.943975   0.200224 -0.0502197    1.69864
   0.93505    0.20698 -0.0887125    1.68196
 0.926925  0.243559 -0.075158   1.66912
   0.93507   0.228638 -0.0161724    1.68048
 0.910455  0.290559 -0.124833   1.65153
  0.925367   0.266076 -0.0474221    1.66871
  0.91583  0.268018 -0.123044   1.65713
 0.895613   0.29283 -0.165881   1.62516
0.939399 0.149941 0.228628  1.69413
0.924355  0.15063 0.254984  1.66184
0.913726 0.172935 0.250871  1.64028
 0.92766 0.142096 0.250127   1.6663
0.937915  0.15398 0.226731  1.68935
0.925109 0.161626  0.24717  1.66659
0.934399 0.152311 0.217984   1.6824
0.925853 0.155753 0.225197  1.66961
0.934663 0.146123 0.209546  1.68261
0.934971 0.153367  0.22567  1.68318
0.916473 0.223548 0.219179  1.65416
0.936316 0.154079 0.227473  1.68586
0.935913 0.137511 0.188545  1.68375
0.916873 0.176212 0.253855  1.65199
0.913148 0.227041 0.205675  1.64461
0.932734 0.149448  0.21218  1.67938
 0.92097  0.17204 0.234467  1.65659
0.923102 0.152866 0.218866  1.66594
0.927059 0.159494  0.23571   1.6705
0.917917 0.164293 0.244334  1.64953
0.913819 0.165714 0.254432  1.64115
0.936536 0.149178 0.230424  1.68715
0.913039 0.164207 0.257386  1.63764
0.918088 0.152466 0.257697  1.64703
0.936039 0.146704 0.235901  1.68641
0.923029 0.156169 0.228069  1.66389
0.933615 0.145155 0.244321  1.68017
0.935493 0.153329 0.229806   1.6845
0.920809 0.157944 0.256741  1.65992
0.919933 0.172648  0.25625  1.65914
0.924467 0.162292 0.250849  1.66607
0.935493 0.153771 0.223652  1.68417
0.931103 0.152217 0.212764   1.6765
0.925851 0.159235 0.238073  1.66798
0.922144 0.171083  0.23342  1.65902
0.921973 0.168831 0.247786  1.66073
0.923968 0.164846 0.227487  1.66171
  0.9297 0.150855 0.209301  1.67431
0.924352 0.154663 0.214697  1.66847
0.925946 0.167359 0.225075  1.66673
 0.92202 0.157769 0.221056  1.66314
0.925958 0.160305 0.216229  1.67132
 0.755562  0.142882 -0.464327   1.39681
 0.757439   0.14877 -0.459875   1.39911
 0.751182  0.146803 -0.468437   1.39077
 0.751031  0.151051 -0.470219   1.39225
  0.7589  0.14853 -0.45115  1.39791
 0.748407  0.155821 -0.471929   1.38876
 0.745272  0.157442 -0.471932   1.38264
 0.756129  0.172561 -0.453835   1.39748
 0.743527   0.17047 -0.470457   1.38083
 0.757843  0.149955 -0.452197    1.3966
 0.745551  0.178567 -0.467152   1.38471
 0.756484  0.162023 -0.440312   1.39015
 0.762288  0.177841 -0.451147   1.40933
 0.757217  0.169963 -0.454441   1.39992
 0.760385  0.190055 -0.460461    1.4124
 0.754501  0.170144 -0.456631    1.3954
  0.910612   0.293001 -0.0864416    1.64683
  0.902098   0.314322 -0.0326897    1.63001
  0.916745   0.288148 -0.0825923    1.65887
 0.909207  0.290785 0.0179047   1.63588
 0.926434  0.264449 0.0789644   1.66988
 0.929528  0.270606 0.0336685   1.67759
 0.918322  0.284518 0.0845648   1.65792
0.917075 0.273071 0.110631  1.65349
0.941299 0.140306 0.161768  1.69242
0.914773 0.255904 0.139169   1.6451
0.911869 0.244497 0.175239  1.64049
0.938675 0.135659 0.173796  1.68735
0.913636  0.20962 0.228673  1.64622
0.926715 0.243744 0.128073  1.66831
0.909505 0.199613 0.258952  1.64396
0.913869 0.180255 0.262259  1.65052
0.933417 0.149693 0.209872  1.68068
0.934435  0.14884 0.185093  1.68089
 0.761844    0.1755 -0.451625   1.40882
 0.754422  0.181692 -0.465751   1.40156
0.769242  0.19773 -0.45314  1.42829
 0.756081  0.190746 -0.458266   1.40433
0.937794 0.138311 0.183456  1.68747
0.945476 0.149629 0.127055  1.69847
0.943998 0.151152 0.117552  1.69307
0.929715 0.152052 0.203267  1.67431
 0.940302  0.197976 0.0795752   1.68697
0.933557 0.237347 0.101193  1.68027
0.923017 0.232503 0.161144  1.66101
0.932015 0.164979 0.187231  1.67601
 0.759688  0.153324 -0.453892   1.40186
 0.759507  0.153384 -0.454333   1.40171
 0.759729  0.153434 -0.455568   1.40269
   0.7588  0.153997 -0.454388   1.40042
 0.759121  0.153694 -0.454399   1.40104
 0.759607  0.152775 -0.455493   1.40226
 0.757978  0.161348 -0.453404   1.39942
 0.758835  0.154006 -0.454129   1.40041
 0.759036   0.15285 -0.455725    1.4012
 0.758723  0.149607 -0.451863   1.39819
 0.758262  0.149008 -0.465446   1.40347
 0.748232  0.161677 -0.471723   1.38874
 0.752251  0.155591 -0.471404   1.39567
 0.758893  0.149256 -0.457261   1.40085
 0.758587  0.154981 -0.453022   1.39952
 0.758639  0.158884 -0.456104   1.40162
 0.758482  0.154761 -0.453533   1.39952
 0.758683  0.159385 -0.455999   1.40165
 0.758617  0.154327 -0.453689   1.39982
 0.759349  0.153629 -0.455714   1.40201
 0.759124  0.153484 -0.454478     1.401
0.758272 0.155124 -0.45415  1.39944
 0.759162  0.153545 -0.455357   1.40148
 0.758654  0.152852 -0.455915   1.40055
  0.75075  0.159798 -0.472185   1.39385
 0.749992  0.164979 -0.471835   1.39311
 0.747979  0.167199 -0.470815   1.38877
 0.757106   0.16068 -0.450387   1.39628
 0.757873  0.160629 -0.454948   1.39988
 0.752629  0.157897 -0.447679   1.38524
 0.752717  0.155824 -0.462327   1.39221
 0.758411  0.160142 -0.456852    1.4017
 0.758383  0.155802 -0.452852   1.39913
  0.75712  0.151289 -0.453752   1.39616
 0.758625  0.157429 -0.453662   1.40017
 0.758583  0.155424 -0.452373   1.39925
 0.758694  0.155142 -0.452226   1.39932
 0.759017  0.155204 -0.452116   1.39995
  0.75821  0.156473 -0.454018   1.39941
 0.758574  0.155866 -0.451863   1.39901
 0.936315   0.23535 0.0742764   1.68479
  0.93877  0.241002 0.0640762   1.69189
0.935674  0.23654 0.023969  1.68247
 0.941207  0.225044 0.0232162   1.69361
  0.911154   0.290408 -0.0359791    1.64235
   0.924893    0.264741 0.000732016     1.66496
0.939378 0.143074 0.231903  1.69186
0.932531  0.14694 0.237791    1.678
 0.93515 0.150926 0.232161  1.68447
0.923026  0.15487 0.247104  1.66008
0.918619 0.159923 0.248116  1.65106
0.925182 0.150165 0.244935  1.66301
0.923275 0.162589 0.238399  1.66287
0.929882 0.151105 0.241855  1.67416
0.933303 0.154352 0.230811   1.6799
0.933897  0.15206  0.22004  1.68142
0.932259  0.14732 0.204463  1.67856
0.920876 0.157996 0.226651  1.65882
0.932699 0.146738 0.195755  1.67894
0.933139 0.154507 0.226497  1.67936
0.926982 0.154874 0.209663  1.66975
0.932241 0.153955 0.220756  1.67822
0.927802 0.163328 0.222057  1.67164
0.929699 0.166745 0.216945  1.67557
0.920321 0.166227 0.237006  1.65432
0.920763 0.152941  0.22192  1.66053
0.922288  0.15642 0.228911  1.66205
0.928457 0.153725 0.216456  1.67159
0.916694 0.164099 0.246738  1.64663
0.932903 0.152542 0.233339  1.67976
0.919952 0.163182 0.240178  1.65333
0.919064 0.156872 0.248221  1.65087
0.930095  0.15075 0.237294  1.67372
0.920868 0.160211 0.241545  1.65512
0.919306 0.188717  0.23293  1.65474
0.914695 0.191243 0.244827   1.6477
0.919697  0.17892 0.242187  1.65591
0.923641 0.167587 0.246914  1.66426
0.924251   0.1617 0.238077  1.66523
0.921521 0.165148 0.235274  1.65725
0.922205 0.160706 0.231154  1.65887
0.921774 0.167106 0.235205   1.6596
0.921262 0.153707 0.219923  1.66166
0.921007 0.159285  0.22667  1.65922
0.921022  0.15575 0.223883  1.66144
0.924042  0.16419 0.228534  1.66325
 0.755711  0.148604 -0.468061   1.39957
0.755999 0.149246 -0.45359  1.39335
0.758348 0.151173 -0.45364  1.39854
  0.75723  0.149924 -0.452454    1.3955
 0.749734  0.156688 -0.471746   1.39087
 0.754394  0.159228 -0.447028   1.38886
 0.754623  0.167862 -0.458125   1.39624
 0.756349  0.151458 -0.453062   1.39434
 0.751857   0.16579 -0.459179   1.39058
 0.752478   0.15913 -0.461484   1.39199
 0.750922   0.17054 -0.470388   1.39528
0.749749  0.17343 -0.46835  1.39218
  0.915745   0.294564 0.00441991    1.65268
  0.931734    0.27204 -0.0195474    1.68426
0.922308 0.253422 0.132655  1.66135
0.936014 0.226354 0.124611  1.68566
0.922412 0.224086 0.184068  1.66127
0.936898 0.154357 0.172743  1.68406
  0.9224 0.164973  0.23779   1.6617
0.915696 0.206991 0.233909  1.65084
0.922872 0.203015 0.219745  1.66354
 0.91663 0.195704 0.243104   1.6528
0.925741 0.217293 0.179611  1.66615
 0.92178 0.207449 0.204447  1.65881
0.934104  0.14871 0.189173  1.68134
 0.93393 0.213445 0.162124  1.68262
0.930633 0.156842 0.197343   1.6752
 0.93646 0.152202 0.174872  1.68445
 0.937874  0.237161 0.0954562   1.69052
  0.92975  0.258562 0.0780062   1.67546
0.939208 0.190202  0.11493  1.68574
0.932981 0.231089 0.124204   1.6796
 0.759152  0.153626 -0.456566     1.402
0.758271  0.15467 -0.45556  1.39995
  0.75812  0.155383 -0.454843   1.39946
 0.758779   0.15425 -0.455563   1.40094
 0.754424  0.152893 -0.461941   1.39488
 0.758639  0.153812 -0.455455   1.40049
 0.757224  0.149207 -0.452633   1.39538
 0.757986  0.155809 -0.456306   1.39993
 0.754616  0.150929 -0.461573   1.39461
 0.757577  0.153225 -0.456337   1.39867
 0.758221  0.155748 -0.453863   1.39928
 0.757764  0.159148 -0.457489   1.40054
 0.758305  0.154148 -0.457002   1.40056
 0.757919  0.158482 -0.456315   1.40016
 0.752857  0.153666 -0.453987   1.38799
 0.758373   0.15473 -0.455049   1.39999
 0.758745  0.154011 -0.456722   1.40131
 0.758102  0.154916 -0.456852   1.40024
0.752645 0.176023 -0.46776  1.39832
0.755728 0.179661 -0.46428  1.40339
 0.750551  0.161455 -0.460439   1.38782
 0.754452   0.16065 -0.444244   1.38774
 0.755552  0.160256 -0.450953   1.39326
 0.755797  0.159319 -0.452883   1.39458
 0.756687  0.160129 -0.455365   1.39754
 0.756773  0.157942 -0.457441   1.39836
 0.757502  0.159594 -0.457161   1.39987
 0.758085  0.157091 -0.454869   1.39965
 0.756193  0.158626 -0.456702   1.39692
 0.758124  0.157687 -0.456796   1.40071
  0.919901   0.286845 -0.0450946    1.66234
  0.929697   0.255436 -0.0484996    1.67656
 0.93199 0.153329 0.233659  1.67751
0.923526 0.157211 0.241961  1.66054
0.924652 0.154525 0.240721  1.66234
0.932136 0.153791 0.229229  1.67742
0.920826 0.158845 0.242091  1.65461
 0.93146 0.153273  0.22364   1.6767
0.920286 0.155089 0.227294  1.65786
0.930306 0.151557  0.21574  1.67501
0.920784 0.197006 0.223974   1.6581
0.928413 0.154191 0.227744  1.67068
0.930583 0.152061 0.205134  1.67579
0.925068 0.184033 0.215883  1.66567
0.920775 0.161747 0.237623  1.65527
 0.91965 0.152943 0.222486  1.65782
0.928239 0.154465 0.233407  1.66945
0.920571  0.15647 0.226589   1.6586
0.928008 0.154081 0.239044  1.66979
0.920339 0.154181 0.222981  1.65825
 0.92907 0.155067 0.235044  1.67132
0.924318 0.155933 0.236712  1.66146
0.921466 0.175408 0.246709  1.66064
0.927019 0.152965 0.214184  1.66959
 0.92752  0.15285 0.219719  1.66982
0.921694 0.174567  0.22878  1.65894
0.921105 0.156279  0.22868   1.6599
0.921206 0.157841 0.233803  1.65713
0.919518 0.153102 0.222355  1.65728
0.920933 0.160757 0.232461  1.65667
  0.75602  0.150592 -0.453764   1.39382
 0.756595  0.150652 -0.460479   1.39807
  0.75227    0.1538 -0.462298   1.39077
 0.753519  0.156746 -0.449855   1.38801
 0.754413  0.152653 -0.453997   1.39107
   0.7509  0.157176 -0.462107   1.38855
 0.752639  0.163706 -0.459741   1.39231
 0.752616  0.156964 -0.452894   1.38758
0.927957   0.2357 0.155749  1.67284
0.931567 0.213132 0.143267  1.67406
0.925491 0.206545 0.201258  1.66706
0.933678  0.17036 0.174388  1.67871
0.920884 0.184565 0.240119  1.65946
0.925695 0.172401 0.205027  1.66505
0.928463 0.163644 0.198476  1.67114
0.921588 0.194123 0.229692  1.66063
0.930746 0.154365   0.1966  1.67577
0.927768 0.188234 0.202268  1.67021
0.931881 0.160948 0.186287   1.6767
0.927379 0.192118 0.188038  1.66722
0.939084 0.162007 0.149925  1.68705
0.931673 0.204337  0.17293  1.67686
0.932198  0.17374 0.174777  1.67455
0.938008 0.176263 0.145227  1.68415
 0.758025  0.153203 -0.456144   1.39943
 0.755392  0.157573 -0.454694    1.3943
 0.754331  0.151394 -0.453954   1.39054
 0.757561   0.15483 -0.457748   1.39954
 0.757128  0.153673 -0.456478    1.3979
 0.756198  0.150739 -0.452743   1.39366
 0.758073  0.156318 -0.455271   1.39971
 0.757785  0.156571 -0.456038    1.3995
  0.75773  0.155692 -0.456733   1.39954
 0.757641  0.157734 -0.457382       1.4
 0.757924    0.1547 -0.457128   1.39995
 0.756999  0.156605 -0.457765   1.39876
 0.754659  0.158421 -0.453312   1.39226
 0.754777  0.152414 -0.452637    1.3911
 0.757278  0.158181 -0.457772   1.39949
 0.752639  0.155635 -0.450382   1.38624
 0.757644   0.15709 -0.457697   1.40007
 0.755599  0.155209 -0.455631    1.3947
 0.92996 0.155126 0.230216  1.67289
0.924681 0.153901 0.223164  1.66442
0.925325 0.155447 0.231022  1.66462
0.929533 0.155068 0.224508  1.67292
0.927896 0.154266 0.210142  1.67107
0.920838 0.154367 0.221258  1.65868
0.922521  0.17198 0.233384  1.66192
0.924555 0.154172 0.218926  1.66527
0.920035 0.154354 0.223177  1.65767
0.920207  0.15693 0.228198  1.65739
 0.92178 0.159277 0.236151  1.65703
0.923699 0.157261 0.231436  1.66149
0.923222 0.157457 0.236349  1.66013
0.926523 0.156696 0.234121  1.66614
0.923101 0.158951 0.216543  1.66295
0.922697 0.182068 0.218436  1.66002
0.921916 0.162541 0.222809  1.65981
0.921279 0.158467 0.226148  1.65983
 0.754326   0.15423 -0.451853   1.39016
0.756396 0.153965 -0.45613  1.39633
0.927685  0.16034 0.207542  1.67074
0.935097 0.177303 0.161087  1.67962
0.928965 0.174439 0.188926  1.67022
0.925039 0.187368  0.20518  1.66374
0.924355 0.156345 0.215448  1.66512
0.927925 0.156847 0.204182  1.67112
0.928161 0.169459 0.203499  1.67043
 0.92318 0.165759 0.216827  1.66246
0.931061 0.201415 0.173311   1.6754
0.931373 0.194457 0.184135   1.6766
 0.755693  0.155998 -0.455626   1.39505
 0.757614  0.155876 -0.457773   1.39982
 0.757211  0.156542 -0.457651   1.39904
 0.755802  0.151951 -0.453209   1.39338
 0.754877  0.153676 -0.452702   1.39161
 0.754883  0.156656 -0.454889   1.39316
 0.756374  0.157147 -0.457544   1.39742
 0.756292  0.154739 -0.456149   1.39628
0.926448 0.156132 0.228659  1.66689
 0.92513 0.155491 0.215125  1.66603
0.922105  0.15533  0.22444  1.66011
0.925935 0.154677 0.220233  1.66702
0.923515 0.167769  0.21665  1.66175
  0.9232  0.15534 0.219401  1.66252
 0.92134 0.161206 0.223523  1.65981
0.922313 0.156345 0.220179  1.66148
0.923404  0.17911 0.225968  1.66324
0.926217 0.163841 0.208472  1.66779
0.921475 0.157073 0.229465  1.65848
0.922254 0.155726 0.229641  1.66017
 0.92333 0.155273 0.223551  1.66282
 0.92184 0.155844 0.219915  1.66098
 0.754112  0.154687 -0.451938   1.38986
 0.753661  0.155363 -0.453718   1.38995
0.925265  0.15838 0.210783  1.66659
0.922999  0.16218 0.221573  1.66247
0.925237 0.161541 0.214446  1.66656
0.925496 0.169411 0.214459  1.66648
  0.75733    0.1555 -0.457744   1.39918
 0.756776  0.155787 -0.457824   1.39816
