 0.87187  0.33192 0.156846  1.57834
0.874941 0.318932 0.182619  1.58537
 0.86371 0.333338 0.169363  1.56383
0.866461 0.325166  0.18241  1.56977
0.858187 0.333994 0.182551  1.55611
0.863449 0.330438 0.177576  1.56415
 0.87237 0.325281 0.179014  1.58143
0.871796 0.326977 0.168344  1.57869
 0.761014  0.156741 -0.459127     1.405
 0.761032   0.15661 -0.459183   1.40504
0.795023 0.133085 -0.40397  1.44614
 0.789315  0.133981 -0.411193   1.43738
 0.790159  0.135836 -0.405985   1.43687
0.789785 0.119059 -0.41016  1.43553
0.785453 0.124526 -0.41883  1.43135
 0.787313  0.123888 -0.413251    1.4324
0.802829  0.12201 -0.39075  1.45517
 0.797054  0.113518 -0.397579   1.44444
 0.812725  0.101304 -0.368618   1.46462
  0.79926  0.114451 -0.387449   1.44457
 0.789331  0.127463 -0.412315   1.43691
 0.792247  0.120329 -0.404215    1.4381
   0.7956  0.127846 -0.401091   1.44513
 0.794783  0.124953 -0.406461   1.44555
  0.970863   0.119087 -0.0522198    1.74583
  0.970767   0.120695 -0.0460233     1.7455
  0.969628    0.12303 -0.0480997    1.74282
  0.970095   0.120078 -0.0481577     1.7438
  0.970746   0.122136 -0.0399245    1.74537
  0.970685   0.123291 -0.0341041    1.74519
  0.969654   0.125369 -0.0366124    1.74264
  0.970126   0.122464 -0.0363884    1.74371
  0.968116   0.132554 -0.0455057    1.73973
  0.968167   0.131302 -0.0403265    1.73939
  0.970091   0.121206 -0.0422549    1.74368
 0.969726  0.125057 -0.039826   1.74287
  0.969893   0.125163 -0.0449856    1.74354
  0.969679   0.123648 -0.0423958    1.74276
0.929764 0.153032  0.27137  1.67547
 0.762868   0.15556 -0.456264    1.4072
0.760996 0.155975 -0.45947  1.40497
 0.761487  0.157003 -0.459669   1.40619
  0.76184  0.157164 -0.460023   1.40703
 0.762081  0.156997 -0.460024   1.40747
0.762424 0.156454 -0.45867  1.40746
 0.766277  0.158747 -0.459118   1.41565
 0.764291  0.155765 -0.455089   1.40955
 0.763657  0.154773 -0.454066   1.40774
 0.765242  0.155333 -0.455556   1.41162
 0.768459  0.157061 -0.460205   1.41998
 0.770929  0.153924 -0.455713   1.42251
 0.783922  0.141135 -0.424533   1.43351
 0.779501  0.142427 -0.433097   1.42833
 0.780976  0.144261 -0.430269   1.43032
 0.761309  0.157077 -0.459368   1.40582
0.760991 0.156924 -0.45914  1.40499
 0.761765  0.157286 -0.459382    1.4066
 0.760839  0.157083 -0.459389   1.40482
 0.760819  0.157069 -0.459648    1.4049
 0.760818  0.156919 -0.459865   1.40496
 0.760747  0.156863 -0.459974   1.40484
 0.762484  0.155925 -0.456926   1.40677
 0.760755  0.156558 -0.460043   1.40482
 0.762141  0.156727 -0.459063   1.40711
 0.761032  0.156426 -0.459172     1.405
 0.760949  0.155866 -0.459636   1.40492
0.760961  0.15639 -0.45929  1.40488
 0.804802    0.2269 -0.427513   1.49045
 0.803389  0.221773 -0.431256   1.48824
 0.808497  0.223026 -0.429873   1.49705
 0.805341  0.223647 -0.429509    1.4915
  0.80178  0.217331 -0.436277   1.48625
0.797389 0.211416 -0.44293  1.47912
 0.805051  0.210525 -0.440564    1.4922
  0.80119  0.212803 -0.439935   1.48552
 0.813585  0.218681 -0.429965   1.50565
  0.81375  0.209458 -0.435572   1.50661
 0.824582  0.211007 -0.420955   1.52167
 0.814476  0.212104 -0.430323   1.50585
 0.803663  0.218635 -0.433738   1.48908
 0.808089  0.212005 -0.436866   1.49682
 0.809251  0.219353 -0.431457   1.49829
 0.807758  0.217152 -0.433907   1.49611
 0.730086  0.158963 -0.455978   1.34208
  0.73114  0.157524 -0.456073   1.34401
 0.728222  0.158821 -0.452568   1.33582
0.725497 0.158958 -0.45035  1.32839
 0.726124  0.156534 -0.450834   1.32947
 0.727313   0.15814 -0.451082   1.33245
0.729303 0.154333 -0.45342  1.33761
 0.726711  0.154245 -0.451123   1.33038
 0.727481  0.151948 -0.451347   1.33163
  0.72856  0.153572 -0.451751   1.33447
 0.729174  0.157989 -0.453305   1.33811
   0.7278  0.155904 -0.451455   1.33321
 0.729591  0.155598 -0.453958   1.33888
0.728515 0.156515 -0.45279  1.33604
 0.784179  0.145774 -0.421179   1.43328
 0.779192   0.15177 -0.430607   1.42836
 0.781582  0.151666 -0.421195   1.42876
0.965333 0.130123 0.055465  1.73506
0.964973 0.139156 0.061048  1.73442
 0.965434  0.138695 0.0544871    1.7348
0.965015 0.136834 0.057855  1.73424
 0.965314  0.144377 0.0509443   1.73322
 0.964454  0.147717 0.0579211   1.73265
 0.96355 0.149205 0.065836  1.73102
  0.77685  0.152903 -0.436537   1.42643
 0.962179  0.150885 0.0873956   1.72695
0.772144 0.156827 -0.44915  1.42285
   0.969897    0.127608 -0.00682659     1.74343
   0.969574    0.128353 -0.00138903     1.74275
   0.969148    0.129947 -0.00508138     1.74157
   0.969436    0.127597 -0.00455375     1.74226
  0.969218   0.129485 0.00450431    1.74206
 0.969016  0.130306 0.0105338   1.74178
  0.968087   0.133863 0.00585901    1.73932
  0.96885  0.129823 0.0063885   1.74119
   0.967631    0.134014 -0.00342527     1.73766
   0.967631    0.133015 -0.00188883     1.73743
   0.969124    0.128632 0.000466739     1.74165
   0.968285    0.133063 0.000267072     1.73967
  0.968992    0.13109 -0.0033064    1.74123
    0.968927     0.130936 -0.000622791      1.74111
 0.768543   0.15919 -0.459846   1.42039
 0.763044  0.155176 -0.454608   1.40678
 0.766864  0.160003 -0.460136   1.41732
 0.760766  0.157093 -0.459811   1.40485
 0.762963  0.156087 -0.454579   1.40678
 0.760819  0.157202 -0.459584   1.40488
 0.761538  0.157477 -0.460044    1.4065
 0.761107  0.156888 -0.459092   1.40519
 0.93921  0.21052 0.255903  1.69515
 0.934922  0.156404 -0.238858   1.69288
0.936619 0.163549 -0.22996  1.69647
 0.932534  0.166285 -0.237656   1.68928
 0.934799  0.160496 -0.235559   1.69288
 0.928953  0.190735 -0.241937   1.68822
 0.933907  0.168435 -0.231941   1.69208
0.935113 0.172261  -0.2299  1.69522
 0.960641  0.139014 0.0784683   1.72889
 0.963879  0.137953 0.0775148   1.73325
 0.962116  0.140059 0.0809612   1.72896
0.962379 0.139655 0.079974  1.73051
 0.964738  0.130752 0.0853133   1.73256
 0.966608  0.127757 0.0884449   1.73646
 0.963371  0.145245 0.0867018   1.73066
 0.963479  0.141579 0.0821973   1.73102
 0.964651  0.139492 0.0840396   1.73374
 0.963262  0.127782 0.0716268   1.73194
 0.962616  0.126305 0.0758907    1.7308
 0.963048  0.134258 0.0767944    1.7306
 0.962938  0.127663 0.0736026   1.73122
 0.961006  0.126327 0.0816899   1.72772
 0.959019  0.131537 0.0851089    1.7245
 0.962374  0.136546 0.0825642   1.72968
 0.961176   0.13035 0.0812332   1.72858
 0.963026  0.146691 0.0846896   1.73036
 0.962922  0.144986 0.0869224   1.72988
 0.962249   0.12692 0.0778101   1.73008
 0.962839  0.137296 0.0822714   1.73049
0.963329 0.136591 0.079423  1.73136
0.962682 0.134207 0.080796  1.73007
 0.963454  0.147918 0.0700878   1.73078
 0.963621  0.145621 0.0720487   1.73088
  0.96466  0.135884 0.0623016   1.73366
 0.965188   0.12946 0.0587047   1.73506
 0.964556   0.12955 0.0625274   1.73394
 0.964742  0.130343 0.0600421   1.73412
 0.964153  0.135131 0.0691672   1.73281
 0.964142  0.129446 0.0656041   1.73332
 0.963697  0.128573 0.0679863   1.73258
 0.963948  0.129705 0.0668898   1.73293
 0.96473 0.138405 0.064789  1.73408
  0.96425  0.130394 0.0636055   1.73333
 0.964453   0.13763 0.0675321    1.7335
 0.964346  0.135314 0.0654871   1.73307
 0.965071  0.145093 0.0467379   1.73306
 0.965223  0.142895 0.0483819   1.73305
 0.966607  0.135386 0.0408071   1.73691
 0.967423   0.13039 0.0374514   1.73899
 0.966943  0.129646 0.0425278   1.73803
 0.966844  0.130404 0.0395492   1.73761
 0.965512  0.136771 0.0521334   1.73481
 0.966414    0.1294 0.0482621   1.73708
 0.965856  0.129251 0.0538211   1.73618
 0.965981  0.129881 0.0502117   1.73614
0.966594 0.137204 0.043279  1.73703
   0.9664  0.129979 0.0444228   1.73679
 0.965876  0.137679 0.0469425   1.73543
 0.966269  0.135033 0.0452753   1.73622
0.964505 0.155286 0.054133  1.73158
  0.968856   0.113777 -0.0846629    1.74237
  0.968745   0.122221 -0.0791898    1.74235
  0.967453   0.120917 -0.0908446    1.74006
  0.967869   0.119402 -0.0865347    1.74056
  0.967605   0.135134 -0.0738805    1.74037
  0.963903   0.128537 -0.0999136     1.7329
  0.966026   0.130153 -0.0954263    1.73797
  0.965977   0.134669 -0.0825984    1.73712
 0.735662  0.267927 -0.389723   1.34527
 0.733715  0.259995 -0.396071   1.34189
 0.744009   0.26119 -0.389716   1.36055
 0.739059  0.264185 -0.392673   1.35261
  0.73223  0.252199 -0.401917   1.33937
 0.731167   0.24473 -0.407108   1.33758
0.740698 0.246435 -0.40147  1.35512
  0.73594  0.248666 -0.404318   1.34722
 0.749055  0.256473 -0.395003   1.37329
0.749984 0.250972 -0.39635  1.37421
 0.737408  0.256379 -0.398833   1.34982
 0.742286  0.248855 -0.398165   1.35754
 0.745103   0.25654 -0.392454   1.36278
 0.741828  0.253678 -0.396233   1.35687
 0.949188  0.155543 -0.182831   1.71484
 0.950714   0.15693 -0.173675   1.71703
 0.950519  0.140893 -0.186535   1.71612
  0.95187  0.133466 -0.196168   1.72013
 0.954723  0.130272 -0.186394   1.72462
 0.951036  0.136008 -0.188776   1.71689
 0.956233  0.136337 -0.165097    1.7253
0.958048 0.126759 -0.17556  1.73015
 0.960664  0.122532 -0.163689   1.73377
 0.956723   0.12975 -0.165915   1.72545
 0.952252  0.144544 -0.180953   1.71983
0.953746  0.13298 -0.17801   1.7209
 0.955327  0.142208 -0.169305   1.72474
 0.952881  0.138896 -0.176484   1.71959
 0.756072  0.226963 -0.426011   1.39612
 0.725935  0.183157 -0.442661    1.3301
 0.727841  0.181374 -0.444253   1.33512
 0.728753  0.184707 -0.442421   1.33665
 0.727201  0.182965 -0.442918   1.33323
 0.730516  0.180737 -0.448586   1.34354
 0.732711  0.187187 -0.444941   1.34739
 0.729692  0.184684 -0.445141   1.34056
 0.730012  0.182821 -0.445794   1.34117
 0.728927  0.168357 -0.453297   1.34016
 0.729812  0.166773 -0.453536   1.34178
 0.727063  0.168687 -0.449495    1.3337
 0.724242  0.169341 -0.447557   1.32635
 0.724446  0.166568 -0.448484   1.32672
0.725928 0.168305 -0.44844  1.33017
 0.727372  0.163567 -0.451274   1.33429
 0.724717  0.164028 -0.449193   1.32716
 0.724987   0.16137 -0.449922   1.32759
 0.726387  0.163111 -0.450017   1.33094
 0.727942   0.16757 -0.450403   1.33587
 0.726058  0.165726 -0.449228   1.33035
 0.727845  0.164857 -0.451486   1.33576
  0.72695  0.166047 -0.450183   1.33327
 0.732911  0.150787 -0.456808   1.34665
 0.734114  0.149462 -0.456772   1.34885
 0.731042  0.150204 -0.453781   1.34057
0.728409 0.149895 -0.45131  1.33311
 0.729381  0.147744 -0.451403   1.33474
 0.730318   0.14927 -0.451917   1.33734
 0.732795  0.146342 -0.453817   1.34342
0.730364 0.145813 -0.45127  1.33631
 0.731465  0.143922 -0.451111   1.33812
 0.732265  0.145356 -0.451755   1.34048
 0.732058  0.149625 -0.454358   1.34295
  0.73117  0.147331 -0.451865   1.33868
 0.732923  0.147537 -0.454627   1.34449
 0.731703  0.148217 -0.453579   1.34138
 0.775523  0.154579 -0.445714   1.42794
0.937785 0.192038 0.236483  1.68691
 0.93227 0.126046  0.13609  1.67162
0.928914 0.160604  0.22881  1.67535
0.921326 0.137422 0.211896   1.6645
0.922428 0.130083 0.207114  1.66192
0.927047 0.141222 0.243835  1.66917
0.928917 0.158465 0.296096  1.67733
0.930772 0.158949 0.287098  1.67918
0.874506 0.249528 0.280662  1.58615
 0.87713 0.236376  0.29257  1.59232
0.868183 0.247206 0.286465  1.57524
0.869818 0.239651 0.292882  1.57917
0.862937 0.241962 0.290755  1.56668
0.867246 0.243462 0.290036   1.5739
0.873988 0.241458  0.29132  1.58675
0.873709 0.244655 0.285691  1.58511
0.930686 0.158439 0.292065  1.67999
0.926846 0.135379 0.286488  1.67445
 0.927587 0.0985732  0.264577   1.67288
  0.889022 -0.0152309   0.344873    1.61514
 0.905555 0.0134322   0.33101   1.64132
  0.917934 -0.0280308   0.304328    1.66251
  0.908353 -0.0085226   0.327358    1.64783
 0.914313 0.0396108  0.318454   1.65597
 0.917362 0.0530787  0.298241    1.6562
0.926408  0.04092 0.292776  1.67566
 0.920596 0.0466008  0.305371    1.6661
    0.93474 -0.00926799    0.264279     1.68702
 0.933528 0.0229914  0.267735   1.68438
 0.943518 0.0140231  0.239007   1.70045
 0.940102 0.0109486  0.253699   1.69594
 0.916506 0.0221315  0.312332   1.65866
0.929894 0.024573 0.279462  1.67907
   0.92884 -0.0081219   0.284474     1.6787
0.922546  0.00995 0.295762  1.66723
0.936232 0.214396 0.256193  1.68861
0.936104  0.20976 0.262277  1.68896
0.919731 0.147609 0.224413  1.66207
0.929566 0.225482 0.276643  1.68081
0.924364 0.231597 0.284752  1.67278
0.917205  0.23559 0.293143  1.66142
 0.91219 0.231245 0.299226   1.6506
0.926668 0.142502 0.249329  1.66894
0.898041 0.224788 0.306216  1.62558
  0.9218 0.128896 0.216069  1.66097
 0.93942 0.194297 0.232619   1.6907
  0.884693  -0.067007 -0.0308194    1.58277
0.938117 0.203727 0.226637  1.68728
0.920615 0.120516 0.290307  1.66427
0.931793 0.158462  0.28982  1.68165
0.921904 0.132912 0.296893  1.66718
0.925156 0.147171 0.298635  1.67215
0.927599 0.156413  0.30013  1.67585
0.920549 0.228161 0.289518  1.66449
0.927766 0.155537 0.274083  1.67245
0.926226 0.223122 0.280456  1.67354
0.927152 0.171176 0.242221  1.67319
0.935733 0.199376 0.251075  1.68694
 0.783499  0.119306 -0.420285   1.42707
 0.783139  0.113385 -0.417701   1.42404
 0.787963  0.114944 -0.411698   1.43168
 0.786391  0.115671 -0.416433   1.43083
 0.781058  0.106883 -0.418312   1.41882
 0.775166  0.100869 -0.419999   1.40595
 0.781585 0.0972186 -0.412482    1.4155
 0.780818  0.102615 -0.416687   1.41671
  0.79432  0.107955 -0.400149   1.43879
 0.789873 0.0936892 -0.401774   1.42784
 0.802363 0.0896013 -0.385044    1.4471
 0.797713 0.0997384  -0.39383   1.44212
 0.784286   0.10891 -0.415021   1.42445
 0.788228  0.100333 -0.407505   1.42792
 0.790832  0.109465 -0.406732   1.43465
 0.787405  0.106001 -0.410262   1.42838
 0.776481   0.14575 -0.445193   1.42828
  0.76611  0.161856 -0.458737   1.41559
 0.753747  0.124994 -0.447837   1.37968
 0.755745  0.123135 -0.447246   1.38324
  0.75115  0.122664 -0.446609   1.37301
 0.747955  0.121233 -0.444311   1.36444
 0.750037  0.119061 -0.443089   1.36776
 0.750567  0.120943 -0.444385   1.36996
 0.755669  0.118825 -0.443572   1.38014
 0.752185  0.116906 -0.441531   1.37105
 0.754661  0.114543 -0.439555   1.37478
 0.755184  0.116864 -0.441265   1.37725
 0.752459   0.12262 -0.446353   1.37564
 0.752674  0.118959 -0.442983   1.37327
 0.755178  0.120539 -0.445218   1.38037
 0.753212  0.120716 -0.444959   1.37606
 0.770825  0.160688 -0.449009   1.42084
 0.737968  0.211123 -0.430885   1.35637
 0.743727  0.220993 -0.423384   1.36688
 0.733514  0.213353 -0.425505   1.34405
0.736264  0.21847 -0.42166  1.34889
 0.730506  0.217823 -0.424685   1.33803
0.733082 0.216208  -0.4236  1.34266
 0.73787 0.217583  -0.4255  1.35476
 0.737493  0.215006 -0.426833   1.35403
 0.832461   0.23067 -0.408852   1.53731
 0.837264  0.229098 -0.403654   1.54485
 0.831284  0.233865 -0.403545   1.53458
 0.832745  0.231209 -0.405148   1.53638
 0.842372  0.227567 -0.398106   1.55301
 0.847822  0.225424 -0.391981   1.56161
0.841159 0.231571 -0.39223  1.55023
 0.842738  0.228196 -0.393843   1.55209
 0.831196  0.238072 -0.397464   1.53426
 0.834993  0.239649 -0.392719   1.54073
 0.837479  0.229721 -0.399792   1.54374
 0.838876   0.23402 -0.394594   1.54715
 0.832794  0.234528 -0.400134    1.5367
 0.835953  0.232612 -0.398153   1.54167
 0.745511   0.13257 -0.453908   1.36738
 0.742066  0.136373 -0.454157   1.36107
   0.7437   0.13129 -0.451208   1.36165
 0.741703   0.13336 -0.451515   1.35802
 0.741916  0.130514 -0.448754   1.35599
 0.742293  0.131817 -0.450529   1.35833
0.742412 0.134804 -0.45265  1.36056
 0.744392  0.132915 -0.452365   1.36418
 0.848086  0.226113 -0.387382   1.56035
 0.850394  0.231542 -0.380989   1.56565
 0.842805  0.232453 -0.388393   1.55256
0.846385 0.229877 -0.38554  1.55802
 0.851882  0.238533 -0.372355   1.56875
0.837423 0.238865 -0.38737  1.54369
 0.840999   0.23725 -0.386392   1.55006
 0.846272  0.239401 -0.379075   1.55901
 0.876382  0.233196 -0.339888   1.60925
0.860177 0.233866  -0.3589  1.58051
 0.874426  0.222106 -0.349136   1.60365
 0.865918  0.224442 -0.358919   1.58914
 0.871204  0.214612 -0.357629   1.59629
 0.869519  0.219678 -0.355162     1.594
 0.864315  0.231152 -0.357988   1.58818
 0.869818  0.233984 -0.348999    1.5977
 0.900929    0.1894 -0.318525   1.64351
 0.906906   0.18488 -0.308929   1.65316
 0.900886  0.195441 -0.307455   1.64171
 0.901382  0.190505 -0.311764   1.64246
 0.912978  0.179298 -0.298357    1.6627
 0.917781  0.173424 -0.287987   1.66946
 0.913634  0.185082 -0.285788   1.66228
 0.913015  0.180468 -0.290138   1.66035
 0.899362  0.213607 -0.304928   1.64336
   0.9051  0.213853 -0.294497   1.65338
 0.907415  0.186015 -0.300985    1.6519
 0.912061  0.193946 -0.289493    1.6618
 0.904069  0.198469 -0.302317    1.6483
 0.906293  0.192071 -0.296831   1.64999
 0.918986  0.196337 -0.266467   1.67243
 0.923839  0.196882 -0.255035   1.68083
 0.921123  0.176211 -0.267549    1.6722
  0.92212  0.169001 -0.278313   1.67583
 0.927143  0.164814 -0.268024   1.68392
 0.921911   0.17078 -0.271033   1.67346
 0.932019  0.165895 -0.244163   1.68963
0.932048 0.159691  -0.2568  1.69148
 0.935701  0.154511 -0.246234   1.69641
 0.931391  0.161453 -0.248241   1.68783
 0.924028  0.179994 -0.262073   1.67841
 0.926921  0.166672 -0.259397    1.6812
 0.93072 0.175506 -0.24801   1.6895
 0.925672  0.173101 -0.256025   1.67904
  0.93596  0.177524 -0.224816   1.69698
 0.939581  0.178643 -0.213535   1.70325
 0.93774 0.157961 -0.22588  1.69698
 0.939047  0.150497 -0.236519    1.7012
 0.942944  0.146647 -0.226305   1.70741
 0.938444  0.152679 -0.229043   1.69819
0.946544 0.147101 -0.20259   1.7109
 0.946657  0.141744 -0.215405     1.713
  0.94938  0.137081 -0.205527   1.71664
 0.945666   0.14364 -0.207122   1.70896
 0.940179  0.161987 -0.220108   1.70224
 0.942355    0.1488 -0.217593   1.70418
 0.945514  0.157534 -0.205939   1.71101
  0.94131  0.154965 -0.214434   1.70227
 0.732806  0.194129 -0.441422   1.34729
 0.737258  0.202167 -0.436226   1.35551
 0.729505  0.195526 -0.436792   1.33759
 0.731456  0.199705 -0.434081   1.34104
 0.727203  0.198591 -0.435627   1.33237
0.729063 0.197712 -0.43526  1.33618
  0.73265  0.199048 -0.437297   1.34565
0.732389 0.196913 -0.43828  1.34515
 0.734771  0.241511 -0.409285   1.34524
 0.738776  0.235281 -0.409428    1.3522
 0.742151  0.241983 -0.403984   1.35817
 0.738362  0.239161 -0.407239   1.35107
 0.744356   0.23225 -0.414682   1.36667
 0.751315   0.24474 -0.403928   1.37915
 0.744534  0.241078 -0.407847   1.36571
 0.744163  0.237203 -0.409756   1.36481
 0.963869  0.123414 -0.119684   1.73464
 0.964599  0.125395 -0.118013    1.7365
 0.962555  0.122905 -0.136811   1.73388
  0.96291  0.118664 -0.152687   1.73687
 0.964487  0.115423 -0.142538   1.73875
  0.96131   0.12153 -0.143845   1.73182
 0.965298   0.11603 -0.120243   1.73759
 0.965761  0.112383 -0.132983   1.74013
 0.965728  0.110258 -0.123327    1.7385
 0.964674    0.1151 -0.126378   1.73682
 0.962116  0.123849 -0.130067   1.73191
 0.963316  0.118552 -0.134657   1.73502
 0.96465 0.122628 -0.12245  1.73702
 0.963518  0.120002 -0.129258   1.73483
 0.854228  0.238203 -0.346225   1.56465
 0.865484  0.243223 -0.330693   1.58537
0.949779  0.01108 0.200913  1.70571
 0.959423 0.0346928  0.187426   1.72704
   0.957391 -0.00252938    0.188421      1.7231
  0.95613 0.0132279  0.195168   1.72051
 0.964158 0.0559696   0.12306   1.72952
 0.959288 0.0493574  0.153721   1.72116
  0.964035 -0.0274144   0.141105    1.73289
0.969345 0.014909 0.108515  1.73998
  0.972869 -0.0328984  0.0839891    1.75042
  0.967179 -0.0226406   0.107194    1.73644
 0.961762 0.0296838  0.158957    1.7278
 0.965043 0.0245552  0.118049   1.73081
   0.962301 -0.00743784    0.150852     1.72876
  0.96311 0.0210566  0.144099   1.72891
 0.896071    0.1951 -0.320788    1.6344
 0.898903  0.201043 -0.310834   1.63992
 0.893335  0.205591 -0.317345    1.6307
 0.896547  0.198991 -0.316275   1.63567
 0.892086  0.225759 -0.317642   1.63521
 0.896354  0.207784 -0.310616   1.63689
 0.897832  0.209671 -0.309341    1.6404
  0.96726  0.112749 -0.119739   1.74212
 0.968724  0.112023 -0.109036   1.74437
 0.965702  0.117194 -0.114313   1.73798
 0.966757  0.112187 -0.112166   1.73985
  0.969663   0.112551 -0.0997376    1.74575
  0.970278   0.112563 -0.0906628    1.74637
 0.967442  0.118699 -0.095678   1.74031
  0.968396   0.113395 -0.0931921    1.74198
 0.964316  0.128922 -0.111848   1.73548
0.964096 0.129019 -0.10394  1.73397
 0.967473   0.11265 -0.102874   1.74062
 0.967125   0.11924 -0.100235   1.74004
   0.9663  0.119031 -0.108441   1.73892
 0.966633  0.116976 -0.104938   1.73912
0.929749 0.143853  0.27434  1.67785
 0.963352  0.128989 0.0694528   1.73185
 0.963627  0.136115 0.0741466   1.73196
 0.963996  0.136529 0.0709312   1.73247
 0.963563  0.134477 0.0717065    1.7318
 0.964003  0.144893 0.0731065   1.73155
  0.96431  0.146636 0.0747538    1.7321
 0.964111  0.142765 0.0731408   1.73253
 0.963372  0.147493 0.0789807   1.73088
 0.963873  0.141655 0.0762046   1.73191
 0.833058  0.408731 0.0294573   1.51397
  0.842955   0.393676 0.00498639    1.52743
 0.848188  0.389087 0.0372283   1.53756
 0.843735  0.395282 0.0238418    1.5301
 0.858123  0.379124 -0.013728   1.55559
0.862453 0.375981 0.044028  1.56383
 0.858677  0.383167 0.0330857   1.55798
   0.85847   0.379002 0.00816689    1.55578
0.928804 0.148951 0.292167  1.67751
 0.917827 0.0826104  0.302263    1.6605
0.916667 0.101817  0.28695  1.65418
 0.914304 0.0968503  0.304529   1.65422
 0.940229 0.0878109  0.226278   1.69239
 0.935278 0.0888921  0.234264   1.68254
0.893676 0.101748  0.34003  1.62043
 0.901852 0.0879196  0.333944   1.63562
 0.891511 0.0867859  0.353326   1.62049
 0.896368 0.0923193  0.341461   1.62638
  0.90636 0.0732965  0.323769   1.64078
 0.915868 0.0646935  0.306962   1.65644
0.909148 0.052868 0.328969  1.64835
 0.909927 0.0624288  0.319227   1.64675
 0.886792 0.0613909  0.359846   1.61306
 0.899388 0.0364701  0.344983   1.63332
0.879552 0.020417 0.363853  1.60231
    0.891 0.0402232  0.355853   1.61999
 0.903968 0.0753512  0.332976   1.63897
0.903791 0.052204   0.3403  1.64062
 0.894376 0.0725083   0.35292   1.62576
 0.899689 0.0675766  0.344519   1.63377
 0.86177 0.300712  0.22712  1.56276
0.866986 0.302911 0.217193  1.57057
 0.86853 0.294847 0.227731  1.57421
0.866327 0.299275 0.223637  1.56996
0.874409 0.303874 0.207363  1.58377
0.875731 0.290355 0.228929  1.58764
0.873706 0.295435 0.225652  1.58429
0.873864 0.298332 0.216121  1.58327
 0.93148 0.149752 0.270321  1.67812
 0.91614 0.113091  0.29887  1.65591
0.859862 0.130923 0.338412  1.55671
0.872868 0.122389 0.353619  1.58665
0.857525 0.110638 0.349617  1.55309
0.865552 0.120325 0.348086  1.57175
0.882745 0.115619 0.355532  1.60529
0.892165 0.108389 0.344146  1.61959
  0.88699 0.0951582  0.357111   1.61298
0.885953 0.106814 0.354653   1.6107
 0.859237 0.0787021  0.359373   1.55736
 0.879899 0.0721648  0.362513   1.60009
 0.867174 0.0347987  0.363204   1.57376
 0.869176 0.0625688  0.364996   1.58107
 0.87584 0.112878 0.357669  1.59302
 0.879308 0.0891316    0.3617    1.5996
 0.865502 0.0959593  0.358963   1.57316
 0.87469 0.100287 0.360189  1.59047
 0.904037 0.0975542  0.330131   1.63966
0.901416 0.102209 0.331021  1.63433
 0.909475 0.0976581  0.312212    1.6454
 0.913139 0.0791227  0.310416   1.65203
 0.909831 0.0800842  0.318683   1.64711
  0.90644 0.0945784  0.320981   1.64145
 0.780064  0.115056 -0.421528   1.41964
 0.777533  0.121497 -0.428468   1.41885
 0.780623  0.119702 -0.423408   1.42256
 0.771479  0.116769 -0.431905     1.407
  0.77121  0.123474 -0.438511   1.41104
 0.773144  0.120722 -0.433506   1.41203
 0.778378  0.109913 -0.421994    1.4154
 0.773489  0.111357 -0.427621   1.40808
 0.774917  0.105184 -0.423235   1.40771
 0.77552 0.108562 -0.42471  1.41045
 0.775894  0.118973 -0.430047   1.41577
 0.773714  0.114384 -0.429194   1.40994
 0.777944  0.113491 -0.423755   1.41599
0.776425 0.115444 -0.42717  1.41485
 0.772815  0.151481 -0.454234   1.42543
 0.817834  0.231146 -0.424057   1.51343
 0.820718  0.231573 -0.421296   1.51839
0.815687 0.233004 -0.42147  1.50943
 0.817596  0.231929 -0.422331   1.51235
 0.824054  0.231831 -0.417774   1.52387
 0.827967  0.231552 -0.413607   1.53014
 0.821774  0.234579 -0.413954   1.51939
 0.823852  0.232555 -0.415022   1.52236
 0.812721  0.235556 -0.416217   1.50311
 0.815651  0.237162 -0.412365   1.50791
 0.820356  0.232398 -0.418964   1.51675
 0.819653  0.235036 -0.415692   1.51599
  0.81619  0.233584 -0.419572    1.5101
 0.818509  0.233901 -0.418124   1.51407
 0.815905  0.230435 -0.425786   1.50995
 0.813263  0.229836 -0.426129   1.50553
 0.815392  0.228929 -0.426625   1.50893
 0.814785  0.229537 -0.426266   1.50772
 0.810774  0.228431 -0.426001   1.50075
 0.806834  0.229107 -0.425932   1.49439
 0.809849   0.22535 -0.428477   1.49951
 0.809862   0.22763 -0.426799   1.49949
0.816196 0.226402 -0.42596  1.50972
 0.813947  0.222085 -0.428396   1.50624
 0.820036  0.222635 -0.421311   1.51473
 0.817282  0.222101 -0.426074   1.51118
 0.812483  0.228355 -0.426747   1.50405
 0.812723  0.224747 -0.428136    1.5044
 0.815016  0.226927 -0.426884   1.50791
0.813065 0.226909 -0.42732  1.50501
0.929689 0.152151 0.288695  1.67844
  0.974013 -0.0973514  0.0717348    1.75995
 0.955206 -0.129085   0.15762   1.72897
  0.958822 -0.0595604   0.154949    1.72523
  0.953585 -0.0873468   0.141613    1.71674
0.920602 -0.10576 0.263953  1.66856
   0.88146 -0.0377896   0.334935    1.59642
0.926417 -0.05361 0.284552  1.67806
  0.909322 -0.0774218   0.312159    1.65551
  0.953903 -0.0264972   0.201572     1.7183
  0.942326 -0.0276166   0.239908    1.69865
    0.94831 0.000948329    0.212049     1.70459
  0.946179 -0.0207283   0.221699    1.70338
 0.932853 -0.104865  0.234362   1.69023
  0.934393 -0.0553161   0.256743    1.68899
  0.952077 -0.0536456   0.200827    1.71751
  0.944037 -0.0707919   0.225874    1.70541
0.864736  0.20958 0.313397  1.57068
0.870183 0.216914 0.312172  1.58014
0.872877 0.208483 0.316992  1.58614
 0.86945 0.212751 0.314797  1.57913
0.876359 0.220055 0.306202  1.59028
0.881664 0.203958 0.314185  1.60113
0.876589  0.21017 0.314515  1.59185
0.875751 0.213939 0.310086  1.58921
0.863754 0.142477 0.329572  1.56379
0.867044 0.149107 0.325063  1.57042
0.873833 0.149383 0.339947  1.58739
0.869454 0.146581 0.329475  1.57695
0.867826 0.156688  0.32377   1.5726
0.867023 0.165202 0.323295   1.5717
0.874492  0.16736 0.333321  1.58869
0.869966 0.163301 0.325401  1.57868
0.880111 0.154887 0.341463   1.5995
 0.88064  0.16312 0.335836  1.59963
0.887339 0.151829 0.333316  1.61034
0.880894 0.157116 0.337913  1.59961
0.870325 0.154881 0.326436  1.57881
0.876257 0.163935 0.336042  1.59264
0.876253 0.154864 0.339656  1.59292
0.874495 0.158649 0.335906  1.58868
 0.761139  0.156709 -0.459081   1.40522
 0.761314  0.156633 -0.459077   1.40556
 0.761683  0.156929 -0.459758   1.40661
0.760907    0.156 -0.45991  1.40497
 0.760882  0.156171 -0.460019     1.405
 0.760929   0.15593 -0.459756   1.40494
 0.760831  0.156686 -0.460011     1.405
 0.760894  0.155884 -0.459799   1.40488
 0.769001  0.158969 -0.456786   1.41998
 0.760839  0.156023 -0.459936   1.40485
 0.745901  0.131373 -0.452369   1.36704
 0.747437  0.129926 -0.452089   1.36983
 0.743974  0.129947 -0.450335   1.36142
  0.74154  0.128985 -0.447805   1.35434
 0.742951  0.127063 -0.447291   1.35666
 0.743493  0.128613 -0.448205   1.35864
 0.746972  0.126425 -0.448899   1.36622
 0.744405  0.125228 -0.446497   1.35893
 0.746039  0.123227 -0.445559   1.36147
 0.746578  0.124989 -0.446701   1.36359
 0.744995  0.129738 -0.450502   1.36365
 0.744884  0.126874 -0.447514   1.36084
0.746759 0.127826  -0.4501  1.36677
 0.745283  0.128186 -0.449406   1.36328
 0.760856  0.156413 -0.460058   1.40501
 0.762579  0.155528 -0.458525   1.40756
 0.766321  0.157446 -0.458972   1.41542
 0.767582  0.156679 -0.460264   1.41838
 0.770002  0.155527 -0.460353   1.42292
 0.768855  0.122454 -0.439585   1.40644
 0.764915  0.118419 -0.437944   1.39659
 0.769178  0.116401 -0.433638   1.40296
 0.767885  0.118665 -0.436482   1.40214
 0.762282  0.114895 -0.437893    1.3903
 0.757731  0.112197 -0.436908   1.37942
 0.761278  0.109679 -0.433894    1.3849
 0.761592  0.112357 -0.436004   1.38717
 0.770655  0.110765 -0.429679     1.403
 0.765186  0.107104 -0.430112   1.39078
 0.769835  0.104177 -0.425584   1.39787
 0.769826  0.107755 -0.428302   1.39984
 0.764472   0.11556 -0.436537   1.39432
 0.765335  0.110171 -0.432551    1.3929
 0.768773  0.113516 -0.432307   1.40084
 0.766136  0.112977 -0.434071   1.39607
 0.760675  0.155998 -0.459845   1.40448
 0.763814  0.153079 -0.454066    1.4078
 0.774582  0.149026 -0.447279   1.42565
 0.778387  0.125468 -0.429002   1.42141
 0.776365     0.134 -0.436165   1.42197
 0.772126  0.126087 -0.438624   1.41314
  0.77584  0.128952 -0.434647   1.41938
 0.766017   0.13102 -0.448663   1.40613
 0.779722  0.137036 -0.433353   1.42818
 0.782377  0.127818 -0.425476   1.42852
  0.78565  0.137443 -0.421882   1.43529
 0.783031  0.132799 -0.425311   1.43058
 0.768657  0.153025 -0.461513   1.42026
 0.760841  0.156987 -0.459162   1.40471
 0.760861  0.157149 -0.459338   1.40485
 0.762356  0.156551 -0.456795   1.40656
 0.761766   0.15741 -0.460019   1.40692
 0.764992  0.159062 -0.458457   1.41288
 0.762944  0.157781 -0.455633   1.40749
 0.762353  0.155918 -0.458886   1.40732
 0.737299  0.153887 -0.462673   1.35996
 0.760792  0.156261 -0.460025   1.40483
  0.76803  0.161359 -0.456747   1.41845
 0.762051  0.156663 -0.460107   1.40739
 0.764254  0.156867 -0.455286   1.40979
0.761656 0.156683 -0.45974   1.4065
  0.76005  0.162667 -0.443032   1.39718
 0.761268  0.156377 -0.459061   1.40541
 0.760691  0.156568 -0.460171   1.40474
 0.761177  0.156329 -0.459076   1.40524
 0.762259   0.15642 -0.460156   1.40778
 0.761052  0.155884 -0.459211   1.40496
 0.760947  0.155974 -0.459583   1.40491
0.760889 0.155698 -0.45946  1.40471
  0.76095  0.156123 -0.459423   1.40487
 0.761098  0.156082 -0.459103   1.40504
 0.761022  0.156168 -0.459343     1.405
 0.789779  0.141522 -0.408927    1.4386
 0.795855  0.140069 -0.400246   1.44743
 0.790696  0.150182 -0.403053   1.43944
 0.792901  0.144137 -0.404516   1.44378
 0.804455  0.135237 -0.384763   1.45846
 0.823696  0.139985 -0.367921   1.49536
 0.803982  0.157529 -0.384246   1.46175
0.805598 0.143091 -0.37164  1.45767
 0.789102  0.156529 -0.397437   1.43484
 0.795025  0.164599 -0.394652   1.44811
 0.788507  0.170698 -0.403155   1.43888
 0.788343  0.160445 -0.391698   1.43183
 0.798646  0.142143 -0.391589   1.44996
 0.795346  0.153657 -0.382706    1.4418
 0.791711  0.151931 -0.396356   1.43897
 0.795817  0.149169 -0.390724    1.4448
 0.788316  0.146244 -0.410396   1.43702
 0.786428  0.150065 -0.408444   1.43275
 0.785261  0.158366 -0.401138   1.42864
 0.781541  0.163044 -0.401065   1.42175
 0.781078  0.154883 -0.417776   1.42687
 0.783555  0.156812 -0.409011   1.42827
 0.737043  0.143563 -0.456172    1.3533
 0.738382  0.142004 -0.455964   1.35564
 0.735104   0.14277 -0.453467   1.34728
  0.73259  0.142197 -0.450767   1.33991
 0.733788  0.140394 -0.450591   1.34194
  0.73451  0.141711 -0.451259   1.34413
 0.737033  0.139178 -0.452983   1.35026
 0.734837  0.138794 -0.450324   1.34365
 0.735829  0.137112 -0.450119   1.34528
 0.736517  0.138363 -0.450737   1.34734
 0.736116  0.142293 -0.453911    1.3496
 0.735474  0.140051 -0.450981   1.34564
  0.73716  0.140158 -0.453859   1.35131
 0.735976  0.140981 -0.452992   1.34843
 0.730673  0.160312 -0.456662   1.34406
  0.73048  0.165215 -0.454911   1.34367
 0.728441  0.160129 -0.452849   1.33679
0.728182 0.162665 -0.45197  1.33624
 0.726675  0.160661 -0.450565   1.33134
 0.727462  0.161151 -0.451701   1.33418
 0.728926  0.163245 -0.454197   1.33952
0.729891 0.161615 -0.45444   1.3413
 0.765657  0.163231 -0.453224    1.4127
 0.771324  0.157519 -0.454816   1.42359
  0.76302  0.154257 -0.456011   1.40721
 0.750187  0.133178 -0.454302   1.37746
  0.75417  0.130117 -0.453382   1.38471
 0.760685  0.156928 -0.460248   1.40483
 0.765443  0.153375 -0.456821   1.41225
 0.760722  0.157197 -0.460168   1.40492
 0.767979  0.161484 -0.452655   1.41684
 0.763329  0.157024 -0.455278   1.40795
 0.760799  0.157332 -0.459954   1.40502
 0.762384  0.156291 -0.455311   1.40596
 0.761996  0.156759 -0.457531    1.4062
 0.761448  0.157246 -0.458207   1.40549
 0.760637  0.157085 -0.460214   1.40474
  0.76203  0.157137 -0.458965   1.40691
 0.761001  0.157299 -0.459543   1.40524
 0.761443  0.157199 -0.459725   1.40617
  0.76207  0.156919 -0.455402   1.40549
 0.761227  0.157237 -0.459557   1.40568
  0.76135  0.157583 -0.459724   1.40599
 0.760937  0.156992 -0.459149    1.4049
0.761122 0.157315 -0.45963  1.40552
 0.959645  0.138892 0.0710663   1.72682
 0.965985  0.132845 0.0330658   1.74055
 0.964922   0.13375 0.0658482   1.73497
 0.961596  0.141901 0.0601541   1.73124
  0.976602  0.0940173 -0.0045516    1.76353
   0.975794    0.017784 -0.00402163     1.75882
 0.970855 0.0801824 0.0537888   1.74313
 0.970583 0.0484279 0.0332339   1.74308
 0.967132  0.122023 0.0718859   1.73697
 0.968648  0.100463 0.0658887   1.73796
 0.967644  0.122817 0.0855747   1.73844
 0.968634  0.113068 0.0756491   1.73962
 0.964155  0.115843 0.0339939   1.73354
 0.970869 0.0976414 0.0555248   1.74387
 0.966357  0.124688 0.0629442   1.73646
0.967464 0.112846 0.048929  1.73776
  0.86493   0.36319 0.0873018   1.56642
0.872234 0.348426 0.122168  1.58096
0.855359 0.367572 0.103935  1.54896
 0.86084 0.357909 0.122294   1.5598
0.849778 0.371229 0.122071  1.54177
0.856238 0.364762 0.115613  1.55146
0.867078  0.35734 0.116536  1.57218
0.865672 0.358497 0.103036  1.56789
   0.81124   0.418522 -0.0948658    1.47727
  0.81887  0.397363 -0.114472   1.48531
  0.832395   0.397761 -0.0850673    1.51167
  0.821832   0.403728 -0.0992917    1.49265
 0.830934  0.376651 -0.131415   1.50608
  0.854204   0.375907 -0.0797441    1.55113
  0.838819    0.38952 -0.0961768    1.52395
 0.833357   0.38403 -0.109954   1.51106
  0.874109   0.344722 -0.0742806    1.58233
 0.967219  0.131073 0.0343031    1.7383
 0.966819  0.138183 0.0390058   1.73749
 0.967039  0.138061 0.0316047   1.73757
 0.966804  0.136652 0.0355295   1.73729
0.966645 0.141506 0.025681  1.73555
 0.965908  0.146029 0.0339221   1.73498
 0.965104  0.147042 0.0423299   1.73333
 0.962121  0.140385 -0.101632   1.73014
0.963511 0.153917 -0.07859    1.733
 0.966281  0.141729 0.0215412   1.73508
 0.966436  0.139797 0.0231262    1.7351
 0.967971  0.134369 0.0180691   1.73936
 0.968734   0.13054 0.0162315   1.74127
 0.968293  0.130542 0.0214854   1.74035
 0.968248  0.130663 0.0180944   1.74009
 0.966984  0.136609 0.0291911   1.73732
  0.96794  0.130985 0.0269543   1.73974
 0.967731  0.130885 0.0323384    1.7395
 0.967604  0.131298 0.0286914   1.73897
  0.96786  0.135958 0.0199642   1.73919
0.967866 0.131091 0.022896  1.73937
 0.967201   0.13703 0.0235568   1.73771
 0.967707  0.134583 0.0224111   1.73879
 0.968558  0.130478 0.0125819   1.74067
 0.968049  0.136324 0.0156618   1.73962
  0.968252    0.13538 0.00832958    1.73983
 0.968104  0.134797 0.0126377   1.73964
   0.967565    0.136264 0.000165067      1.7374
  0.966954   0.142436 0.00960079    1.73687
 0.966238  0.143561 0.0173653   1.73524
  0.969678   0.126562 -0.0100143    1.74271
   0.969233    0.130544 -0.00767906     1.74176
  0.969181   0.127616 -0.0147262    1.74124
  0.969204   0.129253 -0.0106048    1.74162
  0.968746   0.134626 -0.0152856    1.74018
   0.96867   0.131451 -0.0141416    1.74012
  0.968079    0.13448 -0.0074668    1.73892
 0.962721  0.153967 0.0609246   1.72708
  0.968122   0.137731 -0.0218689    1.73945
  0.968349   0.135434 -0.0177578    1.73953
  0.969601   0.126841 -0.0250664    1.74244
  0.970593   0.124216 -0.0285028    1.74493
  0.970509   0.124511 -0.0231074    1.74466
  0.969994   0.124226 -0.0252743    1.74334
  0.969549   0.126418 -0.0159688    1.74209
  0.970324   0.124976 -0.0177509    1.74418
  0.97008  0.126431 -0.012316   1.74374
  0.969833   0.125032 -0.0154952    1.74292
 0.969846  0.128425 -0.022105    1.7431
  0.969951   0.124286 -0.0202121    1.74316
  0.969702   0.127143 -0.0180538    1.74251
  0.969615   0.126181 -0.0203075     1.7423
  0.970038    0.12362 -0.0308301    1.74349
  0.969728    0.12894 -0.0274944    1.74298
  0.969551   0.126835 -0.0339935    1.74241
 0.969541  0.126814 -0.030877   1.74242
  0.968892   0.131137 -0.0365064    1.74085
  0.968896   0.132548 -0.0338354    1.74115
  0.968263   0.137119 -0.0276224    1.73993
  0.970077   0.118525 -0.0542513    1.74386
  0.969774   0.124625 -0.0506966    1.74343
  0.969151    0.12108 -0.0570083     1.7417
 0.969511  0.121809 -0.054588   1.74269
  0.967355   0.131625 -0.0585763    1.73805
  0.968636   0.123817 -0.0560246     1.7405
 0.968659  0.129955 -0.051037   1.74106
 0.964057  0.153193 0.0334427   1.72941
  0.968402   0.128172 -0.0725885    1.74133
  0.967905   0.131965 -0.0649992    1.73998
  0.968993   0.119431 -0.0762524    1.74241
  0.970913   0.113353 -0.0820108    1.74726
  0.971184   0.113701 -0.0735644     1.7473
  0.969464   0.114626 -0.0754977    1.74321
   0.96969   0.119356 -0.0605605     1.7431
  0.971224   0.115004 -0.0657478      1.747
  0.971041   0.117128 -0.0587483    1.74638
  0.969965   0.116464 -0.0607214    1.74367
  0.968704   0.121648 -0.0712986     1.7415
  0.969767   0.115198 -0.0677467    1.74347
  0.969603   0.122478 -0.0624434    1.74328
  0.969042   0.119806 -0.0684143    1.74205
 0.958028  0.193198 0.0189142   1.71996
 0.961849  0.154708 -0.130877   1.73664
 0.951825  0.154181 -0.163163   1.71735
 0.961428  0.136102 -0.140944   1.73378
 0.956698  0.138841 -0.157597   1.72548
 0.959055  0.125373 -0.154757   1.72858
 0.958301  0.131607 -0.152233   1.72729
 0.956019  0.147271 -0.160185   1.72591
 0.958384  0.155203 -0.148514     1.731
 0.957837  0.169001 0.0750681   1.71701
 0.948411  0.139239 -0.198155   1.71296
0.949795   0.1454 -0.18954  1.71574
 0.946556  0.147269 -0.196412   1.70964
 0.948387  0.142708 -0.195107   1.71301
 0.943259  0.172748 -0.200065   1.70799
0.947894 0.147989 -0.18906  1.71169
 0.949048  0.150967 -0.187092   1.71463
  0.966802   0.144972 -0.0383305    1.73694
 0.790921  0.389646 -0.207607    1.4413
0.797992 0.368783 -0.21827  1.44913
 0.809764  0.375648 -0.194986   1.47178
 0.800272  0.377009 -0.207801   1.45481
0.808759 0.352313 -0.23075  1.47014
 0.828916  0.362032 -0.189282   1.50799
0.815714 0.368734 -0.20493  1.48508
 0.810913  0.362588 -0.213825   1.47412
  0.880895   0.348103 -0.0140426    1.59297
 0.783812  0.321434 -0.305505   1.42938
 0.805454   0.33362 -0.273742   1.46946
0.775857 0.333051 -0.29679  1.41235
 0.787419  0.340944 -0.279314   1.43391
 0.771013  0.349402 -0.290987   1.40716
 0.778351  0.340183 -0.289497   1.41771
 0.791076  0.335049 -0.288001   1.44335
 0.786092   0.33065 -0.294329   1.43311
  0.95841  0.173921 -0.101442   1.72719
 0.934517  0.233638 -0.141249   1.68856
  0.91746  0.174879 -0.280796   1.66673
 0.919569  0.181856 -0.271785   1.67119
 0.914728  0.185268 -0.279233   1.66295
 0.917424  0.179109 -0.277199   1.66704
  0.91146  0.207819 -0.282292   1.66313
  0.91637  0.187779 -0.273691   1.66653
 0.917652  0.191405 -0.271751    1.6698
 0.753291   0.30874 -0.348573   1.37694
  0.75793  0.296551 -0.350638   1.38292
 0.766033  0.305169 -0.338647   1.39777
  0.75924   0.30278 -0.346039    1.3857
 0.765011  0.288847 -0.356337   1.39901
 0.780268  0.303632 -0.334748   1.42712
 0.769391  0.301683 -0.344591   1.40708
  0.76642  0.296769 -0.349014   1.40094
 0.930472  0.214478 -0.199139   1.68677
 0.878906   0.22647 -0.338039   1.61244
 0.884362  0.229647 -0.330167    1.6228
0.877003 0.217211 -0.34565  1.60675
 0.877481  0.210699 -0.355106   1.60851
 0.883955  0.205658 -0.345901    1.6184
 0.878127  0.211196 -0.348276   1.60742
 0.891459  0.205209 -0.324364   1.62868
 0.890049  0.200533 -0.336771   1.62764
 0.895618  0.194431 -0.327495   1.63559
 0.890762  0.200742 -0.329465   1.62665
 0.879524  0.218597 -0.339239   1.61059
0.884466 0.205965 -0.33904  1.61702
 0.889428  0.213919 -0.327677   1.62756
0.883249 0.211888 -0.33538  1.61543
 0.741586  0.272278 -0.385607   1.35697
 0.746101  0.263393 -0.385947   1.36377
 0.751336   0.27135 -0.377886   1.37319
 0.746347  0.268458 -0.382963   1.36421
 0.752581  0.258554 -0.390809   1.37938
 0.762656  0.272832 -0.375879   1.39774
 0.754301  0.269566 -0.382276   1.38188
 0.753018  0.264858 -0.385193    1.3791
 0.761999  0.345344 -0.299757   1.38954
 0.756751  0.335094 -0.315219   1.38031
 0.772684  0.332176 -0.304356   1.40813
0.764801 0.339963 -0.30772  1.39641
 0.752806  0.324429 -0.329715   1.37373
 0.749353  0.313941 -0.342496   1.36791
 0.764634   0.31281 -0.331685   1.39462
0.756683 0.318939 -0.33596  1.38244
 0.779419  0.321717 -0.314385   1.42332
 0.779226  0.313065 -0.318437   1.42122
 0.760784  0.329537 -0.322623   1.38967
0.766781 0.314711 -0.32447  1.39689
 0.773254   0.32472 -0.311754   1.40932
  0.76784  0.322704 -0.319712   1.40016
 0.853779  0.233568 -0.370969   1.57094
 0.857412   0.23505 -0.365646   1.57715
  0.85271   0.22812 -0.378386   1.56857
 0.853609   0.22331 -0.385347   1.57088
 0.859329  0.220249 -0.378295   1.57972
 0.854059  0.223927 -0.380202   1.56983
 0.863967  0.223216 -0.363889   1.58627
 0.865123  0.217596 -0.371136   1.58894
 0.871076  0.213932 -0.363377   1.59816
 0.865491  0.218237 -0.365622   1.58766
  0.85466  0.228921 -0.373811   1.57141
 0.859466  0.220953 -0.373258   1.57808
 0.861531  0.226912 -0.366846   1.58318
 0.857949  0.225104 -0.371382   1.57626
 0.816964  0.236793 -0.408633     1.509
 0.822921  0.235565 -0.411186   1.52098
 0.827999  0.232152 -0.410366   1.52888
 0.829193  0.236071 -0.405522   1.53177
 0.826204  0.234654 -0.409001   1.52626
 0.829376  0.240709 -0.398613   1.53166
 0.820851  0.238688 -0.409486   1.51746
 0.825728  0.241064 -0.403703   1.52587
0.871588 0.245045 -0.30949  1.59171
 0.810644  0.229709 -0.424593   1.50019
 0.807406  0.231336 -0.423265   1.49494
 0.808573  0.230608 -0.421821   1.49561
 0.813443  0.230925 -0.425168   1.50592
 0.815569  0.231045 -0.424786   1.50898
 0.814021   0.23259 -0.422802   1.50658
 0.814335  0.231271 -0.424094    1.5072
 0.811103  0.234417 -0.417163    1.4998
  0.81242  0.231794 -0.424977   1.50406
 0.811052  0.232555 -0.419326   1.50006
 0.813246  0.232723 -0.422655   1.50513
 0.745899  0.304104 -0.354808   1.36252
 0.742363  0.294675 -0.364782    1.3563
 0.755252  0.294699 -0.356108   1.37909
 0.749023  0.299571 -0.359571    1.3696
 0.739863  0.285278 -0.373942   1.35211
  0.73788  0.276421 -0.381938   1.34882
 0.749895  0.277236 -0.373829   1.37014
 0.743763  0.280899 -0.377607    1.3605
 0.760949  0.287493 -0.362638   1.39263
 0.761439  0.280492 -0.364975   1.39234
 0.746334  0.290165 -0.369157   1.36505
 0.751769  0.279655 -0.368838   1.37256
  0.75606  0.288725 -0.360475    1.3807
 0.751952  0.285956 -0.366118   1.37365
0.936624 0.185683 0.244822  1.68646
 0.93175   0.1651 0.221483  1.67979
0.923128 0.140951 0.204076   1.6677
  0.774954 -0.0487158   0.266207    1.37406
0.854675 0.198005 0.306524  1.55572
 0.792617 -0.232269 0.0869798   1.44957
0.905194  0.23062 0.297322  1.64075
  0.835384 -0.0565024   0.229525    1.49918
0.828603 0.139152 0.354777  1.50606
0.929328 0.153676 0.275339  1.67523
0.885162 0.210399 0.294419  1.60497
0.930262 0.158492 0.290177  1.67877
0.930042 0.156734 0.294837  1.67933
0.859619 0.273734 0.258284  1.55801
0.859394 0.280706 0.250349  1.55729
0.866985 0.277827 0.252339  1.57186
 0.86234 0.278423 0.254083  1.56426
0.859201 0.288015 0.242003  1.55679
0.858802 0.295193 0.232947  1.55575
0.867159 0.290645 0.234437  1.57155
0.861896 0.292754 0.236983    1.563
0.874114 0.279463 0.245895  1.58488
0.874833 0.281466 0.237165  1.58479
 0.86234 0.285612 0.245711  1.56413
0.867494 0.287141 0.238274   1.5718
0.868095 0.281246 0.247116  1.57381
0.866667 0.284924 0.243572  1.57115
0.928169 0.140869 0.280463  1.67574
0.923824 0.157908 0.306176   1.6702
0.926966 0.123986 0.270799  1.67313
0.932046 0.157455 0.285721  1.68119
0.924944 0.113746 0.283789  1.67178
0.925212  0.15742   0.2845  1.66937
 0.931962 0.0683546  0.254486    1.6784
 0.944248 0.0296564  0.241225   1.70309
  0.93631 0.0431284  0.254065   1.68724
 0.934968 0.0345389  0.255425   1.68433
 0.928368 0.0531644  0.278863   1.67611
 0.922875 0.0575035  0.281722   1.66402
 0.930928 0.0566722  0.267008   1.67892
0.930874 0.153565 0.285011  1.68009
0.874313 0.276371 0.248645  1.58469
 0.87595 0.264039 0.264245  1.58921
0.867748 0.274779 0.255293  1.57313
0.869003 0.267458 0.263311  1.57628
0.862688 0.271199 0.261809  1.56519
0.866836 0.271304 0.259886   1.5719
0.873455 0.268851 0.261853   1.5848
0.873493 0.271759 0.254766  1.58368
 0.921969 0.0755184  0.294236   1.66716
 0.925622 0.0900962  0.276272   1.67126
 0.922307 0.0909366  0.286725   1.66657
0.933596 0.219827 0.269054   1.6868
0.930911  0.21747 0.272628  1.68095
0.924617 0.145675 0.247497  1.66576
  0.9216 0.151918 0.216723  1.66528
 0.92836 0.159329 0.294803  1.67608
0.925652 0.157687 0.278673  1.66941
0.928933 0.137928 0.246448  1.67204
0.912406 0.213557 0.318709  1.65268
0.873849  0.19797 0.311437  1.58159
0.923047 0.150807 0.301009  1.66843
0.924083 0.119313 0.206748  1.66364
0.929081 0.160317 0.290199  1.67661
 0.92379 0.127501 0.199056  1.66914
0.912973 0.173333 0.314559  1.65334
0.934312 0.154738 0.213988  1.68496
0.901641 0.221887 0.319395   1.6346
0.935978 0.166075 0.198943  1.68582
0.929499 0.135288 0.241693  1.67279
0.930444 0.108337 0.131881  1.67744
0.929461 0.189636 0.121186  1.66938
 0.896457 0.0114701  0.214645   1.60933
0.939467 0.196178 0.196768  1.68934
0.936374 0.160407  0.19219  1.68724
0.939137 0.173821  0.20291  1.68626
0.874247 0.252696 0.278457  1.58629
0.874937 0.255155 0.270964  1.58623
0.867312 0.250134  0.28378  1.57366
0.859736 0.244499  0.28769  1.55918
0.859513  0.25184 0.281014  1.55845
0.862516  0.24955 0.284395  1.56562
0.867525 0.263156 0.268611  1.57337
0.859452 0.259255 0.273814   1.5581
0.859481 0.266177 0.266084  1.55778
0.862435 0.263853 0.269917  1.56489
 0.86853 0.253926 0.279477  1.57593
 0.86258 0.256887 0.277374  1.56556
0.867901 0.259948 0.272042  1.57384
0.866933 0.257411 0.276352   1.5728
0.869045 0.172622 0.324646  1.57759
0.875092 0.182785 0.330237   1.5903
0.875709 0.172371 0.333061  1.59172
0.873744 0.176441 0.330701  1.58767
 0.88179 0.183509 0.325967   1.6008
0.886125 0.164197 0.332755  1.60964
0.882266 0.168832 0.334413  1.60301
0.881334 0.171761 0.332679  1.60104
0.881364 0.179446 0.328844  1.60112
0.865861 0.174744 0.323047   1.5703
0.864356 0.184358 0.321849   1.5679
0.873091 0.185822 0.328766  1.58613
 0.86785 0.182104 0.323707  1.57591
0.862875 0.193765 0.319217  1.56529
  0.8618 0.202934 0.315299  1.56336
0.871636 0.202507 0.319985  1.58324
0.865537 0.200356 0.317798  1.57205
0.880403 0.186922 0.323854   1.5978
0.881188 0.191813 0.317558  1.59838
0.866665 0.191351 0.321487   1.5741
0.872873 0.198565 0.322379   1.5854
0.873948 0.190499 0.327328  1.58812
0.871949 0.194572 0.325216  1.58425
0.924483 0.137315 0.290299  1.67018
0.887031 0.278526 0.235696  1.60902
0.927343 0.150418 0.294556   1.6749
 0.91341 0.227828  0.30739  1.65471
0.918939 0.135529 0.300185  1.66151
0.920943 0.224919 0.295067  1.66645
 0.93099 0.153645 0.283689  1.68028
0.927356 0.155473 0.279403  1.67242
0.926218 0.220449 0.283902  1.67415
0.924272  0.14595 0.253863  1.66566
0.919603 0.136802 0.225599  1.65847
0.917819 0.152808 0.235588   1.6588
0.917945 0.219488 0.301739  1.66037
0.920373 0.138847 0.216987  1.65956
0.932195 0.207149 0.271287  1.68181
0.929381 0.176077 0.235376  1.67682
 0.92223 0.148699 0.252766  1.66237
0.933756 0.193887  0.25906  1.68369
0.924208 0.174611 0.252628  1.66832
0.934008 0.211737 0.264888  1.68515
0.931593 0.199963 0.263729  1.68006
 0.762919  0.120998 -0.440575   1.39423
 0.764994  0.124442 -0.442884   1.40041
0.756864 0.124153 -0.44598  1.38503
 0.761168  0.117329 -0.440022   1.38955
 0.757054  0.119252 -0.442693   1.38265
 0.758082  0.114717 -0.438899    1.3817
 0.758733  0.117057 -0.440895    1.3848
 0.758548  0.122487 -0.443055   1.38662
 0.761533  0.120464 -0.441426   1.39169
 0.771438  0.144226 -0.455651   1.42235
 0.752897  0.126488 -0.449966   1.37941
 0.748099  0.130082 -0.451705   1.37102
 0.750684  0.124302 -0.447827   1.37305
0.748014 0.126462 -0.44871  1.36832
 0.748379  0.123084 -0.445581    1.3664
 0.748872  0.124686 -0.447475   1.36905
  0.74903  0.128431 -0.449754    1.3715
0.751304   0.1263 -0.44905  1.37549
 0.766813  0.155164 -0.460587   1.41667
 0.771183  0.131585 -0.445042   1.41514
 0.772682  0.136464 -0.443357   1.41825
 0.741173  0.138058 -0.453704   1.35924
 0.741851  0.136551 -0.453988   1.36056
 0.738843   0.13629 -0.451707   1.35264
  0.73679  0.135537 -0.449698   1.34672
 0.738005   0.13395 -0.449214   1.34867
0.738447 0.135338 -0.44993   1.3503
 0.740985  0.133337 -0.451451   1.35645
 0.739193  0.132351 -0.448863   1.35066
 0.740247  0.130681 -0.448462   1.35233
 0.740732  0.132123 -0.449323   1.35414
 0.739842  0.135952 -0.452233   1.35504
 0.739598  0.133711 -0.449591   1.35221
  0.74086  0.134493 -0.452351   1.35698
 0.739885   0.13474 -0.451365   1.35432
 0.737364  0.136897 -0.450392   1.34861
 0.738751   0.13734 -0.452667    1.3533
 0.737903  0.138678 -0.453304   1.35221
 0.737794   0.13769 -0.452379   1.35116
 0.739045  0.140955 -0.456434   1.35711
 0.738838  0.139671 -0.454944   1.35547
 0.740026  0.139121 -0.454111   1.35731
 0.775299  0.159653 -0.436695   1.42468
 0.737067  0.144756 -0.457389   1.35436
 0.734771  0.148775 -0.457273   1.35038
 0.735043  0.143957 -0.454222   1.34791
 0.733711  0.146004 -0.454177   1.34551
0.733244 0.143616 -0.45149  1.34201
 0.733731  0.144628 -0.453338    1.3447
 0.734447  0.147154 -0.455941   1.34851
0.736024 0.145529 -0.45575  1.35133
 0.783438  0.177568 -0.413366   1.43347
0.777903 0.162358 -0.41994  1.42271
   0.7781  0.168825 -0.417569   1.42294
 0.733191  0.152047 -0.457787   1.34813
 0.731809  0.156442 -0.456957   1.34571
 0.731086  0.151476 -0.454338   1.34133
  0.73019  0.153739 -0.453921   1.33967
 0.729281  0.151468 -0.451822   1.33557
0.729891 0.152278 -0.45333  1.33831
 0.730935  0.154647 -0.455895   1.34281
 0.732261  0.153034 -0.455896   1.34521
 0.792593  0.198262 -0.456839   1.47155
 0.794661  0.199779 -0.458775   1.47652
 0.792514  0.204909 -0.452743   1.47157
 0.793018   0.20643 -0.449796    1.4723
 0.787437  0.198077 -0.460979   1.46356
 0.790322  0.203076 -0.457634   1.46891
  0.72983  0.169785 -0.453626   1.34261
 0.730863  0.175257 -0.450889    1.3443
 0.727463  0.170025 -0.449464   1.33488
 0.727861  0.172826 -0.448102   1.33546
 0.725744  0.171155 -0.447446   1.32982
 0.726725  0.171276 -0.448182   1.33273
  0.72862  0.173095 -0.450576    1.3389
 0.729219  0.171436 -0.451055   1.34005
 0.770816   0.16082 -0.442478   1.41831
 0.729335  0.179181 -0.448638   1.34068
 0.730147  0.177352 -0.448966   1.34213
 0.727308  0.179958 -0.444592   1.33381
 0.724147  0.181137 -0.443087   1.32616
 0.724177  0.177988 -0.444362   1.32625
 0.725905  0.179862 -0.444036   1.33009
 0.727079  0.174063 -0.447212   1.33354
 0.724165  0.175012 -0.445486   1.32622
 0.724235  0.172112 -0.446605   1.32637
 0.725851  0.173871 -0.446396   1.33001
0.728182 0.178517 -0.44562  1.33595
0.725794  0.17689 -0.44523  1.32988
 0.727693  0.175398 -0.447093   1.33514
 0.726932  0.176901 -0.445731   1.33296
 0.736372   0.15098 -0.461158   1.35657
 0.739013  0.148083 -0.460827    1.3612
 0.724614  0.196083 -0.436592   1.32694
 0.724316  0.191963 -0.438531   1.32643
 0.728656  0.193917 -0.437648   1.33585
 0.726663  0.194318 -0.437771   1.33144
 0.724185  0.188168 -0.440188    1.3262
 0.724064  0.184418 -0.441792   1.32599
  0.72786  0.186466 -0.441395   1.33457
 0.726131  0.186629 -0.441236   1.33049
 0.731115  0.192301 -0.442002   1.34358
  0.73183  0.190039 -0.442421   1.34475
  0.72631  0.190427 -0.439548   1.33079
 0.728622  0.187995 -0.440833   1.33628
0.729591 0.191882 -0.43884  1.33803
 0.727917  0.190018 -0.439458   1.33437
 0.734636  0.170152 -0.460129   1.35668
 0.800508  0.229158 -0.423795    1.4814
 0.789418  0.229811 -0.417097   1.45565
 0.791927  0.234135 -0.415971   1.46128
 0.735987   0.18015 -0.455846    1.3593
 0.738533  0.201959 -0.442645   1.36234
 0.737266  0.197729 -0.443598   1.35914
 0.735507  0.209016 -0.432175   1.35132
0.736151 0.206191 -0.43277  1.35224
 0.732312  0.211563 -0.426971   1.34182
 0.727079  0.215005 -0.426249   1.33104
 0.726339  0.209998 -0.429172   1.32982
  0.72951  0.212626 -0.427846   1.33635
 0.730466  0.202203 -0.432701   1.33878
 0.725599  0.205094 -0.431851   1.32854
 0.725175  0.200439 -0.434338   1.32788
 0.727984  0.202947 -0.433232   1.33371
 0.733369  0.208835 -0.428539   1.34423
 0.72862 0.207832 -0.43065  1.33483
0.731628 0.203912 -0.43149  1.34104
  0.73097  0.206712 -0.429832   1.33933
 0.747599  0.207854 -0.439657   1.38099
 0.741435  0.230055 -0.417236   1.36121
 0.742376  0.226177 -0.418004   1.36248
 0.737273  0.233186 -0.411794   1.34966
 0.730337  0.237921 -0.411775   1.33631
0.729534 0.231704 -0.41576  1.33498
 0.733542  0.234935 -0.413709   1.34313
 0.735048  0.221734 -0.419783   1.34618
  0.72879  0.225884 -0.419426   1.33378
 0.727986  0.220275 -0.422979   1.33252
  0.73162  0.223132 -0.421248   1.33988
 0.738502  0.229666 -0.413803   1.35234
 0.732576  0.228947 -0.417586   1.34149
 0.736399  0.223686 -0.417812   1.34854
 0.735724   0.22722 -0.415992   1.34695
 0.820105  0.265928 -0.360786   1.50661
 0.775481  0.246816 -0.399149   1.42556
 0.848756   0.24851 -0.348937   1.55675
 0.802707  0.248175 -0.391636    1.4776
 0.892752  0.240322 -0.279303   1.62843
 0.807325   0.27529 -0.353013   1.48214
 0.804784  0.355281 -0.241859   1.46577
0.804543 0.344093 -0.24871  1.46272
 0.794895  0.369303 -0.227885   1.44538
 0.780709  0.386749 -0.218721    1.4208
 0.775554  0.376884 -0.240416   1.41158
 0.784732   0.38092 -0.230619   1.43033
 0.785912  0.350109 -0.267762   1.43031
 0.771266   0.36631 -0.261525   1.40447
 0.766872  0.355522 -0.280819    1.3971
 0.775616  0.359878 -0.271816   1.41457
 0.795923  0.360561 -0.239398   1.44727
 0.780639  0.370637 -0.252008   1.42346
 0.788107  0.350564 -0.258013   1.43195
 0.789555  0.360261 -0.249956   1.43658
 0.912585  0.229355 -0.240435   1.65934
 0.799642  0.419303 -0.107835    1.4538
  0.79255  0.413872 -0.137959   1.44062
 0.815322  0.400917 -0.125863   1.48099
0.803273 0.416134 -0.12526   1.4631
 0.788112  0.405822 -0.167143   1.43293
 0.78447 0.395952 -0.19291  1.42631
 0.807198  0.385477 -0.178114   1.46634
 0.794208  0.399682 -0.181386   1.44657
  0.82763  0.382534 -0.143329   1.50327
 0.827447  0.369181 -0.155016   1.49931
 0.799038  0.408961 -0.154755   1.45578
 0.808664  0.384508 -0.165951   1.46635
0.816278 0.392981 -0.14213   1.4823
 0.810065  0.395303 -0.155237   1.47222
 0.945584  0.196579 -0.159053   1.71011
 0.823349  0.412521 0.0182126   1.49381
  0.817349    0.41731 -0.0116007    1.48315
   0.838919    0.400172 -0.00462687     1.52152
    0.82743    0.414993 0.000211501     1.50432
  0.811958   0.419944 -0.0426786    1.47404
  0.806288    0.42011 -0.0743775    1.46442
 0.831142   0.40264 -0.063268   1.50861
  0.817019   0.419048 -0.0619501    1.48655
  0.853791   0.382208 -0.0225578     1.5473
  0.854552    0.37144 -0.0411858    1.54552
  0.822847   0.418335 -0.0306431    1.49684
  0.833237   0.396886 -0.0507751    1.50946
  0.839297   0.397464 -0.0223081    1.52166
  0.834421   0.404054 -0.0344786    1.51445
 0.966403  0.143095 -0.025082   1.73491
0.843884 0.375785 0.116088  1.52957
 0.839015  0.386072 0.0963946   1.52084
 0.853229  0.373781 0.0980257   1.54631
0.845392 0.382162 0.103781  1.53434
 0.834008  0.396293 0.0733892    1.5122
 0.828748  0.404206 0.0478424   1.50259
0.847339 0.388247 0.053844  1.53593
  0.83695  0.401138 0.0582618   1.52016
 0.863147  0.369484 0.0815033   1.56459
 0.862601  0.367018 0.0647758   1.56117
 0.84166 0.392368 0.082164   1.5284
 0.849051  0.382238 0.0634443   1.53748
 0.853427  0.376275 0.0850183   1.54653
 0.849809  0.383046 0.0764567   1.54075
0.962536 0.113681 0.102308  1.72601
0.962531 0.102942 0.139054  1.72833
0.871652 0.336961 0.152698  1.57936
0.871986 0.336654 0.139553  1.57796
0.862569 0.337877 0.165065  1.56242
0.853895 0.337343 0.177875  1.54669
0.852081 0.345762 0.164482  1.54323
0.856365 0.342726 0.169629  1.55272
0.859929 0.353691 0.134766  1.55775
 0.85014 0.354968 0.149854  1.53993
0.847509 0.364367 0.133997  1.53534
 0.85246 0.360714 0.139659  1.54593
0.863451 0.341159 0.155381  1.56389
0.854956 0.351564 0.155142   1.5504
0.860694 0.348186 0.140523  1.55787
0.860801 0.346742 0.150169  1.55942
0.929058 0.122285 0.266202  1.67695
0.889193 0.331781 0.130559  1.61341
0.873766 0.307789 0.204547  1.58332
 0.87415 0.308965 0.194366  1.58236
 0.86602 0.306734 0.213982  1.56919
0.858364 0.303601 0.223392  1.55508
0.857395 0.311621 0.213481  1.55313
0.860816 0.308922 0.217452  1.56089
0.865116 0.320983 0.191493  1.56713
0.856307 0.320201 0.202584  1.55111
0.855113  0.32817 0.190724  1.54866
0.858929 0.325342 0.195488   1.5573
0.866992 0.310418 0.206912  1.57088
0.860157 0.317309 0.206792  1.55978
0.865567  0.31674 0.196006  1.56726
0.865119 0.314958 0.202909  1.56762
0.929307 0.139604 0.277285  1.67774
0.932746 0.117356   0.2438  1.68177
0.913866 0.131258 0.305507  1.65378
0.889018  0.30389 0.191115  1.61197
0.875715 0.223651  0.30478  1.58983
0.876151 0.226697 0.298232  1.58935
0.868987 0.220055 0.309782  1.57788
0.861009 0.212245 0.310893  1.56206
0.860385  0.22052 0.305832  1.56075
0.863738 0.218136 0.308704  1.56866
0.868338 0.234728 0.297187  1.57612
0.860055 0.228695 0.300224  1.56003
0.859836 0.236362 0.294057  1.55938
0.862969 0.233995 0.297234  1.56684
0.870204 0.224675 0.306337  1.58036
0.863424 0.226287 0.303192  1.56799
0.868999 0.231448 0.300162  1.57719
 0.86807 0.228301 0.303694  1.57609
0.900044  0.11877 0.330488  1.63322
0.906466 0.123668 0.316197  1.64307
0.899958 0.127048 0.327622  1.63258
0.891674  0.11844 0.341501  1.61871
0.883076 0.124435 0.352238  1.60555
0.886223 0.129573 0.340994  1.60729
0.887353  0.12534 0.344036  1.61081
0.875049 0.131534 0.351214  1.59122
0.867478 0.136379   0.3372  1.57403
0.875359  0.14444 0.344874  1.59132
0.872951 0.138426 0.346379  1.58627
0.881509 0.149308 0.342717  1.60183
0.887635 0.143734 0.338162  1.61139
0.887369 0.146811 0.337554  1.61122
0.880769 0.132439 0.351385  1.60151
0.880183 0.144276  0.34609  1.59964
 0.88603 0.136892 0.339998  1.60775
0.881681 0.138234  0.34751  1.60231
0.913104 0.154447 0.315561  1.65395
0.893969 0.125071 0.337633  1.62279
0.891609    0.129 0.338029  1.61795
0.895189 0.133993 0.326477  1.62203
 0.88949 0.140295 0.335959  1.61396
0.910043 0.129512 0.312545  1.64725
0.796667  0.20874  -0.4467  1.47876
 0.798017  0.203144 -0.452545   1.48173
 0.804578  0.205793 -0.445046   1.49223
 0.799949  0.205819 -0.448684   1.48464
  0.79689  0.199711 -0.455904   1.47971
0.791975 0.192187 -0.44671  1.46482
 0.798961  0.190626 -0.442943   1.47685
0.799157 0.196536 -0.45501  1.48411
 0.814557  0.200789 -0.441914   1.50966
  0.80889   0.18902 -0.438329   1.49467
 0.828512  0.188392 -0.422195   1.52795
 0.819271  0.195111 -0.446857   1.52085
 0.799356  0.200867 -0.454468   1.48427
 0.806915   0.19559 -0.451856   1.49802
 0.807232  0.201888 -0.447586   1.49739
 0.803939  0.199053 -0.451264   1.49172
 0.739175  0.192161 -0.449273     1.365
 0.966934 0.0719728  0.128659   1.73631
 0.96545 0.113392 0.089551  1.73206
 0.969706 0.0916381 0.0793878   1.74028
 0.972487 0.0311379  0.105399   1.74695
 0.974237 0.0640064 0.0790788   1.75046
  0.974703 -0.0148354  0.0604105     1.7543
 0.973104 0.0398587 0.0757628   1.74709
0.971401  0.08439 0.091023  1.74504
 0.968473 0.0695262  0.118136    1.7386
0.929866 0.131806 0.256947  1.67748
 0.761417  0.156286 -0.459118   1.40573
 0.761021  0.155751 -0.459282   1.40491
 0.761867  0.156548 -0.459994   1.40701
 0.760792  0.155966 -0.459811    1.4047
  0.76073  0.156234 -0.460012    1.4047
0.760871 0.155808  -0.4596  1.40475
 0.76077 0.155785 -0.45965  1.40456
 0.762725  0.154771 -0.456545    1.4069
 0.763338  0.153655 -0.454279   1.40697
0.743749 0.139134 -0.45822  1.36753
 0.747402  0.136235 -0.457461   1.37412
 0.763377  0.159847 -0.458555    1.4099
 0.764716  0.154034 -0.455613   1.41031
 0.767662  0.154015 -0.462807   1.41919
 0.762546  0.153447 -0.456459    1.4063
  0.75908  0.128165 -0.448572   1.39169
  0.76383  0.127726 -0.447145   1.40083
 0.762346  0.154472 -0.458589   1.40698
  0.76302  0.151986 -0.454472   1.40615
  0.76946  0.150933 -0.462339   1.42202
 0.749375  0.136232 -0.457132   1.37795
 0.770553  0.147499 -0.456275   1.42101
   0.7609  0.157255 -0.459636   1.40507
0.760904 0.157451 -0.45987  1.40521
 0.761554  0.157533 -0.459376   1.40622
 0.760735  0.157348 -0.460109   1.40494
 0.764437  0.159909 -0.458917   1.41214
   0.7626  0.160199 -0.459161   1.40868
0.760587 0.156691 -0.46017  1.40455
 0.762268  0.154953 -0.458883   1.40699
 0.760613  0.156315 -0.460028   1.40448
 0.762067  0.156071 -0.460341   1.40741
 0.761745  0.156296 -0.460029   1.40673
0.766014 0.151528 -0.46681  1.41726
 0.761363  0.156061 -0.459127   1.40558
 0.760225  0.155961 -0.459299   1.40341
 0.761204  0.155914 -0.459034   1.40521
 0.760853  0.155621 -0.459292   1.40458
  0.76056  0.155923 -0.459575   1.40415
 0.760964  0.155777 -0.459394   1.40485
 0.761137  0.155967 -0.459139   1.40512
 0.760715  0.155607 -0.459362   1.40433
 0.775328   0.16074 -0.427666   1.42094
0.733323 0.158386 -0.46126  1.35202
0.735549 0.155487 -0.46108  1.35584
 0.74089 0.143262 -0.45989   1.3634
 0.743052  0.151469 -0.468885   1.37338
 0.762618   0.15285 -0.456121   1.40626
 0.735087  0.161482 -0.462257   1.35688
 0.766123  0.161373 -0.460349   1.41618
 0.760485  0.156646 -0.460018   1.40427
 0.764724   0.16156 -0.460713   1.41365
 0.760563  0.157115 -0.460272   1.40461
 0.760699  0.157438 -0.460318   1.40495
 0.758308  0.162601 -0.453495   1.39827
 0.762208  0.157707 -0.455866   1.40611
 0.761625  0.156952 -0.456185   1.40495
 0.760931  0.157211 -0.457072     1.404
 0.760397  0.156739 -0.459994    1.4041
 0.761722  0.157173 -0.457508    1.4057
 0.761044  0.157637 -0.460167   1.40561
 0.761378   0.15761 -0.460103   1.40623
 0.761669  0.158102 -0.456282    1.4053
0.761187 0.157614 -0.46009  1.40586
0.761115  0.15766 -0.45976  1.40554
 0.962667  0.149875 0.0919601   1.72907
0.963513 0.141376 0.104272  1.73092
 0.883133   0.35367 0.0640448   1.60193
0.902411 0.271521  0.21322  1.63352
0.963265 0.155029 0.079839  1.72991
 0.965801  0.152804 0.0277035   1.73385
 0.965346   0.14966 0.0033938    1.7322
   0.966555    0.146153 0.000848051     1.73511
  0.967468   0.147879 -0.0149786    1.73805
  0.963336   0.153171 -0.0580829    1.73056
 0.959525  0.170525 0.0431683   1.72008
 0.961606  0.169548 0.0360174   1.72508
  0.966313    0.13839 -0.0579422    1.73606
 0.852452  0.343791 -0.177466   1.55126
    0.96216    0.165469 -0.00756302     1.72614
0.961321 0.167795 0.013482   1.7239
 0.950182   0.15654 -0.152727   1.71203
 0.955695  0.170643 -0.133684   1.72484
 0.938877  0.182738 -0.193608    1.6985
 0.830098  0.321775 -0.261924   1.51737
  0.857934   0.360603 -0.0861212     1.5529
 0.850485  0.345404 -0.114219   1.53387
0.922833 0.200666 -0.23365   1.6745
 0.903973  0.217126 -0.271893    1.6458
 0.799413  0.300788 -0.326229   1.46566
 0.917477  0.253888 -0.183885    1.6628
 0.884109  0.233073 -0.302989   1.61476
 0.779604  0.275981 -0.370825   1.43362
 0.895807  0.269386 -0.228498   1.62861
 0.831477  0.243576 -0.378044   1.52945
 0.842302  0.247884 -0.365027   1.54886
  0.84506  0.277782 -0.320462   1.54862
 0.813224   0.23933 -0.401507   1.49935
0.822488  0.24503 -0.39195  1.51655
 0.804243  0.234393 -0.423436   1.49026
 0.800263   0.24247 -0.408622    1.4778
 0.809194   0.23671 -0.417881   1.49871
0.927658 0.130822 0.187079  1.67679
 0.919446 0.0292692 0.0989251   1.65914
 0.92521 0.119578 0.196218  1.66579
0.869248 0.127487 0.336912  1.57244
0.883682 0.194674 0.328947  1.60066
  0.871611 -0.0201343   0.266686    1.56122
0.880587 0.102718 0.334594  1.59459
0.931009 0.151324 0.273192  1.67764
0.881491 0.167876 0.345031  1.59708
0.931616 0.157762 0.287614  1.68073
0.931356 0.157444 0.291276  1.68116
0.930421 0.151126 0.286719  1.67969
0.886379 0.253889 0.268191  1.60847
0.932365 0.156306 0.286842  1.68171
0.929251 0.129416 0.259871  1.67605
0.925953 0.159809 0.301656    1.673
 0.946685 0.0449181  0.228175   1.70595
 0.941828 0.0522687  0.243388   1.69825
  0.93537 0.0755721  0.246382   1.68501
 0.945059 0.0758085  0.229606   1.70379
 0.942742 0.0670988  0.234814   1.69887
 0.93217 0.158053 0.289728   1.6822
0.931142 0.155048  0.28382  1.68039
0.931427 0.111482 0.247007  1.67855
0.906523 0.294977 0.137026  1.63723
 0.931902 0.0995557  0.257654   1.68155
0.930322 0.214573 0.275306  1.68002
0.928279 0.212256 0.278976   1.6758
0.919377 0.157204 0.229103   1.6614
 0.92407 0.216107 0.289486  1.66986
0.926873 0.162149 0.295254  1.67344
0.923531 0.160163 0.283904  1.66644
0.909479 0.218887 0.316419  1.64665
0.932111 0.147519 0.272892  1.67903
0.896997 0.205904 0.332086  1.62508
0.930722 0.130512 0.245682  1.67414
0.926021 0.102126 0.197547  1.66465
0.929324 0.134733 0.240939  1.67514
  0.92691 0.0998993  0.181683   1.67351
0.918405 0.153442 0.269289   1.6574
0.929121 0.095841 0.176084  1.67813
 0.910766 0.0410606  0.260373   1.63321
0.897382 0.162714 0.336531  1.62295
  0.906248 -0.0593081   0.153795    1.62915
0.929271 0.101019  0.14756  1.67594
0.909998 0.108328 0.304481  1.64139
0.890246 0.198873 0.311442  1.61526
0.889527 0.162599 0.328411  1.61426
0.888335 0.176479 0.320627  1.61151
0.887384 0.227035 0.293579  1.61055
0.919352 0.146922 0.307226  1.66349
0.932608 0.154985 0.286592  1.68206
0.894269 0.242525 0.260568  1.61768
 0.92581 0.161223 0.300286  1.67238
0.919053 0.215087 0.304893  1.66326
0.924584 0.212372  0.29247   1.6718
0.918949 0.162834 0.311972  1.66292
0.922029  0.14842 0.259343  1.66254
0.917566 0.141739 0.234953  1.65583
 0.91616 0.156021 0.246487  1.65606
0.916545 0.207574 0.311925  1.65815
0.918126 0.144229 0.227104  1.65649
0.928456 0.197168 0.272178  1.67491
0.926337 0.179197 0.247477  1.67194
0.920136  0.15111 0.258584  1.65946
0.930134 0.196423 0.268722  1.67794
0.923533 0.178967 0.257408  1.66705
 0.756478  0.131787 -0.452372   1.38899
 0.765975  0.152817 -0.463593    1.4159
 0.764257  0.152244 -0.457131   1.40974
0.767097 0.141245 -0.45879  1.41443
 0.744055  0.141724 -0.460001    1.3697
 0.767364  0.163493 -0.443411   1.41215
0.761786 0.153977 -0.45908  1.40598
 0.740858   0.14739 -0.461973   1.36535
 0.770481  0.165166 -0.430234   1.41294
 0.761571  0.163715 -0.449256    1.4031
 0.773748  0.188399 -0.452169   1.43114
 0.746639  0.144797 -0.466676   1.37831
0.731852 0.166854 -0.45981  1.35007
0.733406  0.16383 -0.45991  1.35261
  0.74543  0.187082 -0.458977   1.38008
 0.740918  0.169221 -0.468391   1.37236
 0.732125   0.17661 -0.456319   1.35085
 0.732999  0.173374 -0.456693   1.35208
 0.742204  0.177562 -0.465021    1.3748
 0.734013  0.188116 -0.450612   1.35417
 0.734252  0.184402 -0.451196   1.35407
 0.764052  0.224068 -0.421873   1.40693
 0.757232  0.196849 -0.458063   1.40462
  0.78899   0.20976 -0.448863   1.46522
0.779596 0.202563 -0.45792  1.44884
 0.781905  0.208518 -0.447103   1.44956
  0.74604  0.221819 -0.431369   1.37676
 0.745088  0.216225 -0.432234   1.37365
 0.758673  0.209114 -0.440388   1.40129
 0.754421  0.245364 -0.410354   1.38988
 0.753565  0.237052 -0.412807   1.38685
 0.766326  0.250662 -0.402778   1.41262
 0.765824   0.27176 -0.381399   1.40778
 0.763561  0.261657 -0.385458   1.40166
 0.790818  0.254745 -0.389568   1.45603
 0.782545  0.299306 -0.340769   1.43442
 0.777319  0.288268 -0.347476   1.42217
 0.806493  0.325532 -0.282741   1.47308
 0.797829  0.314581 -0.292875   1.45346
 0.871343  0.280603 -0.273757   1.59145
 0.860693  0.269055 -0.310559   1.57717
 0.834799  0.351789 -0.195361   1.51834
0.829095 0.335539  -0.2106  1.50303
 0.94767 0.211781 -0.10161  1.70849
 0.903386  0.296214 -0.141559   1.63526
  0.961545   0.161918 -0.0559662    1.72688
 0.928112  0.220422 -0.177901   1.67745
 0.875463  0.356251 0.0445903   1.58431
   0.874763    0.354107 -0.00285623     1.58286
0.880629 0.339864 0.118426  1.59512
 0.879633  0.339155 0.0891103   1.58995
0.957915 0.153083 0.125266  1.71964
0.953729  0.20546 0.062696   1.7121
0.960069 0.171148 0.065393  1.72245
 0.88496 0.307843 0.180266  1.60206
0.886342 0.309445 0.155791  1.60182
0.898616 0.280558 0.179827  1.62129
0.883755 0.283116 0.226366  1.60095
0.885312 0.288753 0.204719   1.6016
0.882558 0.259313 0.261558  1.59981
0.883578 0.264648 0.245686  1.59948
0.929985 0.144851 0.272089  1.67838
0.882984 0.233014 0.289311  1.60119
0.883455 0.238969 0.276606  1.60001
 0.88555  0.20357 0.310818  1.60612
0.884738 0.210798 0.300805  1.60267
0.895259 0.155537 0.327121  1.62563
0.929972 0.147555 0.271911  1.67806
 0.779406  0.234983 -0.413518   1.43798
 0.793501  0.215271 -0.440348   1.47128
 0.797289   0.21977 -0.434633   1.47735
 0.798776  0.224616 -0.429359    1.4793
  0.80084  0.227669 -0.425906   1.48262
 0.790662  0.225197 -0.425195   1.46114
 0.797649  0.222432 -0.430697   1.47703
 0.769458  0.215159 -0.433131   1.42125
 0.789299  0.196062 -0.454593   1.46332
 0.779875  0.190956 -0.447634   1.44222
  0.78995  0.197294 -0.461759   1.46858
 0.95619 0.060181 0.158421  1.71488
 0.953696 0.0454336  0.191955   1.71385
0.949738 0.029602   0.1949  1.70424
0.949128 0.064845 0.199789  1.70466
 0.950783 0.0607499  0.185293   1.70578
0.929283 0.150886 0.272399  1.67696
0.945085 0.100548 0.198926  1.69701
0.961525 0.129443 0.113721  1.72498
 0.761513  0.155967 -0.459333   1.40596
 0.761072   0.15565 -0.459149   1.40495
  0.76093  0.155558 -0.459264   1.40471
 0.761879   0.15614 -0.460375   1.40712
  0.76217   0.15576 -0.460479   1.40763
  0.76049  0.156251 -0.459779   1.40413
 0.764527  0.162936 -0.459178   1.41279
0.761327 0.155632 -0.45956  1.40563
0.751217 0.140133  -0.4638  1.38522
0.761608 0.155957 -0.46047  1.40658
 0.763165  0.151344 -0.454718   1.40652
 0.757259  0.137056 -0.460605   1.39536
 0.759827  0.156551 -0.458886   1.40255
 0.764491  0.151502 -0.459276   1.41111
 0.766734    0.1489 -0.464236     1.417
 0.759321  0.149696 -0.457697   1.39994
 0.761934  0.137797 -0.461771   1.40527
 0.772929  0.139565 -0.447657   1.42089
 0.765621   0.13833 -0.459294   1.41168
 0.761933  0.150571 -0.455252   1.40411
 0.760958  0.157569 -0.460241   1.40547
 0.760823  0.157543 -0.460231   1.40518
 0.760958  0.157421 -0.458847   1.40482
 0.760567  0.157234 -0.460193    1.4046
0.763615 0.162121 -0.46124  1.41176
 0.760089  0.156455 -0.459191   1.40313
 0.760378  0.156338 -0.459768   1.40391
 0.761798  0.155481 -0.460771   1.40697
 0.762688  0.161889 -0.461433   1.41004
 0.760417  0.155992 -0.459591   1.40388
0.761228  0.15502 -0.46137  1.40604
 0.760535  0.155739 -0.459462   1.40403
 0.760656  0.155572 -0.459436   1.40427
 0.760689  0.155706 -0.459416   1.40432
 0.761186  0.155732 -0.459131   1.40519
 0.760193  0.155865 -0.459403   1.40338
 0.761293  0.155736 -0.459379   1.40548
 0.760912  0.155514 -0.459404   1.40473
 0.766002  0.163604 -0.436177   1.40628
 0.741566   0.16171 -0.469887   1.37298
  0.74931  0.153721 -0.477571   1.38996
 0.764869  0.163237 -0.448245   1.40931
 0.763979  0.163097 -0.456282   1.41073
 0.761832  0.152214 -0.456698   1.40481
 0.763331  0.162809 -0.460742   1.41114
 0.760207  0.156643 -0.459343   1.40343
 0.760441  0.157156 -0.459605   1.40408
 0.761735  0.163463 -0.456955   1.40654
 0.761879  0.159888 -0.458896   1.40712
0.761182 0.157876  -0.4566  1.40444
 0.760616  0.157358 -0.459419   1.40438
0.761787 0.162984  -0.4613   1.4083
 0.761207  0.157296 -0.456333   1.40423
0.761114 0.157446 -0.45824  1.40486
 0.761007  0.157664 -0.459972   1.40544
 0.760385  0.157685 -0.457323   1.40315
 0.760804  0.157585 -0.460022   1.40503
 0.760635  0.157443 -0.458896   1.40419
 0.959374  0.167456 0.0939839   1.72209
 0.902445  0.313123 0.0890785   1.62991
0.900638 0.321311 0.031282  1.62538
0.897496 0.298569 0.119753  1.61594
  0.963379   0.167462 0.00499769    1.72937
 0.893994  0.313508 0.0554558    1.6084
 0.963228  0.170887 -0.025757   1.73061
 0.958868  0.195343 -0.010514    1.7231
   0.95815   0.197802 -0.0520245    1.72547
 0.955168  0.204095 0.0222563   1.71476
  0.954719   0.185942 -0.0981157    1.71999
 0.943407  0.198606 -0.136293   1.70074
 0.885203  0.333636 -0.139991   1.61104
  0.935824   0.250778 -0.0911724    1.68822
 0.871649  0.315448 -0.208425   1.58663
  0.947242   0.226822 -0.0520515    1.70492
 0.909052  0.239433 -0.221128    1.6485
 0.886194  0.255544 -0.265372   1.61376
0.837936 0.308316 -0.26536  1.52594
 0.891387  0.278862 -0.205321   1.61547
 0.80809 0.289089 -0.32324  1.47539
 0.856348  0.299754 -0.254792   1.56071
 0.826723  0.247192 -0.380454   1.52127
 0.806424  0.243337 -0.401392   1.48761
 0.830406  0.292965 -0.307901    1.5203
 0.83798  0.26658 -0.34937  1.54157
 0.926307 0.0983954  0.190327   1.66585
 0.924036 0.0428011  0.190005   1.65983
 0.922163 0.0730806  0.225117   1.65543
0.930811 0.125507 0.243688  1.67425
0.932357 0.144627 0.271981  1.67934
0.904334 0.199831  0.33186  1.63833
0.921923 0.163781 0.307397  1.66712
0.930775 0.112641 0.251348  1.67411
0.904148 0.183821 0.340226  1.63794
0.931948 0.157948 0.289605  1.68187
0.900041 0.234228 0.277044  1.63295
0.932245 0.154132 0.288473  1.68128
0.929354 0.136113 0.255251  1.67595
0.918986 0.190253 0.310152  1.66195
0.899954 0.254536 0.247785  1.63082
0.931769 0.157981 0.290154  1.68138
0.931228 0.123822 0.240446  1.67797
0.936286 0.109022   0.2246  1.68443
0.939154  0.10469 0.220824  1.68981
0.929528 0.149509 0.270462  1.67739
0.928127 0.209501 0.281521  1.67668
0.926307 0.204964 0.287861  1.67335
0.922259 0.175006 0.260684  1.66495
0.922307 0.207051 0.297994  1.66709
0.924257 0.165376 0.300674  1.66976
0.917214  0.19466 0.317232  1.65943
0.910193 0.201825 0.327384  1.64817
0.932043  0.14252 0.275549  1.67847
 0.93091 0.121284 0.249579  1.67377
0.930604 0.156168 0.284972  1.67946
0.930696 0.151822 0.293217  1.67843
0.903567 0.149674 0.336468  1.63512
0.932067 0.151687 0.290404  1.68111
0.900083 0.109255 0.318886  1.62301
 0.928382 0.0734303  0.176295   1.67079
0.914383  0.17004 0.332847  1.65512
 0.925739 0.0788109  0.194665   1.66167
 0.924412 0.0945018  0.271483   1.66268
 0.90061 0.154175 0.314826  1.63003
 0.89192 0.181641 0.318668  1.61772
0.907779 0.146404 0.315234   1.6455
0.902181  0.16852 0.316977  1.63466
 0.91639 0.155344 0.308734  1.65839
0.930706 0.155745  0.28315  1.67959
 0.92276 0.165185 0.305201  1.66784
0.918534 0.202939 0.311396  1.66219
0.923026 0.160272 0.289402  1.66621
0.922997 0.202807 0.298946  1.66927
0.920032 0.150811 0.264864  1.65975
0.916016 0.145096 0.243218  1.65381
 0.92515 0.196131 0.284348  1.67061
0.921417 0.170805 0.305069  1.66582
0.916291 0.147412 0.236779  1.65398
0.917551 0.160752 0.240159  1.65821
0.926804 0.193043 0.276445  1.67221
   0.916 0.159842 0.255966  1.65578
0.926046 0.199033 0.280871  1.67174
0.924061 0.191121 0.288515  1.66813
 0.755413  0.139958 -0.462634   1.39316
 0.762238   0.15035 -0.462765   1.40797
 0.762373  0.146172 -0.467871   1.40964
0.750528 0.144067  -0.4661  1.38578
 0.761058   0.16294 -0.459244   1.40618
 0.747018  0.149972 -0.469372   1.38143
 0.761554  0.151662 -0.456582   1.40418
  0.74373  0.155201 -0.470047   1.37615
 0.739867  0.157252 -0.468983   1.36815
0.762745 0.188468 -0.46989  1.41827
 0.737931  0.164438 -0.468085   1.36516
 0.750448  0.188663 -0.467134   1.39361
 0.747654  0.162932 -0.479567   1.38943
 0.737776  0.172681 -0.465577   1.36512
 0.748675  0.176632 -0.476835   1.39264
 0.739459  0.182015 -0.460545    1.3677
  0.75196   0.18427 -0.472487    1.3984
 0.743037   0.19285 -0.452681   1.37301
0.750769 0.198725 -0.45028  1.38883
 0.751339  0.205921 -0.441635   1.38683
 0.788383  0.267628 -0.365906    1.4442
 0.817667  0.258009 -0.379196   1.50726
 0.867689  0.319039 -0.170926   1.57103
 0.915567  0.260599 -0.164189   1.65627
  0.888422   0.331563 -0.0878849    1.60874
 0.931354   0.24088 -0.125035   1.67981
  0.902749   0.314905 -0.0821121    1.63402
  0.894469   0.321405 -0.0151852    1.61245
 0.918483   0.29703 0.0591562   1.65714
 0.956007  0.204102 0.0532599   1.71727
0.947222 0.128002 0.185932  1.69963
0.931875 0.273568 0.055239  1.67999
0.942888 0.177426 0.199764  1.69592
 0.90673 0.280144 0.169199  1.63709
0.916323 0.248601  0.22372  1.65709
0.916824 0.254741 0.194261  1.65383
0.926313 0.269118 0.127195  1.67003
0.895444 0.262113 0.226378  1.61771
0.928989 0.139991 0.253541  1.67566
0.949036 0.190343 0.165635  1.70731
0.898962 0.178219 0.312693  1.62762
0.910567 0.198776 0.303839  1.64967
0.895492 0.219681 0.288048  1.62191
0.897785 0.198178  0.30601  1.62763
 0.790418  0.214728 -0.441234   1.46559
0.777889 0.211752  -0.4365  1.43669
 0.782187  0.220586 -0.433506   1.44654
 0.766705  0.199413 -0.453806   1.42232
 0.770238  0.196678 -0.464499   1.43201
 0.772483  0.182313 -0.452743   1.42891
 0.953621 0.0936258  0.163712   1.71106
 0.948887 0.0900266  0.197852   1.70503
 0.93096 0.132454  0.23904  1.67829
0.956894  0.10004 0.153168  1.71613
0.928391 0.142117 0.240564   1.6741
0.956773 0.158301 0.111397  1.71564
0.933781 0.254587  0.12033  1.68206
 0.761634  0.155767 -0.460979   1.40683
 0.760428  0.155658 -0.459526   1.40386
 0.761741  0.155136 -0.460998   1.40691
 0.760161  0.156296 -0.459275    1.4033
 0.761633   0.15347 -0.458812   1.40553
 0.756444  0.153725 -0.476373   1.40302
 0.756523  0.148193 -0.473873   1.40159
 0.761114  0.159864 -0.459511   1.40586
 0.760458  0.152768 -0.459009   1.40321
 0.76158 0.150041 -0.45602  1.40374
 0.762726  0.150947 -0.459729    1.4076
 0.763587  0.151178 -0.467873   1.41277
 0.762506  0.150101 -0.471677   1.41223
 0.766153  0.146806 -0.465579   1.41632
 0.761586  0.144141 -0.469514   1.40899
 0.760577  0.151427 -0.457192   1.40244
 0.760163  0.156737 -0.459263   1.40332
 0.760708  0.159441 -0.459237   1.40491
 0.761604   0.16187 -0.462045   1.40813
0.759989 0.162236 -0.46284  1.40532
0.760065 0.156133 -0.45927   1.4031
 0.761242    0.1557 -0.461126   1.40609
 0.761009  0.155426 -0.460104    1.4052
 0.761223  0.162557 -0.462334   1.40765
0.758271 0.160859 -0.46292  1.40191
 0.760396  0.155716 -0.459377   1.40376
 0.760724  0.155535 -0.459516   1.40441
 0.759763  0.156276 -0.459824   1.40279
 0.747044  0.169245 -0.478999    1.3891
 0.761713  0.164679 -0.439033   1.39901
 0.744726  0.165139 -0.478693   1.38345
 0.760696  0.162934 -0.452851   1.40292
 0.760909  0.153178 -0.459375   1.40428
 0.753948  0.154352 -0.478066   1.39899
 0.759906  0.156721 -0.458527   1.40251
  0.75685  0.161022 -0.447648   1.39257
 0.759068   0.15246 -0.459062    1.4005
 0.761101   0.16142 -0.461996   1.40712
0.760138 0.156878 -0.45843  1.40296
 0.759612  0.157082 -0.458834   1.40222
0.760643 0.157987   -0.457  1.40356
 0.760403  0.157256 -0.459446   1.40394
0.759916 0.158744 -0.45935  1.40328
 0.760516  0.157323 -0.457225   1.40325
0.952533 0.200966 0.126572  1.71284
 0.954638  0.204454 0.0867107   1.71536
   0.950591    0.234471 -0.00572498     1.71208
  0.91513  0.290147 0.0779691   1.64852
    0.95669    0.213354 -0.00620023     1.72197
   0.94357   0.234089 -0.0468805    1.69742
  0.954381   0.209407 -0.0481052    1.71807
  0.944602   0.216679 -0.0894952    1.70014
  0.934565   0.253041 -0.0755702    1.68422
  0.945206   0.239078 -0.0140487    1.70069
  0.91609  0.294534 -0.125401   1.66203
  0.933667   0.275739 -0.0440406      1.686
 0.923365  0.273273 -0.128587   1.67171
  0.90067   0.29459 -0.169811   1.63367
  0.9317 0.138064 0.277508  1.67799
0.917464 0.147089 0.321882  1.65801
0.914433 0.196558 0.323318  1.65546
   0.917 0.118921 0.305234  1.65224
0.931675 0.157163 0.292042  1.68134
0.919522 0.172146 0.307763   1.6629
0.928348  0.15319 0.271551  1.67539
0.918412  0.15328 0.264192  1.65714
0.928231 0.142094 0.254948  1.67415
0.929252 0.157162 0.288158  1.67723
0.913834 0.234895 0.256675  1.65458
 0.93067 0.157924 0.293106  1.67944
0.933006 0.129024 0.227391  1.67963
0.908305  0.19066 0.307288  1.64394
0.910831 0.239936 0.238201  1.64526
0.926503 0.146703 0.257027  1.67147
0.920794 0.197008 0.304418  1.66468
0.914576 0.148256 0.251071  1.65185
0.921583  0.16347   0.2886  1.66378
0.919101 0.182652 0.314118  1.66211
0.914499 0.186239 0.328667  1.65552
0.929041 0.136769 0.283056   1.6725
0.911601 0.179595 0.331203  1.64978
0.912021 0.151165 0.326812  1.64766
0.927537 0.129401 0.292076  1.67096
0.917272 0.155156 0.268347  1.65552
0.922498 0.123878 0.293523  1.66227
0.929887 0.156537 0.296949  1.67829
0.909694 0.168182 0.313972  1.64784
0.912044 0.184422 0.313226  1.65291
0.917033 0.172115 0.312158  1.66017
0.929689 0.157426 0.284864   1.6778
0.925246 0.150058 0.256495  1.66945
0.921016 0.164587 0.292588  1.66318
0.920616 0.192563 0.296989    1.664
0.916898 0.181992 0.305717   1.6586
0.920077 0.181166 0.284694  1.66134
0.924515 0.147806 0.248977  1.66811
0.915112 0.150693 0.244915  1.65261
0.921452 0.186045 0.281107  1.66438
0.915009 0.159837 0.258802  1.65388
0.916481 0.163457 0.251874  1.65609
 0.757226  0.144553 -0.470663   1.40074
 0.759087  0.150503 -0.466339   1.40332
 0.752674  0.148463 -0.475022   1.39446
 0.752514   0.15272 -0.477248   1.39607
 0.760176  0.149903 -0.456511   1.40108
 0.749716  0.157423 -0.478974   1.39221
 0.746446  0.159046 -0.478734   1.38578
 0.757949  0.174551 -0.460672    1.4023
  0.74458  0.172128 -0.477307   1.38372
 0.759087  0.151362 -0.457761   1.39977
 0.746678  0.180308 -0.473939   1.38765
 0.757407   0.16275 -0.445008   1.39275
 0.764612   0.18036 -0.458508   1.41518
 0.757906  0.170706 -0.459246   1.40122
 0.762656  0.192821 -0.468634   1.41781
 0.756131  0.171574 -0.463471   1.39982
  0.916975   0.298041 -0.0891035     1.6596
  0.906099    0.31532 -0.0320918    1.63661
  0.923478   0.292905 -0.0814583    1.67169
 0.914354  0.296081 0.0250755   1.64644
 0.933316  0.271286 0.0914688   1.68449
 0.936726  0.277085 0.0409344   1.69158
 0.922093  0.288468 0.0986695   1.66572
0.920438 0.279146 0.124742  1.66125
0.943674  0.12715 0.202518  1.69663
0.916823 0.264483 0.162518  1.65148
0.911538 0.255869 0.202093  1.64375
0.939433 0.126609 0.213297  1.68869
0.908912 0.224451 0.267425   1.6434
0.931677  0.25193 0.154935  1.67996
0.899727 0.211914  0.30085  1.63322
0.902307 0.191922 0.310078  1.63687
0.927299  0.14588 0.253986  1.67279
0.934355 0.145238 0.224714  1.68123
  0.76269  0.176601 -0.456539    1.4103
  0.75638   0.18402 -0.473625   1.40634
 0.771645  0.200702 -0.461276   1.43374
 0.757141  0.192619 -0.464762   1.40681
0.935805 0.126845 0.223641  1.68494
0.952404 0.136067 0.162432  1.70964
 0.95297 0.141718 0.148996  1.70857
0.926192  0.14883  0.24105  1.66983
 0.950681  0.202843 0.0994281   1.70626
0.940465 0.243863 0.124036  1.69401
 0.92537 0.241812 0.191625  1.66827
0.933375 0.168464 0.229056  1.67945
 0.761081  0.155523 -0.459631   1.40514
  0.76082  0.155488 -0.460108   1.40482
  0.76113  0.155532 -0.461689    1.4061
 0.760056  0.155974 -0.460229   1.40348
 0.760344  0.155732 -0.460136   1.40398
 0.760988  0.154682 -0.461629   1.40564
  0.75933  0.162652 -0.459765   1.40286
0.760032 0.155971 -0.45982  1.40329
 0.760465  0.154775 -0.462032    1.4048
 0.759948  0.151047 -0.457294   1.40123
 0.760069  0.150762 -0.472418   1.40777
0.749752 0.163396 -0.47936  1.39287
 0.753564  0.157147 -0.478377   1.39891
 0.760312  0.150731 -0.463086   1.40426
 0.759846  0.156838 -0.458701   1.40254
 0.760009  0.160486 -0.462327   1.40499
0.759703 0.156603 -0.45924  1.40247
 0.760224  0.161064 -0.462569   1.40554
 0.759819  0.156255 -0.459357   1.40272
 0.760758  0.155687 -0.461897   1.40548
 0.760423  0.155533 -0.460357   1.40415
 0.759458  0.156921 -0.459905   1.40236
 0.760415  0.155543 -0.461302   1.40454
 0.759952  0.154584 -0.462043   1.40377
 0.751907  0.161235 -0.479095   1.39671
 0.750998  0.166343 -0.478632   1.39558
 0.749449  0.168918 -0.478432   1.39276
 0.758245  0.161795 -0.456247   1.39932
 0.759241   0.16205 -0.461423   1.40338
 0.753421  0.158533 -0.452667   1.38757
0.753495 0.156819 -0.46788  1.39416
 0.759843   0.16171 -0.463407   1.40527
0.759676 0.157508 -0.45863  1.40231
 0.758304  0.152656 -0.459539   1.39921
 0.760059  0.159124 -0.459786   1.40379
 0.759831  0.157174 -0.457989   1.40227
0.760051 0.157021 -0.45799  1.40261
 0.760401   0.15717 -0.457867   1.40329
0.759528 0.158208 -0.45994   1.4027
 0.759936  0.157615 -0.457668    1.4024
 0.944498  0.244336 0.0907626   1.70129
 0.947587  0.248322 0.0770635   1.70884
 0.944917  0.246107 0.0345572   1.70069
 0.950605  0.233235 0.0294127   1.71113
 0.917248  0.295877 -0.031484    1.6545
  0.932512    0.27328 0.00744668    1.68046
 0.92786  0.10403 0.258579  1.66728
0.924378   0.1329 0.296767  1.66515
0.928862  0.14876 0.298594  1.67531
0.921441 0.164172 0.321244  1.66621
0.919405   0.1754 0.321488  1.66319
0.921085 0.150603 0.315411  1.66292
0.919544 0.170271 0.292305  1.66077
 0.92487 0.150279 0.310584  1.67017
0.928692 0.159792 0.298236  1.67644
0.927949 0.153649 0.274986   1.6749
0.926949 0.142468 0.244446  1.67168
0.917294 0.158843 0.267937  1.65526
0.929457 0.141315 0.233821  1.67448
 0.92806 0.159453 0.288356   1.6752
0.923338 0.153426 0.247031  1.66556
0.926705 0.156264 0.274501  1.67279
0.920133 0.174733 0.271426  1.66172
0.922293 0.181261 0.265315  1.66585
0.920105 0.185109 0.301841  1.66292
0.914243 0.148833 0.255419   1.6512
0.917462 0.156431 0.270981  1.65585
0.923075 0.153113 0.259938  1.66603
0.917947 0.182488 0.319433  1.66037
0.927618 0.154447 0.301219  1.67381
0.920323 0.179026 0.305023  1.66378
0.918607 0.168924 0.322486  1.66083
0.925873  0.15278 0.306525  1.67111
0.920934 0.173667 0.307023   1.6649
0.916537 0.204592  0.28453  1.65643
0.908077 0.207197 0.292911  1.64292
 0.91564  0.19375 0.296844  1.65561
0.918884 0.178567  0.30659  1.66239
0.920066 0.167652 0.291177  1.66175
0.920423 0.180565 0.294482  1.66383
 0.91979 0.171959  0.28468  1.66207
0.919219 0.176512  0.28747  1.65995
0.913677 0.149815 0.252689  1.65001
0.916672 0.165851 0.269713  1.65702
0.914048  0.15571 0.261897  1.65211
0.919608 0.177636 0.280208  1.66146
  0.75764  0.150545 -0.475446   1.40439
 0.757278  0.150615 -0.459201   1.39672
 0.759661  0.152795 -0.459569   1.40187
 0.758362   0.15123 -0.457815   1.39836
 0.75136 0.158457 -0.47936  1.39521
 0.754924  0.159693 -0.451514   1.39029
 0.755348  0.168738 -0.463235   1.39783
 0.757378  0.152599 -0.458461   1.39696
 0.753266  0.167135 -0.465891   1.39455
 0.753163  0.160002 -0.466902   1.39371
 0.751955  0.171919 -0.477084    1.3977
  0.75127  0.175253 -0.475874   1.39617
  0.920431   0.297484 0.00819411    1.66069
  0.938259    0.27716 -0.0158189    1.69594
0.925552  0.26009 0.153322  1.66882
0.942845  0.23221 0.153326  1.69913
0.924021 0.234749 0.216336  1.66802
0.940146  0.15265  0.21247  1.69022
0.919396 0.172446 0.289911  1.66085
 0.91173 0.220691 0.280111  1.65051
0.922042 0.216257 0.265978  1.66767
0.911371 0.209667 0.288947  1.64958
0.928327 0.228862 0.219437  1.67517
0.921528 0.222619 0.246944  1.66382
0.931775 0.141828 0.227782  1.67838
0.939111 0.220123 0.199563  1.69462
0.929694  0.15666 0.237924  1.67471
  0.9378  0.14678 0.214827  1.68731
0.946196 0.244228 0.114812  1.70697
 0.936514  0.264309 0.0943227   1.68902
0.947848 0.194509 0.143426  1.70215
0.940036 0.238545 0.148718  1.69453
 0.760544  0.155608 -0.462865   1.40546
 0.759522  0.156492 -0.461619   1.40307
 0.759346  0.157136 -0.460787   1.40252
0.760006 0.156166 -0.46151  1.40395
  0.75539  0.154073 -0.467612   1.39724
 0.759948  0.155744 -0.461563   1.40375
 0.758334  0.150415 -0.457858   1.39814
 0.759191  0.157543 -0.462386   1.40295
 0.756208  0.152566 -0.468233   1.39884
0.758796  0.15475 -0.46247  1.40175
 0.759458  0.157454 -0.459694   1.40234
0.759101  0.16071 -0.46397  1.40389
 0.759594  0.155959 -0.463305    1.4038
 0.759367  0.160137 -0.462792   1.40384
 0.753918  0.154676 -0.459634   1.39098
 0.759543  0.156571 -0.460891   1.40288
 0.76005 0.155932 -0.46299  1.40457
 0.759339  0.156702 -0.463047   1.40334
 0.754031  0.177887 -0.474691   1.40163
 0.756869  0.181202 -0.470818    1.4058
 0.751816   0.16272 -0.467001   1.39147
 0.755358  0.161307 -0.449137   1.39032
 0.756578  0.161145 -0.456629   1.39597
0.756903 0.160413 -0.45886  1.39755
 0.757998  0.161422 -0.461796   1.40091
  0.75807  0.159377 -0.463954    1.4017
 0.758942  0.161136 -0.463824   1.40353
0.759396 0.158724 -0.46095  1.40294
 0.757469  0.159957 -0.463163   1.40021
 0.759418  0.159311 -0.463054   1.40395
  0.925509   0.291401 -0.0450405    1.67257
  0.938102   0.262208 -0.0492172     1.6927
0.927657 0.158659 0.302576  1.67492
0.922834 0.168891 0.311619  1.66837
0.923285 0.164587 0.312251  1.66826
0.927399  0.15898 0.292401  1.67433
0.921188 0.173123 0.311293  1.66513
0.926207 0.156243 0.278803  1.67226
0.916775 0.156901 0.268933  1.65732
0.924469 0.150202  0.26031  1.66832
0.919176 0.213069 0.271441  1.66172
0.924253 0.158907 0.283099  1.66935
0.925767 0.148275 0.244617  1.67004
0.924699 0.194517  0.26266   1.6688
0.919997  0.17511  0.29775  1.66287
0.913867 0.149496 0.255644   1.6505
 0.92492 0.161957 0.296872  1.67026
0.916259 0.159247 0.267264  1.65606
0.925145 0.162173 0.310438  1.67163
0.915753 0.152968  0.25916  1.65436
 0.92608 0.163875 0.304153  1.67261
0.922795 0.166538 0.299754  1.66684
0.917389 0.188093 0.303104  1.66023
 0.92216 0.151541 0.253867  1.66465
0.922296 0.153066 0.263919  1.66493
0.920025 0.186063 0.279228  1.66095
0.916665 0.155762 0.269215  1.65456
0.919272 0.165847 0.286146  1.66137
0.913848 0.149592 0.256071  1.65015
 0.91866  0.17129 0.283725  1.66014
 0.756892  0.151651 -0.458781   1.39599
 0.757785  0.152011 -0.466252   1.40093
0.753699  0.15527 -0.46897  1.39472
0.754058  0.15721 -0.45464   1.3895
 0.755201  0.153533 -0.459036   1.39311
 0.752226  0.158465 -0.468759   1.39231
  0.75327  0.164473 -0.464959   1.39383
 0.753535  0.157775 -0.458292   1.39013
0.930945 0.242777 0.184033  1.68021
0.937735 0.222017 0.175295  1.68778
0.926153 0.217746 0.241754  1.67227
0.936287 0.173483 0.215401  1.68429
0.917793 0.198527 0.292776  1.66045
0.925628 0.180203 0.250506  1.66788
0.927859 0.165687 0.240333  1.67199
0.919744 0.208242 0.279297  1.66322
0.928021  0.15052 0.234935  1.67258
0.928854 0.197923 0.247065   1.6754
0.932043 0.160346  0.22689  1.67803
0.929547 0.203022 0.231961  1.67452
0.944094 0.159488 0.188123  1.69594
0.935507 0.214096 0.210855  1.68687
0.935661 0.180806 0.216741  1.68271
0.944638 0.180988 0.182875  1.69765
 0.759362  0.154957 -0.462453   1.40285
 0.756501  0.158719 -0.460792   1.39727
 0.755503  0.152569 -0.459591   1.39372
0.758842 0.156471 -0.46417   1.4028
 0.758416  0.155213 -0.462794   1.40123
 0.757333   0.15198 -0.458212    1.3966
0.759299 0.158022 -0.46122  1.40276
 0.759082  0.158236 -0.462256   1.40278
 0.759009  0.157389 -0.463032   1.40278
 0.759006  0.159304 -0.463866   1.40346
 0.759244  0.156463 -0.463511    1.4033
 0.758268  0.158115 -0.464255   1.40203
 0.755673  0.159358 -0.459139   1.39497
  0.75572  0.153395 -0.457966    1.3936
 0.758681  0.159762 -0.464387   1.40307
 0.753353  0.156219 -0.455288   1.38823
 0.758936  0.158731 -0.464097   1.40334
 0.756677  0.156355 -0.461602    1.3975
0.926075 0.161962 0.292593  1.67211
0.920387 0.155831 0.266799  1.66202
0.922283 0.162376 0.285282  1.66624
0.924786 0.159099 0.278453  1.66984
0.923193 0.152469  0.24946   1.6661
0.916859 0.153097 0.258425  1.65556
0.920629 0.181294 0.283618  1.66317
0.920206 0.154213 0.258322  1.66192
0.915353 0.154088 0.258643  1.65345
0.916158 0.161556 0.272231  1.65586
0.920684 0.170777 0.294417  1.66365
0.921516 0.165127 0.285086  1.66535
0.921611 0.166698 0.295301   1.6654
0.924088 0.166404 0.296599   1.6692
0.919978  0.15907 0.254624  1.66045
0.921817 0.194351 0.267175  1.66311
0.919775 0.166698 0.267074  1.65923
0.917836 0.159511  0.26579  1.65626
 0.755261  0.154988 -0.457127   1.39265
0.757528 0.155285 -0.46216  1.39923
0.926195 0.162061  0.24882  1.67008
 0.93904 0.184127 0.202577  1.68815
0.930267 0.180938 0.232756  1.67463
0.925526 0.199644  0.25203  1.66895
0.920885 0.156125 0.252986  1.66181
0.924937 0.155019 0.242362  1.66804
0.928298 0.175073 0.247149  1.67271
0.921073 0.170154 0.259643  1.66159
0.935274 0.209435 0.215582  1.68587
0.933036 0.202349 0.225524  1.68116
  0.75684  0.157225 -0.461804    1.3981
 0.758867  0.157518 -0.464175     1.403
 0.758541  0.158129 -0.464177   1.40245
 0.756821  0.153044 -0.458758   1.39605
 0.755771  0.154588 -0.458083     1.394
 0.755898   0.15767 -0.460816   1.39584
 0.757632   0.15854 -0.464013   1.40066
 0.757494  0.156099 -0.462384   1.39943
 0.92295 0.161925 0.282515  1.66721
0.920874 0.155181 0.254449  1.66261
0.918261 0.158354 0.265602  1.65869
0.921096 0.155759 0.263281   1.6631
0.922238 0.174925 0.262973  1.66278
0.919396 0.156658 0.258384  1.66057
0.918275 0.163384 0.263352  1.65722
0.919023 0.156687 0.258008  1.65883
0.921967 0.189218  0.27459  1.66489
0.925081 0.167107 0.250974  1.66843
0.918844 0.162977 0.276234  1.66072
0.919381 0.159875 0.277259  1.66175
0.919459 0.157086 0.265344  1.66123
0.917789 0.154867 0.256553  1.65761
 0.754888  0.155363 -0.457162   1.39197
 0.754399  0.156166 -0.458666   1.39187
0.922027 0.158238 0.248653  1.66353
0.920724 0.165484 0.264449   1.6613
0.923335 0.164707 0.255666  1.66576
0.924753 0.175538 0.259461  1.66804
0.758651 0.157098 -0.46425  1.40257
 0.758047   0.15729 -0.464288   1.40143
