0.877886 0.331876 0.152387  1.59265
0.882508 0.316067  0.17409  1.60142
0.869893 0.332791   0.1661   1.5783
0.873415  0.32283 0.176736  1.58488
0.865069 0.333123 0.180098  1.57176
0.869033 0.325387  0.17323  1.57506
0.876988 0.319794  0.17239   1.5898
0.876277 0.322965 0.161309  1.58733
 0.759208  0.155119 -0.453997    1.4016
  0.75932  0.155028 -0.454001   1.40182
 0.792026  0.131578 -0.400772   1.43968
   0.7864  0.132313 -0.407727   1.43108
  0.78953  0.135148 -0.407129   1.43813
 0.787387  0.118457 -0.407459   1.43068
 0.782739   0.12333 -0.415396   1.42555
 0.786114  0.122898 -0.412924   1.43156
 0.798805  0.120689 -0.387556   1.44634
 0.794422  0.112721 -0.394344   1.43866
 0.806715   0.10164 -0.368879   1.45295
 0.799851  0.115682 -0.391725   1.44987
 0.787834  0.127216 -0.411503   1.43529
 0.791299  0.119944 -0.405651   1.43858
 0.794748  0.127993 -0.402282   1.44583
  0.79162   0.12344 -0.403202   1.43865
  0.959013   0.113416 -0.0495512    1.72501
  0.958956   0.114965 -0.0436062    1.72478
  0.958138   0.117787 -0.0467076    1.72299
  0.958503   0.113622 -0.0450503    1.72351
  0.958919    0.11635 -0.0377786    1.72462
  0.958838   0.117477 -0.0322779    1.72439
  0.958105   0.120372 -0.0353682     1.7227
  0.958434   0.115876 -0.0342191    1.72321
  0.957012   0.127134 -0.0438178    1.72077
  0.957481    0.12665 -0.0380844    1.72155
  0.958474   0.114647 -0.0397153    1.72335
  0.957895   0.118292 -0.0376497    1.72197
 0.957988  0.118045 -0.041898   1.72237
  0.958206    0.11868 -0.0408969      1.723
0.924282 0.152012 0.234284  1.66002
0.761183 0.153701 -0.45101  1.40368
  0.75926  0.154368 -0.454261   1.40169
 0.759717   0.15526 -0.454172   1.40258
 0.760016  0.155285 -0.454325   1.40319
 0.760267  0.155124 -0.454335   1.40366
 0.760663  0.154572 -0.453128   1.40377
 0.764261  0.156145 -0.453098   1.41113
 0.762575  0.153697 -0.449903   1.40587
 0.761993  0.152876 -0.449025   1.40422
 0.763425  0.153172 -0.450189   1.40765
 0.766161  0.154295 -0.453681   1.41479
 0.768492  0.151157 -0.449306   1.41699
0.781083  0.13916    -0.42   1.4271
0.776874 0.140278  -0.4285   1.4226
 0.779571  0.142824 -0.428135   1.42869
 0.759261  0.155301 -0.453963   1.40174
 0.759284  0.155322 -0.453919   1.40174
 0.759981  0.155346 -0.453713   1.40282
 0.759148  0.155462 -0.454173   1.40163
 0.759123  0.155429 -0.454398   1.40168
 0.759113  0.155267 -0.454588   1.40172
    0.759  0.155181 -0.454647   1.40148
 0.760707  0.153965 -0.451454   1.40294
  0.75899  0.154875 -0.454713   1.40143
0.760311 0.154777 -0.45337   1.4032
0.759316 0.154824 -0.45398  1.40175
 0.759195   0.15424 -0.454396   1.40159
0.759267 0.154796 -0.45411  1.40172
  0.80055    0.2215 -0.417017    1.4801
0.799306 0.216901 -0.42096  1.47843
 0.804137  0.217195 -0.418698   1.48642
 0.801721  0.218489 -0.419916   1.48333
 0.797176  0.211904 -0.425627   1.47494
 0.793547  0.206857 -0.432789   1.46983
 0.800445   0.20487 -0.429198   1.48086
0.797843  0.20763  -0.4308  1.47804
  0.80879  0.212103 -0.417788   1.49373
 0.808238  0.203151 -0.422981   1.49301
 0.818333   0.20309 -0.407543   1.50642
0.811832 0.207096 -0.42157  1.50106
 0.800141  0.213632 -0.424382   1.48116
 0.804661  0.206641 -0.427373   1.48943
  0.80567  0.213973 -0.421592   1.49039
 0.803185  0.211337 -0.422532   1.48487
 0.729644  0.157984 -0.453464   1.34114
 0.730576  0.156535 -0.453325   1.34266
0.727763 0.158103 -0.45057  1.33499
 0.725509  0.159162 -0.449164   1.32898
 0.726124  0.156758 -0.449647   1.33005
  0.72714  0.157752 -0.449805   1.33244
 0.728925  0.153667 -0.451477   1.33702
 0.726724  0.154469 -0.449957   1.33102
 0.727504  0.152199 -0.450184    1.3323
  0.72837  0.153182 -0.450431   1.33444
 0.728861  0.157134 -0.450965   1.33728
 0.727655  0.155478 -0.450186   1.33328
 0.729306  0.154823 -0.451563   1.33812
 0.728175  0.155786 -0.450961   1.33555
0.782674 0.144744 -0.41939  1.43131
  0.77729  0.150187 -0.427499   1.42496
0.779302 0.149689 -0.41752  1.42393
 0.952431  0.128666 0.0540365   1.71214
 0.951892  0.138205 0.0591122   1.71115
 0.952631   0.13757 0.0527467   1.71218
 0.952317  0.138711 0.0571644   1.71232
  0.95217  0.144359 0.0468399   1.70978
 0.951269   0.15006 0.0557844   1.70953
 0.951047  0.151146 0.0639133   1.70954
 0.774573  0.150634 -0.432173   1.42159
  0.94893    0.1604 0.0758644   1.70392
 0.769788  0.154017 -0.443407   1.41755
   0.958039    0.121901 -0.00639512     1.72266
   0.957724    0.122809 -0.00116055     1.72201
   0.957407    0.124889 -0.00487641     1.72116
   0.957622    0.121144 -0.00459818     1.72151
  0.957413   0.124168 0.00447744    1.72146
 0.957088   0.12529 0.0102308    1.7209
0.956641 0.129331 0.005933  1.71971
   0.95691   0.123754 0.00559489    1.72015
   0.956685       0.129 -0.00326483     1.71923
   0.956491    0.128009 -0.00132613     1.71851
    0.957266     0.122457 -0.000103834      1.72082
    0.956501     0.127311 -0.000736727      1.71907
  0.957174   0.124607 -0.0037489    1.72046
    0.957119     0.125821 -0.000203989      1.72053
 0.766416  0.156475 -0.453568   1.41571
 0.761353  0.153236 -0.449451   1.40316
 0.764724  0.157162 -0.453795   1.41248
  0.75904   0.15542 -0.454505   1.40154
 0.761316  0.154119 -0.449487   1.40328
 0.759112  0.155549 -0.454313   1.40162
 0.759758  0.155633 -0.454408   1.40281
 0.759393  0.155264 -0.453803   1.40185
0.904101 0.126489  0.20763  1.61809
0.926055 0.151285 -0.22838   1.6768
 0.926803  0.158015 -0.219473   1.67787
 0.923984  0.161717 -0.228173   1.67401
 0.925586    0.1531 -0.226171   1.67573
 0.921349  0.187204 -0.231486    1.6746
 0.923941  0.161591 -0.221812   1.67266
  0.92462  0.164269 -0.220703   1.67451
 0.943031  0.160093 0.0841683   1.69798
 0.946781  0.167216 0.0790234   1.70478
0.946333 0.160719 0.083898  1.70248
 0.945041  0.161486 0.0845625   1.70038
 0.949693  0.160809 0.0795562   1.70814
 0.951129  0.154299 0.0792143   1.70985
 0.948566  0.162144 0.0828445   1.70541
 0.947786  0.162698 0.0836487   1.70445
 0.948354  0.163713 0.0789597   1.70554
  0.94904  0.132746 0.0740707   1.70679
 0.947708   0.13379 0.0797531   1.70438
 0.949005  0.143498 0.0795929   1.70662
  0.94834  0.133561 0.0743565   1.70519
 0.945187  0.137105 0.0870405   1.69959
0.941524 0.146662 0.091268  1.69289
 0.946209  0.153756 0.0883967   1.70183
 0.944703  0.143843 0.0846851   1.69914
 0.948986  0.157102 0.0836739   1.70628
 0.948526  0.157529 0.0841116   1.70505
 0.946842   0.13592 0.0796561   1.70253
 0.947196   0.15294 0.0826129   1.70339
 0.948518  0.146552 0.0788359   1.70542
 0.947716  0.146811 0.0848288   1.70437
0.951146 0.150077  0.06765  1.70977
 0.951184  0.148965 0.0692403   1.70967
 0.951746   0.13861 0.0620209   1.71134
 0.952224  0.129579 0.0584673   1.71222
 0.951371  0.130549 0.0626855    1.7107
 0.951658  0.129899 0.0588016   1.71088
 0.950704  0.140687 0.0704882   1.70966
 0.950706  0.131655 0.0664779   1.70966
  0.94994   0.13208 0.0696673   1.70835
 0.950267  0.131986 0.0667092   1.70863
 0.951421  0.138967 0.0624637   1.71043
 0.950902  0.131387 0.0626053   1.70964
 0.950761  0.140855 0.0652872   1.70926
0.951227 0.139058  0.06574  1.71041
 0.953598  0.143038 0.0442905   1.71358
 0.953502  0.141603 0.0461241   1.71306
 0.954411  0.134079 0.0396938   1.71581
 0.955072  0.127475 0.0365841   1.71729
  0.95452  0.127344 0.0417272   1.71622
 0.954514  0.126786 0.0378133   1.71585
  0.95322  0.137466 0.0516559   1.71376
 0.953925  0.127902 0.0476166   1.71521
 0.953116  0.128618 0.0533409    1.7138
0.953222 0.127759 0.048469  1.71348
 0.954087   0.13396 0.0405886   1.71486
 0.953895   0.12724 0.0424776   1.71468
  0.95319  0.136352 0.0441304   1.71305
  0.95396  0.134233 0.0445621   1.71491
  0.95253  0.156751 0.0508597    1.7112
  0.957501   0.108077 -0.0795752    1.72252
   0.95677   0.115805 -0.0741356    1.72083
  0.955985   0.115201 -0.0852873    1.71979
  0.956716   0.115052 -0.0839029    1.72153
  0.955735   0.129636 -0.0698116    1.71917
  0.953648   0.124621 -0.0941486    1.71565
  0.954348   0.124648 -0.0925744    1.71733
  0.955607   0.131092 -0.0796137    1.71999
0.733946 0.270019 -0.38902  1.34312
 0.732196   0.26192 -0.395341   1.34006
 0.741217  0.260819 -0.388557   1.35518
0.737882 0.265561 -0.39396  1.35234
 0.730909  0.253952 -0.401073   1.33781
 0.729991  0.246308 -0.406157   1.33619
 0.738269  0.245893 -0.399921   1.35029
 0.735044  0.249638 -0.405136   1.34714
 0.746511   0.25589 -0.392617   1.36799
 0.747458  0.250244 -0.394398   1.36906
 0.736337  0.257469 -0.399877   1.34955
 0.741752  0.249724 -0.398238    1.3579
 0.743966  0.257124 -0.392707   1.36185
  0.73936  0.253044 -0.394916   1.35204
 0.938674  0.148253 -0.175458   1.69531
 0.941207  0.150988 -0.167257   1.70042
 0.940443  0.134188 -0.179761    1.6982
 0.941047  0.128377 -0.187099   1.70023
 0.943719  0.125434 -0.177776    1.7045
 0.941016  0.131261 -0.179588   1.69902
 0.945453  0.130022 -0.159677   1.70611
  0.94657  0.122141 -0.167248   1.70905
 0.948876  0.117892 -0.155861    1.7121
 0.946304  0.125173 -0.157403     1.707
 0.941188  0.138899 -0.171223   1.69907
 0.943579  0.128257 -0.168977   1.70283
 0.943868  0.136366 -0.159824   1.70317
 0.942874  0.132733 -0.170835   1.70221
 0.755228  0.225557 -0.422762   1.39437
 0.725826  0.182812 -0.441758   1.33035
 0.727702  0.180589 -0.442307   1.33479
 0.728484  0.183862 -0.440455   1.33599
 0.726617  0.182072 -0.440948   1.33199
 0.730362   0.17968 -0.445864   1.34292
 0.732276  0.185889 -0.442245   1.34609
 0.729323  0.183677 -0.442802   1.33968
 0.729322  0.181793 -0.443172   1.33944
 0.728462  0.167346 -0.450717   1.33906
 0.729169  0.165723 -0.450697   1.34014
 0.726537  0.167913 -0.447437   1.33263
 0.724222  0.169544 -0.446324    1.3268
 0.724425    0.1668 -0.447237   1.32719
 0.725794  0.167931 -0.447262   1.33026
 0.726939  0.162847 -0.449245   1.33346
 0.724712   0.16422 -0.447975   1.32767
 0.725007  0.161613 -0.448683   1.32816
 0.726251  0.162721 -0.448771   1.33101
 0.727641  0.166691 -0.448116   1.33503
 0.725956  0.165306 -0.448048   1.33051
 0.727643  0.164084 -0.449184   1.33517
 0.726569  0.165263 -0.448287   1.33259
 0.732458  0.149854 -0.454377    1.3458
 0.733589  0.148541 -0.454133   1.34771
  0.73061  0.149547 -0.451872   1.33992
 0.728417  0.150102 -0.450211   1.33379
 0.729373  0.147989 -0.450294   1.33541
 0.730085  0.148889 -0.450589   1.33724
 0.732444  0.145737 -0.451977   1.34302
 0.730361  0.146041 -0.450196   1.33702
 0.731467  0.144154 -0.450049   1.33886
 0.732011   0.14498 -0.450401   1.34036
 0.731712  0.148815 -0.452013   1.34213
 0.730961   0.14692 -0.450552   1.33865
0.732549 0.146789 -0.45219   1.3436
 0.731378  0.147549 -0.451847   1.34106
0.773532 0.152471 -0.44085  1.42396
  0.9095 0.163133 0.236021   1.6187
0.931554 0.142551 0.165198  1.66925
 0.91331 0.149149 0.222743  1.63741
0.911773 0.141357  0.21194  1.64119
 0.91487 0.139287 0.208927   1.6423
0.921346 0.147501 0.228199  1.65412
0.928062 0.149806 0.236947  1.66794
0.926089  0.15276 0.235107  1.66376
0.891438 0.234208 0.255629  1.61537
0.895144 0.220255 0.262295  1.62243
0.886229 0.230584 0.262466  1.60658
0.888364 0.222568 0.265876  1.61073
0.882465 0.225888 0.268618  1.60119
0.885613  0.22477 0.264798   1.6047
 0.89105 0.223231 0.263233   1.6143
0.890283 0.227137 0.258423  1.61212
0.927699 0.151119 0.234271  1.66673
0.930477  0.13583 0.234614  1.67398
0.933131 0.108111 0.216352  1.67741
   0.919836 -0.00580499    0.277243     1.66713
 0.927676 0.0249896  0.265417   1.67714
   0.936897 -0.00164105    0.239873     1.69324
  0.927844 0.00955455   0.246177    1.67285
  0.93121 0.0508099  0.256315    1.6818
 0.931831 0.0629809  0.239482    1.6784
 0.937786 0.0590319  0.234593   1.69174
 0.933029 0.0600229  0.238056   1.68106
 0.945005 0.0238191  0.208027   1.70347
 0.941684 0.0463736   0.21174   1.69549
0.948324 0.048635 0.189493  1.70779
 0.945701 0.0375198  0.191608   1.70129
 0.931586 0.0379389  0.239738   1.67822
 0.938884 0.0450209  0.213807   1.68902
 0.939902 0.0169124  0.211824   1.69163
 0.937237 0.0310701  0.235531   1.69069
0.902215  0.12875 0.213533  1.62029
0.904333 0.135282 0.215563  1.61903
0.915096 0.140766 0.212271  1.64791
0.931159 0.175812 0.183743  1.67826
0.937369  0.19008 0.194841  1.68903
0.939292 0.196846 0.209471   1.6922
0.939846 0.183431 0.211625  1.69712
0.922108 0.147972  0.22778  1.65604
 0.93829 0.190422 0.227781  1.69266
0.916325 0.138313 0.211643  1.64556
0.908497 0.164039 0.232777  1.62059
    0.87768 -0.00161064   0.0358849     1.60018
0.913279 0.157116  0.22114  1.63622
0.928171 0.124311 0.237627  1.67046
0.927571  0.15299 0.232384  1.66641
0.928711 0.132211 0.243427  1.67213
0.928787 0.141907 0.241599    1.671
0.928492 0.148055 0.240284  1.66963
 0.93902 0.174691 0.195873  1.69791
0.924897 0.151062 0.233959   1.6623
0.934379 0.163286 0.181986  1.69048
0.916709 0.145137 0.218848  1.64556
0.913419 0.146697 0.239887  1.62918
 0.782258   0.11886 -0.419688   1.42603
 0.781435  0.112294 -0.417299   1.42181
 0.786573  0.114233 -0.411849    1.4305
 0.783883  0.114962 -0.413615   1.42565
  0.77924  0.105982 -0.417788   1.41617
0.774091 0.102527 -0.41945  1.40508
 0.780388 0.0992203 -0.412017   1.41446
 0.779138   0.10302 -0.415949   1.41426
 0.792748  0.107006 -0.401548   1.43764
 0.788605 0.0960433 -0.401489   1.42679
 0.799506 0.0933361  -0.38522   1.44291
 0.794954  0.100099 -0.392375   1.43693
 0.782438  0.108769 -0.413476   1.42128
 0.786148   0.10085 -0.406593   1.42451
 0.788457  0.109172 -0.404549   1.42999
  0.78561  0.105041 -0.410435   1.42614
 0.774546  0.144042 -0.440788   1.42464
 0.764015  0.158822 -0.452438   1.41078
 0.752907  0.124167 -0.445673   1.37843
 0.755034  0.122462 -0.445067   1.38228
 0.750513  0.122175 -0.445032   1.37235
 0.747759   0.12167 -0.443429   1.36503
 0.749767  0.119569 -0.442214   1.36823
 0.749954  0.120731 -0.443096   1.36932
 0.754914  0.118356 -0.442064   1.37931
 0.751847  0.117488 -0.440694   1.37142
0.754265 0.115277 -0.43874  1.37507
 0.754368  0.116707 -0.439999   1.37623
 0.751887  0.122099 -0.444351   1.37483
 0.751998  0.118747 -0.441731   1.37253
 0.754232  0.120057 -0.442873   1.37863
 0.752522  0.120202 -0.443559   1.37539
  0.76883  0.158176 -0.443772    1.4166
 0.737801  0.210406 -0.428612   1.35606
 0.742814  0.219837 -0.421178   1.36489
  0.73321  0.212948 -0.424228   1.34381
 0.735567  0.217921 -0.420367   1.34776
 0.730053  0.217879 -0.424548   1.33806
  0.73182  0.215328 -0.421776   1.34005
 0.736996  0.216836 -0.423245   1.35294
 0.736195  0.213998 -0.424228   1.35104
  0.82698   0.22527 -0.396841   1.52525
 0.831623  0.223734 -0.391577   1.53255
 0.826218   0.22776 -0.392784   1.52355
 0.827586  0.225341 -0.393502   1.52499
 0.836566   0.22218 -0.385952   1.54045
 0.841828  0.220063 -0.379767   1.54876
 0.835865  0.225328 -0.381474   1.53892
 0.837298  0.222296 -0.382022   1.54028
 0.825744  0.231872 -0.386562   1.52189
 0.830201  0.233898 -0.382371   1.53042
 0.832218  0.223858 -0.388076   1.53224
 0.832984  0.227982 -0.382654   1.53375
   0.8278  0.229205 -0.388992    1.5257
0.830922 0.226357 -0.38742  1.53089
 0.744899  0.131895 -0.451043   1.36613
 0.741837  0.135527 -0.451716   1.36072
 0.74324 0.130655 -0.44906  1.36089
 0.741471  0.132707 -0.449505   1.35778
 0.741626  0.130196 -0.447458   1.35594
 0.74196 0.131224   -0.449  1.35822
 0.742024   0.13391 -0.450721   1.36018
 0.744021  0.132237 -0.450383   1.36384
 0.842541   0.22025 -0.375489   1.54846
 0.843973  0.225336 -0.368699   1.55122
 0.837531  0.227108 -0.377037   1.54114
 0.841173  0.223436 -0.374989   1.54716
 0.845428   0.23332 -0.360439   1.55439
 0.832514  0.234662 -0.376517    1.5332
 0.835304  0.230566 -0.375151   1.53719
 0.841513  0.233387 -0.369228   1.54927
 0.869263  0.228022 -0.327679   1.59388
 0.854859  0.229894 -0.347884   1.56965
 0.867226   0.21577 -0.336287    1.5879
 0.860039  0.219141 -0.347223   1.57689
 0.865175  0.208809 -0.345429   1.58392
 0.863706  0.212957 -0.344754   1.58245
 0.857844  0.224039 -0.346427   1.57388
 0.864427  0.227799 -0.339281   1.58709
 0.893028  0.183407 -0.306064    1.6277
 0.898677  0.179029 -0.296537   1.63681
 0.893577  0.188097 -0.296981   1.62758
 0.894332  0.184927 -0.299713   1.62889
 0.904187  0.173528 -0.286002   1.64525
 0.908829  0.167678 -0.275888    1.6519
 0.904877  0.177339 -0.275437   1.64496
 0.905385  0.174998 -0.278562   1.64599
 0.891845  0.205237 -0.293913   1.62766
 0.898432  0.206617 -0.284878   1.64059
 0.900029  0.180534 -0.288879   1.63775
 0.902994   0.18782 -0.276387   1.64304
 0.895851  0.192299 -0.289265   1.63129
 0.899078  0.184765 -0.287307   1.63657
 0.910506  0.187742 -0.256212   1.65544
0.916223 0.189568 -0.24626  1.66674
0.912893 0.168869 -0.25822  1.65695
0.913097 0.163253 -0.26654  1.65837
 0.917787  0.159242 -0.256475   1.66592
 0.913759  0.165404 -0.259424   1.65824
 0.922201  0.158269 -0.235057   1.67084
 0.922131  0.154179 -0.245437   1.67236
 0.925692  0.149001 -0.235219   1.67732
 0.922708  0.156239 -0.237515   1.67196
 0.914576  0.173753 -0.249344    1.6594
 0.918466  0.161429 -0.247939   1.66551
 0.920578  0.169437 -0.235661   1.66922
 0.917488  0.165916 -0.247748   1.66438
 0.926339  0.169099 -0.215728   1.67835
 0.930855  0.171406 -0.205893   1.68746
 0.928528  0.150811 -0.217851   1.68035
0.929009 0.145008 -0.22594   1.6823
  0.93262  0.141316 -0.216069   1.68806
 0.929295   0.14763 -0.218515   1.68157
 0.935752  0.139852 -0.194919   1.69073
 0.935832  0.136493 -0.205444   1.69264
 0.938544  0.131892 -0.195911   1.69647
 0.936091  0.138818 -0.197696   1.69188
 0.929776   0.15598 -0.208602   1.68206
 0.932948  0.143918 -0.207322   1.68719
 0.934553  0.151794 -0.195023   1.68987
 0.932109  0.148041 -0.207524   1.68609
 0.732653  0.193134 -0.438946    1.3468
 0.736648  0.200817 -0.433672   1.35392
 0.729342   0.19487 -0.435143   1.33738
  0.73105  0.198929 -0.432364   1.34024
 0.727008  0.198369 -0.435034   1.33262
 0.728213  0.196773 -0.433291   1.33433
  0.73215   0.19809 -0.434964   1.34449
0.731435 0.195864 -0.43564  1.34284
 0.733963  0.242151 -0.409897   1.34512
 0.738265  0.235443 -0.408895   1.35208
 0.741171  0.242019 -0.403636    1.3571
 0.736376  0.238402 -0.405704    1.3471
 0.744129  0.232028 -0.413014   1.36673
 0.750199  0.244223 -0.402752    1.3774
 0.742939  0.240647 -0.405704    1.3625
 0.742382  0.236331 -0.407543     1.361
 0.951665  0.117644 -0.114732   1.71239
 0.952229  0.119608 -0.113601   1.71387
 0.950567  0.116128 -0.131713   1.71199
 0.950807  0.113754 -0.145008   1.71451
 0.952534  0.110522 -0.135074   1.71688
 0.950815   0.11752 -0.136795    1.7137
 0.953733  0.109435 -0.114591   1.71685
 0.953754  0.107451 -0.126054   1.71828
 0.954693  0.105375 -0.117987   1.71934
 0.953953  0.111159 -0.120314   1.71842
 0.951532  0.120872 -0.124817   1.71397
 0.952576  0.114547 -0.128011   1.71643
 0.953245  0.118709 -0.116863   1.71695
 0.952406  0.113483 -0.123389    1.7151
 0.848098  0.232412 -0.335856   1.55136
 0.860436  0.238457 -0.321895   1.57576
 0.951317 0.0474459  0.151368   1.70801
 0.954975 0.0719487  0.141445   1.71685
 0.956433 0.0430517  0.140856   1.71947
 0.954756 0.0451572  0.142565   1.71528
 0.955185 0.0924167  0.088185   1.71361
  0.95505 0.0856988  0.119286   1.71539
 0.960817  0.032978 0.0966957    1.7256
 0.960966 0.0705339  0.071451   1.72547
 0.963136 0.0440079 0.0402064    1.7304
 0.962113 0.0255501 0.0656381   1.72689
 0.955942 0.0620977  0.116113   1.71571
 0.959132 0.0615626 0.0862186   1.72123
0.958717  0.03057 0.104463  1.72072
 0.958169 0.0665184  0.106158   1.72056
 0.889375  0.189535 -0.309074   1.62157
 0.891405  0.195306 -0.299211   1.62498
 0.887087  0.200575 -0.307086   1.61914
 0.889083  0.191529 -0.304684   1.62057
 0.885832  0.222134 -0.306939   1.62319
 0.888352  0.200978 -0.298826   1.62011
 0.889406  0.201612 -0.298102    1.6225
 0.955861  0.108213 -0.112957   1.72194
 0.956817  0.107745 -0.103442   1.72315
 0.954638  0.113234 -0.109816   1.71895
 0.955367  0.106431 -0.106289    1.7197
  0.957731    0.10805 -0.0946206    1.72452
  0.958305   0.107953 -0.0860684    1.72512
  0.956172   0.114606 -0.0922333    1.72091
  0.956957   0.107718 -0.0878546    1.72187
 0.953019   0.12429 -0.107769   1.71571
  0.953928   0.125483 -0.0995388    1.71712
  0.956153    0.10704 -0.0972526    1.72073
  0.955294   0.112881 -0.0947146    1.71875
 0.954674  0.112615 -0.102425   1.71804
 0.955472  0.113025 -0.100989   1.71994
  0.9301  0.14412 0.223844  1.67138
0.949394 0.132638 0.069908  1.70709
 0.949222  0.143727 0.0740152    1.7067
 0.950368   0.14141 0.0706598   1.70872
 0.949805  0.141448 0.0741238   1.70816
 0.950899  0.149832 0.0693111   1.70886
 0.949945  0.153785 0.0704825   1.70657
 0.950367  0.150848 0.0730475   1.70893
 0.949167  0.157475 0.0782748   1.70635
0.949837 0.148802 0.077368  1.70753
 0.832645  0.419331 0.0296767   1.51919
   0.84289   0.403885 0.00557318    1.53318
 0.848841  0.398461 0.0360685   1.54441
 0.840413  0.397741 0.0239613   1.52462
  0.856848   0.385947 -0.0124065    1.55685
 0.864286  0.383702 0.0418885   1.57247
 0.855038  0.384893 0.0332151   1.55148
  0.855747   0.382698 0.00544944    1.55226
0.929575 0.144571 0.235702  1.67132
 0.929306 0.0904418  0.243747   1.67433
0.927741 0.107373 0.234139   1.6688
0.926852 0.102139 0.250657  1.67089
0.940007 0.104901 0.184681  1.68919
0.937746  0.10534 0.190118  1.68412
0.915504 0.097927 0.280386   1.6543
 0.920244 0.0881051  0.270339   1.66155
0.914553 0.084889 0.289097  1.65516
 0.917127 0.0856745  0.278154    1.6564
0.924126 0.079382 0.260028  1.66679
 0.929128 0.0736468  0.241657   1.67323
 0.926371 0.0628622  0.260226   1.67195
 0.926958 0.0659028  0.256184   1.67165
0.912785 0.063096 0.290908  1.65251
 0.921249 0.0469248  0.270986    1.6643
 0.910479 0.0287989  0.285782   1.64828
 0.916969 0.0387465  0.286178   1.65944
 0.922335 0.0745068  0.268822   1.66483
 0.923945 0.0547908  0.273672   1.67004
 0.916948 0.0681884  0.286356   1.65854
 0.920366 0.0719828  0.277102   1.66374
0.873081 0.293542 0.219385  1.58508
0.877184 0.295936 0.208472  1.59079
0.879699 0.286491 0.216221  1.59556
0.876406 0.288791 0.213531  1.58809
0.883653 0.297558 0.197401  1.60206
0.887146 0.281924  0.21412  1.60909
0.882793 0.284939 0.212835  1.59985
0.882397 0.289132   0.2036   1.5982
0.924902  0.15359 0.234109  1.66051
0.927088 0.116328 0.247686  1.66973
0.892048 0.110633 0.291486  1.61237
0.899915 0.106732 0.297288  1.62891
 0.892528 0.0912795  0.296816   1.61331
0.895726 0.105344 0.297068  1.62229
0.906938 0.102315 0.294698  1.64104
0.913171 0.098466 0.282796  1.64966
0.910938 0.085478 0.292781  1.64803
 0.910234 0.0995378  0.294427   1.64832
 0.896512 0.0637178  0.299083   1.62119
0.907941 0.063522   0.2961  1.64311
 0.905632 0.0293738  0.293573   1.63915
0.902079  0.05872 0.299605  1.63435
0.903229 0.101721 0.300211  1.63693
 0.906797 0.0832673  0.298988   1.64298
 0.897535 0.0850824  0.301681   1.62623
 0.902559 0.0872152  0.298724   1.63348
 0.921078 0.0949773  0.271618   1.66327
 0.918669 0.0974392  0.272061   1.65789
 0.923211 0.0982003  0.256542   1.66333
 0.928383 0.0861375  0.254287   1.67485
 0.925159 0.0827292   0.25915   1.66813
 0.923571 0.0969389  0.263451   1.66684
 0.778715  0.114873 -0.420115   1.41778
 0.775986  0.121053 -0.426288   1.41636
 0.778494  0.118096 -0.421288   1.41859
 0.770499  0.116477 -0.430429   1.40591
 0.769664  0.122686 -0.435791   1.40833
 0.771048  0.119318 -0.430533   1.40777
0.776851 0.109772 -0.42066  1.41304
 0.772129  0.111162 -0.426259   1.40607
0.773472 0.105438 -0.42249  1.40574
 0.773816  0.107786 -0.423821   1.40789
 0.774558  0.118121 -0.428459     1.414
 0.771963  0.113372 -0.427678   1.40705
 0.776371  0.112556 -0.422692   1.41373
 0.774719  0.115149 -0.425006   1.41181
 0.770807  0.149274 -0.448621   1.42132
 0.813131  0.225534 -0.412177   1.50266
 0.815784  0.226129 -0.409342   1.50719
 0.811426  0.227065 -0.410476    1.4997
 0.812892  0.225817 -0.410634   1.50143
 0.818935  0.226407 -0.405813   1.51237
 0.822665   0.22613 -0.401648   1.51836
 0.817234  0.228604 -0.403188   1.50926
 0.818931  0.226574 -0.403378   1.51119
 0.808477  0.229699 -0.405718   1.49318
 0.811612  0.231563 -0.402125   1.49878
 0.815567  0.226349 -0.407332   1.50576
  0.81465  0.229106 -0.404285   1.50427
 0.811598  0.227963 -0.408278   1.49934
 0.814076  0.227837 -0.407228   1.50407
 0.811354  0.224517 -0.414069   1.49947
 0.809142  0.223857 -0.415082   1.49601
 0.810932  0.222845 -0.414954    1.4986
 0.810262  0.223328 -0.414514   1.49704
 0.806717  0.222691 -0.415228   1.49134
 0.803104  0.223801 -0.416043   1.48575
 0.806018  0.219775 -0.418092   1.49077
 0.805576   0.22201 -0.415741    1.4892
  0.81185  0.219989 -0.414428   1.49964
 0.809914  0.216557 -0.417691   1.49722
 0.815226  0.214877 -0.410483   1.50378
 0.812369  0.215526 -0.413709    1.4993
0.808164 0.222308 -0.41534  1.49369
0.808211 0.218571 -0.41643  1.49342
 0.810431  0.220602 -0.414977   1.49699
 0.808986   0.22106 -0.416324   1.49563
0.928988 0.147042 0.232054  1.66925
  0.964936 -0.0268806  0.0254149     1.7371
  0.95879 -0.068185 0.0924133   1.72777
  0.959962 -0.0153989  0.0935445    1.72438
  0.960497 -0.0165723   0.089265    1.72789
  0.941451 -0.0707773    0.18161    1.69897
  0.917504 -0.0299367   0.248883    1.65489
 0.939977 -0.023691   0.20052   1.69188
  0.934148 -0.0468524   0.241441    1.69414
 0.955147 0.0105565  0.141074   1.71606
  0.948347 0.00460096   0.167487    1.70318
 0.950253 0.0303596  0.151881   1.70498
 0.951147 0.0194951  0.165356   1.70977
  0.949936 -0.0501909    0.17072    1.71637
  0.946791 -0.0148208   0.194678    1.70702
  0.955962 0.00139626   0.147954    1.72051
  0.952022 -0.0321703   0.150874    1.71268
0.887132 0.191909 0.283481   1.6092
0.891028 0.198228 0.279617  1.61504
0.893769 0.190005  0.28123  1.62037
0.890592  0.19241 0.280962  1.61357
0.896069 0.202847 0.272784  1.62305
0.901389 0.187162  0.27516  1.63265
0.896263 0.190621 0.277991  1.62282
0.895116 0.194902 0.274421  1.61997
0.893224  0.12292 0.286881  1.61495
0.894398  0.13078 0.285185  1.61793
0.898871 0.131466 0.291853  1.62754
0.895804 0.129135 0.286409  1.62144
 0.89408 0.138603 0.285826  1.61816
0.892782  0.14703 0.287015  1.61642
0.897911 0.148159 0.289612  1.62627
0.894601 0.145829  0.28661  1.62043
0.902915 0.137079 0.290002  1.63415
0.902596 0.144796 0.286722   1.6331
0.907673 0.136747 0.282301  1.64073
0.903794 0.140226 0.289711  1.63615
0.895584 0.137483 0.285709  1.62153
0.899537 0.145837 0.290776  1.63001
0.900147 0.137282 0.292044  1.63107
0.898625  0.14001 0.290341  1.62744
 0.759424   0.15507 -0.453787   1.40186
 0.759562   0.15499 -0.453739   1.40209
 0.759883  0.155153 -0.454196    1.4029
 0.759182  0.154352 -0.454634   1.40171
 0.759156  0.154514 -0.454727   1.40173
 0.759209  0.154296 -0.454502   1.40169
 0.759117  0.155027 -0.454718   1.40175
 0.759125  0.154237 -0.454529   1.40151
 0.766707  0.156029 -0.450436   1.41476
 0.759063  0.154357 -0.454639   1.40145
 0.745344  0.130612 -0.450179   1.36628
 0.746956   0.12921 -0.449782   1.36918
 0.743542  0.129446 -0.448697   1.36108
 0.741479  0.129248 -0.446863   1.35511
 0.742863   0.12739 -0.446324   1.35739
 0.743119  0.128334 -0.446887   1.35842
 0.746548   0.12595 -0.447302   1.36596
 0.744296  0.125579 -0.445555   1.35964
 0.745912  0.123647 -0.444621   1.36216
 0.746116  0.124733 -0.445366   1.36321
 0.744594  0.129138 -0.448409   1.36305
 0.744505   0.12658 -0.446216   1.36064
 0.746167  0.127264 -0.447773   1.36568
 0.744892   0.12767 -0.447934   1.36312
0.759134 0.154753 -0.45476  1.40175
 0.760803  0.153667 -0.453002   1.40383
 0.764327  0.154986 -0.453072   1.41101
 0.765519  0.154165 -0.454132   1.41381
 0.767888  0.153013 -0.454096   1.41838
 0.767448  0.121452 -0.437189   1.40417
 0.763655  0.117465 -0.436237   1.39468
 0.767788  0.115553 -0.432049   1.40085
 0.766564  0.118246 -0.434174   1.39986
 0.761203  0.114377 -0.436557   1.38889
 0.757228  0.113008 -0.436163   1.37955
 0.760653  0.110645 -0.433173   1.38481
 0.760549  0.112331 -0.434891    1.3858
0.769108 0.110056 -0.42859  1.40068
 0.764433  0.108254 -0.429459   1.39048
 0.768908  0.105558 -0.424982   1.39726
  0.76857  0.107891 -0.427479   1.39822
 0.763381   0.11516 -0.434733   1.39262
 0.764212  0.110211 -0.431573   1.39146
 0.767597  0.113206 -0.430803   1.39914
 0.764833   0.11232 -0.432859   1.39423
 0.758818  0.154298 -0.454446   1.40079
 0.762157  0.151241 -0.449055   1.40429
 0.772063  0.146496 -0.441549      1.42
 0.776158  0.123982 -0.425755   1.41694
  0.77419  0.131934 -0.432277   1.41748
 0.769867  0.124755 -0.434492   1.40828
 0.774595  0.128308 -0.432052   1.41768
 0.764144  0.129476 -0.443942   1.40201
 0.778165  0.135894 -0.430608   1.42583
 0.780841  0.127121 -0.423822   1.42655
  0.78411  0.136386 -0.420419   1.43343
 0.780335  0.131091 -0.421347   1.42479
 0.766271   0.15037 -0.454767   1.41483
 0.759171  0.155403 -0.453992   1.40158
 0.759169  0.155524 -0.454109   1.40164
 0.760685  0.154641 -0.451488   1.40306
  0.75998  0.155546 -0.454361   1.40319
 0.763133  0.156568 -0.452732   1.40877
 0.761223  0.155502 -0.450309   1.40368
 0.760473  0.153968 -0.453167   1.40326
 0.73664 0.152345 -0.45893  1.35815
 0.759016  0.154583 -0.454706   1.40143
 0.765957  0.158558 -0.450705   1.41386
 0.760165  0.154763 -0.454342   1.40337
 0.762478  0.154641 -0.449954   1.40588
 0.759835  0.154916 -0.454188   1.40274
 0.759076  0.160549 -0.439784   1.39526
  0.75951  0.154743 -0.453728   1.40192
 0.758891  0.154872 -0.454742   1.40119
 0.759431  0.154751 -0.453835   1.40188
 0.760408  0.154536 -0.454434   1.40387
 0.759276  0.154275 -0.453899   1.40148
 0.759232  0.154355 -0.454353   1.40168
 0.759056  0.154047 -0.454122   1.40109
 0.759243  0.154515 -0.454218   1.40166
 0.759337  0.154479 -0.453814    1.4016
 0.759305  0.154575 -0.454167   1.40178
 0.788347  0.141117 -0.407994   1.43707
 0.794165  0.140251 -0.399984   1.44557
0.788938 0.149521 -0.40199  1.43686
 0.790081  0.141828 -0.401787   1.43778
 0.803084  0.137038 -0.385902   1.45802
 0.818708  0.139003 -0.365014   1.48485
 0.800708  0.154069 -0.379707   1.45385
0.804892 0.141206  -0.3758  1.45905
  0.78783  0.156005 -0.397021   1.43347
 0.791824  0.161024 -0.389728   1.44019
 0.785363  0.166652 -0.397981   1.43099
 0.788195  0.159608 -0.394761   1.43443
 0.795913  0.139679 -0.389734    1.4444
 0.795192  0.152942 -0.386472   1.44462
  0.78978  0.149706 -0.395265   1.43556
  0.79455  0.149276 -0.390842   1.44381
 0.785295   0.14442 -0.406816   1.43038
 0.785232  0.148695 -0.407482   1.43143
 0.783593  0.156196 -0.399437   1.42545
 0.781772   0.16274 -0.403449   1.42507
 0.779623  0.153298 -0.416086    1.4247
  0.78198  0.155803 -0.407873   1.42601
0.736542 0.142652 -0.45378  1.35243
 0.737842  0.141115 -0.453408    1.3546
 0.734681  0.142166 -0.451643   1.34677
 0.732582    0.1424 -0.449758   1.34066
 0.733757   0.14061 -0.449579   1.34266
 0.734242   0.14135 -0.449931   1.34402
 0.736667  0.138633 -0.451248   1.34994
 0.734808  0.138981 -0.449334    1.3444
 0.735809  0.137336 -0.449116   1.34604
 0.736281  0.138023 -0.449443   1.34735
 0.735779   0.14156 -0.451641   1.34892
 0.735252  0.139674 -0.449696   1.34567
 0.736819  0.139552 -0.451563   1.35066
 0.735622  0.140358 -0.451315   1.34814
 0.730362  0.159265 -0.453712   1.34309
 0.730171  0.163984 -0.452038   1.34264
 0.728221  0.159281 -0.450605   1.33622
 0.727982  0.161795 -0.449735   1.33567
  0.72657  0.160227 -0.449338   1.33149
 0.727096  0.160345 -0.449802   1.33355
 0.728654   0.16218 -0.451884   1.33894
 0.729395  0.160662 -0.451901   1.34014
 0.763764  0.160445 -0.447673   1.40845
 0.769227  0.154993 -0.448975   1.41915
 0.761336  0.152446 -0.450802   1.40368
 0.749489  0.132028 -0.451316   1.37618
 0.753455  0.129189 -0.450339   1.38345
0.758912 0.155219 -0.45481  1.40133
 0.763616  0.151256 -0.451363   1.40825
 0.758976  0.155486 -0.454739   1.40148
 0.765884  0.158522 -0.446871   1.41206
 0.761685  0.154901 -0.450122   1.40441
 0.759077  0.155631 -0.454559   1.40163
 0.760735  0.154297 -0.450117   1.40243
 0.760262  0.154778 -0.452042   1.40248
  0.75974   0.15526 -0.452694   1.40184
0.758846 0.155337 -0.45474  1.40117
  0.76029  0.155233 -0.453404   1.40327
 0.759307  0.155617 -0.454211   1.40193
 0.759673   0.15545 -0.454204   1.40256
 0.760444  0.154893 -0.450247   1.40202
 0.759499  0.155526 -0.454141   1.40222
 0.759595  0.155663 -0.454074   1.40229
 0.759245  0.155391 -0.453948    1.4017
 0.759393  0.155599 -0.454194   1.40206
 0.939854  0.161276 0.0782629   1.69052
 0.944914  0.166188 0.0419398   1.70184
 0.946693  0.164892 0.0662428   1.70352
 0.943917   0.17504 0.0680403   1.70205
    0.956212     0.139816 -0.000282888      1.72492
  0.965081  0.0838572 -0.0188039    1.74048
 0.957639  0.129231 0.0284632   1.72291
0.957208 0.110497 0.023625  1.72288
 0.950862  0.154565 0.0646319   1.70945
 0.954225  0.141386 0.0532417   1.71509
 0.952282  0.152721 0.0718936   1.71193
 0.952192  0.148518 0.0685825   1.71184
 0.948888  0.163081 0.0397066   1.71108
 0.953597  0.141225 0.0505395   1.71512
 0.949239  0.163322 0.0646561   1.70898
 0.951321   0.15411 0.0413484   1.71174
 0.867498  0.368356 0.0864971   1.57556
0.876217 0.351056 0.117668  1.59175
0.858083 0.373441 0.103911  1.55875
0.863976 0.361767 0.120184  1.56934
0.852647 0.376861 0.122406  1.55158
0.857451 0.364697 0.115046  1.55496
0.867826  0.35667 0.114942   1.5744
 0.866176  0.359022 0.0995557   1.56989
  0.808313   0.429432 -0.0975551    1.47782
 0.817309   0.40833 -0.116904    1.4887
  0.829905   0.407084 -0.0881415    1.51206
  0.816405   0.407462 -0.0985044    1.48333
 0.830812  0.386346 -0.133976   1.51196
  0.852922   0.383397 -0.0830243    1.55306
  0.834347   0.393752 -0.0932689    1.51663
 0.828478  0.386771 -0.111067   1.50268
   0.87102   0.347564 -0.0764456     1.5782
 0.954968  0.126823 0.0326997   1.71666
 0.954421  0.133714 0.0367917   1.71545
 0.954806  0.133556 0.0297473   1.71594
 0.954725  0.134794 0.0342829    1.7164
 0.954012  0.138268 0.0226731   1.71305
 0.953431   0.14395 0.0314845   1.71303
0.953403 0.144636  0.04005  1.71326
  0.950258   0.135184 -0.0988895    1.70888
   0.95252   0.149903 -0.0767242    1.71416
  0.95521  0.137544 0.0202269   1.71639
 0.955158  0.136055 0.0221157   1.71595
 0.956073  0.130596 0.0174398   1.71871
 0.956715  0.125789 0.0157072   1.72019
 0.956268   0.12611 0.0208094   1.71929
 0.956264  0.125209 0.0168531   1.71901
 0.955244  0.133836 0.0284704   1.71719
 0.955919   0.12699 0.0261735   1.71873
 0.955524  0.127456 0.0314889   1.71809
 0.955394  0.126683 0.0270276    1.7174
 0.955826  0.130522 0.0181424   1.71797
 0.955805  0.126172 0.0212927   1.71815
0.955116 0.132746 0.021399   1.7165
 0.955745  0.130926 0.0219484     1.718
 0.956591  0.124608 0.0116362   1.71959
 0.956035  0.129959 0.0143529   1.71834
 0.956246  0.129011 0.0073567   1.71858
 0.956278  0.130862 0.0120307   1.71914
   0.955252    0.131401 -0.00138243     1.71555
  0.954904   0.138271 0.00810744    1.71577
 0.954984  0.139058 0.0160907   1.71606
   0.957856    0.119924 -0.00968134     1.72192
   0.957351    0.123482 -0.00753073     1.72075
  0.957526    0.12111 -0.0138985    1.72087
  0.957567   0.124114 -0.0103188    1.72147
   0.95708   0.129656 -0.0141619     1.7199
   0.95652   0.126077 -0.0148457    1.71866
  0.956528   0.129462 -0.0077125    1.71898
 0.950303  0.157073 0.0536673   1.70561
  0.957005   0.132779 -0.0209949    1.72055
  0.957497   0.131135 -0.0164658    1.72137
 0.958026  0.121972 -0.024397   1.72246
  0.958752   0.118345 -0.0269679    1.72416
  0.958684   0.118586 -0.0217937    1.72393
  0.958338   0.117536 -0.0235983    1.72293
  0.957853   0.121254 -0.0153797    1.72179
  0.958507   0.119017 -0.0167191    1.72348
    0.9583   0.120554 -0.0115885    1.72313
  0.958079    0.11843 -0.0148618     1.7223
  0.957902   0.121109 -0.0204447    1.72188
   0.95828   0.117636 -0.0190187    1.72274
  0.957844   0.120369 -0.0170561    1.72159
  0.958044   0.121297 -0.0194986    1.72233
  0.958365   0.116972 -0.0288562    1.72303
  0.957824   0.121723 -0.0252861    1.72185
 0.957845  0.120346 -0.031692   1.72185
  0.957994   0.121793 -0.0300962    1.72249
  0.956848   0.125408 -0.0352218    1.71951
  0.956591   0.127391 -0.0336355     1.7193
  0.956632   0.132038 -0.0269334    1.71974
  0.958503   0.112277 -0.0507581    1.72361
  0.957894   0.117892 -0.0471347    1.72233
  0.957769   0.115735 -0.0534157    1.72199
   0.95804   0.116184 -0.0528556    1.72284
  0.956794   0.127896 -0.0550462    1.72048
   0.95669   0.117677 -0.0541068    1.71935
 0.956693  0.124228 -0.049683   1.71993
  0.95222   0.15268 0.0287545   1.70909
  0.956045   0.122861 -0.0708167    1.71918
 0.956735  0.127745 -0.062936   1.72091
  0.957355   0.114765 -0.0739246    1.72217
  0.958826   0.108453 -0.0777816    1.72576
  0.959121   0.108599 -0.0697127     1.7259
  0.958039   0.108927 -0.0707914    1.72326
  0.957901   0.113922 -0.0587106    1.72247
  0.959159    0.10961 -0.0623038    1.72561
  0.959118   0.111527 -0.0556668    1.72535
  0.958464   0.110473 -0.0569158    1.72361
  0.957257   0.116289 -0.0665944    1.72149
  0.958346   0.109363 -0.0634016    1.72357
  0.957696   0.116361 -0.0581871     1.7221
    0.9577   0.114792 -0.0663673    1.72254
 0.947996  0.189207 0.0153055   1.70328
 0.950769  0.150124 -0.124277   1.71671
 0.942849  0.150524 -0.155126   1.70218
  0.94983   0.13136 -0.132811   1.71257
 0.946187  0.134637 -0.149419   1.70681
 0.948694  0.121235 -0.146674   1.71052
 0.947871  0.124901 -0.147601   1.70919
 0.944713  0.139761 -0.152979   1.70472
 0.947846  0.148535 -0.144011   1.71229
 0.946106     0.173 0.0628991   1.69706
  0.93863  0.134472 -0.189004   1.69557
 0.939155  0.140288 -0.180725   1.69616
 0.937056  0.143189 -0.188355   1.69306
 0.938332  0.135706 -0.187012   1.69474
 0.934965  0.169363 -0.190816   1.69371
 0.937153  0.141685 -0.180515   1.69156
  0.93762  0.143848 -0.179664   1.69287
  0.955971   0.141905 -0.0371851    1.71887
 0.787463  0.398069 -0.211771   1.44013
 0.796028  0.376927 -0.221807   1.45075
 0.806374  0.382992 -0.198879   1.46986
 0.794457  0.380085 -0.207735   1.44459
0.808444 0.359776 -0.23361  1.47487
 0.826669  0.368714 -0.192802     1.508
 0.810692  0.372709 -0.202769   1.47642
 0.805772  0.364622 -0.214277   1.46504
  0.878809   0.351971 -0.0143202    1.59154
 0.783202  0.325783 -0.307799   1.43205
 0.802833  0.337166 -0.276587   1.46744
 0.774168  0.338036 -0.299903    1.4132
 0.784299  0.345235 -0.282582   1.43134
 0.768199  0.354633 -0.294933   1.40607
 0.773333  0.341843 -0.289428   1.40873
 0.787199   0.33813 -0.286382   1.43694
 0.781466  0.331605 -0.294003   1.42466
  0.948241   0.168845 -0.0965525    1.70947
 0.926624  0.229118 -0.135166   1.67467
 0.909635  0.169473 -0.269359   1.65214
0.910801 0.176103 -0.26023  1.65406
 0.907271  0.180427 -0.268895   1.64932
 0.909141  0.171574 -0.266604   1.65108
 0.904577  0.204293 -0.271196   1.65031
 0.907364  0.180823 -0.262445   1.64832
 0.908263  0.183171 -0.261293   1.65061
 0.751312  0.311744 -0.351388   1.37633
 0.756721  0.299238 -0.352443   1.38337
 0.763781  0.307478 -0.340734   1.39594
 0.755231  0.303106 -0.345534   1.37826
 0.764528  0.291069 -0.357131   1.40051
 0.778172  0.305391 -0.336276   1.42521
 0.766176  0.303033 -0.342993   1.40135
  0.76286  0.296783 -0.348043   1.39422
 0.922194  0.209762 -0.190719   1.67169
 0.871542  0.219139 -0.326628   1.59636
 0.877914  0.222449 -0.319753   1.60943
 0.870402  0.210328 -0.334979   1.59336
  0.87041     0.205 -0.342484   1.59383
 0.876575   0.19988 -0.333244   1.60317
 0.871836  0.205406 -0.336063   1.59465
  0.88369  0.197588 -0.313126   1.61263
 0.882356  0.194437 -0.324041   1.61179
 0.887812  0.188368 -0.314865   1.61972
 0.884277  0.195192 -0.317712    1.6141
 0.873351  0.213445 -0.327481   1.59809
 0.878158  0.200423 -0.326899   1.60453
  0.88183  0.208092 -0.314903   1.61152
0.876793 0.204723 -0.32479  1.60263
 0.740286  0.273836 -0.387228   1.35668
 0.745283  0.264559 -0.386481   1.36389
 0.749839  0.272287 -0.378703   1.37191
 0.74341 0.268037  -0.3819  1.35856
  0.75222   0.25933 -0.390222   1.37999
 0.761145  0.273244 -0.375993   1.39604
 0.751886  0.269749 -0.380436   1.37729
 0.750458   0.26431 -0.383579   1.37402
 0.758325  0.349958 -0.299819   1.38489
 0.753349  0.339461 -0.315281   1.37611
  0.76765  0.333555 -0.304503   1.39913
0.762233 0.344666  -0.3113  1.39554
  0.74968  0.328419 -0.329559   1.36982
 0.746436  0.317544 -0.342266   1.36421
0.759908 0.313489 -0.33135  1.38586
 0.754652  0.322668 -0.339041   1.38212
 0.774726  0.322699 -0.312792   1.41433
 0.774573  0.313727 -0.318081   1.41265
 0.758343  0.333621 -0.325927   1.38871
 0.765722  0.318998 -0.327264   1.39869
  0.77086  0.328398 -0.314508   1.40797
 0.763212  0.323463 -0.319496   1.39166
 0.847435  0.227032 -0.359873   1.55693
 0.851932  0.229073 -0.355222   1.56572
 0.846961  0.221693 -0.367639   1.55652
 0.847407  0.217892 -0.373038   1.55767
 0.852946  0.214846 -0.365942   1.56625
 0.848327  0.218027 -0.368255   1.55766
 0.857968  0.216653 -0.353173   1.57394
 0.858558  0.212077 -0.358702   1.57517
 0.864285  0.208413 -0.350901   1.58403
 0.859482  0.212313 -0.353487   1.57513
 0.849097  0.223582 -0.362394   1.55963
 0.853684  0.215076 -0.361237   1.56594
 0.854893  0.220712 -0.354423    1.5685
 0.852354  0.218605 -0.360695   1.56478
 0.812815  0.232203 -0.398417   1.49987
 0.818143  0.229992 -0.400098   1.51015
 0.822961  0.226254 -0.398747   1.51762
 0.823551  0.229997 -0.393824   1.51877
0.821527 0.228464 -0.39838  1.51605
 0.823785  0.235406 -0.387434     1.519
 0.815874   0.23235 -0.398389   1.50583
 0.821328  0.235078 -0.393627   1.51631
 0.865692  0.240971 -0.298523   1.57961
 0.806585  0.224209 -0.413738    1.4907
  0.80347  0.226382 -0.413091   1.48572
 0.804491  0.224857 -0.411463   1.48604
 0.809008  0.224875 -0.413777   1.49536
0.811047 0.224881 -0.41313  1.49842
 0.809505  0.226463 -0.411475   1.49584
 0.810183  0.225346 -0.413239   1.49774
 0.806639  0.228575 -0.406592   1.48929
 0.808049  0.225583 -0.413746    1.4938
 0.807235  0.227116 -0.409176   1.49148
 0.808911  0.226888 -0.411831   1.49506
  0.74326  0.307245 -0.354476   1.35913
 0.739996  0.297632 -0.364408   1.35337
 0.751405  0.294945 -0.355614   1.37199
 0.747243   0.30223 -0.361987    1.3691
 0.737738  0.287974 -0.373411   1.34948
 0.735926  0.278789 -0.381353   1.34637
  0.74643   0.27711 -0.372863   1.36353
 0.742378  0.282943 -0.379488   1.36033
 0.757413  0.287469 -0.360686   1.38561
 0.757991  0.280298 -0.363831   1.38576
 0.744669  0.292417 -0.371274   1.36451
0.750987 0.281854  -0.3702  1.37351
0.754404 0.290537 -0.36199  1.37971
0.748449 0.285768 -0.36534  1.36701
0.914168 0.160596 0.240775  1.63045
0.912331 0.149772  0.22416  1.63232
 0.91022 0.142347 0.210695  1.63709
0.913216 0.235326 0.303196  1.65719
0.930083 0.217931 0.261493  1.67974
 0.818047 -0.152931  0.177662     1.495
0.938746 0.202222 0.224383  1.69156
0.897732 0.167213 0.353505  1.62708
0.924705 0.193802 0.276749  1.66827
0.924971 0.152015 0.234225  1.66187
0.936161 0.208593 0.240315  1.68806
0.926823 0.152105  0.23607  1.66561
0.928391 0.149689 0.236422  1.66864
0.875852 0.260125 0.245616  1.58813
0.874505   0.2683 0.239487  1.58567
0.880303 0.263714 0.236878  1.59502
0.876982 0.267005 0.241411  1.59159
0.873193 0.276809 0.232797  1.58341
0.871606 0.285369 0.225435   1.5805
0.878163 0.278869 0.222418  1.59098
0.874446 0.284022 0.227742  1.58727
0.885042 0.266529 0.229077  1.60292
0.885494  0.26975 0.221253  1.60306
0.875842 0.275439 0.234728  1.58967
0.880027 0.277298 0.226092  1.59563
0.881441 0.270016 0.232472  1.59845
0.879043 0.271885 0.229868  1.59287
 0.92998 0.140042 0.228418  1.67157
0.927917 0.148282 0.245436  1.66991
0.931083 0.128591 0.223213  1.67403
0.926186 0.154271 0.234166   1.6637
0.931382 0.120618  0.23517  1.67714
  0.9269 0.150966 0.234513  1.66762
 0.937054 0.0829351  0.203024   1.68319
  0.94687 0.0534031   0.18793   1.70368
 0.941314 0.0634897  0.197481   1.69177
 0.942845 0.0607026  0.199954   1.69619
 0.936085 0.0674929  0.219165   1.68369
 0.933347 0.0701193  0.221959   1.67785
 0.938681 0.0764776  0.213222   1.68925
0.928925 0.149733 0.229067  1.66889
0.887563 0.264896 0.231515  1.60873
0.890958 0.250879 0.241947  1.61547
0.882063 0.262165 0.239369  1.59922
0.884168 0.253893 0.244462   1.6033
0.878345 0.258696 0.247242  1.59399
0.881351  0.25608  0.24264  1.59699
0.886904 0.253852 0.241751  1.60713
0.886322 0.257755  0.23539  1.60524
 0.932682 0.0877049  0.241355   1.68164
0.933746 0.102608 0.226608  1.68127
 0.930321 0.0989887  0.231243   1.67374
0.922489 0.146396 0.185766  1.66104
0.925941 0.152524 0.177951  1.67182
0.922004 0.146502   0.2271  1.65694
 0.91292   0.1415 0.212392  1.64293
0.927484 0.150955 0.237966  1.66748
0.926212 0.151398 0.233714   1.6661
0.922542 0.149851 0.228477  1.65588
0.936283 0.175099 0.223911  1.69319
0.934175  0.19558 0.246506  1.68465
0.927782 0.144066 0.242291  1.66911
0.916122 0.137811 0.207806  1.64428
0.926748 0.151918 0.236252   1.6656
0.911948 0.143505 0.208912  1.64187
0.923076 0.160189 0.256741  1.66452
0.916849 0.154716 0.221651  1.64244
0.935996 0.186991 0.223669  1.69314
0.916134 0.156279 0.218513  1.63801
0.922545 0.149032 0.228141  1.65583
0.933314 0.133044 0.180832  1.68505
0.923357 0.193387 0.145325  1.65529
0.930444 0.137321 0.278364   1.6843
0.926578 0.180996 0.203141  1.66011
0.923693 0.162635 0.213525  1.65683
0.923336 0.168222 0.215643  1.64921
0.889188 0.235872 0.253824  1.61031
0.889512 0.239281 0.247483  1.61028
0.884665 0.232191 0.260426  1.60288
0.880187 0.227363 0.267465  1.59587
0.879015 0.235419 0.262721  1.59371
0.881229 0.234076 0.264253    1.599
0.882839 0.246919 0.249134  1.59945
0.877971 0.243586  0.25739  1.59184
0.876888 0.251514 0.251598   1.5898
0.879272 0.250195 0.253567  1.59556
 0.88569 0.238256 0.256974  1.60592
0.880297 0.242222 0.259067   1.5974
0.884416 0.245244  0.25217  1.60337
0.883501 0.240175 0.254962   1.6009
0.893252 0.155077  0.28766  1.61872
0.897402 0.163463 0.288916  1.62622
 0.89864 0.154352 0.289766  1.62885
0.896678 0.156924 0.288703  1.62437
 0.90254 0.166229 0.283246  1.63338
0.907544 0.149229 0.283523  1.64283
0.903589 0.151342 0.287302  1.63585
0.902064 0.153337 0.286332  1.63238
0.902133 0.161189 0.283523  1.63307
0.891193 0.156363 0.288201  1.61423
0.889451 0.165686 0.288458  1.61147
0.895529 0.165624 0.288157  1.62203
0.891648  0.16423  0.28832  1.61637
0.887745 0.175059 0.287485  1.60869
0.886162 0.184229 0.285491  1.60603
0.892874 0.182307 0.283568  1.61734
0.888588  0.18255 0.286015  1.61158
0.900252 0.168689 0.281725  1.62812
0.900667 0.173769 0.277179  1.62873
 0.89011 0.173445 0.287724  1.61405
0.894724 0.179875 0.285458  1.62158
0.896191 0.172057 0.287588  1.62448
0.893997 0.174439  0.28648  1.61956
0.928853 0.135918 0.235958  1.67041
0.896814 0.270338 0.215896  1.62607
0.928752 0.144543 0.236561  1.66952
0.938303 0.180267 0.212101   1.6985
0.927006  0.13234 0.244839  1.66841
0.939252 0.171918 0.205456  1.70034
0.929495 0.151766 0.228434  1.67062
0.925762 0.150831 0.234167  1.66438
0.937189  0.16222 0.206229  1.69352
0.923005 0.146767 0.226503  1.65934
0.918393 0.139059  0.21298  1.65123
0.919661 0.142713 0.212313  1.65771
0.937404 0.171374 0.207174  1.69537
0.916744 0.139791   0.2118  1.64749
 0.92566 0.157521 0.220341  1.65939
0.914182 0.144927 0.222887  1.63841
0.923711  0.14686 0.225585  1.66212
0.919448 0.148689 0.232623  1.64167
0.921857 0.147464 0.216141  1.65866
0.919935 0.158988 0.209634  1.65165
0.926277 0.156971 0.229862  1.65855
 0.762039  0.120359 -0.438405   1.39293
 0.763319  0.123143 -0.439617     1.397
 0.756053  0.123588 -0.443393   1.38365
  0.76003  0.116846 -0.437838   1.38751
 0.756482  0.118847 -0.440914   1.38204
  0.75718  0.114614 -0.437704   1.38056
 0.757724  0.116438 -0.439481   1.38346
  0.75747  0.121438 -0.440989   1.38487
 0.760668  0.119691 -0.439683   1.39063
 0.769623  0.142353 -0.450204   1.41867
 0.751946  0.125797 -0.446977   1.37746
 0.747739  0.129369 -0.449183   1.37048
 0.749985  0.123705 -0.445615   1.37185
 0.747677  0.125907 -0.446745   1.36798
 0.747896  0.122826 -0.444298   1.36602
0.748347 0.124105 -0.44599  1.36863
 0.748394  0.127475 -0.447678   1.37059
 0.750798  0.125657 -0.447106     1.375
 0.764713  0.152742 -0.454442     1.412
 0.769887  0.130571 -0.441708   1.41316
 0.770738  0.135018 -0.439002   1.41425
 0.740627  0.137131 -0.451405   1.35829
 0.741405  0.135723 -0.451658    1.3598
 0.738499  0.135752 -0.450168   1.35247
 0.736771  0.135775 -0.448703    1.3475
0.737951 0.134174 -0.44823  1.34938
 0.738219  0.135021 -0.448672   1.35036
 0.740707  0.132841 -0.449815    1.3564
 0.739127  0.132559 -0.447885   1.35136
 0.740215  0.130932 -0.447485   1.35312
  0.74041  0.131815 -0.447969   1.35398
 0.739514  0.135351 -0.450035   1.35444
0.739334 0.133382 -0.44831   1.3522
 0.740443  0.133867 -0.450059   1.35619
 0.739613  0.134273 -0.449858   1.35434
 0.737161  0.136562 -0.449116    1.3487
  0.73848  0.136798 -0.450512   1.35285
0.737653 0.138108 -0.45118  1.35184
 0.737446  0.137071 -0.450747    1.3509
0.738739 0.140158 -0.45383  1.35653
 0.738442  0.138786 -0.452644   1.35483
 0.739459  0.138221 -0.451867   1.35634
 0.773407  0.157718 -0.432873   1.42096
 0.736574  0.143857 -0.454441   1.35318
 0.734467  0.147735 -0.454494   1.34959
 0.734683  0.143188 -0.451917   1.34716
 0.733466   0.14523 -0.451937     1.345
 0.733031   0.14321 -0.450176     1.342
 0.733392   0.14394 -0.451615   1.34438
 0.734083   0.14612 -0.453711   1.34792
 0.735572  0.144685 -0.453406   1.35053
   0.7799  0.173259 -0.408319   1.42497
 0.776268  0.161027 -0.417608   1.41984
 0.777033  0.165592 -0.416316    1.4215
0.732779 0.151062 -0.45482  1.34702
 0.731516  0.155299 -0.454117   1.34482
 0.730781  0.150649 -0.452036   1.34062
 0.729974  0.152909 -0.451666   1.33913
 0.729118  0.151042 -0.450533   1.33562
 0.729551  0.151531 -0.451522   1.33786
  0.73062  0.153583 -0.453621   1.34223
 0.731796  0.152135 -0.453462   1.34425
 0.788233   0.19154 -0.444546   1.46012
 0.789876  0.193241 -0.446998    1.4645
 0.789336  0.199844 -0.443266   1.46412
 0.788978   0.20125 -0.439242   1.46211
 0.783115  0.192974 -0.450153   1.45286
 0.786864  0.197534 -0.447839   1.46065
 0.729612  0.168705 -0.450749   1.34181
 0.730508  0.173967 -0.448053   1.34313
 0.727306  0.169181 -0.447335   1.33445
  0.72764  0.171941 -0.445948   1.33484
 0.725663  0.170735 -0.446335   1.33003
 0.726293  0.170427 -0.446229   1.33187
 0.728344  0.172053 -0.448251   1.33826
 0.728657  0.170437 -0.448447   1.33865
 0.768816  0.158146 -0.437829   1.41388
 0.728779  0.178152 -0.446021   1.33932
 0.729378  0.176257 -0.446102   1.34015
 0.726653  0.179148 -0.442529    1.3324
 0.724037  0.181417 -0.441843    1.3264
  0.72408  0.178257 -0.443111   1.32652
 0.725758  0.179546 -0.443035   1.33022
 0.726544  0.173302 -0.445146   1.33242
 0.724102  0.175249 -0.444239   1.32656
 0.724197  0.172334 -0.445349   1.32677
  0.72573  0.173518 -0.445291   1.33015
 0.727863  0.177655 -0.443475    1.3351
 0.725691  0.176511 -0.444204   1.33009
 0.727545   0.17467 -0.444953    1.3347
 0.726442  0.176072 -0.443802   1.33198
 0.735801  0.149639 -0.457929   1.35521
 0.738354  0.146859 -0.457459   1.35964
 0.724374  0.196549 -0.435357   1.32694
 0.724104  0.192425 -0.437276   1.32648
 0.727749  0.193064 -0.435589   1.33387
 0.726454  0.194128 -0.437059   1.33161
 0.724016  0.188555 -0.438936   1.32633
 0.723939  0.184812 -0.440499    1.3262
0.727117 0.185663 -0.43931  1.33295
 0.725988  0.186373 -0.440368    1.3307
 0.730386  0.191274 -0.439375   1.34182
 0.730861  0.188916 -0.439578   1.34232
 0.726155  0.190159 -0.438783   1.33102
 0.728503  0.187379 -0.438964   1.33605
 0.729208  0.191099 -0.436945   1.33717
  0.72721  0.189138 -0.437506   1.33287
 0.734079  0.168421 -0.456346   1.35493
 0.796646  0.225139 -0.414019   1.47226
 0.785647  0.225541 -0.408156   1.44659
0.788536 0.229319 -0.40725  1.45317
 0.735441  0.178372 -0.452117   1.35756
 0.737564  0.200412 -0.438539   1.35945
 0.736072  0.196078 -0.439671   1.35591
 0.734493  0.208074 -0.429512   1.34897
 0.734872  0.205038 -0.429907   1.34915
 0.731027   0.21075 -0.424992    1.3391
 0.726542  0.215708 -0.425151   1.33058
  0.72589  0.210647 -0.428031   1.32951
 0.729098  0.212674 -0.427527   1.33637
 0.729416  0.201385 -0.430641   1.33651
0.725253 0.205703 -0.43065  1.32838
0.724882 0.200972 -0.43311   1.3278
 0.727735  0.202855 -0.432701   1.33392
 0.732808    0.2082 -0.426934   1.34319
 0.728319  0.207746 -0.430239   1.33499
 0.731488  0.203504 -0.429972     1.341
 0.729949  0.205813 -0.427921   1.33717
0.746714 0.205936 -0.43593  1.37861
 0.739752  0.229191 -0.414535    1.3575
 0.740519   0.22511 -0.415369   1.35834
 0.735359  0.232516 -0.410131   1.34582
 0.729316  0.239214 -0.410824   1.33513
 0.728642  0.232835 -0.414801   1.33402
 0.732797  0.235474 -0.414055   1.34296
 0.733453  0.221016 -0.417885   1.34288
 0.728029  0.226832 -0.418442   1.33301
 0.727332  0.221114 -0.421913   1.33188
 0.731072  0.223401 -0.421238   1.33985
 0.737672  0.229434 -0.412918   1.35122
 0.731929  0.229273 -0.417763   1.34138
  0.73606  0.223686 -0.416868   1.34851
 0.734146  0.226425 -0.414331   1.34378
 0.815362  0.262432 -0.351958    1.4958
 0.772394  0.243739 -0.392223   1.41782
0.843247 0.244394 -0.33846  1.54509
 0.798385  0.243982 -0.382823   1.46729
 0.886406  0.236545 -0.269134   1.61619
 0.804743  0.274147 -0.348607   1.47741
 0.798797  0.357302 -0.240276   1.45435
 0.798786  0.345964 -0.249145   1.45235
 0.78891 0.372149  -0.2283  1.43487
 0.776311  0.393392 -0.218466   1.41557
 0.771317  0.383201 -0.240476   1.40662
 0.781507  0.388634 -0.234707   1.42939
 0.779955   0.35208 -0.267882   1.41947
 0.767234  0.372066 -0.261549   1.39963
0.762956 0.360762 -0.28093  1.39227
 0.772873  0.366163 -0.275846   1.41408
 0.793061  0.366996 -0.242994   1.44619
 0.777435  0.377461 -0.256066    1.4222
 0.786874  0.357893 -0.261853   1.43496
 0.784018  0.362375 -0.250046   1.42665
 0.905344  0.225123 -0.230974   1.64586
  0.79559  0.427112 -0.106356   1.44982
 0.788309  0.421919 -0.136651   1.43639
 0.809151  0.404666 -0.125784   1.47021
 0.800169  0.426742 -0.128314   1.46335
 0.783794   0.41353 -0.165984   1.42831
 0.780011   0.40333 -0.192312    1.4213
 0.800419  0.388671 -0.178355    1.4541
 0.791106  0.409274 -0.185196   1.44661
 0.820935  0.385044 -0.141857   1.49044
 0.821456  0.372475 -0.156258   1.48892
 0.795531   0.41891 -0.158133   1.45496
 0.807532  0.395242 -0.169627   1.47093
 0.813726  0.402526 -0.145553   1.48304
 0.803978  0.398348 -0.155019   1.46128
 0.936441  0.191762 -0.152653   1.69396
 0.821778  0.419247 0.0211988   1.49458
   0.815098    0.424877 -0.00888419     1.48286
   0.834902    0.403368 -0.00434747     1.51494
    0.826292     0.426135 -0.000165263      1.50835
   0.80908   0.427816 -0.0403794    1.47257
0.802657 0.428149  -0.0726  1.46144
  0.825163   0.406177 -0.0628998    1.49793
  0.814904   0.430548 -0.0636423    1.48893
  0.848127   0.384443 -0.0223211    1.53648
  0.850067   0.375638 -0.0430183    1.53842
  0.820871   0.429566 -0.0315863     1.4992
  0.833226   0.409347 -0.0519347    1.51665
  0.838761   0.408368 -0.0236637    1.52682
  0.829884    0.40701 -0.0342511    1.50664
  0.954676   0.138154 -0.0251363    1.71438
0.846151 0.378984  0.11812  1.53708
 0.840264  0.390537 0.0989135   1.52671
 0.853104  0.374857 0.0977489   1.54732
0.847418 0.389213 0.104531  1.54301
 0.834315  0.401581 0.0762792    1.5164
 0.828082  0.410422 0.0508353   1.50509
 0.844964  0.390601 0.0538422    1.5325
 0.837421  0.410723 0.0590639   1.52675
 0.860999  0.370049 0.0803727    1.5608
 0.861574  0.369618 0.0621922   1.56079
0.842676 0.400643 0.083018  1.53547
 0.850663  0.391055 0.0640549   1.54626
 0.855238  0.383317 0.0843248   1.55477
 0.848783  0.384605 0.0763265   1.53994
 0.950039  0.139102 0.0829567   1.70485
 0.95255 0.132971 0.106555  1.71215
0.873504 0.333673 0.148117  1.58259
0.874074 0.335155 0.134778  1.58254
0.866819 0.334296 0.161742  1.57104
0.860809 0.334834 0.177149  1.56198
 0.85783 0.344877 0.164762  1.55667
0.862263 0.343472  0.16829  1.56699
 0.86177 0.352521 0.133279   1.5621
0.854756  0.35548 0.150868  1.55147
0.850909  0.36637  0.13559  1.54483
0.856449  0.36476 0.139777   1.5575
0.868583 0.342125 0.152391  1.57661
0.859719  0.35388 0.154562  1.56287
0.865476 0.351292  0.13931  1.57097
0.864198 0.344226 0.147824  1.56663
0.932533 0.130577 0.221608  1.67771
0.892065 0.332483 0.122379  1.62062
0.880172 0.299554 0.194565  1.59415
0.880545 0.302273 0.184819  1.59397
0.874807 0.297597 0.205427  1.58519
0.869946 0.295155 0.217423  1.57784
0.867824  0.30468 0.209012  1.57409
0.871058 0.303202 0.211318  1.58164
0.871519 0.314525 0.185646  1.57915
0.865631 0.314631 0.199468  1.57032
0.863233 0.324177 0.188912  1.56594
0.867065 0.322786 0.192048  1.57498
0.876127 0.305023 0.198974  1.58939
0.869209  0.31307 0.201998  1.57863
0.874002 0.313073 0.190244  1.58526
0.872968 0.307044 0.195763  1.58213
0.930886 0.141382 0.227339  1.67391
0.934639 0.130805 0.203631  1.68138
0.924756 0.130232 0.251591  1.66618
0.894659 0.299917 0.177932  1.62269
0.893758 0.204645 0.271849   1.6181
0.893875 0.208397 0.266594  1.61775
0.889407 0.200052 0.277979  1.61131
0.884755 0.193549 0.282976  1.60379
0.883432 0.202049 0.279845  1.60144
0.885626 0.200557 0.280805  1.60657
0.887232 0.215546 0.269573  1.60739
0.882346  0.21053 0.276108  1.59959
0.881237  0.21871 0.271919  1.59759
0.883451 0.217269 0.273225  1.60284
0.890306 0.206469 0.275341   1.6141
0.884561 0.209051  0.27716  1.60478
 0.88877 0.213698 0.271977  1.61109
0.888004 0.208532 0.274024  1.60898
0.918308 0.113694   0.2739  1.65961
0.921519 0.121551 0.261822  1.66339
0.917036 0.119917 0.273918  1.65624
0.912897 0.110334  0.28323   1.6506
0.907286 0.113028 0.295655  1.64333
0.909313 0.118695 0.286775  1.64403
0.909561  0.11187 0.285406  1.64359
0.901402 0.116791 0.297883  1.63355
0.895533 0.119441 0.290787  1.62122
0.900539 0.127873 0.294663  1.63173
0.899024 0.121274 0.294587   1.6276
0.904752 0.133728 0.291892  1.63856
0.908689 0.129941 0.285569  1.64305
0.907561 0.131423 0.284924  1.64046
0.904665 0.116724 0.293968  1.63712
0.903585 0.127426 0.292067  1.63506
0.907805 0.122527 0.284405  1.64021
0.905508 0.124008 0.294171  1.63975
0.923749 0.144674 0.259205  1.66549
0.914066 0.114446 0.281857  1.65225
0.911655 0.117977 0.281495  1.64682
0.913473 0.124371 0.274003  1.64841
0.911356 0.129004 0.282862  1.64792
0.922825  0.12514 0.259192  1.66318
 0.793328  0.203635 -0.437285   1.47098
 0.794038   0.19742 -0.442017   1.47229
 0.800848  0.200041 -0.435167   1.48378
 0.795602  0.200314 -0.437582    1.4739
  0.79324  0.194028 -0.445613   1.47112
 0.789903   0.18711 -0.440902   1.46129
 0.796989   0.18615 -0.437481   1.47407
  0.79288  0.187993 -0.439491   1.46674
  0.81037  0.194914 -0.431832   1.50051
 0.806728  0.184539 -0.432598   1.49167
0.826759 0.184208 -0.42115  1.52889
 0.811874  0.186618 -0.428566   1.50051
0.795198 0.194915 -0.44299  1.47396
 0.800489  0.187066 -0.435747   1.48038
 0.802627  0.196047 -0.435509   1.48598
 0.800135  0.193361 -0.440695   1.48288
 0.738552  0.190374 -0.445654   1.36317
 0.955879 0.0997533 0.0935423   1.71607
 0.954029  0.146394 0.0774875   1.71561
 0.954613  0.126305 0.0658931   1.71428
 0.960754 0.0722823 0.0686279   1.72487
 0.958673  0.106508 0.0563711   1.72266
 0.962746 0.0455909 0.0344306   1.72949
 0.961299 0.0963804  0.039848   1.72797
 0.956406  0.121898 0.0607398   1.71801
 0.958325  0.110748 0.0839884   1.72272
0.932023 0.140039  0.21496  1.67637
 0.759627  0.154628 -0.453732   1.40213
 0.759214  0.154122 -0.453973   1.40136
 0.760016  0.154749 -0.454361   1.40314
 0.758971  0.154301 -0.454427   1.40111
 0.758913   0.15455 -0.454603   1.40112
  0.75906  0.154164 -0.454242   1.40118
 0.758919  0.154108 -0.454283    1.4009
  0.76091  0.152839 -0.451083   1.40297
 0.761619  0.151776 -0.449144   1.40328
 0.743172  0.137944 -0.455141   1.36639
 0.746682  0.135169 -0.454207   1.37265
 0.761645  0.157338 -0.452946   1.40604
 0.762949  0.152028 -0.450357   1.40651
 0.765604   0.15157 -0.456497   1.41465
 0.760718  0.151534 -0.451005   1.40231
 0.758097  0.127088 -0.445613   1.39005
 0.76273 0.126785   -0.444  1.39889
 0.760574  0.152614 -0.453087   1.40323
 0.761309  0.150155 -0.449351   1.40245
 0.767455  0.148623 -0.456086   1.41778
 0.748527  0.135013 -0.453449   1.37599
 0.768107  0.144953 -0.449829   1.41543
 0.759182  0.155579 -0.454282   1.40171
 0.759171  0.155725 -0.454453   1.40178
 0.759827  0.155621 -0.453796    1.4026
  0.75898  0.155603 -0.454647   1.40145
 0.762501  0.157241 -0.452973   1.40772
 0.760751  0.157508 -0.453284    1.4044
0.758765 0.154955 -0.45471  1.40092
 0.760349  0.152993 -0.453138   1.40281
 0.758767  0.154594 -0.454596   1.40081
 0.760122  0.154133 -0.454506   1.40322
 0.759857  0.154495 -0.454391   1.40277
 0.763998    0.1491 -0.460242   1.41278
 0.759556  0.154401 -0.453745   1.40193
 0.758354  0.154148 -0.453881   1.39951
 0.759406  0.154289 -0.453682   1.40161
 0.759002  0.153953 -0.453902   1.40083
  0.75869  0.154206 -0.454148   1.40035
 0.759167  0.154154 -0.454061   1.40132
 0.759363  0.154362 -0.453854   1.40165
 0.758822  0.153888 -0.453957   1.40047
0.773432 0.158583 -0.42485  1.41718
 0.732759  0.156966 -0.457907   1.35052
 0.734826   0.15416 -0.457588     1.354
 0.740263    0.1421 -0.456622   1.36204
0.741926 0.149387 -0.46354   1.3705
  0.76096  0.151057 -0.450947   1.40275
 0.734494  0.159834 -0.458497   1.35512
 0.764049    0.1585 -0.454042   1.41148
 0.758654  0.154889 -0.454516   1.40055
 0.762758  0.158685 -0.454517   1.40917
 0.758764   0.15533 -0.454722   1.40094
0.758937 0.155643 -0.45475  1.40135
 0.756827  0.159942 -0.448559   1.39481
 0.760623  0.155546 -0.450705   1.40269
0.760005 0.154925 -0.45094  1.40147
 0.759315  0.155177 -0.451771   1.40054
  0.75858  0.154932 -0.454489   1.40038
  0.76006  0.155225 -0.452142   1.40221
 0.759294  0.155812 -0.454595   1.40203
  0.75962  0.155766 -0.454482   1.40259
 0.759995    0.1558 -0.450953   1.40157
 0.759444  0.155804 -0.454519    1.4023
 0.759387  0.155757 -0.454171   1.40194
 0.948418  0.163048 0.0837022   1.70417
  0.94983  0.160287 0.0868927   1.70741
  0.88336  0.357986 0.0605767   1.60536
0.907436 0.266517 0.191943  1.64181
 0.950319  0.160414 0.0738896   1.70745
 0.954329  0.151847 0.0262202   1.71449
  0.953879   0.147161 0.00121863    1.71263
 0.955669  0.143635 0.0012459   1.71703
  0.955639   0.145152 -0.0154528    1.71761
  0.953146    0.14935 -0.0549929     1.7137
  0.94793  0.171056 0.0354636   1.70033
 0.950492  0.169997 0.0324084    1.7067
  0.954531   0.133218 -0.0569989    1.71533
 0.850454  0.349229 -0.178211   1.55092
   0.951616    0.161142 -0.00960212     1.70841
  0.949853    0.16605 0.00899352    1.70429
 0.939348  0.149633 -0.146491   1.69193
 0.945118   0.16407 -0.129807   1.70581
 0.928963   0.17472 -0.186298   1.67945
 0.828016  0.324699 -0.262616   1.51586
  0.854049   0.364055 -0.0844472    1.54685
  0.84591  0.347363 -0.114937   1.52598
 0.914046  0.193052 -0.225214   1.65727
0.896242 0.210128 -0.26262  1.63026
 0.797767  0.302458 -0.326138   1.46445
 0.910793  0.250704 -0.176762   1.65112
 0.877269  0.226795 -0.293226   1.60061
 0.778337  0.276313 -0.369579   1.43236
 0.890379  0.267581 -0.221212   1.61922
 0.826134   0.23795 -0.367766   1.51748
  0.83779  0.242986 -0.356122   1.53989
 0.839852   0.27501 -0.311746   1.53747
0.808356 0.233862  -0.3912  1.48811
 0.818304  0.240031 -0.382756   1.50774
 0.800318  0.229152 -0.413278   1.48064
 0.796785  0.237773 -0.399413   1.46942
 0.805034  0.232224 -0.408549   1.48932
0.913544  0.14401 0.204377  1.64408
 0.923051 0.0821695  0.160149    1.6642
0.915903 0.138973 0.202359  1.64387
0.926742 0.186445 0.261884  1.67479
0.932372 0.191318 0.239837  1.68567
0.921665 0.144908 0.283547  1.66392
0.923446 0.161061 0.275978  1.66938
0.925098 0.153825 0.234276  1.66137
0.928056 0.176058 0.248962  1.67777
 0.92662 0.153972 0.234814  1.66495
0.928178 0.152096 0.233752  1.66799
0.929604  0.14809 0.231299  1.67086
0.899685  0.24214 0.240991  1.63048
0.927145 0.155744 0.233757   1.6659
0.931466 0.135226 0.215854   1.6742
0.928123 0.150309 0.240698  1.66921
 0.947765 0.0747037  0.181419   1.70571
  0.94549 0.0767452    0.1937   1.70213
 0.939492 0.0949293  0.200425   1.68965
 0.94446 0.100065 0.184745  1.69975
0.943642 0.087499 0.184629  1.69652
0.927956 0.154948 0.231182  1.66745
0.928959 0.152625 0.227338  1.66921
 0.93409 0.122015 0.204324  1.67875
0.906355 0.292308 0.121519  1.63646
0.935935 0.113498 0.213526   1.6844
0.929703 0.156839 0.215155  1.67227
0.935148 0.162158 0.213104  1.68115
0.917931 0.143713 0.211859  1.65399
0.938251 0.166004 0.205391   1.6934
0.927642 0.152523 0.238021  1.66824
0.927487 0.153088 0.233984  1.66978
0.934978 0.175936 0.215393  1.69201
0.926304 0.155133 0.233874  1.66327
0.932035  0.17858 0.228896  1.68604
0.924482 0.150446 0.228369  1.65932
0.918029  0.13234 0.200933  1.64726
0.931268 0.143429 0.203104  1.67496
0.916012 0.135051 0.201773  1.64989
0.927037 0.150747 0.224573   1.6712
0.922072 0.132685 0.198752  1.66265
0.930009  0.13778 0.245935  1.67724
0.929921 0.172628 0.241125  1.68138
 0.914809 0.0206041  0.208248   1.64318
0.92189 0.13183 0.18757 1.65925
0.930058 0.151387 0.248981  1.68016
0.907111 0.184511 0.267909  1.64011
0.908426 0.148574 0.280371  1.64184
 0.90731 0.161584 0.275173  1.63996
0.903347 0.213141 0.258896  1.63595
0.926756  0.14074 0.250249  1.66914
0.927183 0.155636 0.233448  1.66565
0.904899 0.229623 0.230448  1.63378
0.927993 0.151353  0.24059   1.6694
0.938967  0.17126 0.220841  1.69584
0.939227 0.166786 0.221739  1.69209
0.926253 0.151467 0.251746  1.66863
 0.92459 0.146886  0.22537  1.66407
0.921306 0.140859 0.213497  1.65877
 0.92385 0.145546  0.21281  1.66646
0.938216 0.171131 0.222805  1.69236
 0.91995 0.141626 0.212578  1.65575
 0.93252 0.159219 0.225257  1.67411
  0.9205 0.148288 0.217483  1.65451
0.925585 0.148402 0.224446  1.66743
0.928084 0.156243 0.228113  1.66309
0.925539 0.150912 0.215051  1.66693
 0.755319  0.130503 -0.448417   1.38639
 0.763829   0.15041 -0.457151   1.41107
 0.762483  0.150274 -0.451769    1.4059
 0.764796  0.138971 -0.452353   1.40904
 0.743447  0.140521 -0.456444   1.36825
 0.765654  0.161118 -0.439072   1.40849
 0.759862  0.151986 -0.453319   1.40174
 0.740087  0.145899 -0.458088   1.36334
 0.768526   0.16277 -0.426871   1.40867
 0.760021  0.161145 -0.444557   1.39959
 0.770528  0.183199 -0.443849   1.42293
 0.745544   0.14298 -0.461527    1.3756
 0.731274  0.165379 -0.456293   1.34838
0.732645 0.162399 -0.45626  1.35053
 0.744188  0.184264 -0.452934   1.37645
 0.739658   0.16655 -0.462343    1.3687
 0.731476  0.175097 -0.452639   1.34887
 0.732168   0.17185 -0.452919   1.34972
 0.740949  0.174782 -0.458922   1.37111
 0.733214  0.186577 -0.446765   1.35175
0.733303 0.182811 -0.44736  1.35138
 0.761564  0.220814 -0.414933   1.40026
 0.75497 0.193616 -0.45033  1.39837
  0.78531  0.204971 -0.439345   1.45627
0.776572 0.198059 -0.44878  1.44137
 0.77896 0.204212 -0.43881  1.44268
 0.744369  0.220165 -0.426638   1.37217
 0.743501  0.214391 -0.427983   1.36952
 0.756306  0.205787 -0.433042   1.39484
0.752128 0.243963 -0.40576  1.38407
0.751661 0.235352 -0.40903  1.38227
 0.765233  0.250001 -0.400323   1.41092
 0.762791  0.270804 -0.377115   1.40066
0.761067 0.260409 -0.38245  1.39626
 0.788528  0.252763 -0.384115   1.45134
 0.778877  0.299369 -0.336795   1.42642
 0.774118  0.287612 -0.345231   1.41572
 0.802439  0.327037 -0.278827   1.46492
  0.79369  0.314724 -0.291266   1.44553
  0.86641  0.279318 -0.265635   1.58218
 0.855638   0.26576 -0.303897   1.56734
 0.829288  0.353028 -0.191633    1.5072
 0.824258  0.336658 -0.210012   1.49427
  0.938165   0.205801 -0.0971012    1.69138
 0.897453  0.292666 -0.136333   1.62334
  0.950106   0.156908 -0.0560268    1.70678
0.919657 0.212363 -0.17199  1.66115
 0.872093  0.356194 0.0423925   1.57762
   0.873974    0.358064 -0.00639438     1.58389
0.880372 0.337725 0.113695  1.59428
 0.879857   0.34001 0.0842032   1.59149
0.947044 0.165871 0.100798   1.7015
 0.943053  0.201169 0.0501302    1.6931
 0.948539  0.174405 0.0582267   1.70326
0.887985 0.302701 0.169431  1.60656
0.889185 0.306761 0.146929  1.60733
0.902287 0.273684 0.162311   1.6267
0.891314 0.273527   0.2096  1.61292
0.892217 0.281196 0.190298  1.61352
0.894256 0.246006 0.237808   1.6183
0.894373 0.252772 0.224657   1.6173
 0.93064 0.147127 0.223091  1.67322
 0.89806 0.217134 0.258037  1.62465
0.897663 0.223834  0.24806  1.62273
0.903186 0.187352 0.271925  1.63334
0.901545 0.194192 0.264402  1.62882
0.913455 0.146076 0.277133  1.65215
0.929897 0.148535 0.221664  1.67116
 0.777318  0.232371 -0.407631   1.43322
 0.789644  0.209995 -0.430835   1.46191
 0.794243   0.21492 -0.425966   1.47046
 0.79519 0.219623 -0.42014  1.47077
 0.797651  0.223166 -0.416764   1.47528
 0.787744  0.221042 -0.417062   1.45455
 0.793299  0.217636 -0.420792   1.46649
 0.767615  0.212359 -0.426793   1.41686
 0.786326  0.189537 -0.447066   1.45701
 0.777324  0.186711 -0.441017   1.43658
 0.784536  0.191076 -0.449271   1.45487
 0.951526 0.0860043  0.123109   1.70715
 0.951045 0.0732872  0.147955   1.70803
  0.94835 0.0554994  0.144876   1.69995
   0.9462 0.0875178   0.15584   1.69808
 0.949539 0.0903344  0.143729   1.70485
0.929747 0.152368 0.220981  1.67145
0.941748 0.116585 0.160257  1.69051
 0.949271  0.149283 0.0933992   1.70454
 0.759665  0.154272 -0.453871   1.40216
 0.759237  0.154003 -0.453766   1.40124
 0.759061  0.153873 -0.453862    1.4009
 0.759978  0.154294 -0.454674   1.40311
 0.760292  0.153848 -0.454719   1.40364
 0.758633  0.154512 -0.454318   1.40036
  0.76254   0.15996 -0.452983   1.40823
0.759447 0.153884 -0.45406  1.40173
 0.750116  0.138414 -0.458868   1.38268
  0.75967   0.15409 -0.454752   1.40246
 0.761544  0.149521 -0.449708   1.40306
 0.756124   0.13541 -0.455865   1.39293
 0.758041  0.154581 -0.453495   1.39873
0.762682 0.149366 -0.45365   1.4071
 0.764386  0.146361 -0.457303   1.41157
   0.7578  0.147667 -0.452543   1.39648
 0.759969  0.135826 -0.455608   1.40055
 0.770685  0.137529 -0.442402   1.41605
 0.764099  0.136691 -0.454081   1.40853
0.760279 0.148755 -0.45015   1.4005
 0.759204  0.155783 -0.454678   1.40189
 0.759061  0.155708 -0.454645   1.40156
 0.759251   0.15545 -0.453311    1.4012
  0.75878    0.1554 -0.454645   1.40094
 0.761631  0.159163 -0.454933   1.40715
 0.758275  0.154567 -0.453769   1.39933
  0.75852  0.154547 -0.454304   1.40011
0.759807 0.153485 -0.45486  1.40262
 0.760861  0.159026 -0.455344   1.40584
 0.758531  0.154222 -0.454158   1.40002
0.759224 0.152931 -0.45539  1.40159
 0.758637  0.153996 -0.454047   1.40015
0.758763  0.15381   -0.454  1.40033
  0.75882  0.154013 -0.454013   1.40052
 0.759348  0.154088 -0.453765   1.40149
 0.758284  0.154002 -0.453951   1.39935
 0.759436  0.154038 -0.453924   1.40166
 0.759039  0.153786 -0.453966   1.40086
 0.764942  0.161586 -0.433438    1.4044
 0.740273  0.159196 -0.463909   1.36933
 0.747622  0.151055 -0.470816   1.38572
 0.763159  0.160465 -0.443369   1.40539
 0.76209 0.160067  -0.4504  1.40632
 0.760026  0.150296 -0.451265   1.40082
 0.761401  0.159748 -0.454465   1.40664
 0.758408  0.154812 -0.453876   1.39969
 0.758656   0.15528 -0.454057   1.40035
 0.759949  0.160545 -0.451192   1.40238
0.760236 0.157394 -0.45336  1.40345
 0.759627  0.155706 -0.451411   1.40107
 0.758887  0.155433 -0.453869   1.40074
  0.75988  0.159932 -0.455021   1.40381
 0.759591  0.155241 -0.451113   1.40077
 0.759449  0.155485 -0.452823   1.40135
 0.759256  0.155764 -0.454343   1.40178
0.758825 0.155536 -0.45209  1.39976
 0.759049  0.155718 -0.454434   1.40139
0.758946 0.155497 -0.45344  1.40065
  0.94742  0.174964 0.0805728   1.70195
  0.90173  0.315236 0.0810249   1.63056
 0.898885  0.324481 0.0280469    1.6248
0.897973  0.29601 0.111007  1.61731
   0.95212   0.166106 0.00401668    1.71041
 0.892024  0.312523 0.0500865   1.60512
  0.952554   0.168019 -0.0260953    1.71279
  0.947794   0.190584 -0.0141702     1.7037
  0.947748    0.19178 -0.0503182    1.70706
 0.944467   0.19888 0.0145798   1.69598
  0.944521    0.17847 -0.0963508    1.70162
 0.934012  0.190264 -0.131924   1.68326
 0.881557  0.335789 -0.139479     1.606
  0.928483   0.246326 -0.0879817    1.67557
  0.86841  0.317341 -0.204916   1.58247
  0.93814   0.22017 -0.050364   1.68862
 0.901517   0.23241 -0.214308   1.63358
 0.879682  0.250124 -0.258343   1.60057
 0.833928  0.307889 -0.260397   1.51825
 0.884867  0.274101 -0.200025   1.60215
 0.804211  0.287408 -0.317524   1.46688
 0.851445  0.297828 -0.250527    1.5509
 0.821514  0.242465 -0.370184   1.50971
   0.8031   0.23986 -0.392995   1.48049
 0.827038  0.292076 -0.304134   1.51428
 0.833775  0.263488 -0.342384   1.53324
 0.91877 0.132265 0.196468  1.64969
 0.923656 0.0974937  0.205357   1.66095
0.931924 0.145604 0.236933  1.68158
0.925118 0.148644 0.228863  1.66127
0.926646 0.154505 0.233792  1.66372
0.933026 0.176738 0.230947  1.68784
0.927294 0.153414  0.24552  1.66933
0.927794 0.147486 0.232351  1.66817
 0.93117 0.169594 0.236139  1.68279
0.928259 0.154593 0.231864  1.66829
0.910963 0.223528 0.240786  1.64882
0.928425 0.157042 0.233027   1.6685
 0.93092 0.142206 0.213044   1.6734
0.936405 0.167998 0.229246    1.688
0.908223 0.246466 0.219256   1.6436
 0.92884 0.156717 0.230712  1.66979
0.932909 0.133743 0.201688  1.67701
0.936483 0.122893 0.186594  1.68277
0.939289  0.12289 0.181484  1.68869
0.930264 0.151894 0.221118  1.67276
0.935311 0.162078 0.224319  1.68076
0.938513 0.163568 0.223038  1.68679
0.926318  0.14987  0.21487  1.66918
0.940004 0.168236 0.222082  1.69251
 0.92811 0.154949 0.240481  1.67039
0.937385 0.168803 0.230402  1.68935
0.934775 0.171953 0.227459  1.68821
0.928287 0.155717 0.233484  1.66725
0.927199 0.150392 0.229453  1.66553
0.929294 0.155144 0.226526  1.67046
0.930179 0.157959 0.232873  1.67222
0.928736 0.162291 0.246855  1.67856
0.928905 0.156527 0.233181  1.66926
0.928154  0.15586 0.249447  1.67574
0.923413 0.116804 0.195115  1.66085
0.933284 0.164074 0.239192  1.68288
0.920535 0.121787 0.196574  1.65173
0.930538  0.14873 0.234802  1.67605
0.916692 0.143533 0.263547  1.65252
0.909574 0.167527 0.275128  1.64458
0.921092 0.140787 0.261716  1.66205
0.916781 0.157216 0.266245   1.6546
 0.92513 0.147121 0.250323  1.66628
0.929555 0.154898 0.226806  1.67111
0.927835  0.15391 0.243673  1.67034
0.938263 0.170631 0.228454  1.69193
0.927743  0.15266 0.235299  1.67027
0.938523 0.167425 0.226352  1.69073
0.926102 0.148283 0.224785  1.66837
0.924055  0.14344 0.213952  1.66566
0.935304 0.161132 0.223856  1.68327
0.927796 0.159663 0.243244  1.67132
0.923191 0.144209 0.213012  1.66385
0.922731 0.146653 0.211873  1.66426
0.932307 0.158521 0.224639  1.67512
 0.92732 0.149125 0.214107  1.67326
0.935561 0.162174 0.223959  1.68285
 0.93631  0.16156 0.222816  1.68667
 0.754031  0.138139 -0.457082   1.38975
 0.760452  0.148118 -0.456874   1.40389
0.760204 0.143726 -0.46087  1.40449
0.749276 0.142177 -0.46047  1.38255
 0.759277  0.159891 -0.453254   1.40194
 0.745645  0.147698 -0.463407   1.37776
 0.759945  0.149836 -0.451436   1.40073
 0.74241 0.152836 -0.46411  1.37254
 0.738726  0.155062 -0.463541   1.36509
 0.760649  0.184327 -0.462189   1.41309
 0.736769  0.162088 -0.462495    1.3619
 0.748463  0.185191 -0.459687   1.38811
 0.745925  0.159904 -0.472448    1.3849
 0.736552  0.170194 -0.459791   1.36158
0.746921 0.173165 -0.46952  1.38789
 0.738109  0.179405 -0.454587   1.36376
0.750174 0.180722 -0.46506  1.39355
 0.741488  0.190142 -0.446586   1.36856
 0.749379  0.195869 -0.444244   1.38494
 0.749829  0.203167 -0.435769   1.38273
 0.784964  0.265069 -0.359697   1.43604
0.814169 0.254815 -0.37192  1.50012
0.863217 0.318222 -0.16783   1.5623
 0.908739  0.254303 -0.159843   1.64319
  0.884875   0.333219 -0.0856915    1.60346
 0.923318  0.233299 -0.121982   1.66453
  0.898156   0.314986 -0.0836933    1.62641
   0.89068   0.321607 -0.0190354    1.60597
 0.915156  0.296892 0.0520741   1.65251
 0.945826  0.201294 0.0451635   1.70016
0.941523  0.14024 0.151022  1.69037
0.926627 0.269971 0.044644   1.6706
0.937168 0.176799  0.16063  1.68485
0.908807 0.277192 0.154183  1.64133
0.919731 0.241093 0.192545   1.6613
0.917932 0.249116 0.170045  1.65512
0.923037 0.265074 0.107897   1.6637
0.902718  0.25208 0.203208  1.62883
0.931023 0.147537 0.212518  1.67474
0.941429 0.191253 0.132097  1.69375
0.913915 0.164614 0.262308  1.64798
0.920781 0.185675 0.250289  1.66238
0.908592 0.205079 0.250376   1.6411
0.912201 0.183182 0.262097   1.6479
 0.786828  0.210521 -0.432196   1.45711
 0.774327   0.20714 -0.427399   1.42777
0.779148 0.215859  -0.4247  1.43889
0.764769 0.196054 -0.44676   1.4174
0.768021 0.192199 -0.45629  1.42651
 0.770572  0.178613 -0.447226   1.42488
0.946978 0.117951 0.126924  1.69918
0.945933  0.11333 0.158831  1.70018
0.932641 0.143181 0.201357  1.67797
0.948605  0.12066  0.12156  1.70223
0.930792 0.150749 0.202976  1.67529
 0.945214   0.16718 0.0910604   1.69587
0.929184 0.250496 0.103779  1.67385
 0.759696  0.153851 -0.455194   1.40268
 0.758497  0.153826 -0.454044   1.39979
 0.759854  0.153167 -0.455198   1.40285
 0.758322  0.154466 -0.453841   1.39946
 0.759891  0.151587 -0.453336    1.4018
 0.754675  0.151097 -0.469491   1.39887
 0.754742  0.145858 -0.466931   1.39722
 0.759328  0.157197 -0.453702    1.4017
 0.758772  0.150817 -0.453595   1.39954
0.760018 0.148161 -0.45097  1.40033
 0.761003  0.148965 -0.454239   1.40383
 0.761475  0.148743 -0.461127   1.40793
 0.760524   0.14765 -0.464771    1.4077
  0.76436  0.144641 -0.459362   1.41251
  0.75979  0.142022 -0.463047   1.40489
 0.758839  0.149461 -0.451809   1.39854
 0.758408  0.154858 -0.453821   1.39966
 0.759106  0.156991 -0.453746   1.40132
 0.759696  0.158898 -0.455773   1.40362
 0.758124  0.159177 -0.456532   1.40087
0.758199 0.154253 -0.45384  1.39917
 0.759257  0.153749 -0.455314    1.4018
0.759072 0.153596 -0.45451  1.40109
 0.759391  0.159513 -0.456073   1.40333
 0.756515  0.157855 -0.456784   1.39768
 0.758508  0.153926 -0.453956   1.39982
 0.758796   0.15374 -0.454024   1.40036
 0.757871  0.154237 -0.454284   1.39868
 0.745315  0.166021 -0.471805   1.38449
  0.76011  0.162157 -0.435294    1.3953
 0.742976  0.162112 -0.471667   1.37882
 0.759113  0.160115 -0.447719   1.39917
 0.759012  0.151137 -0.453627   1.40003
 0.751918   0.15147 -0.470673   1.39392
0.758186 0.154801 -0.45317  1.39888
 0.755802  0.158753 -0.444001   1.39033
 0.757447  0.150421 -0.453732   1.39689
 0.759355  0.158606 -0.455993   1.40308
 0.758436  0.154916 -0.453027   1.39934
 0.757907   0.15494 -0.453462   1.39848
 0.758989  0.155697 -0.451659   1.39987
0.758667 0.155349 -0.45396  1.40032
 0.758325  0.156376 -0.453906   1.39973
 0.758887  0.155271 -0.451946   1.39976
0.943038 0.201499 0.103254  1.69638
 0.944398  0.203555 0.0729936   1.69802
  0.941318   0.227556 -0.0111364    1.69524
 0.911976   0.28667 0.0691097   1.64256
   0.946136    0.206038 -0.00782949      1.7027
  0.935957    0.22761 -0.0496451    1.68445
  0.944833   0.201986 -0.0499379    1.70117
  0.935791   0.208591 -0.0884279    1.68417
  0.927561   0.245597 -0.0747159     1.6712
 0.935803  0.230783 -0.015614   1.68283
 0.910848  0.292496 -0.124396   1.65306
  0.926014   0.268343 -0.0468261    1.67091
 0.916276  0.269688 -0.122677    1.6587
 0.895792  0.294331 -0.165574   1.62606
  0.9289 0.154651 0.233963  1.66871
0.932335 0.158401 0.240598  1.68108
0.936176 0.171294 0.231847  1.68925
0.931278 0.151893 0.238868   1.6785
0.928927 0.156591 0.230677  1.66984
 0.92683 0.159423 0.246023  1.66975
0.930056 0.155354 0.220569  1.67295
0.926974 0.150776 0.223981  1.67138
0.930164 0.148109 0.212867  1.67269
0.929953 0.157096 0.226381  1.67252
0.919286 0.224892 0.218117  1.66092
0.929913 0.158395 0.230323  1.67236
0.933532 0.139369 0.191245  1.67878
 0.91956 0.175555 0.252433    1.658
0.915821 0.228542 0.205138  1.65118
 0.92959 0.152401 0.213818  1.67255
0.938183 0.166878 0.226911  1.69015
0.925966 0.146657 0.214822  1.67041
0.928206 0.156068 0.234699   1.6723
0.935562 0.165243 0.230953  1.68615
0.935345 0.167926 0.234787   1.6862
0.930406 0.155992 0.233642  1.67239
0.933649  0.16848 0.236165  1.68503
0.931804 0.160981 0.239641    1.681
0.930981 0.154566 0.235125  1.67439
0.927648 0.153598 0.223883  1.67349
0.931925 0.153472 0.237117  1.67929
0.930309 0.157919 0.230889  1.67309
0.921372 0.157138 0.257291  1.66141
0.922402 0.171996 0.255165  1.66471
0.925276 0.160753 0.251071  1.66777
0.929922 0.157265 0.226094  1.67244
 0.92951 0.155785 0.213586  1.67339
0.927927 0.156074 0.235841  1.67156
0.935971  0.16599 0.224487  1.68724
0.925277 0.167901 0.245671  1.66783
0.933016 0.158529 0.219062  1.68247
0.928969 0.153981 0.208775  1.67297
0.925765 0.147411 0.213556  1.67006
0.932946 0.159993 0.218612  1.68208
 0.92871 0.152026 0.213643  1.67635
0.926774 0.150309 0.213032  1.67234
 0.755583  0.142331 -0.464324   1.39691
 0.757282  0.148107 -0.460094     1.399
 0.751077  0.146061 -0.468429   1.39056
 0.750789  0.150087 -0.470199   1.39169
 0.758626  0.148049 -0.451449   1.39765
 0.747955  0.154591 -0.471892   1.38769
  0.74474  0.156225 -0.471861   1.38139
 0.755529  0.170414 -0.453548   1.39578
 0.742777  0.168881 -0.470087   1.37883
 0.757431  0.149297 -0.452465     1.396
 0.744786  0.176901 -0.466537   1.38247
 0.755957   0.16023 -0.440965   1.38929
 0.761685  0.175808 -0.450604   1.40745
 0.756619  0.167735 -0.454297   1.39833
0.759752 0.188115 -0.45936  1.41003
 0.753859  0.167879 -0.456456   1.39369
  0.911038   0.295093 -0.0859565     1.6485
   0.90253   0.316689 -0.0319997    1.63182
  0.917277   0.290401 -0.0820749    1.66083
0.909848 0.293336 0.018745  1.63821
  0.92724  0.266915 0.0798066   1.67258
 0.930243  0.273019 0.0344977   1.68006
 0.919245  0.286903 0.0854171   1.66089
0.918153 0.275376 0.111407   1.6568
0.939897  0.14205 0.164304  1.68969
0.916291 0.257952 0.139813  1.64932
0.913966 0.246195 0.175381   1.6459
0.937126 0.137443 0.176077  1.68424
0.916934  0.21068 0.227518  1.65403
 0.92776 0.245938 0.129039  1.67146
0.912728 0.199796 0.257615   1.6513
0.916228 0.179969 0.261651  1.65597
0.930116 0.152621 0.212527  1.67367
0.933503 0.151174 0.186614  1.67926
  0.76126  0.173348 -0.451336   1.40714
 0.753746  0.179597 -0.464931   1.39928
 0.768609  0.196043 -0.451795    1.4258
0.755433 0.189073 -0.45738  1.40212
0.935592 0.140188 0.186479    1.683
0.944785  0.15143 0.128966  1.69731
0.943651  0.15297 0.119008  1.69271
0.929366 0.154963 0.203347  1.67399
 0.940714   0.20027 0.0807418   1.68859
0.934285  0.23976 0.102255  1.68272
0.924495 0.234664 0.161649  1.66509
0.932455  0.16738 0.187568  1.67753
 0.759183  0.153767 -0.454123   1.40118
 0.758898  0.153635 -0.454551   1.40075
 0.759186  0.153509 -0.455855   1.40188
 0.758099   0.15395 -0.454609   1.39923
 0.758445  0.153818 -0.454606   1.39993
 0.759114   0.15263 -0.455784   1.40154
 0.757591   0.15968 -0.453863   1.39872
  0.75815   0.15402 -0.454347   1.39926
  0.75845  0.152571 -0.455981   1.40025
 0.758396  0.149121 -0.452159   1.39782
 0.758166  0.148346 -0.465593   1.40339
0.747619 0.160065 -0.47173  1.38731
 0.751852  0.154327 -0.471513   1.39482
  0.75871  0.148669 -0.457501   1.40071
0.758103 0.154814 -0.45332   1.3988
 0.758284  0.157754 -0.456397     1.401
 0.757884  0.154557 -0.453789   1.39854
 0.758356  0.158135 -0.456357    1.4011
 0.757987  0.154284 -0.453937   1.39879
 0.758737  0.153585 -0.455961   1.40102
 0.758475  0.153605 -0.454713   1.39995
 0.757676  0.154734 -0.454425   1.39844
   0.7585  0.153538 -0.455615    1.4004
 0.758116  0.152405 -0.456213   1.39969
 0.750185   0.15821 -0.472238   1.39255
 0.749335  0.163096 -0.471772   1.39148
 0.747287  0.165349 -0.470654   1.38701
 0.756681  0.158933 -0.450895   1.39554
 0.757494  0.159006 -0.455348   1.39918
 0.752078  0.155935 -0.448134   1.38423
 0.752181  0.154248 -0.462433    1.3911
 0.758052  0.158719 -0.457173   1.40103
0.757979 0.155304 -0.45319  1.39854
0.756582 0.150449   -0.454  1.39524
  0.75831  0.156531 -0.454058   1.39974
 0.758238  0.155085 -0.452723   1.39882
 0.758391  0.155015 -0.452659   1.39907
 0.758762  0.155157 -0.452511   1.39978
 0.757805  0.155783 -0.454356   1.39879
 0.758266  0.155373 -0.452309   1.39868
 0.936984  0.237744 0.0752477   1.68712
 0.939414   0.24338 0.0649887   1.69417
 0.936354  0.238884 0.0247691   1.68478
 0.941921  0.227306 0.0239077   1.69597
  0.911676   0.292847 -0.0352487    1.64434
  0.925556   0.267114 0.00149302    1.66725
0.929662 0.151245 0.232718  1.67307
0.931857 0.155007 0.234963  1.67681
0.930884 0.157142 0.233533  1.67364
0.934096 0.161639  0.23697  1.68224
0.934903  0.16437 0.234994  1.68439
0.933206 0.158786 0.236555  1.68038
0.927436 0.161145 0.234979  1.67137
0.933038 0.158505 0.236528  1.67935
0.931308 0.159972 0.230654  1.67565
0.929824 0.155268  0.22111  1.67243
0.929896 0.149948 0.205886  1.67355
0.926829 0.157879 0.221193  1.67171
0.931103 0.149229 0.197364  1.67579
0.930579 0.158972 0.226034  1.67449
0.928287 0.157925 0.207944  1.67314
 0.93011  0.15764 0.220793  1.67384
0.929508 0.153042 0.215487  1.67615
0.929177 0.154231 0.214352   1.6753
0.935449 0.163494 0.225667  1.68636
0.926983   0.1496 0.215628  1.67298
0.927271 0.154166 0.223773  1.67224
0.929217 0.157504 0.214959  1.67378
0.935546 0.167201 0.233203  1.68611
0.931994 0.159441 0.233545  1.67648
0.934546 0.164436 0.227585  1.68476
0.934326 0.163606 0.235922  1.68327
0.932608 0.159106 0.233673  1.67786
0.933824 0.162307 0.228732  1.68321
0.923082 0.189733 0.230742  1.66354
0.918166 0.191403 0.243042  1.65563
0.923644   0.1791 0.239741  1.66481
 0.92682 0.166713 0.245051  1.67103
0.928192  0.16023 0.235063  1.67332
 0.93408 0.162478 0.223299  1.68464
0.932233  0.15681 0.219199  1.68153
0.926599 0.167237 0.231746  1.67016
0.927134 0.150095 0.214734  1.67342
0.930214 0.155561 0.216715   1.6786
0.928462 0.151377 0.215017  1.67567
0.932187 0.157782 0.219023  1.68153
 0.755621  0.147887 -0.468209    1.3995
 0.755689  0.148397 -0.453837   1.39294
 0.757842  0.150667 -0.453896   1.39773
 0.756846  0.149145 -0.452729   1.39495
 0.749277  0.155372 -0.471846   1.38989
  0.75387  0.157289 -0.447517    1.3879
0.753987 0.165562 -0.45801  1.39459
 0.755866  0.150461 -0.453321   1.39353
 0.751214   0.16362 -0.459084   1.38897
 0.751843   0.15723 -0.461532   1.39057
 0.750245   0.16845 -0.470145   1.39344
 0.749078  0.171418 -0.467969   1.39027
  0.916374   0.297049 0.00522909    1.65498
   0.93246   0.274359 -0.0188902     1.6867
0.923489 0.255608 0.133457  1.66484
 0.93662 0.228629 0.125826  1.68777
0.924204 0.226118 0.184091  1.66598
0.936483 0.156514 0.173988  1.68356
0.927601 0.165299 0.233816  1.67298
0.919073  0.20803 0.232114  1.65873
0.925587 0.204745 0.218363  1.67015
0.920269 0.196603 0.241233  1.66125
0.927365 0.219324 0.179785  1.67049
0.924311 0.209215 0.203819  1.66511
0.932483  0.15119 0.191453  1.67824
0.934657 0.215598 0.162926  1.68491
0.930696 0.159503 0.197661  1.67586
0.935518 0.154559 0.176841  1.68286
 0.938463  0.239521 0.0965935   1.69266
 0.930521  0.261025 0.0789616   1.67807
0.939524 0.192387 0.116197  1.68709
0.933745   0.2334 0.125244  1.68211
 0.758545  0.153426 -0.456837   1.40101
0.757584  0.15425  -0.4558  1.39873
0.757478 0.154852 -0.45509  1.39832
 0.758081  0.154031 -0.455791   1.39973
 0.754011  0.151679 -0.462089    1.3941
 0.757961  0.153609 -0.455729   1.39935
 0.756903  0.148448 -0.452886   1.39495
 0.757351  0.155095 -0.456574   1.39879
 0.754338  0.149966 -0.461765   1.39419
 0.757018  0.152443 -0.456639   1.39772
 0.757677  0.155194 -0.454145   1.39836
 0.757313  0.157786 -0.457783   1.39968
 0.757675  0.153619 -0.457308    1.3995
 0.757501  0.157285 -0.456654   1.39942
 0.752338  0.152111 -0.454239   1.38702
 0.757698   0.15439 -0.455289   1.39882
 0.758047  0.153671 -0.456964   1.40009
 0.757431  0.154317 -0.457126   1.39905
 0.751955  0.173755 -0.467287   1.39625
 0.755096  0.177441 -0.463726   1.40138
 0.749911  0.159479 -0.460473   1.38636
 0.753898  0.158679 -0.444809   1.38676
 0.755076  0.158416 -0.451463    1.3924
 0.755333  0.157535 -0.453321   1.39372
 0.756259  0.158445 -0.455791   1.39674
 0.756256  0.156491 -0.457758   1.39737
  0.75709  0.158123 -0.457522    1.3991
 0.757611  0.156193 -0.455166   1.39883
 0.755709  0.157039 -0.457093   1.39601
  0.75764  0.156627 -0.457105   1.39985
 0.920495  0.289163 -0.044439   1.66447
  0.930385   0.257607 -0.0480101    1.67884
0.931847 0.159453 0.231452  1.67668
0.933639 0.161959 0.231818  1.68192
 0.93363 0.161667 0.232905  1.68102
0.930878 0.158587 0.226614  1.67517
0.934306 0.163809 0.230882  1.68332
0.930156 0.157262 0.221624  1.67402
0.929231 0.155005 0.217098  1.67675
0.929304 0.155215 0.215132  1.67306
0.923969 0.198505 0.222464  1.66575
0.930655 0.158464 0.222317  1.67594
0.929453 0.155083 0.205871  1.67373
0.927744 0.185959 0.214092  1.67215
0.933438 0.160654 0.224267  1.68322
0.927484 0.151896 0.215251  1.67445
0.931807 0.159541 0.227196  1.67776
0.929459 0.154592 0.217314  1.67728
0.933025  0.16059 0.233459  1.67967
0.927541 0.155274 0.214984  1.67395
0.932542 0.161212 0.231244  1.67857
0.932826 0.161394 0.227239  1.68038
0.925625 0.175669 0.244039  1.66994
0.928461 0.156226 0.211443  1.67313
0.929268 0.156842 0.216425  1.67404
0.925976 0.175829 0.225931  1.66876
0.927435 0.156216 0.223028  1.67362
0.931654 0.158438 0.221643  1.68011
0.926796 0.152666 0.214735  1.67279
0.932063  0.15992 0.220889  1.68115
  0.75557  0.149537 -0.453981   1.39306
 0.756316  0.149783 -0.460666   1.39766
  0.75184   0.15248 -0.462453   1.38995
 0.752975  0.154857 -0.450244   1.38698
 0.753888  0.151258 -0.454207   1.39009
 0.750338  0.155513 -0.462203   1.38736
   0.752 0.161535 -0.45973  1.39078
 0.752046   0.15511 -0.453176   1.38645
0.929078 0.237841 0.156475  1.67612
 0.93241 0.215409 0.144204  1.67668
0.927391 0.208607 0.200895  1.67197
 0.93394 0.172755 0.175276  1.67986
0.925001 0.185594 0.237424  1.66892
0.928027  0.17471 0.203789  1.67092
0.929447 0.166382 0.198329    1.674
0.925051 0.195583  0.22752   1.6688
0.930133 0.157235 0.197673  1.67499
0.929449 0.190282 0.201515  1.67454
0.931758 0.163591 0.187376  1.67704
0.928897 0.194282 0.187896  1.67127
0.938709 0.164204 0.151588  1.68671
 0.93269 0.206519 0.173475  1.67981
0.932735 0.175943 0.175283   1.6763
0.938234 0.178449 0.146265  1.68523
 0.757415  0.152592 -0.456409   1.39838
 0.754879  0.155887 -0.455072   1.39332
 0.753903  0.150195 -0.454199   1.38982
 0.756935  0.153959 -0.458065   1.39843
 0.756517  0.152722 -0.456754   1.39679
  0.75575  0.149772 -0.453011   1.39294
 0.757537  0.155572 -0.455562   1.39879
 0.757203  0.155687 -0.456306   1.39844
 0.757076  0.154888 -0.456999   1.39834
 0.757125  0.156541 -0.457673   1.39903
 0.757265  0.154021 -0.457388   1.39876
 0.756383  0.155354 -0.458061   1.39759
 0.754162  0.156637 -0.453759   1.39134
 0.754246  0.151077 -0.452935   1.39016
 0.756782   0.15685 -0.458102   1.39857
 0.752107  0.153832 -0.450749   1.38525
  0.75708  0.156033 -0.457989   1.39903
  0.75503  0.153796 -0.455988   1.39365
0.931409 0.160005 0.226338  1.67686
0.929492 0.157746 0.217095   1.6754
0.931294   0.1595 0.222591  1.67812
0.930398 0.158963 0.221384  1.67527
0.928594 0.157398 0.208854   1.6731
0.927272 0.155579 0.214877  1.67307
0.927395 0.173233 0.229608  1.67284
0.928327 0.157182 0.213907  1.67391
 0.92783 0.154588 0.215364  1.67455
0.930043 0.154923 0.217149  1.67807
0.932798 0.161742  0.22474  1.68152
0.931487  0.16014 0.222289    1.679
0.932299 0.160303  0.22553  1.68036
0.932363 0.161396 0.227031  1.67947
0.927224 0.160773 0.212516  1.67249
0.926043 0.183767  0.21642  1.66799
0.926925 0.163981  0.21892  1.67125
0.927478  0.15972 0.220616  1.67359
 0.753756  0.152592 -0.452191    1.3891
 0.755827  0.152851 -0.456445   1.39531
0.929017 0.163097 0.206438  1.67426
0.935506 0.179649    0.162  1.68115
0.930204 0.176835 0.188852  1.67364
0.927443 0.189345 0.204122  1.66974
0.927688 0.159134 0.211876  1.67301
0.928687 0.159824 0.203688  1.67344
0.929659 0.171863 0.202629  1.67435
0.926782 0.167797 0.213864  1.67092
0.931906 0.203419 0.173869  1.67791
0.932283 0.196612 0.184445  1.67927
 0.755123  0.154496 -0.455958   1.39397
 0.756966  0.154917 -0.458085   1.39864
 0.756608   0.15542 -0.457967   1.39792
 0.755242  0.150762 -0.453467   1.39236
 0.754295   0.15217 -0.452983   1.39051
 0.754352  0.155026 -0.455282   1.39217
 0.755828  0.155743 -0.457902    1.3964
 0.755684  0.153476 -0.456443   1.39513
0.930949 0.159747 0.222065  1.67726
0.928137 0.158258 0.211567  1.67313
0.929223 0.157536 0.216728  1.67597
0.929194 0.158226  0.21624   1.6747
0.927027 0.169828 0.214321  1.67017
0.928272 0.157674 0.213894  1.67407
0.926736 0.162758 0.218357  1.67182
0.927245 0.158491  0.21522  1.67277
0.927143  0.18074  0.22325  1.67192
0.928397 0.166408 0.207009  1.67328
0.930703 0.157999 0.219372  1.67873
0.930291 0.157591 0.219552  1.67769
0.928992 0.157531 0.216685  1.67542
0.927212 0.157557 0.213763  1.67305
 0.753542  0.152982 -0.452272   1.38877
  0.75309  0.153638 -0.453949   1.38882
0.927696 0.161099 0.208492  1.67258
0.927206 0.164231 0.218075  1.67225
0.928002  0.16415 0.211926  1.67323
0.928105  0.17171 0.212488  1.67286
 0.756696  0.154472 -0.458034   1.39801
 0.756171   0.15462 -0.458151   1.39705
