0.876049 0.337838 0.155559  1.59358
0.880701 0.322081 0.177864  1.60239
0.867713 0.338934 0.169451  1.57865
0.871279 0.328984  0.18043  1.58532
0.862591 0.339408 0.183681  1.57173
0.866741 0.331559 0.176684  1.57515
0.874998 0.325823  0.17597   1.5904
0.874328 0.328977 0.164664  1.58798
 0.760876  0.156708 -0.463012   1.40725
 0.761087  0.156544 -0.463107   1.40772
 0.793433  0.133006 -0.406849   1.44746
0.787829   0.1337 -0.41396  1.43878
 0.791044  0.136606 -0.413377   1.44601
 0.788576   0.11975 -0.413352   1.43808
 0.783956  0.124641 -0.421495    1.4329
 0.787427  0.124268 -0.419019    1.4391
 0.800204   0.12212 -0.393444   1.45416
 0.795682  0.114032 -0.400144   1.44622
 0.808212  0.102952 -0.374513   1.46088
 0.801265  0.117123 -0.397525   1.45776
  0.78922   0.12859 -0.417608   1.44298
 0.792588  0.121313 -0.411557   1.44619
 0.796194  0.129429 -0.408283   1.45372
 0.792964  0.124807 -0.409199   1.44632
  0.961955   0.110979 -0.0484916    1.72652
  0.961761   0.112415 -0.0426405    1.72632
  0.960862   0.115261 -0.0456312     1.7246
  0.961371    0.11117 -0.0440113     1.7251
  0.961571   0.113684 -0.0369184    1.72619
   0.96134   0.114732 -0.0315298    1.72599
  0.960511   0.117567 -0.0345095    1.72437
  0.961009   0.113201 -0.0333966    1.72484
  0.959411   0.124593 -0.0427762    1.72249
  0.959789   0.124107 -0.0370883    1.72329
  0.961204    0.11208 -0.0387642    1.72496
  0.960378   0.115621 -0.0366628    1.72367
   0.96061   0.115497 -0.0408385    1.72401
  0.960799   0.116048 -0.0399134    1.72463
0.923826 0.155039 0.235427  1.65998
 0.763498   0.15559 -0.463248   1.41317
 0.760939  0.156005 -0.463489   1.40748
 0.761667  0.156935 -0.464604   1.40985
 0.762118  0.157095 -0.465543   1.41129
 0.762447  0.156848 -0.465762   1.41205
0.762938 0.156435 -0.46516  1.41285
   0.7668  0.157406 -0.463374   1.41996
 0.764932  0.155149 -0.461159   1.41502
 0.764333  0.154652 -0.460994    1.4138
 0.765856  0.154624 -0.461191   1.41685
 0.768732  0.155373 -0.463053   1.42333
0.770865  0.15229 -0.45787   1.4253
 0.782648  0.140571 -0.426692   1.43492
  0.77855  0.141584 -0.435463   1.43038
 0.781337  0.144248 -0.435159   1.43669
 0.760935  0.156898 -0.462886   1.40733
 0.761002  0.157012 -0.463056   1.40762
 0.762145  0.157339 -0.465399    1.4114
 0.760772  0.157262 -0.463266   1.40729
 0.760744  0.157319 -0.463549   1.40739
  0.76073  0.157256 -0.463838   1.40749
 0.760627   0.15722 -0.464019   1.40735
  0.76297   0.15591 -0.463641   1.41224
 0.760613  0.156921 -0.464146   1.40731
 0.762525  0.156708 -0.465253   1.41204
 0.761055   0.15642 -0.463141   1.40765
 0.760856  0.155947 -0.463716   1.40741
  0.76093  0.156413 -0.463132   1.40733
 0.802964  0.222823 -0.419789    1.4846
 0.801777  0.218097 -0.423783    1.4832
0.807178 0.218485 -0.42156  1.49125
 0.804272  0.219743 -0.422748   1.48811
 0.799752  0.212952 -0.428567    1.4799
 0.796129  0.207757 -0.435885   1.47495
 0.803683  0.205791 -0.432288   1.48615
  0.80056  0.208566 -0.433867   1.48328
 0.812426  0.213333 -0.420665   1.49894
 0.812033  0.204112 -0.425946   1.49852
  0.82269  0.204184 -0.410223   1.51214
 0.815674  0.208211 -0.424515   1.50666
 0.802747  0.214748 -0.427287   1.48619
 0.807988   0.20764 -0.430422   1.49486
 0.808869  0.215187 -0.424513   1.49553
 0.806356  0.212459 -0.425463   1.48998
 0.728414  0.159165 -0.457309   1.34395
 0.729294   0.15774 -0.457203   1.34538
 0.726457  0.159342 -0.454295    1.3378
 0.724172  0.160477 -0.452989   1.33195
  0.72471  0.158086 -0.453555    1.3329
 0.725773  0.159069 -0.453674   1.33537
 0.727498  0.154926 -0.455394   1.33964
 0.725245  0.155805 -0.453953   1.33375
 0.725966  0.153541 -0.454269   1.33495
 0.726873  0.154511 -0.454475   1.33715
 0.727546  0.158351 -0.454742   1.34009
 0.726221  0.156801 -0.454141   1.33609
 0.727925  0.156056 -0.455444   1.34082
0.726798 0.157032 -0.45478  1.33826
 0.784266  0.146223 -0.426117   1.43922
 0.778955  0.151697 -0.434577   1.43285
0.780843 0.151199 -0.42434  1.43172
 0.953719  0.125943 0.0528832   1.71508
 0.953216  0.135118 0.0578791   1.71415
 0.953899  0.134511 0.0515231   1.71506
 0.953605  0.135658 0.0559136   1.71523
 0.953452  0.141437 0.0459484   1.71274
 0.952581  0.146876 0.0544969   1.71251
 0.952386  0.148003 0.0626685   1.71259
 0.776375  0.152062 -0.439782   1.42969
 0.950457  0.156906 0.0759296   1.70748
0.771961 0.155346  -0.4518  1.42589
   0.959779    0.119005 -0.00625001     1.72448
   0.959338     0.11992 -0.00113883      1.7239
   0.959021    0.121929 -0.00479179     1.72307
  0.959298   0.118275 -0.0045242     1.7234
  0.958911   0.121291 0.00436788    1.72342
  0.958487   0.122426 0.00998902    1.72294
  0.958033    0.12637 0.00575822    1.72177
  0.958365   0.120907 0.00542217    1.72219
   0.958166    0.126059 -0.00324421     1.72125
   0.957923    0.125106 -0.00138067     1.72058
    0.958826     0.119598 -0.000151928      1.72279
    0.957948     0.124367 -0.000838934      1.72112
   0.958717    0.121667 -0.00372849     1.72242
    0.958626     0.122859 -0.000245036      1.72251
 0.769002  0.157683 -0.463035   1.42432
 0.763641  0.155049 -0.461489   1.41261
 0.767262  0.158319 -0.463613   1.42112
 0.760691  0.157411 -0.463797   1.40742
  0.76363  0.155955 -0.461537   1.41277
 0.760769  0.157424 -0.463516   1.40744
 0.761805    0.1575 -0.465342    1.4106
 0.761221  0.156843 -0.463459   1.40832
0.909531 0.150869 0.226624  1.62968
0.930273 0.151074 -0.22773  1.67942
 0.930606  0.157963 -0.218739   1.68049
  0.92768   0.16175 -0.227628    1.6767
 0.929432  0.152952 -0.225588   1.67838
0.924256 0.187916 -0.23131  1.67755
 0.927168  0.161646 -0.221333   1.67537
 0.927802  0.164369 -0.220177   1.67719
 0.945455    0.1542 0.0818738   1.70309
0.949071 0.159945 0.077742  1.70936
 0.948458  0.154967 0.0820506   1.70688
 0.947374  0.155453 0.0823589   1.70523
 0.951715  0.154188 0.0796885   1.71236
  0.95294  0.148456 0.0795173   1.71376
 0.950437  0.157223 0.0819226   1.70945
 0.949746  0.157299 0.0820831   1.70856
  0.95044  0.157882 0.0784786   1.70998
 0.950681  0.129601 0.0723679   1.71052
 0.949503   0.13035 0.0777896   1.70842
 0.950689  0.139659 0.0777573   1.71032
 0.950043  0.130186 0.0727126   1.70904
 0.947237  0.133184 0.0847164   1.70414
0.943981 0.141838 0.088537  1.69824
 0.948287  0.148674 0.0861287   1.70623
 0.946831  0.139324 0.0825305   1.70379
 0.950673  0.153172 0.0822916      1.71
0.950359 0.153231 0.083015  1.70909
 0.948716  0.132139 0.0777754   1.70671
 0.949144  0.147981 0.0808129   1.70753
 0.950267  0.142331 0.0771576   1.70922
 0.949564  0.142502 0.0827745   1.70836
 0.952508   0.14692 0.0664712   1.71288
 0.952594  0.145713 0.0681342   1.71289
 0.953087  0.135492 0.0606857   1.71438
  0.95353  0.126838 0.0572322   1.71521
 0.952748  0.127738 0.0613515   1.71385
 0.953005  0.127118 0.0575755   1.71397
 0.952179  0.137237 0.0688601   1.71296
 0.952152  0.128737 0.0650181   1.71296
 0.951468  0.129069 0.0680953   1.71183
 0.951756  0.128993 0.0652663   1.71203
 0.952795  0.135754 0.0611991   1.71354
  0.95232  0.128493 0.0612998   1.71289
0.952217 0.137419 0.063947  1.71253
 0.95263 0.135814 0.064314  1.71358
 0.954777  0.140195 0.0434683   1.71625
 0.954712  0.138739 0.0452889   1.71583
 0.955582  0.131146 0.0388089   1.71835
 0.956246  0.124734 0.0357869   1.71975
 0.955702   0.12462 0.0408275    1.7188
0.955703 0.124068 0.036977  1.71841
 0.954453  0.134405 0.0504727   1.71654
0.955128 0.125182 0.046591   1.7179
 0.954362  0.125905 0.0522062   1.71662
 0.954462  0.125052 0.0474045   1.71629
 0.955269  0.131007 0.0396998   1.71748
 0.955103  0.124526 0.0415427   1.71737
 0.954422  0.133315 0.0431224   1.71582
 0.955151  0.131262 0.0435572   1.71756
 0.953762  0.154232 0.0501399   1.71414
0.960981 0.106141 -0.07803  1.72413
  0.959919   0.113753 -0.0725123    1.72252
  0.959228   0.113238 -0.0836258    1.72149
  0.959976   0.113029 -0.0822961    1.72317
0.958359   0.1276 -0.06825  1.72098
   0.95653   0.122615 -0.0925048    1.71752
  0.957257   0.122649 -0.0909416    1.71911
  0.958385   0.129082 -0.0780176    1.72174
 0.732576  0.271744 -0.391517   1.34532
 0.730928   0.26358 -0.397847   1.34247
0.739975 0.262318  -0.3908  1.35744
 0.736637   0.26725 -0.396467    1.3548
0.729751 0.255547  -0.4036  1.34045
0.728942 0.247847  -0.4087  1.33907
 0.737245  0.247277 -0.402177     1.353
  0.73401  0.251196 -0.407679   1.35006
 0.745421   0.25728 -0.394726   1.37045
 0.746486  0.251578 -0.396505   1.37176
 0.735203  0.259086 -0.402402   1.35225
 0.740726  0.251126 -0.400487   1.36061
 0.742838  0.258587 -0.394964   1.36436
 0.738232  0.254483 -0.397178   1.35454
 0.941956  0.147655 -0.174145   1.69771
 0.944417  0.150417 -0.165892   1.70277
  0.94435  0.133429 -0.178406   1.70054
 0.945286  0.127501 -0.185771   1.70254
  0.94793  0.124449 -0.176327   1.70672
 0.945222  0.130435 -0.178141    1.7013
 0.949244  0.129117 -0.158095   1.70832
 0.950748  0.121042 -0.165665   1.71121
  0.95302  0.116622 -0.154126   1.71416
 0.950447  0.124138 -0.155654   1.70914
 0.945035  0.138191 -0.169751   1.70138
0.947757 0.127324 -0.16739  1.70504
 0.947661  0.135573 -0.158241   1.70541
0.946747 0.131906 -0.16938  1.70448
  0.75495  0.226635 -0.425079   1.39814
 0.725121  0.184074 -0.444898   1.33429
 0.727012  0.181729 -0.445271   1.33855
 0.727869  0.184979 -0.443341   1.33987
 0.725937  0.183215 -0.443875   1.33576
 0.729762  0.180755 -0.448864    1.3467
 0.731788  0.186922 -0.445071   1.35006
 0.728752  0.184739 -0.445688   1.34353
0.728676 0.182883 -0.44609  1.34316
 0.727533  0.168479 -0.454143   1.34236
 0.728181  0.166878 -0.454157   1.34332
 0.725543  0.169106 -0.450776   1.33593
 0.723212   0.17083 -0.449804   1.33029
 0.723331  0.168097 -0.450794   1.33054
 0.724752   0.16922 -0.450781    1.3337
   0.7258  0.164057 -0.452768   1.33654
 0.723542  0.165521 -0.451616   1.33091
 0.723754   0.16292 -0.452413   1.33127
 0.725055  0.164018 -0.452459   1.33421
 0.726637  0.167866 -0.451505   1.33834
  0.72484  0.166598 -0.451649   1.33383
 0.726562  0.165273 -0.452669   1.33834
 0.725498  0.166462 -0.451717   1.33578
 0.731034  0.151089 -0.458631   1.34832
 0.732149  0.149797 -0.458416    1.3502
 0.729082  0.150834 -0.455988   1.34239
 0.726827  0.151454 -0.454387   1.33636
 0.727745  0.149353 -0.454551   1.33791
0.728484 0.150238 -0.45481  1.33979
  0.73088  0.147044 -0.456274   1.34544
 0.728713  0.147412 -0.454533   1.33949
 0.729812  0.145532 -0.454466   1.34133
  0.73037  0.146339 -0.454784   1.34285
 0.730191  0.150076 -0.456178   1.34462
 0.729334  0.148274 -0.454854   1.34116
 0.731008  0.148065 -0.456455   1.34606
0.729818 0.148843 -0.45605  1.34349
 0.775654  0.153858 -0.448804    1.4322
0.915381 0.171164 0.235777  1.63164
0.937479 0.144343  0.15832  1.68169
0.912626 0.153844 0.221498  1.63812
0.911231 0.145529 0.212759  1.64126
0.915207 0.143341  0.20936  1.64383
0.921181 0.150933 0.228998  1.65472
0.926593  0.15179 0.240166  1.66558
0.925521 0.155404 0.236721   1.6633
0.888761 0.239768 0.262165  1.61422
0.892322 0.225668  0.26925  1.62087
 0.88317 0.236286 0.269237  1.60478
0.885236  0.22816 0.272909  1.60875
 0.87902 0.231436 0.275414  1.59871
0.882392 0.230454 0.271649  1.60252
0.888098  0.22872 0.270092  1.61253
0.887427 0.232709 0.265078  1.61054
0.927004 0.153328 0.236479  1.66597
 0.92911 0.136387 0.239234  1.67251
0.931545   0.1076 0.222508  1.67591
   0.914795 -0.00797837    0.291042     1.66078
 0.923853 0.0228993  0.278305   1.67275
   0.933664 -0.00633427     0.25296     1.68994
  0.923653 0.00728211   0.259737    1.66751
  0.92809 0.0490912  0.268031   1.67852
 0.929111 0.0617192   0.25016   1.67555
  0.93552 0.0565049  0.245254   1.68982
  0.93022 0.0585835  0.248981   1.67802
 0.942979 0.0183381  0.219175   1.70181
 0.939726 0.0425093  0.221957   1.69379
 0.94707   0.0436 0.198818  1.70721
 0.943951 0.0331982  0.201264   1.69968
 0.928271 0.0360251  0.251833   1.67429
 0.936599 0.0421754  0.224372   1.68669
   0.9372 0.0130723  0.223486   1.68856
 0.934543 0.0276094  0.247238   1.68802
0.900763 0.135278 0.233297  1.61737
 0.89839 0.148531   0.2368  1.60484
 0.91195 0.144606 0.215869  1.64194
0.920354 0.160746 0.187521  1.65805
0.931196 0.184389 0.191933  1.67864
0.935971 0.196282 0.205087  1.68704
0.937062 0.181217 0.206706  1.69418
  0.9213 0.151256 0.229504  1.65535
0.936672  0.18922 0.223864  1.69139
0.915758 0.142146 0.213388  1.64527
0.920261 0.178851 0.232804  1.64549
    0.88039 -0.00190192   0.0295975     1.60608
0.925373 0.178909  0.22185  1.65934
 0.92609 0.124695 0.243976  1.66807
0.927643  0.15529 0.233606  1.66727
0.926747 0.132739 0.249348  1.66977
0.927008 0.143054 0.246462  1.66857
0.926825  0.14978 0.244311  1.66705
0.933929 0.170513 0.191517  1.68979
0.923211  0.15374 0.236262  1.65946
0.925375 0.157425 0.183265   1.6716
0.912122  0.14984 0.222043  1.63728
0.908934  0.15449 0.243372   1.6197
  0.78338  0.120187 -0.425648   1.43326
 0.782382  0.113613 -0.423104   1.42881
 0.78771 0.115558 -0.41771  1.43783
 0.784931  0.116247 -0.419472   1.43281
 0.780026  0.107298 -0.423474   1.42293
 0.774684  0.103862 -0.425018   1.41153
 0.781174   0.10055 -0.417637   1.42125
 0.779858  0.104299 -0.421558   1.42095
 0.793942  0.108341 -0.407311   1.44512
  0.78963 0.0973722 -0.407145   1.43398
 0.800841 0.0946764 -0.390873   1.45062
 0.796126  0.101367 -0.398067   1.44437
 0.783326  0.110042 -0.419191   1.42821
 0.787073  0.102118 -0.412253   1.43155
 0.789534  0.110442 -0.410308   1.43724
 0.786588  0.106359 -0.416157   1.43323
 0.776482  0.145402 -0.448175   1.43258
 0.766361  0.160093 -0.462035   1.41922
 0.752663  0.125516 -0.451117   1.38319
 0.754928  0.123793 -0.450512    1.3873
 0.750033  0.123532 -0.450272   1.37682
 0.747093  0.123059 -0.448584   1.36928
  0.74925  0.120948 -0.447417   1.37274
 0.749382  0.122086 -0.448287   1.37375
 0.754742  0.119697 -0.447428   1.38433
 0.751477  0.118859 -0.445942   1.37619
0.754044 0.116638 -0.44404  1.38011
 0.754095  0.118039 -0.445286   1.38119
 0.751493  0.123414 -0.449627   1.37946
 0.751572  0.120093 -0.446969   1.37722
 0.754004  0.121362 -0.448226   1.38354
 0.752182  0.121552 -0.448848   1.38012
 0.770937  0.159607 -0.452302   1.42483
 0.737327  0.211492 -0.431031   1.35984
 0.742281  0.220941 -0.423484   1.36854
 0.732602  0.214118 -0.426661   1.34746
0.734948 0.219101 -0.42276  1.35138
 0.729388   0.21923 -0.427235   1.34182
 0.731166  0.216516 -0.424194    1.3436
 0.736422  0.217959 -0.425581   1.35653
 0.735635  0.215109 -0.426578   1.35466
0.830294 0.226842 -0.39956  1.52861
 0.834944  0.225267 -0.394207   1.53581
 0.828969   0.22934 -0.395387   1.52685
 0.830862  0.226909 -0.396162   1.52825
 0.839907  0.223676 -0.388484   1.54363
 0.845201  0.221505 -0.382191   1.55187
 0.838633  0.226849 -0.383897   1.54207
 0.840608  0.223786 -0.384481   1.54337
 0.827964  0.233454 -0.389001   1.52507
 0.832439  0.235494 -0.384746   1.53362
 0.835501  0.225387 -0.390644    1.5354
 0.835742  0.229538 -0.385108   1.53691
 0.830506  0.230794 -0.391529   1.52893
 0.833714  0.227906 -0.389948    1.5341
 0.744012  0.133198 -0.456209   1.36971
 0.740708  0.136804 -0.456688   1.36392
 0.742162  0.131991 -0.454053   1.36428
  0.74028  0.134037 -0.454417   1.36096
 0.740403  0.131586 -0.452412   1.35921
 0.740805  0.132592 -0.453933   1.36147
 0.740908  0.135238 -0.455726   1.36342
 0.742997  0.133563 -0.455403   1.36725
 0.845882  0.221687 -0.377838   1.55147
 0.846783  0.226827 -0.370936   1.55426
 0.840259   0.22864 -0.379386   1.54422
 0.844012  0.224917 -0.377321   1.55024
 0.847677   0.23488 -0.362541   1.55747
 0.834667   0.23626 -0.378819   1.53631
 0.837595  0.232118 -0.377442   1.54023
 0.843856   0.23497 -0.371424   1.55239
 0.871564  0.229501 -0.329275    1.5969
 0.857038   0.23141 -0.349756   1.57266
 0.870205  0.217067 -0.337952   1.59083
 0.862901  0.220513 -0.349058   1.57985
 0.868717   0.20999 -0.347206   1.58681
 0.866707  0.214223 -0.346559    1.5854
 0.860183  0.225478 -0.348276   1.57683
0.866825 0.229296   -0.341  1.59014
 0.896976  0.184049 -0.307004   1.63061
  0.90269   0.17956 -0.297278   1.63972
  0.89706  0.188857 -0.297819   1.63047
 0.898263  0.185593 -0.300516   1.63174
 0.908254  0.173932 -0.286523   1.64815
 0.912948  0.167938 -0.276194   1.65475
 0.908422  0.177848 -0.275837   1.64787
 0.909434  0.175432 -0.278922   1.64883
 0.894564  0.206364 -0.294797   1.63063
 0.901203  0.207758 -0.285614   1.64369
0.904027 0.181092 -0.28946   1.6406
 0.906526  0.188531 -0.276823   1.64598
 0.899322  0.193131 -0.289936   1.63418
 0.902619  0.185436 -0.287943   1.63948
 0.913481  0.188458 -0.256374    1.6583
 0.919216  0.190311 -0.246265    1.6697
 0.916631  0.169157 -0.258258   1.65974
 0.917262  0.163395 -0.266653   1.66118
 0.921988  0.159263 -0.256384    1.6687
 0.917899  0.165587 -0.259385   1.66098
 0.925953  0.158253 -0.234633   1.67357
 0.926355   0.15406 -0.245129    1.6751
 0.929941  0.148741 -0.234708   1.67999
 0.926906  0.156166 -0.237044   1.67464
 0.918286  0.174128 -0.249192   1.66218
 0.922645  0.161495 -0.247673   1.66823
 0.924319  0.169677 -0.235259   1.67201
 0.921259  0.166102 -0.247573   1.66716
 0.929496  0.169267 -0.215119   1.68103
 0.933993   0.17161 -0.205149   1.69018
 0.932416  0.150574 -0.217094   1.68295
0.933277 0.144626 -0.22525  1.68491
 0.936894  0.140808 -0.215196   1.69061
 0.933534  0.147302 -0.217673   1.68413
 0.939607  0.139245 -0.193741   1.69321
 0.940093  0.135837 -0.204388   1.69511
0.942797 0.131122 -0.19471  1.69886
 0.94032 0.138209 -0.19651  1.69431
 0.933621  0.155835 -0.207655   1.68464
 0.937195  0.143465 -0.206281    1.6897
 0.938403  0.151503 -0.193845   1.69242
 0.936005   0.14769 -0.206575   1.68864
 0.732179   0.19419 -0.441634   1.35071
 0.736245  0.201845 -0.436206   1.35792
 0.728771  0.196001 -0.437819   1.34124
 0.730527  0.200045 -0.434972   1.34416
 0.726411  0.199648 -0.437922   1.33664
 0.727632  0.197912 -0.435937   1.33816
 0.731672  0.199147 -0.437554    1.3484
 0.730907  0.196937 -0.438256   1.34665
 0.733032  0.243649 -0.412464   1.34826
 0.737419  0.236729 -0.411186   1.35518
 0.740262  0.243359 -0.405918   1.36007
 0.735451  0.239723 -0.407998   1.35003
 0.743439  0.233222 -0.415227      1.37
 0.749331  0.245512 -0.404922   1.38037
 0.742061  0.241928 -0.407879   1.36544
 0.741582  0.237559 -0.409728    1.3641
 0.955091  0.115957 -0.112684   1.71443
 0.955555  0.117699 -0.111604   1.71584
 0.954352  0.114572 -0.129716   1.71397
 0.95489 0.112299 -0.14316  1.71645
 0.956565  0.108977 -0.133209   1.71874
 0.954863  0.116092 -0.134917   1.71565
 0.957532  0.107749 -0.112723   1.71868
  0.95774  0.105853 -0.124209   1.72007
 0.958637  0.103749 -0.116186   1.72109
  0.95789  0.109544 -0.118505    1.7202
 0.955227  0.119285 -0.122838   1.71592
 0.956564  0.113011 -0.126154   1.71829
 0.956922   0.11697 -0.114961   1.71879
 0.956172  0.111819 -0.121414     1.717
0.849557 0.233946 -0.33757  1.55411
 0.861988  0.240047 -0.323406   1.57869
 0.950576 0.0418381  0.160305   1.70801
 0.954856 0.0662027  0.149229   1.71794
  0.95594 0.0359084  0.150059   1.72011
 0.954336 0.0390991  0.150581   1.71585
 0.955799 0.0867809 0.0935919   1.71568
 0.955517 0.0800765  0.125531    1.7174
 0.960654 0.0234769  0.105603   1.72668
  0.96158 0.0618374 0.0782851   1.72758
 0.963711 0.0320467 0.0491411   1.73232
 0.962391 0.0154737 0.0724054   1.72865
 0.956063 0.0557328  0.122491   1.71702
 0.959602 0.0540163 0.0917201   1.72315
 0.958612 0.0226764  0.111589   1.72176
 0.958321 0.0594458  0.113259   1.72192
 0.893229  0.190311 -0.310075   1.62445
 0.894783   0.19623 -0.300088   1.62788
 0.890278  0.201598 -0.308142   1.62211
 0.892468  0.192371 -0.305701   1.62347
 0.888199  0.223583 -0.308137   1.62639
 0.891085  0.202013 -0.299858   1.62307
 0.892113   0.20268 -0.299079   1.62543
 0.959729  0.106546 -0.111227   1.72362
 0.960565   0.10599 -0.101775   1.72476
0.958353 0.111476 -0.10802  1.72071
 0.959201  0.104751 -0.104541   1.72143
 0.961361  0.106213 -0.093025   1.72609
   0.96183   0.106023 -0.0845393    1.72665
  0.959527   0.112667 -0.0905528    1.72258
  0.960547   0.105878 -0.0862398     1.7235
 0.956249  0.122294 -0.105881   1.71761
  0.956996   0.123466 -0.0977711    1.71897
  0.959864   0.105278 -0.0955756    1.72241
  0.958718   0.110998 -0.0929818     1.7205
 0.958263  0.110826 -0.100615   1.71983
  0.959012    0.11117 -0.0992452    1.72165
0.929544 0.145322 0.226356  1.67121
  0.95097  0.129532 0.0683516   1.71067
0.950846  0.13992 0.072287  1.71027
0.951887 0.137844 0.069073   1.7121
 0.951372  0.137852 0.0723412   1.71163
 0.952374  0.146364 0.0682564   1.71221
0.951501 0.150186 0.069365  1.71008
 0.951902  0.147122 0.0714238   1.71233
 0.950784  0.153581 0.0766505    1.7099
 0.951443   0.14504 0.0757476   1.71109
 0.829908  0.425095 0.0303118   1.51875
  0.840562   0.409286 0.00598235    1.53326
 0.846548  0.404099 0.0369552    1.5446
 0.837889  0.403271 0.0245242   1.52426
  0.854926    0.39097 -0.0120691    1.55759
 0.862388  0.389276 0.0430221   1.57338
 0.852899   0.39036 0.0340723   1.55181
  0.853737   0.388013 0.00600439    1.55283
0.928429 0.145852 0.239383  1.66995
 0.926652 0.0899505  0.252745   1.67135
0.925308 0.107627 0.242049  1.66607
0.924169 0.102195 0.259603  1.66802
0.939412 0.102701 0.190189  1.68929
0.936841 0.103829 0.196176  1.68384
 0.911473 0.0995747  0.291608   1.64954
 0.916535 0.0890765  0.281657   1.65729
 0.910201 0.0862721   0.30131   1.65006
 0.913089 0.0870204  0.289391   1.65151
 0.920639 0.0794044  0.271386   1.66277
0.926144 0.073163 0.252491   1.6699
 0.922833 0.0622253  0.272242    1.6679
 0.923687 0.0654344  0.267419   1.66797
 0.907907 0.0637199  0.303988   1.64649
 0.916913 0.0461309  0.284229     1.659
 0.904732 0.0282004  0.300071   1.64072
0.912147 0.038584 0.299183   1.6533
 0.918639 0.0747916  0.280144   1.66046
 0.920085 0.0542914  0.285918   1.66555
 0.912567 0.0689468  0.298546   1.65319
 0.916326 0.0722681  0.289502   1.65905
0.870503 0.299698 0.224154  1.58474
0.874918 0.302067 0.213043   1.5909
0.877424 0.292576  0.22111  1.59564
0.874015 0.294918 0.218209   1.5879
0.881724 0.303522 0.201762  1.60272
0.885165 0.287885 0.219068  1.60963
0.880672 0.290926 0.217616   1.6001
0.880349 0.295145 0.208148  1.59859
0.925729 0.156693 0.234172   1.6633
0.924693 0.116471 0.254621  1.66684
0.886197 0.114209 0.301601  1.60409
0.894641 0.110066 0.308325  1.62198
  0.88627 0.0943266  0.307772   1.60424
0.890102 0.108593 0.307707  1.61468
0.902178 0.105078 0.306054  1.63508
0.908941 0.100523 0.293731  1.64445
 0.906254 0.0874081  0.304635   1.64218
0.905716 0.101788 0.306212  1.64297
 0.889993 0.0658522  0.311067   1.61162
 0.902612 0.0649986  0.308545   1.63602
 0.899084 0.0300257  0.306764   1.62952
 0.896134 0.0600534  0.312461   1.62632
0.898158 0.104517 0.311776  1.63058
 0.901721 0.0851681  0.311323   1.63663
 0.891677 0.0876017  0.313323   1.61827
 0.897155 0.0898117  0.310453   1.62628
 0.917546 0.0957813  0.281769    1.6591
 0.914991 0.0987292  0.281996   1.65339
 0.920142 0.0987518  0.265484   1.65968
 0.925416 0.0855868  0.264019   1.67146
 0.921901 0.0826133  0.268845   1.66415
  0.9203 0.097657 0.273283  1.66307
 0.779594  0.116145 -0.425906   1.42465
 0.776966  0.122337 -0.432265   1.42329
 0.779486  0.119412 -0.427251   1.42557
 0.771113  0.117749 -0.436143   1.41229
 0.770489  0.123972 -0.441787   1.41489
 0.771829  0.120615 -0.436483   1.41432
 0.777574  0.111043 -0.426328   1.41969
 0.772695  0.112443 -0.431877   1.41243
 0.774012  0.106729 -0.428041   1.41213
 0.774434  0.109107 -0.429457   1.41434
 0.775456  0.119444 -0.434396   1.42078
 0.772611  0.114681 -0.433406    1.4135
 0.777168   0.11386 -0.428463   1.42045
  0.77547  0.116413 -0.430763   1.41844
 0.773089  0.150474 -0.456691   1.42946
 0.816633  0.227127 -0.415114   1.50671
 0.819191  0.227728 -0.412247   1.51102
 0.814408  0.228637 -0.413312   1.50368
 0.816332  0.227418 -0.413551   1.50535
 0.822282  0.228008 -0.408667   1.51602
 0.825984  0.227719 -0.404443   1.52185
 0.819995  0.230191 -0.405931   1.51282
 0.822221   0.22818 -0.406192   1.51471
 0.810794  0.231215 -0.408376   1.49696
 0.813868   0.23308 -0.404754   1.50244
 0.818913  0.227956 -0.410205   1.50946
0.817431 0.230692 -0.40705  1.50789
 0.814466  0.229534 -0.411082   1.50318
 0.816944  0.229419 -0.410029   1.50782
 0.814983  0.226101 -0.417018   1.50379
  0.81244  0.225386 -0.417973   1.50048
0.814706 0.224403 -0.41789  1.50325
 0.813942  0.224897 -0.417451   1.50151
 0.809724  0.224146 -0.418069   1.49585
 0.805532  0.225184 -0.418799   1.49027
 0.809083  0.221147 -0.420957   1.49559
  0.80852  0.223434 -0.418562   1.49378
0.815802 0.221488 -0.41732  1.50466
 0.813529  0.217919 -0.420582   1.50238
 0.819436  0.216247 -0.413254   1.50927
 0.816405  0.216926 -0.416564    1.5045
 0.811474  0.223798 -0.418219   1.49826
 0.811666  0.219974 -0.419305   1.49829
 0.814259   0.22212 -0.417893   1.50178
  0.81242  0.222532 -0.419213   1.50041
0.928087 0.148716 0.234895  1.66824
  0.965307 -0.0390407  0.0345457    1.73932
  0.957256 -0.0776121   0.104692    1.72701
  0.959355 -0.0248419   0.102671    1.72485
  0.959608 -0.0285756   0.100829     1.7283
   0.93749 -0.0767847   0.195767    1.69396
  0.911541 -0.0325469   0.263432    1.64623
   0.93671 -0.0284933   0.214113    1.68809
  0.930142 -0.0523162    0.25587    1.69006
   0.95422 0.00344764   0.150569    1.71594
  0.946547 -0.0010059   0.178817    1.70156
 0.949213 0.0251726  0.161002   1.70438
 0.949868 0.0130128  0.176319   1.70925
  0.947443 -0.0592901   0.184203    1.71476
   0.94449 -0.0217401   0.207646    1.70538
   0.954751 -0.00738783    0.159195     1.72041
0.950047 -0.03967 0.162726  1.71107
0.883089 0.196959 0.291232  1.60523
0.887393 0.203504 0.287497  1.61185
0.890089 0.195141 0.289373  1.61705
  0.8868 0.197689 0.288914  1.61001
0.892831 0.207919 0.280324  1.62049
0.898049 0.191979 0.283074  1.62972
0.892744 0.195569  0.28584   1.6196
0.891689 0.199987 0.282062  1.61695
0.887809 0.126781 0.296363  1.60754
0.889348 0.134786 0.294234  1.61129
0.894078 0.135537 0.301856  1.62161
0.890772 0.133017 0.295709  1.61489
0.889249 0.142753 0.294608  1.61203
0.888084 0.151328 0.295597  1.61066
0.893495 0.152613 0.298973  1.62118
0.889947 0.150024 0.295334  1.61476
0.898536 0.141112 0.299998  1.62901
0.898388 0.149014 0.296311  1.62828
0.903705 0.140371  0.29174  1.63614
0.899589 0.144155 0.299534  1.63136
 0.89078 0.141526 0.294662  1.61548
0.895142 0.150109 0.300332  1.62497
0.895584  0.14134 0.301931  1.62567
0.894048  0.14429 0.299986  1.62198
 0.761206  0.156699 -0.463501   1.40829
 0.761451    0.1565 -0.463647   1.40885
 0.761916  0.156732 -0.464831   1.41045
0.760834 0.156235 -0.46401  1.40755
 0.760796  0.156483 -0.464128   1.40759
 0.760873  0.156085 -0.463816    1.4075
 0.760739  0.157051 -0.464043   1.40756
 0.760765  0.156037 -0.463926   1.40734
0.769128 0.157232 -0.45953  1.42324
 0.760687  0.156265 -0.464086    1.4073
 0.744511  0.131965 -0.455353   1.36998
0.746239 0.130549 -0.45496  1.37309
  0.74251  0.130814 -0.453702   1.36455
 0.740301  0.130659 -0.451832   1.35846
   0.7418  0.128797 -0.451344   1.36094
 0.742011  0.129719 -0.451893   1.36189
 0.745772  0.127313 -0.452427   1.36989
0.743357 0.126981 -0.45062  1.36341
 0.745105  0.125042 -0.449734   1.36617
 0.745256  0.126104 -0.450467   1.36713
 0.743631  0.130471 -0.453451   1.36666
 0.743514   0.12796 -0.451269   1.36432
 0.745341  0.128595 -0.452887   1.36952
 0.743973  0.129037 -0.452991   1.36681
 0.760763  0.156774 -0.464143   1.40759
 0.763076   0.15547 -0.465144   1.41303
 0.766844  0.156115 -0.463288   1.41977
  0.76811  0.155341 -0.463977   1.42253
 0.770458  0.154161 -0.463049   1.42682
 0.768131  0.122799 -0.443138   1.41047
0.763991 0.118777 -0.44188  1.40054
 0.768294  0.116861 -0.437746   1.40703
 0.767023   0.11951 -0.439857   1.40594
 0.761347   0.11571 -0.442036   1.39448
0.757163 0.114364 -0.44151  1.38486
 0.760751  0.111992 -0.438576   1.39041
 0.760595  0.113643 -0.440278   1.39131
0.769567 0.111381 -0.43418  1.40685
 0.764689  0.109599 -0.434916   1.39635
  0.76933  0.106898 -0.430495   1.40342
 0.768942   0.10919 -0.432973    1.4043
 0.763623  0.116445 -0.440254   1.39839
 0.764417  0.111516 -0.437013   1.39725
 0.768008  0.114486 -0.436373   1.40522
 0.765133   0.11365 -0.438395   1.40011
 0.760478  0.156188 -0.464584   1.40721
 0.764453  0.152954 -0.460876    1.4138
 0.774129  0.147781 -0.449395   1.42814
 0.777327   0.12529 -0.432066   1.42408
 0.775555  0.133242 -0.438886   1.42475
 0.770913  0.126026 -0.440854   1.41509
 0.775817  0.129599 -0.438432   1.42482
 0.765116  0.130702 -0.450471   1.40841
0.779702  0.13725 -0.43724  1.43343
 0.782173  0.128488 -0.430147     1.434
 0.785682   0.13784 -0.426956   1.44129
  0.78176  0.132449 -0.427857   1.43233
 0.768721  0.151382 -0.463642     1.423
 0.760798  0.157063 -0.463027   1.40719
 0.760852  0.157294 -0.463257   1.40747
 0.762972  0.156586 -0.463681   1.41239
  0.76211  0.157328 -0.465564   1.41132
 0.765581  0.157807 -0.463305   1.41758
 0.763516  0.157111 -0.461795   1.41278
 0.762701  0.155826 -0.465192   1.41226
 0.735488   0.15345 -0.463445    1.3609
 0.760634  0.156581 -0.464167    1.4073
 0.768313  0.159878 -0.459925   1.42225
 0.762313  0.156491 -0.465773   1.41171
 0.764865  0.156177 -0.461236   1.41511
 0.761839  0.156516 -0.464847   1.41026
 0.760254  0.162118 -0.448124   1.40252
 0.761363  0.156284 -0.463682   1.40865
 0.760579  0.156924 -0.464869   1.40768
  0.76126  0.156203 -0.463371   1.40821
 0.762616  0.156199 -0.466051   1.41245
 0.761023  0.155868 -0.463648    1.4078
 0.760904  0.156065 -0.463583   1.40744
 0.760754  0.155696 -0.464072   1.40744
  0.76092  0.156176 -0.463348   1.40738
 0.761121  0.156039 -0.463429   1.40792
 0.760997  0.156179 -0.463271   1.40752
 0.789839   0.14258 -0.414277   1.44492
 0.795629  0.141714 -0.406082   1.45347
 0.790319  0.150982 -0.408186   1.44458
  0.79149  0.143308 -0.407941   1.44556
 0.804587  0.138495 -0.391797   1.46606
 0.820599  0.140236 -0.370567   1.49333
 0.802318  0.155303 -0.385283    1.4615
 0.806502  0.142617 -0.381363   1.46695
 0.789113  0.157372 -0.403121   1.44099
 0.793353   0.16216 -0.395313   1.44746
 0.786874  0.167654 -0.403567   1.43791
  0.78966  0.160795 -0.400357   1.44159
  0.79731  0.141174 -0.395705   1.45222
 0.796699  0.154252 -0.392062   1.45209
 0.791097  0.151172 -0.401344    1.4432
 0.795907  0.150724 -0.396854   1.45153
 0.786751   0.14588 -0.413165   1.43814
 0.786634  0.150157 -0.413787   1.43916
 0.784872  0.157657 -0.405497   1.43292
 0.783198  0.163815 -0.409179   1.43223
 0.781061  0.154797 -0.422747   1.43243
 0.783297   0.15731 -0.414233   1.43357
 0.735131  0.143946 -0.458415   1.35502
 0.736463  0.142432 -0.458067   1.35725
 0.73313 0.143501 -0.45612  1.34924
  0.73093  0.143787 -0.454254   1.34315
 0.732125  0.142007 -0.454144   1.34519
 0.732608  0.142727 -0.454467   1.34654
  0.73519  0.139991 -0.455882   1.35257
 0.733211  0.140383 -0.453965   1.34699
 0.734255  0.138744 -0.453809   1.34871
0.734718 0.139411 -0.45411     1.35
  0.73426  0.142866 -0.456161   1.35146
0.733648 0.141058  -0.4543  1.34824
 0.735337  0.140876 -0.456171   1.35327
 0.734094  0.141703 -0.455868   1.35067
 0.729203  0.160419 -0.457506   1.34601
 0.729195   0.16508 -0.455596   1.34589
 0.726963  0.160494 -0.454295   1.33911
 0.726833  0.162976 -0.453317   1.33875
 0.725288   0.16153 -0.453118   1.33455
 0.725862  0.161558 -0.453435   1.33649
  0.72756  0.163303 -0.455518   1.34201
 0.728191  0.161833 -0.455579   1.34301
 0.765755  0.161934 -0.456763   1.41653
 0.771634  0.156253 -0.457647   1.42755
 0.763623  0.154273 -0.463028    1.4132
0.749059 0.133342 -0.45686  1.38042
 0.753263  0.130496 -0.455902   1.38812
 0.760611  0.157273 -0.464875   1.40781
   0.766 0.152618   -0.462   1.4172
 0.760699  0.157506 -0.464715   1.40796
 0.768015    0.1599 -0.455811   1.42037
 0.763991  0.156459 -0.461585   1.41354
 0.760811  0.157513 -0.464348   1.40801
 0.762988  0.156185 -0.462184   1.41175
 0.762488   0.15679 -0.464137   1.41159
 0.761894  0.157329 -0.464649   1.41067
 0.760566  0.157402 -0.464844   1.40773
 0.762524  0.157149 -0.465287   1.41213
 0.761059  0.157442 -0.463879   1.40828
 0.761655   0.15709 -0.464601   1.40985
 0.762688  0.156778 -0.462322   1.41131
  0.76138  0.157265 -0.464196    1.4091
 0.761672   0.15771 -0.465536   1.41054
 0.760945     0.157 -0.463054    1.4075
 0.761257  0.157299 -0.464222   1.40886
 0.942773   0.15488 0.0755118   1.69677
 0.947933  0.157549 0.0400854   1.70824
 0.949187   0.15736 0.0647763   1.70863
 0.946576  0.166866 0.0663029   1.70741
    0.95864    0.129238 0.000161008     1.73022
   0.96608  0.0714592 -0.0153204    1.74292
 0.959539  0.119769 0.0313742   1.72696
  0.95929 0.0975408 0.0267808   1.72729
0.952995 0.147685 0.064699  1.71397
 0.956123  0.133621 0.0547499   1.71912
 0.954077  0.146868 0.0734739   1.71593
 0.954184  0.140714 0.0697231   1.71599
 0.951469  0.152467 0.0394879   1.71618
0.955687 0.131237 0.051836  1.71927
 0.951561  0.154543 0.0643376   1.71353
 0.953695  0.145189 0.0412767    1.7166
 0.865565  0.374115 0.0883066   1.57634
0.874464 0.356962  0.12015  1.59291
0.855817 0.379417 0.105882  1.55899
0.861825 0.367803  0.12254  1.56981
0.850103 0.383052 0.124618  1.55148
0.855084  0.37072 0.117128  1.55493
0.865801  0.36258 0.117181  1.57499
0.864152 0.364887 0.101567  1.57044
  0.805518    0.43428 -0.0984431    1.47724
 0.814841  0.412788 -0.117864   1.48849
  0.827603   0.411839 -0.0887775     1.5122
  0.813788   0.412041 -0.0994216    1.48277
 0.828714    0.3904 -0.134914   1.51235
  0.851101   0.387942 -0.0833819    1.55401
  0.832141   0.398169 -0.0939237    1.51678
 0.826221  0.391027 -0.111905   1.50268
 0.869636  0.351368 -0.076374   1.57953
 0.956158  0.124083 0.0319539   1.71912
 0.955592  0.130797 0.0359849   1.71798
 0.955975  0.130637 0.0290103   1.71839
 0.955893  0.131872 0.0335039   1.71886
  0.95522    0.1355 0.0221045   1.71558
 0.954604  0.141068 0.0307062   1.71561
 0.954578   0.14178 0.0392408   1.71589
  0.952673   0.133297 -0.0974636    1.71095
  0.954674   0.148027 -0.0753408    1.71617
  0.95642  0.134674 0.0197903   1.71871
 0.956356  0.133219 0.0216262   1.71833
  0.95733  0.127652 0.0170195    1.7209
 0.958036  0.122943 0.0153457    1.7223
  0.95753  0.123282 0.0203372   1.72149
 0.957559  0.122391 0.0164403    1.7212
0.956421 0.130886 0.027794  1.71956
 0.957133  0.124187 0.0255858   1.72101
 0.956708  0.124686 0.0307914   1.72046
 0.956603  0.123912 0.0263861   1.71977
 0.957053  0.127591 0.0176851   1.72022
 0.957051  0.123372 0.0207682   1.72043
 0.956318  0.129806 0.0208185   1.71886
 0.956957  0.127982 0.0214088   1.72027
 0.957956  0.121774 0.0113351    1.7217
 0.957309   0.12703 0.0139969   1.72053
  0.957583   0.126079 0.00710809     1.7207
0.957592 0.127916 0.011727  1.72127
   0.956628    0.128564 -0.00152473     1.71777
   0.95618   0.135357 0.00781747    1.71803
 0.956219  0.136158 0.0157149   1.71836
   0.959665    0.117049 -0.00948768     1.72376
   0.958993     0.12054 -0.00740303     1.72267
  0.959278   0.118179 -0.0136479    1.72274
  0.959291    0.12116 -0.0101117    1.72333
   0.95875   0.126799 -0.0138834    1.72184
  0.958154   0.123154 -0.0146346    1.72064
   0.958067    0.126506 -0.00760658     1.72099
 0.951612  0.154376 0.0530864   1.70876
  0.958874   0.129783 -0.0204737    1.72241
  0.959275   0.128182 -0.0160547    1.72322
  0.960182   0.119096 -0.0237895     1.7242
  0.961104   0.115535 -0.0263324     1.7258
 0.960879  0.115726 -0.021273    1.7256
 0.960609  0.114726 -0.023006   1.72463
  0.959701    0.11831 -0.0150444    1.72361
 0.960539  0.116124 -0.016322   1.72519
  0.960178   0.117657 -0.0113192     1.7249
  0.960036   0.115557 -0.0145407    1.72409
  0.959958   0.118236 -0.0199035    1.72366
  0.960396   0.114784 -0.0185505    1.72448
  0.959761   0.117478 -0.0166363    1.72341
  0.960065   0.118395 -0.0190175     1.7241
  0.960788   0.114222 -0.0281498     1.7247
  0.959998   0.118872 -0.0246336     1.7236
  0.960132   0.117528 -0.0309229    1.72357
  0.960275   0.118953 -0.0293654    1.72419
  0.959015   0.122853 -0.0342903    1.72137
 0.958654  0.124461 -0.032879   1.72115
  0.958586   0.129045 -0.0262959    1.72161
  0.961496   0.109933 -0.0496376    1.72517
  0.960613   0.115418 -0.0460176    1.72396
  0.960553   0.113355 -0.0522055    1.72362
  0.960859   0.113742 -0.0516814    1.72443
  0.959148   0.125445 -0.0538491    1.72221
  0.959266   0.115266 -0.0529315    1.72109
  0.959172   0.121707 -0.0485851    1.72166
 0.953392  0.150218 0.0281444   1.71184
  0.958656   0.120475 -0.0693679    1.72092
  0.959218   0.125304 -0.0615986    1.72261
  0.960444   0.112542 -0.0724166    1.72378
  0.962227   0.106405 -0.0763382    1.72724
  0.962414   0.106477 -0.0683682    1.72737
  0.961391   0.106876 -0.0693776    1.72482
  0.960794   0.111578 -0.0574402    1.72407
  0.962335   0.107384 -0.0610555    1.72709
  0.962179   0.109198 -0.0545152    1.72684
  0.961578   0.108235 -0.0557019    1.72516
  0.960228   0.114031 -0.0651731    1.72313
  0.961583   0.107234 -0.0620808    1.72513
  0.960589   0.114072 -0.0568767    1.72373
  0.960713   0.112535 -0.0649773    1.72415
 0.949033  0.189455 0.0156955   1.70638
 0.953832  0.149544 -0.122558   1.71893
  0.94592  0.149944 -0.153726    1.7045
 0.953585  0.130338 -0.130832   1.71467
 0.949897  0.133791 -0.147689   1.70899
 0.952803  0.120025 -0.144809   1.71258
 0.951699  0.123781 -0.145856   1.71129
  0.94797   0.13905 -0.151535   1.70696
  0.95103  0.147951 -0.142461   1.71451
 0.947386  0.171465 0.0631454   1.70038
0.942848 0.133749 -0.18769  1.69793
 0.943001  0.139643 -0.179368   1.69853
 0.940842  0.142606 -0.187103    1.6955
 0.942236  0.135011 -0.185747   1.69713
 0.937993  0.169546 -0.189913   1.69641
 0.940542  0.141068 -0.179258   1.69402
 0.940948  0.143223 -0.178383   1.69529
  0.957834   0.139434 -0.0362811    1.72078
 0.784946  0.401761 -0.213591   1.44001
 0.793785  0.380242 -0.223531   1.45092
 0.804182  0.386598 -0.200456   1.47015
 0.792056  0.383507 -0.209467   1.44442
  0.8065  0.36282 -0.23523  1.47558
 0.824799  0.372233 -0.194144   1.50887
 0.808576  0.376061 -0.204271   1.47676
  0.80367  0.367821 -0.215869   1.46538
  0.877499   0.355963 -0.0136938    1.59294
 0.781414  0.328059 -0.309733    1.4331
 0.801108  0.339792 -0.278421   1.46863
0.772187 0.340504 -0.30197  1.41392
0.782356 0.347897 -0.28459  1.43212
 0.766052  0.357409 -0.297164   1.40666
 0.771241   0.34438 -0.291512    1.4092
 0.785294  0.340619 -0.288299   1.43774
 0.779562  0.333989 -0.295965   1.42545
   0.95047   0.168457 -0.0949734    1.71186
 0.927649  0.230889 -0.134637   1.67753
 0.913727  0.169769 -0.269527   1.65493
 0.914445  0.176571 -0.260304   1.65686
 0.910777  0.180986 -0.269169   1.65219
 0.912813  0.171947 -0.266833    1.6539
 0.907285  0.205402 -0.271754   1.65343
 0.910376  0.181413 -0.262767   1.65118
 0.911241  0.183816 -0.261557   1.65345
 0.749551  0.313901 -0.353793   1.37771
 0.755089   0.30113 -0.354631   1.38482
  0.76212  0.309507 -0.342908   1.39733
 0.753494  0.305055 -0.347739   1.37948
 0.763051  0.292814 -0.359175    1.4022
0.776617 0.307388 -0.33831  1.42678
 0.764536  0.304946 -0.345052   1.40272
 0.761282  0.298609 -0.350122   1.39571
 0.924205  0.210944 -0.190207   1.67451
 0.873839  0.220538 -0.328163   1.59935
 0.880281  0.223908 -0.321139   1.61256
 0.873416  0.211568 -0.336596   1.59634
 0.874049  0.206118 -0.344197   1.59682
 0.880292  0.200885 -0.334764   1.60616
 0.875461  0.206524 -0.337643   1.59757
 0.886892  0.198562 -0.314307   1.61559
 0.886146  0.195334 -0.325365   1.61477
0.891686 0.189126 -0.31599  1.62267
 0.888058    0.1961 -0.318896   1.61702
 0.876344  0.214731 -0.328945   1.60106
 0.881857  0.201434 -0.328288   1.60744
 0.885001  0.209258 -0.316133   1.61454
 0.879941   0.20584 -0.326212   1.60559
 0.738956  0.275593 -0.389718   1.35896
 0.744057   0.26608 -0.388714   1.36618
 0.748548  0.273897 -0.380936   1.37407
 0.742089  0.269604 -0.384146   1.36066
0.751139 0.260739 -0.39233  1.38248
   0.7599  0.274811 -0.378098   1.39825
 0.750613  0.271279 -0.382545   1.37942
 0.749273  0.265768 -0.385699   1.37632
 0.756033   0.35263 -0.302093   1.38516
 0.751135  0.341977 -0.317591   1.37654
 0.765591  0.335943 -0.306609   1.39968
 0.760127   0.34728 -0.313588   1.39621
 0.747592  0.330781 -0.331908   1.37051
 0.744478  0.319767 -0.344641   1.36516
0.758064 0.315584  -0.3335  1.38685
 0.752769  0.324967 -0.341408   1.38325
 0.772877  0.324892 -0.314745   1.41524
  0.77286  0.315808 -0.320037    1.4138
0.756348 0.336068 -0.32826  1.38961
 0.76392 0.321167 -0.32939  1.39978
 0.768971  0.330729 -0.316621   1.40889
 0.761259    0.3257 -0.321642   1.39243
 0.849665   0.22853 -0.361927   1.55995
 0.85419 0.230593 -0.35719  1.56879
 0.849792  0.223147 -0.369841   1.55959
  0.85082  0.219288 -0.375342   1.56075
 0.856404  0.216172 -0.368113   1.56929
0.851718 0.219416 -0.37047  1.56065
 0.860865     0.218 -0.355115   1.57695
 0.862068  0.213345 -0.360734   1.57819
0.867855 0.209594 -0.35278  1.58702
  0.86297  0.213576 -0.355414   1.57806
 0.851896   0.22505 -0.364499   1.56266
 0.857113  0.216399 -0.363321   1.56889
 0.857764  0.222112 -0.356405   1.57148
 0.855252  0.219991 -0.362781    1.5678
 0.814932  0.233742 -0.401015   1.50332
 0.820835   0.23159 -0.402798   1.51359
  0.82623  0.227844 -0.401494   1.52098
 0.826302  0.231599 -0.396455   1.52209
  0.82432  0.230056 -0.401078   1.51945
0.826029 0.237027 -0.38992  1.52226
 0.818198  0.233945 -0.401018   1.50919
 0.823671  0.236702 -0.396184   1.51968
 0.867101  0.242574 -0.299817   1.58236
 0.809493  0.225693 -0.416554   1.49502
  0.80579  0.227821 -0.415799   1.49002
 0.807027    0.2263 -0.414209   1.49025
  0.81221  0.226411 -0.416653   1.49967
 0.814607  0.226472 -0.416069    1.5026
 0.812532  0.228024 -0.414319   1.49992
 0.813349  0.226911 -0.416117   1.50196
0.809001  0.23009 -0.40928  1.49315
 0.811096  0.227107 -0.416611   1.49807
 0.809716  0.228587 -0.411896   1.49557
 0.811878  0.228442 -0.414669   1.49916
  0.74142  0.309341 -0.356896   1.36034
 0.738255  0.299628 -0.366841   1.35479
 0.749733  0.296793 -0.357819   1.37335
 0.745556  0.304281 -0.364417   1.37064
 0.736125   0.28987 -0.375865   1.35116
 0.734444  0.280597 -0.383819   1.34832
 0.744993  0.278772 -0.375075   1.36537
 0.740927  0.284792 -0.381957   1.36236
 0.755907   0.28917 -0.362734   1.38723
 0.756619  0.281921 -0.365875   1.38764
 0.743102  0.294358 -0.373727   1.36629
  0.74956  0.283555 -0.372402   1.37538
 0.752872  0.292342 -0.364204   1.38138
 0.746898   0.28752 -0.367565   1.36863
0.915316 0.168871 0.241697  1.63444
0.913707 0.155133 0.219675  1.63704
0.910885 0.146973 0.209169  1.63981
0.913306 0.234957 0.301126  1.65735
0.929335 0.218119 0.259283  1.67856
  0.81854 -0.156576  0.173179   1.49862
0.936668  0.20285 0.220707  1.68836
 0.89887 0.166211 0.351166  1.62957
0.924596 0.193038 0.274351  1.66882
0.924084 0.154862  0.23618  1.66093
0.934769 0.209171 0.237542  1.68588
0.925932 0.154505  0.23847  1.66449
0.927419 0.151588 0.239411  1.66739
0.872847  0.26606 0.251295  1.58674
0.871591   0.2743 0.244922  1.58451
 0.87768 0.269728 0.242427  1.59427
0.874156 0.272993 0.246983  1.59063
0.870364 0.282868 0.237971  1.58245
0.868847 0.291472 0.230337  1.57971
 0.87572 0.284934 0.227424  1.59065
0.871793 0.290121   0.2328  1.58674
0.882764 0.272368 0.234437  1.60274
0.883349 0.275591 0.226381  1.60313
0.873112 0.281487 0.240048  1.58895
0.877638 0.283339 0.231279  1.59544
0.878973 0.276039 0.237935  1.59808
0.876506 0.277943 0.235143  1.59234
0.928842 0.141094 0.232054  1.67037
0.925738 0.149915 0.250366  1.66648
0.929693 0.128977 0.228033  1.67269
0.926562  0.15698 0.234756  1.66536
0.929724 0.120366 0.241238  1.67555
 0.92438 0.153088 0.238232  1.66287
0.935518  0.08134 0.210572  1.68189
 0.945651 0.0490764  0.196344   1.70302
 0.939843 0.0604984  0.205982   1.69061
 0.941234 0.0574016  0.209496   1.69499
 0.933915 0.0655216   0.22853   1.68146
 0.931035 0.0690178  0.231584   1.67547
 0.936954 0.0742846  0.222329   1.68794
0.928682 0.151533 0.230919  1.66915
0.885337 0.270738 0.237021  1.60868
0.888624 0.256654 0.247926  1.61514
 0.87949 0.268145 0.245065  1.59859
0.881544 0.259796 0.250432  1.60253
0.875431 0.264608 0.253054  1.59281
0.878633 0.262046 0.248425  1.59601
0.884443 0.259675   0.2476  1.60656
0.883947 0.263628 0.241033  1.60484
  0.93034 0.0862747  0.250192   1.67924
0.931924 0.101595 0.234285  1.67967
0.927998 0.098203 0.239183  1.67108
0.909409 0.130144 0.198098  1.63486
0.913425 0.148993 0.190527  1.64311
0.920092  0.14946 0.229282  1.65369
0.910282 0.145609 0.214257    1.638
0.925794 0.153131 0.241377  1.66462
0.923683 0.153615 0.237004  1.66127
0.923379 0.153204   0.2289  1.65865
0.935922 0.174524 0.225902  1.69167
0.933313 0.194776 0.243557   1.6842
0.925653 0.145563 0.247303  1.66597
0.917788 0.141721 0.207683  1.64872
0.925247 0.154293 0.238931  1.66305
0.914336 0.147926 0.206575  1.64871
0.920494 0.162498 0.262735  1.66093
0.921344 0.160757 0.215941  1.65417
0.934962 0.185621 0.221764  1.69275
0.923605 0.164106 0.209105  1.65529
0.924187 0.152608 0.227603   1.6602
 0.93811 0.134731 0.173223  1.69571
0.927515 0.195547 0.140611  1.66269
0.931973 0.137025 0.273866  1.68865
 0.93519 0.190669 0.199107   1.6766
0.931361 0.167415 0.204884  1.67383
0.933498 0.173632 0.209543  1.67066
0.886493 0.241433 0.260221  1.60911
0.886979 0.244874 0.253636   1.6094
0.881576 0.237943  0.26705  1.60101
0.876662 0.232948 0.274139  1.59321
0.875624 0.241097 0.269164  1.59137
0.877909 0.239732 0.270823  1.59683
0.880023 0.252779 0.255223  1.59822
0.874715 0.249354 0.263586  1.58983
0.873762 0.257354 0.257537   1.5881
0.876227 0.256019 0.259648  1.59406
0.882783 0.244029  0.26351  1.60449
 0.87712 0.247968 0.265396  1.59558
 0.88163 0.251064 0.258437  1.60221
0.880542 0.246005 0.261313  1.59935
0.888724 0.159464 0.296199   1.6134
0.893282 0.168149 0.297898  1.62182
 0.89438 0.158778 0.299048  1.62413
0.892392 0.161553 0.297777   1.6196
 0.89877 0.170441 0.291819   1.6294
0.903672 0.153181 0.292912  1.63862
0.899564 0.155412 0.296692  1.63141
0.898045 0.157587 0.295481  1.62793
0.898281 0.165756 0.292471  1.62904
0.886602 0.160845 0.296629  1.60878
0.884955 0.170336 0.296732  1.60631
0.891358 0.170451  0.29702  1.61752
0.887219   0.1688 0.296706  1.61135
0.883352 0.179854 0.295567  1.60383
0.881894 0.189167 0.293346   1.6015
0.888988 0.187351  0.29182   1.6135
0.884402 0.187421  0.29401  1.60724
0.896493 0.173006 0.290057  1.62414
0.897133 0.178267  0.28521  1.62522
0.885793 0.178168 0.295936  1.60935
0.890866 0.184782 0.293927  1.61782
0.892168  0.17684  0.29639  1.62035
0.889957 0.179379 0.295049  1.61538
0.927097 0.136802 0.240791  1.66815
0.895166 0.275796 0.220844  1.62697
0.927182 0.146021  0.24045  1.66725
0.936675 0.178035 0.211938  1.69641
0.924713 0.133345 0.250826  1.66539
0.935869  0.16833 0.209451  1.69286
0.929521 0.153301 0.230123  1.67145
0.923868 0.153371 0.237159  1.66111
0.930277 0.158076 0.217207   1.6765
0.920787 0.149636 0.229376  1.65549
0.915854 0.142398  0.21628  1.64659
0.915225 0.145129 0.217073  1.64839
0.935864 0.170335 0.209633  1.69077
0.914654 0.143218 0.214219  1.64368
0.917561 0.164202 0.240753  1.64053
0.910298 0.150107 0.223362   1.6314
0.920649 0.149103  0.22884  1.65618
0.913918  0.15625 0.238506   1.6308
0.915715 0.149599  0.22112  1.64608
0.910664 0.165129  0.23392  1.62887
0.917452 0.159488 0.237767  1.63939
 0.762328  0.121624 -0.444023    1.3987
0.763854 0.124453 -0.44558  1.40302
 0.756048  0.124855 -0.448947   1.38886
 0.760114  0.118138 -0.443304   1.39299
  0.7564 0.120143 -0.44631  1.38723
 0.757059  0.115938 -0.443039   1.38578
 0.757696  0.117779 -0.444896   1.38875
 0.757517  0.122763 -0.446554   1.39019
 0.760861   0.12102 -0.445241   1.39622
 0.77152 0.143504 -0.45763  1.42614
 0.751625  0.127094 -0.452421   1.38207
 0.747105  0.130651 -0.454449   1.37456
 0.749445   0.12503 -0.450847    1.3762
 0.746977  0.127232 -0.451903   1.37206
 0.747172  0.124192 -0.449444   1.37018
   0.7477  0.125469 -0.451162   1.37281
0.747797 0.128813 -0.45296  1.37476
  0.75033  0.126989 -0.452394   1.37941
 0.767198  0.153762 -0.464233   1.42049
 0.771135  0.131874 -0.448235   1.42009
 0.772116  0.136245 -0.445623   1.42141
 0.739369  0.138481 -0.456224   1.36124
0.740211 0.137044  -0.4565  1.36287
 0.737099  0.137124 -0.454919   1.35528
 0.735263  0.137188 -0.453458   1.35026
 0.736505  0.135592 -0.453036   1.35225
  0.73675   0.13642 -0.453458   1.35319
 0.739465  0.134205 -0.454682   1.35948
 0.737762  0.133974 -0.452745   1.35437
 0.738936  0.132344 -0.452401   1.35629
 0.739096  0.133207 -0.452866   1.35708
 0.738164    0.1367 -0.454817   1.35734
 0.73794 0.134779 -0.45315  1.35516
 0.739176  0.135205 -0.454909   1.35923
 0.738284  0.135641 -0.454656   1.35728
 0.735641  0.137953 -0.453844   1.35144
  0.73707  0.138141 -0.455241   1.35564
  0.73622  0.139434 -0.455847   1.35456
 0.736004  0.138434 -0.455449   1.35362
  0.73743  0.141425 -0.458587   1.35933
 0.737115  0.140093 -0.457439   1.35765
 0.738145   0.13956 -0.456683   1.35919
 0.775151  0.159217 -0.440625   1.42896
 0.735174  0.145105 -0.459041   1.35576
0.733061 0.148934 -0.45887  1.35217
 0.733134  0.144488 -0.456366   1.34962
 0.731921  0.146503 -0.456284   1.34748
 0.731385  0.144576 -0.454638   1.34449
 0.731816  0.145254 -0.456003    1.3468
 0.732616   0.14736 -0.458146   1.35042
 0.734086   0.14596 -0.457874     1.353
 0.781535  0.173979 -0.414035   1.43179
 0.777628  0.162454 -0.424326   1.42728
 0.778676  0.166682 -0.421819   1.42828
0.731401 0.152263 -0.45903   1.3496
 0.730251  0.156447 -0.458092   1.34761
0.729283 0.151907 -0.45612  1.34313
0.728544 0.154136 -0.45564  1.34176
 0.727564  0.152378 -0.454668   1.33825
 0.728056  0.152795 -0.455544   1.34039
 0.729256  0.154763 -0.457667   1.34488
 0.730357  0.153357 -0.457549   1.34676
0.791603  0.19203 -0.44862  1.46554
 0.793337  0.193813 -0.450828    1.4698
 0.792224  0.200597 -0.446759   1.46937
 0.791575  0.202012 -0.442546   1.46727
 0.785968  0.193771 -0.453959   1.45795
 0.789814  0.198237 -0.451542   1.46589
 0.728759  0.169815 -0.454126   1.34522
 0.729826  0.175024 -0.451217   1.34684
 0.726364  0.170354 -0.450639   1.33784
 0.726804  0.173083 -0.449157   1.33841
 0.724709  0.172011 -0.449773   1.33361
 0.725376  0.171598 -0.449486   1.33531
 0.727556  0.173137 -0.451486   1.34181
 0.727762  0.171562 -0.451722   1.34201
 0.770612  0.159602 -0.445997   1.42197
 0.728118   0.17925 -0.449064   1.34302
 0.728677  0.177369 -0.449172   1.34378
 0.725923  0.180308 -0.445523    1.3361
 0.723287  0.182688 -0.445018   1.33026
 0.723274  0.179535 -0.446351   1.33031
 0.724994  0.180817 -0.446244   1.33407
 0.72571 0.174474  -0.4483  1.33597
 0.723239  0.176527 -0.447553   1.33027
 0.723267  0.173615 -0.448742   1.33038
 0.724852  0.174791 -0.448646   1.33385
 0.727136  0.178795 -0.446514   1.33882
 0.724876  0.177782 -0.447483   1.33388
 0.726762  0.175823 -0.448072   1.33834
 0.725661  0.177235 -0.446877   1.33561
  0.73455  0.150816 -0.462541   1.35783
 0.737092  0.148093 -0.462137   1.36224
 0.723741  0.197835 -0.438273    1.3309
  0.72345  0.193709 -0.440246   1.33043
 0.727149  0.194213 -0.438291   1.33769
 0.725831  0.195407 -0.440005   1.33561
0.723344 0.189831 -0.44197  1.33028
 0.723234  0.186085 -0.443599   1.33011
 0.726483  0.186812 -0.442147   1.33676
 0.725322   0.18764 -0.443437   1.33468
 0.729873  0.192355 -0.442096   1.34569
 0.730337  0.190002 -0.442318   1.34617
 0.725518  0.191429 -0.441789   1.33503
 0.727905  0.188512 -0.441772   1.33992
 0.728635  0.192224 -0.439686   1.34106
 0.726596  0.190284 -0.440279    1.3367
0.733414 0.169426 -0.45999  1.35845
 0.798393  0.226458 -0.416652    1.4764
 0.786891  0.226794 -0.410699   1.45046
 0.789783  0.230682 -0.409747   1.45695
 0.735045  0.179338 -0.455337   1.36149
 0.737293    0.2014 -0.441147   1.36344
 0.735735  0.197095 -0.442328   1.35979
 0.733996  0.209179 -0.431951   1.35274
 0.734407   0.20613 -0.432355   1.35299
 0.730406  0.211929 -0.427442   1.34274
 0.725852  0.217058 -0.427857   1.33429
 0.725231   0.21198 -0.430774   1.33331
 0.728459  0.214008 -0.430256    1.3402
 0.728846   0.20254 -0.433205   1.34032
  0.72462  0.207014 -0.433443   1.33226
 0.72426 0.202269 -0.43596  1.33174
 0.727142  0.204148 -0.435528    1.3379
 0.732246  0.209348 -0.429419   1.34697
 0.727713  0.209056 -0.433013   1.33892
 0.730941  0.204645 -0.432511   1.34483
0.729359 0.206976 -0.43043  1.34091
 0.746573  0.206888 -0.438467   1.38277
  0.73905  0.230387 -0.416757   1.36075
 0.739899  0.226272 -0.417592   1.36176
 0.734505  0.233797 -0.412433    1.3489
 0.728364    0.2407 -0.413398   1.33822
  0.72777  0.234283 -0.417395   1.33728
 0.731938  0.236932 -0.416643   1.34626
 0.732752  0.222238 -0.420242    1.3463
 0.727233  0.228241 -0.421068   1.33645
 0.726598  0.222493 -0.424571   1.33547
 0.730355  0.224785 -0.423886   1.34348
 0.736907  0.230683 -0.415244   1.35451
  0.73115  0.230689 -0.420379   1.34486
 0.735365  0.224907 -0.419211   1.35194
 0.733375  0.227671 -0.416668   1.34706
 0.815468  0.264111 -0.353918   1.49839
 0.772243  0.245008 -0.394304    1.4208
 0.844671  0.246017 -0.340263   1.54793
  0.79879  0.245468 -0.385063   1.47033
 0.887937  0.238204 -0.269929   1.61906
 0.804097  0.275757 -0.350339   1.47981
 0.796742   0.36022 -0.241961    1.4548
 0.796869  0.348716 -0.250861   1.45304
  0.78655  0.375334 -0.230112   1.43477
 0.773574  0.396929 -0.220379   1.41495
0.768672 0.386502 -0.24249  1.40617
 0.779039  0.392082 -0.236659   1.42935
 0.777793  0.354831 -0.269856   1.41977
0.764718 0.375137 -0.26366  1.39943
 0.760563  0.363622 -0.283117   1.39232
 0.770624  0.369147 -0.277991   1.41446
 0.790924  0.370098 -0.244824   1.44658
 0.775084  0.380667 -0.258123   1.42238
 0.784799  0.360758 -0.263766   1.43547
 0.781757  0.365331 -0.251963   1.42676
0.907124 0.226634 -0.23113  1.64873
 0.792458  0.431786 -0.107447   1.44849
 0.785182   0.42631 -0.137991   1.43504
 0.806496  0.408966 -0.126925   1.46956
  0.79733  0.431321 -0.129498   1.46267
  0.78078  0.417623 -0.167549   1.42717
 0.777139  0.407137 -0.194054   1.42041
 0.797937  0.392392 -0.179885   1.45376
 0.788459  0.413254 -0.186839   1.44625
 0.818676  0.388943 -0.142931   1.49045
 0.819345  0.376151 -0.157426   1.48917
  0.79278  0.423187 -0.159569   1.45442
 0.805179  0.399124 -0.171029   1.47091
 0.811332  0.406724 -0.146752   1.48297
  0.80139  0.402358 -0.156401   1.46076
 0.938603  0.192417 -0.151577   1.69663
   0.8187  0.424898 0.0215768   1.49336
   0.811969    0.430326 -0.00890331     1.48153
   0.832335    0.408687 -0.00418518     1.51447
   0.823504    0.431712 4.89916e-05      1.5078
  0.805942   0.433028 -0.0407722    1.47122
  0.799527   0.433097 -0.0733497     1.4601
  0.822599   0.411046 -0.0634323    1.49747
  0.812107   0.435664 -0.0641793    1.48834
  0.845976   0.389358 -0.0222082    1.53667
  0.848073   0.380325 -0.0431042    1.53887
  0.818071   0.434929 -0.0317559    1.49861
  0.830867   0.414348 -0.0522424    1.51667
  0.836408   0.413611 -0.0236052    1.52687
 0.827304  0.412123 -0.034456   1.50616
  0.956345   0.135694 -0.0244563    1.71654
0.843367 0.385141 0.120104  1.53644
0.837379  0.39662 0.100529  1.52588
 0.850664  0.380808 0.0994969   1.54715
0.844785 0.395354 0.106381  1.54277
 0.831349  0.407558 0.0774971   1.51541
 0.825054  0.416248 0.0516487   1.50397
 0.842453  0.396309 0.0548494   1.53217
  0.83469  0.416654 0.0601275   1.52633
 0.858866  0.375767 0.0819696   1.56112
 0.859537  0.375219 0.0635553   1.56127
 0.839993  0.406696 0.0844843   1.53514
  0.84833  0.396829 0.0653145   1.54636
 0.852946  0.389228 0.0859723   1.55497
 0.846295  0.390462 0.0776967   1.53968
 0.951359  0.134297 0.0851725   1.70798
0.953703 0.127992 0.111082   1.7151
0.871526 0.339613 0.151098  1.58319
0.872187 0.341021 0.137516  1.58328
0.864524 0.340437 0.164894  1.57112
0.858159  0.34111 0.180542  1.56155
0.855164 0.351138  0.16783  1.55621
 0.85977 0.349757 0.171553  1.56696
0.859463 0.358583 0.135763  1.56217
0.852075 0.361713 0.153589    1.551
0.848193 0.372563 0.137953   1.5443
0.853939 0.370991 0.142358  1.55746
0.866429 0.348247 0.155442  1.57704
0.857229 0.360143 0.157491  1.56285
  0.8633 0.357372 0.142013  1.57136
0.861894 0.350341 0.150633  1.56671
 0.93153 0.130386 0.226177  1.67711
0.890816   0.3379 0.125073  1.62253
0.878129 0.305524 0.198766  1.59455
0.878598 0.308215 0.188798  1.59454
0.872452 0.303754 0.209832  1.58509
0.867242 0.301324 0.222036  1.57721
0.865143 0.310894 0.213346  1.57354
0.868506 0.309412 0.215812  1.58139
0.869225 0.320684 0.189458   1.5792
0.862965  0.32088 0.203504  1.56982
0.860576 0.330438 0.192639  1.56548
0.864561 0.329059 0.195958  1.57488
0.873906 0.311184 0.203285  1.58963
0.866688 0.319319 0.206206  1.57847
0.871799 0.319226 0.194253  1.58554
0.870639 0.313226 0.199867  1.58212
0.930098   0.1421 0.230768  1.67342
 0.93403 0.130091 0.207995  1.68154
0.922128 0.131178 0.258717  1.66292
 0.89328  0.30537 0.181823  1.62421
0.890524 0.209731  0.27924  1.61557
0.890827 0.213561 0.273714  1.61558
0.885751 0.205408 0.285693  1.60808
0.880624 0.198662 0.290606  1.59962
0.879441  0.20728 0.287251  1.59763
0.881706 0.205746 0.288344  1.60293
0.883891 0.221072 0.276727   1.6049
0.878512 0.215881 0.283274  1.59617
0.877559 0.224163 0.278838  1.59454
0.879845  0.22269 0.280283  1.59997
0.886845 0.211851 0.282971  1.61134
0.880801 0.214363  0.28446  1.60153
0.885446 0.219155 0.279324  1.60864
0.884494 0.214005 0.281452   1.6061
0.914732 0.115662 0.283788  1.65553
0.918422 0.123052 0.270843  1.65999
0.913518  0.12171 0.283081   1.6521
0.908828  0.11276  0.29407  1.64585
0.902766 0.116005  0.30689    1.638
0.905089 0.121515 0.297224  1.63895
0.905226 0.114707  0.29598  1.63823
0.896465 0.120225 0.308753  1.62743
0.890211 0.123108 0.300644  1.61413
0.895772 0.131665 0.304991  1.62592
0.893979 0.125085 0.305061  1.62116
0.900427 0.137466  0.30216  1.63358
0.904602 0.133123 0.295442  1.63824
0.903449 0.134783 0.294586  1.63556
0.899976 0.120126 0.304834  1.63135
0.899032 0.131159 0.302464  1.62955
0.903508 0.125769 0.294507  1.63491
0.901047  0.12743 0.304858  1.63449
0.921087 0.146361 0.265761  1.66195
0.910132 0.116661  0.29189  1.64753
0.907624 0.120576 0.291331  1.64189
0.909823 0.126811 0.282841  1.64399
0.907418 0.132082 0.292655  1.64336
 0.91994 0.126198 0.266524  1.65949
 0.795995  0.204452 -0.440505   1.47628
 0.797262  0.198096 -0.445522    1.4777
 0.804203  0.200818 -0.438432   1.48933
  0.79881  0.201094 -0.440915   1.47923
 0.796828   0.19457 -0.449366   1.47664
 0.793305  0.187516 -0.444938    1.4669
  0.80063  0.186558 -0.441323   1.47988
  0.79642  0.188476 -0.443396   1.47239
  0.81435  0.195626 -0.435048   1.50647
 0.810687   0.18496 -0.436181   1.49771
 0.831308  0.184699 -0.424307   1.53556
0.816054 0.187191  -0.4319  1.50656
 0.798795  0.195533 -0.446582   1.47942
 0.804301  0.187578 -0.439415   1.48618
 0.806387  0.196747 -0.438828   1.49158
 0.803902  0.193947 -0.444206   1.48858
 0.738303  0.191315 -0.448502   1.36727
 0.956817 0.0939115 0.0981125   1.71864
 0.955614  0.140223 0.0797775   1.71914
0.956178  0.11861  0.06776  1.71767
 0.961738  0.063143 0.0736466    1.7276
 0.960359 0.0964912 0.0603286   1.72645
 0.963766 0.0325184 0.0394934   1.73257
 0.962583 0.0868063 0.0450651   1.73103
 0.957902  0.114834 0.0645923   1.72149
 0.959586  0.103388 0.0892346   1.72584
0.931483 0.140309 0.218158  1.67648
 0.76157 0.156061 -0.46393  1.40919
 0.760955  0.155696 -0.463809   1.40772
   0.7621  0.156257 -0.465276   1.41098
 0.760655  0.156179 -0.464493   1.40752
 0.760594  0.156536 -0.464729   1.40757
 0.760758  0.155922 -0.464213   1.40755
 0.760589  0.155872 -0.464335   1.40726
 0.763164  0.154705 -0.463309   1.41235
 0.763884  0.153504 -0.461097   1.41272
 0.742265  0.139254 -0.460384   1.36971
 0.745958  0.136484 -0.459477    1.3763
 0.763971  0.158672 -0.463813   1.41476
 0.765283  0.153359 -0.461334   1.41551
 0.768118  0.152674 -0.465847   1.42299
 0.762898  0.153319 -0.463215   1.41162
 0.758359  0.128424 -0.451519   1.39548
 0.763269  0.128037 -0.449957   1.40484
0.762782 0.154366 -0.46529  1.41242
 0.763474  0.151796 -0.461153   1.41171
 0.769817  0.149734 -0.464486   1.42571
 0.748007  0.136209 -0.458955   1.38002
 0.770226  0.146025 -0.457822   1.42325
  0.76094  0.157355 -0.463922   1.40803
 0.760944  0.157608 -0.464275   1.40826
 0.761983  0.157583 -0.465479   1.41115
 0.760749  0.157641 -0.464646   1.40805
 0.764914   0.15858 -0.463604   1.41648
 0.763009   0.15891 -0.464203     1.413
0.760463 0.157029 -0.46488  1.40746
 0.762542  0.154781 -0.465267   1.41187
0.760436 0.156598 -0.46478  1.40729
 0.762265  0.155801 -0.466126    1.4117
 0.761897  0.156027 -0.465326   1.41055
 0.766276  0.150172 -0.469045    1.4204
 0.761468  0.155889 -0.463982   1.40898
  0.76009  0.155895 -0.464947    1.4068
  0.76124  0.155746 -0.463807   1.40839
 0.760749  0.155538 -0.464288   1.40762
 0.760402  0.156043 -0.464801   1.40725
 0.760896  0.155812 -0.463921   1.40767
  0.76114  0.155868 -0.463583   1.40802
 0.760542  0.155465 -0.464421   1.40726
 0.774865  0.159956 -0.431953   1.42478
 0.731628  0.158075 -0.462104   1.35332
  0.73358  0.155344 -0.461863   1.35658
 0.739157  0.143376 -0.461648   1.36494
   0.7414  0.150597 -0.468943   1.37351
 0.763142  0.152824 -0.463096   1.41213
 0.733524   0.16089 -0.462579   1.35815
 0.766529  0.159769 -0.463959   1.42005
 0.760418   0.15696 -0.465346   1.40769
 0.765178  0.159917 -0.464735   1.41773
 0.760565  0.157408 -0.465525   1.40814
 0.760807  0.157707 -0.465532   1.40868
0.758175 0.161631 -0.45806  1.40221
 0.762841  0.157191 -0.462306   1.41167
 0.762188  0.156874 -0.462981   1.41057
 0.761413  0.157172 -0.463728   1.40935
 0.760376  0.157008 -0.465358   1.40762
 0.762279  0.157217 -0.464239   1.41129
 0.761222  0.157707 -0.465197   1.40935
 0.761656  0.157591 -0.465405   1.41034
0.762172 0.157463 -0.46257  1.41047
 0.761381   0.15774 -0.465135   1.40966
 0.761442  0.157772 -0.465627   1.41012
 0.950073  0.159177 0.0833342   1.70792
  0.95153  0.155698 0.0881817   1.71129
 0.881979  0.363089 0.0621789   1.60701
0.906496 0.271072 0.196058  1.64352
  0.95177  0.157609 0.0732877    1.7109
 0.955485  0.149307 0.0257302   1.71701
    0.95508    0.144631 0.000804202     1.71503
   0.95699   0.140821 0.00112168    1.71923
  0.957109   0.142289 -0.0152473    1.71969
  0.955113   0.147463 -0.0537989    1.71577
 0.949096  0.169718 0.0352442   1.70341
 0.951641  0.168577 0.0322058   1.70966
   0.95659   0.130793 -0.0559612    1.71724
 0.848978  0.352369 -0.179047   1.55227
   0.952794      0.1598 -0.00924544       1.711
  0.950948   0.164621 0.00866169    1.70707
0.941881  0.14911 -0.14523  1.69431
 0.947478  0.163703 -0.128393   1.70813
 0.931249  0.175137 -0.185706   1.68213
 0.826602  0.327123 -0.264017   1.51745
  0.852301   0.367831 -0.0846253    1.54752
 0.844136  0.350749 -0.115485    1.5265
 0.916133  0.193987 -0.225257    1.6601
 0.898071  0.211421 -0.263285   1.63316
 0.796392  0.304365 -0.327886   1.46618
 0.911545  0.252816 -0.176769   1.65398
 0.878826   0.22832 -0.294364   1.60353
 0.777247  0.277851 -0.371507   1.43463
 0.890747  0.269778 -0.221817   1.62195
 0.827623  0.239537 -0.369885   1.52037
0.839362 0.244602 -0.35809  1.54292
  0.83987  0.276893 -0.313335   1.53995
  0.80999  0.235392 -0.393654   1.49131
 0.819955  0.241625 -0.385076   1.51096
 0.802199  0.230573 -0.415909    1.4848
 0.798026  0.239208 -0.401803   1.47317
 0.806828  0.233725 -0.411116   1.49329
0.917656 0.149571 0.199119  1.65474
 0.926164 0.0833963  0.152673   1.67249
0.918622 0.143411 0.200627  1.65058
 0.92664 0.185494 0.259002  1.67583
0.931708 0.190314 0.237311  1.68587
0.922594 0.143794 0.279856  1.66677
0.923688 0.160377  0.27275  1.67126
0.925369 0.156737 0.235111  1.66299
0.927528  0.17528 0.246292  1.67824
0.926601 0.156446 0.236161  1.66575
0.927928 0.154103 0.235733  1.66821
0.929083 0.149525 0.233937  1.67066
0.897648 0.247367 0.246784  1.63038
0.927865 0.158081 0.234161  1.66831
0.930661  0.13572 0.219236  1.67378
0.926043 0.152154 0.244918  1.66574
 0.946976 0.0707338  0.189406   1.70587
0.944545 0.073146 0.201829  1.70205
 0.938319 0.0925797  0.207753   1.68906
 0.943965 0.0969195   0.19159   1.70031
0.942768 0.084764 0.191792  1.69633
0.928622 0.157164 0.231586  1.66959
0.929251 0.154459 0.228374  1.67052
0.933162 0.121593  0.20893   1.6783
0.905674 0.296558 0.124212  1.63855
0.934844 0.112238 0.219371  1.68386
0.920249 0.156374 0.233178  1.64935
0.927807 0.163046 0.228972  1.66351
0.913222 0.146074 0.216296  1.64408
0.934264 0.165043  0.21357  1.68246
0.925448 0.154613 0.241673  1.66422
0.924634 0.154953 0.237875  1.66419
0.934133 0.175113  0.21473  1.69051
0.927565 0.157814 0.233756  1.66692
0.931239 0.177811 0.226845  1.68569
 0.92664 0.153427 0.227657  1.66459
0.921188 0.135479 0.198926   1.6546
0.931015 0.144071 0.205277  1.67549
0.919992 0.137778 0.196144  1.65992
0.924158 0.152126   0.2281   1.6654
 0.92658 0.135872 0.192782  1.67391
 0.93185 0.137637 0.242923  1.68174
0.93014 0.17208 0.24031  1.6823
 0.917262 0.0189919  0.202542   1.64983
0.927351 0.134911 0.178409  1.67223
 0.93145 0.151638  0.24671   1.6834
0.904086 0.188522 0.275108  1.63725
0.904685 0.151835 0.288876  1.63749
0.903799  0.16548 0.283291  1.63622
0.900811 0.217903 0.265452  1.63451
0.924445 0.141984 0.256201    1.666
0.928278 0.158166 0.233266   1.6689
0.903165 0.234176  0.23563  1.63361
0.925751 0.153283 0.244794  1.66542
0.937239 0.170369 0.225186  1.69077
0.934563 0.165846 0.229129  1.68061
0.923781 0.153222 0.257403   1.6649
0.921567 0.149115  0.22891  1.65823
0.917686 0.143232 0.217479  1.65152
0.919414 0.146835 0.217379  1.65679
0.937419 0.171181 0.226161  1.68951
0.916266  0.14392 0.216412  1.64827
0.923782 0.159178 0.232934  1.65565
0.913684 0.150462  0.22208  1.64057
0.922164 0.150045 0.228179  1.66052
0.920045   0.1589 0.235061  1.64622
0.918827  0.15121 0.220459  1.65264
 0.755397  0.131715 -0.454306   1.39145
 0.766153  0.151345 -0.466454   1.41901
 0.764698  0.151485 -0.462383   1.41451
 0.766407  0.140047 -0.459731   1.41598
 0.742485  0.141716 -0.461619   1.37143
 0.767312   0.16269 -0.447388   1.41635
 0.761952  0.153714 -0.465504   1.41071
 0.738994  0.147056 -0.463041    1.3662
 0.769848  0.164268 -0.434106   1.41607
 0.761516  0.162789 -0.453465   1.40719
 0.772975  0.184025 -0.448764   1.42866
 0.745164  0.144221 -0.467238   1.37906
 0.730419  0.166429 -0.460056   1.35161
 0.731616  0.163532 -0.460105   1.35344
 0.744562   0.18517 -0.456397   1.38076
 0.739507  0.167554 -0.466735   1.37221
 0.730912  0.176109 -0.455963   1.35255
 0.731442  0.172935 -0.456316    1.3531
  0.74112  0.175722 -0.462855   1.37512
 0.732841  0.187569 -0.449693   1.35568
 0.732825  0.183852 -0.450347   1.35512
 0.761805  0.221858 -0.417265   1.40399
 0.755957  0.194484 -0.453657   1.40295
 0.787473  0.205816 -0.442564   1.46132
 0.778712  0.198902 -0.452279   1.44639
 0.780881  0.205077 -0.442031   1.44756
 0.744025  0.221253 -0.428985   1.37583
  0.74323  0.215455 -0.430347   1.37333
 0.756935  0.206678 -0.435799   1.39904
 0.751429  0.245215 -0.407838   1.38704
 0.751138  0.236505 -0.411126   1.38558
 0.764547  0.251288 -0.402406   1.41392
 0.761658  0.272267 -0.379043   1.40283
 0.760118  0.261747 -0.384393   1.39879
 0.788343  0.254143 -0.386136   1.45429
 0.777391  0.301155 -0.338576   1.42789
 0.772768  0.289231 -0.347043   1.41746
0.800765 0.329291 -0.28036  1.46595
 0.792058  0.316761 -0.292877   1.44662
 0.866463  0.281388 -0.266779   1.58475
  0.85583  0.267738 -0.305338   1.57009
 0.827537  0.355973 -0.192656   1.50795
 0.822596  0.339286 -0.211184   1.49515
 0.939411  0.206924 -0.096169   1.69413
 0.897008  0.295453 -0.136629   1.62571
  0.951615   0.155446 -0.0553125     1.7091
 0.920741  0.213917 -0.171912   1.66398
 0.870415  0.361131 0.0435583   1.57854
   0.872492    0.362756 -0.00582265     1.58526
0.878758 0.343138  0.11604  1.59539
 0.878309  0.345286 0.0860876   1.59268
0.948396 0.163847 0.103124  1.70497
 0.944106  0.202055 0.0508595   1.69649
 0.949819  0.173047 0.0582036    1.7066
0.886408  0.30813 0.173015  1.60761
0.887764  0.31209 0.150047  1.60865
0.901243 0.278289 0.165665   1.6281
0.889545  0.27898 0.214298  1.61354
0.890642 0.286668  0.19451   1.6145
0.892129 0.251261  0.24344  1.61803
0.892458 0.258088 0.229863  1.61745
0.930338   0.1481  0.22544  1.67357
0.895455 0.221954 0.264496  1.62314
0.895299 0.228777 0.254092  1.62171
0.900024 0.191507 0.279167  1.63035
0.898617 0.198554 0.271184  1.62632
0.909964 0.148968 0.285883   1.6483
0.929817 0.149895 0.223276  1.67186
 0.777538  0.233504 -0.409884   1.43695
 0.791825  0.210934 -0.433817   1.46681
 0.796442  0.215961 -0.428843   1.47536
 0.797163  0.220821 -0.422873   1.47534
 0.799577  0.224424 -0.419436   1.47975
 0.789318  0.222149 -0.419747   1.45906
 0.795285  0.218755 -0.423566   1.47106
  0.76834  0.213289 -0.429453   1.42126
 0.789592  0.189984 -0.451277   1.46228
 0.779818  0.187196 -0.445853   1.44232
 0.787548  0.191846 -0.453498   1.46006
 0.951815 0.0814769  0.128498   1.70871
 0.950744 0.0683375  0.154835   1.70858
 0.947739 0.0510611  0.152144    1.6999
    0.946 0.0838365  0.161628   1.69874
 0.949394 0.0861662  0.150205   1.70564
0.929983 0.153804  0.22195  1.67269
0.941848 0.114707 0.164874  1.69172
 0.950682  0.144574 0.0950611   1.70777
 0.761642  0.155672 -0.464415   1.40955
0.761051 0.155514 -0.46404   1.4081
 0.760834  0.155356 -0.464231   1.40773
  0.76207  0.155761 -0.465813   1.41112
 0.762478  0.155459 -0.466505   1.41232
 0.760362  0.156483 -0.465088   1.40738
 0.764761  0.161336 -0.462712   1.41647
 0.761385  0.155238 -0.464795   1.40916
 0.750119  0.139677 -0.464869   1.38693
 0.761676  0.155586 -0.465914   1.41033
 0.763703   0.15118 -0.461306   1.41228
 0.756616  0.136661 -0.462116   1.39814
 0.759847  0.156367 -0.464924    1.4065
 0.764904  0.150654 -0.463837   1.41553
 0.766517  0.147352 -0.465643   1.41905
 0.759427  0.149248 -0.463502   1.40455
 0.760893  0.136954 -0.462323   1.40634
 0.772443   0.13877 -0.449706   1.42364
 0.765356  0.137896 -0.460842   1.41495
 0.762258   0.15032 -0.461725   1.40937
 0.761058  0.157708 -0.465248   1.40904
 0.760975  0.157782 -0.465448     1.409
 0.761319  0.157571 -0.465074   1.40969
 0.760634  0.157462 -0.465487   1.40827
0.763949 0.160485 -0.46525  1.41555
0.760071 0.156443 -0.46507  1.40692
 0.760252  0.156517 -0.465135   1.40719
 0.761903  0.155091 -0.466643   1.41114
 0.763125   0.16032 -0.465909   1.41424
 0.760231   0.15605 -0.464884   1.40695
 0.761224    0.1545 -0.467284   1.41004
0.760332 0.155683 -0.46464  1.40698
 0.760525  0.155313 -0.464781   1.40746
 0.760539  0.155713 -0.464526   1.40734
 0.761193  0.155504 -0.463973   1.40834
 0.760003  0.155581 -0.464931   1.40655
 0.761313  0.155478 -0.464525   1.40889
 0.760854  0.155203 -0.464655   1.40802
 0.766294  0.163053 -0.441135    1.4119
 0.739863  0.160247 -0.468756   1.37246
 0.747913  0.152243 -0.477181   1.38944
 0.764848  0.161991 -0.452114   1.41332
 0.764097  0.161503 -0.459881   1.41447
 0.762063     0.152 -0.463393   1.40992
 0.763609  0.161077 -0.464527   1.41493
 0.760252  0.156866 -0.465265   1.40743
 0.760552  0.157382 -0.465499   1.40822
 0.761783  0.162081 -0.460828   1.41024
 0.762422  0.158803 -0.464456     1.412
 0.761742  0.157418 -0.463083   1.40984
 0.760882  0.157559 -0.465391   1.40889
 0.761942  0.161348 -0.465212   1.41187
 0.761746  0.157161 -0.463154   1.40979
 0.761583  0.157513 -0.464774   1.41012
 0.761233   0.15788 -0.465603   1.40968
  0.76084  0.157292 -0.463767   1.40828
  0.76104  0.157757 -0.465668   1.40928
    0.761  0.157543 -0.465187   1.40908
 0.948878   0.17337 0.0812491   1.70568
 0.900942  0.319376 0.0829716   1.63265
 0.898045  0.328221 0.0291708   1.62672
 0.89697 0.300208 0.113277   1.6188
  0.953268   0.164463 0.00385716    1.71298
 0.890924  0.316497 0.0513966   1.60645
  0.953903   0.166545 -0.0254546    1.71519
  0.948803   0.190838 -0.0140646    1.70661
  0.949079    0.19215 -0.0491631     1.7098
 0.945435  0.199637 0.0147919   1.69912
  0.945963   0.178787 -0.0954966    1.70422
 0.935353  0.191229 -0.131356   1.68598
 0.880662  0.338944 -0.139699   1.60812
 0.928912  0.248697 -0.087599   1.67846
0.867688 0.319847 -0.20567  1.58463
  0.938836   0.221973 -0.0497442    1.69152
 0.902288  0.234279 -0.214798   1.63639
 0.880065  0.252124 -0.259357   1.60331
 0.832878  0.310025 -0.261643   1.51984
 0.884581  0.276547 -0.200747   1.60452
  0.80319  0.289133 -0.319127   1.46856
  0.85063  0.300167 -0.251609    1.5529
0.823005 0.244083 -0.37238  1.51268
 0.804188  0.241356 -0.395355   1.48392
  0.82623  0.294047 -0.305571   1.51643
 0.834015  0.265289 -0.344191   1.53611
0.922461 0.135971 0.193254  1.65834
 0.927002 0.0983217  0.200927   1.66882
  0.9345 0.146539 0.233186  1.68744
0.927923 0.151845 0.227415  1.66783
0.928431 0.157352 0.233121  1.66844
0.933025 0.176238 0.231324  1.68783
0.924858 0.155314 0.250567  1.66538
0.931007 0.150003  0.23034  1.67526
0.931667 0.169797 0.236328  1.68328
0.928626 0.156563 0.232908  1.66978
0.909296 0.227949 0.246354  1.64877
0.929592 0.159063 0.232765  1.67183
 0.93055 0.143002 0.215324   1.6737
0.935131 0.168071 0.230492  1.68536
0.906955 0.251071 0.224146  1.64456
0.929595 0.158496 0.231008  1.67208
0.932415 0.133821 0.204774  1.67719
0.936128 0.121922 0.190637  1.68323
0.938963 0.121262 0.186645  1.68936
0.930313 0.153057 0.222619  1.67369
0.927445  0.16266 0.234205  1.66251
0.932557 0.164142 0.231549  1.67355
0.920559 0.150381 0.219616  1.65673
0.936857  0.16797 0.227952  1.68504
0.925579 0.156888 0.244833  1.66577
 0.93646 0.168992  0.23228  1.68723
0.934992 0.172213 0.229028   1.6876
0.930137 0.157943 0.232782  1.67191
0.92999 0.15276 0.22803 1.67176
0.929909 0.156884 0.226974  1.67238
0.931454 0.159535 0.232307  1.67566
0.929472 0.162386 0.245822  1.68012
0.930356 0.158665 0.232596  1.67322
0.928941 0.155376 0.247586  1.67799
 0.92734 0.119409 0.189847  1.66982
 0.93409 0.164719 0.239795  1.68399
0.924156 0.124036 0.193321  1.65983
 0.93309 0.149925 0.233103   1.6816
0.913455 0.145918 0.270706  1.64834
0.906333 0.170897 0.282674   1.6411
0.918175 0.142597 0.269128  1.65853
0.913754 0.159768 0.273239  1.65085
0.922577  0.14888 0.256337   1.6627
0.929961 0.156421 0.227734  1.67262
0.925356 0.155737 0.248422    1.666
0.936809  0.17057 0.230968  1.68829
0.925036 0.154465 0.239395  1.66507
0.934828 0.166974 0.230072  1.68257
0.922927 0.149956 0.228481  1.66201
0.920288 0.144971 0.217817  1.65784
0.929642 0.160511  0.22808   1.6714
 0.92525 0.161694 0.248046  1.66688
0.919088 0.145578 0.217205  1.65524
0.917716 0.147702 0.216906  1.65333
0.924936 0.158412 0.230476  1.65977
  0.9236 0.149774 0.217798  1.66503
0.929135 0.161378 0.229598   1.6693
0.931558  0.16107  0.22652  1.67694
 0.754314  0.139233 -0.463243   1.39455
 0.762399  0.149365 -0.466541   1.41153
  0.76181  0.144745 -0.468625   1.41095
 0.749132  0.143276 -0.466381   1.38648
 0.761141  0.161369 -0.463254   1.40992
 0.745271  0.148791 -0.469047   1.38107
 0.761943  0.151552 -0.463427   1.40978
 0.741914  0.153918 -0.469383   1.37557
 0.738164  0.156234 -0.468543   1.36798
 0.762699  0.185031 -0.467053    1.4184
 0.736386   0.16321 -0.467054   1.36505
  0.74945  0.186103 -0.463593    1.3926
 0.746244  0.160927 -0.478279   1.38844
0.736469 0.171258 -0.46389  1.36518
 0.747762  0.174104 -0.474408   1.39211
0.738277 0.180424 -0.45819  1.36774
 0.751341  0.181567 -0.469493   1.39823
 0.741785  0.191134 -0.449743   1.37271
 0.749845  0.196782 -0.447286   1.38933
 0.750252  0.204177 -0.438583     1.387
 0.784245  0.266499 -0.361531   1.43824
 0.814567  0.256444 -0.373996   1.50317
 0.862049   0.32093 -0.168522   1.56375
 0.908943  0.256709 -0.160122   1.64596
  0.883894   0.336461 -0.0856868    1.60528
  0.92374  0.235534 -0.121906   1.66732
  0.897441   0.318196 -0.0835362     1.6285
   0.88965   0.325229 -0.0183983    1.60747
0.914827 0.300461 0.053538  1.65504
  0.94691  0.202071 0.0458012    1.7036
0.942158 0.139004 0.154617  1.69248
 0.926697  0.273172 0.0460158   1.67352
0.937762 0.178215 0.164527  1.68721
0.908138  0.28138 0.157299  1.64339
0.919244   0.2451 0.196768  1.66321
0.917595  0.25292 0.173648  1.65727
0.923053 0.268606 0.110287  1.66645
 0.90137 0.256756 0.207573  1.62959
0.930797 0.148249 0.214675  1.67531
0.942377  0.19239   0.1356   1.6969
0.910855 0.167637 0.269002  1.64418
0.918788 0.188948 0.255861  1.66036
0.906401 0.209242 0.256285  1.63974
0.909616 0.186789 0.268541  1.64548
 0.788867  0.211485 -0.435202   1.46198
 0.775882  0.208066 -0.430313   1.43224
 0.780712  0.216884 -0.427493    1.4434
 0.765909  0.196857 -0.449981   1.42223
0.770287 0.192869 -0.46044  1.43193
 0.772804  0.179271 -0.452814   1.43099
0.947403 0.114709 0.132241  1.70099
0.946173 0.110299 0.164398  1.70179
0.932313 0.143365 0.204307  1.67848
  0.9494 0.116868 0.125412  1.70451
0.930586 0.151523 0.205068  1.67588
 0.946531  0.165101 0.0924777   1.69922
0.929466 0.253549 0.106016  1.67687
0.761746 0.155272 -0.46656  1.41077
 0.760231  0.155305 -0.464896   1.40692
 0.761961  0.154737 -0.467105    1.4115
 0.760096  0.156369 -0.465079   1.40696
 0.761965  0.153292 -0.465551   1.41084
 0.755882  0.152108 -0.477281     1.404
 0.755586   0.14688 -0.473872   1.40217
0.761434 0.158644 -0.46484  1.41011
 0.760643  0.152498 -0.465725   1.40829
 0.761946  0.149779 -0.462274   1.40905
 0.763004  0.150077 -0.464398   1.41181
 0.763501  0.149652 -0.469881   1.41505
 0.762399  0.148762 -0.473007   1.41431
 0.766289  0.145761 -0.467166   1.41958
 0.761055  0.143168 -0.470111   1.41078
 0.760659  0.151099 -0.463774   1.40725
 0.760294  0.156902 -0.465253   1.40752
 0.761158  0.158457 -0.465005   1.40966
 0.761844  0.160259 -0.466428   1.41183
 0.760044  0.160618 -0.467123   1.40876
  0.75994   0.15597 -0.464977   1.40653
 0.761213  0.155182 -0.466693   1.40973
 0.760976  0.154911 -0.465502   1.40865
 0.761451  0.160885 -0.466546   1.41145
 0.758173  0.159389 -0.467665   1.40541
 0.760237  0.155532 -0.464864   1.40699
 0.760581  0.155163 -0.464764   1.40751
 0.759599   0.15571 -0.465492   1.40611
  0.74583  0.167017 -0.477173   1.38825
 0.761259  0.163782 -0.443141   1.40245
 0.743295  0.163233 -0.477202   1.38231
 0.760651  0.161696 -0.457053   1.40688
 0.760954  0.152805 -0.465813   1.40882
 0.752919  0.152648 -0.478218   1.39861
 0.760082  0.156788 -0.464801   1.40696
 0.756815  0.160383 -0.452973   1.39736
 0.759049  0.152096 -0.465716   1.40521
 0.761462  0.159946 -0.466845   1.41129
 0.760357   0.15694 -0.464681    1.4075
 0.759733  0.156611 -0.464957   1.40643
 0.761053  0.157395 -0.463339   1.40853
 0.760617  0.157396 -0.465476   1.40835
 0.760261  0.157881 -0.465275   1.40787
 0.760952  0.157211 -0.463896   1.40848
0.944219 0.202502   0.1056  1.70008
 0.945591  0.204462 0.0741358   1.70173
 0.941975    0.2297 -0.010621   1.69846
 0.911523  0.290311 0.0707694    1.6448
   0.947027    0.207315 -0.00709445     1.70581
  0.936432   0.229903 -0.0492926    1.68739
 0.945702  0.203243 -0.049429   1.70411
  0.936507   0.210294 -0.0880743    1.68699
  0.927765   0.248226 -0.0745541    1.67405
 0.936286  0.233142 -0.015036   1.68581
0.910583 0.295442 -0.12447  1.65579
  0.926056   0.271376 -0.0464749    1.67373
 0.916463  0.272283 -0.122633    1.6615
 0.895591  0.297028 -0.165902   1.62868
0.931135 0.156986 0.232964  1.67407
0.933726 0.159146 0.240329  1.68354
0.936026 0.171549 0.233468  1.68821
 0.93292 0.152287  0.23798  1.68181
0.929903 0.158547 0.230525  1.67263
0.924385 0.161419 0.251093  1.66572
0.930288 0.156587 0.221477  1.67411
0.923794 0.152114 0.227685  1.66491
0.930079  0.14918 0.214383  1.67343
0.930644  0.15863 0.226481  1.67454
 0.91846 0.228912 0.222874  1.66197
0.930779 0.159873 0.230136  1.67485
0.933344 0.139566 0.194264  1.67948
0.917176 0.178545 0.258165  1.65503
0.914975 0.232605 0.209583  1.65225
0.929635 0.153635 0.214853  1.67343
0.935598 0.166633 0.229641  1.68481
0.922668 0.147672 0.218084  1.66352
0.925455 0.157817 0.238838  1.66698
0.934675 0.165529 0.231762  1.68452
0.935478  0.16844 0.236053    1.686
0.932351 0.157549  0.23277  1.67682
0.934158 0.168769 0.237025  1.68544
 0.93279 0.161215 0.239677  1.68266
0.933101 0.156141 0.234233  1.67907
0.925012 0.154891 0.227307  1.66824
0.934009  0.15447 0.235802  1.68347
0.931288 0.159493 0.230491  1.67586
0.918596 0.159609 0.263748  1.65776
0.919967  0.17477 0.261091  1.66158
0.922711 0.163007 0.256756  1.66395
0.930489 0.158665  0.22649   1.6742
0.929475  0.15694 0.214594  1.67404
0.925374 0.157799 0.240053  1.66675
0.933306 0.165573 0.226587  1.68167
0.923097 0.170305 0.250809  1.66459
0.929716 0.158259 0.221672  1.67536
0.928791 0.155246 0.210032  1.67339
0.922046 0.148248 0.217377  1.66222
0.928817 0.159284 0.221797  1.67317
0.925496 0.152523 0.217041  1.66931
0.922489 0.150707 0.217439  1.66286
 0.756523  0.143527 -0.471311   1.40219
 0.758837  0.149366 -0.469279   1.40566
0.751634  0.14726 -0.47513  1.39494
 0.751279  0.151122 -0.476812   1.39582
 0.760347  0.149546 -0.462723   1.40597
 0.748252  0.155638 -0.478142   1.39132
 0.744948  0.157386 -0.477844   1.38481
0.757145 0.171536 -0.45996   1.4015
 0.743366  0.169948 -0.475151   1.38268
 0.758982  0.150875 -0.464196   1.40419
 0.745707    0.1779 -0.471143   1.38677
 0.756929  0.161941 -0.449469   1.39619
 0.763691  0.176767 -0.456323   1.41322
  0.75806  0.168785 -0.461229   1.40413
 0.761769  0.188939 -0.463674   1.41504
  0.75516  0.168978 -0.463462   1.39917
 0.910703  0.298134 -0.085942   1.65103
  0.901851       0.32 -0.0315319    1.63392
  0.917101    0.29354 -0.0819473    1.66355
0.909338 0.296794 0.019783  1.64032
 0.927358  0.270189 0.0816266    1.6756
 0.930446  0.276201 0.0356167   1.68321
 0.919068  0.290606 0.0874429   1.66371
0.917903 0.279074 0.113766  1.65939
0.940165 0.141062 0.168889   1.6913
0.915959 0.261828 0.142838  1.65143
0.913355 0.250268 0.179113  1.64752
0.937259  0.13709 0.179838  1.68551
0.915686  0.21459 0.232502  1.65406
0.927979 0.249303 0.131965  1.67429
0.910507 0.203774 0.263885  1.64983
0.913583 0.183386 0.268178  1.65323
0.930057  0.15363 0.213971  1.67443
0.933548 0.152158 0.189909  1.68037
 0.763054  0.174213 -0.457658   1.41313
0.755543 0.180508 -0.46995  1.40419
 0.770674  0.196905 -0.455412    1.4307
 0.756635  0.189855 -0.461133   1.40697
0.935425 0.139838 0.190368  1.68385
0.945657 0.149715 0.132958  1.69989
0.944679    0.151 0.121703  1.69547
0.929147 0.156393 0.205463  1.67447
 0.941772   0.20117 0.0821537   1.69195
0.934891  0.24258 0.104555  1.68602
0.924452 0.238226 0.165245  1.66741
0.932535 0.169415 0.191199  1.67878
 0.761054  0.155162 -0.464896   1.40852
  0.76074  0.155004 -0.465582   1.40824
 0.761158  0.154896 -0.467379   1.40995
 0.759842  0.155354 -0.465745   1.40661
0.760205 0.155238  -0.4657  1.40731
 0.761104  0.154173 -0.467796    1.4101
 0.759288  0.161246 -0.464011   1.40642
 0.759889  0.155516 -0.465504   1.40668
 0.760339  0.154105 -0.467962   1.40861
 0.760139  0.150795 -0.463918   1.40638
 0.759747  0.149297 -0.473774   1.40942
  0.74848  0.161245 -0.478579   1.39146
 0.752819  0.155387 -0.478963   1.39936
 0.760427  0.149722 -0.467121   1.40787
 0.759936  0.156574 -0.464801   1.40666
 0.760249  0.159127 -0.467472   1.40902
 0.759652  0.156158 -0.465112   1.40615
 0.760352  0.159521 -0.467286   1.40912
0.759737  0.15591 -0.46521  1.40633
 0.760628  0.155003 -0.467479   1.40894
 0.760266   0.15495 -0.465806   1.40738
 0.75944 0.156259  -0.4658  1.40614
 0.760319  0.154862 -0.466961   1.40806
 0.759933   0.15396 -0.468196   1.40801
 0.751054  0.159314 -0.479331   1.39677
  0.75036  0.164158 -0.478469   1.39585
0.748365 0.166515 -0.47704  1.39138
 0.758095  0.160551 -0.460798   1.40309
 0.759239  0.160516 -0.465817   1.40701
 0.752878   0.15774 -0.457851   1.39096
 0.753106  0.155486 -0.471006   1.39645
 0.75998 0.160122 -0.46799  1.40899
 0.759853  0.156928 -0.464727   1.40662
 0.758049  0.152099 -0.465933   1.40329
 0.760281  0.158007 -0.465347   1.40792
 0.760158  0.156874 -0.464335   1.40707
 0.760365  0.156953 -0.464465   1.40745
 0.760775  0.157177 -0.464336   1.40829
 0.759659  0.157315 -0.465731   1.40676
 0.760234  0.157093 -0.463987    1.4071
 0.937634  0.240336 0.0768955   1.69055
  0.94015  0.245982 0.0663985   1.69781
 0.936917  0.241414 0.0256424     1.688
 0.942651  0.229456 0.0247627   1.69935
  0.911257   0.296104 -0.0347187    1.64663
  0.925588   0.270223 0.00231109    1.66999
0.932384 0.152503 0.230867  1.67882
 0.93366 0.156053 0.234229  1.68062
0.932304 0.158736 0.232957  1.67734
0.934749 0.162451 0.237076  1.68371
0.934852 0.164943 0.235446  1.68444
0.934319 0.159533 0.236461   1.6826
0.925255 0.163049 0.239166  1.66751
0.934397 0.159615 0.236144  1.68233
0.932051 0.161148 0.230278  1.67781
0.930185 0.156673 0.221679  1.67381
0.929743 0.150996 0.207489  1.67416
0.925062  0.15945 0.224073  1.66849
0.930947 0.150206 0.199812  1.67648
0.931096 0.160185 0.226131  1.67605
0.927913 0.159568 0.209876  1.67319
 0.93035  0.15883 0.221344  1.67488
0.924956 0.153227 0.219404  1.66606
0.923746 0.154082 0.218887  1.66343
0.933466 0.163481 0.227138  1.68237
0.924376 0.150434 0.218255  1.66764
0.924919 0.155528  0.22696  1.66762
0.929074 0.158675 0.215765  1.67406
0.935278 0.167634 0.233952  1.68547
0.933138 0.160599 0.233003  1.67939
 0.93354  0.16467 0.228271  1.68278
0.934781 0.164214 0.236293  1.68407
0.933667  0.16017 0.233384  1.68048
0.933167 0.162781 0.229104  1.68203
0.921804 0.193035 0.235496  1.66254
0.916331 0.194886 0.248378  1.65402
0.921889  0.18201 0.244708  1.66267
0.924517  0.16907 0.250085   1.6674
0.925813 0.162121 0.239222  1.66895
0.932103 0.162401  0.22469  1.68043
0.929889 0.156978  0.22102  1.67633
0.924913 0.169474 0.235885  1.66755
0.924206 0.150848 0.217811  1.66734
0.927901 0.155727 0.218983  1.67356
  0.9257 0.152081 0.217819  1.66971
0.929074 0.157443  0.22142  1.67464
 0.756958  0.149041 -0.476078   1.40498
  0.75696  0.149948 -0.464469   1.40022
0.759563 0.152315 -0.46599  1.40619
 0.758297  0.150764 -0.464173   1.40291
 0.750104  0.156576 -0.479046   1.39411
 0.754788  0.158926 -0.457069   1.39482
 0.755184  0.166616 -0.465352   1.40007
 0.757159  0.152161 -0.465029   1.40132
0.752352 0.164906 -0.46656  1.39439
 0.752688  0.158562 -0.469824   1.39575
 0.751512  0.169505 -0.476379   1.39807
 0.750501   0.17253 -0.473894   1.39509
  0.916069   0.300388 0.00607414    1.65751
  0.932651   0.277434 -0.0183039    1.68987
0.923475 0.259095 0.136291  1.66751
0.937345 0.231347 0.128784  1.69105
0.924006 0.229665 0.188104  1.66799
0.936847 0.157372 0.177669   1.6853
0.925737 0.167517 0.237907  1.66991
0.917828  0.21182 0.237111   1.6585
0.925012 0.208329 0.222939  1.67095
0.918812 0.200192 0.246379  1.66048
0.927354 0.222787 0.183859  1.67251
0.923835 0.212882 0.208194  1.66619
0.932349 0.151878 0.194389  1.67905
0.935162 0.218364 0.166841  1.68776
0.930582 0.161263 0.200735  1.67665
0.935687 0.155259 0.180525  1.68427
 0.939234  0.242191 0.0987332   1.69631
 0.930845  0.264168 0.0807304   1.68125
0.940477  0.19343 0.118782  1.69024
  0.9343 0.236177 0.128056  1.68531
 0.760446  0.154823 -0.468562   1.40912
 0.759317  0.155605 -0.467166   1.40629
 0.759219  0.156265 -0.466431   1.40593
 0.759856  0.155394 -0.467144   1.40735
 0.755102  0.152851 -0.470933   1.39979
 0.759749  0.154933 -0.467081   1.40697
0.758339 0.149881  -0.4638  1.40262
 0.759081  0.156483 -0.467954   1.40642
 0.755533  0.151212 -0.470673   1.40007
0.758621 0.154027 -0.46856  1.40572
 0.759474  0.156696 -0.465545   1.40615
 0.759131  0.159208 -0.468862    1.4075
 0.759428  0.155031 -0.468999   1.40734
 0.759371  0.158678 -0.467791   1.40727
 0.753192  0.153719 -0.464458   1.39351
 0.759429  0.155806 -0.466623   1.40638
 0.759847  0.155075 -0.468675   1.40801
 0.759155  0.155664 -0.468619   1.40669
 0.753429  0.174658 -0.473103   1.40098
 0.756858  0.178284 -0.469386   1.40662
  0.75083  0.160789 -0.468587   1.39166
 0.754742  0.160388 -0.453939   1.39349
 0.756327  0.160129 -0.461527   1.39968
 0.756679  0.159185 -0.463751    1.4012
 0.757858  0.160033 -0.466395   1.40433
 0.757868  0.158023 -0.468996   1.40504
 0.758896  0.159575 -0.468441   1.40686
  0.75945   0.15762 -0.466488   1.40669
 0.757243   0.15863 -0.468094   1.40353
  0.75946  0.158028 -0.468299   1.40761
  0.920323   0.292305 -0.0440781    1.66719
  0.930631   0.260377 -0.0476137    1.68179
 0.93262 0.160645 0.231073  1.67892
0.933625 0.162673 0.231811  1.68226
0.934014 0.162439 0.232819  1.68215
0.931433 0.159868 0.226574  1.67684
0.934053 0.164332 0.231125  1.68304
0.930459 0.158545 0.221988  1.67516
0.927743 0.155892 0.218567  1.67377
0.929329 0.156486 0.215926  1.67378
0.923106 0.202085 0.227098  1.66588
0.930751 0.159569 0.222609  1.67653
0.929252 0.156188 0.207433  1.67418
 0.92723 0.189057 0.218174  1.67245
0.932003 0.160917 0.225234   1.6802
0.925294 0.152822  0.21764  1.67011
0.932097 0.160563 0.227178  1.67879
0.927534 0.155108  0.21916  1.67324
0.933623 0.161495  0.23319  1.68139
0.926251 0.156405   0.2165  1.67162
 0.93303  0.16216 0.230944   1.6801
0.932699 0.162107 0.227443  1.68045
0.923741 0.178473 0.249074  1.66746
0.928141 0.157543 0.212551  1.67312
0.929141 0.158047 0.217173  1.67432
0.924771 0.178577  0.23009  1.66739
0.925436 0.157705 0.226059  1.66987
0.930581 0.159062 0.222595  1.67791
0.924852 0.153773 0.216767  1.66902
0.930605 0.160143 0.222201  1.67806
 0.756702  0.151044 -0.464596   1.40009
 0.757678  0.150896 -0.469781   1.40391
 0.752791  0.153765 -0.471098   1.39533
 0.753883  0.156601 -0.460437   1.39395
0.754841 0.152775 -0.46471  1.39683
 0.751172  0.156854 -0.470551   1.39248
 0.753022   0.16271 -0.467705   1.39625
 0.752873  0.156652 -0.463183   1.39288
0.929251 0.241134 0.159983  1.67888
0.932885 0.218092  0.14748  1.67937
0.927216 0.212002 0.205189  1.67364
0.934184 0.174722 0.178911  1.68147
0.923612 0.188834 0.242243  1.66767
0.927584 0.177326 0.207377   1.6711
 0.92921  0.16844 0.201391  1.67452
0.924095 0.199088 0.232155  1.66858
0.929939 0.158518 0.200082  1.67557
0.929311  0.19328 0.205638   1.6757
0.931738 0.165244 0.190634  1.67804
0.928875  0.19729 0.191931  1.67267
0.939286 0.165015  0.15506  1.68885
0.932995 0.209468 0.177333   1.6822
0.932958 0.178091 0.179072  1.67793
0.938952 0.179886 0.149695  1.68788
 0.759121  0.154153 -0.468353   1.40647
0.756188 0.157571   -0.466  1.40078
 0.754924  0.151735 -0.464728   1.39664
 0.758577   0.15541 -0.469743   1.40616
 0.758059  0.154308 -0.468608   1.40467
 0.757031  0.151297 -0.464422   1.40056
 0.759323  0.157018 -0.466895   1.40654
 0.758959  0.157085 -0.467652   1.40612
 0.758786  0.156276 -0.468444   1.40596
 0.758885  0.157957 -0.468922   1.40674
 0.758975  0.155443 -0.469038   1.40653
 0.757961  0.156859 -0.469549   1.40527
 0.755373   0.15839 -0.464325   1.39861
 0.755287  0.152832 -0.464277   1.39748
 0.758502  0.158282 -0.469274   1.40622
0.752858 0.155641 -0.46106  1.39195
   0.7588  0.157437 -0.469311   1.40667
 0.756294  0.155476 -0.467433   1.40108
0.931711 0.161017 0.226336  1.67789
0.929095 0.158831  0.21795    1.675
0.931055 0.160364 0.222975  1.67789
0.930495 0.160017 0.221761  1.67587
0.928282 0.158644 0.210109  1.67315
0.925972 0.156708  0.21664  1.67076
0.926094 0.175953 0.233585  1.67118
0.927771 0.158414 0.215011  1.67327
0.926263 0.155476 0.217098  1.67154
0.928156 0.155461  0.21903  1.67405
0.932076 0.162206 0.225328  1.68015
0.930965 0.160873 0.222758  1.67808
0.931855 0.160992 0.225868  1.67961
0.932374 0.162141  0.22706  1.67981
0.926381 0.162426 0.214541  1.67137
0.925242 0.186804 0.220563  1.66762
0.925763 0.166072 0.222049  1.66959
0.926084 0.161539 0.223329  1.67127
 0.754622  0.154354 -0.463126   1.39604
  0.75724  0.154483 -0.468181   1.40303
0.928702 0.165194  0.20935  1.67459
 0.93595 0.181811 0.165636  1.68326
0.930113 0.179335 0.192483  1.67458
0.927052 0.192476 0.208258  1.67035
0.927057 0.160824 0.213848  1.67242
0.928362 0.161386 0.205798  1.67363
0.929434 0.174362 0.206204    1.675
0.925971 0.170027 0.216806  1.67008
 0.93222 0.206268 0.177855  1.68003
0.932472 0.199454 0.188438  1.68111
 0.756432  0.156148 -0.467294   1.40147
 0.758644  0.156322 -0.469563   1.40626
 0.758296   0.15687 -0.469369   1.40555
 0.756452  0.152432 -0.465102   1.39999
 0.755305  0.153843 -0.464216   1.39774
 0.755534  0.156758 -0.466341   1.39941
 0.757342  0.157307 -0.469247   1.40392
 0.757081  0.155086 -0.468091   1.40281
0.930744 0.160619 0.222428   1.6771
0.927598 0.159486 0.212719  1.67257
 0.92831 0.158437 0.217891  1.67436
0.928862 0.159308 0.217014  1.67447
0.926248 0.172298 0.217877  1.66956
0.927486 0.158802 0.215065  1.67286
0.925507 0.164722 0.220932  1.66989
0.926253 0.160033 0.217398  1.67131
0.926252 0.183719 0.227284   1.6713
0.927937 0.168561 0.209929  1.67326
0.929537 0.158621 0.220484  1.67637
0.929463 0.158526  0.22042  1.67615
0.928302 0.158577 0.217643  1.67434
0.926211 0.159011 0.215301  1.67147
 0.754474  0.154704 -0.463091   1.39583
 0.753899  0.155188 -0.464129   1.39525
0.927145 0.162792 0.210464  1.67219
0.926296 0.166365 0.221088  1.67119
0.927435 0.166336 0.214746  1.67296
0.927579 0.174281 0.215963  1.67284
 0.758314  0.155956 -0.469644    1.4057
 0.757714   0.15613 -0.469721   1.40467
