0.876161  0.34097 0.158386  1.59701
0.880667 0.325653  0.18128  1.60591
0.867688 0.342651 0.172157  1.58179
0.871187  0.33296  0.18351  1.58851
0.862436 0.343459 0.186316  1.57454
0.866603 0.335496 0.179356  1.57808
 0.87492 0.329321 0.179021  1.59363
0.874354 0.332456 0.167435  1.59133
 0.760881  0.155978 -0.459669   1.40489
 0.760878  0.155896 -0.459774   1.40493
 0.792455  0.133829 -0.410562   1.44466
0.786814 0.134501 -0.41779   1.4361
0.790022 0.137425 -0.41722  1.44331
0.787726 0.120499 -0.41699   1.4355
 0.783071  0.125415 -0.425337    1.4305
0.786546  0.12506 -0.42285  1.43667
0.799383 0.122905 -0.39693  1.45141
 0.794878  0.114762 -0.403607    1.4435
 0.807545  0.103653 -0.377755   1.45815
 0.800523  0.117923 -0.400963   1.45514
 0.788307  0.129399 -0.421427   1.44047
 0.791754  0.122107 -0.415187   1.44361
 0.795337  0.130252 -0.411959   1.45113
 0.792081  0.125586 -0.412892   1.44369
  0.965697   0.114051 -0.0498202    1.73268
  0.965627    0.11546 -0.0437796    1.73248
  0.964739   0.118119 -0.0466964    1.73062
  0.965167   0.114234 -0.0451752    1.73119
  0.965566   0.116645 -0.0378663    1.73234
 0.965459   0.11761 -0.032309   1.73214
  0.964643   0.120153 -0.0351873    1.73038
   0.96506   0.116119 -0.0341754    1.73094
  0.963446   0.127117 -0.0435035    1.72835
  0.963904   0.126579 -0.0376184     1.7292
  0.965127    0.11509 -0.0397101    1.73106
  0.964458   0.118329 -0.0372508    1.72968
   0.96456   0.118342 -0.0417106    1.73001
  0.964789   0.118853 -0.0407902    1.73066
0.924646 0.154833 0.238202  1.66255
 0.761678  0.154462 -0.459951   1.40692
 0.760766  0.155875 -0.460209   1.40494
  0.76088  0.156167 -0.461458   1.40589
 0.760974  0.156237 -0.462443   1.40659
0.761144 0.156023 -0.46277  1.40709
 0.761346  0.155427 -0.461964   1.40715
 0.764696  0.157792 -0.464097   1.41546
 0.762952  0.154748 -0.459492   1.40943
 0.762362  0.153598 -0.458047   1.40742
 0.763849  0.154185 -0.459966   1.41139
  0.76687  0.156461 -0.465836   1.42026
 0.769161  0.153491 -0.461777   1.42272
 0.781418  0.141461 -0.430755   1.43218
 0.777335   0.14249 -0.439687   1.42797
 0.780054  0.145137 -0.439387   1.43413
  0.76085  0.155946 -0.459622   1.40478
 0.760809   0.15597 -0.459741   1.40477
 0.760864  0.156157 -0.462027   1.40624
 0.760842  0.155873 -0.459792   1.40481
0.760829 0.155852 -0.45998  1.40486
 0.760819  0.155841 -0.460201   1.40495
 0.760707  0.155893 -0.460383   1.40482
  0.76123  0.154776 -0.460271   1.40613
 0.760693  0.155849 -0.460518   1.40487
 0.761053  0.155678 -0.461994   1.40655
 0.760847   0.15591 -0.459857   1.40493
  0.76073   0.15585 -0.460386   1.40495
 0.760879  0.156007 -0.459901   1.40501
 0.800696  0.225494 -0.425274   1.48098
 0.799612  0.220554 -0.429253   1.47972
 0.804982  0.221232 -0.427292   1.48825
 0.802148  0.222367 -0.428235   1.48479
 0.797636  0.215257 -0.434073   1.47657
 0.793966  0.209779 -0.441515   1.47158
 0.801645  0.208036 -0.438102    1.4835
 0.798573  0.210756 -0.439465   1.48029
 0.810368  0.216106 -0.426491   1.49658
 0.810148  0.206543 -0.431817   1.49651
 0.820998  0.206924 -0.415981   1.51075
 0.813902  0.210845 -0.430376   1.50491
 0.800724  0.217143 -0.432777   1.48304
 0.806114  0.210035 -0.436209   1.49254
0.806847 0.217871 -0.43025   1.4929
 0.804282  0.214975 -0.431192    1.4872
 0.726495  0.160142 -0.460831   1.33973
 0.727589  0.158708 -0.460682   1.34154
 0.724345   0.16032 -0.457477   1.33298
 0.721898  0.161406 -0.455731   1.32654
 0.722703  0.158992 -0.456301     1.328
 0.723654  0.159943 -0.456439   1.33025
 0.725887  0.155869 -0.458568   1.33578
  0.72349    0.1567 -0.456688   1.32933
 0.724462  0.154419 -0.456997   1.33101
  0.72526  0.155357 -0.457224   1.33299
 0.725587  0.159275 -0.457928   1.33555
  0.72435  0.157666 -0.456899   1.33144
 0.726211  0.156952 -0.458651   1.33677
 0.724932  0.157995 -0.457936    1.3339
  0.78295  0.147066 -0.430142   1.43628
0.777429 0.152501 -0.43869  1.42975
 0.779316  0.151993 -0.428323   1.42836
 0.957784  0.124056 0.0523737   1.72165
 0.957068  0.132497 0.0574157   1.72075
 0.957798  0.132232 0.0512115   1.72153
 0.957515   0.13324 0.0552708   1.72174
 0.957359  0.139486 0.0466862   1.71933
  0.95631  0.143992 0.0540469   1.71904
 0.956031  0.145098 0.0621715   1.71918
 0.774642  0.152926 -0.443763    1.4263
 0.953944   0.15254 0.0776908   1.71487
 0.770069  0.156437 -0.455697   1.42265
   0.964376    0.121101 -0.00633671     1.73056
  0.963983   0.121762 -0.0011253    1.72997
    0.96361    0.123755 -0.00464688     1.72906
   0.963904    0.120224 -0.00439695     1.72943
  0.963583   0.122823 0.00446322    1.72949
  0.96316   0.12363 0.0101282   1.72901
  0.962627   0.127526 0.00608457    1.72776
 0.963019  0.122231 0.0057415   1.72822
   0.962677    0.127639 -0.00281086     1.72713
    0.962444     0.126496 -0.000751217      1.72651
   0.963468    0.121243 9.31372e-05     1.72881
    0.962548     0.125626 -0.000305683       1.7271
   0.963307    0.123313 -0.00333524     1.72838
   0.963235    0.124424 1.19545e-05      1.7285
 0.766974  0.158631 -0.465756   1.42087
 0.761715  0.154008 -0.458388   1.40627
 0.765208  0.159351 -0.465746   1.41742
 0.760741   0.15594 -0.460195   1.40481
 0.761653   0.15489 -0.458378   1.40632
 0.760777  0.155949 -0.459983   1.40478
 0.760891  0.156417 -0.462089   1.40626
 0.760799  0.155871 -0.460149     1.405
0.910593  0.15247 0.227921  1.63189
0.931918 0.154056 -0.23243  1.68375
 0.932541  0.160843 -0.223096   1.68478
 0.929573  0.164687 -0.232068   1.68085
 0.931296  0.155841 -0.229999    1.6826
 0.926435  0.190825 -0.235325   1.68151
 0.929313  0.164497 -0.225381   1.67938
0.929987 0.167215 -0.22419  1.68125
 0.950266  0.145893 0.0788204   1.71273
0.953587 0.149455 0.076172  1.71831
  0.95275  0.146815 0.0796974   1.71549
 0.951972  0.146883 0.0794038   1.71448
 0.955753  0.144413 0.0801588   1.72079
 0.956675    0.1396 0.0801841   1.72177
 0.954352  0.150361 0.0813902   1.71754
 0.953719  0.149421 0.0800497   1.71671
 0.954573  0.149368 0.0780295   1.71865
 0.954693  0.125966 0.0704455   1.71813
  0.95363  0.126051 0.0753792   1.71648
 0.954583  0.134852 0.0757578   1.71788
  0.95407  0.126016 0.0709518    1.7168
0.951623 0.127994 0.081664  1.71292
 0.948867  0.135208 0.0847947   1.70818
 0.952556  0.141579 0.0831369   1.71479
  0.95128  0.133155 0.0797691   1.71273
 0.954384  0.148032 0.0810393   1.71756
 0.954248  0.147483 0.0822062   1.71715
 0.952893  0.127174 0.0755507   1.71497
 0.953267  0.141093 0.0788142   1.71574
 0.954179  0.136777 0.0754655   1.71692
0.953595 0.136791 0.080323  1.71635
 0.956119  0.143942 0.0661051   1.71954
 0.956238  0.142483 0.0679439   1.71975
 0.956949  0.132747 0.0598519   1.72101
0.957581 0.124818 0.056372  1.72185
 0.956762   0.12534 0.0602681   1.72069
 0.957011  0.124847 0.0568651    1.7207
0.955992 0.133453 0.067354  1.71993
 0.956131  0.125901 0.0636398   1.71999
 0.955434  0.125851 0.0664486   1.71908
 0.955705  0.125853 0.0640007   1.71915
 0.956612  0.132672 0.0606327   1.72026
 0.956297  0.125756 0.0603823   1.71982
 0.956049  0.133689 0.0631979   1.71948
 0.956468  0.132639 0.0632887   1.72038
 0.958692  0.139153 0.0440362   1.72243
  0.95863   0.13743 0.0459938   1.72218
 0.959762  0.130135 0.0388757   1.72451
 0.960631  0.124193 0.0356877   1.72596
     0.96  0.123723 0.0406011   1.72509
 0.960017  0.123289 0.0370563   1.72462
 0.958419  0.132338 0.0500439    1.7229
0.959328 0.123884 0.046167  1.72427
 0.958477  0.124237 0.0515642   1.72311
 0.958605  0.123508 0.0471211   1.72272
 0.959374  0.129676 0.0400329   1.72367
 0.959335  0.123345 0.0414955   1.72368
 0.958466  0.131397 0.0433079    1.7222
0.959242 0.129836  0.04349  1.72381
 0.957385  0.152489 0.0510396   1.72055
  0.964209   0.108964 -0.0801867    1.73015
  0.963386   0.116316 -0.0742851    1.72841
  0.962581   0.115747 -0.0856524    1.72731
  0.963348   0.115599 -0.0842569    1.72908
   0.96213   0.129675 -0.0693868    1.72669
  0.960063   0.124744 -0.0941768    1.72311
  0.960809   0.124825 -0.0925884    1.72478
  0.962042   0.131255 -0.0795555    1.72747
 0.728812  0.272663 -0.392926    1.3372
 0.726962  0.264522 -0.399359   1.33394
  0.73621  0.263446 -0.392578   1.34944
 0.732846  0.268199 -0.397927   1.34659
 0.725619  0.256506 -0.405205   1.33159
 0.724671  0.248816 -0.410411   1.32992
 0.733156  0.248417 -0.404199   1.34435
 0.729894  0.252167 -0.409341   1.34118
 0.741679  0.258521 -0.396974    1.3626
 0.742651  0.252895 -0.398767   1.36368
0.731232 0.260054 -0.40396  1.34367
 0.736793  0.252248 -0.402473   1.35225
 0.739075  0.259719 -0.396792   1.35633
 0.734281  0.255613 -0.399051   1.34616
 0.944665  0.150298 -0.177464   1.70257
 0.947255  0.153059 -0.169046   1.70781
 0.946735  0.136095 -0.182116   1.70559
 0.947455  0.130283 -0.189819   1.70771
 0.950207  0.127209 -0.180222   1.71206
 0.947421  0.133206 -0.182104   1.70647
 0.951879  0.131681 -0.161437   1.71364
  0.95314  0.123763 -0.169388   1.71669
 0.955511  0.119323 -0.157684   1.71977
0.952869  0.12684 -0.15928  1.71459
 0.947483  0.140886 -0.173353   1.70646
0.950064 0.130074 -0.17118  1.71035
 0.950246  0.138247 -0.161605   1.71066
 0.949239   0.13455 -0.172934   1.70968
 0.751221  0.228059 -0.428508   1.39043
 0.721034  0.185051 -0.447495    1.3254
 0.723053  0.182757 -0.448336   1.33015
 0.723789  0.186019 -0.446327   1.33121
 0.721864   0.18429 -0.446854   1.32713
 0.725963  0.181767 -0.452346   1.33882
 0.727776  0.187972 -0.448403    1.3417
 0.724721  0.185792 -0.448988   1.33514
 0.724732  0.183964 -0.449377   1.33493
 0.724617  0.169504 -0.457676   1.33621
 0.725467  0.167899 -0.457653   1.33754
 0.722433  0.170138 -0.453939   1.32919
 0.719951  0.171806 -0.452522     1.323
 0.720308  0.169057 -0.453535   1.32371
 0.721631  0.170148 -0.453532   1.32667
 0.723165  0.165058 -0.455957   1.33072
 0.720759  0.166474 -0.454363   1.32454
  0.72122  0.163857 -0.455166   1.32537
 0.722414  0.164923 -0.455227    1.3281
 0.723678  0.168842 -0.454683   1.33188
 0.721948  0.167519 -0.454411   1.32724
 0.723831  0.166223 -0.455887   1.33234
 0.722614  0.167479 -0.454871   1.32947
  0.73008  0.152011 -0.462092   1.34593
 0.731372  0.150714 -0.461836   1.34814
0.727968 0.151755 -0.45913  1.33947
 0.725569  0.152323 -0.457093   1.33287
 0.726724  0.150198 -0.457254   1.33488
 0.727366  0.151054 -0.457531   1.33656
 0.730177  0.147931 -0.459402   1.34331
 0.727899  0.148248 -0.457224   1.33685
 0.729189  0.146353 -0.457153   1.33905
 0.729666  0.147132 -0.457485   1.34041
0.729206 0.150949 -0.45932  1.34194
 0.728424  0.149081 -0.457566   1.33833
 0.730224  0.148912 -0.459614   1.34378
 0.728912   0.14975 -0.459163   1.34096
 0.773943  0.154838 -0.453006    1.4293
0.916374 0.171288 0.235652  1.63387
0.938115 0.143594 0.157692  1.68319
0.913252  0.15365 0.221827  1.63984
0.911863 0.145273 0.213454  1.64309
0.915942 0.143246 0.210434  1.64591
0.921987 0.150895    0.231  1.65707
0.927251 0.151143 0.244755  1.66832
0.926335 0.154946 0.240206  1.66606
0.887748 0.244261 0.268275  1.61684
0.891225 0.230215 0.275829  1.62342
0.881939  0.24131 0.275627  1.60698
0.883961 0.233162 0.279615  1.61091
0.877557 0.236456 0.281751  1.60031
0.881037 0.235571 0.278093  1.60444
0.886885 0.233372 0.276521  1.61478
0.886294 0.237464 0.271281  1.61292
0.927788 0.152582 0.240534  1.66884
0.929571 0.134608 0.244711   1.6752
  0.9316 0.105026 0.229434  1.67822
  0.910041 -0.0109893   0.307469    1.65636
 0.920705 0.0195073  0.293503   1.67106
  0.930979 -0.0130501   0.268882    1.68919
  0.919883 0.00383827   0.276158    1.66445
 0.925945 0.0458759   0.28152   1.67832
 0.927581 0.0589552  0.262391   1.67613
 0.934372 0.0520134  0.257562   1.69115
 0.928477 0.0556091  0.261561   1.67815
 0.941819 0.0101608   0.23264   1.70305
 0.938831 0.0363398  0.233955   1.69521
 0.946933 0.0357432  0.209865   1.70979
   0.9432 0.0265056  0.212748   1.70101
 0.925762 0.0327159  0.266085   1.67318
 0.935331 0.0374332  0.236822   1.68744
  0.935224 0.00731092   0.237604    1.68812
 0.932732 0.0221855  0.261053    1.6883
0.901293 0.135992 0.234545   1.6184
0.898604 0.149377 0.238402  1.60522
0.912384 0.144348 0.216965  1.64337
0.919642 0.158857 0.188318  1.65672
0.930825 0.183211 0.191909  1.67811
0.935898 0.195702 0.204758  1.68709
0.937094 0.180521 0.206386  1.69455
0.922082  0.15102 0.231998  1.65772
0.936836 0.188632 0.223588  1.69199
0.916457 0.141913 0.214869  1.64732
0.921535 0.179069 0.232686  1.64821
  0.880752 -0.0022168  0.0292862    1.60733
0.926576 0.179768 0.221646  1.66168
0.925901 0.123021 0.250839  1.66999
0.928525 0.154515 0.237107  1.67023
0.926818 0.131172 0.255782  1.67205
0.927387  0.14192 0.252057  1.67113
0.927409 0.148981 0.249358  1.66977
0.933714 0.169656 0.191396  1.68955
0.923945 0.153615 0.239669  1.66195
0.924811 0.156559 0.183907  1.67035
0.912456 0.149706 0.222793  1.63837
0.909291 0.154809 0.243817  1.62061
 0.782547  0.120995 -0.429431   1.43092
  0.78156  0.114406 -0.426713   1.42633
 0.786894  0.116334 -0.421336   1.43533
 0.784108  0.117001 -0.423117   1.43032
 0.779222  0.108069 -0.426918   1.42037
  0.77388  0.104612 -0.428206   1.40885
 0.780346  0.101298 -0.420843   1.41846
 0.779055  0.105015 -0.424768   1.41823
 0.793158  0.109099 -0.410753   1.44246
 0.788822 0.0981216 -0.410362   1.43115
 0.800117 0.0954343  -0.39409   1.44785
 0.795356  0.102054 -0.401322   1.44157
 0.782516  0.110787 -0.422642   1.42561
 0.786266   0.10282 -0.415486   1.42876
 0.788731  0.111161 -0.413767   1.43459
 0.785782  0.107126 -0.419591    1.4306
 0.775201  0.146374 -0.452622   1.43049
 0.764232  0.161214 -0.464802   1.41551
 0.752398  0.126318 -0.454745   1.38216
 0.754608   0.12463 -0.454136   1.38614
 0.749825   0.12435 -0.453577   1.37566
 0.746908  0.123823 -0.451499   1.36792
 0.748992  0.121703 -0.450378   1.37125
 0.749169  0.122827 -0.451236   1.37233
 0.754354  0.120494 -0.450823   1.38284
 0.751131  0.119616 -0.448941   1.37452
 0.753605  0.117388 -0.447087   1.37827
 0.753709  0.118773 -0.448315   1.37944
0.751253 0.124208 -0.45295  1.37824
 0.751269  0.120837 -0.449957   1.37563
0.753669 0.122134 -0.45162  1.38216
  0.75188  0.122367 -0.452176   1.37877
 0.768855  0.160511 -0.456092   1.42117
 0.733008   0.21266 -0.434069   1.35087
 0.738121  0.222179 -0.426304   1.35983
 0.728124  0.215241 -0.429245   1.33804
 0.730544  0.220236 -0.425224   1.34206
 0.724843  0.220237 -0.429333   1.33206
 0.726642  0.217656 -0.426679   1.33408
 0.732068  0.219121 -0.428416   1.34747
 0.731202  0.216336 -0.429425   1.34544
 0.828307  0.230224 -0.405561   1.52681
 0.833144  0.228667 -0.400192   1.53433
 0.827268  0.232566 -0.401148   1.52493
0.828934 0.230248 -0.40218  1.52653
   0.8383  0.227077 -0.394449   1.54248
 0.84381 0.224933 -0.38813   1.5511
 0.837319    0.2301 -0.389624   1.54079
 0.839067  0.227138 -0.390466   1.54231
 0.826504  0.236577 -0.394507   1.52302
  0.83118  0.238583 -0.390215   1.53191
0.833768  0.22874 -0.39664  1.53401
 0.834319   0.23276 -0.390866   1.53545
 0.828894  0.233976 -0.397307   1.52712
 0.832194  0.231165 -0.395697   1.53252
 0.744048   0.13398 -0.459689   1.36924
 0.74079 0.137602 -0.46003  1.36345
 0.742205  0.132791 -0.457212   1.36358
 0.740334  0.134837 -0.457521   1.36026
 0.740443  0.132336 -0.455178   1.35824
 0.740845  0.133421 -0.457032   1.36073
 0.740954  0.136049 -0.459068   1.36287
 0.743041  0.134409 -0.458733   1.36668
 0.844571   0.22506 -0.383778   1.55081
 0.845834  0.230068 -0.376598    1.5536
 0.839043  0.231852 -0.385111   1.54308
 0.842914  0.228204 -0.382999   1.54938
  0.84706  0.237981 -0.367879   1.55678
 0.833522  0.239307 -0.384277   1.53471
 0.836497  0.235313 -0.382916   1.53885
 0.843056  0.238124 -0.376822   1.55153
 0.871878  0.232536 -0.334324   1.59769
 0.856825  0.234419 -0.354985   1.57255
 0.870144  0.220278 -0.343441   1.59165
 0.862575  0.223692 -0.354627   1.58017
 0.868254  0.213353 -0.353025    1.5876
 0.866479  0.217489 -0.352077   1.58598
 0.860011  0.228614 -0.353523   1.57691
 0.866939  0.232384 -0.346158   1.59074
 0.897413  0.187366 -0.312582   1.63299
 0.903327  0.182861 -0.302762   1.64245
 0.897811  0.192039 -0.303086   1.63282
 0.898787  0.188849 -0.306062   1.63424
0.909089 0.177177  -0.2919  1.65119
 0.913941  0.171134 -0.281475   1.65806
 0.909605  0.180947 -0.280878   1.65086
 0.910352  0.178613 -0.284255   1.65199
 0.895595  0.209518 -0.299665   1.63278
  0.90251  0.210854 -0.290324   1.64632
 0.904755  0.184328 -0.294896   1.64345
 0.907648  0.191667 -0.281892   1.64889
 0.900173  0.196281 -0.295167   1.63666
 0.903572  0.188609 -0.293105   1.64217
 0.915174  0.191529 -0.260827   1.66157
 0.921151  0.193334 -0.250534   1.67338
 0.918038  0.172208 -0.263112   1.66323
 0.918403  0.166558 -0.271828   1.66475
 0.923299  0.162401 -0.261427   1.67256
 0.919098  0.168708 -0.264503   1.66461
 0.927735  0.161195 -0.239173   1.67758
 0.927827  0.157137 -0.250025    1.6792
 0.931537  0.151758 -0.239475   1.68429
 0.928436  0.159197 -0.241868   1.67879
 0.919778  0.177177 -0.253972   1.66575
 0.924017  0.164588 -0.252637   1.67214
  0.92605  0.172695 -0.239827   1.67595
 0.922842  0.169135 -0.252282   1.67093
  0.93176  0.172151 -0.219029   1.68521
0.936451 0.174466 -0.20887  1.69467
 0.934367  0.153444 -0.221402   1.68733
 0.93499 0.147604 -0.22989   1.6894
0.938741 0.143758 -0.21969  1.69532
0.935288 0.150253 -0.22224  1.68864
0.941863 0.141999  -0.1977  1.69799
 0.942066  0.138725 -0.208721       1.7
 0.944871  0.133943 -0.198896   1.70389
 0.942338  0.141071 -0.200752   1.69921
 0.935647  0.158718 -0.211869   1.68908
 0.939087  0.146387 -0.210678   1.69442
 0.940623  0.154353 -0.197827   1.69715
 0.938095  0.150538 -0.210726   1.69324
 0.727934  0.195267 -0.444915   1.34192
 0.731988  0.202987 -0.439324   1.34905
 0.724371  0.197073 -0.440673   1.33197
  0.72611  0.201132 -0.437731   1.33482
 0.721915  0.200645 -0.440297   1.32696
 0.723156  0.199016 -0.438701   1.32874
 0.727312  0.200241 -0.440649   1.33934
 0.726535  0.198079 -0.441353   1.33757
 0.728773  0.244638 -0.414223   1.33909
0.733191 0.237879 -0.41339  1.34624
 0.736198  0.244498 -0.407983   1.35143
 0.731206  0.240866 -0.410101   1.34106
 0.739358  0.234477 -0.417912   1.36146
 0.745565  0.246779 -0.407285    1.3724
 0.738024  0.243116 -0.410305   1.35699
 0.737404  0.238847 -0.412165   1.35536
 0.958261  0.118242 -0.114956      1.72
 0.958788  0.119947 -0.113865   1.72142
 0.957186  0.117049 -0.132634   1.71955
 0.957479  0.114971 -0.146549   1.72217
 0.959233  0.111618 -0.136434   1.72454
 0.957493  0.118764 -0.138187   1.72136
 0.960426  0.110319 -0.115463   1.72447
 0.960475  0.108503 -0.127308   1.72595
0.961427 0.106413 -0.11916  1.72702
 0.960672  0.112216 -0.121502   1.72609
 0.958158   0.12179 -0.125639   1.72158
 0.959277  0.115651 -0.129286   1.72409
 0.959891  0.119429 -0.117696   1.72453
 0.959064  0.114282 -0.124201    1.7227
 0.849397   0.23681 -0.342236   1.55343
 0.862314  0.242849 -0.327884   1.57887
 0.951009 0.0334549  0.171527   1.71137
0.956051 0.057505 0.158806  1.72255
0.956575 0.025456 0.161446  1.72406
 0.955134 0.0300519  0.160481   1.71981
 0.957909 0.0780675  0.100368   1.72139
 0.957432 0.0713983  0.133331   1.72307
  0.961623 0.00978073   0.117458    1.73111
 0.963629 0.0490382 0.0872907    1.7333
 0.965605 0.0147881 0.0611433   1.73778
  0.964011 0.00099162  0.0813656    1.73399
 0.957544 0.0463338  0.130492   1.72186
 0.961485 0.0429671  0.098656   1.72864
0.959733  0.01142 0.120725  1.72618
 0.959782 0.0490484  0.122312   1.72675
 0.893594  0.193583 -0.315694   1.62666
   0.8955  0.199355 -0.305394   1.63012
0.890924 0.204745 -0.31345   1.6241
 0.893087  0.195558 -0.311012   1.62555
 0.889118   0.22649 -0.312971   1.62814
 0.891956  0.205132 -0.304848   1.62494
 0.893032  0.205804 -0.304042   1.62738
 0.962597  0.109264 -0.114067   1.72962
 0.963547  0.108725 -0.104401   1.73081
 0.961322  0.114066 -0.110691   1.72656
 0.962096  0.107436 -0.107266   1.72736
  0.964449   0.108976 -0.0954619    1.73215
  0.965025   0.108858 -0.0867984    1.73276
  0.962797   0.115178 -0.0927418    1.72845
 0.963665  0.108628 -0.088613   1.72949
 0.959545  0.124533 -0.108099   1.72322
  0.960405   0.125706 -0.0997902     1.7246
  0.962873   0.107994 -0.0981008    1.72837
  0.961929   0.113535 -0.0951849    1.72631
 0.961331  0.113385 -0.103076   1.72562
 0.962132  0.113732 -0.101664   1.72751
0.930338 0.143809 0.230538  1.67425
 0.954922  0.125999 0.0667986   1.71805
 0.954688  0.135183 0.0705767   1.71762
 0.955679  0.133713 0.0677084   1.71919
 0.955215  0.133628 0.0704817   1.71885
 0.956052  0.142562 0.0682223   1.71925
 0.955243  0.145973 0.0692012    1.7174
 0.955607  0.142602 0.0699717   1.71942
 0.954447  0.148516 0.0751523   1.71721
 0.955193  0.140438 0.0742742   1.71843
 0.830256  0.426835 0.0307849   1.52072
  0.840964   0.410885 0.00667634    1.53543
 0.846927  0.406027 0.0378587   1.54697
 0.838222  0.405035 0.0251156   1.52635
 0.855391  0.392207 -0.011064   1.55984
 0.862826  0.391096 0.0443976   1.57611
 0.853273  0.391991 0.0351211   1.55419
  0.854183   0.389551 0.00686171    1.55523
 0.92907 0.144562 0.244307  1.67279
  0.92546 0.0879018  0.262642   1.67212
0.924564 0.106219 0.250679  1.66746
0.923103 0.100607 0.269311  1.66921
 0.940319 0.0981661  0.196536   1.69292
0.937433  0.10001  0.20305  1.68707
0.908801 0.100547 0.303981   1.6487
 0.914126 0.0892305  0.294309   1.65683
 0.906999 0.0870665  0.314976   1.64855
 0.910303 0.0877034  0.301841   1.65029
 0.918363 0.0783234   0.28425   1.66232
 0.924371 0.0714054  0.264875   1.67007
 0.920297 0.0603978  0.286038   1.66706
  0.92157 0.0637816  0.280194   1.66772
 0.903876 0.0637787  0.318988   1.64355
 0.913297 0.0443528  0.299774   1.65655
 0.899348 0.0270144  0.316957   1.63533
0.907958 0.037786 0.314215  1.64975
 0.91613 0.074113 0.292858  1.65962
 0.917158 0.0527379  0.299899   1.66416
 0.909176 0.0690267  0.312256   1.65106
 0.913321 0.0716676  0.303604    1.6577
0.869979 0.304441 0.228109  1.58748
0.874545 0.306557 0.216988  1.59402
0.876985 0.297218 0.225433  1.59877
0.873528 0.299586 0.222175   1.5908
0.881495 0.307368 0.205667  1.60614
0.884804 0.292118 0.223583  1.61308
0.880258 0.295152 0.221823  1.60329
0.880043 0.299401 0.212086  1.60193
0.926629 0.156416 0.236354  1.66592
0.924162 0.114761 0.261878  1.66823
 0.88167 0.117863 0.312226  1.59942
0.890665 0.113387 0.320223  1.61882
 0.88103 0.097482 0.319586  1.59822
0.885766 0.111863 0.319056  1.61069
 0.89871 0.107582 0.318396  1.63293
0.906069 0.102049 0.305652  1.64312
 0.902694 0.0889376  0.317747   1.63981
0.902478 0.103625 0.319181  1.64144
  0.88409 0.0680467  0.324411   1.60436
 0.898092 0.0662179  0.322583   1.63181
 0.892678 0.0304973  0.322019   1.62134
0.890885 0.061222 0.327081  1.62094
0.894345 0.107155 0.324424  1.62797
 0.897695 0.0867791  0.325128   1.63368
 0.886836 0.0901146  0.326109   1.61347
  0.89281 0.0923331  0.323372   1.62241
 0.915454 0.0955004  0.292742   1.65879
  0.91281 0.0991303  0.292586   1.65287
 0.918728 0.0979922   0.27495   1.66018
 0.923792 0.0835298  0.274761   1.67163
 0.920014 0.0812386  0.279386   1.66378
0.918496 0.097253 0.283945  1.66317
  0.77877  0.116918 -0.429532    1.4222
 0.776125  0.123147 -0.436115   1.42105
 0.778634  0.120201 -0.431052   1.42323
 0.770386  0.118546 -0.439793   1.41016
0.769768 0.124813 -0.44575  1.41309
 0.771061  0.121388 -0.440359    1.4123
 0.776793  0.111791 -0.429781   1.41721
 0.771955  0.113211 -0.435333   1.41009
 0.773243  0.107456 -0.431228   1.40952
 0.773664  0.109886 -0.432899   1.41191
 0.774671  0.120247 -0.438266   1.41868
  0.77186  0.115477 -0.437029   1.41127
 0.776372  0.114637 -0.432089   1.41808
 0.774708  0.117173 -0.434398   1.41617
0.771586 0.151559 -0.46101   1.4273
 0.814093  0.230454 -0.421215   1.50401
 0.816739  0.231084 -0.418332   1.50845
 0.812049  0.231836 -0.419222   1.50073
  0.81378  0.230741 -0.419658   1.50261
 0.81995 0.231376 -0.41473  1.51363
 0.823818  0.231118 -0.410475   1.51975
 0.817899  0.233442 -0.411752   1.51021
 0.819915  0.231521 -0.412262   1.51234
 0.808585  0.234342 -0.413969    1.4936
 0.811822  0.236194 -0.410296   1.49933
  0.81647  0.231294 -0.416292   1.50687
 0.815228  0.233935 -0.412898   1.50511
0.812127 0.232734 -0.41698  1.50019
 0.814697  0.232667 -0.415898   1.50502
  0.81242  0.229402 -0.423121   1.50108
 0.810028   0.22856 -0.423918   1.49758
0.812212 0.227649 -0.42397  1.50065
 0.811383  0.228154 -0.423549   1.49879
 0.807398  0.227197 -0.423905   1.49277
 0.803309  0.227953 -0.424292   1.48675
 0.806889  0.224023 -0.426714   1.49266
 0.806207  0.226319 -0.424358    1.4906
 0.813492  0.224639 -0.423337   1.50236
 0.811436  0.220852 -0.426441   1.50003
 0.817495   0.21923 -0.419132   1.50756
  0.81421  0.219987 -0.422533   1.50235
 0.809069  0.226898 -0.424156   1.49533
 0.809389  0.222945 -0.425198   1.49557
 0.811815  0.225304 -0.423952   1.49924
 0.810112  0.225617 -0.425131   1.49769
  0.9288 0.147642 0.239363  1.67112
  0.96707 -0.055636 0.0471643   1.74534
  0.956284 -0.0904227   0.121188    1.72857
  0.959728 -0.0379805    0.11498    1.72844
  0.959591 -0.0451227   0.116274    1.73177
  0.933479 -0.0846694   0.213855    1.69012
0.905388 -0.03597 0.281191   1.6385
  0.933808 -0.0351546   0.231155    1.68653
  0.926383 -0.0595821   0.273705    1.68802
   0.954281 -0.00681372    0.162392     1.71892
   0.945541 -0.00907494     0.19317     1.70282
 0.949269 0.0174581  0.172502   1.70702
  0.949542 0.00362206   0.190126    1.71192
  0.945386 -0.0717434   0.201515    1.71557
 0.942817 -0.031386  0.223892   1.70656
  0.954377 -0.0199229   0.173373    1.72335
  0.948644 -0.0500316   0.177791    1.71194
0.881078 0.201677 0.298659  1.60585
0.885675 0.208343 0.295147  1.61324
0.888353 0.199905 0.297348  1.61843
0.884951 0.202631 0.296628   1.6111
0.891392 0.212204   0.2875  1.62234
0.896576 0.196143 0.290684  1.63147
0.891086 0.199905 0.293368  1.62098
0.890105 0.204488 0.289351  1.61847
 0.88394 0.130667 0.306118  1.60414
0.886001 0.138762  0.30339  1.60895
0.890929 0.139577 0.312291  1.62007
0.887403  0.13685 0.305217  1.61258
 0.88623 0.146825 0.303378  1.61038
0.885275   0.1555 0.304077  1.60947
0.890913 0.156966 0.308506   1.6208
0.887164 0.154086 0.304016  1.61367
0.895857 0.144972 0.310416  1.62844
0.895965 0.153031 0.306171  1.62817
0.901516 0.143602 0.301404  1.63622
0.897138 0.147804 0.309716  1.63123
0.887759 0.145481 0.303677  1.61388
0.892547 0.154233 0.310137  1.62461
0.892733 0.145277 0.312205  1.62479
0.891229 0.148511 0.309918  1.62112
 0.760804  0.155931 -0.460209   1.40506
 0.760823   0.15581 -0.460402    1.4052
 0.760936  0.156011 -0.461795   1.40616
 0.760824  0.155875 -0.460531   1.40519
  0.76082  0.155841 -0.460553   1.40516
 0.760835  0.155915 -0.460437   1.40519
0.760818  0.15582 -0.46038  1.40504
 0.760701  0.155829 -0.460517   1.40495
 0.767131  0.158439 -0.462901   1.41997
  0.76069  0.155823 -0.460586   1.40494
 0.744518   0.13277 -0.458832   1.36944
  0.74621  0.131385 -0.458435   1.37246
 0.742544  0.131635 -0.456851   1.36383
  0.74034  0.131425 -0.454597   1.35749
 0.741809  0.129555 -0.454151   1.35993
  0.74204  0.130461 -0.454691   1.36091
 0.745696  0.128118 -0.455663   1.36899
 0.743311  0.127742 -0.453461    1.3623
0.744992 0.125798 -0.45262  1.36494
 0.745182  0.126845 -0.453339   1.36597
0.743655 0.131265 -0.45662  1.36592
 0.743493  0.128706 -0.454103   1.36325
 0.745304  0.129371 -0.456124   1.36869
 0.743953  0.129853 -0.456161   1.36598
0.760819 0.155819  -0.4605  1.40511
 0.761486  0.154554 -0.462109   1.40742
 0.764904  0.156658 -0.464046   1.41563
 0.766192  0.155812 -0.465433   1.41873
 0.768718  0.155142 -0.466456   1.42417
 0.767473  0.123643 -0.447127   1.40882
 0.763376  0.119601 -0.445521   1.39869
 0.767605  0.117652 -0.441397   1.40499
 0.766389  0.120292 -0.443513   1.40404
 0.760784  0.116509 -0.445491   1.39261
 0.756633   0.11512 -0.444589   1.38282
 0.760142  0.112741 -0.441696   1.38821
 0.760033  0.114375 -0.443385   1.38921
  0.76885  0.112164 -0.437632   1.40458
 0.763998  0.110351 -0.438062   1.39397
 0.768575  0.107649 -0.433665   1.40088
 0.768228  0.109922 -0.436136   1.40185
 0.763014  0.117234 -0.443715   1.39641
 0.763767  0.112253 -0.440152   1.39495
 0.767333  0.115259 -0.439834   1.40306
 0.764483  0.114448 -0.441847   1.39802
 0.760442  0.155676 -0.461034   1.40474
 0.762633  0.151878 -0.458199   1.40781
 0.772612  0.148849 -0.453672   1.42565
 0.776432  0.126086 -0.436146   1.42196
 0.774541  0.134132 -0.443176    1.4227
 0.77013 0.126809 -0.44507  1.41341
 0.774922  0.130438 -0.442643   1.42287
 0.764439  0.131491 -0.454896   1.40727
 0.778664   0.13816 -0.441486   1.43129
 0.781253  0.129332 -0.434207    1.4318
 0.784622  0.138706 -0.431014   1.43884
 0.780724  0.133302 -0.431949   1.42996
 0.767181  0.152458 -0.467095    1.4208
 0.760855  0.155844 -0.459635   1.40477
 0.760823  0.155939 -0.459812    1.4048
  0.76122  0.155403 -0.460241   1.40623
 0.760991  0.156307 -0.462394   1.40661
 0.763538   0.15823 -0.463431   1.41294
0.761493 0.156553 -0.45969  1.40691
 0.761164  0.154926 -0.462071   1.40673
 0.734658  0.154276 -0.467406   1.35909
 0.760689  0.155828 -0.460587   1.40491
 0.766184  0.160914 -0.463192   1.41867
 0.761051  0.155833 -0.462849   1.40691
 0.762769  0.155691 -0.459532   1.40927
 0.760887     0.156 -0.461869   1.40611
  0.75789  0.162005 -0.450616   1.39723
0.760765 0.155806 -0.46049  1.40515
0.760611 0.155855 -0.46115  1.40509
 0.760784  0.155745 -0.460084   1.40494
 0.761248  0.155548 -0.463247   1.40749
0.760679 0.155764 -0.46041  1.40494
  0.76085  0.155956 -0.460286   1.40516
 0.760472  0.155617 -0.460745   1.40469
 0.760868   0.15599 -0.460096    1.4051
 0.760768  0.155777 -0.460163   1.40497
 0.760808  0.155902 -0.460007   1.40491
 0.788701  0.143399 -0.418122   1.44201
  0.79463  0.142552 -0.409776   1.45063
 0.789024  0.151764 -0.411916   1.44121
 0.790356  0.144157 -0.411658   1.44251
 0.803786  0.139345 -0.395259   1.46335
 0.820091  0.141207 -0.373777   1.49104
 0.801138  0.156234 -0.388723   1.45815
0.805627 0.143616 -0.38472   1.4641
 0.787595  0.158088 -0.406748   1.43707
 0.791792  0.162977 -0.398876   1.44355
    0.785  0.168389 -0.407213   1.43357
 0.788016   0.16158 -0.403954   1.43758
 0.796292  0.142042 -0.399238   1.44917
  0.79539  0.155146 -0.395572   1.44858
  0.78976  0.151963 -0.404953   1.43962
 0.794709  0.151531 -0.400413   1.44814
 0.785465  0.146697 -0.416994   1.43495
 0.785253  0.150928 -0.417554   1.43572
 0.783189  0.158269 -0.409177   1.42874
0.781293 0.164458 -0.41288   1.4278
 0.779386  0.155413 -0.426552   1.42858
 0.781679  0.157941 -0.417999   1.42967
0.734887 0.144817 -0.46183  1.35399
0.736326 0.143305 -0.46145   1.3564
 0.732782  0.144372 -0.459222   1.34778
 0.730477  0.144603 -0.456923   1.34118
 0.731829  0.142804 -0.456817   1.34353
0.732255 0.143499 -0.45715  1.34476
 0.735072  0.140824 -0.458971   1.35155
 0.733029  0.141175 -0.456636   1.34555
 0.734163  0.139526 -0.456486   1.34745
 0.734596  0.140173 -0.456788   1.34867
 0.733998  0.143701 -0.459262   1.35016
 0.733418  0.141827 -0.456981   1.34671
 0.735192  0.141683 -0.459282    1.3522
 0.733871  0.142559 -0.458945   1.34943
 0.727143  0.161332 -0.461092   1.34153
 0.726641   0.16604 -0.459138   1.34042
 0.72474 0.161426 -0.45751  1.33408
 0.724342  0.163936 -0.456504   1.33319
 0.722892  0.162428 -0.455885   1.32891
 0.723475  0.162558 -0.456588   1.33113
 0.725117  0.164302 -0.458986   1.33674
 0.725976   0.16282 -0.459004   1.33815
 0.763513   0.16271 -0.460007   1.41246
 0.769752  0.157349 -0.461476   1.42457
 0.761881  0.153167 -0.459913   1.40717
  0.74895  0.134142 -0.460776   1.37998
 0.753057  0.131377 -0.459804   1.38746
 0.760645  0.155944 -0.461151   1.40515
 0.764221  0.152208 -0.461356   1.41247
 0.760692   0.15603 -0.461036   1.40519
 0.765871  0.160907 -0.459204   1.41656
 0.761995  0.155972 -0.459527   1.40775
 0.760738  0.156039 -0.460761   1.40514
 0.761129  0.155096 -0.458916    1.4055
 0.760884  0.155566 -0.460658   1.40572
0.760549 0.156005 -0.46108  1.40528
 0.760544  0.156001 -0.461159   1.40496
 0.761066   0.15602 -0.461953   1.40663
 0.760777  0.156163 -0.460445    1.4051
  0.76089  0.156114 -0.461399   1.40585
 0.760861  0.155676 -0.458989    1.4051
 0.760835  0.156219 -0.460896   1.40549
 0.760675  0.156382 -0.462059   1.40588
 0.760788  0.155877 -0.459689   1.40467
  0.76077  0.156088 -0.460857    1.4053
  0.94824  0.145823 0.0715831   1.70797
 0.953448   0.14518 0.0373655   1.71959
 0.953963   0.14646 0.0626921   1.71826
 0.951663  0.155149 0.0638861   1.71742
    0.96322    0.114131 0.000717521     1.73997
  0.968629  0.0536667 -0.0102425    1.74895
 0.963399  0.106197 0.0355281   1.73524
 0.963411 0.0789639 0.0312607   1.73606
  0.95719  0.137454 0.0647379   1.72281
 0.959976  0.122199 0.0567172   1.72733
 0.957745  0.137944 0.0755073   1.72402
 0.958164  0.129237 0.0712035   1.72436
 0.956377  0.137227 0.0391295   1.72584
 0.959848  0.116816 0.0535269   1.72771
 0.956078  0.141816 0.0638967   1.72246
 0.958256  0.132267 0.0410896   1.72591
 0.865901  0.376361 0.0901035   1.57934
0.874745 0.359751 0.122443  1.59626
0.856066 0.382144  0.10742  1.56181
0.862038 0.370842 0.124393  1.57278
0.850268 0.386038 0.125997  1.55406
0.855244 0.373651  0.11859  1.55762
 0.86601 0.365235 0.119095  1.57797
0.864436 0.367485  0.10324  1.57347
  0.805785   0.435044 -0.0983986    1.47813
  0.81504  0.413639 -0.117714   1.48935
   0.82792   0.412851 -0.0885231     1.5135
  0.814016   0.412922 -0.0993329    1.48376
 0.828901  0.391194 -0.134666   1.51311
  0.851516   0.388891 -0.0828141     1.5557
  0.832407   0.399034 -0.0935701    1.51799
 0.826414   0.39185 -0.111649   1.50364
  0.870288   0.352017 -0.0754588    1.58154
 0.960562  0.123665 0.0321351   1.72527
 0.959778  0.129902 0.0363715   1.72411
 0.960249    0.1301 0.0294721   1.72448
  0.96016  0.131188 0.0336671   1.72497
0.959448 0.135117 0.023173   1.7217
 0.958677   0.14016 0.0311396   1.72171
0.958544 0.140834 0.039678  1.72201
  0.956398   0.134861 -0.0985661    1.71627
  0.958537   0.149685 -0.0761348    1.72158
 0.960729  0.135111 0.0205825   1.72464
 0.960651  0.133414 0.0225813   1.72436
 0.961857  0.128214 0.0174085    1.7269
 0.962688  0.123837 0.0155032   1.72838
 0.962146  0.123841 0.0204885   1.72759
0.962167 0.123065 0.016809  1.72723
 0.960776  0.130573 0.0280721   1.72563
 0.961686  0.124364 0.0256861   1.72715
  0.96118  0.124487 0.0307988   1.72662
 0.961095  0.123837 0.0266806   1.72588
 0.961526  0.127876 0.0183444   1.72621
 0.961612  0.123665 0.0211366   1.72649
  0.96073  0.129606 0.0214796   1.72492
 0.961425  0.128188 0.0218036   1.72631
 0.962597  0.122786 0.0116785   1.72773
  0.96183  0.127686 0.0145878    1.7265
  0.962142   0.127042 0.00765401    1.72667
  0.96216  0.128754 0.0120821   1.72726
    0.961109     0.129387 -0.000691985       1.7237
  0.960596   0.135928 0.00839172    1.72393
 0.960565  0.136693 0.0163517   1.72426
   0.964217    0.119255 -0.00947788      1.7298
   0.963557     0.12245 -0.00716882     1.72863
    0.9638   0.120293 -0.0135014    1.72872
  0.963843    0.12316 -0.0100645    1.72932
  0.963166    0.12826 -0.0136626    1.72768
  0.962669   0.124823 -0.0143282    1.72654
  0.962579   0.128132 -0.0073079    1.72686
 0.955089  0.151779 0.0545122    1.7154
  0.963234   0.131614 -0.0206381    1.72824
  0.963666   0.129937 -0.0160776    1.72907
   0.9645  0.121576 -0.024207   1.73021
  0.965338   0.118334 -0.0269606    1.73193
  0.965223    0.11843 -0.0217535    1.73172
   0.96489   0.117471 -0.0234831    1.73071
 0.964191  0.120536 -0.015123    1.7296
 0.964987  0.118668 -0.016654    1.7313
   0.96471   0.119983 -0.0115182    1.73099
  0.964514   0.117986 -0.0146591    1.73014
  0.964322   0.120657 -0.0201734    1.72964
   0.96478   0.117398 -0.0188443    1.73054
  0.964207   0.119752 -0.0166795    1.72939
  0.964467   0.120803 -0.0192773    1.73011
  0.964959   0.117058 -0.0287765    1.73079
  0.964288   0.121351 -0.0250649    1.72959
  0.964341    0.12007 -0.0314277    1.72957
 0.964509  0.121458 -0.029893   1.73021
  0.963237   0.124951 -0.0344145    1.72727
  0.962961   0.126361 -0.0330819    1.72703
  0.962925    0.13089 -0.0265271    1.72745
  0.965177   0.113006 -0.0509991    1.73126
  0.964474   0.118283 -0.0470977    1.72994
  0.964342   0.116178 -0.0534297    1.72958
  0.964649   0.116589 -0.0528905    1.73044
  0.963117   0.127448 -0.0546419    1.72794
  0.96319  0.117782 -0.053762   1.72694
  0.963157   0.124216 -0.0493967    1.72751
 0.957096  0.148801 0.0296815   1.71791
  0.962463   0.122513 -0.0704983    1.72662
  0.963099   0.127344 -0.0626562    1.72833
  0.963956   0.115078 -0.0741829     1.7297
   0.96553   0.109283 -0.0784147    1.73336
  0.965825   0.109447 -0.0702682    1.73353
 0.964731  0.109745 -0.071381   1.73087
  0.964501   0.114374 -0.0588216    1.73004
  0.965858   0.110422 -0.0627635    1.73325
  0.96581  0.112265 -0.056029   1.73301
  0.965145   0.111277 -0.0572658    1.73125
  0.963825   0.116572 -0.0668189    1.72901
  0.965034     0.1102 -0.0638684     1.7312
  0.964271   0.116743 -0.0583302    1.72966
   0.96431   0.115201 -0.0665522     1.7301
 0.952295  0.190134 0.0181127   1.71233
 0.957115     0.152 -0.124876   1.72457
 0.948909  0.152531 -0.156564   1.70963
 0.956416  0.132901 -0.133774   1.72025
 0.952616  0.136385 -0.150878   1.71436
  0.95533  0.122714 -0.148257   1.71817
 0.954404  0.126314 -0.148994   1.71676
 0.950928  0.141528 -0.154366    1.7122
 0.954128  0.150434 -0.145164   1.71997
 0.950476   0.16915 0.0655645   1.70703
  0.94496  0.136552 -0.191795   1.70296
 0.945382  0.142339 -0.183118   1.70351
 0.943194  0.145372 -0.190945   1.70037
 0.944554  0.137699 -0.189563   1.70207
  0.94067  0.172297 -0.193332   1.70114
 0.943153  0.143709 -0.182681   1.69878
   0.9436  0.145832 -0.181783   1.70007
  0.962027   0.140881 -0.0362287    1.72645
 0.784659  0.402178 -0.213734   1.43916
0.793365 0.380875 -0.22378  1.44994
 0.803989   0.38723 -0.200605   1.46973
 0.791733  0.384106 -0.209691   1.44367
 0.806047  0.363557 -0.235628   1.47449
 0.824764  0.372914 -0.194228   1.50887
  0.80834  0.376724 -0.204503   1.47629
  0.80326  0.368545 -0.216128   1.46449
  0.878253   0.356673 -0.0122319     1.5955
 0.779924  0.328982 -0.310741   1.42971
0.800253 0.340574 -0.27909  1.46657
 0.770736   0.34129 -0.302684    1.4106
 0.781249  0.348607 -0.285174   1.42951
0.764757  0.35796 -0.29762  1.40351
 0.769928  0.345108 -0.292162   1.40617
0.784155 0.341384 -0.28912  1.43512
 0.778121    0.3349 -0.296797   1.42222
    0.9541   0.170733 -0.0960214    1.71726
 0.930428  0.233268 -0.135815   1.68154
  0.91479  0.172913 -0.274758   1.65833
 0.915819  0.179606 -0.265209   1.66023
 0.912089  0.184058 -0.274132   1.65537
 0.914106  0.175009 -0.271775   1.65717
 0.908854  0.208382 -0.276281   1.65637
 0.911923  0.184431 -0.267371   1.65421
 0.912832  0.186848 -0.266122   1.65654
 0.747035  0.314682 -0.354696   1.37205
  0.75246  0.302128 -0.355867   1.37908
 0.759849  0.310429 -0.344001   1.39227
 0.750974  0.305999 -0.348899   1.37396
  0.76044  0.293958 -0.360785   1.39654
 0.774654  0.308401 -0.339572   1.42238
0.762249 0.305918 -0.34645  1.39773
0.758676 0.299745 -0.35153  1.39008
 0.926795  0.213661 -0.193062   1.67844
 0.874217  0.223576 -0.333199   1.60022
  0.88091  0.226923 -0.326068   1.61389
 0.873448  0.214758 -0.342056   1.59729
 0.873709  0.209516 -0.349974   1.59783
 0.880165  0.204284 -0.340508   1.60754
  0.87522  0.209846 -0.343434   1.59873
 0.887369  0.201761 -0.319672   1.61731
 0.886219  0.198698 -0.331061   1.61649
 0.891943  0.192466 -0.321638   1.62472
 0.888252  0.199384 -0.324579   1.61893
 0.876511  0.217856 -0.334402    1.6022
 0.881844  0.204754 -0.334022     1.609
  0.88543  0.212416 -0.321518   1.61618
 0.880179  0.209068 -0.331626   1.60694
0.735384 0.276522 -0.39107  1.35118
 0.740449  0.267199 -0.390456   1.35848
 0.745217  0.274977 -0.382532   1.36689
 0.738524  0.270691 -0.385799   1.35304
 0.747626  0.261994 -0.394508   1.37504
0.756893 0.276013 -0.37993  1.39177
 0.747288   0.27241 -0.384481   1.37236
 0.745709  0.267034 -0.387646   1.36879
 0.754564  0.353188 -0.302617   1.38166
 0.749344  0.342597 -0.318217   1.37239
 0.763979  0.336743 -0.307376   1.39602
 0.758518  0.347893 -0.314147   1.39241
  0.74549  0.331456 -0.332641   1.36571
 0.742067  0.320495 -0.345499   1.35974
 0.755868  0.316483 -0.334535   1.38197
 0.750563  0.325687 -0.342193   1.37821
 0.771146  0.325831 -0.315869   1.41139
 0.770919  0.316855 -0.321182   1.40949
 0.754438  0.336741 -0.328925   1.38518
 0.761915  0.322043 -0.330369   1.39529
 0.767261  0.331562 -0.317439     1.405
 0.759347  0.326544 -0.322524   1.38814
  0.84911  0.231624 -0.367254   1.55933
 0.853831   0.23365 -0.362465   1.56852
0.848941 0.226371 -0.37548  1.55908
 0.849646  0.222697 -0.381244   1.56033
 0.855438   0.21959 -0.373995   1.56923
  0.85062  0.222768 -0.376393   1.56034
0.860429 0.221227 -0.36069  1.57712
 0.861302  0.216753 -0.366588   1.57846
 0.867301  0.213023 -0.358605   1.58767
0.862281 0.216923 -0.36129  1.57845
 0.851153  0.228223 -0.370149   1.56229
 0.856225  0.219759 -0.369212   1.56894
 0.857225  0.225318 -0.362014   1.57148
 0.854598  0.223241 -0.368391   1.56765
 0.812987   0.23682 -0.406526   1.50032
0.818815 0.234813 -0.40861  1.51108
 0.824121    0.2312 -0.407522   1.51896
 0.824511   0.23484 -0.402232   1.52003
  0.82241  0.233337 -0.406858   1.51722
 0.824511   0.24015 -0.395436   1.52014
 0.816274  0.237156 -0.406602   1.50647
 0.822022  0.239866 -0.401725   1.51744
 0.867679   0.24528 -0.304094   1.58281
 0.807125  0.228737 -0.422405   1.49183
 0.803486  0.230588 -0.421326   1.48632
 0.804706  0.229342 -0.419871   1.48676
 0.809778  0.229586 -0.422599    1.4967
 0.812016  0.229774 -0.422177   1.49982
 0.810114  0.231227 -0.420234   1.49688
 0.810928  0.230101 -0.422063   1.49901
  0.80672  0.233175 -0.414898   1.48967
 0.808702  0.230268 -0.422493   1.49502
 0.807496  0.231643 -0.417528   1.49225
 0.809487  0.231594 -0.420561    1.4961
 0.738695  0.310121 -0.357869   1.35429
  0.73523  0.300455 -0.367924   1.34814
 0.746925  0.297803 -0.359103   1.36726
 0.742733  0.305111 -0.365434   1.36437
 0.732838  0.290732 -0.377053   1.34398
 0.730915  0.281488 -0.385127   1.34067
 0.741686  0.279838 -0.376623   1.35827
0.737597 0.285684  -0.3832  1.35507
0.753044 0.290311 -0.36444   1.3811
0.753587 0.283163  -0.3676  1.38114
 0.740013  0.295227 -0.374853   1.35949
 0.746444  0.284604 -0.373901   1.36865
  0.75001  0.293373 -0.365539   1.37515
  0.74382  0.288554 -0.368958   1.36198
0.916033 0.168902 0.241926  1.63621
0.914447 0.155007 0.219715  1.63896
0.911579 0.146798 0.209578  1.64175
0.913558 0.234592 0.301006   1.6579
0.929547 0.217739 0.259094  1.67905
 0.818747 -0.157147  0.173068   1.49947
0.936745 0.202454 0.220382  1.68866
0.899183 0.165693 0.351149  1.63033
0.924882 0.192528 0.274232  1.66954
0.924885 0.154431 0.239472  1.66353
0.934924 0.208796 0.237287  1.68628
0.926719 0.153833 0.242434  1.66728
0.928159 0.150644 0.243902  1.67026
0.871786 0.271123 0.256277  1.58875
0.870631 0.279309 0.249605  1.58661
0.876865 0.274705 0.247374   1.5969
0.873291 0.278006  0.25189  1.59305
0.869512 0.287802  0.24234  1.58466
  0.8681 0.296293 0.234376  1.58199
0.875124  0.28969 0.231755  1.59348
 0.87115 0.294969 0.237101  1.58938
0.882127 0.276731 0.239217  1.60572
0.882843 0.279971 0.230921  1.60631
0.872362 0.286433 0.244655  1.59149
0.877064  0.28806 0.235901  1.59843
0.878296 0.280896 0.242887  1.60098
0.875804 0.282839  0.23978  1.59507
0.929428 0.139627 0.236903  1.67314
0.926129 0.149438 0.255886  1.66903
 0.93005 0.127054  0.23364  1.67525
0.927457 0.156481 0.237649  1.66817
0.929832  0.11792 0.247885  1.67795
0.925057 0.152935 0.242728  1.66544
 0.935411 0.0777096  0.219127   1.68415
 0.945619 0.0421522  0.206074   1.70555
0.939655 0.055316 0.215983  1.69288
 0.940791 0.0518643  0.220719   1.69705
0.933003 0.061614 0.239272  1.68263
 0.930051 0.0663513  0.242624    1.6767
 0.936551 0.0699193  0.232851   1.69012
0.929529 0.150428 0.234848   1.6722
0.884725 0.275088 0.242053  1.61182
0.887904 0.261215 0.253493  1.61825
0.878709 0.273067 0.250248  1.60138
0.880706 0.264771 0.255954   1.6053
0.874471 0.269659 0.258246  1.59514
0.877736 0.267094  0.25365  1.59855
0.883644  0.26429 0.252939  1.60941
0.883239 0.268309 0.246131  1.60782
 0.929425 0.0829354  0.259955   1.68044
 0.931661 0.0984851  0.242836   1.68182
0.927244 0.095452 0.247928  1.67221
0.908718 0.128806 0.199531  1.63346
0.912675 0.148489 0.192214  1.64129
0.920784 0.149482 0.231873  1.65588
0.910747 0.145458 0.215031  1.63946
0.926483 0.152585 0.245934  1.66734
0.924358 0.153614 0.241047  1.66375
0.924256 0.152897 0.230821  1.66112
0.936419 0.173928 0.226879  1.69286
0.933551 0.194239 0.243364  1.68487
0.925902 0.145002 0.252944  1.66835
0.918611 0.141416 0.208716  1.65098
0.925969 0.153918 0.243004  1.66573
0.915129 0.147589 0.206949  1.65087
0.920449 0.163315 0.268602  1.66326
0.922214 0.160463 0.215924  1.65638
0.935283 0.184987 0.222146  1.69375
0.924584  0.16396 0.208761  1.65767
0.925086 0.152479 0.229105  1.66266
0.938758 0.133942 0.173177  1.69745
0.927978 0.194985 0.139953  1.66367
0.932439 0.136458  0.27413  1.68996
0.936008 0.190482 0.198566  1.67822
0.932267 0.166882  0.20461  1.67602
0.934486 0.173202 0.208924  1.67277
0.885461 0.245963 0.266121  1.61161
0.886091 0.249453 0.259284  1.61214
0.880314 0.243045  0.27323  1.60308
  0.8751 0.238009 0.280303  1.59452
0.874178  0.24618 0.275057  1.59286
0.876552 0.244791 0.276905   1.5986
 0.87901 0.257809 0.260796  1.60062
0.873397 0.254448 0.269188   1.5915
0.872571 0.262422 0.262833  1.58993
0.875127  0.26108 0.265165   1.5962
0.881676 0.249055 0.269665  1.60689
0.875895 0.253043 0.271199  1.59755
0.880635 0.256028 0.264274  1.60476
0.879405 0.251106 0.267189  1.60158
0.886131 0.163687 0.304616  1.61275
 0.89107 0.172619 0.306917  1.62224
0.891985 0.163009 0.308479  1.62418
0.890004 0.166038 0.306918  1.61962
0.896885 0.174009  0.30021   1.6302
0.901609 0.156707 0.302512  1.63915
0.897372 0.159079 0.306271  1.63174
 0.89589 0.161492 0.304706  1.62829
0.896334 0.170042 0.301448  1.62992
0.883954 0.165165 0.304891  1.60798
0.882435 0.174783 0.304789  1.60581
0.889098 0.175096 0.305879  1.61783
0.884765 0.173166 0.304914  1.61103
0.880953 0.184398 0.303384  1.60359
0.879631 0.193805 0.300884  1.60153
 0.88704 0.192067 0.299893  1.61439
0.882236 0.191988 0.301735  1.60754
0.894611 0.176722 0.298124  1.62488
0.895482 0.182193 0.292934  1.62645
0.883478 0.182637 0.303924  1.60934
0.888946 0.189313 0.302292  1.61883
0.890061 0.181321 0.305189    1.621
0.887856  0.18406 0.303524  1.61599
0.927379 0.135491 0.246392  1.67054
0.894945 0.278956 0.225402  1.63067
0.927706 0.145077 0.245473   1.6699
0.936919 0.177319 0.212534  1.69715
 0.92458 0.132569  0.25719  1.66734
0.935895  0.16753 0.210476  1.69295
0.930437 0.152045 0.233957  1.67462
0.924592 0.153044 0.241095  1.66367
 0.92995 0.157359 0.218773  1.67567
0.921475 0.149462 0.232477  1.65775
0.916415 0.142179 0.218258  1.64841
0.915528 0.144732 0.218516  1.64958
0.936132 0.169727  0.21054  1.69134
0.915228 0.143151 0.215771  1.64547
0.917326 0.164193 0.242651  1.64005
0.910695 0.150055 0.223809  1.63258
0.921263 0.149171 0.232034   1.6583
0.914146 0.156441 0.239364  1.63155
0.915866 0.149199 0.222131  1.64676
 0.91033 0.165277 0.235884  1.62798
  0.9173  0.15923 0.238826  1.63921
 0.761758  0.122444 -0.447673   1.39698
 0.763237  0.125269 -0.449567    1.4015
 0.755673  0.125636 -0.452588   1.38759
 0.759596  0.118906 -0.446761   1.39122
  0.75596  0.120929 -0.449718   1.38562
 0.756572  0.116679 -0.446109   1.38383
 0.757208  0.118586 -0.448304   1.38703
 0.757048   0.12353 -0.450212   1.38871
 0.760342  0.121836 -0.448907   1.39462
 0.770438  0.144533 -0.462318   1.42481
 0.751418   0.12788 -0.456041   1.38116
0.747049 0.131447 -0.45794  1.37389
 0.749269  0.125826 -0.454157   1.37512
 0.746864   0.12803 -0.455149   1.37108
 0.747019  0.124943 -0.452354   1.36887
0.747546 0.126293 -0.45441  1.37174
 0.747669  0.129605 -0.456458   1.37393
 0.750158  0.127835 -0.455886   1.37847
 0.765508  0.154388 -0.465711   1.41718
 0.770344  0.132717 -0.452684   1.41868
 0.771124  0.137173 -0.450012   1.41958
 0.739413  0.139348 -0.459519   1.36067
 0.740289  0.137897 -0.459783   1.36236
 0.737106  0.137956 -0.457943   1.35444
 0.73523 0.137969 -0.45613  1.34911
 0.736528  0.136364 -0.455715   1.35121
 0.736754  0.137176 -0.456139   1.35211
 0.739521  0.135025 -0.457775   1.35878
 0.737819   0.13474 -0.455449   1.35341
 0.738992  0.133105 -0.455143   1.35534
 0.739153  0.133948 -0.455603   1.35613
 0.738199  0.137503 -0.457861   1.35657
 0.737981  0.135527 -0.455856   1.35416
 0.739231  0.135996 -0.458013   1.35853
0.738325 0.136471 -0.45769  1.35651
0.735583  0.13872 -0.45652  1.35024
 0.737066  0.138957 -0.458279   1.35479
 0.736149   0.14026 -0.458924   1.35361
 0.735954  0.139265 -0.458493    1.3527
 0.737358  0.142254 -0.461986   1.35861
 0.737067  0.140922 -0.460773   1.35693
 0.738145  0.140418 -0.459995   1.35855
 0.773157  0.159832 -0.444497     1.425
 0.734856  0.145936 -0.462502    1.3546
 0.732392  0.149806 -0.462309   1.35031
 0.732719  0.145327 -0.459496   1.34804
0.731313 0.147366  -0.4594  1.34551
 0.730854  0.145368 -0.457328   1.34238
 0.731289  0.146148 -0.459087   1.34499
 0.732036   0.14826 -0.461519   1.34871
 0.733679  0.146858 -0.461206   1.35159
 0.779393  0.174854 -0.417905   1.42725
 0.775656  0.162846 -0.428079   1.42286
 0.776422  0.167202 -0.425887   1.42366
 0.730324  0.153131 -0.462551     1.347
  0.72869  0.157363 -0.461598   1.34405
 0.728066  0.152788 -0.459296   1.34003
 0.727065  0.155046 -0.458802   1.33814
  0.72619  0.153218 -0.457401   1.33454
 0.726689  0.153741 -0.458668   1.33698
 0.727818  0.155718 -0.461094   1.34153
  0.72915  0.154298 -0.460929   1.34383
 0.789214  0.193703 -0.454585   1.46286
 0.790933  0.195593 -0.457007   1.46714
 0.789967   0.20236 -0.452697    1.4663
 0.789295  0.203841 -0.448308   1.46381
 0.783467  0.195279 -0.460068   1.45466
 0.787468  0.199974 -0.457548   1.46284
 0.725722  0.170776 -0.457714   1.33885
 0.726411  0.176023 -0.454705   1.33968
 0.723161  0.171338 -0.453829   1.33093
 0.723395  0.174086 -0.452291   1.33107
 0.721353  0.172958 -0.452503   1.32613
  0.72203  0.172642 -0.452599    1.3281
 0.724195  0.174164 -0.454919   1.33475
  0.72457  0.172596 -0.455127   1.33525
 0.768495  0.160319 -0.449556    1.4178
 0.724389  0.180315 -0.452507   1.33527
0.725104 0.178441 -0.45259  1.33631
 0.722018  0.181381 -0.448572   1.32781
 0.719255  0.183691 -0.447618   1.32149
 0.719415   0.18053 -0.448996   1.32187
 0.721072  0.181784 -0.448886    1.3255
 0.722169   0.17552 -0.451422   1.32839
 0.719564  0.177519 -0.450227   1.32219
 0.719795  0.174596 -0.451447   1.32269
   0.7213  0.175741 -0.451353   1.32599
0.723362 0.179817 -0.44959  1.33077
0.721125 0.178745 -0.45016  1.32564
 0.723159  0.176821 -0.451213   1.33064
0.721923 0.178295 -0.44994  1.32764
 0.733915  0.151748 -0.466402   1.35637
  0.73677  0.149011 -0.465921   1.36135
 0.719235  0.198845 -0.440665   1.32122
  0.71903  0.194717 -0.442702   1.32092
 0.722746  0.195319 -0.441142   1.32842
 0.721404  0.196396 -0.442445   1.32606
 0.719033   0.19084 -0.444476   1.32097
 0.719052  0.187087 -0.446159   1.32106
  0.72229  0.187892 -0.445107    1.3279
 0.721109  0.188617 -0.445986   1.32554
 0.725623  0.193459 -0.445358   1.33689
0.726176  0.19113 -0.44557  1.33753
 0.721182  0.192417 -0.444284   1.32566
0.723698 0.189552 -0.44474  1.33103
0.724336  0.19329 -0.44257  1.33198
 0.722279  0.191376 -0.443161   1.32759
0.730704 0.170336  -0.4641  1.35301
 0.796042  0.228978 -0.421837   1.47216
0.784284 0.229102 -0.41555  1.44536
 0.787241  0.233251 -0.414612   1.45205
 0.731577  0.180301 -0.459398   1.35453
 0.733111  0.202566 -0.444803   1.35496
 0.731548  0.198305 -0.445991    1.3513
 0.729587  0.210345 -0.434993   1.34361
0.730017 0.207338  -0.4354  1.34387
 0.725873  0.213076 -0.430035   1.33321
 0.721241  0.218067 -0.429983   1.32443
 0.720616  0.212989 -0.432977   1.32343
0.723897 0.215011 -0.43243   1.3304
 0.724345  0.203654 -0.435934   1.33084
 0.720019  0.208026 -0.435709   1.32241
 0.719702  0.203276 -0.438294   1.32197
 0.722612  0.205145 -0.437838   1.32816
 0.727787  0.210471 -0.432047   1.33756
 0.723149  0.210061 -0.435256   1.32911
 0.726486  0.205736 -0.435235   1.33544
 0.724822  0.208105 -0.433069   1.33136
 0.742627  0.208154 -0.442148    1.3747
 0.734809  0.231629 -0.419477   1.35193
 0.735631  0.227569 -0.420322   1.35286
 0.730176  0.234962 -0.414658   1.33977
 0.723978  0.241685 -0.415196   1.32884
 0.723301  0.235276 -0.419285   1.32772
  0.72758  0.237925 -0.418495   1.33689
 0.728295  0.223385 -0.422671   1.33691
 0.722703  0.229242 -0.423035   1.32676
 0.722022  0.223494 -0.426626   1.32568
 0.725868  0.225784 -0.425904   1.33383
 0.732625  0.231833 -0.417515   1.34544
 0.726712  0.231692 -0.422314   1.33532
0.731005 0.226034 -0.42162  1.34274
  0.72896  0.228825 -0.418966   1.33774
 0.814339  0.266397 -0.357764   1.49548
0.769253 0.247026 -0.39808  1.41452
 0.844356  0.248806 -0.344962   1.54698
 0.796777  0.247919 -0.389299   1.46591
 0.889245  0.240867 -0.273853   1.62081
 0.802562  0.277537 -0.353197   1.47616
 0.796094  0.360965 -0.242479   1.45328
  0.79606  0.349527 -0.251407   1.45114
0.786018 0.375951 -0.23042  1.43351
 0.773165  0.397321 -0.220575   1.41381
 0.768034  0.386915 -0.242746   1.40449
 0.778532  0.392505 -0.236862   1.42797
 0.776782  0.355512 -0.270389   1.41738
  0.76383  0.375585 -0.263987   1.39718
   0.7594   0.36412 -0.283541   1.38946
 0.769622  0.369637 -0.278351   1.41194
 0.790302  0.370746 -0.245164   1.44509
 0.774339  0.381119 -0.258394   1.42043
 0.783935  0.361429 -0.264241   1.43342
  0.78099  0.365969 -0.252368   1.42493
0.909122 0.229367 -0.23457  1.65168
0.792607 0.432437 -0.10749  1.44902
 0.785236  0.426836 -0.138065   1.43521
 0.806624   0.40972 -0.126893   1.47017
 0.797494  0.431939 -0.129503   1.46316
 0.780713  0.418063 -0.167651   1.42695
 0.77692 0.407535  -0.1942  1.41975
 0.797805  0.393008 -0.180014   1.45352
 0.788356  0.413696 -0.186931   1.44589
 0.818745  0.389669 -0.142822   1.49086
 0.819339   0.37685 -0.157392   1.48933
 0.792824  0.423698 -0.159613    1.4545
 0.805138  0.399795 -0.171075   1.47094
0.811425 0.407479 -0.14669  1.48343
 0.801397  0.403022 -0.156444   1.46095
 0.941718  0.195017 -0.153761    1.7014
  0.81891  0.426468 0.0218618   1.49488
   0.812198    0.431611 -0.00873197     1.48286
   0.832679    0.410164 -0.00372932     1.51638
   0.823865    0.433158 0.000374292     1.50956
  0.80617  0.434059 -0.040686   1.47231
  0.799733   0.433917 -0.0733391    1.46094
  0.822907   0.412087 -0.0632213    1.49884
  0.812438   0.436618 -0.0640597    1.48957
  0.846372   0.390456 -0.0214456    1.53861
  0.848486    0.38133 -0.0425092    1.54072
 0.818427  0.436113 -0.031539   1.50012
  0.831241   0.415517 -0.0518439    1.51831
  0.836799   0.415004 -0.0230378    1.52878
   0.82764    0.41336 -0.0341241     1.5078
  0.960626   0.136654 -0.0235961    1.72225
0.843395 0.387988 0.121206  1.53856
0.837453 0.399152 0.101386  1.52785
0.850864  0.38345 0.100724  1.54972
0.844992 0.398039 0.107496   1.5452
 0.831471  0.409766 0.0781312   1.51724
 0.825224   0.41813 0.0520909   1.50565
 0.842747  0.398368 0.0556411   1.53446
 0.834995  0.418709 0.0607871   1.52846
 0.85916 0.377874 0.083438  1.56384
  0.85991  0.377249 0.0648092   1.56404
 0.840252  0.409069 0.0853604   1.53743
 0.848668  0.399002 0.0663968   1.54889
 0.853235  0.391713 0.0873121   1.55764
 0.846545  0.392814 0.0786879    1.5421
 0.954382  0.126725 0.0880403   1.71494
  0.9565 0.120154 0.117304  1.72193
0.871602 0.342662  0.15358  1.58635
0.872369 0.344019 0.139745  1.58656
0.864458 0.344125 0.167267  1.57403
0.857871 0.345076 0.182881  1.56391
0.854959 0.354846 0.169846  1.55853
0.859693 0.353571 0.173863  1.56972
0.859558 0.361776  0.13754  1.56497
0.851957 0.365152 0.155284  1.55328
0.848154 0.375706 0.139345  1.54651
 0.85403 0.374269  0.14404  1.56012
0.866486 0.351771 0.157885  1.58014
0.857243 0.363698 0.159478  1.56558
0.863433 0.360629 0.144129   1.5744
0.861915 0.353795 0.152689  1.56957
0.932144 0.127819 0.231586   1.6801
0.891272 0.339911 0.127961  1.62641
0.877857 0.309353 0.202372  1.59774
0.878439  0.31203 0.192165  1.59788
0.872034  0.30827 0.213493  1.58801
  0.8666 0.306042 0.225731  1.57956
0.864582 0.315467 0.216715   1.5759
0.868062 0.314028 0.219448  1.58414
0.868989 0.324819 0.192493  1.58215
0.862487 0.325281 0.206536  1.57218
 0.86019 0.334625 0.195329  1.56784
0.864299 0.333325 0.198945  1.57766
0.873614  0.31554 0.206989  1.59277
0.866336 0.323777 0.209519  1.58125
0.871594 0.323367 0.197615  1.58869
0.870315 0.317577 0.203207  1.58505
0.930828 0.140288 0.235489  1.67644
0.934945 0.127006 0.213182  1.68504
0.921514 0.130356 0.266154  1.66432
 0.89342 0.307884 0.185613  1.62812
0.889074 0.214072 0.286222  1.61733
0.889538 0.217998 0.280413  1.61764
0.884005 0.210361 0.293122  1.60935
0.878505  0.20345 0.297876  1.59995
0.877451  0.21214 0.294263   1.5982
0.879804  0.21056  0.29553  1.60376
0.882421 0.226073 0.283513  1.60663
0.876667 0.220819  0.29001    1.597
0.875855 0.229143 0.285286  1.59561
0.878231 0.227635 0.286925  1.60131
0.885279 0.216757 0.290351  1.61302
 0.87905 0.219256 0.291372  1.60264
0.883995 0.224057 0.286372   1.6105
0.882885 0.219029 0.288556  1.60762
0.912743  0.11684 0.294297  1.65564
0.917098 0.123335 0.280338  1.66106
0.911738 0.122389 0.292537  1.65233
0.906242 0.114692 0.305835  1.64526
0.899681 0.118696 0.319039  1.63678
0.902427 0.123869 0.308363  1.63816
0.902363 0.117176 0.307331  1.63699
0.892973 0.123561 0.320401  1.62538
0.886391  0.12677 0.310912  1.61101
0.892597 0.135354 0.315878  1.62443
0.890429 0.128893 0.316155  1.61884
0.897767 0.140955 0.312962  1.63311
0.902204 0.135774 0.305732   1.6379
0.901055 0.137674  0.30455  1.63518
0.896745  0.12336 0.316464  1.62969
0.896066 0.134727 0.313441  1.62839
  0.9008 0.128679  0.30515  1.63393
0.898148 0.130609 0.316236  1.63357
0.920742  0.14646 0.272263  1.66378
0.907757 0.118137 0.302501  1.64696
0.905219 0.122575 0.301605  1.64124
 0.90801 0.128387 0.291722  1.64418
0.905169 0.134604 0.302857  1.64326
 0.91906 0.125744 0.273892  1.66047
0.793908 0.206402  -0.4462  1.47315
 0.795123  0.200039 -0.451504   1.47505
 0.802281  0.202952 -0.444335   1.48701
 0.796646  0.203078 -0.446865   1.47645
 0.794586  0.196475 -0.455485   1.47426
 0.791015  0.189187 -0.450753   1.46434
   0.7986  0.188412 -0.447113    1.4778
 0.794147  0.190194 -0.449239   1.46986
 0.812697   0.19789 -0.441009   1.50503
 0.808983  0.187042 -0.441967   1.49628
 0.830249  0.187147 -0.430034   1.53538
 0.814384  0.189295 -0.437766   1.50523
 0.796563  0.197459 -0.452699   1.47699
 0.802275  0.189461 -0.445275   1.48415
0.804398 0.198835 -0.44486  1.48951
 0.801894  0.195995 -0.450274   1.48657
 0.734391  0.192376 -0.452389   1.35936
 0.95938 0.085255 0.104482  1.72508
 0.958999  0.130853 0.0827653   1.72665
 0.959583  0.107262 0.0701972   1.72508
 0.964342 0.0499072 0.0807136   1.73424
 0.963919 0.0821669 0.0658611   1.73446
 0.966295 0.0139414 0.0464094   1.73962
 0.965613 0.0730668 0.0523285   1.73809
 0.961201   0.10445 0.0699769   1.72907
 0.962563 0.0925613 0.0966334   1.73299
0.932367 0.138118 0.222529  1.67978
 0.760783  0.155616 -0.460827   1.40536
 0.760551  0.155631 -0.460548   1.40474
    0.761  0.155759 -0.462453   1.40662
 0.760564   0.15576 -0.460959   1.40496
0.760581 0.155797 -0.46108  1.40503
 0.760571  0.155742 -0.460806   1.40492
 0.760442  0.155638 -0.460901    1.4047
 0.761433  0.153633 -0.460082   1.40631
 0.762044   0.15248 -0.458207   1.40662
0.742301 0.140118 -0.46421  1.36955
 0.746002  0.137383 -0.463278   1.37612
 0.761991  0.158944 -0.463362   1.40999
 0.763472  0.153022 -0.460138   1.41047
 0.766518    0.1532 -0.468113   1.42019
0.761314 0.152274 -0.46017  1.40595
 0.757926  0.129245 -0.455609   1.39448
0.762703 0.128911 -0.45402  1.40353
  0.76133  0.153498 -0.462441   1.40717
 0.761848  0.150766 -0.458535   1.40614
 0.768465  0.150696 -0.468541   1.42404
 0.748031  0.136989 -0.462845   1.37985
 0.768906   0.14714 -0.462197   1.42149
 0.760775   0.15602 -0.460454   1.40506
 0.760701  0.156173 -0.460738   1.40507
 0.760776  0.156325 -0.462029   1.40609
 0.760626  0.156142 -0.461017   1.40506
 0.762792   0.15885 -0.463682   1.41165
 0.761049  0.159042 -0.463688   1.40823
 0.760494  0.155853 -0.461186   1.40487
 0.761074  0.153969 -0.462306   1.40656
 0.760465  0.155748 -0.461135   1.40481
 0.760996  0.155316 -0.463384   1.40701
  0.76088  0.155724 -0.462549   1.40642
 0.765081  0.150733 -0.472161    1.4188
 0.760696   0.15561 -0.460919   1.40524
 0.759965  0.155398 -0.461559   1.40431
 0.760597  0.155512 -0.460683   1.40492
 0.760349   0.15549 -0.461085    1.4047
 0.760287  0.155565 -0.461285   1.40468
0.760619 0.155743 -0.46062  1.40493
 0.760641  0.155642 -0.460326   1.40479
  0.76021  0.155405 -0.461187   1.40447
0.772806 0.160387 -0.43549  1.42025
 0.730128  0.159063 -0.466034    1.3502
 0.732512  0.156299 -0.465701   1.35425
 0.739077  0.144235 -0.465504   1.36458
 0.741166  0.151573 -0.473664   1.37364
 0.761607  0.151712 -0.460207    1.4066
 0.731773  0.161756 -0.466631   1.35457
 0.764376  0.160628 -0.466013    1.4161
 0.760383  0.155798 -0.461589   1.40496
 0.763101  0.160825 -0.466213   1.41373
 0.760469  0.156018 -0.461787   1.40521
 0.760585  0.156221 -0.461871   1.40549
 0.756147  0.161685 -0.460179   1.39786
 0.760988  0.156597 -0.459918   1.40603
 0.760541  0.155715 -0.459578   1.40471
 0.760085  0.155945 -0.460218   1.40411
 0.760283  0.155763 -0.461636   1.40478
 0.760737  0.155959 -0.460686   1.40551
 0.760665  0.156365 -0.461724   1.40557
 0.760809  0.156378 -0.462075   1.40606
  0.76038  0.156821 -0.460124   1.40493
 0.76076 0.156456 -0.46174   1.4058
 0.760552  0.156406 -0.462075   1.40563
 0.953624  0.153858 0.0836056   1.71557
 0.95511 0.149271 0.090854  1.71923
 0.882587   0.36449 0.0642973   1.61031
0.906797  0.27268 0.200195  1.64775
 0.955275  0.154616 0.0739462   1.71803
 0.959412  0.148652 0.0267893   1.72294
  0.959125   0.144171 0.00205178    1.72072
  0.961236   0.141133 0.00188021    1.72497
  0.961393    0.14275 -0.0148193    1.72534
  0.959085   0.149028 -0.0539525    1.72124
 0.952331  0.168305 0.0373551    1.7096
 0.955102  0.167697 0.0340246   1.71577
  0.960667   0.132242 -0.0561347    1.72278
 0.849282  0.353068 -0.179121   1.55287
   0.956614    0.160061 -0.00746629     1.71658
 0.954439  0.163888 0.0104685    1.7128
0.945058  0.15131 -0.14736  1.69907
   0.9509  0.165972 -0.130213    1.7133
 0.934044  0.177636 -0.188455   1.68636
 0.826198   0.32798 -0.264847   1.51627
  0.852771   0.368521 -0.0839531    1.54895
 0.844443  0.351378 -0.115061   1.52738
 0.918398  0.196659 -0.228576   1.66349
 0.899701  0.214174 -0.267084   1.63548
 0.794909  0.305505 -0.329473   1.46274
 0.913784  0.255121 -0.178594   1.65707
 0.879758  0.231077 -0.298498   1.60463
 0.774764  0.279253 -0.373781   1.42922
 0.892274  0.271872 -0.224082   1.62382
0.826524 0.242485 -0.37486  1.51822
 0.838785  0.247493 -0.362909   1.54168
 0.839756  0.279027 -0.316645   1.53884
 0.808108    0.2384 -0.398796   1.48794
 0.81853 0.244553 -0.39014  1.50837
 0.799883  0.233295 -0.421124   1.48075
 0.795757  0.241866 -0.406556    1.4687
 0.804635  0.236394 -0.416356   1.48942
0.918508 0.149308 0.199302  1.65702
 0.926812 0.0829917  0.152949   1.67428
0.919479 0.143216 0.201357  1.65288
0.927009 0.184932 0.259273  1.67691
0.932057 0.189724 0.237609  1.68693
0.922991 0.143234 0.280089  1.66789
0.924095 0.159812 0.273062  1.67246
0.926251 0.156239  0.23778  1.66566
0.927915 0.174704 0.246633  1.67939
0.927476 0.155721  0.23954   1.6686
0.928783  0.15311 0.239685  1.67121
 0.92989 0.148197   0.2383  1.67371
0.897098 0.250771 0.252054  1.63364
0.928804 0.157348  0.23696  1.67119
0.931384 0.133689 0.223739  1.67677
0.926548 0.151764 0.250038  1.66836
 0.947494 0.0641315  0.198612   1.70939
 0.944942 0.0669661  0.211406   1.70545
 0.938577 0.0878189  0.216076   1.69193
 0.94491 0.091264 0.199557  1.70437
 0.943273 0.0796559  0.200147   1.69956
0.929569 0.156411 0.234548  1.67257
0.930182 0.153413 0.231807  1.67365
0.933802 0.118839 0.214335  1.68132
0.906382 0.297658 0.127704  1.64286
0.935338 0.108652 0.226012  1.68691
0.919788 0.156034 0.235056  1.64825
0.927503 0.162642 0.230815  1.66283
0.913493  0.14578 0.217477  1.64514
 0.93425 0.164457 0.214975  1.68233
0.926085  0.15442 0.246322  1.66687
0.925303 0.155148 0.242449  1.66678
0.934513 0.174526 0.215304  1.69147
0.928502 0.157275 0.235856   1.6696
0.931628 0.177234 0.227256  1.68679
0.927572  0.15305 0.229108  1.66709
0.922071 0.135082 0.199662  1.65691
0.932089 0.142224  0.20876  1.67905
0.920826 0.137259 0.196331  1.66212
0.924874 0.152339 0.232462  1.66804
0.927381 0.135294 0.193038  1.67604
0.932452 0.137064 0.243491  1.68334
0.930683 0.171501 0.241036  1.68375
 0.917813 0.0186042  0.202891   1.65137
 0.92811 0.134331  0.17824  1.67425
0.932071 0.151096 0.247362  1.68503
0.903007 0.191312 0.281739  1.63915
 0.90285 0.154194 0.297146  1.63789
 0.90225 0.168583 0.291043  1.63736
0.899956 0.221207   0.2714  1.63714
0.924453   0.1413 0.262446  1.66818
0.929221 0.157652 0.235613   1.6717
0.902861 0.236564 0.240246  1.63683
0.926344 0.152982 0.249837   1.6681
0.937564 0.169737 0.226361  1.69153
0.934585 0.165218 0.230508  1.68072
0.923964 0.153247 0.263286  1.66733
0.922205 0.149014 0.232567  1.66048
0.918158 0.142974 0.219915  1.65323
0.919691 0.146308 0.219069  1.65801
0.937883 0.170591 0.227253  1.69063
0.916711 0.143805 0.218461  1.64986
0.923571 0.158634 0.234155  1.65541
0.913777 0.150112 0.222956  1.64108
0.922769 0.150184 0.231903  1.66274
0.919964 0.158624 0.236161  1.64629
0.918868 0.150633 0.221529  1.65305
 0.755111  0.132487 -0.458372   1.39076
 0.764814  0.152026 -0.468734   1.41677
 0.763172  0.151205 -0.461763   1.41031
  0.76551  0.141053 -0.464448   1.41506
 0.742518  0.142507 -0.465458   1.37126
  0.76501   0.16313 -0.450802   1.41176
0.760678 0.152941 -0.46273  1.40587
 0.738809  0.147838 -0.466983   1.36567
 0.767478   0.16437 -0.437528   1.41088
 0.759209  0.163028 -0.456287   1.40248
 0.770066  0.184992 -0.454081   1.42421
 0.745159  0.145103 -0.471886   1.37957
 0.727932  0.167457 -0.464051    1.3466
 0.729567  0.164526 -0.464018   1.34923
0.741132 0.186228 -0.46137  1.37438
 0.737407  0.168426 -0.471755   1.36864
 0.727554  0.177161 -0.459945   1.34582
 0.728419  0.173977 -0.460244   1.34698
 0.738189  0.176674 -0.467924   1.36987
 0.728884  0.188657 -0.453543   1.34772
 0.729055  0.184961 -0.454174    1.3475
 0.758339  0.223667 -0.421414   1.39691
 0.752531  0.195704 -0.459005    1.3968
 0.785142  0.207654 -0.448117   1.45747
 0.776115  0.200424 -0.458072    1.4423
 0.778326  0.206761 -0.447552   1.44317
0.739909 0.222582 -0.43248  1.36747
 0.739023  0.216854 -0.433872   1.36476
 0.753385  0.208237 -0.440465   1.39212
 0.747684   0.24663 -0.410869   1.37931
 0.747192  0.238045 -0.414196   1.37742
 0.761301  0.252784 -0.405297   1.40707
 0.758631  0.273633 -0.381515   1.39645
0.756726 0.263305 -0.38691  1.39166
 0.786009  0.256155 -0.389715    1.4492
 0.775357  0.302318 -0.340417   1.42344
 0.770226  0.290655 -0.348938   1.41198
  0.79983  0.330212 -0.281497   1.46373
 0.790618  0.317926 -0.294089   1.44334
0.867196 0.283339 -0.26949  1.58517
 0.856164  0.269747 -0.308476    1.5698
 0.827487  0.356774 -0.192978   1.50774
 0.822264  0.340192 -0.211602   1.49423
  0.942689   0.209243 -0.0965573    1.69891
 0.898303  0.296737 -0.136707    1.6279
  0.955557   0.156243 -0.0547973    1.71439
 0.923318  0.216187 -0.173652   1.66749
 0.870954  0.362288 0.0451115   1.58135
   0.873099    0.363804 -0.00459079     1.58796
0.879106 0.344992 0.118358  1.59869
 0.878759   0.34705 0.0880009   1.59599
0.951395 0.160187 0.107128  1.71214
 0.946869  0.202193 0.0539498   1.70279
 0.953077  0.171394 0.0601236   1.71328
0.886518 0.310538 0.176251  1.61119
0.888043 0.314446 0.152827  1.61241
 0.90153 0.279948 0.169126  1.63202
0.889283 0.282126 0.218416  1.61695
0.890567 0.289835   0.1982  1.61819
0.891508 0.254726  0.24842  1.62104
0.892007  0.26163 0.234427  1.62073
 0.93123 0.146459 0.229519  1.67681
 0.89449 0.225374 0.270275  1.62553
0.894497 0.232339 0.259447  1.62439
0.898709  0.19452 0.285772  1.63187
0.897465 0.201801 0.277288  1.62816
0.908389 0.150858 0.294607  1.64925
0.930729 0.148489 0.226943  1.67506
 0.774674  0.235479 -0.413866   1.43095
  0.78954   0.21303 -0.439227   1.46294
  0.79433  0.218151 -0.434148   1.47175
  0.79492  0.223264 -0.428087   1.47139
 0.797369  0.226897 -0.424615   1.47581
 0.786985  0.224325 -0.424682   1.45458
 0.792989  0.221058 -0.428792   1.46698
 0.765276  0.214886 -0.434024   1.41514
 0.787193  0.191613 -0.457282   1.45964
0.777355 0.188457 -0.45109  1.43869
 0.785171  0.193212 -0.459548   1.45724
 0.953542 0.0742845  0.135069   1.71384
 0.951779 0.0606498  0.163273   1.71261
  0.94842 0.0442276  0.161128   1.70329
 0.947225 0.0777147  0.168699   1.70295
 0.950628 0.0794627  0.158123   1.70992
 0.93094 0.152568 0.225216  1.67596
0.943417 0.110584 0.170483  1.69645
 0.953883  0.137792 0.0982488   1.71494
 0.760733  0.155388 -0.461519   1.40562
 0.760507   0.15548 -0.460921    1.4049
0.760298 0.155328  -0.4611  1.40456
 0.760951  0.155453 -0.463191   1.40687
 0.761169  0.154939 -0.463913   1.40761
 0.760321   0.15566 -0.461422   1.40479
 0.762594  0.162253 -0.465346   1.41263
 0.760506  0.155115 -0.461991    1.4054
 0.750079  0.140592 -0.469489   1.38735
 0.760692  0.155465 -0.463331   1.40642
 0.762146  0.150067 -0.458966   1.40695
0.756307 0.137615 -0.46676  1.39802
  0.75961  0.155579 -0.461558   1.40374
 0.763453  0.150271 -0.463881   1.41179
 0.765384  0.148363 -0.469728   1.41785
 0.758534  0.148126 -0.462014    1.4009
 0.760432  0.137837 -0.467172   1.40617
 0.771317  0.139694 -0.454212   1.42188
 0.764704  0.138864 -0.465653   1.41436
0.760931 0.149281 -0.45945  1.40453
 0.760722  0.156275 -0.461738   1.40567
 0.760589  0.156285 -0.461847    1.4055
 0.760307  0.156168 -0.461427   1.40495
 0.760399  0.156037 -0.461801   1.40508
 0.761868  0.161208 -0.466628   1.41148
  0.75992  0.155546 -0.461465   1.40416
 0.760227  0.155602 -0.461475   1.40462
 0.760753  0.154723 -0.464108   1.40682
  0.76121   0.16106 -0.466738   1.41029
 0.760176   0.15549 -0.461355   1.40449
 0.760298  0.154186 -0.464983   1.40631
 0.760167  0.155428 -0.461266   1.40443
 0.760125  0.155293 -0.461771   1.40467
 0.760299  0.155515 -0.461175   1.40466
  0.76048  0.155362 -0.460843   1.40476
 0.759843  0.155349 -0.461739   1.40414
 0.760516  0.155368 -0.461649   1.40525
 0.760237  0.155167 -0.461732   1.40478
 0.763917  0.163218 -0.444219   1.40671
 0.738681  0.161072 -0.473664    1.3707
  0.74777  0.153087 -0.482311   1.39045
 0.762569  0.162517 -0.455135   1.40875
 0.761918   0.16236 -0.462673   1.41044
 0.760736  0.150962 -0.460578   1.40485
 0.761552  0.162051 -0.466643   1.41116
 0.760063  0.155651 -0.461485   1.40441
0.760207 0.155972 -0.46173  1.40481
 0.759642  0.162699 -0.463429    1.4062
 0.760671  0.158907 -0.463475   1.40744
 0.760168  0.156713 -0.460415   1.40464
 0.760232  0.156113 -0.461692   1.40487
 0.759962  0.162115 -0.467166   1.40817
 0.760201  0.156009 -0.459684   1.40412
 0.760353  0.156184 -0.461131   1.40494
 0.760544  0.156445 -0.462019   1.40558
 0.759625  0.156493 -0.460881   1.40372
0.760484 0.156302 -0.46203  1.40543
 0.760135  0.156164 -0.461469   1.40462
 0.952123  0.170733 0.0836634     1.713
 0.901772  0.320216 0.0858159    1.6366
 0.898998  0.328876 0.0313717   1.63016
0.897574 0.301187  0.11607  1.62251
  0.957061   0.164336 0.00521579    1.71866
 0.891656  0.317192 0.0535249   1.60975
  0.957878   0.167369 -0.0244906    1.72077
  0.952167    0.19168 -0.0123466    1.71226
  0.952762    0.19411 -0.0484111    1.71524
 0.948378  0.200178 0.0172656     1.705
  0.949541   0.180569 -0.0958248     1.7093
 0.938488  0.193386 -0.132434   1.69035
 0.881474  0.339869 -0.139512   1.60986
  0.931408   0.250744 -0.0872678    1.68261
 0.868363  0.321121 -0.206646   1.58544
  0.941787   0.223903 -0.0486027    1.69642
 0.904251  0.236558 -0.217043   1.63885
 0.881229  0.254253 -0.261991   1.60442
 0.832771   0.31149 -0.263241   1.51892
 0.885792  0.278129 -0.201892   1.60602
  0.80195  0.290834 -0.321526   1.46543
 0.850829  0.301451 -0.253055   1.55261
 0.821748  0.246948 -0.377399   1.51025
 0.802208  0.243889 -0.400131   1.47995
 0.825639  0.295579 -0.307708   1.51457
 0.833512  0.267517 -0.347816   1.53436
0.923337 0.135626 0.193855  1.66062
 0.927755 0.0979041  0.201473   1.67078
0.935199 0.146026 0.233727  1.68924
0.928851 0.151613 0.228558  1.67026
0.929369  0.15701 0.234808  1.67104
0.933569 0.175657 0.232155  1.68921
0.925198 0.155352 0.256109  1.66792
  0.9319 0.149686 0.231227  1.67753
0.932283 0.169259 0.237161  1.68479
0.929562  0.15559 0.236313  1.67283
0.909128 0.230176 0.251509  1.65235
0.930556 0.158345 0.235036  1.67465
0.931464 0.141166 0.219112  1.67696
0.935713   0.1674 0.231514  1.68699
0.906985 0.253095 0.228796   1.6485
0.930573 0.157573 0.233884   1.6751
0.933383 0.131442 0.208855  1.68059
0.937265 0.118624 0.195477  1.68707
 0.94013  0.11728 0.192632  1.69344
0.931279 0.151639 0.226204  1.67702
0.927209 0.162183 0.235651  1.66209
 0.93249 0.163586 0.232986  1.67358
  0.9207 0.149758 0.220748   1.6574
0.937069 0.167334 0.229226  1.68564
0.926154 0.156998 0.249934  1.66846
0.937028 0.168358 0.233275  1.68872
 0.93558 0.171665 0.229974  1.68899
0.931087 0.157379 0.234412   1.6745
0.930916 0.152327 0.229146  1.67415
0.930874 0.155934 0.229953  1.67551
0.932405 0.158835 0.234128  1.67834
 0.93008 0.161844 0.246558  1.68168
0.931306 0.158145 0.234476  1.67593
0.929491 0.154807 0.248231  1.67949
0.928173 0.119034 0.190313  1.67196
0.934824 0.164167 0.240745  1.68582
0.925027 0.123623 0.193966  1.66206
0.933872 0.149427 0.233922   1.6836
0.912294 0.147069 0.277507  1.64904
0.905083 0.173096 0.289679  1.64247
0.917401 0.142916 0.276491  1.66003
0.912948 0.160942  0.27982   1.6523
0.922473 0.148907 0.262549  1.66478
0.930931 0.155278 0.231083  1.67583
 0.92587 0.155819 0.253799   1.6687
 0.93728 0.169939 0.232015  1.68953
0.925709 0.154583 0.244298  1.66775
0.935068 0.166287 0.231182  1.68333
0.923578 0.149981 0.232571   1.6644
0.920745 0.144685  0.22062  1.65965
 0.92974  0.15979 0.229158  1.67188
0.925792 0.162224 0.253439  1.66972
0.919488 0.145409 0.219686  1.65686
0.917927 0.147267 0.218398  1.65433
0.924893 0.157813 0.231621  1.65994
 0.92393 0.149137  0.21967  1.66649
0.929121 0.160672 0.230747  1.66951
0.931738 0.160327 0.227588  1.67762
 0.754188  0.140109 -0.467896   1.39479
0.761319 0.149014 -0.46734  1.40891
  0.76116  0.145671 -0.473226   1.41085
0.749172 0.144091 -0.47103  1.38706
 0.759157   0.16205 -0.465375   1.40606
 0.745263  0.149628 -0.473795   1.38165
 0.760698  0.150425 -0.460816   1.40494
  0.74148  0.154729 -0.474186   1.37529
 0.737301  0.157229 -0.473331   1.36686
  0.75973  0.186008 -0.472737   1.41401
 0.734627  0.164242 -0.471948   1.36217
 0.746065  0.187202 -0.469155   1.38688
 0.745459  0.161624 -0.483593   1.38818
 0.733771  0.172339 -0.468864   1.36043
  0.74535  0.174882 -0.480033   1.38862
 0.734847  0.181568 -0.463137   1.36145
 0.748294  0.182479 -0.475154   1.39338
0.737969 0.192373 -0.45451  1.36546
 0.746281  0.198027 -0.452016   1.38248
 0.746516  0.205553 -0.443134   1.37968
 0.781968  0.268434 -0.364633    1.4332
 0.813216  0.258809 -0.378058   1.49996
 0.862595  0.321827 -0.168643   1.56457
 0.910905  0.258545 -0.161007   1.64877
  0.884805   0.337253 -0.0848553    1.60744
 0.926134  0.237439 -0.122224     1.671
  0.898557   0.318979 -0.0825233    1.63123
  0.890522   0.325832 -0.0167521    1.61038
 0.916101  0.301284 0.0564594   1.65939
 0.949894  0.202514 0.0486981   1.71001
0.944265 0.135736 0.159478  1.69814
 0.928304  0.273967 0.0490692   1.67838
0.939756 0.178052 0.169992  1.69308
0.908775 0.282477 0.160904  1.64777
0.919902 0.246466 0.201446  1.66785
0.918458 0.254008 0.177965  1.66207
0.924352 0.269443 0.114154  1.67151
0.901335 0.258868 0.211585  1.63321
0.931794 0.146499 0.218378  1.67876
0.944761 0.191934 0.140976  1.70347
0.909962 0.169357  0.27517   1.6455
0.918962 0.190527 0.261197  1.66349
0.905894 0.211644 0.261528  1.64248
0.909012 0.188901 0.274344  1.64783
 0.786492  0.213444 -0.440609   1.45787
 0.773038  0.209925 -0.435483   1.42694
0.778074 0.218998 -0.43254  1.43848
 0.762866  0.198078 -0.455268   1.41668
 0.767402  0.194137 -0.466306   1.42757
0.770166 0.180134 -0.45766  1.42681
0.949314 0.108932 0.138686  1.70637
0.947889 0.104771 0.171202    1.707
 0.93341 0.141205 0.208285  1.68215
0.951755 0.110708 0.130579  1.71053
0.931708 0.149999 0.208492  1.67959
 0.949519    0.1616 0.0959064   1.70611
 0.93109 0.254152 0.109924  1.68228
 0.760733  0.155103 -0.464179    1.4069
 0.759913  0.155262 -0.461873   1.40429
 0.760837  0.154299 -0.464746   1.40731
 0.759987  0.155515 -0.461474    1.4043
 0.760758  0.152437 -0.462905   1.40618
 0.755627  0.152554 -0.481478   1.40477
 0.755444  0.147688 -0.478932   1.40314
 0.759792  0.158632 -0.463783   1.40573
 0.759736  0.151635 -0.463306    1.4043
 0.760711  0.148639 -0.460341   1.40453
 0.761822  0.149856 -0.464471   1.40865
 0.762564  0.150348 -0.473013     1.414
 0.761662  0.149312 -0.476903   1.41398
 0.765377  0.146684 -0.471761   1.41893
 0.760637  0.144083 -0.475128   1.41112
 0.759644   0.15007 -0.461245   1.40292
 0.759983   0.15564 -0.461507   1.40426
 0.759757  0.158398 -0.463535   1.40558
 0.760025  0.160821 -0.467138   1.40801
 0.758422  0.161228 -0.468385   1.40551
 0.759833  0.155428 -0.461578   1.40406
 0.760405  0.155175 -0.464342   1.40634
 0.760225  0.154838 -0.462882   1.40527
 0.759658  0.161684 -0.467988   1.40794
 0.757006   0.15974 -0.468373   1.40266
 0.760006  0.155335 -0.461693   1.40444
 0.760053  0.155172 -0.461832   1.40447
  0.75942  0.155558 -0.462677   1.40388
 0.744254  0.167726 -0.482654   1.38644
0.758748  0.16361 -0.44606  1.39694
 0.742009  0.164093 -0.482566   1.38108
 0.758484  0.162012 -0.459426   1.40236
 0.759952  0.152039 -0.463252   1.40462
 0.752651  0.153111 -0.482511   1.39938
 0.759665  0.155583 -0.461083   1.40353
  0.75476  0.160036 -0.454727   1.39246
  0.75846  0.151201 -0.463564   1.40194
  0.75987  0.160502 -0.467038   1.40771
 0.759762  0.155663 -0.461015   1.40371
 0.759284  0.155991 -0.462113   1.40355
 0.759607  0.156677 -0.460609   1.40357
   0.7601  0.156026 -0.461714   1.40459
 0.759253  0.157666 -0.463333   1.40435
 0.759771  0.156012 -0.460318   1.40352
0.946912 0.202113 0.109969  1.70704
 0.948443  0.204445 0.0774337   1.70854
  0.944611   0.231174 -0.0084656    1.70387
 0.912595  0.291087 0.0736757   1.64898
   0.950226    0.208841 -0.00505514     1.71143
  0.938972   0.231542 -0.0478814    1.69214
  0.948925   0.204791 -0.0482252    1.70939
  0.939444   0.212089 -0.0876959    1.69154
0.929936 0.249884 -0.07364  1.67807
  0.938803   0.234781 -0.0130141    1.69081
 0.912108  0.296734 -0.124278   1.65871
  0.927923   0.272786 -0.0448049    1.67786
 0.91857 0.274195 -0.12308  1.66481
 0.897033  0.298614 -0.166744   1.63086
0.932067 0.156581 0.234275  1.67655
0.934485 0.158609 0.241242  1.68545
0.936644 0.170973 0.234463  1.68975
 0.93365 0.151743 0.238848  1.68367
0.930872 0.157835 0.232987  1.67556
0.924845  0.16201 0.256626  1.66851
0.931261 0.155377 0.224676  1.67744
0.924459  0.15237 0.231806  1.66739
0.931062 0.147636  0.21775  1.67683
0.931601 0.157775 0.229046  1.67759
 0.91897 0.230509   0.2278  1.66631
0.931757 0.159002 0.232526  1.67777
0.934602 0.137451 0.198215  1.68345
0.917079 0.180058 0.263607  1.65746
0.915392 0.234258  0.21417   1.6564
0.930611 0.152377 0.217963  1.67685
0.935987 0.165935 0.230677  1.68594
 0.92318 0.147409  0.22114   1.6656
0.926166 0.158283 0.243783  1.66979
 0.93533 0.164858 0.232764  1.68633
0.936157  0.16786 0.237026  1.68771
0.933269 0.156959 0.234052  1.67924
0.934842 0.168216 0.237982  1.68714
0.933497 0.160666 0.240592  1.68444
0.933976 0.155656 0.235296  1.68133
0.925779 0.155278 0.231669  1.67106
0.934795  0.15395 0.236651  1.68545
0.932243 0.158812 0.232515  1.67866
 0.91821 0.160633 0.270015   1.6597
0.920031 0.175986 0.266884   1.6643
0.922879 0.163655 0.262601  1.66649
0.931466 0.157633 0.229397  1.67735
0.930445 0.155853 0.217663  1.67749
0.926084 0.158274 0.245175  1.66964
 0.93373 0.164824 0.227651  1.68297
0.923556  0.17142 0.256288  1.66761
0.930084 0.157484 0.222758  1.67656
0.929808 0.154214 0.213115  1.67695
0.922487 0.148058 0.220194  1.66408
0.929084 0.158492 0.222912  1.67412
0.925867 0.152007 0.218908  1.67095
0.922742  0.15016 0.219131  1.66407
 0.756257  0.144382 -0.476367   1.40287
 0.758177  0.149024 -0.470707    1.4042
  0.75153   0.14811 -0.480212   1.39599
 0.751234  0.151886 -0.481931   1.39702
 0.759356  0.148525 -0.460864   1.40198
 0.748032  0.156339 -0.483329   1.39218
 0.744395  0.158232 -0.483056   1.38501
   0.7543  0.171725 -0.464184   1.39668
 0.741195  0.170847 -0.480663   1.37969
   0.7583  0.149867 -0.462009   1.40066
 0.742729  0.178878 -0.476735   1.38213
0.754659 0.161506 -0.45171  1.39098
 0.760682  0.177311 -0.461165   1.40837
 0.755601  0.168891 -0.464926    1.3998
 0.758529  0.190073 -0.469587    1.4101
 0.752813  0.168988 -0.467092   1.39507
  0.912265   0.299393 -0.0852025    1.65419
  0.903033   0.320775 -0.0299527    1.63707
  0.918796   0.294972 -0.0809768    1.66714
 0.910562  0.297547 0.0221561   1.64419
 0.928944  0.270959 0.0850463   1.68073
 0.932392  0.277408 0.0384871   1.68838
 0.920262   0.29144 0.0908369   1.66845
0.918997 0.279886 0.117297   1.6641
0.941897 0.137874 0.174453  1.69635
0.916856 0.262973 0.146828   1.6561
0.913927   0.2517 0.183324  1.65184
0.938852 0.134589 0.184495   1.6902
0.915925 0.216383 0.237385  1.65778
0.929449  0.25017 0.136358  1.67974
0.910139 0.205949 0.269608  1.65284
0.913077 0.185283 0.274139  1.65556
 0.93107 0.152252  0.21728  1.67793
0.935051  0.15105 0.194199  1.68493
0.760322 0.174681 -0.46194  1.40852
 0.752447   0.18133 -0.475629   1.39964
 0.767633  0.198336 -0.461309   1.42586
0.753402 0.190934 -0.46669  1.40143
0.936739 0.137242 0.195065  1.68803
0.948014 0.145944  0.13829    1.706
0.947253 0.147229 0.126225  1.70185
0.930337 0.155606 0.208998  1.67839
 0.944368  0.200827 0.0857822   1.69838
0.936799 0.243107 0.108716  1.69186
0.925623 0.239358  0.16987  1.67256
0.934099 0.169594 0.195979  1.68369
 0.760314  0.155139 -0.462112   1.40509
 0.760173  0.155067 -0.462985   1.40529
 0.760373  0.154818 -0.465253   1.40671
 0.759571  0.155374 -0.463098   1.40428
 0.75985  0.15526 -0.46306  1.40481
 0.760243  0.153773 -0.465682   1.40656
 0.757469  0.161706 -0.465909   1.40279
 0.759695  0.155369 -0.462692   1.40441
 0.759675  0.153811 -0.465922   1.40554
  0.75922  0.149668 -0.461647   1.40232
 0.759252  0.149912 -0.477694    1.4096
   0.7475   0.16165 -0.483119   1.39085
 0.752544  0.155719 -0.483274   1.40011
 0.759596  0.149554 -0.467965   1.40581
 0.759571  0.155806 -0.461435   1.40363
 0.759078  0.159512 -0.467054     1.406
 0.759431  0.155726 -0.462034   1.40365
 0.758927  0.159919 -0.467348    1.4058
 0.759574  0.155469 -0.462138   1.40395
 0.760024  0.155019 -0.465392   1.40612
 0.759762  0.154973 -0.463231   1.40457
 0.759176  0.155954 -0.463265   1.40386
0.759806 0.154886 -0.46477  1.40542
 0.759345  0.153575 -0.466342   1.40513
 0.750507  0.159566 -0.483784     1.397
 0.749127  0.164467 -0.483129   1.39476
 0.746615  0.166928 -0.481873   1.38932
  0.75626  0.160678 -0.462448     1.399
  0.75762  0.161023 -0.467235   1.40363
 0.751496  0.156867 -0.458477   1.38698
 0.752648  0.155018 -0.472891   1.39548
 0.75858 0.160744 -0.46877    1.406
 0.759169  0.156403 -0.461881   1.40325
 0.757603  0.151249 -0.463907   1.40037
0.759058 0.157861  -0.4638  1.40416
 0.759319  0.156014 -0.461329   1.40323
 0.759571  0.155748 -0.460806   1.40327
 0.759822  0.155901 -0.460737   1.40378
 0.758911  0.157027 -0.463753   1.40376
 0.759159  0.156311 -0.461042   1.40281
 0.939762   0.24116 0.0805495   1.69648
 0.942512  0.247092 0.0698721   1.70399
 0.939218  0.242557 0.0285708   1.69357
 0.945297  0.230825 0.0275768   1.70516
  0.912661   0.297107 -0.0329344    1.65022
  0.927446    0.27141 0.00468551     1.6746
0.933229 0.151967 0.231745  1.68096
0.934499 0.155516 0.235302  1.68278
0.933221 0.158204 0.234477  1.67989
0.935554 0.161848 0.238128  1.68582
0.935598 0.164317 0.236466  1.68644
0.935121 0.158978 0.237525  1.68468
0.926034   0.1639 0.244345  1.67067
0.935241 0.159048 0.237226  1.68452
0.932995 0.160312 0.232245  1.68056
0.931134 0.155608  0.22461  1.67705
0.930816 0.149606   0.2107  1.67777
0.925966 0.160032 0.228466  1.67175
0.932198 0.148886 0.203434  1.68046
0.932044 0.159245 0.228634  1.67907
0.929023 0.159152  0.21342    1.677
0.931288 0.157785 0.224218  1.67812
0.925189 0.152509 0.220581  1.66698
0.923874 0.153401 0.220021  1.66407
0.933986  0.16276 0.228163  1.68391
0.924967 0.150226 0.221498  1.67006
0.925736 0.155956 0.231403  1.67058
0.929974 0.157806 0.218673  1.67741
0.935973 0.167024  0.23497  1.68732
0.934037 0.159898 0.234474  1.68186
0.934208 0.163969 0.229493  1.68477
0.935544  0.16364 0.237328  1.68607
0.934538 0.159578 0.234713  1.68286
0.933889 0.162083 0.230339  1.68417
0.922484 0.194674 0.240632  1.66627
0.916444 0.196637  0.25349  1.65711
 0.92242 0.183512 0.249977  1.66599
0.925067 0.170054 0.255594  1.67048
0.926604 0.162901 0.244351  1.67206
0.932645 0.161643 0.225972  1.68216
0.930371 0.156258 0.222392    1.678
0.925788 0.170605 0.240997  1.67104
0.924733 0.150691 0.220847  1.66958
0.928376 0.155033 0.220899  1.67549
0.926142   0.1515 0.219834   1.6716
0.929489 0.156598 0.222835  1.67611
 0.756595  0.149588 -0.480277   1.40553
 0.756432  0.148888 -0.463386   1.39749
 0.758848  0.151537 -0.463671   1.40264
 0.757698  0.149677 -0.462287   1.39965
0.749659 0.156966 -0.48345  1.39455
 0.753168  0.158392 -0.458031   1.39052
0.753195 0.166608 -0.46858  1.39653
 0.756825  0.151197 -0.463161   1.39862
 0.750439  0.164654 -0.469616   1.39093
 0.751934  0.158038 -0.471933   1.39422
 0.749581  0.169853 -0.481318   1.39565
 0.747972  0.173025 -0.478998   1.39152
 0.917558  0.301386 0.0082983   1.66161
  0.934679   0.278841 -0.0162094    1.69463
0.924705 0.259884 0.140363  1.67262
0.939377 0.231762  0.13344  1.69719
0.925026 0.230843  0.19287  1.67294
0.938648 0.156373 0.182474  1.69054
0.926627 0.168553 0.243067  1.67337
0.918225 0.213521 0.242157  1.66228
0.925954 0.209841 0.228021   1.6755
0.919162 0.201852 0.251419   1.6641
0.928624 0.223989 0.188928   1.6777
0.924757 0.214444 0.213165  1.67078
0.933668 0.150383 0.198272  1.68318
0.936954 0.218863 0.172118  1.69369
0.931972 0.160962 0.204938  1.68106
0.937312 0.153927 0.185102   1.6891
0.941441 0.242993 0.102778  1.70262
 0.932596  0.264905 0.0843275   1.68671
0.942862 0.192958 0.123344  1.69665
0.936147 0.236638 0.132521   1.6912
 0.759888  0.154778 -0.466776   1.40651
  0.75907  0.155694 -0.465102    1.4043
 0.758964  0.156256 -0.464188   1.40385
 0.759596   0.15549 -0.465033    1.4053
 0.754753  0.152468 -0.472634   1.39903
 0.759333  0.154941 -0.464944   1.40456
0.757678 0.148926  -0.4624   1.3995
 0.758839   0.15657 -0.466412   1.40471
 0.755113  0.150897 -0.472358   1.39919
 0.758285  0.153614 -0.467065   1.40349
 0.759063  0.156449 -0.463019   1.40358
0.758165 0.159697 -0.46907  1.40513
 0.759074  0.155026 -0.467484    1.4053
 0.758361  0.158989 -0.467238    1.4045
 0.752739  0.152683 -0.464063   1.39115
 0.759234  0.155753 -0.464362    1.4044
 0.759447  0.155159 -0.466947   1.40578
 0.758936  0.155761 -0.467103   1.40501
 0.750922  0.175196 -0.478241   1.39747
 0.754051  0.178912 -0.474571   1.40244
  0.74955  0.160443 -0.470871   1.38914
 0.752903  0.159767 -0.455381   1.38889
 0.754728  0.160021 -0.462898   1.39594
 0.755282  0.159132 -0.464667   1.39774
 0.756481  0.160339 -0.467582   1.40133
 0.757183  0.158222 -0.469038     1.403
  0.75771  0.160052 -0.469045   1.40421
 0.758737  0.157639 -0.464801   1.40395
 0.756369  0.158794 -0.468572   1.40126
 0.758781  0.158212 -0.467678   1.40548
0.921991 0.293601 -0.04248  1.67102
  0.932823   0.262144 -0.0463002    1.68615
0.933531 0.159963 0.232751  1.68153
0.934432 0.161994 0.233088  1.68456
0.934846 0.161807 0.234101  1.68446
0.932347  0.15909 0.228769  1.67972
0.934814  0.16368 0.232356  1.68521
0.931365 0.157626  0.22462  1.67829
0.928341 0.155432 0.221002   1.6763
0.930255 0.155474 0.218863  1.67714
0.923877 0.203771 0.232107  1.67004
0.931602 0.158774 0.224945   1.6795
0.930328   0.1551 0.210608  1.67784
0.928424 0.190378 0.223164  1.67691
0.932613 0.160205   0.2265  1.68212
0.925951  0.15276 0.220867  1.67276
0.932957 0.159874 0.229026  1.68148
0.928101 0.154455  0.22164  1.67563
0.934488 0.160838 0.234498  1.68379
0.926984 0.156161 0.219548  1.67458
0.933941 0.161391  0.23258  1.68269
0.933504 0.161429 0.229062  1.68294
0.924347 0.179824 0.254508  1.67088
0.929077 0.156781 0.215581  1.67657
0.930003 0.157227 0.219974  1.67758
0.925729  0.17994 0.235116  1.67121
0.926306   0.1582 0.230459  1.67304
0.931224 0.158405 0.224313  1.68022
0.925561 0.153747  0.22005  1.67182
0.931206 0.159404 0.223928  1.68022
 0.756352  0.150044 -0.463559   1.39773
 0.757211  0.150629 -0.471274   1.40287
 0.752357  0.153389 -0.472956   1.39445
 0.752744  0.155762 -0.460594   1.39032
 0.754497  0.151807 -0.463913   1.39455
  0.75049  0.156426 -0.472632   1.39114
  0.75156  0.162462 -0.470174   1.39343
0.752092 0.155807 -0.46324  1.39005
0.930648 0.241942 0.164714  1.68439
0.934654  0.21856  0.15221  1.68506
0.928378 0.213222  0.21024  1.67866
0.935865  0.17488 0.183648  1.68659
0.924326 0.190397 0.247463  1.67145
0.928845 0.178256 0.212039  1.67544
0.930552 0.168604  0.20557  1.67885
0.924936 0.200713 0.237274   1.6727
0.931194 0.157692 0.203671   1.6796
0.930686 0.194368  0.21073   1.6806
0.933212 0.164897 0.194875   1.6826
0.930304 0.198376 0.197023  1.67766
0.941308 0.163958 0.159766  1.69448
0.934581 0.210248 0.182363  1.68775
0.934585 0.178587 0.184229  1.68309
0.941052 0.179779 0.154863  1.69396
 0.758673  0.153865 -0.466598   1.40395
 0.755289  0.157352 -0.466194   1.39805
 0.754546  0.150732 -0.463842   1.39427
 0.758371   0.15539 -0.468744   1.40464
 0.757778  0.153941 -0.467253   1.40262
 0.756588  0.150315 -0.462633   1.39766
0.758897 0.156934 -0.46516  1.40435
 0.758561  0.157244 -0.466169   1.40413
 0.758504  0.156414 -0.467024   1.40421
 0.758302  0.158243 -0.468447   1.40484
 0.758703  0.155513 -0.467611   1.40471
 0.757628  0.156964 -0.469129   1.40371
  0.75427  0.158118 -0.464977   1.39561
 0.754971  0.151801 -0.462872   1.39494
 0.757821  0.158623 -0.469321   1.40434
0.752154  0.15475 -0.46094  1.38909
 0.758458  0.157691 -0.468706   1.40521
 0.755968  0.155068 -0.466751   1.39915
 0.93261 0.160175 0.228478  1.68074
0.929888 0.158146 0.220631   1.6781
0.931839 0.159633 0.225051  1.68065
0.931381 0.159096 0.224342  1.67897
0.929274 0.157867 0.213173   1.6767
0.926752 0.156482  0.22001  1.67384
0.927102 0.177229 0.238649  1.67504
0.928629 0.157823 0.218006  1.67657
0.926945 0.155123 0.220184  1.67434
0.928686 0.154845 0.220926  1.67618
0.932795 0.161484 0.226941  1.68249
0.931714 0.160117 0.224811  1.68075
0.932608  0.16028 0.227501  1.68207
0.933207 0.161336 0.228867  1.68241
0.927386 0.162573 0.218279  1.67496
0.926291 0.188222 0.225536  1.67176
0.926804 0.166877 0.226588  1.67329
0.927074 0.162112 0.227685  1.67476
 0.754236   0.15342 -0.462328    1.3936
 0.756987   0.15403 -0.467045   1.40107
0.929987 0.165333 0.213566  1.67883
0.937752 0.182321 0.170793  1.68878
0.931566 0.180014 0.197225  1.67931
0.928257  0.19383 0.213266  1.67491
0.928087 0.160684 0.217525  1.67608
0.929537 0.160976 0.209324  1.67755
0.930809 0.175036 0.210896  1.67958
0.927079 0.170752  0.22118  1.67396
0.933887  0.20701  0.18311  1.68548
0.934037 0.200244 0.193602  1.68637
 0.755942  0.155885 -0.466838   1.39931
 0.758412  0.156434 -0.468706   1.40485
 0.757899  0.156993 -0.468646   1.40387
0.756134 0.151498 -0.46341  1.39738
  0.75495  0.153024 -0.463065   1.39526
 0.754951  0.156414 -0.466274    1.3972
 0.756876  0.157384 -0.469076   1.40221
 0.756799  0.154742 -0.467131   1.40088
0.931563 0.159782 0.224722  1.67999
0.928495 0.158906 0.215742  1.67595
0.929031 0.157827 0.220612  1.67727
0.929694  0.15857 0.219796  1.67767
0.927363 0.173217 0.222571  1.67356
0.928291 0.158279  0.21805  1.67603
0.926525 0.165414 0.225196  1.67346
0.927212 0.160069 0.221257  1.67479
0.927329 0.185067 0.232293  1.67543
 0.92918 0.168988 0.214141  1.67742
0.930177 0.157955 0.222696  1.67889
0.930144 0.157915 0.222648  1.67884
0.929053 0.157999 0.220367  1.67735
0.927044 0.158908 0.218626  1.67471
 0.753835  0.153916 -0.462567   1.39301
 0.753475  0.154301 -0.463866   1.39301
0.928226 0.162713 0.214036  1.67594
0.927388 0.166977 0.225584  1.67503
0.928611  0.16673 0.219014  1.67698
0.928816 0.175147 0.220637  1.67713
0.758095  0.15599 -0.46877  1.40421
 0.757465   0.15612 -0.469145   1.40321
