0.874995 0.341721 0.162218   1.5906
0.878231 0.327756 0.187046  1.59748
0.865695 0.342606 0.174273  1.57334
 0.86839 0.333758 0.186564  1.57874
0.859545 0.342225 0.186797  1.56378
0.864032 0.335944 0.181246  1.56854
0.872638 0.330638 0.183161  1.58506
0.872726 0.333572 0.170915  1.58406
 0.760789  0.155805 -0.459028   1.40426
 0.760788  0.155712 -0.459039   1.40425
 0.790222  0.131225 -0.401701   1.43411
 0.784699  0.131998 -0.409091   1.42582
  0.78784  0.134879 -0.408538    1.4329
 0.785533  0.118167 -0.407875   1.42487
 0.781021  0.123071 -0.416392   1.42014
 0.784386  0.122676 -0.413954   1.42614
 0.796916  0.120363 -0.387868   1.44043
0.792477  0.11243 -0.39441  1.43256
 0.804765  0.101382 -0.368621   1.44673
 0.797939  0.115474 -0.391833   1.44385
 0.786097  0.127008 -0.412569   1.42987
 0.789428  0.119728 -0.406127   1.43274
  0.79295  0.127745 -0.403036   1.44021
  0.78979   0.12313 -0.403927   1.43296
  0.973563    0.12382 -0.0538233    1.75324
  0.973587   0.125689 -0.0474153    1.75322
  0.972515   0.128346 -0.0505399    1.75082
  0.972954   0.124108 -0.0490181    1.75148
  0.973628   0.127351 -0.0410884    1.75327
  0.973618    0.12873 -0.0351215    1.75324
  0.972629    0.13136 -0.0382014    1.75091
  0.973041   0.126905 -0.0372383    1.75158
  0.971209   0.137853 -0.0468998    1.74824
  0.971779   0.137387 -0.0406643    1.74923
  0.973003   0.125415 -0.0432103    1.75152
   0.97235   0.129114 -0.0404957    1.74997
  0.972377   0.128735 -0.0452598    1.75021
  0.972668   0.129477 -0.0442518    1.75104
0.922658  0.16612 0.281422  1.66995
  0.76136  0.153977 -0.455502   1.40324
 0.76082 0.155023 -0.45935  1.40432
0.760784 0.155903 -0.45925  1.40423
  0.76086  0.155902 -0.459428   1.40434
 0.761012  0.155719 -0.459422    1.4046
 0.761143  0.155037 -0.457999   1.40407
 0.763953  0.156491 -0.457821   1.40954
 0.762377  0.153816 -0.454097   1.40451
 0.761878  0.152974 -0.453153   1.40308
 0.763144  0.153255 -0.454328   1.40606
 0.765843   0.15474 -0.458667   1.41308
 0.767906  0.151498 -0.454045   1.41464
 0.779551  0.138932 -0.422212   1.42239
 0.775572  0.140134 -0.431249    1.4184
 0.778242  0.142726 -0.430963   1.42447
 0.760807  0.155946 -0.459047   1.40434
  0.76071  0.155974 -0.459004   1.40412
 0.760617    0.1559 -0.458725   1.40351
 0.760717  0.156089 -0.459306    1.4043
 0.760703  0.156056 -0.459572   1.40439
0.760711 0.155891 -0.45979  1.40447
  0.76052  0.155806 -0.459862   1.40407
 0.760986  0.154281 -0.456046   1.40276
 0.760538  0.155496 -0.459931   1.40407
 0.760891  0.155274 -0.458302   1.40373
 0.760806  0.155485 -0.459033   1.40424
 0.760771  0.154885 -0.459513   1.40427
 0.760868  0.155462 -0.459194   1.40443
 0.800257  0.222042 -0.418663   1.47436
 0.799053   0.21715 -0.422341   1.47264
 0.804076  0.217847 -0.420585   1.48096
 0.801508  0.218963 -0.421445   1.47766
 0.796974  0.211914 -0.426852   1.46913
 0.793355  0.206592 -0.433846   1.46398
 0.800483  0.204962 -0.430695   1.47535
 0.797721  0.207553 -0.431961   1.47233
  0.80895  0.212817 -0.419743    1.4885
 0.808467  0.203554 -0.424724   1.48776
 0.818784   0.20389 -0.409505   1.50148
 0.812112  0.207736 -0.423404   1.49596
 0.799955  0.213801 -0.425679   1.47543
 0.804754  0.206926 -0.428949   1.48405
 0.805696  0.214559 -0.423365   1.48502
 0.803188  0.211705 -0.424196   1.47939
 0.728381  0.156379 -0.449956   1.33422
 0.729272  0.155023 -0.449864   1.33571
 0.726412   0.15639 -0.446189   1.32759
  0.72409  0.157182 -0.443741   1.32099
 0.724728  0.154851 -0.444396   1.32223
 0.72568 0.155764 -0.44449  1.32443
0.727579 0.152085 -0.44742  1.32985
 0.725331  0.152655 -0.444859   1.32331
 0.726108  0.150459 -0.445263   1.32472
 0.726923  0.151363 -0.445438   1.32668
 0.727484  0.155407 -0.446655   1.32986
 0.726193  0.153586 -0.445029   1.32538
 0.727935  0.153148 -0.447476   1.33085
 0.726806  0.154142 -0.446687   1.32821
 0.781081  0.144474 -0.421636    1.4265
 0.775801  0.149995 -0.430317    1.4205
 0.777676   0.14941 -0.419846   1.41912
  0.96905  0.138153 0.0589334   1.74546
0.968526 0.146514  0.06479  1.74451
  0.96903   0.14644 0.0580747   1.74499
 0.968865  0.147483 0.0620389   1.74546
 0.968236  0.152835 0.0535572   1.74188
 0.967563  0.157857 0.0612022   1.74211
 0.967421  0.159126 0.0699602   1.74245
 0.773204  0.150392 -0.435506   1.41751
 0.965914  0.161417 0.0914385   1.73821
 0.768869  0.154161 -0.447799   1.41456
   0.973176    0.134055 -0.00681322     1.75247
   0.972937    0.135007 -0.00104538     1.75202
   0.972398    0.137072 -0.00489294     1.75063
   0.972672    0.133218 -0.00471283     1.75108
  0.972706   0.136375 0.00517789    1.75168
 0.972474  0.137485 0.0115007   1.75138
  0.971735   0.141531 0.00708068    1.74948
  0.972102   0.135845 0.00659658    1.75011
   0.971508    0.140978 -0.00268131     1.74828
    0.971357     0.139792 -0.000317695      1.74763
    0.97238    0.134549 0.000317992     1.75057
  0.971503   0.139358 0.00020719    1.74856
  0.972164   0.136689 -0.0033429     1.7499
   0.972171     0.13802 0.000313473     1.75016
 0.766024  0.156936 -0.458644    1.4139
 0.761337  0.153377 -0.453689   1.40227
 0.764401  0.157659 -0.458875    1.4109
 0.760533  0.156051 -0.459699   1.40407
 0.761242  0.154325 -0.453754    1.4023
 0.760588  0.156186 -0.459474   1.40412
 0.760663  0.156277 -0.459551   1.40412
 0.760644  0.155897 -0.458844   1.40386
0.913171 0.169173  0.23789  1.63846
 0.933855  0.157766 -0.237824   1.69023
  0.93474  0.165076 -0.228441   1.69176
 0.931437  0.168668 -0.237044   1.68687
 0.933298  0.159822 -0.235249   1.68907
 0.928305  0.194663 -0.239317   1.68677
 0.931402  0.168779 -0.230321   1.68567
 0.932267   0.17189 -0.229453   1.68813
 0.963656   0.15403 0.0855846   1.73967
 0.967555  0.153264 0.0842277    1.7454
 0.966039  0.153733 0.0873677   1.74142
 0.965576  0.153368 0.0859099   1.74107
  0.96966  0.145964 0.0913304   1.74742
 0.970461  0.140029 0.0916381   1.74789
 0.967393  0.157613 0.0924115   1.74306
0.966912 0.154791 0.087726  1.74198
 0.968227  0.153918 0.0873797     1.745
 0.967191  0.138406 0.0778006   1.74365
 0.966384  0.137534 0.0827082   1.74237
 0.967115  0.146162 0.0836306   1.74299
 0.966547  0.137626 0.0787503   1.74208
 0.964506  0.138425 0.0887356   1.73891
 0.961956  0.144635 0.0911752   1.73452
 0.965667  0.149686 0.0900685   1.74049
 0.964225   0.14275 0.0872211   1.73875
 0.966876   0.15852 0.0903829   1.74227
 0.967075  0.156954 0.0925431   1.74252
  0.96562   0.13768 0.0833705   1.74061
 0.966279  0.149297 0.0875131   1.74139
 0.966804  0.146883 0.0841103     1.742
 0.966393  0.146799 0.0881353   1.74177
 0.967632  0.157817 0.0745473   1.74301
  0.96796  0.155839 0.0769879   1.74358
 0.968509   0.14675 0.0670487   1.74496
 0.969065  0.138947 0.0630423   1.74608
 0.968477  0.139247 0.0672648   1.74517
 0.968511  0.138771 0.0638616   1.74474
 0.968049  0.146307 0.0748831   1.74444
  0.9681 0.139416 0.070784  1.74476
 0.967653  0.138903 0.0736554   1.74417
0.967693 0.138964 0.071447  1.74377
 0.968273  0.146256 0.0684679   1.74424
 0.968036  0.139322 0.0677223   1.74414
 0.967963  0.146519 0.0713812   1.74376
 0.968259   0.14621 0.0708305   1.74461
 0.969228  0.153796 0.0499336   1.74483
 0.969372  0.151645 0.0523973   1.74483
 0.970317  0.144919 0.0438802   1.74753
 0.971136  0.138768 0.0401746    1.7494
 0.970771  0.138232 0.0456833   1.74876
 0.970517  0.137743 0.0418349   1.74777
  0.96953   0.14679 0.0563322   1.74636
 0.970363  0.138273 0.0518682   1.74816
 0.969747  0.138498 0.0577984   1.74717
 0.969623  0.137713 0.0531527   1.74629
0.970041 0.144233 0.045551  1.74667
 0.970087  0.137684 0.0469046   1.74702
 0.969368  0.145723 0.0494645   1.74533
 0.970056   0.14448 0.0491273   1.74705
 0.968093  0.165351 0.0583661   1.74236
  0.971296   0.116693 -0.0856679    1.74888
  0.970465    0.12474 -0.0793594    1.74697
  0.969419   0.123773 -0.0910693    1.74534
  0.970362   0.123763 -0.0897366     1.7476
  0.969245   0.138811 -0.0737463    1.74496
  0.966535   0.132982 -0.0992563    1.73996
  0.967558   0.133359 -0.0979487    1.74247
  0.969055   0.140227 -0.0844332    1.74572
 0.733551  0.265912 -0.383118   1.33652
   0.7317  0.257862 -0.389295   1.33316
 0.740621  0.257468 -0.383656   1.34885
 0.737264  0.261479 -0.387983   1.34523
 0.730271  0.249977 -0.394862   1.33054
 0.729211  0.242407 -0.399834   1.32859
 0.737388  0.242605 -0.394802   1.34322
 0.734155  0.245702 -0.398861   1.33933
 0.745761  0.253014 -0.388538   1.36165
 0.746536  0.247436 -0.390244   1.36236
 0.735566  0.253471 -0.393736   1.34205
 0.740833  0.246405 -0.393218   1.35079
 0.743162  0.253788 -0.387703   1.35503
 0.738594  0.249711 -0.389816   1.34525
 0.948584  0.156415 -0.183546   1.71364
  0.95148  0.159398 -0.174904   1.71955
 0.950564   0.14132 -0.188451   1.71669
 0.951239  0.135148 -0.196282   1.71883
 0.954388   0.13231 -0.186792   1.72414
 0.951242   0.13815 -0.188639   1.71766
 0.956453  0.137427 -0.167856   1.72649
 0.957726  0.129105 -0.176018   1.72974
 0.960477  0.124887 -0.164383   1.73371
  0.95746  0.132242 -0.165932    1.7276
  0.95148  0.146412 -0.179604   1.71795
 0.954259   0.13525 -0.177792   1.72243
 0.954607  0.143994 -0.167823   1.72297
0.953419 0.140014 -0.17931  1.72162
 0.753841  0.223392 -0.419723   1.38663
 0.724282  0.180019 -0.435254   1.32128
 0.726223  0.178147 -0.436923   1.32639
 0.726952  0.181341 -0.434935   1.32741
  0.72515  0.179633 -0.435411   1.32356
 0.728941  0.177402 -0.441363   1.33491
 0.730788  0.183497 -0.437455    1.3378
 0.727877  0.181297 -0.437947   1.33149
 0.727855  0.179527 -0.438315   1.33124
 0.727149  0.165433 -0.446652   1.33165
0.727816   0.1639 -0.44667  1.33269
0.725146  0.16587 -0.44249  1.32474
 0.722778  0.167198 -0.440312   1.31833
0.723005 0.164534 -0.44138  1.31888
 0.724299  0.165579 -0.441349   1.32174
 0.725552   0.16094 -0.444592   1.32579
 0.723293  0.162052 -0.442255   1.31947
 0.723589  0.159528 -0.443128   1.32008
 0.72477  0.16055 -0.44315  1.32273
 0.726216  0.164634 -0.443231   1.32711
 0.724458  0.163057 -0.442276   1.32208
0.726225 0.162082 -0.44451  1.32738
 0.725159  0.163291 -0.443429   1.32475
 0.731234  0.148545 -0.451463   1.33938
 0.732323  0.147322 -0.451272   1.34126
 0.729293  0.148144 -0.448111   1.33302
 0.727017  0.148458 -0.445434   1.32631
 0.727993  0.146411 -0.445697   1.32808
 0.728654  0.147235 -0.445922   1.32974
 0.731119   0.14445 -0.448554   1.33633
 0.728976  0.144545 -0.445759    1.3298
 0.730072  0.142723 -0.445793   1.33174
0.730581 0.143476 -0.44607   1.3331
 0.730373  0.147399 -0.448325   1.33523
 0.729524  0.145352 -0.446052   1.33126
 0.73121 0.145418 -0.44873  1.33683
 0.730038  0.146209 -0.448202   1.33421
 0.772516  0.152598 -0.444959   1.42064
0.918226 0.177312 0.235364  1.63914
0.936892 0.151194 0.160166    1.682
0.909713 0.155019 0.226763  1.63705
0.907001 0.145767  0.22575  1.63976
0.911667 0.147138 0.229206  1.64506
0.918743 0.159458 0.264324  1.66065
0.927211 0.160701 0.298011  1.67754
0.925796 0.166715 0.288923  1.67618
0.879315 0.253526 0.285488  1.60016
0.881834 0.240171 0.296661  1.60573
0.872344 0.250854  0.29092   1.5876
 0.87376 0.243153 0.296827  1.59077
0.866651 0.245363 0.294839  1.57778
0.870773 0.245841 0.293471  1.58376
0.877277 0.243301 0.294811  1.59599
 0.87732 0.247521 0.288553  1.59526
0.928619 0.163581  0.29154  1.68059
0.930527 0.140292 0.290071  1.68529
0.932534 0.103553 0.264394  1.68536
  0.901147 -0.0167877   0.349522    1.64554
0.915736 0.014326 0.334926  1.66688
   0.92901 -0.0246068   0.309423    1.69068
   0.913951 -0.00251385    0.318291     1.65748
  0.92304 0.0416034   0.32169   1.67794
 0.925574 0.0557972   0.30173   1.67714
 0.934658 0.0459585   0.29583   1.69668
 0.926478 0.0516107  0.300823   1.67886
     0.9442 -0.00263184    0.269097     1.71122
0.940851 0.027693 0.270269   1.7029
 0.951899 0.0243906  0.242605   1.72199
 0.946367 0.0162418   0.24647    1.7093
 0.922487 0.0274798  0.306434   1.67096
 0.935845 0.0302637  0.274117   1.69193
    0.93491 -0.00243658    0.275639      1.6905
0.932127 0.013878 0.300143  1.69169
0.901379 0.149336 0.243988  1.61918
0.896573 0.161784 0.250287  1.60208
 0.90512 0.142033 0.234852  1.63569
0.909723   0.1576 0.202321   1.6387
0.922035 0.186088 0.202772  1.66332
0.928606  0.20292 0.214412  1.67562
0.930123 0.187821 0.215679  1.68377
0.918581 0.158317 0.267937  1.66099
0.930691 0.196996 0.233049  1.68304
0.911569 0.144294  0.23704  1.64554
0.924867  0.18729 0.232861  1.65623
  0.875654 0.00346676  0.0342667    1.60052
0.929392 0.190567 0.223422  1.66759
0.923968 0.124531 0.291441  1.67326
0.930016  0.16711 0.285341  1.68392
 0.92551 0.136592 0.300865  1.67766
0.927132 0.149909 0.302224  1.67906
0.927323 0.158381 0.303136  1.67878
0.925172 0.175234 0.201546   1.6745
0.921011 0.162169 0.285966  1.66669
0.914504 0.161233 0.197612  1.64983
0.905648 0.149923 0.235291  1.63031
0.906425 0.163365 0.247682  1.61687
 0.780485  0.118719 -0.420346   1.42042
 0.779542  0.112127 -0.417407   1.41585
 0.784714  0.114032 -0.412151   1.42465
  0.78202   0.11472 -0.413883   1.41977
 0.777285   0.10577 -0.417388   1.40995
 0.772083  0.102259 -0.418441   1.39859
 0.778355 0.0989888  -0.41117   1.40797
0.777106 0.102725 -0.41503  1.40773
 0.790788  0.106803 -0.401457   1.43148
 0.786576 0.0958472 -0.400826   1.42035
 0.797533 0.0931657 -0.384785   1.43664
  0.79293  0.099833 -0.391856   1.43052
 0.780468  0.108529 -0.413156   1.41504
 0.784101  0.100579 -0.405854   1.41801
 0.786502  0.108892 -0.404403   1.42382
 0.783639   0.10485 -0.410153   1.41991
 0.773505  0.144182 -0.444355   1.42109
 0.763482  0.159272 -0.457568   1.40882
 0.751362  0.123781 -0.445117   1.37282
 0.753455  0.122149 -0.444559   1.37664
 0.748867  0.121715 -0.443691   1.36632
 0.746025  0.121048 -0.441272   1.35855
 0.748022  0.118986 -0.440216   1.36181
   0.7482  0.120097 -0.441036   1.36284
 0.753222  0.117959 -0.441053   1.37335
  0.75008  0.116958 -0.438833   1.36503
 0.752468  0.114784 -0.437036    1.3687
 0.752571  0.116162 -0.438229   1.36982
0.750222 0.121625 -0.44308  1.36879
 0.750215   0.11817 -0.439816   1.36607
 0.752551  0.119598 -0.441823   1.37265
 0.750831  0.119784 -0.442333   1.36934
 0.767837   0.15829 -0.448248   1.41351
 0.736426  0.207698 -0.423954   1.34795
 0.741416  0.217165 -0.416532   1.35681
 0.731867  0.209954 -0.418712   1.33552
 0.734164    0.2149 -0.414832   1.33937
 0.728706  0.214356 -0.417835   1.32913
 0.730526  0.212341 -0.416153   1.33184
 0.735676  0.214084 -0.418444   1.34496
 0.73487 0.211313 -0.41937  1.34304
 0.827316  0.227869 -0.401359   1.52156
 0.832108  0.226575 -0.396454   1.52931
 0.826429  0.230232 -0.397109   1.51976
  0.82794  0.227971 -0.398238   1.52143
 0.837227  0.225249 -0.391189   1.53771
  0.84271  0.223392 -0.385372   1.54661
 0.836403  0.228299 -0.386521    1.5361
 0.837995   0.22539 -0.387489    1.5377
 0.825907  0.234314 -0.390736   1.51819
 0.830494  0.236418 -0.386719   1.52704
 0.832734  0.226726 -0.393167   1.52915
 0.833433  0.230776 -0.387564   1.53068
0.828076 0.231726 -0.39351  1.52213
  0.83131  0.229096 -0.392119   1.52761
  0.74346  0.131218 -0.449798   1.36034
 0.740443  0.134703 -0.449927   1.35478
 0.741692  0.129924 -0.447034   1.35466
 0.739968  0.131888 -0.447257   1.35152
 0.740009  0.129293 -0.444607   1.34927
 0.740421  0.130488 -0.446809   1.35194
 0.740587  0.133141 -0.448992   1.35422
 0.742492  0.131595 -0.448706   1.35774
 0.843474  0.223599 -0.381314   1.54649
 0.844881  0.228633 -0.374322   1.54936
 0.838168  0.230139 -0.382264   1.53861
 0.841973   0.22668 -0.380401   1.54501
 0.846273   0.23648 -0.365703    1.5525
 0.832884  0.237259 -0.381042   1.53007
 0.835849  0.233572 -0.380056   1.53458
 0.842277  0.236449 -0.374311   1.54714
0.871347  0.23238 -0.33415  1.59511
 0.856199  0.233624 -0.353678    1.5691
  0.86935  0.220191 -0.343352   1.58908
  0.86174  0.223246 -0.353905    1.5771
 0.867253  0.213176 -0.352751   1.58482
  0.86564  0.217301 -0.351633   1.58317
 0.859419  0.228162 -0.352656   1.57396
 0.866344  0.232025 -0.345646   1.58793
 0.897116  0.188896 -0.314803   1.63314
 0.903271  0.184716 -0.305457   1.64336
0.897678 0.193773 -0.30549   1.6332
 0.898555   0.19043 -0.308569   1.63463
  0.9093 0.179367 -0.29508  1.65292
 0.914442   0.17364 -0.285138   1.66064
 0.909976  0.183419 -0.284223   1.65276
  0.91063   0.18084 -0.287713   1.65393
 0.895734   0.21147 -0.301923   1.63328
  0.90285  0.212963 -0.292683   1.64729
 0.904757  0.186224 -0.297886   1.64458
  0.90789   0.19386 -0.284962   1.65038
 0.900171  0.198142 -0.297801   1.63742
  0.90366  0.190656 -0.295921   1.64324
0.916322 0.195082 -0.26479  1.66529
 0.922618  0.197048 -0.254473    1.6778
0.918979 0.175272 -0.26728  1.66686
 0.919217  0.169363 -0.275923   1.66823
 0.924457  0.165504 -0.265894   1.67697
  0.91998  0.171558 -0.268834    1.6683
 0.929374  0.164927 -0.244049   1.68304
 0.929339  0.160536 -0.254859   1.68455
 0.933404   0.15542 -0.244681   1.69057
 0.930015  0.162632 -0.246909   1.68432
 0.920885  0.180426 -0.258282   1.66981
 0.925234  0.167728 -0.257331   1.67672
 0.927522  0.176236 -0.244429   1.68094
 0.924103  0.172492 -0.256748   1.67541
 0.934236  0.177151 -0.224314    1.6926
 0.939299  0.179646 -0.214003   1.70288
 0.936692  0.157687 -0.226903   1.69466
 0.937224  0.151529 -0.235422   1.69665
 0.941368  0.147946 -0.225473   1.70356
 0.937584  0.154233 -0.227935   1.69605
 0.944975  0.146789 -0.203622   1.70723
 0.945087  0.143163 -0.214742   1.70922
0.948272  0.13859 -0.20516  1.71406
 0.945414  0.145557 -0.206893   1.70856
 0.938155  0.163208 -0.217401   1.69686
 0.941768  0.150621 -0.216603   1.70279
 0.943557  0.159074 -0.203483   1.70594
 0.940787  0.155039 -0.216394   1.70148
 0.731252  0.190603 -0.434188   1.33864
 0.735103  0.198269 -0.428829   1.34544
 0.727906  0.192129 -0.429535   1.32888
 0.729517  0.196148 -0.426704   1.33152
 0.725512  0.195208 -0.428287   1.32344
 0.726789  0.194042 -0.427566   1.32583
0.730707 0.195506 -0.42997  1.33618
 0.730026  0.193358 -0.430612    1.3346
 0.732921  0.238324 -0.403484   1.33695
0.737147 0.232279 -0.40362  1.34442
 0.740043  0.238802 -0.398394   1.34947
 0.735354  0.235209 -0.400353   1.33964
0.742925 0.229274 -0.40868  1.35918
0.749041 0.241432 -0.39838  1.37006
 0.741855  0.237756 -0.401176   1.35523
 0.741226  0.233536 -0.402917   1.35356
 0.964062  0.125034 -0.120799   1.73547
 0.964765   0.12726 -0.119896   1.73738
 0.962592   0.12326 -0.139036   1.73433
 0.962813  0.120771 -0.153308   1.73697
 0.964911  0.117591 -0.143187   1.74014
 0.962873  0.124679 -0.144854   1.73623
 0.966501  0.116806 -0.121822   1.74086
 0.966453  0.114614 -0.134044   1.74224
 0.96769 0.112683 -0.12588  1.74397
 0.966733  0.118492 -0.128126   1.74256
 0.963797  0.128408 -0.131874   1.73692
 0.965018  0.121768 -0.135931   1.73981
 0.965893  0.126283 -0.123933   1.74076
 0.964846  0.120698 -0.130641   1.73839
 0.849221  0.236146 -0.341004    1.5505
 0.862145  0.242496 -0.327234   1.57621
 0.957993 0.0225531  0.203259   1.72642
 0.965299 0.0481353  0.187167   1.74189
 0.964987 0.0121064  0.190658   1.74213
 0.963491 0.0182769  0.189364    1.7374
 0.969176 0.0702372  0.118984   1.74245
 0.968209 0.0627673  0.156986   1.74444
   0.971556 -0.00823692     0.14266     1.75132
 0.975768 0.0351977  0.106386   1.75638
   0.977622 -0.00710041   0.0812376     1.76131
  0.975571 -0.0184803  0.0997378    1.75657
 0.967639 0.0352873  0.154155   1.74166
 0.972983 0.0304009  0.116857   1.75056
   0.969572 -0.00369199    0.143763     1.74562
 0.970222 0.0375334  0.145474   1.74714
  0.89315  0.194841 -0.317693   1.62633
 0.895326  0.200926 -0.307601   1.63027
 0.890576  0.206003 -0.315135   1.62351
 0.892773  0.196996 -0.312984   1.62529
 0.888981  0.227218 -0.313841   1.62692
 0.891853  0.206613 -0.306625   1.62465
 0.893059  0.207561 -0.306143   1.62754
 0.969142  0.115733 -0.120446   1.74723
 0.970344  0.115593 -0.110473   1.74897
 0.967611  0.120923 -0.116926   1.74349
 0.968514  0.113987 -0.113595   1.74459
 0.971479  0.116239 -0.101263   1.75085
  0.972254     0.1165 -0.0923545     1.7519
  0.969584   0.122939 -0.0984626    1.74644
  0.970552   0.115966 -0.0943676    1.74776
 0.965717  0.132315 -0.113952   1.73965
 0.966808  0.133742 -0.105242   1.74147
 0.969529  0.114946 -0.104142   1.74613
 0.968515  0.121045 -0.100891   1.74379
 0.967683  0.120463 -0.109013   1.74259
 0.968684  0.121003 -0.107646   1.74501
0.933018 0.150421  0.27404  1.68742
 0.967135  0.138548 0.0743338   1.74294
 0.967041  0.146505 0.0786107   1.74235
 0.967845  0.145961 0.0757543   1.74376
0.967504 0.145815 0.077975  1.74365
 0.967974  0.154847 0.0778055    1.7433
  0.96732  0.156952 0.0788468   1.74151
 0.967857  0.154343 0.0780793   1.74395
0.966761 0.159036 0.083865  1.74152
 0.967581  0.152015 0.0826889   1.74319
 0.832189  0.419783 0.0306162    1.5178
   0.84311   0.405757 0.00740582    1.53375
 0.848482   0.40122 0.0383738    1.5442
 0.840147  0.399909 0.0254627   1.52432
   0.857797    0.388942 -0.00956454     1.55933
 0.864339  0.388096 0.0458884   1.57385
 0.855037  0.388326 0.0361213   1.55226
  0.856245   0.385752 0.00796952    1.55391
0.930567 0.153297 0.294748  1.68456
 0.922791 0.0866882  0.301107   1.67236
0.922023 0.106103 0.287872  1.66779
0.919959 0.100593 0.307634  1.66912
 0.945682 0.0948086  0.226372   1.70635
 0.941357 0.0967738  0.233686   1.69796
0.900564 0.105402  0.34397  1.63845
 0.907422 0.0917144  0.335015   1.64945
0.898194 0.090747 0.355787  1.63741
0.902309 0.091763 0.341765  1.64017
 0.913049 0.0785736  0.325172   1.65751
 0.921078 0.0695785  0.304817   1.66845
 0.915434 0.0582648  0.327224   1.66285
 0.917291 0.0625506  0.320557   1.66464
0.893912 0.065586  0.36085  1.63035
 0.905872 0.0420647  0.342438   1.64768
0.887001 0.025366 0.360786  1.61819
 0.898631 0.0378247  0.355827   1.63726
0.909907 0.075478 0.333444  1.65303
  0.91109 0.0516589  0.341043    1.6579
 0.900671 0.0715438  0.352955   1.64011
  0.90625 0.0723613  0.345247   1.64977
0.864307 0.306873 0.231488  1.57237
0.869981 0.309874  0.22223  1.58159
0.871554  0.30138 0.231998  1.58496
0.868272 0.303554  0.22728  1.57704
0.877976 0.311065 0.212865  1.59615
0.879822 0.297183 0.233268  1.60083
0.875384 0.299583 0.229522  1.59073
 0.87592 0.303689  0.21899  1.59081
0.925593  0.17057 0.275935  1.67537
0.921296 0.116585 0.302791  1.66991
0.866269 0.128617 0.343831  1.57263
 0.87765 0.123226 0.355539  1.59794
0.864811  0.10675 0.354059  1.57054
0.871585 0.121539 0.352485  1.58731
0.887616 0.115613 0.356208  1.61643
0.896872 0.108362 0.344636  1.63055
 0.892485 0.0945933  0.357176   1.62534
 0.89254 0.109895 0.358435  1.62785
 0.867716 0.0745676  0.362089   1.57706
 0.886237 0.0708022  0.362505   1.61409
 0.877187 0.0325009  0.363064   1.59631
  0.87698 0.0652396  0.367243       1.6
0.882356 0.115139 0.361544  1.60989
 0.886323 0.0921973  0.364739    1.6174
 0.872469 0.0976796  0.362756   1.59073
0.879957 0.100099 0.361003  1.60232
 0.908994 0.0985532  0.332271   1.65218
0.905505 0.103499 0.331646  1.64428
 0.913835 0.0997462  0.313284   1.65637
 0.920245 0.0827355  0.313988   1.67048
 0.915156 0.0816753  0.318689   1.65988
 0.913182 0.0993012  0.323453    1.6588
 0.776822  0.114668 -0.420199    1.4118
0.774255  0.12091   -0.427  1.41084
 0.776716    0.1179 -0.421911   1.41297
 0.768698  0.116288 -0.430367   1.40006
 0.768121  0.122607 -0.436626   1.40318
 0.769389  0.119098 -0.431153   1.40236
 0.77492 0.109514 -0.42022  1.40685
 0.770232   0.11091 -0.425724   1.39991
 0.771469  0.105117 -0.421416   1.39923
 0.771902  0.107559 -0.423308   1.40171
 0.772864   0.11796 -0.429118   1.40853
 0.770153  0.113181 -0.427598   1.40119
 0.774518  0.112346 -0.422728   1.40782
 0.772907  0.114904 -0.425008   1.40596
 0.770133  0.149597 -0.453082   1.41865
 0.813163  0.227358 -0.415466    1.4978
 0.815823  0.228139 -0.412911   1.50248
 0.811285  0.228718 -0.413537    1.4946
  0.81289  0.227689 -0.414091   1.49659
 0.819033  0.228602 -0.409679   1.50792
0.822874 0.228536 -0.40583  1.51428
 0.817179  0.230676 -0.406804   1.50465
 0.819029  0.228807 -0.407425   1.50683
 0.808162  0.231273 -0.408507   1.48792
 0.811349  0.233222 -0.405061   1.49369
 0.815592  0.228401 -0.411067   1.50111
 0.814548  0.231052 -0.407772   1.49951
 0.811439  0.229681 -0.411465    1.4943
 0.813967   0.22972 -0.410564    1.4992
  0.81143  0.226185 -0.417095   1.49455
 0.809108  0.225245 -0.417711   1.49084
 0.811063  0.224324 -0.417703   1.49363
 0.810338  0.224851 -0.417419   1.49206
0.806599 0.223881 -0.41761  1.48603
 0.802785  0.224494 -0.417823   1.48001
 0.805951  0.220621 -0.420122   1.48538
  0.80541  0.222902 -0.417933    1.4837
 0.812073  0.221258 -0.416877   1.49465
 0.810063  0.217484 -0.419771   1.49206
 0.815588  0.215902 -0.412603   1.49882
 0.812639  0.216619 -0.416018    1.4943
  0.80813  0.223543 -0.417841   1.48846
 0.808249  0.219549 -0.418662   1.48814
  0.81058  0.221924 -0.417593   1.49196
 0.809021  0.222246 -0.418691   1.49044
0.930436 0.156647 0.289101  1.68302
  0.978864 -0.0807253  0.0675427    1.77024
 0.961602 -0.113824  0.152034     1.742
  0.968267 -0.0582789   0.140774    1.74638
  0.967452 -0.0699741   0.144913    1.75007
 0.930085 -0.101358  0.253362   1.68786
  0.893569 -0.0440072   0.324028    1.62045
  0.932125 -0.0477743   0.271288    1.68709
  0.922304 -0.0741436   0.315712    1.68763
  0.961258 -0.0222739   0.192373    1.73421
  0.948926 -0.0224474   0.229121    1.71171
  0.955212 0.00608059   0.204798    1.71981
  0.954986 -0.0102708   0.224791    1.72526
  0.947455 -0.0936367   0.238375    1.72562
  0.944942 -0.0474577   0.261971    1.71551
 0.960829 -0.038632  0.205212   1.73906
  0.952233 -0.0679835   0.211482    1.72172
0.868559 0.212274 0.317654   1.5817
0.874469  0.21963 0.316718  1.59246
0.876899 0.211142 0.320999  1.59759
 0.87321 0.214567  0.31837  1.58926
0.881278 0.223042 0.311034  1.60421
 0.88628 0.206792 0.318324    1.614
0.880128 0.211151 0.318095  1.60142
 0.87958 0.216075 0.313088  1.59961
0.869521 0.142052 0.335338  1.57864
0.872341 0.150303 0.330763  1.58445
0.878551 0.151159 0.343807  1.59951
0.874232  0.14792 0.333731  1.58956
0.872823 0.158395 0.329311  1.58602
0.871856 0.167072 0.328732  1.58478
0.878877  0.16903 0.337428  1.60024
0.874344 0.165232  0.32959  1.59053
0.884523 0.156155 0.343796  1.61046
0.884726 0.164577 0.338644  1.61013
0.891354 0.153911  0.33604    1.621
  0.8862   0.1587 0.342767  1.61403
 0.87488 0.156612 0.330586  1.59096
 0.88081 0.165528 0.340013  1.60491
0.880889 0.156261 0.343358  1.60523
0.879102 0.160365 0.340025  1.60068
 0.760718   0.15571 -0.458806   1.40396
 0.760745  0.155625 -0.458737   1.40395
 0.760843  0.155783 -0.459261   1.40431
 0.760826  0.154999 -0.459808   1.40452
 0.760798  0.155151 -0.459927   1.40455
 0.760847  0.154954 -0.459644   1.40449
 0.760735  0.155652 -0.459935   1.40453
  0.76071  0.154872 -0.459678   1.40421
 0.766144  0.156428 -0.455417   1.41261
0.760646 0.154985 -0.45982  1.40415
 0.743904  0.129996 -0.448969   1.36055
 0.745452  0.128676 -0.448628   1.36335
 0.742013  0.128769 -0.446701   1.35492
 0.739879  0.128401 -0.444072   1.34853
 0.741238  0.126594 -0.443709   1.35085
 0.741487   0.12748 -0.444205   1.35182
  0.74494  0.125354 -0.445665   1.35984
 0.742634  0.124843 -0.443096   1.35312
  0.74421  0.122959 -0.442332   1.35567
 0.744413  0.123988 -0.443007   1.35666
 0.743047   0.12844 -0.446496    1.3569
 0.742832  0.125791 -0.443694   1.35405
 0.744575  0.126596 -0.446093   1.35955
 0.743303  0.127035 -0.446075   1.35694
 0.760767  0.155382 -0.459975   1.40455
 0.761254  0.154062 -0.457781   1.40402
 0.764101  0.155305 -0.457717   1.40955
 0.765237  0.154463 -0.458806   1.41213
 0.76751 0.153437 -0.45902  1.41644
 0.765922   0.12137 -0.437956   1.39903
  0.76194  0.117267 -0.436015   1.38893
 0.766033  0.115332 -0.431947   1.39508
 0.764857  0.118001 -0.434042   1.39415
 0.759434  0.114072 -0.435804    1.3829
 0.755388  0.112572 -0.434591   1.37316
  0.75878  0.110245 -0.431755   1.37843
 0.758679  0.111881 -0.433407   1.37938
0.767241 0.109804   -0.428  1.39457
 0.762509  0.107906 -0.428173   1.38406
  0.76694   0.10525 -0.423831   1.39081
 0.766609  0.107536 -0.426265   1.39173
 0.761574  0.114869 -0.434038   1.38658
 0.762289  0.109816 -0.430227   1.38499
 0.765757   0.11293 -0.430189   1.39306
 0.763013  0.112052 -0.432185   1.38818
 0.760229  0.154895 -0.459571   1.40315
 0.762006  0.151231 -0.453032     1.403
 0.771107  0.146628 -0.445552   1.41677
 0.774582  0.123806 -0.427284   1.41195
 0.772764  0.131897 -0.434495   1.41289
0.768498 0.124577 -0.43619  1.40372
 0.773099  0.128239 -0.433847   1.41288
  0.76297  0.129327 -0.446075   1.39783
 0.776765  0.135882 -0.432883   1.42129
 0.779236  0.127045 -0.425423   1.42152
 0.782562  0.136267 -0.422409    1.4286
 0.778768  0.130952 -0.423284    1.4199
 0.765949  0.150754 -0.459586   1.41295
 0.760744  0.156037 -0.459083   1.40425
 0.760641  0.156158 -0.459226   1.40411
 0.760907   0.15501 -0.456103   1.40277
 0.760767  0.156174 -0.459485   1.40424
 0.762898  0.156946 -0.457419   1.40741
 0.760995  0.155768 -0.454646   1.40239
 0.761018    0.1544 -0.458017   1.40368
 0.735498  0.151119 -0.457204    1.3522
 0.760586  0.155205 -0.459911   1.40411
 0.765322  0.158955 -0.455766   1.41162
 0.760978  0.155345 -0.459408   1.40444
 0.762211  0.154816 -0.454198   1.40443
 0.760857  0.155538 -0.459237   1.40427
 0.757516  0.159711 -0.442664   1.39089
 0.760743  0.155368 -0.458719   1.40389
 0.760331  0.155493 -0.459934   1.40362
  0.76079  0.155392 -0.458851    1.4041
  0.76113  0.155092 -0.459482   1.40473
 0.760719  0.154912 -0.458925   1.40388
  0.76086  0.155023 -0.459463   1.40445
 0.760477  0.154649 -0.459172   1.40345
 0.760858  0.155191 -0.459303   1.40441
 0.760754   0.15513 -0.458821   1.40395
 0.760851  0.155241 -0.459242   1.40438
 0.786615    0.1408 -0.409442   1.43178
 0.792362  0.139923 -0.400957   1.44002
 0.787072  0.149109 -0.403148   1.43128
 0.788251   0.14144 -0.402895   1.43225
 0.801229  0.136754 -0.386253   1.45219
 0.816955  0.138857 -0.364838   1.47884
 0.798914  0.153745 -0.379851   1.44782
 0.803077  0.140923 -0.375854   1.45308
 0.785881  0.155433 -0.397865   1.42767
0.790029 0.160481  -0.3901  1.43416
 0.783586    0.1659 -0.398529   1.42489
  0.78638  0.158957 -0.395252   1.42844
0.794028 0.139287 -0.39031  1.43862
 0.793374  0.152491 -0.386784   1.43866
 0.787848  0.149206 -0.396082    1.4298
  0.79263  0.148872 -0.391472   1.43799
 0.783559  0.144024 -0.408375   1.42514
0.783406 0.148212 -0.40892  1.42602
  0.78164  0.155561 -0.400353    1.4197
 0.779916  0.161891 -0.404184   1.41915
 0.777858  0.152727 -0.418026   1.41956
 0.780076  0.155284 -0.409355    1.4205
 0.735307  0.141622 -0.451494   1.34641
 0.736555  0.140183 -0.451188   1.34853
 0.733361  0.141046 -0.448526    1.3403
 0.731175  0.141057 -0.445653   1.33362
 0.732356  0.139326 -0.445649   1.33575
 0.732805  0.139997 -0.445932   1.33697
 0.735316  0.137602 -0.448422   1.34361
 0.733391  0.137771 -0.445561   1.33756
  0.73437  0.136187 -0.445503   1.33926
  0.73482  0.136809 -0.445758   1.34046
 0.734433  0.140435 -0.448596   1.34244
 0.733798    0.1384 -0.445859    1.3387
  0.73546  0.138469 -0.448708   1.34427
0.734271 0.139291 -0.44831   1.3417
  0.72904  0.157583 -0.450203     1.336
 0.728806  0.162152 -0.448113   1.33523
 0.726809  0.157486 -0.446208   1.32866
 0.726532  0.159908 -0.445132   1.32791
  0.72507   0.15817 -0.443866   1.32329
 0.725683  0.158555 -0.445223   1.32591
   0.7273  0.160384 -0.447947    1.3316
 0.727999  0.158997 -0.447999   1.33276
0.762832 0.160598 -0.45238  1.40564
 0.768579  0.155353 -0.453809   1.41671
 0.761476  0.152625 -0.455159   1.40311
0.748117 0.131587  -0.4513  1.37097
 0.751966  0.128943 -0.450424   1.37806
 0.760313  0.155852 -0.460021   1.40368
 0.763329  0.151252 -0.455381   1.40652
 0.760334  0.156129 -0.459944   1.40375
 0.765005  0.158682 -0.451518    1.4093
 0.761513  0.155114 -0.454417   1.40321
 0.760407  0.156286 -0.459741   1.40384
  0.76077  0.154542 -0.454489   1.40171
 0.760597  0.155179 -0.456754   1.40247
 0.760161  0.155733 -0.457512   1.40205
 0.760128  0.155972 -0.459948   1.40328
 0.760812  0.155763 -0.458357    1.4037
 0.760578  0.156271 -0.459325     1.404
 0.760688  0.156092 -0.459303    1.4041
 0.760437    0.1552 -0.454644   1.40124
 0.760644  0.156181 -0.459245   1.40404
 0.760317  0.156261 -0.459153    1.4032
 0.760659  0.156066 -0.459027   1.40404
 0.760512  0.156255 -0.459311   1.40382
 0.962053  0.153116 0.0757548   1.73568
 0.968558  0.147845 0.0387931   1.74975
 0.968351  0.149335 0.0677936   1.74594
 0.965843  0.159781 0.0689993   1.74569
  0.979233   0.109154 0.00191203    1.77195
   0.982647   0.0373314 -0.00461399     1.77663
0.978605 0.100342 0.045993  1.76408
 0.978916 0.0651016 0.0411889   1.76589
 0.971654  0.137446 0.0725624    1.7502
  0.97454  0.118981 0.0662657   1.75463
 0.971629  0.137874 0.0868613   1.75026
 0.972534  0.126792 0.0815035   1.75139
 0.971426  0.135033 0.0435513   1.75518
 0.974776  0.111131 0.0624296   1.75561
 0.970663  0.141472 0.0712816   1.75019
 0.973362  0.130542 0.0460238    1.7546
 0.866698  0.374446 0.0919249   1.57599
0.874411 0.359073  0.12535  1.59102
0.856326 0.379035 0.107913  1.55695
0.861548  0.36849 0.125332  1.56664
0.849919 0.381466 0.125212  1.54739
0.855063 0.370854  0.11879  1.55196
0.865877  0.36364 0.120852  1.57277
0.864865  0.36565 0.104638  1.56942
  0.809375   0.426758 -0.0964268     1.4778
 0.818594  0.407228 -0.115627   1.48985
  0.830897   0.406701 -0.0867851    1.51301
  0.817516   0.406466 -0.0974567    1.48425
 0.832258  0.386372 -0.132454   1.51379
 0.854288  0.384889 -0.081012   1.55562
  0.835511   0.394191 -0.0918116    1.51826
 0.829874  0.386863 -0.109739   1.50465
  0.873597   0.351346 -0.0734018    1.58386
 0.970792  0.138149 0.0362714   1.74817
 0.970202  0.144598 0.0412522   1.74688
0.970397 0.144759 0.033621  1.74692
 0.970458  0.146015 0.0380187   1.74774
 0.969225  0.148816 0.0268309   1.74306
 0.968841  0.154803 0.0356407   1.74363
 0.968905  0.155643 0.0449519   1.74418
 0.962689  0.143747 -0.103194   1.73223
  0.965436   0.159649 -0.0799455    1.73883
 0.970275  0.149447 0.0233995   1.74618
  0.97035  0.147524 0.0257883     1.746
 0.971394  0.142652 0.0197017   1.74905
 0.972206  0.137928 0.0175024   1.75093
 0.971875  0.138113 0.0230987   1.75031
 0.971672   0.13718 0.0189711   1.74951
 0.970802  0.145336 0.0317507    1.7481
 0.971662  0.138796 0.0289479   1.75009
 0.971417  0.139033 0.0346924   1.74981
 0.971054  0.138255 0.0301421   1.74852
 0.971162  0.142295 0.0209485   1.74832
0.971324 0.137964 0.023919  1.74893
 0.970545  0.144167 0.0247153   1.74706
 0.971182  0.142754 0.0247131   1.74861
 0.971886  0.136675 0.0132115   1.74981
 0.971259  0.141965 0.0166183   1.74843
  0.971341   0.141064 0.00901216    1.74833
 0.971483  0.143031 0.0137483    1.7492
   0.970023      0.1427 9.14617e-05     1.74442
 0.969794  0.150184 0.0100519   1.74508
 0.969949   0.15112 0.0186801   1.74562
  0.97283  0.131928 -0.010307   1.75129
   0.972274    0.135552 -0.00761293     1.75002
  0.972356   0.133029 -0.0144554    1.74987
  0.972482   0.136195 -0.0108354    1.75072
  0.971652     0.1404 -0.0146147    1.74822
   0.97123   0.137745 -0.0150935    1.74737
   0.97129   0.141421 -0.0075683    1.74789
  0.96603  0.163091 0.0641785   1.73698
  0.971501   0.143895 -0.0223639    1.74877
  0.972073   0.142185 -0.0174394    1.74975
  0.972716   0.133428 -0.0264174    1.75111
  0.973602    0.12985 -0.0293641    1.75319
  0.973608   0.130317 -0.0237235    1.75316
  0.973097   0.129055 -0.0257641    1.75172
  0.972681   0.133175 -0.0163764    1.75079
  0.973505   0.130947 -0.0181458     1.7529
  0.973365   0.132608 -0.0125108    1.75275
 0.972978  0.130317 -0.015992   1.75146
  0.972598   0.132601 -0.0221248    1.75053
  0.973109   0.129359 -0.0207112    1.75171
  0.972595   0.132013 -0.0182696    1.75037
  0.972808   0.132954 -0.0210606    1.75116
  0.973048   0.128253 -0.0314457    1.75161
 0.972449  0.133035 -0.027355   1.75032
  0.972382   0.131432 -0.0340722    1.75008
  0.972609   0.133002 -0.0325151    1.75094
  0.971145   0.135771 -0.0370749    1.74711
  0.970999   0.138113 -0.0355743    1.74722
  0.971074   0.143038 -0.0286429    1.74781
  0.972864   0.122442 -0.0551477    1.75134
    0.9722   0.128404 -0.0509201    1.74998
  0.971944   0.125857 -0.0575699    1.74929
  0.972321   0.126445 -0.0570893    1.75042
  0.970678   0.137535 -0.0583291    1.74713
  0.970765   0.127649 -0.0576956     1.7464
  0.97083  0.134696 -0.053107   1.74722
 0.967099  0.161143 0.0355891   1.73834
  0.969734   0.131955 -0.0750572    1.74533
  0.970555   0.137219 -0.0668485    1.74743
  0.971185    0.12376 -0.0792769    1.74865
   0.97295   0.117353 -0.0836807    1.75294
  0.973392    0.11787 -0.0752159    1.75342
  0.972017   0.117903 -0.0764698    1.75004
  0.972046   0.123753 -0.0632713    1.74968
 0.973543  0.119282 -0.067401    1.7534
   0.97359   0.121582 -0.0603538    1.75338
  0.972718   0.120258 -0.0617221    1.75106
   0.97112   0.125557 -0.0714929    1.74803
  0.972475   0.118729 -0.0686536    1.75071
 0.971743  0.126018 -0.062673   1.74908
  0.971709   0.124195 -0.0713461    1.74944
 0.961558  0.202944 0.0235475    1.7308
 0.962823  0.159192 -0.130322   1.73973
 0.953414  0.159045 -0.162123   1.72187
  0.96169  0.139212 -0.139938   1.73473
 0.957376  0.142464 -0.157162   1.72762
 0.960315  0.128349 -0.154949   1.73211
 0.959379  0.132281 -0.155453   1.73059
 0.955745   0.14803 -0.160491   1.72541
 0.959374  0.157434 -0.151128   1.73424
 0.961038   0.17815 0.0785154   1.72676
 0.948414  0.141262 -0.198167   1.71326
 0.949078  0.147636 -0.189311   1.71426
 0.946536  0.150452 -0.196879   1.71018
 0.948056  0.142689 -0.195754   1.71233
 0.943972  0.177565 -0.198334   1.71025
   0.9467  0.149058 -0.188483   1.70882
 0.947341  0.151591 -0.187887   1.71068
  0.969889   0.152173 -0.0384208    1.74572
 0.788814  0.393907 -0.209347   1.43933
  0.79727  0.374261 -0.219846   1.45053
 0.807544  0.380636 -0.197069   1.46978
 0.795766  0.377412 -0.205887   1.44462
 0.809522  0.358075 -0.231915   1.47462
 0.827919   0.36775 -0.191203   1.50873
 0.811907  0.371158 -0.201227   1.47678
 0.807016  0.362934 -0.212659   1.46535
 0.881346  0.356391 -0.010148   1.59752
 0.783595  0.323246 -0.305304   1.42938
 0.803386  0.335026 -0.274396   1.46558
 0.774817  0.334739 -0.296882   1.41075
 0.784921  0.342073 -0.279778   1.42907
 0.769025  0.350159 -0.291155   1.40323
 0.774115  0.338522 -0.286473   1.40665
 0.787812  0.335592 -0.284043   1.43496
  0.78207  0.329047 -0.291511   1.42257
  0.960052   0.179553 -0.0998792    1.73213
 0.934811  0.240432 -0.138455   1.69062
 0.915364  0.175463 -0.278673   1.66114
0.916663 0.182571  -0.2692  1.66354
 0.912657  0.186733 -0.277656   1.65779
 0.914772  0.177787 -0.275588      1.66
 0.909501  0.210654 -0.278838   1.65803
 0.912727  0.187379 -0.270916   1.65691
 0.913807  0.190137 -0.269997    1.6598
 0.751399  0.307403 -0.346479   1.37128
 0.756631  0.295834 -0.348435   1.37868
 0.763708  0.304084 -0.336906   1.39144
 0.755292  0.299658 -0.341549   1.37393
 0.764203   0.28829 -0.353837   1.39565
  0.77801  0.302701 -0.333197   1.42098
 0.766089   0.30012 -0.339739   1.39712
0.762699 0.293934 -0.34463  1.38977
  0.92959   0.21895 -0.196722   1.68519
 0.873804  0.223914 -0.333462   1.59817
 0.880585  0.227458 -0.326624   1.61217
 0.872682  0.214924 -0.342212   1.59492
 0.872763  0.209598 -0.349946   1.59534
 0.879322   0.20475 -0.341073   1.60561
  0.87429  0.209999 -0.343756   1.59643
 0.886874  0.202853 -0.321112   1.61628
 0.885524  0.199538 -0.332211   1.61519
 0.89143 0.193667 -0.32335  1.62413
 0.887609  0.200285 -0.326042   1.61787
 0.875833  0.218141 -0.334878   1.60015
0.881035 0.205284 -0.33492  1.60727
 0.884857  0.213133 -0.322654   1.61477
 0.879525  0.209672 -0.332397   1.60523
 0.739729  0.269725 -0.381426   1.34981
 0.744596   0.26123 -0.381702   1.35744
 0.749159  0.268926 -0.374034   1.36558
 0.742849  0.264666 -0.377095    1.3524
 0.751368  0.256512 -0.386289   1.37351
 0.760397   0.27043 -0.372149   1.38998
0.751219 0.266786 -0.37642  1.37128
0.749708 0.261429 -0.37943  1.36779
 0.759338  0.345435 -0.295901   1.38232
 0.754237  0.334941 -0.311105   1.37311
 0.768363   0.33015 -0.301361   1.39671
 0.762981  0.340154 -0.307232   1.39232
 0.750345  0.323949 -0.325089   1.36619
 0.746878  0.313126 -0.337549   1.35998
 0.760175  0.310014 -0.327744   1.38217
 0.754968  0.318243 -0.334419   1.37769
 0.775123  0.319965 -0.310188   1.41155
 0.774747  0.311046 -0.315376   1.40936
  0.75886  0.329161 -0.321568   1.38485
 0.765966  0.315565 -0.323785   1.39503
0.771281 0.325017 -0.31118  1.40483
 0.763687  0.319996 -0.316044   1.38853
 0.848399   0.23053 -0.365415   1.55547
 0.853118  0.232699 -0.360897   1.56478
 0.847969  0.225151 -0.373409   1.55494
 0.848527  0.221451 -0.379008   1.55614
 0.854325  0.218676 -0.372294   1.56539
 0.849496  0.221605 -0.374471    1.5563
 0.859519  0.220675 -0.359675   1.57376
0.860221 0.216155 -0.36543  1.57502
 0.866279  0.212774 -0.358005    1.5847
  0.86121  0.216404 -0.360459   1.57519
0.850219 0.227111 -0.36836  1.55836
 0.855121  0.218923 -0.367822   1.56528
 0.856307   0.22455 -0.360771   1.56796
 0.853645  0.222368 -0.366842   1.56391
 0.812608  0.233929 -0.401486   1.49498
0.818151 0.232112 -0.40387  1.50576
 0.823191  0.228688 -0.403115   1.51367
 0.823715  0.232326 -0.398009   1.51482
 0.821641  0.230756 -0.402352   1.51191
 0.823873  0.237563 -0.391354   1.51497
 0.815837  0.234415 -0.401889   1.50142
 0.821391  0.237154 -0.397347   1.51214
 0.867726  0.245309 -0.304075   1.58086
  0.80644  0.225445 -0.416232   1.48541
 0.803074  0.227112 -0.415041   1.47991
  0.80424  0.226094 -0.413851   1.48067
 0.808944  0.226301 -0.416536   1.49022
 0.811085  0.226592 -0.416307   1.49351
 0.809389   0.22805 -0.414437   1.49076
 0.810103  0.226885 -0.416104   1.49262
 0.806295   0.22997 -0.409226   1.48386
 0.807952  0.226965 -0.416401   1.48861
 0.806965  0.228415 -0.411676   1.48611
 0.808762    0.2283 -0.414622   1.48983
 0.743516  0.302889 -0.349444   1.35434
0.740123 0.293312 -0.35917  1.34819
 0.751397  0.291486 -0.351473   1.36737
0.747242 0.297899 -0.35684  1.36371
 0.737672  0.283724 -0.367938   1.34377
 0.735672  0.274601 -0.375696   1.34018
 0.746044  0.273672 -0.368372   1.35789
 0.742011  0.278737 -0.373905   1.35396
 0.757163   0.28458 -0.357245   1.38081
 0.757532  0.277475 -0.360295    1.3805
 0.744467   0.28816 -0.365895   1.35858
 0.750569  0.278416 -0.365828   1.36786
 0.754142  0.287099 -0.357703   1.37449
 0.748228  0.282299 -0.360938    1.3618
 0.91532 0.174044 0.244056  1.63694
0.912695 0.158608 0.219671  1.63845
0.907812 0.149441 0.217341  1.63995
0.908768  0.24113 0.307008   1.6506
  0.9239  0.22574 0.267839  1.67057
  0.81594 -0.147143  0.175702   1.49179
0.930253 0.211173 0.230107  1.67874
0.895276 0.175999 0.354396  1.62437
0.919723 0.201847 0.281892  1.66221
0.922914 0.164585 0.285089  1.67107
 0.92885 0.217485 0.246942  1.67711
0.926329 0.164718 0.293133  1.67766
0.929093 0.161063 0.296324  1.68216
0.863121 0.276913 0.262901  1.56871
0.862711 0.284267 0.255061  1.56773
0.869684 0.281431 0.255839   1.5804
0.865553 0.283181 0.258306  1.57488
0.862293 0.291841 0.246738  1.56683
0.861606 0.299425 0.237775  1.56529
0.869231 0.294797 0.237958  1.57886
0.864778 0.298377 0.241392  1.57323
0.876113 0.283116 0.249293  1.59174
0.877436 0.286273 0.240245  1.59343
0.865288 0.290729 0.249999  1.57429
0.871103 0.293221 0.243217  1.58392
 0.87162 0.286765 0.251544  1.58541
0.869209 0.288656 0.247009  1.57935
0.930799 0.145515  0.28186  1.68362
0.924707 0.158453 0.309657   1.6747
0.930794  0.12897 0.272033  1.68347
0.927637  0.17041 0.283128   1.6802
0.929998 0.119217 0.287313   1.6857
0.921856 0.159187  0.29281  1.66811
 0.937451 0.0734307   0.25271    1.6916
 0.95033 0.032506 0.237712   1.7171
 0.942778 0.0482558  0.250783   1.70229
 0.943895 0.0443629  0.255527   1.70642
 0.933276 0.0568098  0.276155   1.68731
 0.929405 0.0630319  0.280142   1.67959
 0.938542 0.0643995  0.268845   1.69834
0.932078 0.160583 0.282517  1.68633
0.878627 0.281755 0.253696   1.5981
 0.88048 0.269099 0.268347   1.6027
0.871486 0.279761 0.259948  1.58507
0.872683 0.272194 0.267356  1.58781
0.866013 0.275658 0.265955   1.5759
0.869797 0.274516 0.263341  1.58086
0.876213 0.271756 0.265455  1.59323
0.876556 0.275751 0.257673  1.59304
 0.928401 0.0804586  0.297689   1.68413
  0.93221 0.0966536  0.278814   1.68855
 0.925809 0.0943768  0.284873   1.67479
0.900318 0.132037 0.214104  1.61789
0.902567  0.15435  0.20957  1.62024
 0.91625 0.154348 0.268347  1.65617
0.904372 0.145315  0.22838  1.63306
0.925377 0.161927 0.298995  1.67524
0.920846 0.160178 0.289846   1.6662
 0.92195 0.163667  0.26362  1.66712
0.931185 0.181879 0.247249  1.68669
0.927867 0.203051  0.25258  1.67672
 0.92445 0.152098 0.303883  1.67344
0.915189 0.147726 0.226994  1.65224
0.924648 0.163758 0.294495  1.67343
0.912405 0.151818 0.214111   1.6511
0.916274 0.173348  0.31761  1.66239
0.921789 0.164822 0.215308  1.65811
0.929743 0.193035 0.235184  1.68643
0.925632 0.170026 0.205592  1.66141
0.923097 0.164805 0.258741  1.66876
0.937491 0.141699 0.172474  1.69657
0.925447 0.200297 0.144557  1.65978
0.929753 0.148976 0.281264  1.68748
0.935942 0.197004 0.200195  1.67858
0.932801  0.17325 0.201862   1.6782
0.935738 0.179281 0.208891  1.67646
0.876994 0.255177 0.281615  1.59437
 0.87821 0.258671 0.273941   1.5959
0.870658 0.252816  0.28719  1.58325
0.863822 0.246882 0.292221  1.57082
0.863516 0.254426 0.285582  1.57001
0.866221 0.253111 0.288506  1.57681
0.870474 0.266246  0.27196  1.58222
0.863347 0.261942 0.278383  1.56948
0.863194 0.269126 0.270721  1.56888
   0.866 0.267946 0.274122  1.57603
0.872532 0.257942 0.283717    1.588
0.866133 0.260661 0.281483   1.5765
 0.87211 0.264361 0.276716  1.58668
0.870238 0.260151 0.279644  1.58228
0.873298 0.174794 0.328957  1.58929
0.879432 0.184255 0.334557   1.6022
0.880201 0.174268 0.337173  1.60404
0.877917 0.178095 0.334621  1.59863
0.886163 0.184688 0.330382  1.61279
0.891457 0.166723 0.336579  1.62389
0.886519  0.16976 0.338386  1.61445
0.884813 0.172968 0.335715  1.61023
 0.88552 0.181548 0.332034  1.61229
0.870498 0.176657 0.328301  1.58293
0.868937 0.186283 0.327004  1.58042
0.877159 0.187428 0.332605  1.59698
0.871934 0.184332 0.328013  1.58732
0.867436  0.19569 0.324256  1.57779
0.866252 0.204903 0.320271  1.57563
0.875193 0.204308 0.323567  1.59289
0.869503 0.202823 0.322222  1.58336
0.883606 0.188125 0.326863  1.60646
0.884893 0.193973 0.320853  1.60862
0.870615 0.193636 0.325821  1.58526
 0.87741 0.200882 0.327261   1.5983
0.878346  0.19266 0.331778  1.60048
0.875869 0.196227 0.328681  1.59458
0.926803   0.1406 0.292624   1.6772
0.891121 0.284771  0.24002   1.6219
0.928032   0.1529 0.296718  1.67877
0.930713 0.184408 0.226904  1.68781
0.921912 0.137483 0.303082  1.66994
0.928085 0.173382 0.226802  1.67896
0.933615 0.162466 0.280897  1.69047
0.921851 0.160856 0.289328   1.6686
0.920132 0.162873 0.236547  1.65636
0.916925 0.153439 0.271001  1.65783
0.909996 0.140999 0.243944  1.64293
0.906534 0.140009 0.241201  1.63853
0.929486 0.176626 0.226464  1.67982
0.909192 0.143223 0.238554  1.64077
0.909953 0.170488 0.258388  1.62633
 0.90534 0.153151 0.230287  1.62631
0.915899  0.15109 0.270941  1.65572
0.909278 0.162227 0.248983  1.62477
0.906488  0.14724 0.241588  1.63437
0.904013 0.173201 0.250273  1.61531
0.909377 0.163974 0.250512  1.62576
 0.760315  0.120137 -0.438172   1.38714
 0.761801  0.123013 -0.440354   1.39187
  0.75448  0.123231 -0.443036   1.37809
 0.758275  0.116478 -0.437046   1.38151
 0.754748  0.118462 -0.439957   1.37602
 0.755333  0.114131 -0.436075   1.37412
 0.755976  0.116101 -0.438557   1.37744
 0.755831   0.12108 -0.440655   1.37921
0.758975 0.119429 -0.43941   1.3849
 0.768862  0.142631 -0.454084   1.41562
0.750389 0.125361  -0.4464  1.37179
 0.746231  0.128812 -0.448149   1.36472
 0.748319  0.123189 -0.444247   1.36574
 0.746021  0.125324 -0.445166    1.3618
0.746142 0.122156 -0.44209  1.35945
 0.746675  0.123595 -0.444456   1.36246
 0.746825  0.126935 -0.446675   1.36475
0.749162 0.125247 -0.44615  1.36906
 0.764508  0.153007 -0.459023   1.41044
 0.768693  0.130564 -0.443944   1.40897
  0.76943  0.135054 -0.441352   1.40987
 0.739222  0.136268 -0.449367   1.35218
 0.739986  0.134931 -0.449649    1.3537
 0.737075  0.134815 -0.447474   1.34612
 0.735288  0.134694 -0.445225   1.34073
 0.736441  0.133141 -0.444913   1.34266
   0.7367  0.133927 -0.445284   1.34356
 0.739233  0.132029 -0.447488   1.35015
 0.737596  0.131586 -0.444743    1.3447
  0.73865  0.130014 -0.444535   1.34651
 0.738843  0.130832 -0.444945    1.3473
 0.738055  0.134399 -0.447439   1.34807
 0.737786  0.132348 -0.445103   1.34545
 0.738975  0.132984 -0.447693   1.34992
 0.738141  0.133409 -0.447307   1.34799
 0.735658  0.135423 -0.445575   1.34184
 0.737065  0.135809 -0.447781   1.34648
 0.736247  0.137116 -0.448401   1.34544
 0.736056  0.136093 -0.447962   1.34455
0.737463 0.139231 -0.45175  1.35058
 0.737138  0.137828 -0.450514   1.34885
0.738112 0.137294 -0.44978  1.35032
 0.771971  0.157396 -0.436289   1.41679
 0.735313  0.142765 -0.452137   1.34705
 0.733205  0.146504 -0.451756   1.34322
 0.733324  0.141998 -0.448771   1.34056
 0.732091   0.14396 -0.448574   1.33825
 0.731574    0.1418 -0.446012    1.3348
  0.73203  0.142754 -0.448292    1.3377
0.732805 0.144915 -0.45098  1.34157
 0.734239  0.143612 -0.450728   1.34412
 0.778256  0.172272 -0.409159   1.41902
 0.774468  0.160216 -0.419561   1.41457
 0.775358  0.164507 -0.417226   1.41556
  0.73151  0.149683 -0.451895   1.34046
 0.730211  0.153781 -0.450768   1.33794
 0.729413   0.14917 -0.448251   1.33357
 0.728573  0.151346 -0.447665   1.33189
0.727653 0.149327  -0.4457  1.32795
 0.728178  0.150058 -0.447554   1.33073
 0.729318  0.152098 -0.450269   1.33541
  0.73045  0.150776 -0.450153    1.3374
 0.788075  0.191012 -0.445923   1.45434
 0.789873  0.192814 -0.448493   1.45877
 0.789207  0.199354 -0.444458   1.45827
 0.788743  0.200773 -0.440231   1.45613
 0.782933  0.192241 -0.451377   1.44689
 0.786727  0.196952 -0.449076   1.45476
 0.728231  0.166715 -0.446697   1.33421
0.729075 0.171835 -0.44362  1.33522
 0.725847  0.167058 -0.442385    1.3264
 0.726136  0.169727 -0.440815   1.32659
 0.724125  0.168311 -0.440286   1.32132
 0.724837  0.168308 -0.441105   1.32376
 0.726931  0.169951 -0.443789   1.33042
 0.727209  0.168462 -0.444005   1.33079
   0.7675   0.15784 -0.441508   1.41005
0.727425 0.175937 -0.44149  1.33149
 0.727977  0.174129 -0.441594   1.33226
0.725243 0.176776 -0.43713  1.32416
 0.722592  0.178696 -0.435358   1.31757
 0.722651  0.175614 -0.436746   1.31781
 0.724249  0.176821 -0.436629    1.3213
 0.725117  0.171064 -0.439979    1.3243
0.722665 0.172707 -0.43798  1.31792
 0.722751  0.169878 -0.439231   1.31821
 0.724215  0.170976 -0.439118   1.32139
 0.726402  0.175273 -0.438122   1.32677
 0.724168  0.173889 -0.437908   1.32122
 0.726085   0.17234 -0.439779   1.32648
 0.725002  0.173769 -0.438457   1.32373
 0.734685  0.148551 -0.456267   1.34944
 0.737153  0.145961 -0.455907   1.35381
    0.723   0.19345 -0.428598   1.31801
 0.722737  0.189399 -0.430581   1.31762
  0.72638  0.190378 -0.429943   1.32551
 0.724997  0.191027 -0.430345   1.32253
 0.722619  0.185631 -0.432297   1.31746
 0.722515  0.181979 -0.433952   1.31735
 0.725691  0.183103 -0.433784   1.32456
 0.724484  0.183459 -0.433785   1.32164
 0.729034  0.188776 -0.434564   1.33377
 0.729443  0.186507 -0.434774   1.33417
 0.724663  0.187161 -0.432126   1.32193
 0.727043  0.184738 -0.433454   1.32757
 0.727759  0.188413 -0.431313   1.32866
 0.725793  0.186517 -0.431856   1.32444
 0.732792  0.166634 -0.453566    1.3479
 0.796111  0.225525 -0.415297   1.46622
 0.784945  0.225392 -0.408968   1.44031
 0.787917  0.229731 -0.408493    1.4473
  0.73408   0.17634 -0.448892   1.35004
 0.736216  0.198174 -0.434894   1.35166
 0.734756  0.193945 -0.435989   1.34821
 0.733163  0.205367 -0.424766   1.34095
 0.733447  0.202426 -0.425148   1.34096
 0.729748  0.207796 -0.419411   1.33092
 0.725329  0.212233 -0.418401   1.32191
 0.724642  0.207242 -0.421286   1.32078
 0.727749  0.209207 -0.420789   1.32742
 0.728022   0.19854 -0.425023   1.32809
 0.723946  0.202403 -0.423889   1.31955
 0.723525  0.197765 -0.426365    1.3189
  0.72628  0.199579 -0.425952   1.32479
 0.731399  0.205264 -0.421329   1.33473
 0.726897  0.204382 -0.423489   1.32591
 0.730051  0.200598 -0.424401   1.33249
 0.72859 0.202918 -0.42226  1.32881
 0.745261  0.203763 -0.432516   1.37061
 0.738653   0.22642 -0.410074   1.35012
 0.739297  0.222406 -0.410863   1.35071
  0.73433  0.229362 -0.404759   1.33829
0.728419  0.23541 -0.40434  1.32722
0.727672  0.22909 -0.40825  1.32591
 0.731718  0.231689 -0.407543   1.33465
 0.732239  0.217931 -0.412424    1.3349
 0.726963  0.223174 -0.411805   1.32468
 0.726181  0.217535 -0.415238   1.32337
 0.729817  0.219769 -0.414584   1.33113
 0.736482  0.226288 -0.407489   1.34333
 0.730741  0.225576 -0.411168   1.33281
0.734806 0.220554 -0.41148  1.34047
0.732993 0.223301 -0.40883  1.33593
 0.815367  0.263662 -0.354241   1.49233
 0.771527  0.243032 -0.391799   1.41191
 0.844068  0.247258 -0.343032   1.54324
 0.797781  0.244694 -0.384231     1.462
 0.889902  0.242402 -0.275207   1.62099
 0.804359  0.274154 -0.349015    1.4734
 0.799838   0.35525 -0.238556   1.45384
 0.799653  0.343879 -0.247355   1.45142
 0.790209  0.369266 -0.226285   1.43463
0.777844 0.389073 -0.21592    1.415
 0.772809  0.378758 -0.237618   1.40571
  0.78285  0.384281 -0.231958   1.42829
 0.780901  0.348854 -0.265349   1.41801
 0.768569  0.367568 -0.258329   1.39817
0.764125 0.356239 -0.27739  1.39026
 0.773889  0.361681 -0.272421   1.41185
 0.794104  0.364118 -0.240737   1.44529
 0.778604  0.373038 -0.252967    1.4205
 0.787794   0.35481 -0.259417   1.43356
 0.785133  0.359278 -0.247709   1.42575
  0.9107 0.232733 -0.23728  1.65488
  0.79677  0.424058 -0.105235   1.44981
 0.789764    0.4184 -0.135246   1.43658
 0.810511  0.403155 -0.124657   1.47132
 0.801503  0.423504 -0.126945   1.46348
 0.785347  0.409656 -0.164194   1.42836
0.781587 0.399197 -0.19018  1.42111
0.801809 0.386317 -0.17686  1.45463
 0.792539  0.405319 -0.183149   1.44627
 0.822356  0.384461 -0.140519   1.49194
 0.822884  0.371666 -0.154981   1.49032
 0.796929  0.415283 -0.156418   1.45486
 0.808887  0.393187 -0.168102   1.47154
 0.815022  0.400924 -0.144079   1.48384
 0.805359  0.396322 -0.153649   1.46206
 0.945977  0.202006 -0.157865   1.71203
 0.821304  0.419137 0.0217816   1.49286
   0.815173    0.423914 -0.00834126     1.48185
    0.83522    0.404744 -0.00309226     1.51549
   0.826374    0.425655 0.000611931     1.50761
  0.809577    0.42606 -0.0397207    1.47199
   0.80352   0.425705 -0.0717841     1.4612
  0.826086   0.405968 -0.0619647    1.49893
  0.815716   0.428511 -0.0627378    1.48882
  0.849161   0.386672 -0.0201079    1.53881
  0.851354   0.377446 -0.0412582     1.5411
   0.82134   0.428277 -0.0307675    1.49881
  0.834125    0.40964 -0.0506118    1.51783
  0.839337   0.409425 -0.0219961    1.52772
  0.830512   0.407483 -0.0331575    1.50738
  0.968627   0.148091 -0.0245256    1.74118
0.843252  0.38303 0.120125  1.53217
0.838025 0.393511 0.100325  1.52272
0.851374 0.380041 0.100741   1.5453
0.845327 0.392712 0.106597  1.53966
 0.832678  0.403473 0.0772744   1.51319
 0.82704 0.411322 0.051516  1.50267
 0.844271  0.393849 0.0556586    1.5318
 0.836459   0.41215 0.0601956   1.52479
 0.860235  0.375369 0.0846241   1.56089
  0.86131    0.3746 0.0657745   1.56176
 0.841147  0.403088 0.0845848   1.53281
 0.849933  0.394741 0.0666406   1.54572
 0.853947  0.387927 0.0877269   1.55349
 0.847537  0.388684 0.0786709   1.53845
0.966693 0.125568 0.102864  1.73762
0.968898 0.117692 0.140628  1.74588
0.870595 0.342847 0.156339     1.58
0.871797 0.344041 0.142051  1.58104
0.862616  0.34385 0.168565  1.56574
0.855006 0.343459 0.182742  1.55297
0.852821  0.35239 0.169277  1.54883
0.857515 0.351456 0.173784  1.56011
0.858832 0.359958 0.137961   1.5585
0.850474 0.361843 0.154438  1.54465
0.847333   0.3716 0.138306    1.539
 0.85308 0.370511 0.143354  1.55249
0.864986 0.350934  0.15956  1.57244
0.855672 0.360748 0.159067  1.55694
0.862544  0.35908 0.145178  1.56769
0.860599 0.352625 0.153477  1.56207
0.934288 0.129566 0.269191   1.6914
0.891881 0.341503  0.13438  1.62417
0.874502 0.312609 0.208241  1.58775
0.875635  0.31515   0.1974  1.58892
0.867583 0.311474 0.217675   1.5756
0.860844 0.308148 0.228215  1.56398
0.859594 0.316678 0.218374  1.56157
0.863149 0.315546 0.221863  1.57023
 0.86582 0.326377 0.195074  1.57175
0.858202 0.325541 0.207511  1.55896
 0.85662 0.333989 0.195687  1.55578
 0.86075 0.333028 0.199944  1.56588
0.869619  0.31799 0.211474  1.58118
0.862092 0.324377 0.211213  1.56837
0.868311 0.325098 0.201098  1.57824
0.866457 0.319823 0.206503   1.5735
0.933361  0.14644 0.279648  1.68963
0.938709 0.126276 0.245268   1.6978
0.917746 0.134441 0.308551  1.66455
0.892054 0.311521 0.195919  1.62296
0.878741 0.225189 0.307915  1.59821
0.879706 0.229256 0.301236   1.5993
 0.87259 0.222139 0.313343  1.58779
 0.86539 0.214255 0.315707  1.57418
0.864706 0.222648 0.310599  1.57279
0.867585 0.220934 0.312963  1.57983
0.871726 0.237067 0.300603  1.58562
0.864334 0.230863 0.304874  1.57201
0.864019 0.238668 0.298674   1.5712
0.866813 0.237141 0.301451  1.57817
0.874306 0.227653  0.31058  1.59225
0.867184 0.229232 0.307372  1.57901
 0.87343 0.234723 0.304814   1.5901
0.871743 0.230373 0.307098   1.5861
0.905461 0.122158 0.333006  1.64731
0.911609 0.126939 0.318807  1.65662
0.904364 0.127803 0.330348  1.64398
0.897256 0.121348 0.344609  1.63327
0.889116 0.126899 0.356523  1.62156
0.892501 0.132002 0.345685  1.62402
 0.89225 0.125367 0.344918  1.62231
0.880861 0.133187 0.355171  1.60639
0.872713 0.137483 0.341599   1.5877
0.880578 0.145884  0.34866  1.60503
0.877686 0.139908 0.349405  1.59802
0.886877 0.151143  0.34733  1.61636
0.892178 0.144785  0.34181  1.62343
0.890686 0.147493 0.339746   1.6197
0.885334 0.133005 0.352668  1.61225
0.884661 0.145291  0.34814   1.6106
0.890336 0.137917 0.341629  1.61833
0.887298  0.14008  0.35201  1.61731
0.916216 0.155125 0.319164  1.66276
 0.89898 0.124869 0.340468  1.63544
0.895822 0.130254 0.339124  1.62831
0.899451 0.135604 0.328741  1.63307
0.895791 0.142925     0.34  1.63057
 0.91408 0.131243 0.315813  1.65821
 0.793154  0.203294 -0.438319   1.46513
 0.794053  0.197171 -0.443372   1.46666
 0.800928   0.20005 -0.436616    1.4783
 0.795602  0.200137 -0.438978   1.46826
 0.793304  0.193769 -0.447101   1.46552
 0.789668   0.18669 -0.442207   1.45559
 0.796926  0.186038 -0.438845   1.46859
 0.792727  0.187692 -0.440848   1.46107
  0.81067  0.195238 -0.433486   1.49534
 0.806876   0.18481 -0.434083   1.48646
 0.827247   0.18493 -0.422847    1.5241
 0.812159  0.186985 -0.430217   1.49537
 0.795284  0.194732 -0.444502   1.46838
 0.800528   0.18707 -0.437208   1.47493
  0.80281  0.196134 -0.437112   1.48059
 0.800308  0.193373 -0.442243   1.47747
0.737164 0.188188 -0.44213  1.35535
 0.971949 0.0807628   0.12699    1.7492
 0.972756  0.129097 0.0964759   1.75262
 0.973458  0.101977 0.0823886   1.75077
 0.977722 0.0370954  0.101233   1.75991
 0.978735 0.0724374 0.0818339   1.76263
   0.979828 -0.00840987   0.0616009     1.76685
 0.979946 0.0627135 0.0691141   1.76522
 0.975189  0.100226 0.0866755   1.75553
 0.976333 0.0862412  0.119205   1.75968
0.935538 0.140544 0.258712  1.69297
 0.760754  0.155238 -0.458699   1.40387
 0.760613  0.154736 -0.458999   1.40367
0.760944 0.155351 -0.45941  1.40447
 0.760455  0.154916 -0.459546   1.40361
 0.760382  0.155165 -0.459761   1.40359
 0.760543  0.154782 -0.459322   1.40368
 0.760346  0.154706 -0.459369   1.40327
  0.76115  0.153062 -0.455552   1.40264
0.761566 0.151809 -0.45324  1.40224
  0.74195  0.137386 -0.454517   1.36113
 0.745366  0.134741 -0.453693   1.36726
 0.761427   0.15777 -0.457659   1.40482
 0.762737  0.152052 -0.454437   1.40502
 0.765353  0.151832 -0.461088   1.41288
 0.760918  0.151662 -0.455339   1.40185
 0.756695  0.126903 -0.446408   1.38511
 0.761238  0.126724 -0.444888    1.3938
 0.760992  0.152939 -0.457761   1.40331
 0.761218  0.150085 -0.453293   1.40126
0.767069 0.149011 -0.46075  1.41563
 0.747263  0.134486 -0.453321   1.37088
 0.76747 0.145215 -0.45418   1.4128
0.760489  0.15624 -0.45942  1.40386
0.760388 0.156391 -0.45962  1.40375
 0.760423  0.156205 -0.458825   1.40323
 0.760219   0.15625 -0.459845   1.40347
 0.762191   0.15764 -0.457725   1.40625
  0.76048  0.157958 -0.458048   1.40311
 0.760097   0.15557 -0.459904   1.40312
 0.760863  0.153356 -0.457897   1.40313
0.760144 0.155197 -0.45976   1.4031
 0.760912  0.154679 -0.459533   1.40422
 0.760848  0.155094 -0.459422   1.40422
 0.763787  0.149338 -0.464693   1.41088
 0.760712   0.15499 -0.458709   1.40373
 0.759425  0.154699 -0.458761   1.40115
 0.760657  0.154886 -0.458648   1.40361
 0.760312  0.154538 -0.458863   1.40296
 0.759985  0.154786 -0.459165   1.40246
 0.760635  0.154781 -0.459108   1.40377
 0.760727  0.154984 -0.458863   1.40389
 0.760082  0.154458 -0.458917    1.4025
 0.771704  0.157707 -0.427091   1.41216
 0.731604  0.155611 -0.455666   1.34427
 0.733608  0.152985 -0.455443   1.34771
 0.739141  0.141313 -0.455698   1.35674
 0.741268  0.149013 -0.464482   1.36632
 0.761058  0.151142 -0.455153   1.40204
 0.733277  0.158336 -0.456214   1.34862
 0.763651  0.159001 -0.459196    1.4098
 0.759861  0.155493 -0.459635   1.40249
 0.762447  0.159228 -0.459637   1.40773
 0.759919  0.155961 -0.459895   1.40279
 0.760032  0.156298 -0.459943   1.40308
 0.755739  0.159754 -0.452726   1.39174
 0.760507  0.155844 -0.455094   1.40168
  0.76012  0.155261 -0.455438   1.40099
 0.759547  0.155587 -0.456382   1.40034
 0.759663  0.155523 -0.459613   1.40207
 0.760355  0.155677 -0.456872   1.40213
 0.760258  0.156495 -0.459782   1.40349
 0.760483  0.156422 -0.459641   1.40383
 0.759845  0.156147 -0.455374   1.40052
 0.760445   0.15647 -0.459699   1.40383
 0.760089  0.156381 -0.459263   1.40282
 0.966037  0.161893 0.0958733   1.73961
0.968156 0.155012 0.107757  1.74478
 0.884547   0.36435 0.0678739   1.61006
0.906521 0.278437 0.217634  1.64657
 0.966932  0.166163 0.0846523    1.7412
 0.969161  0.161858 0.0308195   1.74374
  0.968182   0.156609 0.00431482    1.74036
  0.970124   0.153868 0.00292157    1.74517
  0.969857   0.155207 -0.0152116    1.74514
  0.966277   0.159419 -0.0566737    1.73878
 0.962349  0.178936 0.0458304   1.72871
 0.965011  0.179723 0.0402731   1.73551
  0.968079   0.142741 -0.0592791    1.74117
 0.852334  0.350357 -0.177044   1.55367
   0.965195    0.171837 -0.00552324     1.73477
 0.963787  0.175398 0.0151605    1.7314
 0.949525  0.158315 -0.152372   1.71066
 0.956276  0.174056 -0.134945   1.72709
  0.93725  0.183608 -0.192825   1.69454
 0.828886  0.324258 -0.261557   1.51544
 0.855912  0.366253 -0.082399   1.55034
 0.847822  0.348797 -0.113395   1.52923
 0.920317  0.201089 -0.232008   1.66812
 0.900578  0.216881 -0.269201   1.63688
  0.79769  0.301027 -0.324543   1.46111
 0.916956  0.259806 -0.180917   1.66267
 0.879987  0.232163 -0.299186   1.60359
 0.777567  0.274464 -0.367363   1.42683
 0.894497   0.27413 -0.225354   1.62622
 0.826359  0.240439 -0.371741   1.51418
 0.838386  0.245658 -0.360387   1.53743
 0.840813  0.277288 -0.314861   1.53662
 0.808132  0.235545 -0.393977   1.48331
 0.818254  0.241786 -0.385916   1.50339
 0.799804  0.229765 -0.414806   1.47468
 0.796131  0.238351 -0.400916   1.46356
 0.804431  0.232885 -0.410306   1.48324
 0.91687 0.155646 0.202821  1.65879
 0.923394 0.0924325  0.153827   1.67154
0.916684 0.151183 0.216099   1.6549
0.922213 0.194239  0.26941  1.67096
0.926828 0.198301 0.249412  1.68033
 0.91921 0.154144  0.28854  1.66317
0.919698 0.171099 0.282057  1.66732
0.925199 0.168936 0.280323  1.67548
0.922878 0.184754 0.257773  1.67325
0.927827  0.16845  0.28749  1.68112
0.930492 0.164775 0.289868  1.68534
0.932502 0.157704  0.28722  1.68807
0.891053 0.258656 0.272196  1.62213
 0.92961 0.171765 0.281748  1.68478
0.933705 0.136007 0.260512  1.68802
0.925475 0.160452  0.30459  1.67477
 0.953534 0.0560043  0.229002   1.72346
   0.9501 0.0597099  0.244924   1.71923
 0.942027 0.0832692  0.248871   1.70248
 0.951177 0.0861337  0.230686   1.71985
 0.948322 0.0742358  0.231884   1.71226
0.931313 0.170469 0.279751  1.68711
0.933089 0.164733 0.277142  1.68888
0.936609 0.118148 0.246928  1.69196
0.908741 0.303215 0.140381  1.64583
0.938112 0.106898  0.26014  1.69811
0.910254 0.162475 0.251912  1.62955
0.917933 0.167856 0.248847  1.64441
0.904744 0.142855 0.236496  1.63429
0.925838 0.170028 0.232796  1.66624
0.924141  0.16305 0.300101  1.67232
0.921718 0.160763 0.292841   1.6679
0.928839 0.182644 0.229464  1.68308
0.928114 0.172192 0.274825  1.68049
0.926288 0.186321 0.240046  1.67982
 0.92614 0.166869 0.258378  1.67439
0.919444 0.144763 0.214245  1.65929
0.935808 0.143084 0.239601  1.69183
0.919052 0.144832 0.200084  1.66339
0.920515 0.152268 0.273638  1.66456
0.926089 0.143419 0.196207  1.67791
0.929966 0.150053 0.256691  1.68289
0.926276 0.181605 0.257993  1.68001
 0.913712 0.0258791  0.205677   1.64595
0.927361 0.142266 0.176613  1.67519
0.929049 0.164272 0.261614  1.68411
0.894385 0.200989 0.314834  1.62666
0.893191 0.163202 0.331199   1.6239
0.892706  0.17848 0.324108  1.62335
0.892187  0.23047 0.297601   1.6241
0.922046 0.148656  0.31107  1.67169
  0.9298 0.173474 0.277585  1.68452
0.898314 0.245388 0.263156  1.62877
0.924539 0.161571 0.304381  1.67352
0.931038 0.176311 0.248146  1.68205
0.925976 0.170296 0.252762  1.66658
0.921066 0.162745 0.315354  1.66956
0.917117 0.150467 0.272886  1.65801
0.910786 0.139004 0.248342  1.64489
0.910189 0.140413  0.24526   1.6459
0.932058 0.177953  0.24892  1.68308
0.909261 0.140731 0.244663  1.64162
0.913397  0.16069 0.251881  1.63857
0.904896 0.150629 0.237121  1.62875
0.917303 0.150357 0.272311  1.65865
0.911355 0.161314 0.252401  1.63276
0.908371 0.149242  0.24227  1.63831
 0.753952  0.130163 -0.449108   1.38142
 0.763651  0.150627 -0.461633   1.40939
 0.762262   0.15021 -0.455718   1.40428
 0.764089  0.139156 -0.456094   1.40607
 0.742205  0.139819 -0.455708   1.36281
0.764299 0.160801  -0.4428  1.40465
 0.760327  0.152277 -0.457977   1.40191
 0.738997   0.14492 -0.457083   1.35793
 0.766769  0.161864 -0.429151   1.40365
 0.758768  0.160886 -0.448532   1.39609
 0.769691  0.182036 -0.445111   1.41693
 0.744763  0.142662 -0.462803    1.3715
 0.730058  0.163738 -0.453537   1.34162
 0.731366   0.16094 -0.453587   1.34373
 0.743102  0.182666 -0.451872   1.36973
 0.738759  0.165379 -0.462146   1.36307
 0.730195  0.173192 -0.449404   1.34161
  0.73083  0.170116 -0.449741   1.34242
 0.739968  0.173355 -0.458291   1.36495
 0.731886  0.184447 -0.443172   1.34411
 0.731929  0.180834 -0.443789   1.34371
 0.760508  0.219738 -0.413941   1.39356
 0.753999  0.192203 -0.449985    1.3916
 0.784942   0.20436 -0.440034   1.45015
 0.776115  0.197144 -0.449538   1.43512
 0.778481  0.203504 -0.439382   1.43645
 0.743146  0.217956 -0.423379   1.36474
  0.74222  0.212233 -0.424661   1.36196
 0.755334  0.204442 -0.432185   1.38808
 0.751092   0.24177 -0.402789   1.37734
 0.750455  0.233245 -0.405918   1.37513
 0.764061  0.247923 -0.397598   1.40398
 0.762115  0.268728 -0.374632   1.39519
 0.760167  0.258407 -0.379771   1.39024
 0.787618  0.252339 -0.384074    1.4455
 0.778732  0.297539 -0.334992   1.42273
 0.773708  0.285857 -0.343193   1.41138
 0.803037  0.325884 -0.277715    1.4636
  0.79406  0.313514 -0.289956   1.44359
 0.868678  0.283206 -0.269338   1.58476
  0.85717  0.269089 -0.307407     1.568
 0.830769  0.353344 -0.190748   1.50875
 0.825529  0.336639 -0.209141   1.49516
   0.94836   0.218573 -0.0988959    1.71145
 0.901982  0.300133 -0.137024   1.63259
  0.962871    0.16703 -0.0564289    1.73109
 0.926812  0.222399 -0.176489   1.67452
 0.873111  0.361212 0.0474347   1.58121
   0.875702    0.362473 -0.00245141     1.58867
0.879661 0.345329 0.122487  1.59568
 0.880138  0.347018 0.0911714   1.59461
0.962972 0.165992 0.128143  1.73446
 0.956369  0.213735 0.0656699   1.72057
0.963778 0.182362  0.07032  1.73396
0.885432 0.313176 0.183856  1.60588
0.887966 0.316825 0.158807  1.60896
0.901351 0.286078 0.182693  1.63012
0.885567 0.287238 0.229762  1.60748
0.888091 0.294825  0.20788  1.61099
0.885374 0.262237 0.264797  1.60825
0.887138 0.269216 0.248791  1.61016
0.934652 0.153368 0.272347  1.69183
0.886328 0.234857 0.292532  1.61053
0.887425 0.242188 0.279597  1.61117
0.889281 0.204839 0.314419  1.61637
0.888713 0.212891 0.303772   1.6135
0.900004 0.157743 0.331292  1.63869
0.934066 0.156048 0.268916  1.68973
 0.776156  0.231475 -0.406933   1.42638
 0.789325  0.209679 -0.431666   1.45594
 0.793913  0.214691 -0.426871   1.46446
 0.794736  0.219798 -0.421243   1.46476
 0.797188  0.223447 -0.417948   1.46929
 0.787164  0.220713 -0.417712   1.44834
 0.792818  0.217531 -0.421753   1.46029
 0.766591  0.211074 -0.426069   1.40999
 0.786153  0.188866 -0.448486   1.45123
0.776538 0.185599 -0.44223  1.43059
 0.784331  0.190264 -0.450654   1.44895
 0.963355 0.0674089  0.158087   1.73289
 0.960036 0.0527263  0.191869   1.72969
 0.955337 0.0356098  0.190421   1.71721
 0.955062 0.0718793  0.197595   1.71919
0.959007 0.073481 0.185951  1.72693
0.934263 0.160969 0.265671  1.69078
0.951169  0.10853 0.198665   1.7126
0.966342 0.140762 0.117388  1.73878
 0.760727  0.154838 -0.458811   1.40376
 0.760518    0.1546 -0.458712   1.40331
 0.760301  0.154444 -0.458804   1.40287
 0.760884  0.154875 -0.459708   1.40437
 0.760995  0.154367 -0.459725   1.40443
  0.75989  0.155101 -0.459382    1.4024
  0.76195  0.160408 -0.458175   1.40622
 0.760485  0.154447 -0.458971   1.40327
 0.749268   0.13834 -0.460555   1.37874
 0.760634  0.154672 -0.459768   1.40384
 0.761356  0.149411 -0.453519   1.40161
 0.755131  0.135551 -0.457991   1.38895
 0.758766  0.155112 -0.458258   1.39964
 0.762394  0.149288 -0.457523   1.40524
 0.764047  0.146679 -0.461842   1.40948
 0.757531  0.147377 -0.455988   1.39471
 0.759148  0.135871 -0.458496   1.39707
 0.769681   0.13758 -0.445856   1.41253
 0.763258  0.136939 -0.457103   1.40507
 0.760144  0.148589 -0.453923   1.39914
 0.760301  0.156442 -0.459884   1.40363
 0.760062  0.156338 -0.459829   1.40309
 0.759792  0.155978 -0.458221    1.4017
 0.759798  0.156029 -0.459818    1.4025
 0.761261  0.159705 -0.460114   1.40564
 0.759154   0.15511 -0.458681   1.40058
 0.759668  0.155122 -0.459375   1.40193
 0.760568  0.153996 -0.459849   1.40353
 0.760596  0.159608 -0.460469   1.40459
0.759735 0.154789 -0.45918  1.40195
 0.759926  0.153408 -0.460343   1.40236
 0.759881  0.154561 -0.459032   1.40215
 0.759918  0.154367 -0.458878   1.40213
 0.760135  0.154593 -0.458994   1.40267
  0.76056   0.15468 -0.458721   1.40341
 0.759315  0.154551 -0.458821   1.40091
 0.760554  0.154608 -0.458847   1.40337
 0.760181   0.15434 -0.458862   1.40262
 0.763282  0.160679 -0.436026   1.39968
0.739489 0.158279 -0.46418  1.36433
 0.74733 0.150922 -0.47341  1.38257
 0.761924  0.160197 -0.447307   1.40186
 0.761283  0.160281 -0.455223   1.40382
 0.760174  0.150331 -0.455449    1.4002
 0.760928   0.16025 -0.459679   1.40492
 0.759338  0.155377 -0.458832   1.40104
  0.75953  0.155866 -0.459079   1.40159
0.759119 0.160758 -0.45606  1.39989
 0.760079  0.157871 -0.458088   1.40243
 0.759606  0.156076 -0.455886   1.40032
 0.759598  0.155999 -0.458875   1.40164
  0.75938   0.16043 -0.460282   1.40208
0.759685 0.155633 -0.45563  1.40026
 0.759851  0.156003 -0.457656   1.40155
 0.760087  0.156388 -0.459462   1.40293
 0.758941  0.155958 -0.456648   1.39935
0.759897 0.156348 -0.45957  1.40259
 0.759493  0.156061 -0.458358   1.40118
 0.963622  0.179641 0.0985773    1.7351
 0.904847  0.323624 0.0934886   1.63995
 0.902811  0.331793 0.0360033   1.63473
0.899194 0.305128 0.124022  1.62283
  0.966088    0.17671 0.00779907    1.73775
 0.894439  0.319945 0.0585711   1.61202
  0.966034   0.179303 -0.0246001    1.73907
   0.960872     0.20423 -0.00968365     1.72991
  0.959951   0.205191 -0.0494159    1.73137
 0.957524  0.212382 0.0242761   1.72243
  0.955788   0.190291 -0.0984967    1.72354
 0.943266  0.201472 -0.135502   1.70089
 0.884937  0.340545 -0.138501   1.61301
  0.937085   0.259489 -0.0879262    1.69342
 0.871038  0.320898 -0.206252   1.58683
  0.948737   0.234773 -0.0481822    1.71037
 0.906659   0.24053 -0.219012    1.6426
  0.88284  0.255967 -0.262582   1.60522
 0.835148  0.309295 -0.261516   1.51872
 0.888683  0.280605 -0.202446   1.60906
 0.804365  0.287707 -0.318144   1.46444
 0.853167  0.300722 -0.251976   1.55294
 0.821573  0.244362 -0.373713   1.50578
   0.8025  0.240551 -0.394759   1.47483
 0.827581  0.293037 -0.305081   1.51293
 0.834164   0.26538 -0.345065    1.5308
0.920968  0.14662 0.205508  1.66299
0.925104 0.108534 0.209441   1.6706
0.933577 0.160803 0.245822  1.69099
0.927529 0.167086  0.25432  1.67712
0.928901 0.173577 0.270372   1.6812
0.928847 0.184684  0.25092  1.68461
0.922938 0.163902 0.310474  1.67147
0.930746 0.166936 0.252836  1.68367
0.927797 0.179817  0.25564  1.68089
0.931639 0.168483 0.283806  1.68814
 0.90504 0.238227 0.280278  1.64692
0.931384 0.173801 0.276439  1.68795
0.934625 0.144163 0.254663  1.68992
0.930557 0.174314 0.262241   1.6845
0.904741 0.260045  0.25145  1.64486
0.932536 0.171299 0.278482  1.69026
0.936987 0.131454 0.240161  1.69295
0.942446 0.116659  0.22459  1.70029
0.945857 0.114797 0.221973  1.70759
0.934913 0.159264 0.267655  1.69256
0.917566 0.166768 0.255654   1.6456
0.923151 0.166668 0.254768  1.65814
0.910553 0.146478  0.24511  1.64389
0.929443 0.172443 0.251703  1.67399
0.923807 0.165323 0.304976  1.67221
0.931776 0.175971 0.260013  1.68468
0.930673 0.180768 0.250231  1.68383
0.930851 0.173517 0.269452  1.68491
0.929823 0.167966  0.25468  1.68115
0.933556  0.16811 0.272907  1.69053
0.932744 0.174253 0.272148  1.68995
0.926045 0.173752 0.262932  1.67886
0.931818 0.175058 0.272921  1.68819
0.925721 0.166286 0.263332  1.67686
0.926101 0.131122 0.197431   1.6737
0.931191 0.176059 0.265274  1.68566
0.922645 0.135099 0.205567  1.66419
0.932204 0.165345 0.253433  1.68744
0.904553  0.15502 0.318098  1.64058
0.896399 0.183018 0.322992   1.6301
0.911477 0.148392 0.318745   1.6559
0.906124 0.169506 0.321145   1.6457
0.918726 0.156309  0.31179  1.66533
0.934063 0.166422 0.275827  1.69181
0.923479 0.164612 0.308548  1.67203
0.931458 0.176672 0.258858  1.68396
0.922455 0.160318 0.295271  1.66905
0.927432 0.170397 0.258201  1.67374
0.918582 0.150087 0.273764  1.66071
0.913297 0.139158  0.25068  1.65026
  0.9204 0.160277 0.254827  1.65879
0.923305 0.171033 0.308361  1.67247
0.911544 0.140377 0.248342  1.64689
0.908108 0.142799 0.241942  1.64151
0.915056 0.157788  0.25342  1.64503
0.915275 0.143951 0.248084  1.65598
0.919294 0.162802  0.25355  1.65474
0.923137 0.161764 0.253543  1.66612
 0.753119  0.138033 -0.459015   1.38579
 0.760176  0.147973 -0.460564   1.40188
 0.759868   0.14392 -0.464963   1.40218
 0.748455   0.14187 -0.461997   1.37849
0.758588 0.160166  -0.4582  1.39978
 0.744979  0.147298 -0.464653   1.37371
 0.759987  0.149829 -0.455474   1.39985
  0.74171  0.152174 -0.464874   1.36808
  0.73801   0.15444 -0.463968   1.36044
  0.76003  0.182932 -0.463488   1.40731
0.735965 0.161221 -0.46243   1.3567
 0.747638  0.183878 -0.459773   1.38187
0.745557 0.159219 -0.47439  1.38099
 0.735658  0.169076 -0.459271   1.35581
0.746276 0.171962 -0.47053  1.38258
 0.737124  0.178084 -0.453579   1.35744
 0.749414   0.17928 -0.465679   1.38762
 0.740457  0.188641 -0.445206   1.36187
 0.748236  0.194146 -0.442916   1.37787
 0.748774  0.201507 -0.434364   1.37584
 0.784374  0.264794 -0.359724   1.43143
 0.813832  0.255792 -0.373805   1.49556
 0.865625   0.32163 -0.167633   1.56656
 0.914666  0.263619 -0.162427   1.65473
  0.888399   0.338309 -0.0835953    1.61097
0.931022 0.245188 -0.12366     1.68
 0.902833  0.322307 -0.080319   1.63685
  0.894255   0.328478 -0.0131173    1.61463
 0.921064  0.307557 0.0643482    1.6673
 0.959694  0.215182 0.0583936   1.72906
0.953393 0.136969 0.187836  1.71615
0.934528 0.282204 0.058385  1.68924
0.948015 0.186794 0.202394   1.7106
0.910533 0.287913 0.174414  1.64969
0.921535 0.255249 0.227195  1.67229
0.921233 0.262222 0.198809  1.66755
0.929321 0.278066 0.130468  1.68042
0.898896 0.266203 0.229138  1.62779
0.935325  0.14965 0.253532  1.69263
0.954513 0.201639 0.168648   1.7234
0.902487 0.179186 0.315568  1.63718
0.915555 0.201041 0.306414  1.66293
0.899756 0.221639 0.290677   1.6333
0.901981  0.19921 0.309093   1.6388
 0.786435   0.21004 -0.432881     1.451
 0.773786  0.206522 -0.427796   1.42158
  0.77864  0.215386 -0.425223   1.43282
 0.763827  0.194586 -0.446426   1.41058
 0.767484  0.190951 -0.457264    1.4204
  0.76961  0.177237 -0.448758   1.41921
0.958648 0.105603 0.162375  1.72438
0.956643 0.101059 0.199993   1.7255
0.937383 0.141666 0.239388  1.69535
 0.96266 0.109289 0.154528  1.73138
0.935412 0.151152 0.239294  1.69232
0.960424 0.167926 0.114712  1.72653
0.937326   0.2633 0.125728  1.69382
 0.760575  0.154418 -0.460218   1.40388
 0.759579  0.154379 -0.458919   1.40145
 0.760525  0.153653 -0.460161   1.40355
0.759324 0.155022 -0.45875  1.40096
 0.760255  0.151837 -0.457885   1.40173
 0.754578  0.150945 -0.473192   1.39658
   0.7544  0.145842 -0.470255   1.39445
 0.759149   0.15769 -0.458468   1.40067
 0.759046  0.150987 -0.457989   1.39926
 0.759789  0.147961 -0.454602   1.39872
0.760781 0.148821 -0.45803  1.40206
 0.761337   0.14891 -0.465447   1.40613
 0.760372  0.147846 -0.468989   1.40569
 0.763961  0.144979 -0.463601   1.41013
 0.759331  0.142264 -0.466588   1.40209
 0.758911  0.149403 -0.455828   1.39771
  0.75922  0.155401 -0.458779   1.40077
0.759058 0.157502 -0.45848  1.40058
 0.759402  0.159475 -0.460943   1.40235
 0.757765  0.159722 -0.461812    1.3995
 0.759157  0.154798 -0.458721   1.40058
 0.760182  0.154322 -0.460324    1.4031
 0.760046  0.154133 -0.459405    1.4025
 0.759022  0.160062 -0.461323    1.4019
 0.756206  0.158261 -0.461842   1.39638
 0.759633  0.154477 -0.458827   1.40157
 0.759898  0.154297 -0.458913   1.40205
0.758666 0.154793 -0.45909  1.39974
  0.74482  0.165068 -0.473269   1.37991
 0.758439  0.161285 -0.437909   1.39064
 0.742559  0.161476 -0.473302   1.37464
 0.757998  0.159915 -0.451862   1.39599
   0.7594  0.151348 -0.458167   1.40001
 0.751786  0.151346 -0.474129   1.39143
 0.758826  0.155329 -0.457955    1.3996
 0.754408  0.158001 -0.447093   1.38638
  0.75759  0.150487 -0.457948    1.3963
 0.759186  0.159216 -0.461098    1.4021
 0.759003  0.155396 -0.457807    1.3999
 0.758343  0.155455 -0.458137   1.39879
 0.758961  0.156111 -0.456158   1.39914
 0.759398   0.15595 -0.458963   1.40126
  0.75843  0.156894 -0.458633   1.39934
0.759122 0.155727 -0.45657  1.39959
0.957117  0.21296 0.130925  1.72714
 0.958635  0.216354 0.0919715   1.72821
  0.952755   0.243126 -0.0039706     1.7196
 0.916552  0.297077 0.0821992   1.65458
    0.95853    0.221217 -0.00233092     1.72833
   0.94612   0.241957 -0.0459082    1.70567
  0.956641   0.216263 -0.0476006    1.72517
 0.945715  0.221909 -0.088536   1.70402
  0.935864   0.258671 -0.0728986    1.68877
   0.946148    0.245866 -0.00942004     1.70476
  0.91656  0.301525 -0.124001   1.66539
   0.93412   0.281831 -0.0415948     1.6889
 0.922973   0.27995 -0.124492   1.67231
 0.900499  0.301714 -0.167624   1.63536
0.931627 0.174351 0.265632  1.68594
0.931643 0.172273 0.263967  1.68694
0.931963 0.179727 0.260488  1.68689
0.931108 0.165285 0.260122  1.68545
0.932403 0.172826 0.275147  1.68967
0.922097  0.17171 0.310145  1.67037
 0.93447 0.163433 0.264765  1.69218
0.919574 0.152063  0.27273  1.66342
0.934398 0.151357 0.252382   1.6902
0.933539 0.170229 0.269773  1.69117
0.919093 0.240236 0.259471  1.66934
0.933132 0.172833 0.274233  1.69147
0.939582 0.137115 0.227241  1.69667
0.912298 0.191294 0.309432  1.65427
0.915025 0.244082 0.240498  1.65693
0.933537 0.156652  0.25187  1.68942
 0.92922  0.17076 0.257676  1.67838
0.916437 0.141977 0.252186  1.65705
0.923007 0.163969 0.294723  1.67076
0.930795 0.172562 0.263406  1.68523
0.931831 0.177776 0.262905  1.68594
0.932565 0.172625 0.265081  1.68757
0.930822 0.178651 0.262791  1.68589
0.930079 0.172649 0.263818   1.6845
0.932795 0.172684 0.262808  1.68808
0.921981 0.155472 0.272276  1.66852
0.932836 0.169012 0.257282  1.68865
 0.93309 0.173868 0.271871   1.6911
0.912919 0.169037 0.317038  1.65683
0.915936 0.185581 0.315905  1.66342
0.919548 0.172496 0.314977  1.66755
 0.93399 0.169036 0.271917  1.69215
0.933007 0.159772 0.251472  1.68928
0.923179 0.164473 0.295922  1.67057
0.926957 0.168695 0.257901  1.67675
0.920881 0.182383 0.307181  1.66883
0.922135 0.158282 0.251919  1.66768
 0.93238 0.156126 0.243851  1.68755
0.915091 0.142942 0.250172  1.65468
0.920277 0.158672 0.251905  1.66362
0.917852 0.148321 0.247256  1.66167
0.913307 0.145874 0.245979  1.65217
 0.755139  0.142435 -0.467743   1.39409
 0.757017  0.147883 -0.463558   1.39683
 0.750699  0.146071 -0.471472   1.38758
 0.750495  0.149917 -0.473099    1.3887
0.758441 0.147789 -0.45504  1.39612
 0.747668  0.154177 -0.474312   1.38434
 0.744422  0.155847 -0.473983   1.37781
 0.754449  0.169168 -0.455397   1.39062
 0.742229  0.167993 -0.471244   1.37397
 0.757405  0.149129 -0.456312   1.39491
 0.744122  0.175766 -0.467267   1.37696
 0.754439  0.159426 -0.443858   1.38505
 0.760661  0.174522 -0.452197   1.40181
 0.755489  0.166462 -0.456339   1.39338
 0.759157  0.186901 -0.460396   1.40395
 0.752825   0.16662 -0.458533   1.38888
  0.916964   0.304702 -0.0844133    1.66146
  0.907437   0.324458 -0.0271468    1.64307
   0.92413   0.301901 -0.0795025    1.67613
 0.915289  0.303403 0.0281386   1.65127
 0.934917  0.279407 0.0964973   1.69136
 0.939291  0.287056 0.0463894   1.70117
0.924925 0.298323 0.102479  1.67617
0.922943 0.286733  0.12989   1.6704
 0.94963 0.137979 0.203168  1.71273
0.919847 0.271623 0.165317  1.66132
0.914881 0.260875 0.204448  1.65366
 0.94587 0.134868 0.214008  1.70554
0.913661 0.227545 0.269587  1.65607
0.934955 0.260054 0.157574  1.69052
0.904361 0.214563 0.304221  1.64602
0.906588 0.193633 0.313952  1.64881
0.934373 0.155916 0.251674  1.69129
0.941214 0.153279 0.225229  1.69915
 0.760141   0.17197 -0.453162   1.40179
 0.753153  0.178382 -0.466314   1.39375
 0.768093  0.195037 -0.452544    1.4195
0.754532 0.187502 -0.45742  1.39555
0.942178 0.136538 0.224164  1.70192
0.958031 0.148176 0.163619  1.72529
0.957526 0.150937 0.151403  1.72139
0.933981 0.156702 0.239137   1.6895
0.953729 0.211398 0.102687  1.71583
0.944228 0.253375 0.127272  1.70605
0.929784  0.24916 0.194117   1.6813
0.940333 0.175902 0.230375   1.6978
0.760248 0.154315 -0.45903  1.40278
 0.759924  0.154189 -0.459431   1.40227
 0.760016  0.154072 -0.460868   1.40297
 0.758987  0.154516 -0.459454   1.40047
0.759433 0.154373 -0.45946  1.40138
  0.75972   0.15308 -0.460703   1.40209
  0.75692  0.159958 -0.458837   1.39664
  0.75907  0.154568 -0.459157   1.40058
 0.759059  0.153007 -0.460895    1.4008
 0.758365  0.149018 -0.456019   1.39673
 0.758052  0.148396 -0.469666   1.40138
 0.747346  0.159463 -0.474369    1.3839
 0.751733  0.153951 -0.474789   1.39218
 0.758493  0.148436 -0.461096   1.39877
 0.758689  0.155335 -0.458086   1.39942
  0.75826  0.158384 -0.461466   1.40037
 0.758575  0.155101 -0.458562   1.39939
0.758189 0.158738 -0.46149  1.40015
  0.75881  0.154824 -0.458714   1.39991
 0.759561  0.154148 -0.460971    1.4021
 0.759413  0.154154 -0.459591   1.40129
0.758245 0.155286 -0.45918  1.39904
 0.759369  0.154079 -0.460559   1.40159
  0.75861  0.152819 -0.461064   1.39999
 0.749977  0.157592 -0.475103   1.38941
 0.748989  0.162221 -0.474249   1.38774
 0.746864  0.164508 -0.472904   1.38295
 0.755748   0.15881 -0.455195    1.3928
 0.756975  0.159344 -0.460368   1.39742
0.751032 0.155287 -0.45137  1.38106
 0.751793  0.153531 -0.465242   1.38829
 0.757832  0.159306 -0.462421   1.39996
0.758282 0.155814 -0.45785  1.39857
  0.75668  0.150443 -0.458225   1.39455
 0.75828 0.157053 -0.45882  1.39906
 0.758523  0.155537 -0.457355    1.3988
 0.758804  0.155509 -0.457374    1.3993
 0.759148  0.155619 -0.457221   1.39995
0.757997 0.156322 -0.45911   1.3986
 0.758396   0.15583 -0.456877   1.39832
 0.947748   0.25234 0.0944631   1.71168
 0.951105  0.259266 0.0821006   1.72083
 0.947154  0.254128 0.0374426   1.70842
 0.953854  0.243152 0.0346792   1.72181
  0.917789   0.303309 -0.0290479    1.65828
 0.933886  0.280447 0.0106276   1.68604
 0.93175 0.166926 0.253316  1.68563
0.932931 0.170535 0.262913  1.68837
0.933097 0.174985 0.269806  1.69022
0.932987 0.174632 0.268003   1.6894
0.932097 0.174756 0.266953  1.68788
0.932773 0.172612 0.266622  1.68868
0.923868 0.171125 0.293637  1.67213
0.933533 0.173995 0.266228  1.69002
 0.93336 0.173396 0.271304  1.69172
0.933843 0.164496 0.263645  1.69075
0.934171 0.151098 0.241414  1.68993
0.923977 0.161222 0.266637  1.67147
0.936654 0.149479 0.232958  1.69297
0.933518 0.170344 0.269083  1.69163
0.931588 0.160575 0.244053    1.686
0.933562 0.165856 0.263024  1.69097
0.915691 0.149582 0.248389  1.65512
 0.91373 0.152097 0.245101  1.65076
 0.92807 0.167257 0.258401  1.67948
0.919564 0.145437 0.252622  1.66374
0.922429 0.156637  0.27167  1.66842
0.931452 0.161639 0.252026  1.68691
0.931931 0.176496  0.26558  1.68751
0.933322 0.174044 0.269397  1.69045
0.929996 0.170989 0.263136  1.68499
 0.93238 0.175301 0.267384  1.68828
0.933364 0.174359 0.268468  1.69044
0.930364 0.169662 0.263949   1.6857
0.921881 0.207305 0.285008  1.66984
0.912655 0.208919 0.294585  1.65468
0.920539 0.195353 0.297619  1.66786
0.922779 0.179827 0.308922  1.67305
 0.92429 0.169314 0.294678  1.67387
0.927009 0.165252 0.258779  1.67897
0.924036 0.156576 0.253767  1.67276
0.924846 0.178664 0.287718  1.67398
0.918454 0.146019 0.251598  1.66203
0.922032 0.154254 0.251688  1.66988
0.918942 0.147121  0.24956  1.66365
0.922179 0.156553 0.254168  1.66905
 0.755472  0.147953 -0.472084   1.39727
0.755372 0.148027 -0.45711  1.39098
0.758103 0.150787 -0.45829  1.39742
 0.756724  0.148922 -0.456393    1.3936
0.749111 0.155022 -0.47488  1.38702
 0.752705  0.156587 -0.450757   1.38446
 0.752994  0.164326 -0.460189   1.39003
 0.755816  0.150396 -0.457272   1.39249
 0.750343   0.16252 -0.461333   1.38473
0.751255 0.156352  -0.4641  1.38723
 0.749732  0.167354 -0.472246     1.389
 0.748504  0.170359 -0.469872   1.38555
 0.923012  0.307909 0.0132621   1.67056
  0.941668    0.28817 -0.0117985     1.7076
0.929288 0.268118 0.158507  1.68104
0.947464  0.24262 0.157112  1.71352
0.928158 0.240668 0.219435  1.68018
0.946298 0.160742 0.214058  1.70669
0.925525 0.175762 0.291589  1.67676
0.916885 0.224717 0.281717  1.66424
0.928237  0.22184 0.267857  1.68428
0.917225 0.212874 0.291596  1.66511
0.933037 0.235746 0.221167  1.68857
0.926715 0.227127 0.248199  1.67758
0.938541 0.150876 0.227455  1.69616
0.944226 0.229627 0.202408  1.70979
0.937147 0.164271 0.237842  1.69393
0.944045 0.156252 0.215007  1.70398
0.949905 0.254738 0.119985  1.71941
  0.93931  0.274648 0.0981271    1.6992
0.951917 0.202729 0.146673  1.71417
0.943283  0.24665 0.153294  1.70521
 0.759284  0.153978 -0.461898    1.4019
 0.758257  0.154838 -0.460712   1.39953
 0.758032  0.155443 -0.459922   1.39889
 0.758896  0.154613 -0.460708   1.40082
 0.753727  0.151154 -0.465175   1.39166
 0.758719  0.154173 -0.460659   1.40031
 0.756671  0.148091 -0.456289   1.39322
 0.757839  0.155702 -0.461546   1.39923
 0.754055  0.149612 -0.464987   1.39182
 0.757365  0.152797 -0.461429   1.39771
   0.7581  0.155758 -0.458889   1.39865
 0.757269    0.1584 -0.463008   1.39899
 0.758284  0.154188 -0.462359   1.40012
 0.757487  0.157918 -0.461731   1.39881
 0.751858  0.151512 -0.457407   1.38469
 0.758394  0.154961 -0.460132   1.39968
 0.758773   0.15424 -0.462017   1.40096
 0.758031  0.154907 -0.462159    1.3997
0.751279 0.172469 -0.46906  1.39113
 0.754408  0.176113 -0.465413   1.39612
 0.749229  0.158549 -0.462957   1.38277
 0.752577  0.157904 -0.447898   1.38298
 0.754208  0.158307 -0.455776   1.38983
 0.754635  0.157496 -0.457745    1.3915
 0.755797  0.158796 -0.460826   1.39513
   0.7562  0.156966 -0.462857   1.39662
  0.75691  0.158713 -0.462787   1.39814
 0.757794  0.156792 -0.460022   1.39863
 0.755489  0.157466 -0.462151   1.39491
0.757798 0.157239 -0.46221  1.39962
  0.927598   0.300688 -0.0397125     1.6805
  0.939286   0.271817 -0.0446286     1.6982
0.933244 0.174084 0.269841   1.6912
0.932069 0.172618 0.267284  1.68899
0.932847 0.174204 0.268386  1.69003
0.933121  0.17116 0.267614  1.69085
0.931736 0.173646 0.266521  1.68824
0.932995 0.166529 0.262388  1.68986
0.924616 0.154662 0.252609  1.67491
0.932295 0.160003  0.25223  1.68789
0.924694 0.216444 0.272398  1.67588
0.931903 0.167268 0.261595  1.68839
0.933377 0.156636 0.241413  1.68927
0.931682 0.200596 0.263877  1.68697
0.927741 0.164429  0.25927  1.68034
0.921429 0.149262 0.251362  1.66826
0.932377 0.171373 0.266049  1.68969
0.923491 0.153265 0.253551  1.67274
0.933111 0.174158  0.26853  1.69064
0.924315 0.154992 0.249754  1.67396
0.933201 0.173829 0.269556  1.69121
0.931535 0.171577 0.265033  1.68824
  0.9228 0.190613 0.304834  1.67426
0.930567 0.158811 0.246592  1.68497
0.930847 0.161708 0.252829  1.68585
0.926162 0.189341 0.279179  1.67621
0.923756 0.158632 0.269781  1.67235
0.927481 0.161866 0.257277  1.68029
0.921529  0.15046 0.250579  1.66784
0.926579 0.162838  0.25684  1.67877
  0.75527  0.149137 -0.457216   1.39112
 0.756089  0.149438 -0.464025   1.39549
  0.75149  0.151942 -0.465399    1.3873
 0.752099  0.154281 -0.453707   1.38417
 0.753497  0.150747 -0.457416   1.38797
 0.749855   0.15479 -0.464881   1.38428
 0.751193  0.160455 -0.462133   1.38688
 0.751372  0.154378 -0.456381   1.38374
0.936049 0.251309 0.188555  1.69569
0.941273 0.229046 0.177867  1.69842
0.932294 0.224346 0.244655  1.68927
0.942539 0.181806  0.21591    1.701
0.924031 0.202154 0.294258  1.67651
0.932434 0.185617 0.249684  1.68504
0.935004  0.17266 0.239029  1.69017
0.926082 0.212914 0.280817  1.67979
0.935288  0.15871 0.233476  1.69123
0.935458 0.204776  0.24887  1.69305
0.938795 0.168516 0.226411  1.69566
0.935051 0.209225 0.232584  1.68913
0.949801 0.168806 0.188772  1.71146
0.940836 0.220882 0.213603  1.70183
0.940923 0.187506 0.218606  1.69705
0.949586 0.188868 0.184433   1.7114
  0.75787  0.152989 -0.461264    1.3986
 0.754443  0.155973 -0.459616   1.39167
 0.753546  0.149729 -0.457425   1.38776
 0.757377  0.154484 -0.463162   1.39871
 0.756796  0.153028 -0.461554   1.39664
0.755581 0.149461 -0.45668  1.39148
 0.757882  0.156158 -0.460432   1.39893
 0.757536   0.15631 -0.461268   1.39855
 0.757533  0.155493 -0.462027    1.3987
 0.757279  0.157158 -0.462834   1.39878
 0.757806  0.154585 -0.462448   1.39926
 0.756544  0.155851 -0.463143   1.39728
 0.753572  0.156655 -0.458177   1.38937
 0.753956  0.150859 -0.456728   1.38861
 0.756829  0.157463 -0.463343   1.39809
 0.751383  0.153378 -0.454172   1.38278
  0.75737   0.15667 -0.463159   1.39907
0.754919 0.153983  -0.4606  1.39268
0.932793 0.170668 0.267146  1.69052
0.929464 0.162301 0.253059  1.68377
0.930602 0.167181 0.260434  1.68636
0.932364 0.166827 0.261986  1.68917
0.931282 0.159616 0.244129  1.68598
0.924993 0.155036 0.252158  1.67462
0.927741 0.185941 0.284233  1.68119
0.928883 0.159599 0.249105  1.68247
 0.92361 0.153732  0.25079  1.67257
0.923177 0.154221 0.251741   1.6719
0.929645  0.16837 0.261619  1.68472
0.929793 0.166318 0.260327  1.68505
0.930156 0.167195 0.262186  1.68554
0.931889 0.170801 0.265772  1.68895
0.928081 0.163406 0.250618  1.67989
0.928026 0.198336 0.267119  1.67866
0.927159 0.170695 0.265903  1.67735
0.926378 0.163931 0.264918  1.67723
 0.753252  0.152252 -0.455902    1.3871
 0.755957  0.153117 -0.461116   1.39484
0.934067  0.16911 0.248057  1.69005
0.945077 0.191669 0.203625  1.70438
0.936705 0.187479 0.232364  1.69127
0.931501 0.204573 0.252122  1.68423
0.929476 0.162073 0.249384  1.68276
0.932683 0.162178 0.239808  1.68743
0.935636 0.181978 0.247806  1.69174
0.928597 0.175456 0.257878  1.68014
0.940205 0.217791 0.216859  1.69982
0.940261 0.210384 0.228451  1.70086
 0.754932  0.154674 -0.460579   1.39284
 0.757372  0.155494 -0.463237   1.39889
 0.756846  0.156001 -0.463128   1.39783
 0.755108  0.150604 -0.457434   1.39115
 0.753922  0.151908 -0.456798   1.38878
 0.754021  0.155155 -0.459817   1.39075
 0.755851  0.156226 -0.462994   1.39582
 0.755727  0.153703 -0.461127   1.39448
0.931086  0.16652   0.2613  1.68715
0.929266 0.160359  0.24706  1.68268
0.927103 0.159984 0.252561  1.67947
 0.92994 0.162109 0.252623   1.6846
0.929434 0.179506 0.262424  1.68071
 0.92782 0.159709 0.249515  1.68038
0.926007 0.168331 0.261122  1.67602
0.927174 0.160515 0.254722  1.67849
0.929237 0.194545 0.275306  1.68342
0.932604 0.173021 0.249159  1.68717
 0.92698 0.160643 0.256067  1.67968
0.927785 0.160696 0.256043    1.681
0.927983 0.159802 0.252131  1.68114
0.926165  0.15879 0.249711  1.67727
 0.752936  0.152626 -0.456012   1.38658
 0.752549  0.153008 -0.457118   1.38638
0.930082  0.16422 0.245154  1.68325
 0.92879 0.170657 0.263899  1.68139
0.931367 0.170747 0.254542  1.68582
0.932284 0.181938 0.259445  1.68727
  0.75705  0.154979 -0.463136   1.39811
 0.756385  0.155107 -0.463235   1.39685
