0.869801 0.328312 0.155246  1.57195
0.871833 0.315068 0.179387  1.57616
 0.86072 0.329317 0.167105  1.55504
0.862738 0.320863 0.178999  1.55895
0.854624 0.329119 0.179421  1.54541
0.858891  0.32285 0.173939  1.54992
0.866919 0.317567 0.175736  1.56522
 0.86739 0.320376 0.163577  1.56512
 0.760891  0.156712 -0.459158   1.40475
 0.761038  0.156612 -0.459179   1.40505
 0.794034  0.132537 -0.402042   1.44292
 0.788403  0.133443 -0.409617   1.43448
 0.791591  0.136354 -0.409023   1.44166
 0.789293  0.119181 -0.408628   1.43368
 0.784668  0.124277 -0.417336   1.42881
 0.788113  0.123826 -0.414787   1.43493
  0.80085  0.121219 -0.387895   1.44936
 0.796366  0.113199 -0.394773   1.44149
0.808707 0.101778 -0.36849  1.45564
  0.80187  0.116146 -0.392096   1.45285
 0.789859  0.128269 -0.413338   1.43874
 0.793263  0.120714 -0.406791    1.4417
 0.796815  0.128905 -0.403514    1.4492
 0.793627  0.124237 -0.404449   1.44187
  0.969314    0.11886 -0.0519963    1.74192
 0.969192  0.120398 -0.045734   1.74151
  0.968333   0.122929 -0.0488928    1.73961
 0.968749  0.119017 -0.047289   1.74027
  0.969086   0.121712 -0.0395964    1.74116
  0.968934   0.122785 -0.0338155    1.74074
  0.968183   0.125237 -0.0369596    1.73897
  0.968556    0.12116 -0.0358654    1.73961
   0.96706   0.131789 -0.0456803    1.73701
  0.967523   0.131193 -0.0397258    1.73774
  0.968663   0.120006 -0.0416254    1.73994
  0.967988   0.123242 -0.0392759    1.73828
   0.96813   0.123119 -0.0438899    1.73883
  0.968352    0.12377 -0.0427877    1.73947
0.918279 0.144925  0.27816  1.64855
 0.762922  0.155622 -0.456346   1.40737
 0.761004  0.155972 -0.459472   1.40498
 0.761496  0.157007 -0.459681   1.40621
 0.761828  0.157149 -0.459998   1.40698
 0.762098  0.157011 -0.460037   1.40751
 0.762469  0.156502 -0.458732   1.40759
  0.76624  0.158693 -0.459027   1.41553
 0.764325  0.155799 -0.455181   1.40966
 0.763685  0.154801 -0.454111   1.40783
 0.765218  0.155284 -0.455504   1.41154
  0.76833  0.156971 -0.460037   1.41959
  0.77069  0.153707 -0.455399   1.42179
 0.783115   0.14067 -0.422963   1.43086
 0.778961  0.141999 -0.432268   1.42664
 0.781756  0.144644 -0.431899   1.43296
 0.760945  0.156876 -0.459105   1.40486
 0.760978  0.156933 -0.459112   1.40494
 0.761742  0.157253 -0.459334   1.40652
  0.76083  0.157077 -0.459383   1.40479
 0.760816  0.157066 -0.459645   1.40488
 0.760821   0.15692 -0.459865   1.40496
 0.760742  0.156857 -0.459955   1.40481
 0.762436  0.155865 -0.456847   1.40661
 0.760751  0.156551 -0.460027   1.40479
 0.762102  0.156683 -0.458993   1.40698
 0.761035   0.15642 -0.459168   1.40499
 0.760954  0.155862 -0.459634   1.40492
 0.760966  0.156388 -0.459275   1.40488
 0.804302  0.226647 -0.426982   1.48889
 0.803022  0.221937 -0.430813   1.48716
 0.808124  0.222772 -0.429333   1.49578
 0.805531    0.2237 -0.429838   1.49223
 0.800908  0.217016 -0.435441   1.48373
0.797142 0.211853 -0.44254   1.4784
0.804407 0.210398 -0.43976  1.49023
 0.801605  0.212802 -0.440597   1.48691
 0.813002  0.218027 -0.428923   1.50357
 0.812483   0.20904 -0.434156   1.50294
  0.82296  0.209338 -0.419209   1.51695
  0.81621  0.213017 -0.432725   1.51122
  0.80392  0.218742 -0.434188   1.49001
 0.808751  0.212235 -0.437934   1.49901
 0.809728  0.219604 -0.432201   1.49989
0.807174 0.216881 -0.43313  1.49424
 0.730115   0.15902 -0.456227   1.34232
 0.731029  0.157601 -0.456089   1.34381
 0.728123  0.158907 -0.452694   1.33574
 0.725706  0.159617 -0.450336   1.32897
 0.726339  0.157193 -0.450838   1.33007
 0.727376  0.158196 -0.451002   1.33251
 0.729263  0.154434 -0.453608   1.33769
 0.726931  0.154907 -0.451141     1.331
 0.727708  0.152624 -0.451372   1.33227
 0.728595   0.15362 -0.451628   1.33445
0.729207 0.157966 -0.45307  1.33799
 0.727874  0.155928 -0.451384    1.3333
 0.729655  0.155611 -0.453717   1.33883
   0.7285  0.156572 -0.453042    1.3362
 0.784695  0.146334 -0.422301   1.43508
 0.779274  0.152105 -0.431123   1.42887
 0.781192  0.151478 -0.420358   1.42744
 0.962198  0.126798 0.0540639   1.72673
 0.961692  0.134297 0.0594582   1.72552
 0.962343  0.134653 0.0531837   1.72648
 0.962074  0.135444 0.0568483   1.72664
 0.961876  0.141396 0.0493437   1.72416
 0.960972  0.145154 0.0559591   1.72352
0.960724 0.146154 0.064229  1.72345
 0.776569  0.152594 -0.436227   1.42561
 0.958461  0.146065 0.0860649    1.7169
 0.771908  0.156536 -0.448826   1.42212
    0.9678   0.126633 -0.0066941    1.73807
   0.967429    0.127288 -0.00124631     1.73725
   0.967112    0.129264 -0.00500199     1.73639
    0.96735    0.125702 -0.00468227     1.73681
 0.967067  0.128321 0.0045877   1.73653
 0.966697  0.129092 0.0105112   1.73582
  0.966241   0.132973 0.00621174    1.73459
  0.966537   0.127671 0.00593909    1.73513
     0.9663    0.132824 -0.00323233     1.73418
   0.966091    0.131597 -0.00108463     1.73339
   0.966943    0.126711 4.96033e-05     1.73596
    0.966119     0.131077 -0.000376051      1.73401
   0.966839    0.128779 -0.00366475     1.73556
    0.966777     0.129926 -0.000111071      1.73561
 0.768611  0.159255 -0.459913   1.42059
 0.763027  0.155145 -0.454595   1.40673
 0.766816  0.159962 -0.460072   1.41718
 0.760762  0.157091 -0.459792   1.40482
 0.762977  0.156109 -0.454606   1.40683
 0.760818  0.157203 -0.459568   1.40487
0.761534  0.15747 -0.46003  1.40648
 0.761107  0.156881 -0.459085   1.40518
  0.9183 0.162478 0.195002  1.65491
 0.934929  0.157449 -0.238232    1.6929
 0.935614  0.164093 -0.228873   1.69383
 0.932624   0.16786 -0.237851   1.68982
0.934346 0.159181 -0.23575  1.69164
  0.92961  0.193286 -0.240855   1.69005
 0.932389  0.167707 -0.231182    1.6881
 0.933102  0.170509 -0.229895   1.69002
 0.956856   0.13391 0.0763177   1.71849
 0.959891  0.131193 0.0772133   1.72238
 0.958735  0.134622 0.0789134   1.71961
 0.958394  0.133758 0.0769668   1.71944
 0.961275  0.125113 0.0863179   1.72328
 0.961571  0.120522 0.0869082   1.72288
0.959891 0.140108   0.0857  1.72118
 0.959192   0.13593 0.0796134   1.71935
 0.960266  0.134282 0.0813148   1.72186
 0.959917  0.124926 0.0701756   1.72308
 0.959173  0.123328 0.0742039   1.72164
 0.959915  0.131507 0.0758015   1.72231
 0.959352   0.12359 0.0712255   1.72157
 0.957584  0.123054 0.0791013   1.71846
 0.955585  0.127145 0.0806472   1.71484
 0.958531  0.132102 0.0806876    1.7193
 0.957307   0.12599 0.0780034   1.71804
 0.959645  0.142914 0.0828242   1.72126
 0.959834  0.140715 0.0853857   1.72143
 0.958506  0.122668 0.0750359   1.71995
 0.959102   0.13207 0.0794796   1.72026
 0.959609  0.131398 0.0765016   1.72119
0.959206 0.131065 0.079569  1.72084
 0.960853  0.144765 0.0686442   1.72376
 0.961121  0.142642 0.0710687   1.72415
 0.961607  0.134351 0.0613939   1.72576
 0.962086  0.127361 0.0576471   1.72697
 0.961421  0.127201 0.0613337   1.72572
 0.961555  0.126923 0.0584825   1.72563
 0.960957  0.132828 0.0680946   1.72445
 0.960944  0.126858 0.0642834    1.7249
 0.960407  0.125896 0.0666437   1.72391
 0.960564  0.126077 0.0649962   1.72389
 0.961342  0.133567 0.0628318   1.72489
 0.961004  0.126909 0.0618665   1.72468
 0.960989  0.133171 0.0654019   1.72414
 0.961271  0.133371 0.0647553   1.72507
 0.962987  0.142766 0.0460056   1.72751
 0.963047   0.14057 0.0483087   1.72729
 0.963919   0.13428 0.0404118   1.73003
 0.964625  0.128725 0.0370167   1.73177
 0.964122  0.127878 0.0420272   1.73073
 0.964053  0.127556 0.0386174   1.73024
 0.962882  0.135173 0.0516488     1.728
 0.963584  0.127532 0.0476102   1.72973
0.962858 0.127349 0.052962  1.72839
 0.962898  0.126787 0.0488462   1.72798
 0.963603  0.133434 0.0419322   1.72903
0.963498 0.127131 0.043212  1.72913
 0.962861  0.134402 0.0454417   1.72741
 0.963532  0.133501 0.0451876   1.72916
 0.96185 0.153169 0.053491  1.72462
  0.967973   0.113147 -0.0836259    1.74001
  0.967114   0.120483 -0.0777775    1.73796
 0.966338  0.119826 -0.089371   1.73702
  0.967105   0.119802 -0.0877912    1.73882
  0.965892   0.133702 -0.0727736    1.73583
  0.963839   0.128703 -0.0981359    1.73258
0.964554 0.128941 -0.09633  1.73424
  0.965821   0.135344 -0.0830729    1.73687
 0.735886  0.269114 -0.387976   1.34526
 0.733974   0.26122 -0.394567   1.34207
 0.743019  0.260488 -0.388656   1.35772
0.739629 0.264706  -0.3931  1.35419
 0.732509  0.253445 -0.400519   1.33963
 0.731413  0.245957 -0.405848   1.33782
0.739753  0.24591 -0.40056  1.35254
 0.736473  0.249165 -0.404739    1.3487
 0.748291  0.255987 -0.394022   1.37108
 0.749067  0.250534 -0.395831   1.37187
 0.737909  0.256833 -0.399248   1.35123
 0.743287  0.249581 -0.398851   1.36019
 0.745659  0.256793 -0.392957   1.36425
 0.740971  0.252884 -0.395211   1.35435
0.948073 0.153988 -0.18291  1.71187
 0.950775  0.156674 -0.174367   1.71727
 0.950108  0.139697 -0.187603   1.71516
0.950796 0.134012 -0.19541  1.71742
 0.953623  0.130971 -0.185716   1.72187
 0.950778  0.136866 -0.187683   1.71616
0.955405 0.135291 -0.16667  1.72339
0.956636 0.127563 -0.17477  1.72663
 0.959075  0.123188 -0.162957    1.7298
 0.956375  0.130555 -0.164657   1.72448
 0.950875  0.144441 -0.178804   1.71601
 0.953492  0.133764 -0.176664   1.72014
 0.953715  0.141786 -0.166936   1.72029
 0.952684  0.138146 -0.178296   1.71935
  0.75672  0.227047 -0.426687   1.39791
 0.726125  0.183253 -0.442785   1.33056
 0.728128  0.181438 -0.444352   1.33575
0.728883 0.184723 -0.44242  1.33688
 0.727013  0.182907 -0.442888   1.33286
 0.73092 0.180823 -0.44867  1.34441
 0.732832  0.187073 -0.444895   1.34756
  0.72983  0.184735 -0.445364   1.34101
 0.729818  0.182914 -0.445728   1.34076
 0.728942  0.168424 -0.453513   1.34035
 0.729621  0.166839 -0.453498   1.34138
 0.726906  0.168746 -0.449548   1.33345
 0.724439  0.170006 -0.447459   1.32687
 0.724651  0.167248 -0.448406   1.32727
0.726041 0.168383 -0.44843  1.33039
 0.72727 0.163651 -0.45139   1.3342
0.724921 0.164675 -0.44915  1.32772
 0.725204   0.16206 -0.449875   1.32818
 0.726472  0.163177 -0.449966   1.33107
 0.727993   0.16755 -0.450214   1.33582
 0.726177   0.16577 -0.449232   1.33058
  0.72799  0.164905 -0.451348   1.33594
 0.726894  0.166082 -0.450367   1.33331
 0.732945   0.15083 -0.457074    1.3469
 0.734065  0.149541 -0.456831   1.34879
 0.730989  0.150306 -0.453964   1.34062
 0.728627  0.150533 -0.451371   1.33374
 0.729606  0.148398 -0.451464   1.33539
 0.730338  0.149309 -0.451768   1.33726
 0.732804  0.146453 -0.454064   1.34363
 0.730589   0.14645 -0.451355   1.33697
 0.731693   0.14455 -0.451209   1.33879
0.732258 0.145388 -0.45157  1.34034
 0.732077  0.149602 -0.454084   1.34278
 0.731201  0.147342 -0.451728   1.33863
 0.732921  0.147529 -0.454301   1.34425
 0.731726  0.148288 -0.453891   1.34166
  0.77577  0.154906 -0.446066   1.42871
0.917702 0.158889 0.204602  1.64893
0.904185 0.106303 0.175868  1.61353
0.918792  0.14337 0.236591  1.65034
0.910776 0.125534 0.221064  1.63908
 0.90997 0.120088  0.21713  1.63255
0.915257  0.13313 0.253069  1.64171
 0.91961 0.149353 0.296759  1.65409
0.919511 0.150001 0.290553  1.65196
0.868622 0.245192  0.27652   1.5701
0.870401 0.232712 0.287839  1.57429
0.86161 0.24288 0.28176 1.55749
0.862603 0.235592 0.287728  1.55985
0.855846 0.237556 0.285477  1.54743
0.859877 0.238127 0.284295  1.55338
0.866166 0.235569 0.285808  1.56517
0.866476 0.239653 0.279479  1.56501
0.919727 0.149093 0.293786  1.65309
0.917429 0.127466 0.288014  1.65153
 0.917992 0.0922453  0.264314   1.64912
  0.881038 -0.0196265   0.351572    1.59978
 0.897015 0.0088873  0.337058   1.62368
  0.910016 -0.0319184   0.313772     1.6474
   0.894425 -0.00716725    0.322518     1.61323
 0.905408 0.0345581  0.323074   1.63635
 0.908751 0.0482443  0.303362   1.63713
 0.917749 0.0367329  0.297794   1.65637
 0.909243 0.0439767   0.30272   1.63799
  0.926558 -0.0134559   0.273253    1.67005
 0.924022 0.0172793  0.272993   1.66286
 0.935482 0.0116298  0.245564   1.68258
  0.929267 0.00581587   0.249824    1.66858
 0.904305 0.0210337  0.309343   1.62865
 0.918645 0.0214709  0.277143   1.65124
    0.9166 -0.0103211   0.280113    1.64805
 0.914325 0.0055327   0.30303   1.65004
0.922725 0.187543 0.193533  1.66272
 0.92567 0.169887 0.200912  1.67482
0.914156 0.134072 0.226465  1.64761
  0.9298  0.21487 0.240149  1.67838
0.926479 0.222038 0.253495  1.67322
0.922308   0.2293 0.268527  1.66716
0.919829 0.219591  0.27371  1.66241
0.915576 0.133116 0.254561  1.64204
0.913322 0.227086 0.293194  1.65274
0.910682 0.118336 0.222239  1.63382
0.906073 0.130731 0.203804  1.62525
 0.884795 -0.049265  0.064986   1.60156
0.901824 0.135132 0.195637  1.61989
0.910273 0.113565 0.289415   1.6386
0.919418 0.149547 0.292104  1.65164
0.912707 0.125445 0.298054  1.64482
0.916056 0.138749 0.299255  1.64968
0.918789  0.14725 0.300534  1.65375
0.925011 0.212115  0.25706  1.67151
0.919589 0.147379 0.278296  1.65241
0.928474 0.204644 0.242238  1.67849
0.922858 0.152561 0.242775  1.66129
 0.92733 0.171364 0.226586  1.67194
  0.78414  0.119753 -0.421538    1.4292
  0.78319   0.11293 -0.418581   1.42456
0.788473 0.114887 -0.41308  1.43351
 0.785725  0.115624 -0.414891   1.42855
 0.780885  0.106351 -0.418649   1.41856
 0.775545  0.102687 -0.419811    1.4069
 0.782008 0.0993401 -0.412215   1.41656
 0.780713  0.103204 -0.416228    1.4163
 0.794663  0.107385 -0.402073   1.44045
 0.790384 0.0961239 -0.401496   1.42914
 0.801422  0.093376 -0.385006   1.44548
 0.796828   0.10024 -0.392255   1.43945
  0.78415  0.109222 -0.414235   1.42377
 0.787877   0.10101 -0.406689    1.4268
 0.790309  0.109599 -0.405136   1.43269
   0.7874  0.105406 -0.411106   1.42874
0.776755 0.146151 -0.44578  1.42926
 0.766061  0.161762 -0.458636   1.41542
0.753731 0.124923 -0.44808  1.37978
 0.755927  0.123224 -0.447457   1.38376
  0.75117   0.12273 -0.446825    1.3732
 0.748231  0.121984 -0.444428   1.36521
 0.750332   0.11986 -0.443198   1.36857
 0.750496  0.121029 -0.444102   1.36963
  0.75574  0.118868 -0.443825   1.38045
 0.752498  0.117775 -0.441636   1.37191
 0.755013  0.115547 -0.439644   1.37573
 0.755087  0.116986 -0.440933   1.37685
 0.752571  0.122673 -0.446117   1.37572
 0.752614  0.119045 -0.442706   1.37297
  0.75502  0.120582 -0.444669    1.3797
 0.753237  0.120742 -0.445289   1.37632
 0.770941  0.160893 -0.449195   1.42121
 0.738745  0.211397 -0.431204   1.35821
 0.743924  0.220762 -0.423488   1.36725
 0.734052  0.213584 -0.425854   1.34539
 0.736453    0.2185 -0.421799   1.34934
 0.730824  0.218028 -0.424983   1.33889
 0.732675  0.215949 -0.423213   1.34158
 0.738004  0.217673 -0.425514    1.3551
0.737104 0.214969 -0.42651  1.35304
 0.832035  0.231488 -0.408079   1.53628
 0.836812  0.230009 -0.402845   1.54377
 0.831157  0.233627 -0.403653   1.53438
 0.832684  0.231499 -0.404794   1.53609
0.841886 0.228492 -0.39725  1.55184
0.847304 0.226451  -0.3911  1.56037
 0.841052  0.231301 -0.392439    1.5501
0.842662 0.228538 -0.39339  1.55174
 0.830548  0.237372 -0.397015    1.5324
 0.835137  0.239293 -0.392835   1.54112
 0.837456  0.230067 -0.399394   1.54353
  0.83809  0.233841 -0.393672   1.54481
 0.832772  0.234968 -0.399929   1.53657
 0.836009  0.232311 -0.398355   1.54195
 0.74545 0.132684 -0.45354  1.36704
  0.74226  0.136377 -0.454033   1.36139
  0.74365  0.131271 -0.450927   1.36135
 0.741811  0.133348 -0.451345   1.35811
 0.741898  0.130547 -0.448548   1.35581
 0.742323  0.131833 -0.450808   1.35857
 0.742445  0.134686 -0.452973   1.36081
 0.744488  0.133035 -0.452618   1.36455
 0.848079  0.226555 -0.386874   1.56016
  0.84942  0.231279 -0.379775   1.56276
 0.842762  0.232975 -0.388052   1.55237
 0.846554  0.229499 -0.385987   1.55863
  0.85073  0.238769 -0.371103   1.56561
  0.83746  0.239958 -0.387053   1.54388
 0.840371  0.236244 -0.385763   1.54811
 0.846805  0.238933 -0.379832   1.56054
 0.875135  0.233507 -0.338395   1.60584
 0.860362  0.235255 -0.358523    1.5811
 0.873301  0.221841 -0.347535   1.60028
 0.865867  0.225115 -0.358411   1.58892
 0.871327  0.215287 -0.356997   1.59643
 0.869695  0.219184 -0.355912   1.59472
 0.863473  0.229793 -0.357125   1.58555
 0.870301  0.233387 -0.349946   1.59915
 0.900145  0.190104 -0.317532   1.64151
 0.906054  0.185719 -0.307885   1.65099
 0.900659  0.194533 -0.308108   1.64131
0.901547 0.191495 -0.31116  1.64282
 0.911831  0.180162 -0.297196    1.6598
 0.916709  0.174242 -0.286913   1.66675
 0.912469  0.183745 -0.286278   1.65943
 0.913131    0.1815 -0.289692   1.66067
 0.898619  0.211501 -0.304507   1.64098
 0.905563  0.212725 -0.295272   1.65452
 0.907514  0.187087 -0.300184   1.65206
 0.910483  0.194118 -0.287324   1.65736
 0.903017  0.198614 -0.300371   1.64512
  0.90642    0.1912 -0.298292   1.65069
 0.918206  0.194185 -0.266205   1.67003
 0.924278  0.195869 -0.255947   1.68196
 0.920933  0.175207 -0.268662   1.67195
 0.921205   0.16977 -0.277369   1.67352
 0.926154  0.165707 -0.267053   1.68144
 0.921933  0.171822 -0.270151   1.67344
  0.93075  0.164461 -0.244927   1.68653
 0.930746  0.160544 -0.255727   1.68821
 0.934515  0.155241 -0.245221    1.6934
 0.931392  0.162507 -0.247651   1.68785
  0.92269  0.180038 -0.259653   1.67447
 0.926905  0.167791 -0.258378   1.68107
 0.92902 0.175637 -0.24564  1.68477
  0.92579  0.172206 -0.257909   1.67976
 0.934949  0.175417 -0.224636   1.69409
 0.939776  0.177619 -0.214415   1.70376
 0.937468  0.156833 -0.227122   1.69647
 0.938028  0.151159 -0.235651   1.69862
 0.941857  0.147377 -0.225443   1.70468
 0.938356  0.153717 -0.228052   1.69789
 0.945134   0.14558 -0.203406    1.7074
 0.945268  0.142408 -0.214452    1.7095
 0.948144  0.137643 -0.204564   1.71349
 0.945572  0.144672 -0.206488   1.70874
 0.938774  0.162006 -0.217645   1.69822
 0.942233  0.149911 -0.216482    1.7038
 0.943847  0.157674 -0.203611   1.70645
 0.941275  0.153969 -0.216419   1.70252
0.733361 0.194248 -0.44164  1.34857
 0.737354   0.20199 -0.436235   1.35565
 0.729918  0.195672 -0.437022   1.33858
 0.731602  0.199741 -0.434146   1.34135
 0.727463  0.198734 -0.435841   1.33305
 0.728766  0.197565 -0.435048   1.33545
 0.732824  0.199124 -0.437409   1.34612
 0.732091  0.196968 -0.438084   1.34444
   0.7352  0.241869 -0.409697   1.34645
 0.739494  0.235699 -0.409912   1.35406
 0.742517  0.242075 -0.404362   1.35913
  0.73766  0.238604 -0.406463   1.34907
 0.745438  0.232703 -0.415257   1.36936
 0.751763  0.244512 -0.404372   1.38022
 0.744361  0.240977 -0.407362    1.3651
 0.743607  0.236912 -0.409204   1.36327
 0.961907  0.122078 -0.119629   1.72961
0.962483 0.124012 -0.11836  1.73111
 0.960828  0.120926 -0.137588   1.72946
 0.961115  0.118928 -0.151691   1.73229
 0.962926  0.115595 -0.141367   1.73472
 0.961135  0.122678 -0.143212   1.73144
 0.964148  0.114281 -0.119922   1.73448
 0.964204   0.11248 -0.132015   1.73613
0.965172 0.110369 -0.12362  1.73716
 0.964407  0.116217 -0.126038   1.73624
 0.961827  0.125663 -0.130452   1.73149
 0.962975   0.11961 -0.134075   1.73423
0.963611  0.12344 -0.12225  1.73452
 0.962758  0.118232 -0.128949   1.73268
 0.853274  0.237296 -0.345537   1.56195
 0.865971  0.243037 -0.331545   1.58686
  0.942231 0.00943702   0.208484    1.68889
 0.950591 0.0332476  0.190403   1.70588
   0.949171 -0.00288526    0.195324      1.7044
  0.948075 0.00432175   0.193017    1.70023
 0.956206 0.0537535  0.121744   1.70945
 0.954776 0.0466998  0.159302   1.71079
  0.955903 -0.0258837   0.150532     1.7143
0.961978 0.016124 0.112729  1.72212
  0.962701 -0.0282124  0.0911659    1.72579
  0.960977 -0.0364165   0.106531    1.72138
 0.953347 0.0201918  0.157106   1.70644
 0.959161 0.0137039  0.120093   1.71618
  0.954344 -0.0186409   0.148576    1.70892
 0.955667 0.0213043  0.149869   1.71141
 0.896375  0.196098 -0.320602   1.63523
 0.898367  0.201586 -0.310401   1.63855
 0.893852  0.206816 -0.318277   1.63251
 0.895962  0.197946 -0.315886   1.63402
  0.89223  0.227573 -0.317458   1.63594
 0.894922  0.207174 -0.309723   1.63309
 0.896023  0.207874 -0.308875   1.63555
 0.966361  0.113285 -0.118348   1.73977
 0.967332  0.112785 -0.108417   1.74092
 0.965071  0.118087 -0.114967    1.7366
 0.965856  0.111414 -0.111454   1.73744
  0.968246   0.113108 -0.0992165    1.74222
  0.968817   0.113079 -0.0902965    1.74274
  0.966573   0.119305 -0.0965395     1.7383
  0.967441    0.11272 -0.0923109    1.73944
 0.963283  0.128632 -0.112377   1.73294
 0.964183  0.129737 -0.103879   1.73427
0.966644 0.112019 -0.10205  1.73839
  0.965673   0.117547 -0.0991971    1.73612
 0.965075  0.117358 -0.107289   1.73554
0.965897 0.117778 -0.10571  1.73747
0.919273 0.135493 0.274908  1.65201
 0.959941  0.125198 0.0673515    1.7227
  0.95989  0.131979 0.0713016    1.7219
 0.960733  0.132147 0.0689568   1.72362
0.960327 0.131835 0.070643  1.72327
0.961108 0.141191 0.071935  1.72373
 0.960406   0.14286 0.0728755   1.72171
 0.960797  0.139841 0.0710235   1.72372
 0.959632   0.14363 0.0764157   1.72084
0.960465 0.137446 0.075373  1.72277
 0.832353  0.406557 0.0287681   1.51135
  0.842743   0.392937 0.00545372    1.52668
 0.847574  0.387727 0.0355558   1.53557
 0.839935  0.386717 0.0235387   1.51745
   0.85681   0.376752 -0.0119444    1.55149
 0.862344  0.374597 0.0421422   1.56293
 0.853895  0.375038 0.0332676   1.54343
  0.855232   0.372722 0.00547051    1.54562
0.918966 0.140214 0.293547  1.65339
 0.906957 0.0783316  0.300717   1.63373
0.907194 0.097087 0.287123  1.63119
 0.904728 0.0918382  0.306617   1.63165
 0.931781 0.0816403  0.226863   1.67138
 0.926979 0.0839252  0.234132    1.6619
0.884104 0.100645  0.34229  1.59892
 0.890743 0.0864625  0.334514   1.60966
 0.880962 0.0864179   0.35448   1.59655
 0.885437 0.0872664  0.340388   1.59982
 0.896133 0.0723602   0.32582   1.61736
 0.904255 0.0626176  0.306363   1.62849
 0.897827 0.0520043  0.328505   1.62144
 0.900198 0.0562964  0.321434   1.62411
 0.875663 0.0618685  0.360621   1.58796
 0.887261 0.0371315  0.344363   1.60487
  0.86715 0.0224996  0.362476   1.57327
 0.879651 0.0345135  0.356121   1.59335
 0.892842 0.0700566  0.333226   1.61243
 0.893169 0.0463389  0.341487   1.61579
0.882891 0.067368 0.352002  1.59812
 0.888666 0.0671796  0.345434   1.60841
 0.85707 0.295576 0.222911  1.54909
0.862764 0.298251 0.213799  1.55846
 0.86374 0.290254 0.223409  1.56058
0.860864 0.292219 0.218748  1.55357
0.870663 0.299179  0.20463  1.57289
 0.87143 0.286166 0.224726  1.57527
0.867539 0.288182 0.220998  1.56632
 0.86843 0.292143 0.210459  1.56721
 0.91668 0.142703 0.279388   1.6446
0.907124 0.106616 0.299962  1.63408
0.849666 0.125997  0.33789   1.5322
0.860941 0.120449 0.350916  1.55759
0.847182 0.104746 0.349255  1.52838
0.854768 0.118856  0.34715  1.54656
0.870897 0.112185 0.352675  1.57614
0.880386 0.104182 0.342141  1.59079
 0.875165 0.0910314  0.354855   1.58408
0.875762 0.105932 0.355769  1.58762
 0.848727 0.0731182  0.359017   1.53257
 0.867857 0.0682543  0.360799   1.57105
 0.856551 0.0311158  0.362601   1.54895
  0.85821 0.0631245  0.365623   1.55641
 0.86546 0.111957 0.357748  1.56933
 0.868728 0.0889961  0.362507   1.57585
 0.854753 0.0954368   0.35888   1.54861
 0.862429 0.0976022  0.357647   1.56065
 0.892818 0.0924593  0.330465   1.61282
 0.889565 0.0981259  0.329119   1.60534
0.898667  0.09253 0.311071   1.6189
 0.903838 0.0748472  0.313608   1.63069
 0.898807 0.0748768  0.317535   1.62017
 0.897177 0.0928629  0.322097   1.61984
 0.780381  0.115577 -0.421504   1.42038
  0.77769  0.122044 -0.428488   1.41928
 0.780253  0.118922 -0.423184   1.42151
 0.771933  0.117229 -0.432197    1.4082
0.771255 0.123781 -0.43859  1.41122
 0.772621  0.120161 -0.432876   1.41046
 0.778432  0.110233 -0.421615   1.41534
 0.773565  0.111657 -0.427404   1.40815
 0.774886  0.105652 -0.422927   1.40752
 0.775316  0.108181 -0.424863   1.41005
 0.776251  0.118975 -0.430727   1.41691
 0.773465  0.114006 -0.429288    1.4094
    0.778   0.11316 -0.424154   1.41628
 0.776318  0.115818 -0.426552   1.41433
 0.773089  0.151753 -0.454602   1.42626
 0.817622    0.2317 -0.423544   1.51292
 0.820399  0.232302 -0.420654   1.51762
0.815765 0.232939 -0.42144  1.50968
 0.817391   0.23196 -0.421989   1.51168
 0.823684  0.232586 -0.417082   1.52299
 0.827577   0.23235 -0.412891   1.52922
 0.821827  0.234486 -0.414022    1.5196
 0.823708  0.232711 -0.414658   1.52184
 0.812585  0.235225 -0.416033   1.50262
 0.815882  0.237024 -0.412391   1.50847
 0.820203  0.232488 -0.418636   1.51621
0.819135 0.234962 -0.41517  1.51444
 0.815931   0.23379 -0.419215   1.50928
 0.818544   0.23374 -0.418131   1.51424
 0.815755  0.230691 -0.425501   1.50961
 0.813349  0.229829 -0.426196   1.50582
 0.815286  0.229007 -0.426453   1.50869
 0.814601  0.229486 -0.425971   1.50709
0.810765 0.228461 -0.42604  1.50083
 0.806881  0.228978 -0.426016   1.49456
 0.810039  0.225407 -0.428756   1.50019
 0.809543  0.227567 -0.426473   1.49852
 0.816217  0.226136 -0.426003   1.50977
 0.814146  0.222493 -0.428827    1.5071
 0.819737   0.22102 -0.422149   1.51416
 0.816737  0.221729 -0.425304   1.50943
 0.812308  0.228239 -0.426464    1.5034
  0.81235   0.22448 -0.427571   1.50312
 0.814742  0.226765 -0.426497     1.507
 0.813165  0.227013 -0.427465    1.5054
0.919056 0.143008 0.289591  1.65223
  0.963407 -0.0964177  0.0795675    1.73413
 0.942505 -0.124051  0.164209   1.69859
 0.951556 -0.072178  0.149712    1.7075
  0.950014 -0.0863794   0.156039    1.71063
 0.908734 -0.106191  0.262202   1.63997
   0.87181 -0.0462239   0.328593    1.57183
  0.912551 -0.0540544   0.278448    1.64302
 0.902107 -0.079328  0.321294   1.64241
  0.944569 -0.0350076   0.197696    1.69495
  0.931126 -0.0322825   0.235952     1.6707
   0.938865 -0.00544727    0.210433      1.6812
  0.938076 -0.0224843   0.231076    1.68607
 0.928084 -0.104145  0.247297   1.68253
  0.926481 -0.0574106   0.268762    1.67385
  0.943504 -0.0529902   0.212306     1.6993
  0.933628 -0.0778224   0.219458    1.67925
0.856257 0.206017 0.308401  1.54857
0.862318 0.213296 0.307798  1.55975
0.864313  0.20517 0.312314  1.56408
0.860872  0.20848 0.309487  1.55624
0.869287 0.216357 0.302378   1.5718
0.873601 0.200919 0.310204   1.5804
0.867673 0.205069 0.309591   1.5682
0.867418 0.209878 0.304427  1.56699
0.853672 0.138917 0.328613  1.53944
0.857076 0.146756 0.323426  1.54619
0.863107 0.147685 0.337542  1.56118
0.858736 0.144361 0.326758   1.5509
0.858085 0.154459 0.321467  1.54865
0.857618 0.162744 0.320467  1.54827
0.864407 0.164901 0.330107  1.56352
0.859856  0.16095 0.321575  1.55354
0.869432 0.152298  0.33798  1.57286
 0.87008 0.160529 0.332392   1.5733
0.876742 0.149698 0.330506  1.58433
0.871377 0.154578 0.336763  1.57687
0.859905 0.152691 0.323043  1.55316
0.866107 0.161361 0.333008  1.56775
0.865713 0.152358 0.336888   1.5673
0.864158 0.156563 0.333177  1.56316
 0.761144  0.156708 -0.459083   1.40522
 0.761312  0.156627 -0.459064   1.40555
 0.761679  0.156918 -0.459738   1.40659
 0.760919  0.156002 -0.459905   1.40499
 0.760895  0.156175 -0.460016   1.40502
 0.760939   0.15593 -0.459748   1.40495
  0.76084  0.156689 -0.460012   1.40501
 0.760896  0.155878 -0.459794   1.40487
0.768861 0.158808 -0.45658  1.41954
 0.760839  0.156016 -0.459928   1.40484
 0.745911  0.131369 -0.452628   1.36722
 0.747533   0.12999 -0.452228   1.37012
 0.743982  0.130033 -0.450534   1.36158
 0.741767  0.129589 -0.447926     1.355
 0.743193  0.127713 -0.447394   1.35735
0.743448 0.128661 -0.44797  1.35839
 0.747041    0.1265 -0.449156   1.36654
0.744657 0.125901 -0.44661  1.35964
 0.746316  0.123957 -0.445667   1.36224
 0.746511   0.12505 -0.446428   1.36328
 0.745042  0.129736 -0.450233   1.36356
0.744855  0.12691 -0.44729  1.36063
0.746648 0.127821 -0.44965  1.36624
 0.745334  0.128237 -0.449737    1.3636
 0.760868  0.156417 -0.460058   1.40503
 0.76264 0.155588 -0.45861  1.40775
 0.766316  0.157473 -0.459009   1.41542
0.767594 0.156653 -0.46023  1.41839
 0.770157  0.155656 -0.460529   1.42338
 0.768969  0.122472 -0.440032   1.40693
  0.76486  0.118212 -0.438212   1.39658
 0.769152  0.116225 -0.433877   1.40301
   0.7679  0.118999 -0.436096     1.402
0.762274 0.114873 -0.43813  1.39042
 0.758087  0.113276 -0.436987   1.38039
 0.761651  0.110887 -0.433926   1.38589
 0.761509  0.112592 -0.435688   1.38683
 0.770459  0.110487 -0.429816   1.40262
 0.765564  0.108485 -0.430099   1.39177
 0.770198  0.105757 -0.425491   1.39882
 0.769822  0.108133 -0.428056   1.39973
 0.764503  0.115725 -0.436232   1.39422
   0.7653  0.110473 -0.432275   1.39269
 0.768889  0.113734 -0.432131     1.401
 0.766032  0.112798 -0.434261   1.39594
 0.760672  0.155991 -0.459837   1.40446
 0.763856  0.153105 -0.454127   1.40792
 0.774206  0.148697 -0.446794   1.42452
 0.777994  0.125051 -0.428575   1.42026
 0.776057  0.133435 -0.435941   1.42107
 0.771594  0.125846 -0.437894   1.41156
 0.776434  0.129639 -0.435391   1.42118
 0.765704  0.130762 -0.448217   1.40517
 0.780233  0.137538 -0.434208   1.42983
 0.782823  0.128368 -0.426598   1.43018
0.786219  0.13786  -0.4233  1.43734
 0.782324  0.132422 -0.424258   1.42842
 0.768441    0.1529 -0.461228   1.41962
 0.760845  0.156991 -0.459168   1.40471
 0.760864  0.157152 -0.459327   1.40485
 0.762395  0.156601 -0.456855   1.40668
  0.76177  0.157414 -0.460015   1.40692
 0.765034  0.159107 -0.458549   1.41302
  0.76289  0.157729 -0.455552   1.40732
 0.762299  0.155865 -0.458798   1.40714
 0.737338  0.153826 -0.462511   1.35994
 0.760789  0.156253 -0.460012   1.40481
 0.768097  0.161469 -0.456848   1.41866
 0.762027  0.156642 -0.460065    1.4073
 0.764212  0.156816 -0.455215   1.40966
 0.761659  0.156687 -0.459746    1.4065
  0.76038  0.162824 -0.443493   1.39814
 0.761274   0.15638 -0.459066   1.40542
 0.760701  0.156569 -0.460168   1.40476
  0.76119  0.156334 -0.459083   1.40527
 0.762289  0.156443 -0.460186   1.40786
 0.761048  0.155883 -0.459196   1.40494
 0.760952  0.155971 -0.459571   1.40491
 0.760891  0.155693 -0.459459   1.40471
 0.760952  0.156117 -0.459409   1.40486
 0.761087  0.156079 -0.459084     1.405
 0.761034   0.15617 -0.459348   1.40502
 0.790343  0.142439 -0.409912   1.44051
0.796197 0.141428 -0.40124  1.44892
 0.790779  0.150951 -0.403364   1.43991
 0.791999   0.14303 -0.403143   1.44092
 0.805195  0.137984 -0.386211   1.46126
 0.820966  0.140403 -0.364826   1.48831
  0.80267  0.155859 -0.380316   1.45695
0.806953 0.142407 -0.37606  1.46224
  0.78951  0.157551 -0.397865   1.43612
0.793646 0.163142 -0.39094  1.44322
 0.787147  0.169231 -0.399806   1.43416
  0.78996  0.161588 -0.396184   1.43744
 0.797863  0.140647 -0.390232   1.44736
 0.797081  0.154558 -0.387359   1.44768
 0.791534  0.150959 -0.396021   1.43827
 0.796427  0.150538 -0.391393   1.44671
   0.7872  0.145821 -0.408716   1.43364
 0.787026  0.150095 -0.409236   1.43448
 0.785086  0.157641 -0.400491   1.42779
 0.783273  0.164988 -0.405221   1.42775
 0.781357  0.154839 -0.418423   1.42781
 0.783597  0.157362 -0.409623   1.42876
0.737041 0.143555  -0.4564  1.35343
 0.738332  0.142028 -0.456026   1.35558
 0.735076  0.142869 -0.453679   1.34739
 0.732812  0.142801 -0.450889   1.34057
 0.734007  0.140988 -0.450713   1.34259
 0.734511   0.14174 -0.451075     1.344
 0.737027  0.139255 -0.453221   1.35042
 0.735047  0.139356 -0.450455   1.34429
 0.736037  0.137696 -0.450227   1.34589
 0.736531    0.1384 -0.450563   1.34725
  0.73616  0.142293 -0.453655    1.3495
 0.735506  0.140065 -0.450832    1.3456
 0.737201  0.140225 -0.453577   1.35121
0.735986 0.141029 -0.45329  1.34866
 0.730848  0.160366 -0.456528   1.34433
 0.730591  0.165166 -0.454782   1.34379
  0.72857  0.160113 -0.452754   1.33696
 0.728269  0.162662 -0.451846    1.3363
 0.726769  0.160698 -0.450531    1.3315
 0.727399  0.161168 -0.451874   1.33419
 0.729048  0.163232 -0.454523   1.33998
 0.729824  0.161745 -0.454524   1.34124
 0.765689   0.16334 -0.453299   1.41282
 0.771491  0.157717 -0.455048   1.42411
 0.763091  0.154329 -0.456113   1.40742
 0.750253   0.13311 -0.454607   1.37774
 0.754331  0.130316 -0.453604    1.3852
 0.760697  0.156926 -0.460249   1.40485
 0.765435  0.153318 -0.456783   1.41221
 0.760732  0.157192 -0.460171   1.40494
 0.767883  0.161292 -0.452476   1.41652
 0.763379  0.157057 -0.455378   1.40811
 0.760807  0.157322 -0.459958   1.40503
 0.762381  0.156264 -0.455306   1.40594
 0.761965   0.15671 -0.457471   1.40609
0.761428 0.157207 -0.45816  1.40541
 0.760628  0.157075 -0.460191    1.4047
 0.762059  0.157171 -0.459005     1.407
 0.761019  0.157309 -0.459559   1.40528
 0.761433  0.157185 -0.459698   1.40612
 0.762072  0.156935 -0.455414    1.4055
 0.761237  0.157242 -0.459566    1.4057
 0.761337   0.15756 -0.459689   1.40594
 0.760933  0.156983 -0.459134   1.40487
 0.761115    0.1573 -0.459608   1.40548
 0.955836  0.132143 0.0658988   1.71582
 0.960936   0.12361 0.0327018   1.72653
 0.960542  0.126972 0.0607149   1.72275
 0.958603   0.13535 0.0615165   1.72281
   0.96873  0.0849998 0.00193778    1.74281
  0.969329   0.014465 0.00163336    1.74234
 0.967603 0.0777199 0.0475165   1.73452
 0.967933 0.0395819 0.0434159   1.73645
 0.962791  0.116275 0.0676242   1.72515
 0.964462 0.0973969  0.063702   1.72707
 0.962118  0.118109 0.0832306   1.72393
  0.96313  0.104713 0.0776977   1.72515
 0.962749  0.108561 0.0398905   1.72929
 0.964868 0.0866027 0.0598034   1.72809
 0.962139  0.117331 0.0660394   1.72523
 0.964151  0.106814 0.0421686   1.72848
 0.863805  0.360587 0.0869544   1.56273
0.870178 0.345292 0.119255  1.57459
0.853801 0.364951 0.102921  1.54423
0.858272 0.354465 0.119662  1.55218
0.847555 0.367304  0.12005  1.53473
0.852431  0.35676 0.113692  1.53902
 0.86249 0.349631 0.115353  1.55824
 0.861885  0.351599 0.0993635    1.5559
  0.811268    0.41739 -0.0954639    1.47687
 0.820032    0.3982 -0.115177    1.4885
  0.831798   0.396345 -0.0868753    1.50996
 0.819099  0.397031 -0.096636   1.48297
 0.83323 0.377934  -0.1328   1.5121
  0.854056   0.374248 -0.0824633    1.55037
  0.836238   0.384522 -0.0922384    1.51536
 0.830865  0.377724 -0.109715   1.50258
   0.87242   0.341107 -0.0764149    1.57718
 0.964487  0.128289 0.0335134   1.73109
0.963899 0.134131 0.037982  1.72964
 0.964288  0.134641 0.0308073   1.73023
0.964217  0.13565 0.035004  1.73067
  0.96347   0.13906 0.0243209   1.72727
 0.962839  0.144081 0.0325267   1.72702
 0.962769  0.144656 0.0413153   1.72715
 0.960148  0.138863 -0.102422   1.72513
 0.962399  0.153677 -0.079454   1.73029
  0.96462  0.139917 0.0212779   1.73068
 0.964611  0.137983 0.0234666    1.7303
 0.965596  0.133469 0.0180744    1.7333
 0.966289  0.129218 0.0161218   1.73498
 0.965823  0.129098 0.0213164   1.73398
 0.965812  0.128342 0.0175345    1.7337
 0.964743  0.135347 0.0291848   1.73156
 0.965462  0.129425 0.0267034   1.73333
 0.965062  0.129312 0.0319919   1.73261
 0.964916  0.128729 0.0278539   1.73191
 0.965323  0.132992 0.0191351   1.73246
 0.965338  0.128774 0.0221071   1.73274
 0.964628  0.134448 0.0225704   1.73093
0.965257 0.133272 0.022709   1.7325
 0.966172  0.128165 0.0121544   1.73441
0.965549 0.132949 0.015104  1.73293
  0.965805   0.132384 0.00788615    1.73333
  0.96583  0.134113 0.0124996   1.73386
    0.964785     0.134263 -0.000860961       1.7302
  0.964367   0.140958 0.00867524    1.73022
 0.964397  0.141635 0.0168566   1.73038
   0.967643    0.124725 -0.00999901      1.7374
   0.967061    0.127897 -0.00770464       1.736
  0.967298   0.125699 -0.0142859    1.73629
  0.967326    0.12866 -0.0106524    1.73685
  0.966804   0.132933 -0.0148633    1.73511
  0.966212     0.1301 -0.0150565    1.73383
   0.966167    0.133388 -0.00783504     1.73402
 0.959512  0.149937 0.0590827   1.71839
 0.966835  0.136497 -0.022042   1.73608
   0.96729   0.134746 -0.0174164    1.73679
 0.967976  0.126774 -0.025557   1.73838
  0.968775   0.123614 -0.0282513    1.74031
  0.968636   0.123819 -0.0228353    1.73988
  0.968321   0.122729 -0.0247707    1.73896
  0.967673   0.126009 -0.0159827    1.73735
  0.968396   0.124161 -0.0175047    1.73926
  0.968123   0.125506 -0.0121193    1.73872
  0.967931   0.123436 -0.0154428    1.73797
    0.9678   0.125834 -0.0215775    1.73766
  0.968196   0.122773 -0.0199258    1.73858
  0.967675   0.125053 -0.0179026    1.73718
  0.967933   0.126092 -0.0204336    1.73808
  0.968418   0.122204 -0.0302534    1.73925
  0.967779    0.12644 -0.0266027    1.73778
   0.96787   0.125104 -0.0331294    1.73796
  0.968007   0.126589 -0.0314337    1.73857
  0.966822   0.129508 -0.0364094    1.73547
  0.966517   0.131352 -0.0347289     1.7351
    0.9665   0.135842 -0.0280195    1.73538
  0.968808   0.117662 -0.0533211    1.74053
  0.968078    0.12298 -0.0494216    1.73893
 0.967994  0.120711 -0.055993   1.73871
   0.96828   0.121307 -0.0553141    1.73959
0.966875 0.131812 -0.05731  1.73681
   0.96679   0.122316 -0.0562977    1.73573
  0.966758   0.128918 -0.0517011    1.73622
 0.961313  0.149816 0.0318346   1.72203
  0.966201   0.126936 -0.0736158    1.73577
  0.966872   0.131771 -0.0655248    1.73742
  0.967711   0.119471 -0.0774263    1.73931
  0.969318   0.113625 -0.0816374    1.74327
  0.969588   0.113873 -0.0732108     1.7433
  0.968483   0.114045 -0.0745038    1.74062
  0.968181   0.118936 -0.0614868    1.73934
  0.969583   0.114975 -0.0654349    1.74287
 0.969484   0.11695 -0.058441   1.74245
  0.968825   0.115802 -0.0598388    1.74069
  0.967561   0.120929 -0.0699156    1.73847
  0.968755    0.11459 -0.0667213     1.7408
  0.967963   0.121142 -0.0611652    1.73895
 0.968029  0.119632 -0.069502   1.73957
 0.956458  0.191556 0.0195668   1.71579
 0.960883  0.155471 -0.129535    1.7342
  0.95248   0.15607 -0.161781   1.71903
 0.960035  0.136503 -0.138797   1.73008
  0.95616  0.139933 -0.156069   1.72406
 0.958902  0.126499 -0.153502   1.72815
 0.957972  0.129987 -0.154086   1.72657
 0.954481  0.145091 -0.159479   1.72166
  0.95781  0.153989 -0.150058   1.72964
 0.954211  0.163992 0.0730274   1.70707
 0.948257  0.140178 -0.197457   1.71257
 0.948723  0.145897 -0.188681     1.713
 0.946501  0.148891 -0.196616   1.70981
 0.947874  0.141294 -0.195175   1.71156
 0.944088  0.175346 -0.198867   1.71024
 0.946467  0.147272 -0.188372   1.70797
 0.946947  0.149512 -0.187363    1.7093
  0.965829    0.14514 -0.0382608    1.73454
 0.791324  0.389557 -0.208058   1.44229
 0.799451  0.369919 -0.219239   1.45318
 0.809578   0.37498 -0.196317   1.47148
 0.798113  0.372764 -0.204744   1.44732
 0.811479  0.353935 -0.232339   1.47735
 0.829353   0.36133 -0.191499   1.50922
 0.813802  0.365879 -0.201113   1.47861
 0.808918  0.358279 -0.212363   1.46745
   0.87919   0.345543 -0.0137426    1.58806
 0.786088  0.322557 -0.307112   1.43539
 0.805686  0.332555 -0.275388    1.4701
 0.777293   0.33408 -0.297802    1.4163
 0.787412  0.340464 -0.280215   1.43407
 0.771627  0.349688 -0.291546   1.40884
 0.776673  0.337689 -0.286888   1.41209
 0.790268  0.334082 -0.285058   1.44019
 0.784422  0.328051 -0.292549    1.4278
 0.957935  0.174198 -0.100193   1.72595
 0.933928   0.23434 -0.140795   1.68728
 0.917593  0.175928 -0.280303   1.66708
 0.918702    0.1824 -0.270784   1.66887
 0.914979  0.186742 -0.279615   1.66395
 0.916974  0.177933 -0.277262   1.66582
 0.911899  0.210205 -0.281439   1.66446
 0.914856  0.187117 -0.272858   1.66255
 0.915802  0.189573 -0.271539   1.66492
 0.753953  0.309248 -0.349128   1.37881
0.759158 0.297445 -0.35143  1.38624
 0.766364  0.305119 -0.339361   1.39879
 0.757849  0.301178 -0.344141   1.38131
 0.766854  0.289805 -0.357483    1.4038
 0.780747  0.303087 -0.335896   1.42842
 0.768753  0.301116 -0.342643   1.40471
 0.765187  0.295291 -0.347648   1.39718
 0.930138  0.215537 -0.198552   1.68613
 0.877475  0.224883 -0.337264   1.60841
  0.88412  0.228087 -0.330254   1.62193
 0.876559  0.216501 -0.346158   1.60584
 0.876657  0.211602 -0.354012   1.60645
 0.883022  0.206551 -0.344812   1.61607
 0.878174  0.211874 -0.347685   1.60741
 0.890301   0.20397 -0.324371   1.62576
 0.889014  0.201126 -0.335606   1.62498
 0.894695  0.195066 -0.326405   1.63321
 0.891066  0.201733 -0.329299   1.62748
 0.879585  0.219442 -0.338738   1.61067
 0.884719   0.20695 -0.338516    1.6176
 0.888364  0.214211 -0.326198   1.62453
0.883188 0.211033 -0.33601  1.61545
0.742156 0.272761 -0.38611  1.35859
 0.747064  0.264061 -0.386575   1.36633
  0.75177  0.271449 -0.378451   1.37441
 0.745298  0.267457 -0.381678   1.36107
 0.754013  0.259274 -0.391615   1.38302
 0.763215  0.272549 -0.376655   1.39918
 0.753857  0.269238 -0.381156   1.38033
0.752191 0.264116 -0.38429  1.37666
 0.762125  0.345521 -0.296403   1.38858
 0.756972  0.335674 -0.312179   1.37979
0.770934 0.330041 -0.30229  1.40269
  0.76558  0.340409 -0.308168   1.39847
0.753038 0.325231 -0.32675  1.37328
 0.749511  0.314885 -0.339802   1.36742
 0.762779  0.311054 -0.329756   1.38918
 0.757561  0.319626 -0.336493   1.38483
 0.777703  0.319917 -0.312059   1.41803
 0.777298  0.311334 -0.317335   1.41597
 0.761465   0.33002 -0.323068   1.39153
 0.768547  0.316164 -0.325713   1.40178
 0.773871  0.324955 -0.312585    1.4111
 0.766284  0.320504 -0.317517   1.39506
 0.852769  0.232627 -0.370473   1.56818
 0.857409  0.234553 -0.365805   1.57718
  0.85247  0.227702 -0.378669   1.56814
0.853028 0.224297  -0.3844  1.56947
 0.858708   0.22132 -0.377358   1.57824
 0.854003  0.224345 -0.379706   1.56953
 0.863743  0.222769 -0.364293   1.58591
 0.864459  0.218588 -0.370163   1.58733
 0.870356  0.215006 -0.362407   1.59643
 0.865443  0.218723 -0.365041   1.58737
 0.854642   0.22946 -0.373511   1.57128
 0.859505  0.221458 -0.372728   1.57801
 0.860585  0.226695 -0.365611   1.58034
 0.858016  0.224713 -0.371785   1.57662
 0.817178  0.237563 -0.408656    1.5097
 0.822797  0.235796 -0.410936   1.52057
 0.827927  0.232414 -0.410001   1.52855
 0.828435  0.235832 -0.404725   1.52954
 0.826344  0.234394 -0.409228   1.52673
 0.828561  0.240822 -0.397928    1.5295
 0.820418  0.237985 -0.408826   1.51601
0.826082 0.240578 -0.40408  1.52682
 0.871177  0.245356 -0.308251   1.59039
 0.810652  0.229917 -0.424562   1.50022
0.807225 0.231452 -0.42315  1.49448
 0.808412  0.230432 -0.421866   1.49521
0.813228 0.230819 -0.42486  1.50518
 0.815455  0.231039 -0.424531   1.50855
 0.813756  0.232362 -0.422464   1.50568
0.814458 0.231277  -0.4243  1.50763
 0.810666  0.234078 -0.416966    1.4986
 0.812232  0.231453 -0.424673   1.50354
 0.811286  0.232644 -0.419552   1.50086
 0.813134  0.232703 -0.422776   1.50486
  0.74607  0.305059 -0.352282   1.36207
 0.742606  0.295825 -0.362542   1.35618
  0.75391  0.293435 -0.354578   1.37508
 0.749739  0.300145 -0.360032   1.37155
 0.740118  0.286508 -0.371826   1.35206
0.738075 0.277614 -0.38008  1.34873
  0.74855  0.276231 -0.372462   1.36632
 0.744479   0.28155 -0.378112   1.36248
 0.759775  0.286486 -0.361038   1.38909
 0.760136  0.279585 -0.364204   1.38889
 0.746953  0.290716 -0.369604   1.36679
 0.753128  0.280722 -0.369786   1.37625
 0.756733  0.289047 -0.361175   1.38256
 0.750737  0.284577 -0.364551   1.36988
 0.92244 0.152351 0.226577  1.65667
0.918735 0.146387  0.22957  1.64905
0.910424 0.127761 0.217277  1.63798
0.913937 0.222679 0.303247  1.67049
0.912326 0.248623 0.317612  1.66256
   0.8159 -0.185216  0.200359   1.51574
0.916412 0.237932 0.285703  1.65908
0.893926 0.127434 0.360252  1.64751
0.925065 0.240003 0.323804  1.69499
0.918502 0.144637 0.279216    1.649
0.910075 0.247216 0.304878   1.6521
0.919704 0.149009 0.292271  1.65279
0.919829  0.14737 0.296262  1.65413
0.854241 0.267312 0.253804  1.54217
0.854304 0.274224 0.246066  1.54214
  0.8608 0.271536 0.246865  1.55391
0.856823 0.273284  0.24929  1.54857
0.854379 0.281345 0.237874  1.54224
0.854217 0.288448 0.229071  1.54177
0.861282 0.283967 0.229234  1.55428
0.857015  0.28756 0.232644  1.54887
0.867345 0.272711 0.240438  1.56548
0.868916 0.275736 0.231417  1.56774
0.857028 0.280384 0.241099  1.54892
0.862856 0.282552 0.234445  1.55867
0.862882 0.276576 0.242666  1.55915
0.860797 0.278289 0.238146  1.55381
0.917862 0.132322 0.280785  1.65027
0.916153  0.14939 0.305527  1.65062
0.916978 0.116443 0.270791   1.6484
 0.91852  0.14915 0.290145  1.64914
0.915888  0.10701 0.285546  1.64996
0.919727  0.14899 0.284273  1.65444
 0.922156 0.0626789  0.253747   1.65409
 0.934243 0.0203983  0.239364   1.67799
 0.926983 0.0373073  0.253565   1.66426
 0.927607 0.0335355  0.258334   1.66733
 0.916969 0.0472828  0.278098   1.64813
 0.913257 0.0547786  0.282079   1.64093
 0.922718 0.0534227  0.271105   1.66013
 0.91951 0.144743 0.286302  1.65226
0.869467 0.271634 0.244872  1.57101
0.870408 0.259903  0.25948   1.5738
0.862344 0.270012 0.250961  1.55802
0.863041 0.262918 0.258345  1.55977
0.856821 0.266202 0.256845  1.54867
0.860478 0.265061 0.254301  1.55351
0.866574 0.262225 0.256495   1.5652
0.867231 0.266077 0.248662  1.56569
 0.912531 0.0706538  0.297488   1.64527
 0.917158 0.0854501  0.278899   1.65131
 0.910548 0.0839744  0.284667   1.63717
0.931317 0.207858 0.227127  1.68017
0.930802 0.194771 0.228117  1.68313
0.917048 0.137292 0.253092  1.64701
0.914495 0.137241 0.221453  1.64775
0.919952 0.149972 0.295519  1.65477
0.920259 0.150214 0.280401  1.65525
0.913608 0.129564 0.254705  1.63658
0.914242 0.199752 0.279973  1.65846
 0.91213 0.234862 0.314057  1.65787
0.914201 0.142734 0.300207  1.64618
0.907472 0.109733 0.217924  1.62492
0.920265 0.151518 0.292125  1.65469
0.906442 0.114947 0.217214  1.62851
  0.9065 0.166721 0.311648  1.63609
0.912388 0.127576 0.229664  1.63417
0.912849 0.220648 0.290989  1.65581
0.907655 0.132714 0.219795  1.62415
0.913093 0.128385 0.254748  1.63622
 0.912775 0.0958389   0.19861   1.64718
0.901178 0.123209 0.154077  1.61798
 0.924616 0.0939381  0.311752   1.69817
0.897537 0.118064 0.191037   1.6077
0.903604 0.122531 0.219511  1.61822
0.898331 0.127633 0.195871  1.60271
0.866596 0.246607 0.272549  1.56491
0.868021 0.249965 0.264873   1.5669
0.860125 0.244713 0.278011  1.55356
0.853275 0.238945 0.282851  1.54103
0.853364 0.246099 0.276256  1.54098
0.855804 0.244911 0.279177   1.5472
0.860708 0.257266 0.262855    1.554
0.853598 0.253208 0.269122  1.54123
0.853867 0.259963 0.261536  1.54145
0.856377 0.258921 0.264934  1.54795
0.862123  0.24955 0.274604  1.55849
0.856104  0.25206 0.272214  1.54763
0.862112 0.255522 0.267617  1.55796
0.860092 0.251604 0.270492  1.55332
0.859278  0.17013 0.320555   1.5531
0.865646 0.179531 0.326755  1.56664
0.865923 0.169748 0.329705  1.56758
0.863885 0.173586 0.326872  1.56265
0.872694 0.179311 0.323004   1.5778
0.877056 0.162178   0.3309  1.58754
0.872205 0.165094 0.331997  1.57812
0.870773 0.168387 0.328809  1.57438
0.871768 0.176957 0.324939    1.577
0.856738 0.171917 0.319692  1.54725
0.855632 0.181162 0.318149  1.54556
0.863595 0.182648 0.324604  1.56185
0.858375 0.179315 0.319303  1.55194
0.854553 0.190123   0.3152  1.54368
0.853789 0.198913 0.311053  1.54227
 0.86245 0.198631 0.314909  1.55915
0.856788 0.196958 0.313115  1.54948
 0.87046 0.182629 0.319034  1.57206
0.872029 0.188446 0.312773  1.57476
0.857472  0.18819 0.316901  1.55061
0.864469 0.195278 0.318803  1.56417
0.864936 0.187423 0.323697  1.56553
0.862724 0.190943 0.320302  1.56014
0.914538 0.129326 0.290042  1.64552
0.882012 0.274176 0.231643  1.59497
0.917664 0.141617 0.294677  1.65083
 0.91783 0.214933  0.27024  1.66296
0.909525 0.128234 0.299436  1.63808
0.922282 0.207867 0.252547  1.67073
0.920197 0.146246 0.285497  1.65409
0.919491  0.14639 0.281114  1.65241
0.925274 0.200537 0.236677  1.67595
0.917042 0.136485 0.256119  1.64683
0.913097 0.125699 0.227281  1.64112
0.915666 0.140636  0.23291  1.65203
0.917908 0.199689 0.258227  1.66267
 0.91297  0.12808 0.221657  1.64091
0.923011 0.165471 0.213111  1.66936
0.923521 0.156231 0.237093  1.66192
 0.91805 0.141042 0.255022  1.65079
0.927066 0.164156 0.240646  1.66953
0.923545 0.159137 0.248324  1.66471
0.923072 0.172332 0.201449  1.67081
0.928471 0.174724 0.241172  1.67444
 0.763131  0.121195 -0.440503   1.39467
 0.764641  0.124178 -0.442573   1.39941
  0.75696  0.124412 -0.445731   1.38512
  0.76104  0.117383 -0.439465   1.38894
 0.757323  0.119425 -0.442622   1.38319
 0.757994  0.114901 -0.438575   1.38134
 0.758644  0.116963 -0.441115   1.38473
 0.758423  0.122173 -0.443193   1.38638
 0.761743  0.120444 -0.441851   1.39237
  0.77177  0.144556 -0.456037   1.42333
   0.7527  0.126589 -0.449461    1.3787
 0.748301  0.130205 -0.451578   1.37138
 0.750589  0.124283 -0.447445    1.3726
0.748156 0.126512 -0.44856  1.36852
 0.748334  0.123154 -0.445332   1.36615
0.748877 0.124681 -0.44776  1.36924
 0.748972  0.128222 -0.449971   1.37147
 0.751459  0.126435 -0.449374   1.37603
 0.766756  0.155181 -0.460557   1.41652
 0.77175 0.132032 -0.44591  1.41691
0.772527 0.136706 -0.44313  1.41783
0.741065 0.137918 -0.45376  1.35902
 0.741834  0.136537 -0.454001   1.36051
 0.73884 0.136334 -0.45197  1.35282
 0.736982  0.136134 -0.449778   1.34729
 0.738184  0.134514 -0.449295    1.3492
 0.738465  0.135372 -0.449749   1.35021
  0.74107  0.133437 -0.451691    1.3568
  0.73938  0.132895 -0.448962   1.35121
 0.740475  0.131266 -0.448573   1.35298
 0.740675  0.132151 -0.449067   1.35385
 0.739858  0.135938 -0.451854    1.3548
 0.739587  0.133721 -0.449399   1.35205
 0.740794  0.134468 -0.451957   1.35658
 0.739948  0.134864 -0.451668   1.35467
 0.737385  0.136944 -0.450213   1.34853
 0.738827  0.137422 -0.452345   1.35324
 0.737973  0.138799 -0.453126   1.35224
 0.737774  0.137675 -0.452603   1.35126
 0.739198   0.14112 -0.456394   1.35742
 0.738855  0.139596 -0.455034   1.35554
 0.739898   0.13901 -0.454224   1.35709
  0.77541  0.160005 -0.436937    1.4251
 0.737088  0.144831 -0.457122   1.35424
 0.734909  0.148799 -0.457135   1.35057
 0.735069  0.143927 -0.453984   1.34778
 0.733787  0.146008 -0.453987   1.34552
 0.733264  0.143628 -0.451331   1.34193
 0.733731   0.14467 -0.453621    1.3449
 0.734503   0.14706 -0.456245    1.3488
 0.736036  0.145648 -0.455922   1.35148
 0.781652  0.176698 -0.410904   1.42837
 0.778002  0.162992 -0.420041   1.42309
  0.77878  0.168149 -0.419631   1.42514
 0.733281  0.152105 -0.457571   1.34818
0.731935 0.156434 -0.45682  1.34587
 0.731148   0.15144 -0.454155   1.34131
  0.73027   0.15374 -0.453759    1.3397
  0.72933   0.15149 -0.451718   1.33559
 0.729869  0.152313 -0.453573   1.33845
 0.731021   0.15459 -0.456214   1.34319
 0.732244  0.153164 -0.456037   1.34529
 0.791997  0.197408 -0.454462    1.4691
 0.793738  0.199141 -0.457565   1.47379
0.792999 0.205067 -0.45327  1.47292
 0.792468  0.206353 -0.448955   1.47055
 0.786768  0.198125 -0.460145   1.46166
0.790527 0.202924 -0.45779  1.46945
 0.730109  0.169843 -0.453594   1.34316
 0.730968  0.175166 -0.450783   1.34441
 0.727667  0.170038 -0.449467   1.33527
 0.727955  0.172822 -0.448022   1.33557
 0.725883  0.171207 -0.447484   1.33011
 0.726614  0.171271 -0.448271    1.3326
 0.728767  0.173125 -0.450885   1.33942
 0.729092  0.171555 -0.451071   1.33983
 0.770673  0.160506 -0.442226   1.41782
 0.729312  0.179241 -0.448785   1.34076
 0.729868  0.177396 -0.448876   1.34151
 0.727083  0.179983 -0.444558   1.33336
  0.72433  0.181856 -0.442866    1.3266
 0.724368   0.17869 -0.444189   1.32673
 0.726069  0.179976 -0.444102   1.33046
 0.726908  0.174122 -0.447248   1.33326
 0.724358  0.175697 -0.445342   1.32671
 0.724428   0.17278 -0.446489   1.32688
 0.725988  0.173967 -0.446424    1.3303
  0.72827  0.178513 -0.445502   1.33601
 0.725961  0.176962 -0.445307   1.33026
 0.727931  0.175498 -0.447068   1.33559
 0.726814  0.176899 -0.445817   1.33281
  0.73645  0.150969 -0.461406   1.35684
 0.739039  0.148203 -0.460924   1.36133
 0.724821  0.196921 -0.436171   1.32736
 0.724525  0.192802 -0.438171   1.32689
0.728314 0.193862 -0.43746  1.33505
 0.726903  0.194492 -0.437931   1.33205
 0.724385  0.188959 -0.439882   1.32665
 0.724263  0.185226 -0.441505   1.32645
 0.727574  0.186464 -0.441293   1.33396
 0.726341   0.18678 -0.441356     1.331
  0.73104  0.192331 -0.442037   1.34348
 0.731448  0.190042 -0.442259   1.34387
 0.726542  0.190556 -0.439717   1.33137
 0.728992   0.18818 -0.440953   1.33712
 0.729739  0.191919 -0.438826   1.33829
 0.727696  0.189937 -0.439383    1.3339
 0.734776  0.170074 -0.460109   1.35695
  0.80016  0.229758 -0.423265   1.48049
 0.78882 0.229669 -0.41677  1.45411
 0.791827  0.233715 -0.415924   1.46091
 0.736199  0.180061 -0.455934   1.35978
 0.738538   0.20197 -0.442278   1.36208
 0.736974  0.197734 -0.443427   1.35844
 0.735361  0.209039 -0.432086     1.351
 0.735622  0.206121 -0.432512   1.35098
 0.731848  0.211426 -0.426623   1.34066
0.727312 0.215899 -0.42562  1.33144
 0.726576  0.210883 -0.428635   1.33027
 0.729811   0.21287 -0.428085   1.33715
 0.730046  0.202126 -0.432438   1.33779
0.725837 0.205999 -0.43134    1.329
 0.725385  0.201303 -0.433887   1.32831
 0.728268  0.203165 -0.433446   1.33445
  0.73356  0.208908 -0.428596   1.34463
 0.72892 0.208014  -0.4309  1.33561
 0.732161  0.204225 -0.431767   1.34234
 0.730646  0.206527 -0.429588   1.33852
 0.747821  0.207744 -0.439841   1.38153
 0.741037  0.229927 -0.416773   1.36013
  0.74167  0.225994 -0.417637   1.36075
 0.736593  0.232867 -0.411155   1.34784
0.730575 0.239023 -0.41068  1.33656
 0.729783  0.232751 -0.414858   1.33534
 0.733945  0.235305 -0.414046   1.34424
 0.734447  0.221537 -0.419292   1.34464
 0.729039  0.226856 -0.418648   1.33417
 0.728217  0.221216 -0.422283    1.3329
 0.731983  0.223442 -0.421547   1.34087
 0.738831  0.229791 -0.414028   1.35314
 0.732938  0.229232 -0.417918    1.3425
 0.737105  0.224123 -0.418256   1.35034
 0.735225  0.226861 -0.415476   1.34558
 0.819222   0.26537 -0.359537   1.50387
0.774872 0.246318 -0.39834  1.42364
 0.848264  0.248817 -0.348201   1.55539
 0.801836  0.247635 -0.390577   1.47498
 0.892555  0.241187 -0.278598   1.62799
 0.807761  0.275184 -0.353747    1.4835
 0.802067   0.35199 -0.238801   1.45748
 0.801855  0.341125 -0.247569   1.45526
 0.792639  0.365691 -0.225436    1.4381
 0.780821  0.385528 -0.214502   1.41928
0.775767 0.376266 -0.23658  1.41057
 0.785427  0.381054 -0.230964   1.43203
 0.783448  0.347163 -0.265267   1.42286
 0.771486  0.366031 -0.257746   1.40355
 0.766981  0.355563 -0.277331    1.3961
 0.776505  0.360378 -0.272291    1.4169
 0.796427  0.360703 -0.240406    1.4488
 0.781207   0.37082 -0.252368   1.42493
 0.790184  0.352437 -0.259424   1.43781
 0.787639  0.356706 -0.247204   1.42996
 0.912374  0.230363 -0.239867   1.65898
 0.799514  0.415534 -0.103699   1.45103
 0.792733   0.41117 -0.133494   1.43888
 0.812422  0.394925 -0.123567   1.47129
 0.803738  0.415407 -0.125619   1.46385
 0.788375  0.403714 -0.162396   1.43144
 0.784599  0.394486 -0.188498   1.42481
 0.804051  0.380444 -0.175567   1.45649
 0.795011  0.399769 -0.181677   1.44847
 0.823837  0.376909 -0.140302   1.49169
0.824364 0.364691 -0.15453   1.4904
 0.799312  0.408474 -0.154937   1.45621
 0.810791  0.386516 -0.167217   1.47235
 0.816713  0.392989 -0.143384   1.48359
 0.807492   0.38932 -0.152364   1.46309
  0.94533  0.197808 -0.158885   1.70975
 0.822431  0.406328 0.0206755   1.48874
   0.816844    0.411934 -0.00861548     1.47927
   0.835496    0.392272 -0.00424201     1.51003
    0.827089     0.413146 -0.000369899      1.50269
   0.81168   0.415098 -0.0392696    1.47079
  0.805967   0.415905 -0.0707056    1.46124
   0.82721   0.395272 -0.0617292    1.49615
 0.817261  0.417952 -0.062302    1.4866
  0.848914   0.374857 -0.0216815    1.53284
 0.851147  0.366072 -0.042443   1.53556
  0.822503    0.41666 -0.0310029    1.49528
 0.834665  0.398344 -0.051156    1.5135
  0.839447   0.397243 -0.0233026    1.52202
  0.831265   0.395852 -0.0335679    1.50335
  0.964383   0.140622 -0.0251541    1.72953
 0.84162 0.368882 0.115475  1.52125
  0.83716  0.379421 0.0964707   1.51358
 0.849402  0.365952 0.0963053   1.53391
0.843683 0.378524 0.102165  1.52865
 0.832536  0.389615 0.0743025   1.50579
 0.827563  0.397878 0.0494706   1.49695
 0.843498  0.380164 0.0528202   1.52341
 0.836084  0.398407 0.0574552   1.51689
0.858054 0.361459  0.08027  1.54932
 0.859318   0.36082 0.0617801   1.55081
 0.840152  0.389038 0.0809577   1.52336
 0.848568  0.380917 0.0631054   1.53585
 0.851988  0.373885 0.0833628   1.54212
0.846207 0.374728 0.075032  1.52862
 0.956499  0.107821 0.0995193   1.71012
 0.957737 0.0998695  0.141064   1.71646
0.866022 0.329157 0.149676  1.56275
 0.86749  0.33031 0.135588  1.56452
0.858068 0.330419 0.161676  1.54844
0.850622 0.330217 0.175609  1.53586
0.849095 0.338807 0.162641  1.53318
0.853228 0.337978 0.166859  1.54313
0.855503 0.345991 0.132157  1.54397
0.847411 0.347992 0.148381  1.53049
0.844961 0.357546 0.132908   1.5264
0.850049 0.356497 0.137537  1.53832
0.860541 0.337346 0.152817  1.55532
   0.852 0.346971 0.152651  1.54133
 0.85873 0.345211  0.13898    1.552
0.856676 0.338896 0.147115  1.54618
0.920199 0.115805 0.268165   1.6555
0.886311 0.328583 0.127665   1.6051
0.867706 0.300401 0.200113  1.56562
 0.86912 0.302823 0.189368  1.56747
0.860708 0.299681 0.209344  1.55324
0.854011 0.296683 0.219716  1.54161
0.853348 0.304739 0.210118  1.54044
0.856477 0.303768 0.213501  1.54812
0.860058 0.313703 0.187344  1.55179
0.852562 0.313146 0.199563  1.53911
  0.8516 0.321151 0.188111  1.53728
0.855234 0.320339 0.192184  1.54622
0.862898  0.30593  0.20327  1.55908
 0.85599 0.312139 0.203114  1.54746
0.862168 0.312591 0.193184  1.55739
0.860151 0.307571  0.19845  1.55234
0.919688 0.132088 0.279051  1.65436
0.924919  0.11233   0.2452  1.66261
0.904263 0.125229 0.305571  1.63039
0.884655 0.299474 0.188169  1.59969
 0.86698 0.218305 0.299058  1.56623
0.868152 0.222242 0.292312  1.56774
0.860614 0.215693 0.304337  1.55543
0.853332  0.20787 0.306383  1.54156
0.853032 0.215886  0.30122  1.54089
0.855674 0.214298 0.303624  1.54742
0.860448 0.229788 0.291456  1.55453
0.853028 0.223715 0.295479  1.54079
0.853087 0.231124 0.289281  1.54069
0.855632 0.229726 0.292081  1.54711
0.862458 0.220907 0.301597  1.56007
0.855635  0.22221 0.298006  1.54727
0.861964 0.227566 0.295726  1.55862
0.860124 0.223493 0.298002  1.55438
0.889878 0.116854 0.330226  1.60905
0.896981 0.119893 0.316184  1.62025
0.889472 0.121329 0.326595  1.60676
0.881214  0.11699  0.34184  1.59436
0.872891 0.123096 0.352677  1.58217
0.876843 0.127746 0.341851  1.58566
0.876204 0.121482 0.341412  1.58326
0.864627 0.129833 0.350206  1.56682
0.856627 0.134333 0.335309   1.5481
0.864904 0.142264 0.342856  1.56631
0.861671 0.136781 0.343853  1.55878
0.871608 0.147112 0.341933  1.57846
0.877093 0.140208 0.337165  1.58595
0.875766 0.143105  0.33454  1.58243
0.869226 0.129545 0.348192  1.57297
0.869099 0.141653 0.342951  1.57223
0.874788 0.134013 0.337289   1.5801
0.871593 0.136251 0.347277  1.57873
0.904632 0.147492 0.314058  1.63247
0.883263 0.119848 0.337036  1.59681
0.880452 0.125665 0.335096  1.59035
0.885069 0.130071 0.323797  1.59679
0.880726 0.138312 0.335779  1.59321
0.900392 0.123086 0.311624  1.62333
  0.79693  0.208714 -0.446984   1.47958
 0.797862  0.203048 -0.452303   1.48141
 0.804826  0.205676 -0.445649   1.49318
 0.799428  0.205777 -0.448048   1.48304
 0.797111  0.200044 -0.456183    1.4804
 0.793513   0.19303 -0.450584   1.46997
 0.800823  0.192178 -0.447438   1.48315
  0.79657  0.193826 -0.449467   1.47555
 0.814703  0.200954 -0.442845    1.5106
 0.810908  0.190752 -0.442949   1.50138
 0.831627  0.190736 -0.432034   1.53982
 0.816264  0.192665 -0.439491   1.51059
 0.799125  0.200799 -0.453761   1.48338
 0.804445  0.192995 -0.446133   1.48967
 0.806743  0.201914 -0.446514   1.49572
 0.804166  0.199402 -0.451504   1.49245
0.739463 0.192085 -0.44947  1.36571
 0.959728 0.0638064  0.128753   1.71784
  0.96249  0.109213 0.0937774   1.72462
 0.962783 0.0808513 0.0798035   1.72214
 0.964784 0.0175573  0.105759   1.72748
 0.967248 0.0499675 0.0834175   1.73262
  0.966213 -0.0303196  0.0670664    1.73403
  0.96751 0.0419213  0.074828    1.7332
 0.963955 0.0804579 0.0876798    1.7259
 0.964398 0.0662057  0.122651   1.72882
0.921355 0.125925 0.258505  1.65672
 0.761416  0.156276 -0.459107   1.40572
 0.761027  0.155748 -0.459285   1.40492
 0.761867  0.156539 -0.459979     1.407
 0.760796  0.155969 -0.459802    1.4047
 0.760737  0.156236 -0.460005   1.40471
 0.760873  0.155811 -0.459589   1.40474
  0.76077  0.155779 -0.459646   1.40455
 0.762661  0.154704 -0.456449    1.4067
  0.76331  0.153627 -0.454261   1.40689
 0.743829  0.139145 -0.458497   1.36784
 0.747431   0.13636 -0.457543   1.37425
  0.76345  0.159906 -0.458679   1.41012
 0.764733  0.154079 -0.455696   1.41038
 0.767723  0.154009 -0.462824   1.41934
 0.762471  0.153378 -0.456351   1.40607
 0.759235  0.128209 -0.449023   1.39227
 0.764002  0.128021 -0.447345   1.40135
 0.762421  0.154543 -0.458693    1.4072
 0.762989  0.151971 -0.454458   1.40606
 0.769694  0.151117 -0.462611   1.42271
 0.749308   0.13621 -0.456835   1.37763
 0.770226  0.147237 -0.455856   1.42004
 0.760893  0.157239 -0.459625   1.40504
 0.760902   0.15745 -0.459853   1.40519
 0.761571  0.157555 -0.459397   1.40626
  0.76073  0.157343 -0.460088   1.40492
 0.764364  0.159833 -0.458787    1.4119
 0.762511  0.160112 -0.459015    1.4084
 0.760579  0.156681 -0.460151   1.40451
   0.7622  0.154892 -0.458776   1.40678
 0.760608  0.156306 -0.460015   1.40445
 0.762029  0.156044 -0.460282   1.40729
 0.761742    0.1563 -0.460027   1.40671
 0.766099  0.151532 -0.466846   1.41747
 0.761369  0.156066 -0.459137   1.40559
 0.760232  0.155964 -0.459304   1.40343
 0.761207  0.155914 -0.459033   1.40521
 0.760859  0.155624 -0.459291   1.40459
 0.760564  0.155927 -0.459568   1.40416
 0.760964  0.155779 -0.459381   1.40483
 0.761146  0.155967 -0.459144   1.40514
 0.760713  0.155604 -0.459356   1.40432
0.775155 0.160488 -0.42767  1.42052
 0.733396  0.158389 -0.461459   1.35226
 0.735507  0.155596 -0.461127    1.3558
 0.740949  0.143315 -0.460122   1.36365
  0.74316  0.151593 -0.469185   1.37377
 0.762699  0.152925 -0.456236   1.40651
 0.735174  0.161418 -0.462161     1.357
 0.766115  0.161378 -0.460318   1.41615
 0.760488   0.15665 -0.460003   1.40427
  0.76474  0.161561 -0.460729   1.41369
 0.760565  0.157113 -0.460254    1.4046
 0.760704  0.157434 -0.460308   1.40495
 0.758343  0.162715 -0.453582   1.39839
 0.762267  0.157739 -0.455967   1.40629
 0.761629   0.15693 -0.456184   1.40495
 0.760939  0.157193 -0.457072   1.40401
 0.760397   0.15673 -0.459992   1.40409
 0.761746  0.157211 -0.457548   1.40578
0.761039 0.157627 -0.46015  1.40559
0.761377 0.157605 -0.46009  1.40622
 0.761612  0.158051 -0.456201   1.40512
  0.76119  0.157613 -0.460087   1.40586
 0.761123  0.157672 -0.459767   1.40556
 0.958246  0.145527 0.0896337   1.71726
0.959656  0.13751 0.103967  1.72078
 0.881005  0.351386 0.0627106   1.59599
0.897941 0.267438 0.209947  1.62114
 0.960013  0.152213 0.0785758   1.72132
 0.963572   0.15128 0.0275818   1.72808
  0.963121   0.146987 0.00215022    1.72627
 0.965126  0.144904 0.0012845   1.73137
  0.965248   0.146794 -0.0158865    1.73239
  0.962928   0.152868 -0.0568526    1.72943
 0.956397   0.16636 0.0411116   1.71155
 0.959345  0.167947 0.0359604   1.71922
  0.964416   0.136526 -0.0586433    1.73113
0.852873 0.343782 -0.17907  1.55261
   0.960712    0.162375 -0.00789969     1.72204
 0.958549  0.164339 0.0116874   1.71643
 0.948585  0.154886 -0.152404    1.7078
 0.954709  0.169546 -0.134772   1.72238
 0.937528   0.18063 -0.193717   1.69485
 0.830749   0.32108 -0.263653   1.51917
  0.855634   0.357289 -0.0844024    1.54603
 0.848158  0.340885 -0.114477   1.52683
 0.921752  0.198906 -0.233756   1.67158
 0.903043  0.215641 -0.271829   1.64326
 0.800375  0.300671 -0.327742   1.46839
 0.917168   0.25472 -0.183628   1.66229
  0.88322  0.231795 -0.302669   1.61228
 0.780579  0.276077 -0.372068   1.43637
 0.895806  0.270369 -0.228402   1.62895
 0.830799  0.242802 -0.377429   1.52743
 0.842811  0.247587 -0.365788   1.55036
 0.844142   0.27733 -0.319131   1.54587
 0.812597  0.238923 -0.400796   1.49752
 0.822858    0.2448 -0.392392   1.51762
 0.803904  0.233939 -0.422643   1.48898
 0.800257  0.242053 -0.408073   1.47738
0.808741 0.236807 -0.41803  1.49784
 0.90601 0.114952  0.21615  1.62811
  0.91035 0.0416548  0.180602   1.64787
0.906583 0.110181 0.213847  1.62369
 0.92633 0.230615 0.335917   1.7057
0.914329 0.223867 0.313396  1.66564
0.921232 0.112764  0.32172  1.68941
0.927209 0.195811 0.357177  1.71138
0.917156 0.143285  0.27917   1.6453
0.919882 0.205667 0.321356  1.67957
 0.91898 0.148861 0.290784  1.65033
0.919854 0.148514 0.293371  1.65316
0.919923 0.142792 0.288554  1.65413
0.880563 0.249656 0.263616  1.59245
0.918223 0.148914 0.290349  1.64827
0.919614  0.12191 0.260119  1.65215
0.918111  0.15137 0.301056  1.65298
 0.938274 0.0429072  0.230335   1.68586
 0.934863 0.0467938  0.247512   1.68212
 0.927044 0.0704559  0.249883   1.66537
 0.937036 0.0723594  0.232105   1.68455
0.933378 0.061659 0.233817  1.67542
0.919074 0.150349 0.291719  1.65063
0.919571 0.147181 0.284888  1.65213
0.922464 0.104993 0.246933  1.65619
0.902305 0.290741 0.133258  1.62535
 0.923758 0.0939244  0.260122   1.66203
0.925447 0.187662 0.221033  1.67588
0.923526 0.183463 0.225957  1.67061
0.916363 0.143946 0.227225  1.65284
0.921763 0.193442 0.242056  1.66933
0.920187 0.154043 0.295485  1.65615
0.920135 0.153711 0.283698  1.65658
0.913301 0.203991 0.277556  1.65446
0.915843 0.141932 0.280346  1.64237
0.910865 0.205975 0.299972  1.65294
0.911813 0.125488 0.256516  1.63238
 0.904848 0.0985898  0.214927   1.61797
0.922077 0.128917 0.240276   1.6567
  0.90402 0.0995286   0.21512   1.62352
0.917256 0.147177 0.265945  1.65188
 0.907264 0.0943966  0.217065   1.63234
 0.922055 0.0994467  0.294652   1.67657
0.917095 0.194143 0.313026  1.67257
  0.909873 -0.0245344   0.241147    1.65088
  0.90389 0.0971708  0.203716   1.62285
0.925483 0.160843 0.329729  1.69565
0.882295 0.194585 0.307222  1.59444
0.879381 0.157545 0.324821   1.5884
0.879545 0.173037 0.317127  1.58913
0.880693  0.22296 0.289137  1.59261
0.910773 0.139341 0.307008  1.64215
 0.91766 0.148358 0.290809  1.64716
0.888024 0.236773  0.25512  1.60002
 0.91916 0.152517 0.299607  1.65489
0.919154 0.196944 0.266319  1.66639
0.923707 0.191524 0.255876  1.67306
0.912028 0.155155 0.310311  1.64491
0.917773 0.139789 0.259134  1.65012
 0.91443 0.131624 0.233309  1.64589
0.916157 0.145814 0.240975  1.65414
0.916064 0.190317 0.272488    1.659
0.914615 0.134348 0.227189  1.64622
 0.92977 0.179376 0.250932  1.67588
0.924894  0.16186 0.243072  1.66659
0.918285 0.144588 0.258375   1.6529
0.928314 0.171346 0.250979  1.67311
0.924446 0.166284 0.249277  1.66705
 0.756319   0.13165 -0.451937   1.38838
 0.765875  0.152832 -0.463502   1.41563
 0.764268  0.152312 -0.457216   1.40981
 0.766695  0.140998 -0.458257   1.41323
  0.74411  0.141826 -0.459879   1.36976
 0.767409  0.163671 -0.443508   1.41231
0.761709 0.153912 -0.45896  1.40574
 0.740826  0.147265 -0.461711   1.36511
 0.770081  0.164921 -0.429775   1.41178
 0.761595  0.163835 -0.449326   1.40319
 0.773063  0.187605 -0.451237   1.42902
 0.746685  0.144843 -0.466912   1.37852
 0.731919  0.166873 -0.459948   1.35026
 0.733312  0.163918 -0.459907   1.35243
 0.745608  0.187058 -0.458992    1.3805
 0.740948  0.169179 -0.468212   1.37235
 0.732166  0.176634 -0.456359   1.35092
 0.732843  0.173436 -0.456639   1.35173
 0.742294  0.177519 -0.464912   1.37496
    0.734  0.188115 -0.450492   1.35402
 0.734032  0.184432 -0.451099   1.35355
 0.763598  0.223768 -0.421266   1.40547
 0.756848  0.196986 -0.457692   1.40355
 0.788635  0.209672 -0.448416   1.46428
 0.779711  0.202627 -0.457875   1.44911
 0.782093  0.208674 -0.447707   1.45034
 0.745719  0.221635 -0.430541   1.37552
 0.744638  0.216062 -0.431942   1.37251
 0.758249  0.209058 -0.439848   1.40003
0.753839 0.244923 -0.40917  1.38782
 0.753046  0.236708 -0.412467   1.38546
  0.76714  0.250769 -0.403667   1.41488
 0.764934  0.270957 -0.379652    1.4047
 0.762859  0.261053 -0.384993   1.39973
 0.791315  0.254931 -0.390161   1.45752
  0.78144   0.29819 -0.338418   1.43054
0.776304 0.287126 -0.34679  1.41927
 0.805297  0.324118 -0.279722   1.46874
0.796365 0.312625 -0.29196   1.4492
 0.870998  0.281106 -0.272909   1.59058
0.860285  0.26799 -0.31118  1.57621
 0.832059  0.348259 -0.192104   1.50986
 0.827065  0.332592 -0.210163   1.49726
 0.946436  0.211767 -0.100742   1.70539
 0.901217  0.292695 -0.139943   1.62868
 0.959483  0.159582 -0.057169   1.72147
 0.926862  0.217561 -0.178499   1.67389
 0.870744  0.348427 0.0434943   1.57015
    0.87364    0.350277 -0.00576236     1.57872
0.875395 0.331936 0.116589  1.57963
  0.87649  0.333625 0.0856923    1.5802
0.954053 0.150683 0.124453  1.70965
 0.950171  0.200371 0.0601099   1.70215
  0.95735  0.169098 0.0648654   1.71534
0.879048 0.300502 0.176351  1.58492
 0.88212 0.304008 0.151523  1.58938
0.893674 0.274694 0.175133  1.60691
0.877254  0.27605 0.221321  1.58227
0.880321 0.283409 0.199526  1.58707
0.875466 0.252738 0.256006  1.57977
0.877716 0.259448 0.239996  1.58277
 0.92045 0.138085  0.27367  1.65516
 0.87515 0.227004 0.283744  1.57963
0.876645 0.234066 0.270726  1.58111
0.877001 0.198365 0.306172   1.5835
0.876882 0.206168 0.295201  1.58153
0.886195 0.151769 0.326026  1.60347
0.919682 0.139898 0.272257  1.65266
 0.779736  0.235162 -0.413859   1.43901
 0.793062  0.214818 -0.440092   1.47009
 0.797816  0.219656 -0.435232   1.47888
 0.798687  0.224382 -0.429353   1.47902
 0.801207  0.227842 -0.425991    1.4836
 0.791035  0.225244 -0.425618    1.4623
0.796768 0.222346 -0.43003   1.4747
 0.769877  0.215448 -0.433605   1.42256
 0.790206  0.195464 -0.456873   1.46623
  0.78032  0.191737 -0.448235   1.44363
 0.788473  0.196265 -0.458973   1.46404
 0.950018 0.0526584   0.15902   1.69928
 0.945367 0.0385535  0.194478   1.69363
 0.940196 0.0234963  0.193955   1.68049
 0.941262 0.0580834  0.199014   1.68476
 0.944917 0.0595067  0.188019   1.69184
0.919677  0.14433 0.271905  1.65311
 0.938511 0.0946643  0.198371   1.68016
0.957066 0.123608 0.113842   1.7132
 0.761514  0.155957 -0.459323   1.40595
 0.761074  0.155651 -0.459146   1.40495
 0.760929  0.155558 -0.459258    1.4047
 0.761884  0.156132 -0.460365   1.40712
 0.762213  0.155792 -0.460525   1.40776
 0.760494  0.156255 -0.459767   1.40413
  0.76453  0.162981 -0.459191    1.4128
  0.76133   0.15562 -0.459551   1.40563
 0.751331  0.140221 -0.464123   1.38563
 0.761601   0.15596 -0.460466   1.40656
 0.763211  0.151357 -0.454782   1.40666
  0.75749  0.137255 -0.461088   1.39612
 0.759826  0.156545 -0.458889   1.40254
 0.764484  0.151423 -0.459227   1.41107
 0.766459  0.148755 -0.463867   1.41619
 0.759309  0.149623 -0.457658   1.39988
 0.761596   0.13763 -0.461265   1.40424
 0.772697  0.139323 -0.447451   1.42024
 0.765938  0.138664 -0.459683   1.41262
0.761914 0.150583 -0.45526  1.40406
0.760958 0.157561 -0.46023  1.40545
 0.760821  0.157533 -0.460214   1.40516
 0.760944  0.157391 -0.458807   1.40477
 0.760566  0.157223 -0.460188   1.40459
 0.763563  0.162084 -0.461149   1.41159
 0.760097  0.156458 -0.459204   1.40315
 0.760378  0.156332 -0.459768   1.40391
 0.761749  0.155448 -0.460694   1.40681
 0.762741  0.161922 -0.461497   1.41019
0.760417 0.155988 -0.45959  1.40387
 0.761172  0.154983 -0.461279   1.40586
 0.760534  0.155737 -0.459458   1.40402
 0.760671  0.155574 -0.459453    1.4043
 0.760694   0.15571 -0.459412   1.40432
0.761193 0.155735 -0.45913   1.4052
 0.760187  0.155867 -0.459391   1.40335
 0.761303  0.155745 -0.459397   1.40551
 0.760929  0.155512 -0.459422   1.40477
 0.766408  0.163749 -0.436756   1.40746
  0.74156  0.161663 -0.469664   1.37286
 0.749288  0.153712 -0.477665   1.38994
 0.764838  0.163049 -0.448099   1.40914
 0.763953  0.162982 -0.456178   1.41061
0.761755 0.152151 -0.45659  1.40458
 0.763334  0.162768 -0.460706   1.41113
 0.760203   0.15665 -0.459324   1.40342
 0.760426  0.157147 -0.459562   1.40402
 0.761739   0.16353 -0.456989   1.40656
 0.761966  0.159954 -0.459033   1.40739
 0.761242  0.157908 -0.456694   1.40462
 0.760612  0.157337 -0.459393   1.40435
  0.76176  0.162992 -0.461268   1.40822
 0.761204  0.157307 -0.456337   1.40423
  0.76113  0.157474 -0.458268   1.40491
 0.760999  0.157645 -0.459942    1.4054
 0.760442  0.157714 -0.457404   1.40332
 0.760804   0.15759 -0.460014   1.40502
 0.760646  0.157463 -0.458915   1.40422
 0.956207  0.165055 0.0929817   1.71378
 0.899762  0.310872 0.0870184   1.62268
 0.898961   0.31968 0.0307426   1.62092
0.893501 0.292535 0.117448  1.60423
  0.961147   0.166421 0.00498681    1.72367
 0.890475  0.307372 0.0532867   1.59781
  0.961926   0.170578 -0.0261258    1.72735
 0.956363  0.193582 -0.012614    1.7166
  0.956776   0.197222 -0.0511623    1.72194
0.952243 0.200286 0.019762  1.70673
  0.953526   0.183696 -0.0995266    1.71677
 0.942221  0.195953 -0.137015   1.69741
0.884272 0.332252 -0.14171   1.6087
  0.934814   0.250772 -0.0910373    1.68579
 0.871958  0.316014 -0.209182   1.58786
  0.945502   0.225633 -0.0510854    1.70036
 0.907816  0.236712 -0.221454   1.64496
 0.884993  0.253381 -0.265574   1.61044
 0.837339  0.307543 -0.264499   1.52404
 0.889458  0.275469 -0.204973   1.60983
 0.807326  0.288161 -0.322058   1.47285
0.855022 0.297136 -0.25468  1.55676
 0.826059  0.247088 -0.379909   1.51947
  0.80685  0.243886 -0.401758   1.48892
  0.83042  0.292038 -0.308669   1.52041
 0.838028  0.266166 -0.349833   1.54184
  0.90496 0.0964155  0.213818   1.62026
 0.910923 0.0565477  0.233095   1.64068
0.918774 0.106721 0.271208  1.66481
0.911493 0.122592 0.259061  1.63334
0.915289 0.140257 0.282063  1.64203
0.911557  0.19838 0.296629  1.65561
0.915112 0.156299  0.30567  1.64937
0.911891 0.116627 0.268734   1.6378
0.911897 0.184069 0.303692  1.65698
0.919638 0.150153 0.291773  1.65216
0.894473 0.229916 0.272728  1.61765
0.917746 0.149079 0.290964  1.64749
0.920239 0.129075 0.255369  1.65326
0.920477 0.180101 0.289234  1.66325
0.894981 0.250375 0.243771  1.61703
0.919521 0.151891 0.291446  1.65191
0.923127 0.117389 0.240275  1.65756
0.929121 0.102985 0.224477  1.66626
0.932514 0.101067 0.222173  1.67356
0.920487 0.143782 0.271371  1.65528
 0.92688 0.182622 0.247468  1.67769
0.924948 0.181497 0.252594  1.67102
0.923326 0.163418 0.254491  1.66563
0.921491 0.188154 0.261135   1.6665
0.919125 0.158252 0.299479  1.65588
 0.91785 0.182126 0.287413  1.65977
0.911511  0.18896 0.287474  1.65266
0.914945  0.14081 0.283006  1.64156
0.910942  0.12157 0.261389  1.63217
0.919602 0.149736 0.284963  1.65248
0.917491 0.149827 0.292818  1.64821
0.918635 0.175197 0.318914  1.67597
0.917143 0.147701 0.292565  1.64674
0.926132 0.180952 0.327433  1.69867
0.907874  0.07769 0.216602  1.63194
0.914449 0.168824 0.304071  1.65749
0.904647 0.082962 0.217373  1.61836
0.913998 0.114882 0.284647  1.64912
0.891458 0.148581 0.312273  1.60673
0.883767 0.176857 0.315579  1.59679
0.898775 0.140898 0.314102   1.6232
0.894197 0.162963 0.315027  1.61441
0.908063 0.148338 0.307152  1.63725
 0.92024 0.149697 0.284265  1.65416
0.917315 0.157413 0.303279  1.65298
0.919424 0.188151 0.281891  1.66459
0.919172 0.152836 0.287631  1.65482
0.924206 0.186239  0.27448  1.67141
 0.91775 0.143344 0.262846  1.65167
0.915006 0.136442 0.239474  1.64869
0.926808  0.18028 0.268906  1.67197
0.917283 0.164769 0.302761  1.65416
0.915293 0.139077 0.233761  1.64925
0.917045 0.149791  0.23441  1.65522
0.928395 0.176693 0.260809  1.67345
0.917041 0.151113 0.248885  1.65622
0.927196  0.18292 0.262297  1.67265
0.926694 0.179097  0.27082  1.67071
 0.755322   0.13995 -0.462316   1.39281
 0.762197  0.150234 -0.462651   1.40781
 0.762104  0.146008 -0.467479   1.40883
 0.750482  0.144079 -0.465807   1.38554
 0.761052  0.162869 -0.459169   1.40613
 0.746943  0.149909 -0.469037    1.3811
 0.761635  0.151728 -0.456696   1.40443
  0.74369  0.155148 -0.469782   1.37594
  0.73994  0.157357 -0.469225   1.36842
 0.763133  0.188733 -0.470285   1.41939
  0.73798  0.164524 -0.468282   1.36535
 0.750266  0.188662 -0.467035   1.39311
  0.74769  0.162923 -0.479455   1.38947
  0.73779  0.172755 -0.465718   1.36519
 0.748745  0.176634 -0.476782   1.39279
 0.739405  0.182057 -0.460596   1.36758
 0.752082  0.184294 -0.472452   1.39868
 0.742916  0.192791 -0.452643   1.37267
 0.750977  0.198639 -0.450368   1.38935
  0.75151  0.205741 -0.441953    1.3873
 0.787633   0.26687 -0.364889   1.44178
 0.818033   0.25798 -0.379631   1.50837
0.866057 0.315611 -0.16977   1.5657
 0.914314  0.257163 -0.165073   1.65248
  0.887023    0.32933 -0.0867223    1.60453
 0.929623  0.237686 -0.126194   1.67498
  0.900697   0.312002 -0.0841959    1.62838
   0.89146   0.316652 -0.0175414     1.6037
0.916006 0.294793  0.05832  1.65052
 0.953845  0.202434 0.0532299   1.71162
0.942486 0.122543 0.185296  1.68718
 0.928994  0.269277 0.0522011   1.67163
0.938138 0.173739 0.198877   1.6835
0.903178 0.275833 0.167088  1.62709
0.912264 0.244841 0.220275  1.64579
0.912936 0.250505 0.191769  1.64306
0.922393  0.26532 0.123577   1.6591
0.889782 0.256117 0.221165  1.60142
0.921077 0.134905 0.254375   1.6562
0.945405 0.187948 0.164678  1.69783
0.890614 0.172792 0.309024  1.60589
0.905666 0.194082 0.299945  1.63609
0.888713 0.214341  0.28285  1.60321
0.890612 0.192748 0.301642  1.60829
 0.790118  0.215059 -0.441304   1.46503
 0.777251  0.211504 -0.435977   1.43497
 0.782199   0.22019 -0.433217   1.44628
 0.766935  0.199459 -0.454109   1.42304
 0.770654  0.196918 -0.464898   1.43321
 0.773166  0.182865 -0.453841   1.43106
 0.946252 0.0904778  0.162682   1.69242
 0.943851 0.0862509  0.200779   1.69297
0.923886 0.127872 0.239481  1.66067
 0.951198 0.0935723  0.153293   1.70145
0.922169 0.138029  0.23989   1.6583
 0.95241 0.152449 0.109583  1.70377
0.930415 0.249931 0.119202  1.67261
 0.761643   0.15576 -0.460973   1.40685
 0.760416  0.155657 -0.459503   1.40382
 0.761793  0.155176 -0.461056   1.40706
 0.760162  0.156299 -0.459267    1.4033
 0.761717  0.153547 -0.458928   1.40578
 0.75659 0.153798 -0.47656  1.40345
 0.756485  0.148231 -0.473644   1.40141
 0.761024  0.159775 -0.459368   1.40558
 0.760541  0.152844 -0.459127   1.40346
 0.761614  0.150023 -0.456062   1.40384
 0.762756  0.151051 -0.459846   1.40773
 0.763477  0.151198 -0.467756   1.41247
0.762555 0.150116 -0.47165  1.41234
 0.766454  0.147005 -0.465933    1.4172
 0.761679  0.144264 -0.469553   1.40925
 0.760513  0.151379 -0.457102   1.40225
 0.760178  0.156738 -0.459284   1.40336
0.760798 0.159509 -0.45937  1.40518
 0.761531   0.16181 -0.461925    1.4079
  0.75995  0.162225 -0.462786    1.4052
0.760066 0.156137 -0.45927  1.40309
 0.761233  0.155704 -0.461117   1.40606
 0.760999   0.15541 -0.460075   1.40516
 0.761249  0.162548 -0.462331   1.40771
  0.75827  0.160822 -0.462867   1.40187
 0.760409  0.155718 -0.459391   1.40379
0.760712 0.155528 -0.45949  1.40436
 0.759748  0.156287 -0.459793   1.40274
 0.747108  0.169252 -0.478924   1.38922
 0.761408  0.164434 -0.438684    1.3981
 0.744663  0.165135 -0.478712   1.38329
 0.760679  0.162807 -0.452722    1.4028
 0.760831  0.153112 -0.459253   1.40403
 0.753752   0.15423 -0.477757   1.39838
 0.759911   0.15673 -0.458536   1.40252
 0.757059  0.161124 -0.447996   1.39321
 0.759139  0.152536 -0.459164   1.40071
 0.761168   0.16147 -0.462083   1.40731
 0.760138  0.156865 -0.458416   1.40295
0.759626 0.157073 -0.45887  1.40226
 0.760589   0.15794 -0.456927   1.40339
 0.760415  0.157269 -0.459462   1.40397
 0.760017  0.158818 -0.459479   1.40357
 0.760511  0.157331 -0.457226   1.40324
0.949282 0.198732   0.1256  1.70433
 0.951884  0.202561 0.0862239   1.70819
   0.948218    0.231803 -0.00807039     1.70564
 0.911178  0.284208 0.0759631   1.63704
   0.954277    0.210872 -0.00556285     1.71551
  0.942487   0.231828 -0.0494056    1.69437
  0.953069   0.206969 -0.0501474    1.71442
  0.943227   0.213809 -0.0910121    1.69629
  0.933067   0.248866 -0.0762844    1.67951
  0.941936   0.235092 -0.0134189    1.69171
 0.915025  0.292799 -0.127357   1.65925
 0.930522  0.270721 -0.045749   1.67701
 0.921719  0.272457 -0.127517   1.66738
 0.900365  0.295076 -0.170655   1.63336
0.914452 0.138121 0.286802  1.64226
0.916773 0.158578 0.306983  1.66296
0.915188 0.185509 0.290964  1.65817
0.919621 0.154304  0.30601   1.6705
0.918946 0.151308 0.292465  1.65066
0.914774 0.165399 0.304704  1.64949
0.920317 0.148599 0.271257  1.65553
0.917907 0.147856 0.262285  1.65353
0.919894 0.135922 0.254476  1.65328
0.919737 0.152304 0.286082   1.6535
0.909176 0.230871 0.252822  1.64167
0.919608 0.153793  0.29227  1.65272
0.926678 0.123578 0.226899  1.66336
0.902066 0.184843  0.30297  1.62681
0.905356 0.234448 0.233209  1.62971
0.919288 0.141541 0.255502  1.65316
0.922226 0.183144 0.279017  1.66557
0.914797 0.140969 0.245941  1.64956
0.919425   0.1581 0.286993  1.65664
0.920063 0.174277 0.293566  1.66129
 0.91457 0.177111 0.296611  1.65579
0.914298 0.141272 0.288256  1.64326
0.913785 0.178429 0.300166  1.65708
0.916457 0.167939 0.306245  1.66401
0.914132 0.138394 0.296172  1.64642
0.917398 0.150832 0.265351  1.65337
 0.91778  0.14776 0.303885  1.66414
0.918896 0.152737 0.294162  1.65153
0.901989  0.16243 0.311171  1.62795
0.906489 0.178941 0.309834  1.63784
0.910934  0.16575 0.309502  1.64398
0.920332 0.152872 0.284483  1.65484
0.919503 0.146599 0.255028  1.65485
0.918105 0.158251 0.289571  1.65385
 0.92291 0.181256 0.280356  1.66671
0.912433  0.17619 0.301614  1.64566
0.922833  0.17226 0.272851  1.66472
0.919455 0.143472 0.246276  1.65462
0.915465 0.143549 0.240081  1.65086
  0.9239 0.176259 0.269522  1.66744
0.916282 0.152107 0.249712  1.65451
0.917549 0.154511 0.243946   1.6566
 0.757277  0.144527 -0.470873   1.40093
 0.758956  0.150344 -0.466053   1.40288
 0.752688  0.148462 -0.475168   1.39454
 0.752504  0.152712 -0.477056   1.39596
 0.760195  0.149953 -0.456572   1.40115
  0.74971  0.157404 -0.478815   1.39214
 0.746415  0.159061 -0.478801   1.38572
 0.757288   0.17394 -0.459744   1.40028
 0.744479  0.172106 -0.477262   1.38344
  0.75905  0.151328 -0.457711   1.39965
 0.746569  0.180309 -0.473889   1.38735
 0.757199  0.162611 -0.444712    1.3921
 0.763828  0.179669 -0.457333   1.41275
 0.758431  0.171171 -0.460168    1.4029
 0.762184   0.19251 -0.467964   1.41634
  0.75562  0.171352 -0.462514   1.39819
  0.914814   0.295272 -0.0878855    1.65342
  0.904507   0.313604 -0.0314806    1.63228
  0.921497   0.291511 -0.0832427    1.66667
0.910997 0.290919 0.022754   1.6367
 0.928878  0.266199 0.0902829   1.67225
0.934063 0.274666 0.040749  1.68445
0.918891 0.285386 0.095735  1.65684
  0.9164 0.273843 0.123131  1.64983
 0.93776 0.124027 0.202456  1.68175
0.912146 0.259732 0.158075  1.63827
0.906192  0.25011 0.197097  1.62847
0.933852 0.121222 0.212716  1.67419
0.903381 0.219286 0.262418  1.62779
0.927128 0.247637 0.150909  1.66728
0.893452 0.207382 0.296933  1.61638
0.895563 0.187164 0.307113  1.61928
0.920312 0.141659 0.253806  1.65539
0.929485 0.140618 0.223769  1.66837
 0.763338  0.177141 -0.457446   1.41226
 0.755991  0.183725 -0.473046   1.40513
  0.77139  0.200536 -0.460956   1.43293
0.757339 0.192631 -0.46476  1.40729
0.929451 0.123051 0.223877  1.66902
0.947412 0.133416 0.161797   1.6969
0.947992 0.135654 0.147568  1.69527
0.921736 0.144771 0.239082  1.65781
 0.946583  0.197224 0.0966846   1.69481
0.936998  0.24001 0.120716  1.68424
0.921172 0.237767 0.187371   1.6564
0.929602 0.164475 0.227505  1.66914
 0.761084  0.155536 -0.459638   1.40515
 0.760844  0.155495 -0.460147   1.40489
 0.761157   0.15553 -0.461706   1.40617
 0.760026  0.155968 -0.460176   1.40338
 0.760378  0.155733 -0.460181   1.40407
 0.761051  0.154733 -0.461698   1.40582
 0.759326  0.162701 -0.459783   1.40285
 0.760054  0.155969 -0.459857   1.40336
 0.760397  0.154728 -0.461922   1.40458
 0.760013  0.151089 -0.457383   1.40143
 0.760115  0.150856 -0.472495   1.40792
 0.749475  0.163245 -0.478925   1.39201
 0.753758  0.157235 -0.478638   1.39948
 0.760417  0.150871 -0.463307   1.40461
  0.75986  0.156851 -0.458719   1.40257
  0.76007  0.160542 -0.462415   1.40518
 0.759703  0.156618 -0.459231   1.40247
 0.760142  0.160993 -0.462438   1.40528
 0.759833   0.15625 -0.459381   1.40275
 0.760718  0.155682 -0.461838   1.40536
 0.760404  0.155534 -0.460315   1.40408
 0.759481  0.156904 -0.459952   1.40242
 0.760461  0.155546 -0.461369   1.40467
 0.760015  0.154639 -0.462117   1.40395
 0.752133   0.16133 -0.479416   1.39739
 0.75128 0.166472 -0.47902  1.39642
 0.749163  0.168746 -0.477965   1.39185
 0.758214  0.161691 -0.456118   1.39918
 0.759239  0.162001 -0.461361   1.40334
 0.753272  0.158437 -0.452472   1.38712
0.753802 0.156973  -0.4684   1.3951
 0.759879  0.161721 -0.463424   1.40536
  0.75966  0.157527 -0.458589   1.40225
0.758254 0.152598 -0.45946  1.39905
 0.759986  0.159046 -0.459669   1.40356
 0.759881  0.157199 -0.458072   1.40242
 0.760053  0.157035 -0.457991   1.40261
  0.76041  0.157153 -0.457864    1.4033
 0.759501  0.158152 -0.459937   1.40263
 0.759881   0.15757 -0.457605   1.40223
0.941306 0.238823 0.088259  1.69191
 0.945011  0.246155 0.0762761   1.70199
 0.941737   0.24156 0.0319919    1.6917
 0.948735  0.231145 0.0298725   1.70609
  0.914432   0.291816 -0.0336648    1.64655
  0.929442   0.268447 0.00556874    1.67163
0.912448 0.119169 0.272528  1.64093
0.915532 0.147184 0.296222   1.6517
0.916373 0.148145 0.295757  1.64695
0.917393 0.161881 0.301831  1.65691
0.918326 0.169216 0.299534  1.65878
0.916506  0.15674 0.300311  1.65556
0.917026 0.165009 0.288352  1.65231
0.916483 0.153471 0.300056  1.65368
0.919862 0.156835 0.293955  1.65474
0.919615 0.148321 0.272997  1.65388
0.920704 0.137422  0.24289  1.65552
0.916353  0.15495 0.263259   1.6505
0.924033 0.136576 0.232723   1.6603
0.920556  0.15602 0.285681  1.65625
0.919915 0.149844 0.244116  1.65581
0.920186 0.152615  0.27251  1.65626
0.922491 0.164625 0.262719  1.66491
0.923503 0.169436 0.256048  1.66637
0.922172  0.17555 0.284658   1.6642
0.914785 0.143053 0.249616  1.64982
0.916695 0.151418 0.266685  1.65128
0.918815 0.150111    0.257   1.6547
0.918004 0.174882 0.296039  1.65925
0.917405  0.15435 0.296307  1.65112
0.921319 0.172427 0.290096  1.66302
0.916753  0.16653 0.300141  1.65689
0.917227 0.153963 0.296988  1.65171
0.921172 0.167904 0.293031  1.66215
 0.91211 0.199945  0.27933  1.64345
0.902308 0.201979 0.287865  1.62673
0.911238 0.188753 0.291973  1.64272
0.915321 0.173537  0.30347  1.65201
0.918519 0.163322 0.288604  1.65599
 0.92233 0.173144 0.281808  1.66527
0.921479  0.16457 0.274151  1.66327
 0.91658 0.172102 0.283046  1.65129
0.914765 0.144306   0.2468  1.65003
0.918055 0.160136 0.260445  1.65793
0.915645 0.149139 0.254069  1.65365
0.922247 0.170546  0.27073  1.66527
0.757494 0.150429 -0.47522  1.40393
 0.757156  0.150511 -0.458969   1.39632
0.759595 0.152731 -0.45946  1.40166
 0.758407  0.151235 -0.457888    1.3985
 0.751125  0.158329 -0.478985   1.39448
 0.755121  0.159768 -0.451821   1.39088
 0.755743  0.168964 -0.463969   1.39908
 0.757439  0.152671 -0.458554   1.39715
 0.752819  0.166836 -0.465096   1.39312
 0.753489  0.160122 -0.467427   1.39469
 0.752245  0.172067 -0.477504   1.39858
 0.750981  0.175059 -0.475418   1.39526
  0.918842   0.295995 0.00808031    1.65647
  0.937308    0.27667 -0.0165004    1.69355
 0.92173 0.255486 0.151603   1.6582
 0.93927 0.229444  0.15126  1.68954
0.918969 0.229483 0.212761  1.65393
0.935429 0.147852 0.211347  1.67769
0.917946  0.16903 0.286749   1.6554
0.906782 0.216613 0.275448  1.63663
0.918298 0.212593 0.262324  1.65701
0.907107  0.20518  0.28495  1.63749
0.923723 0.225026 0.215351  1.66237
0.916859 0.217863 0.242005  1.65039
0.926156 0.138233 0.226919  1.66396
0.935211 0.217033 0.197295  1.68408
0.925671 0.152761   0.2364  1.66379
0.932565 0.143691 0.213453  1.67375
0.942853 0.241194  0.11398  1.69803
 0.932934  0.261405 0.0917264   1.67933
0.943652 0.188567 0.140969   1.6904
0.935604 0.233131 0.147093  1.68228
 0.760543  0.155598 -0.462843   1.40544
 0.759495  0.156503 -0.461565   1.40298
 0.759324  0.157149 -0.460736   1.40244
  0.76004  0.156166 -0.461558   1.40405
 0.755673  0.154213 -0.468094   1.39811
 0.759902  0.155726 -0.461478    1.4036
 0.758424  0.150501 -0.458023   1.39842
 0.759231  0.157522 -0.462445   1.40306
  0.75596  0.152397 -0.467782   1.39805
 0.758859  0.154816 -0.462534   1.40193
0.759448 0.157476 -0.45966   1.4023
 0.759153  0.160722 -0.464017   1.40403
0.759624 0.155966 -0.46333  1.40388
 0.759278  0.160067 -0.462655   1.40357
 0.753732  0.154576 -0.459298   1.39038
  0.75958  0.156557 -0.460947   1.40298
  0.76005  0.155927 -0.462994   1.40457
 0.759369  0.156681 -0.463083   1.40342
 0.754059  0.177737 -0.474802   1.40172
 0.757267  0.181535 -0.471204   1.40694
 0.751443  0.162491 -0.466346   1.39028
 0.755154  0.161198 -0.448848    1.3897
  0.75659  0.161237 -0.456694   1.39603
 0.756878  0.160324 -0.458747   1.39743
0.757987 0.161457  -0.4618  1.40088
 0.758063  0.159357 -0.463904   1.40166
 0.758902  0.161114 -0.463762    1.4034
 0.759367  0.158731 -0.460878   1.40284
 0.757462  0.159981 -0.463164   1.40019
 0.759474  0.159306 -0.463136   1.40411
  0.924235    0.28983 -0.0440664    1.66902
  0.935925   0.261266 -0.0483148    1.68714
0.919226  0.15597 0.295563  1.65393
0.920484 0.164427 0.297668  1.66015
0.919055 0.161704 0.297954  1.65694
 0.92008  0.15524 0.287527  1.65532
0.920157 0.168028 0.295439  1.66017
0.919651 0.151916 0.274818  1.65513
0.916979  0.15194 0.261187  1.65548
0.918709 0.145928 0.257379  1.65329
0.914749  0.20818 0.266389  1.64876
0.919733 0.155102 0.276922  1.65663
0.920572 0.144657 0.242735  1.65649
 0.92163  0.19132 0.259533  1.65988
0.921548 0.168315 0.285179  1.66319
0.914788 0.144877 0.249542  1.65006
0.920138 0.158477 0.288915  1.65668
0.917432  0.15453  0.25984  1.65665
0.919169 0.159575 0.298851  1.65642
0.915373 0.149067 0.252882  1.65115
0.919851 0.160424 0.295387   1.6565
 0.92058 0.163031 0.288869  1.65897
0.914155 0.183842 0.299454  1.65062
0.918456 0.147704 0.249987  1.65421
0.918189 0.149352 0.259364  1.65355
0.916883 0.181874 0.274549  1.65116
0.916762 0.152474 0.265643   1.6525
0.919756 0.160659 0.276397  1.65979
0.914194 0.145355 0.249936  1.64835
0.919889 0.166128 0.273537  1.66033
  0.75709   0.15174 -0.459103   1.39659
 0.758011   0.15215 -0.466653   1.40163
 0.753417  0.155106 -0.468452   1.39381
 0.754252  0.157305 -0.454878   1.39006
  0.75535  0.153617 -0.459293   1.39357
0.751905 0.158318 -0.46817  1.39128
 0.753615  0.164695 -0.465564   1.39492
 0.753449  0.157783 -0.458131   1.38986
0.927549 0.239024 0.182233  1.67085
0.932678 0.216195 0.171545   1.6736
0.922576 0.213797 0.238871  1.66219
0.932034  0.17047 0.212826  1.67283
0.914552 0.194631 0.288905  1.65083
0.922182 0.176738 0.246397  1.65775
0.923983 0.162589 0.237193  1.66118
0.916234  0.20463 0.275436  1.65305
0.923217 0.147139 0.232974  1.65987
0.925301 0.194358 0.244463  1.66545
0.927521 0.157232 0.224624  1.66594
0.925111  0.19888 0.227611  1.66195
0.939328 0.156116 0.185907  1.68332
0.931498 0.208984 0.207905  1.67549
0.930651 0.175738 0.214483   1.6691
0.940237 0.175884 0.179599  1.68539
 0.759299    0.1549 -0.462342   1.40264
  0.75647  0.158638 -0.460684   1.39714
0.755341 0.152491 -0.45931  1.39321
 0.758869  0.156483 -0.464182   1.40286
 0.758349  0.155152 -0.462673   1.40101
 0.757302  0.151944 -0.458181    1.3965
 0.759334  0.157994 -0.461292   1.40287
 0.759038  0.158239 -0.462165   1.40263
 0.758972  0.157388 -0.462958   1.40266
0.758982 0.159317  -0.4638  1.40337
 0.759205  0.156455 -0.463437   1.40317
 0.758257  0.158091 -0.464212   1.40198
 0.755691   0.15944 -0.459184   1.39503
  0.75572  0.153409 -0.457998   1.39361
 0.758638   0.15972 -0.464324   1.40293
 0.753358  0.156256 -0.455388   1.38828
 0.758968  0.158718 -0.464125   1.40342
 0.756719  0.156424 -0.461691   1.39763
 0.92087 0.158962 0.287145  1.65807
0.917891 0.152343 0.260569  1.65411
0.919935 0.158527 0.277533  1.65837
 0.92011 0.155983 0.274463  1.65731
0.919193 0.149196 0.246336  1.65517
0.916196 0.149344 0.252947  1.65179
0.918806 0.178183 0.280148  1.65693
0.917855 0.150601 0.253363   1.6545
0.915644  0.15012 0.252314  1.65182
0.917402 0.155682 0.263335  1.65636
0.920662 0.166297 0.283357   1.6607
 0.92012 0.161444 0.276825  1.65965
0.920706  0.16231 0.285487  1.66055
0.920955 0.162949 0.288538  1.65967
0.918066  0.15591 0.250151   1.6539
 0.91822 0.190104 0.262318  1.65225
0.917988 0.163186 0.262939  1.65282
0.917717 0.156458 0.262237  1.65386
 0.755209  0.155028 -0.457105   1.39253
 0.757588  0.155356 -0.462242   1.39941
0.922936 0.158765 0.246611  1.66085
0.935177 0.179975 0.199278  1.67728
 0.92627 0.177521 0.229109  1.66339
0.921468 0.195425 0.247201  1.65709
0.918658 0.152794 0.249247  1.65469
0.921065 0.151832 0.239427  1.65732
0.925045 0.171812 0.245008  1.66356
0.918645 0.167358 0.255771  1.65393
0.930589 0.206132 0.212391  1.67319
 0.93023 0.199091 0.223914  1.67334
 0.756791  0.157153 -0.461681   1.39793
 0.758899  0.157504 -0.464203   1.40309
 0.758486  0.158101 -0.464086   1.40228
 0.756806  0.153015 -0.458719   1.39599
 0.755779  0.154548 -0.458059     1.394
 0.755945   0.15775 -0.460885   1.39598
 0.757637  0.158562 -0.464028   1.40068
0.757439  0.15603 -0.46226  1.39924
 0.92033 0.158754 0.276479  1.65912
0.918184 0.151939 0.250094  1.65454
0.917599 0.154965 0.258864  1.65503
0.918258 0.152824 0.258957  1.65486
0.919524 0.171324 0.259141  1.65433
 0.91773 0.153107  0.25302  1.65466
0.916911 0.160676 0.258886   1.6518
0.917543 0.153263 0.253657  1.65324
0.919557 0.186136   0.2712  1.65741
0.921924 0.164018 0.247319  1.65914
0.919019 0.158985 0.267885  1.65881
0.918694 0.155552 0.269483  1.65786
0.917877 0.153369 0.259537  1.65559
0.916521 0.151557 0.251474  1.65253
 0.754929  0.155369 -0.457206   1.39208
 0.754543  0.156186 -0.458964   1.39233
0.919159 0.155209 0.244854  1.65497
0.919095 0.162619 0.261424  1.65566
 0.92072 0.161503 0.252869  1.65785
0.921991 0.172845  0.25671  1.65995
 0.758612  0.157081 -0.464168   1.40244
 0.758046  0.157299 -0.464282   1.40142
