0.883602 0.340264 0.161134  1.60957
0.886377 0.326792 0.186094   1.6156
0.874461 0.341655 0.173559  1.59271
0.876917 0.333043  0.18592  1.59768
0.868356  0.34185 0.186478  1.58335
0.872745 0.335104 0.180619  1.58782
0.881089 0.329476 0.182319  1.60377
0.881335 0.332336 0.169865  1.60308
 0.761134  0.162587 -0.459323   1.40658
 0.761698   0.16236 -0.459337   1.40773
 0.799177  0.133488 -0.405084   1.45581
 0.793615  0.134499 -0.412641   1.44752
 0.79671 0.137317 -0.41204  1.45449
 0.794636  0.120261 -0.411842   1.44711
 0.790088  0.125512 -0.420524   1.44243
 0.793448  0.124942 -0.417937   1.44833
 0.806036  0.122083 -0.390921   1.46233
 0.801651   0.11412 -0.397897   1.45473
 0.813924  0.102532 -0.371433   1.46863
 0.807097  0.116984 -0.395183   1.46595
  0.79514  0.129336 -0.416468   1.45201
  0.79855  0.121696 -0.409963   1.45498
 0.802001  0.129833 -0.406605   1.46222
0.798874 0.125232 -0.40756  1.45504
   0.98014   0.121475 -0.0531101    1.76932
  0.980109   0.123061 -0.0467118    1.76913
  0.979189   0.125675 -0.0499133    1.76709
  0.979607   0.121654 -0.0482915    1.76774
0.980096 0.124419 -0.04044    1.769
  0.980035   0.125526 -0.0345353     1.7688
  0.979216   0.128073 -0.0377167    1.76688
  0.979596   0.123867 -0.0366155    1.76752
  0.977927   0.134812 -0.0465905    1.76455
  0.978466   0.134197 -0.0404731    1.76546
 0.979609  0.122675 -0.042506   1.76762
  0.978974   0.126021 -0.0400672    1.76607
  0.979028   0.125894 -0.0447816    1.76641
  0.979293   0.126548 -0.0436743    1.76716
0.922942 0.161464 0.254147  1.66364
 0.767573  0.159821 -0.457553   1.41875
0.761503 0.161319 -0.45956  1.40718
 0.763465  0.162337 -0.460153   1.41174
 0.764661  0.162049 -0.460659   1.41434
 0.765406   0.16163 -0.460753   1.41586
 0.766507   0.16083 -0.459643   1.41753
0.771595 0.162083  -0.4616   1.4289
 0.769669  0.160011 -0.457244   1.42292
 0.768818  0.158941 -0.455622   1.42036
  0.77074  0.159432 -0.457667    1.4252
 0.773979  0.160318 -0.462629   1.43364
  0.77626  0.156343 -0.458086   1.43565
 0.788306  0.141837 -0.425849   1.44381
 0.784328  0.143548 -0.435278   1.44011
0.786938 0.145955 -0.43487  1.44597
 0.761321  0.163005 -0.459106   1.40693
 0.761624  0.162983 -0.459133   1.40758
 0.764831  0.162037 -0.460383   1.41463
 0.760995  0.163089 -0.459481   1.40646
 0.760954  0.162907 -0.459743   1.40646
 0.760928  0.162582 -0.460009   1.40646
 0.760916  0.162363 -0.460109   1.40642
 0.766761   0.16022 -0.458113   1.41736
 0.760909  0.161848 -0.460217   1.40635
  0.76573  0.161239 -0.459918   1.41611
 0.761659  0.162204 -0.459249   1.40756
 0.761385  0.161004 -0.459757   1.40697
 0.761234  0.162169 -0.459262   1.40664
 0.808133   0.22998 -0.433256   1.50162
 0.806958  0.225052 -0.437105   1.50008
0.812203 0.225955  -0.4356  1.50896
 0.809514  0.226921 -0.436141   1.50529
 0.804912  0.219885 -0.441777   1.49677
 0.801175  0.214433 -0.448988   1.49151
 0.808676  0.213031 -0.446106   1.50374
 0.805764  0.215515 -0.447022    1.5003
 0.817356  0.221068 -0.435121   1.51723
 0.816989  0.211747 -0.440378   1.51687
 0.827726  0.212201 -0.425165   1.53127
 0.820785  0.215909 -0.438954   1.52535
 0.808001  0.221737 -0.440521   1.50325
 0.813129  0.215014 -0.444269   1.51279
 0.813973  0.222676 -0.438488   1.51343
  0.81138  0.219811 -0.439399   1.50764
 0.732369  0.161287 -0.463597   1.35245
 0.733426  0.159857 -0.463424   1.35419
 0.730218   0.16129 -0.459995   1.34552
   0.7277  0.162139 -0.457682   1.33861
  0.72847  0.159692 -0.458213      1.34
 0.729454   0.16067 -0.458377   1.34233
  0.73168  0.156781 -0.460935   1.34813
 0.729218  0.157379 -0.458534   1.34125
 0.730175  0.155068 -0.458766   1.34287
 0.730992  0.156043 -0.459035   1.34492
 0.731418  0.160282 -0.460397     1.348
   0.7301  0.158377 -0.458783   1.34342
 0.732015  0.157917 -0.461061   1.34915
 0.730746  0.158936 -0.460362    1.3463
 0.789773  0.147244 -0.425137    1.4477
 0.784348  0.152899 -0.433931   1.44142
 0.786183  0.152157 -0.423183   1.43978
0.973894 0.130372   0.0555  1.75667
 0.973392  0.138433 0.0610546   1.75547
 0.974075  0.138671 0.0546407   1.75647
 0.973786  0.139515 0.0584469   1.75663
  0.97362  0.145703 0.0505233   1.75407
0.972685 0.149806 0.057567  1.75349
  0.97243   0.15085 0.0660122   1.75344
 0.781546  0.153428 -0.438691   1.43774
 0.970065  0.152343 0.0875046   1.74685
 0.777036  0.157898 -0.451159   1.43459
    0.97928    0.129498 -0.00681074     1.76713
    0.97896    0.130182 -0.00123761     1.76647
   0.978592    0.132253 -0.00505318     1.76547
   0.978837    0.128559 -0.00474521      1.7659
  0.978643   0.131259 0.00473487    1.76591
 0.978313  0.132065 0.0107941   1.76534
  0.977809   0.136123 0.00643399    1.76397
  0.978109   0.130605 0.00612195    1.76451
    0.97777    0.135991 -0.00318213     1.76325
    0.977598     0.134733 -0.000975815      1.76255
   0.978474    0.129605 9.15515e-05      1.7652
     0.97765      0.13416 -0.000312062      1.76326
   0.978336    0.131774 -0.00366554      1.7647
    0.978302     0.132954 -4.75665e-05      1.76484
 0.774003  0.161945 -0.462497   1.43395
 0.767916  0.159375 -0.456176   1.41881
  0.77212  0.162731 -0.462355   1.43017
 0.760999  0.162808 -0.459908   1.40659
  0.76768  0.160114 -0.456426   1.41861
0.761111 0.163077 -0.45965  1.40677
  0.76382  0.162678 -0.460701   1.41277
0.762268 0.162706 -0.45943  1.40905
0.910786 0.164087 0.236148  1.63376
 0.943171  0.160464 -0.242739    1.7146
 0.943944  0.167277 -0.233199   1.71574
 0.940809    0.1711 -0.242277   1.71144
 0.942595  0.162263 -0.240176   1.71336
 0.937761  0.196916 -0.245121   1.71171
 0.940642  0.170952 -0.235447   1.70986
 0.941405  0.173854 -0.234194   1.71192
 0.967766  0.141115 0.0795112   1.74734
 0.971009  0.139579 0.0797012   1.75172
  0.96991  0.141842 0.0819248   1.74892
 0.969437   0.14114 0.0801871    1.7485
 0.972596  0.133526 0.0880913   1.75297
0.973013 0.128729 0.088639  1.75282
 0.971254  0.147042 0.0878734   1.75077
 0.970496  0.143428 0.0826124   1.74896
 0.971537  0.142077 0.0835262   1.75139
 0.971371  0.129379 0.0726394   1.75268
 0.970508  0.128123 0.0770228   1.75105
 0.971364  0.136733 0.0784304   1.75194
 0.970754   0.12832 0.0736142   1.75107
  0.96873  0.128354 0.0824046   1.74754
 0.966434  0.133276 0.0843405   1.74337
 0.969719  0.138687 0.0840731   1.74857
 0.968398  0.131865 0.0811227   1.74706
 0.971118  0.148857 0.0853635   1.75099
 0.971216  0.146965 0.0877225   1.75097
 0.969773  0.127846 0.0777515   1.74924
 0.970367  0.138531 0.0821486   1.74963
 0.971018  0.137049 0.0789759   1.75076
 0.970538  0.136797 0.0825114   1.75029
 0.972558  0.149479 0.0704483   1.75376
 0.972801   0.14745 0.0728307    1.7541
 0.973292  0.138538 0.0631486   1.75572
 0.973771  0.131004 0.0592917   1.75691
 0.973061  0.131022 0.0631603    1.7556
 0.973216  0.130676 0.0600798   1.75553
 0.972561  0.137511 0.0703098   1.75432
 0.972541  0.130899 0.0663242   1.75473
 0.971946  0.130122 0.0688703   1.75365
 0.972132  0.130263 0.0669932   1.75367
 0.973013  0.137898 0.0645015   1.75483
 0.972618  0.130899 0.0636211   1.75451
 0.972602  0.137828 0.0671813   1.75399
 0.972918  0.137746 0.0666554   1.75498
 0.974765  0.146745 0.0471684   1.75749
 0.974826  0.144591 0.0494825   1.75727
 0.975671  0.137843 0.0414566   1.76001
 0.976362  0.131907 0.0379528   1.76173
 0.975863  0.131132 0.0431082   1.76072
0.975782 0.130771 0.039559  1.76019
 0.974628  0.139116 0.0530962   1.75802
 0.975322  0.130906 0.0488821   1.75974
 0.974576  0.130843 0.0544199   1.75838
 0.974616  0.130224 0.0501106   1.75794
 0.975362  0.137072 0.0429586   1.75902
0.975225 0.130456 0.044276  1.75908
 0.974599  0.138268 0.0465619   1.75737
 0.975288  0.137176 0.0463699   1.75917
 0.973648  0.158081 0.0548834   1.75474
   0.97834   0.115602 -0.0853773    1.76632
 0.977519  0.123139 -0.079372   1.76437
  0.97661  0.122459 -0.091195   1.76313
  0.977451   0.122423 -0.0896096    1.76511
  0.976365    0.13666 -0.0741854    1.76244
 0.973993   0.13155 -0.100038   1.75843
  0.974809   0.131782 -0.0982799    1.76035
  0.976189   0.138353 -0.0847323    1.76327
 0.737672  0.273332 -0.394041   1.35377
 0.735526   0.26527 -0.400666   1.35008
0.744872 0.264608 -0.39466  1.36634
 0.741452  0.268878 -0.399179   1.36278
 0.733892  0.257329 -0.406649   1.34729
  0.73268  0.249684 -0.412006   1.34524
 0.741262  0.249688 -0.406639   1.36043
  0.73795   0.25299 -0.410889   1.35656
 0.750162  0.260029 -0.400072   1.37982
0.750882 0.254505 -0.40188  1.38047
 0.739534  0.260828 -0.405364    1.3594
 0.744981  0.253461 -0.404908   1.36848
0.747542 0.260869 -0.39897  1.37293
 0.742625  0.256825 -0.401257   1.36254
 0.957108  0.157219 -0.186487   1.73534
 0.959944  0.159973 -0.177734   1.74106
 0.95914 0.142532 -0.19127  1.73855
0.959795 0.136693 -0.19923  1.74073
 0.962774  0.133614 -0.189365   1.74552
0.959816 0.139603 -0.19137  1.73953
 0.964735  0.138057 -0.169956   1.74743
 0.965942  0.130157 -0.178227   1.75061
 0.968524  0.125713 -0.166217   1.75408
 0.965717  0.133197 -0.167942   1.74851
 0.959971  0.147389 -0.182305   1.73954
 0.962678  0.136457 -0.180156   1.74383
 0.962971  0.144688 -0.170205   1.74416
0.961855 0.140965 -0.18179  1.74304
 0.758764  0.230346 -0.433059   1.40717
 0.727547  0.185928 -0.449571   1.33866
 0.729607  0.183937 -0.451155   1.34396
 0.730383  0.187241 -0.449126   1.34506
 0.728444  0.185468 -0.449618   1.34093
  0.73252  0.183153 -0.455632   1.35296
  0.73446   0.18946 -0.451678   1.35604
 0.731356  0.187158 -0.452182   1.34932
  0.73133  0.185349 -0.452549   1.34904
 0.730743  0.170733 -0.460755    1.3495
  0.73151  0.169147 -0.460721   1.35069
 0.728582  0.171202 -0.456653   1.34228
 0.726054  0.172614 -0.454581   1.33561
 0.726334  0.169838 -0.455594   1.33619
 0.727702  0.170946 -0.455601   1.33924
 0.729131   0.16607 -0.458606   1.34346
 0.726695  0.167243 -0.456397   1.33686
  0.72708  0.164605 -0.457174   1.33756
 0.728314  0.165695 -0.457255   1.34037
 0.729763  0.169932 -0.457367   1.34485
 0.727921   0.16831 -0.456465   1.33965
 0.729834  0.167273 -0.458566   1.34517
 0.728655  0.168517 -0.457529   1.34234
 0.735952  0.153067 -0.464343   1.35845
 0.737272   0.15175 -0.464044    1.3607
 0.733801  0.152605 -0.461266   1.35181
 0.731291  0.152945 -0.458756   1.34471
 0.732479  0.150776 -0.458822   1.34676
  0.73313  0.151672 -0.459152   1.34849
 0.736076   0.14871 -0.461268   1.35567
0.733688 0.148793 -0.45867  1.34875
 0.735035  0.146857 -0.458458     1.351
 0.735508  0.147688 -0.458863   1.35239
  0.73503   0.15185 -0.461377   1.35424
 0.734212  0.149673 -0.459076   1.35026
 0.736099  0.149764 -0.461543   1.35613
 0.734759  0.150565 -0.461155   1.35327
 0.780915   0.15623 -0.448764   1.44146
0.916391 0.177665 0.239097  1.63566
0.936424 0.147669 0.161461  1.68154
0.911484 0.159227 0.226252  1.63816
0.909623 0.150351  0.21917  1.64109
0.914005 0.148722 0.217433   1.6446
0.920331  0.15725 0.242514  1.65703
0.924827 0.157232  0.27284  1.67106
0.924477 0.161154 0.260734  1.66826
0.886082 0.253679 0.284237  1.61549
 0.88823 0.240485  0.29488  1.62017
0.879189 0.251101 0.290194  1.60311
0.880426 0.243386 0.295858  1.60583
0.873528 0.245703 0.294674  1.59338
0.877565 0.245974  0.29281  1.59912
0.883893 0.243494 0.293534  1.61096
0.884021  0.24766 0.287339  1.61044
0.925881 0.157585 0.265248  1.67196
0.927513 0.133978 0.276672  1.67878
 0.930418 0.0992807  0.260673   1.68059
  0.896965 -0.0183321   0.352746    1.63775
 0.912322 0.0116701  0.337787    1.6606
  0.925174 -0.0287909   0.313597    1.68382
   0.910013 -0.00488601    0.322372      1.6504
 0.920198 0.0384714  0.323534   1.67251
 0.923156 0.0526601  0.302854   1.67244
 0.931929 0.0415769  0.297469   1.69135
 0.923761 0.0484091  0.302373   1.67357
    0.94093 -0.00875681    0.272694     1.70518
 0.937968 0.0221307  0.272358   1.69728
  0.94917 0.0173276   0.24511   1.71666
 0.943344 0.0106353  0.249202   1.70337
 0.919278 0.0245257  0.309201   1.66495
 0.932906 0.0259649  0.276388   1.68625
   0.931398 -0.00666478     0.27941     1.68396
  0.928939 0.00950542   0.302921    1.68569
0.900052  0.14538 0.242191  1.61695
0.896286 0.158792 0.246867  1.60175
0.909236 0.149609 0.223988  1.63958
0.913428 0.160255 0.196624  1.64562
 0.92551 0.186491 0.198308  1.66917
0.931523 0.200845 0.210427  1.68009
0.933046 0.185524 0.211753  1.68825
0.920172 0.156772 0.245197  1.65748
 0.93331 0.193893  0.22906  1.68677
0.914252 0.146935 0.223191  1.64565
0.922354 0.185783 0.236332  1.65147
   0.876877 0.000183481   0.0341684     1.60285
0.927049  0.18792  0.22598  1.66359
0.922464   0.1213 0.284555  1.66983
0.927186 0.158514 0.258446  1.67379
 0.92369 0.131871 0.290369  1.67378
0.924683 0.145079 0.285681  1.67406
0.924872 0.154084 0.280575  1.67287
0.928716 0.174139 0.197239  1.68091
0.921519 0.161236 0.258196  1.66237
 0.91867 0.160966 0.191796  1.65858
0.909441 0.155631 0.228821  1.63419
0.907077 0.162566 0.248336  1.61762
 0.789628  0.120955 -0.424871   1.44304
 0.788709  0.114035 -0.421964   1.43845
  0.79387  0.115927 -0.416355   1.44708
 0.791192  0.116758 -0.418207   1.44231
0.786475 0.107363 -0.42212  1.43262
 0.781177  0.103593 -0.423314   1.42102
 0.787505  0.100177 -0.415544    1.4303
0.786305 0.104145 -0.41964  1.43031
 0.799996  0.108267 -0.405274   1.45383
 0.795748 0.0969018 -0.404664   1.44252
 0.806664 0.0941062 -0.388025   1.45855
0.802155 0.101048 -0.39534  1.45273
0.789679 0.110281 -0.41763  1.43767
 0.793334   0.10188 -0.409931   1.44043
  0.79571  0.110585 -0.408389   1.44624
 0.792858  0.106345 -0.414438   1.44245
 0.782275  0.147973 -0.448878   1.44317
 0.771024  0.163177 -0.460525    1.4272
 0.759978   0.12675 -0.452735   1.39609
 0.762189  0.124991 -0.452053   1.40006
  0.75738  0.124368 -0.451831    1.3896
 0.754337  0.123512 -0.449584   1.38145
 0.756477  0.121314 -0.448139   1.38474
0.756687 0.122571 -0.44914  1.38599
 0.761938   0.12039 -0.448406   1.39653
 0.758639  0.119156 -0.446367   1.38791
  0.76112  0.116857 -0.444154   1.39151
 0.761273    0.1184 -0.445543   1.39288
 0.758789  0.124386 -0.451004   1.39208
 0.758822  0.120519 -0.447531    1.3892
 0.761253  0.122232 -0.449318   1.39593
 0.759464  0.122318 -0.450092   1.39261
 0.775823  0.161573 -0.451451   1.43295
 0.740241  0.214293 -0.437606   1.36623
0.745523  0.22392 -0.42978  1.37543
 0.735369  0.216603 -0.432135   1.35294
 0.737831  0.221633 -0.428028   1.35697
 0.732055  0.221203 -0.431277   1.34626
  0.73392  0.219033 -0.429454   1.34896
 0.739408  0.220739 -0.431822   1.36288
 0.738493  0.217989 -0.432811   1.36077
 0.836298    0.2352 -0.414476   1.54994
 0.841224  0.233726 -0.409205   1.55772
 0.835388  0.237414 -0.409947   1.54798
 0.836956  0.235209 -0.411169   1.54974
 0.846466  0.232212 -0.403568   1.56612
 0.852076   0.23017 -0.397364   1.57503
 0.845616  0.235103 -0.398645   1.56435
 0.847268  0.232252 -0.399678   1.56604
 0.834783  0.241306 -0.403174     1.546
 0.839543  0.243283 -0.398938   1.55508
 0.841885  0.233781 -0.405729   1.55749
 0.842562  0.237677 -0.399871   1.55886
  0.83706  0.238797 -0.406186   1.55027
0.840401 0.236105 -0.40461  1.55585
 0.751194  0.134751 -0.459199   1.38302
 0.747441  0.138545 -0.460185   1.37655
 0.749296  0.133199 -0.456861   1.37727
 0.747151  0.135375 -0.457508   1.37357
0.747388 0.132421 -0.45466  1.37151
 0.747836  0.133767 -0.456865    1.3743
 0.747837  0.136812 -0.458961   1.37628
 0.750171  0.135031 -0.458513   1.38055
 0.852886  0.230268 -0.393099   1.57485
 0.854308  0.235129 -0.385833   1.57763
 0.847397  0.236824 -0.394211   1.56675
 0.851323  0.233307 -0.392129   1.57327
 0.855722  0.242807 -0.376943   1.58071
  0.84195  0.243981 -0.393083   1.55799
 0.844949  0.240214 -0.391826   1.56239
 0.851639  0.242972 -0.385792   1.57536
 0.881103  0.237534 -0.343866   1.62294
0.865755 0.239296 -0.36424  1.59703
0.879112 0.225642 -0.35327    1.617
 0.871388  0.228935 -0.364278   1.60507
 0.877016  0.218929 -0.362937   1.61288
 0.875351  0.222936 -0.361759   1.61113
 0.868961  0.233737 -0.362886   1.60166
 0.876055  0.237419 -0.355588   1.61585
  0.90692  0.193484 -0.323062   1.66017
 0.913057  0.189064 -0.313298   1.67013
 0.907504  0.198023 -0.313462   1.66012
 0.908401  0.194888 -0.316616   1.66164
 0.919058   0.18344 -0.302475    1.6794
 0.924136  0.177442 -0.292073   1.68675
 0.919771  0.187117 -0.291354   1.67918
 0.920436  0.184785 -0.294876   1.68041
0.905469 0.215362 -0.30972  1.65992
 0.912674  0.216613 -0.300293   1.67403
 0.914597   0.19044 -0.305499   1.67135
 0.917715   0.19764 -0.292379   1.67698
 0.909969  0.202183 -0.305621   1.66416
 0.913485  0.194673 -0.303514   1.66996
0.925858  0.19787 -0.27096  1.69063
 0.932164  0.199588 -0.260481   1.70308
 0.928598  0.178488 -0.273542   1.69246
 0.928823  0.172925 -0.282416   1.69393
 0.933974  0.168829 -0.271961   1.70228
  0.92961  0.175004 -0.275106   1.69395
0.938824 0.167621 -0.24947  1.70789
 0.938762  0.163603 -0.260477   1.70945
 0.942704  0.158223 -0.249829     1.715
 0.939468  0.165588 -0.252284   1.70919
0.930445 0.183415  -0.2644  1.69517
 0.934786  0.170937 -0.263165   1.70201
0.937026 0.178965 -0.25016  1.70601
 0.933652  0.175472 -0.262629   1.70069
 0.943338  0.178902 -0.228833   1.71621
 0.948361  0.181155 -0.218379   1.72634
 0.945864  0.159905 -0.231429   1.71851
 0.946384  0.154093 -0.240126   1.72058
0.950389 0.150273 -0.22976  1.72701
  0.94676  0.156693 -0.232415   1.71993
 0.953886  0.148518 -0.207332   1.73019
0.953969 0.145235 -0.21859  1.73218
 0.956998  0.140383 -0.208537   1.73649
 0.954321  0.147536 -0.210486   1.73151
 0.947248  0.165187 -0.221797   1.72043
 0.950814  0.152845 -0.220655   1.72621
 0.952539  0.160802 -0.207513   1.72913
0.949841 0.157024 -0.22055  1.72492
  0.73486  0.196769 -0.448304   1.35672
  0.73896  0.204648 -0.442734   1.36391
 0.731282   0.19835 -0.443532   1.34636
 0.733019  0.202473 -0.440571   1.34917
 0.728765  0.201585 -0.442335   1.34069
 0.730077  0.200307 -0.441494   1.34308
  0.73427  0.201761 -0.443943   1.35408
 0.733498  0.199601 -0.444619   1.35233
  0.73657  0.245534 -0.415879   1.35408
 0.740937  0.239237 -0.416049   1.36182
 0.744107  0.245792 -0.410458   1.36719
  0.73905  0.242204 -0.412581   1.35671
0.747046 0.236164 -0.42145  1.37756
 0.753643  0.248364 -0.410468   1.38898
  0.74596  0.244649 -0.413497   1.37325
 0.745154  0.240506 -0.415343    1.3713
 0.971748  0.124672 -0.122042   1.75471
 0.97238  0.12671 -0.12079  1.75637
 0.970486  0.123471 -0.140374   1.75417
 0.970698  0.121393 -0.154766   1.75686
 0.972639  0.117998 -0.144259   1.75957
 0.970775  0.125216 -0.146124   1.75612
 0.974062  0.116702 -0.122381   1.75975
 0.974033  0.114826 -0.134739   1.76123
 0.975112  0.112678 -0.126187    1.7625
 0.974303  0.118652 -0.128639    1.7615
 0.971578   0.12833 -0.133088   1.75642
 0.972749    0.1221 -0.136823   1.75921
0.973493 0.126069 -0.12474  1.75976
 0.972553   0.12073 -0.131578    1.7577
 0.858579  0.241473 -0.351055   1.57761
 0.871778  0.247375 -0.336833   1.60364
 0.955553 0.0150962  0.206955   1.72202
 0.963411 0.0396279  0.189691   1.73832
   0.96256 0.00321885   0.194332    1.73774
 0.961243 0.0102295  0.192128   1.73322
 0.968485 0.0608651  0.121144   1.74103
  0.96713 0.0537035  0.158946   1.74246
  0.969301 -0.0189919   0.148222    1.74748
  0.97466 0.0237323  0.110749    1.7543
  0.975899 -0.0201195  0.0877369    1.75847
  0.973974 -0.0295448   0.104337    1.75388
 0.966039 0.0265889  0.156493   1.73865
 0.971794 0.0204595  0.119305   1.74832
  0.967515 -0.0126845   0.147353    1.74189
 0.968537 0.0279906  0.148835   1.74397
0.903026 0.199538 -0.32616  1.65363
 0.905141  0.205168 -0.315774   1.65724
 0.900451  0.210474 -0.323699   1.65085
 0.902625   0.20146 -0.321318   1.65245
 0.898851  0.231566 -0.322685   1.65446
 0.901615  0.210866 -0.314965   1.65162
 0.902768  0.211623 -0.314163   1.65423
 0.976412  0.115676 -0.120773   1.76539
 0.977489  0.115192 -0.110637   1.76678
  0.97507   0.12061 -0.117326   1.76209
 0.975897  0.113772 -0.113755     1.763
 0.978508  0.115542 -0.101256   1.76832
0.979179 0.115528 -0.09217  1.76907
  0.976802   0.121902 -0.0985261    1.76432
  0.977702   0.115148 -0.0942275    1.76551
 0.973259  0.131478 -0.114668    1.7584
 0.974258  0.132626 -0.105942   1.75996
 0.976794  0.114414 -0.104158    1.7642
 0.975825  0.120108 -0.101213   1.76193
  0.97511  0.119891 -0.109477   1.76109
 0.976012  0.120324 -0.107882   1.76322
0.929011 0.143142 0.256657  1.67864
  0.97144    0.1296 0.0695334   1.75236
  0.97138  0.137172 0.0736599   1.75159
0.972311 0.137005 0.071123  1.75345
 0.971857  0.136733 0.0730661   1.75304
 0.972748  0.146288 0.0736311   1.75362
0.971983 0.148317 0.074673  1.75149
 0.972376  0.145232 0.0733362   1.75359
 0.971145  0.149532 0.0789223   1.75063
 0.971995  0.142818 0.0778334   1.75254
 0.843027  0.418841 0.0300414   1.54135
  0.853656   0.404408 0.00631685     1.5568
 0.858897  0.399644 0.0373272   1.56688
 0.850834  0.398384 0.0246967   1.54756
   0.86792   0.387297 -0.0113389    1.58174
0.874238 0.386126  0.04435  1.59549
 0.865313  0.386385 0.0349423   1.57469
 0.866541  0.383825 0.0064936   1.57649
0.927062 0.146528 0.274801  1.67664
 0.920971 0.0837327  0.299681    1.6684
0.920675 0.103754 0.285392  1.66492
 0.918542 0.0980029  0.305965   1.66612
  0.94374 0.0881276  0.225252    1.7022
 0.939324 0.0907064  0.232618   1.69357
0.899533 0.104527 0.343812  1.63666
 0.905944 0.0905144  0.335317   1.64679
 0.896523 0.0898671  0.356519   1.63449
0.900852  0.09079 0.341834  1.63747
 0.911022 0.0765446  0.326056   1.65371
  0.91886 0.0672193  0.305842   1.66422
 0.912828 0.0559805  0.328978   1.65798
  0.91501 0.0603186  0.321612    1.6603
 0.891385 0.0645201  0.362564   1.62587
  0.90277 0.0401237   0.34515   1.64213
  0.88328 0.0241858  0.363766   1.61149
 0.895439 0.0365693   0.35786   1.63134
0.907955 0.073718  0.33399   1.6493
 0.908415 0.0496436  0.342639   1.65288
 0.898441 0.0703299   0.35393   1.63596
 0.903979 0.0707769  0.346672   1.64566
0.872372 0.307201 0.231601  1.59059
0.877973 0.309682 0.221847  1.59955
0.879407 0.301346 0.231657  1.60266
0.876244 0.303438 0.226981  1.59497
0.885809 0.310429 0.212041  1.61369
0.887374 0.296898 0.232498  1.61786
0.883153 0.299176 0.228902  1.60819
0.883775 0.303255 0.218231  1.60845
0.925571 0.162184 0.249905  1.66767
0.919848 0.113219 0.296535  1.66639
0.866037 0.128311 0.342926   1.5724
0.877048 0.123044 0.355136  1.59709
0.863503 0.106535 0.353678  1.56809
0.870928  0.12126 0.351815  1.58621
0.886815 0.115289 0.355926  1.61515
0.896015  0.10768 0.344114  1.62902
  0.89092 0.0939776  0.357509   1.62253
0.891517 0.109405 0.358526   1.6262
  0.86514 0.0743742  0.362588   1.57208
 0.883793 0.0702237  0.363539   1.60957
 0.873213 0.0320354  0.364944   1.58862
 0.874297 0.0647506  0.368473   1.59504
0.881447 0.114873  0.36148  1.60847
 0.884586 0.0916746  0.365448   1.61438
0.870838 0.097395 0.362806   1.5877
 0.878436 0.0998217  0.361215   1.59962
   0.9078 0.0967954  0.331201   1.64968
0.904696  0.10219 0.330073  1.64253
 0.912804 0.0978313  0.311016   1.65404
0.918207 0.079743 0.313217  1.66614
 0.913354 0.0792577  0.317466   1.65596
  0.91184 0.0976818  0.322245   1.65598
 0.785966  0.116808 -0.424955   1.43447
 0.783325  0.123465 -0.431931   1.43352
 0.785809  0.120191 -0.426542    1.4355
 0.777788  0.118673 -0.435909   1.42304
 0.777163  0.125473 -0.442225   1.42621
 0.778424  0.121664 -0.436413   1.42512
 0.784088  0.111379 -0.425161    1.4296
 0.779363  0.112891 -0.431107   1.42281
 0.780616  0.106668 -0.426517   1.42193
  0.78104  0.109271 -0.428485   1.42448
 0.781967  0.120378 -0.434228   1.43136
 0.779242  0.115297 -0.432916     1.424
 0.783644  0.114363 -0.427647    1.4305
 0.782029  0.117151 -0.430114   1.42876
 0.778718  0.154279 -0.457711   1.44052
0.821623 0.235261 -0.42998  1.52605
 0.824403   0.23592 -0.427102   1.53077
 0.819669  0.236554 -0.427822   1.52262
 0.821335  0.235545 -0.428431   1.52469
 0.827731  0.236248 -0.423529   1.53623
 0.831713  0.236049 -0.419321   1.54264
 0.82579 0.238224 -0.42039  1.53268
 0.827724  0.236385 -0.421097   1.53499
0.816347 0.238979  -0.4223  1.51527
 0.819715  0.240832 -0.418626   1.52127
 0.824161  0.236124 -0.425081   1.52925
 0.823039  0.238698 -0.421523   1.52739
 0.819795  0.237457 -0.425582   1.52215
 0.822457  0.237425 -0.424512   1.52722
 0.819806  0.234193 -0.431905   1.52281
0.817375 0.233296 -0.43255  1.51897
 0.819445  0.232432 -0.432797   1.52208
 0.818667  0.232941 -0.432345    1.5203
 0.814751  0.231899 -0.432358    1.5139
 0.810766  0.232421 -0.432306   1.50746
 0.814137  0.228707 -0.435051   1.51346
 0.813525  0.230946 -0.432762   1.51156
0.820549  0.22945 -0.43225  1.52345
  0.81848  0.225688 -0.435069   1.52079
 0.824344  0.224156 -0.428224   1.52828
0.821147 0.224929 -0.43149  1.52321
 0.816348  0.231651 -0.432785   1.51655
 0.816525  0.227749 -0.433834    1.5165
 0.818941  0.230122 -0.432799   1.52044
 0.817313  0.230372 -0.433768   1.51877
0.926883 0.150695 0.267243  1.67475
   0.97685 -0.0907438  0.0752529    1.76713
 0.957469 -0.120603  0.160242   1.73456
  0.965425 -0.0670001   0.146946    1.74149
  0.964235 -0.0803282   0.152479    1.74488
 0.924799 -0.104741  0.260056   1.67801
0.888393 -0.04539  0.32857  1.61077
   0.92788 -0.0515677   0.276936    1.67957
  0.917758 -0.0775316   0.320846    1.67953
  0.958381 -0.0299199   0.196424      1.729
  0.945524 -0.0281681   0.234155    1.70566
    0.952502 -0.000436871     0.208718      1.71488
0.952004 -0.01748 0.229519  1.72013
0.943179 -0.10045 0.245093  1.71839
  0.941203 -0.0535389   0.267412    1.70919
  0.957625 -0.0474754   0.210585    1.73364
  0.948355 -0.0741801   0.217378     1.7148
0.874082 0.212328 0.316779  1.59414
0.880096 0.219838 0.315331  1.60511
0.882117 0.211389  0.31934  1.60929
0.878662 0.214604  0.31706  1.60151
 0.88698 0.223342 0.309025  1.61703
0.891137 0.207354  0.31567  1.62486
0.885358 0.211416 0.316093  1.61317
0.885062  0.21625 0.311105  1.61192
0.870205 0.141683 0.334146  1.58036
0.873835 0.149905 0.329422  1.58792
 0.87957 0.151032 0.342711  1.60205
0.875252 0.147599 0.332431  1.59199
0.875079 0.158016 0.327928  1.59116
0.874836 0.166723 0.327373  1.59151
0.881316 0.168968 0.335997  1.60582
0.876831  0.16499  0.32817  1.59617
0.885915 0.156224 0.342343  1.61375
 0.88676 0.164714 0.336863  1.61477
0.893015 0.153948 0.333789  1.62469
0.887896  0.15881  0.34112  1.61795
0.876651 0.156327 0.329182  1.59503
0.882882 0.165617 0.338597  1.60971
0.882276 0.156281 0.342119  1.60856
0.880848 0.160279 0.338729  1.60477
 0.762231  0.162459 -0.459419   1.40891
 0.762906  0.162101 -0.459538   1.41032
 0.764161  0.161948 -0.460326    1.4132
 0.761083  0.161051 -0.460069   1.40648
 0.761019  0.161275 -0.460211   1.40646
 0.761145   0.16104 -0.459868   1.40651
 0.760934  0.162131 -0.460187   1.40645
 0.761234  0.160899 -0.459958   1.40672
0.774122 0.160849 -0.45885  1.43235
 0.761083  0.161028 -0.460124    1.4065
 0.751746  0.133368 -0.458181   1.38329
 0.753506  0.131933 -0.457707   1.38643
   0.7497  0.131895 -0.456402   1.37759
 0.747332  0.131405 -0.453936   1.37077
 0.748943  0.129456 -0.453203   1.37334
 0.749154  0.130466 -0.453877   1.37437
 0.753064  0.128272 -0.454602   1.38287
 0.750555  0.127575 -0.452211   1.37578
 0.752335  0.125564 -0.451042   1.37846
  0.75252  0.126736 -0.451911   1.37958
 0.750834  0.131643 -0.455989   1.37965
 0.750727  0.128652 -0.452991   1.37681
 0.752615  0.129684 -0.455171   1.38253
 0.751222  0.130053 -0.455404   1.37981
 0.760967  0.161664 -0.460256   1.40645
 0.767065  0.159678 -0.459198   1.41826
0.771928 0.161459 -0.46151  1.42942
 0.773333  0.160549 -0.463024   1.43281
 0.775895  0.158889 -0.463481   1.43783
0.774989 0.124154 -0.44374  1.42221
0.770907 0.119748 -0.44215  1.41197
 0.775069  0.117647 -0.437632     1.418
   0.7739  0.120587 -0.439931   1.41725
 0.768367  0.116246 -0.442285   1.40599
0.764142 0.114507 -0.44128   1.3959
 0.767625  0.112038 -0.438007   1.40109
 0.767587  0.113855 -0.439863   1.40234
 0.776317  0.111671 -0.433594   1.41743
 0.771437  0.109553 -0.433974   1.40663
 0.775957   0.10674 -0.429174   1.41331
 0.775683  0.109233 -0.431831   1.41452
 0.770554  0.117173 -0.440271   1.40965
 0.771278  0.111658 -0.436245   1.40786
 0.774818  0.115079 -0.435994   1.41605
 0.772014  0.114079 -0.438217   1.41114
 0.761228  0.160785 -0.460342   1.40692
 0.769328  0.157292 -0.455298   1.42098
 0.779629  0.150621 -0.449547   1.43802
 0.783584  0.126528 -0.431784   1.43429
0.781703 0.135191 -0.43921  1.43533
  0.77744   0.12763 -0.441266   1.42628
 0.782118   0.13133 -0.438736   1.43555
 0.771891   0.13303 -0.451862   1.42087
 0.785731  0.139105 -0.437436   1.44373
 0.788296  0.129692 -0.429764   1.44393
 0.791472  0.138983 -0.426301    1.4505
 0.787732  0.133761 -0.427309   1.44197
 0.774426  0.156688 -0.464208   1.43471
  0.76103  0.163034 -0.459246   1.40642
 0.761236  0.163164 -0.459413   1.40694
 0.766582  0.160835 -0.458367   1.41726
0.764559 0.162309 -0.46084   1.4143
 0.770241  0.162574 -0.460893   1.42597
 0.767539  0.161175 -0.457868   1.41912
 0.766356  0.160149 -0.459485   1.41698
0.740557 0.155964 -0.46971  1.37185
 0.760968  0.161369 -0.460218   1.40637
 0.773112  0.162821 -0.459074   1.43076
 0.765312  0.161204 -0.460603   1.41548
 0.769322  0.160612 -0.457453   1.42244
 0.764099  0.161662 -0.460201   1.41293
 0.764611  0.161412 -0.444683   1.40733
 0.762793  0.161817 -0.459449   1.40997
 0.761074  0.161755 -0.460721   1.40695
 0.762347  0.161897 -0.459384   1.40903
 0.766018  0.160746 -0.460716   1.41691
 0.761953  0.161089 -0.459436   1.40805
 0.761189   0.16124 -0.459649   1.40654
 0.761817  0.160514 -0.459808   1.40785
0.761201 0.161604 -0.45946  1.40655
  0.76201  0.161512 -0.459367   1.40823
 0.761547  0.161738 -0.459399   1.40728
0.795412 0.143316  -0.4129  1.45319
 0.801283  0.142293 -0.404252   1.46165
 0.795722  0.151649 -0.406339   1.45224
 0.797048  0.143883 -0.406128   1.45354
 0.810327  0.138847 -0.389208   1.47411
  0.82616  0.141458 -0.367784    1.5014
 0.807581  0.156793 -0.383469   1.46941
0.812029 0.143386 -0.37915  1.47505
 0.794299  0.158104 -0.400857   1.44805
 0.798383  0.163895 -0.394183   1.45528
 0.791739  0.169787 -0.403119   1.44589
 0.794684  0.162257 -0.399456   1.44945
 0.802923  0.141497 -0.393231   1.46001
 0.801963    0.1554 -0.390562   1.46005
 0.796441  0.151641 -0.399016    1.4505
 0.801374  0.151273 -0.394389   1.45907
 0.792204  0.146646 -0.411668   1.44612
 0.791953  0.150785 -0.412151   1.44674
 0.789796  0.157961 -0.403581   1.43953
0.787827 0.165393 -0.40849   1.4393
 0.786163  0.155168 -0.421167   1.43961
 0.788422  0.157713 -0.412522   1.44067
0.741075 0.145746 -0.46327  1.36677
 0.742625  0.144141 -0.462809   1.36937
 0.73887 0.145052 -0.46072  1.36035
 0.736407  0.145065 -0.458061   1.35323
 0.737856  0.143206 -0.457798   1.35569
 0.738279  0.143959 -0.458211   1.35697
 0.741338  0.141373 -0.460054   1.36427
 0.739143  0.141528 -0.457443    1.3578
 0.740378   0.13982 -0.457102   1.35981
 0.740812  0.140537 -0.457498    1.3611
 0.740117  0.144449 -0.460651   1.36276
  0.73953  0.142241 -0.457874   1.35901
 0.741438  0.142342 -0.460458   1.36494
 0.740042  0.143179 -0.460232   1.36207
  0.73305  0.162561 -0.463917   1.35435
 0.732603  0.167366 -0.462094   1.35338
  0.73063  0.162446 -0.460064   1.34667
0.730237 0.165006  -0.4591  1.34579
  0.72872  0.163192 -0.457869   1.34104
 0.729369  0.163564 -0.459136    1.3437
 0.731054  0.165505 -0.461846   1.34958
 0.731914  0.164016 -0.461831     1.351
 0.770362  0.163433 -0.455102   1.42366
 0.776791  0.159691 -0.457692   1.43724
0.768099 0.158425 -0.45694  1.41931
  0.75638   0.13537 -0.459522   1.39408
 0.760698  0.132448 -0.458355   1.40193
 0.761095  0.162311 -0.460765   1.40712
 0.771308   0.15772 -0.458952   1.42664
  0.76122   0.16279 -0.460638   1.40742
 0.772764  0.162007 -0.454363     1.428
 0.768275   0.16094 -0.457519   1.42042
   0.7614  0.163042 -0.460309   1.40769
 0.766793  0.160405 -0.457116   1.41714
 0.765777  0.161153 -0.458938   1.41589
 0.764646  0.161733 -0.459712   1.41403
 0.761192  0.162434 -0.460683    1.4073
 0.765598  0.161681 -0.460145   1.41606
 0.761909  0.163194 -0.459818   1.40855
 0.763405   0.16255 -0.460268   1.41173
 0.766271  0.160796 -0.457452   1.41632
0.762693 0.162908 -0.45993  1.41016
 0.763818  0.162536 -0.460766   1.41283
0.761533  0.16289 -0.45921  1.40742
 0.762504  0.162911 -0.460069   1.40985
 0.966491  0.139663 0.0694558    1.7441
 0.971882  0.132366 0.0349062   1.75557
 0.971632  0.135494 0.0634019   1.75202
 0.969505  0.144192 0.0642208    1.7519
  0.980443   0.093736 0.00188513    1.77345
    0.981921    0.0228522 -0.000713934      1.77454
  0.97944 0.0863469 0.0469009   1.76529
 0.979767 0.0488771 0.0425634   1.76711
 0.974152  0.124853 0.0696581   1.75494
 0.976089  0.106037 0.0648025    1.7574
 0.973649  0.126443 0.0849215   1.75414
  0.97461  0.113566 0.0793893   1.75521
 0.973965  0.118146 0.0412672   1.75905
 0.976424 0.0959645 0.0608636   1.75833
 0.973388  0.126537 0.0680814   1.75492
 0.975536  0.115843 0.0436679   1.75838
 0.876275  0.372468 0.0905179   1.59688
0.883455 0.357351  0.12402  1.61085
0.866124 0.377426  0.10693  1.57828
0.871053 0.366992 0.124355  1.58741
0.859792 0.380329 0.124589  1.56893
0.864825 0.369256 0.117953  1.57322
0.875308 0.361764 0.119772  1.59335
0.874484 0.363691 0.103333   1.5904
  0.820324   0.427747 -0.0974314    1.50236
 0.829142  0.407841 -0.117291   1.51377
   0.84155   0.406499 -0.0883283    1.53687
 0.828317  0.406852 -0.098571   1.50849
  0.84239  0.386792 -0.135006   1.53726
  0.864471   0.383932 -0.0834313     1.5787
  0.845964    0.39406 -0.0937394    1.54199
 0.840215  0.386983 -0.111625   1.52822
  0.883015    0.34968 -0.0771559    1.60552
 0.976203  0.131437 0.0343362   1.76098
 0.975647  0.137664 0.0389409   1.75958
0.976018 0.138116 0.031633  1.76009
 0.975953  0.139164 0.0359164   1.76059
 0.975177  0.142746 0.0249688   1.75698
0.974574 0.148017 0.033425  1.75688
 0.974528  0.148639 0.0424059   1.75708
 0.970322  0.141946 -0.104443   1.75106
  0.972817    0.15719 -0.0809948    1.75686
 0.976277   0.14346 0.0219002   1.76029
   0.9763   0.14151 0.0241277   1.75998
 0.977247  0.136702 0.0185638   1.76294
 0.977937  0.132218 0.0165334   1.76462
 0.977498  0.132128 0.0218516   1.76372
 0.977456  0.131343 0.0179758   1.76333
  0.97646  0.138791 0.0299745    1.7614
 0.977165  0.132512 0.0273783   1.76317
 0.976786  0.132442 0.0327968   1.76253
 0.976612  0.131828 0.0285478   1.76173
 0.976989  0.136253 0.0196465   1.76214
 0.977007  0.131829 0.0226496   1.76247
 0.976315  0.137836 0.0231506   1.76067
 0.976941  0.136558 0.0233116   1.76224
 0.977783  0.131133 0.0124768   1.76393
  0.97718   0.13616 0.0155357    1.7625
  0.977391   0.135544 0.00816353    1.76275
 0.977442  0.137323 0.0128587   1.76338
    0.976314      0.13752 -0.000778152      1.75942
  0.975946   0.144469 0.00898173    1.75963
 0.976017  0.145201 0.0173707   1.75991
  0.979075   0.127548 -0.0101791    1.76632
   0.978511    0.130856 -0.00779541     1.76499
  0.978686   0.128588 -0.0145153     1.7651
 0.978751  0.131614 -0.010832   1.76577
 0.978138  0.136065 -0.015008    1.7638
    0.9776   0.133136 -0.0153137    1.76266
   0.977597    0.136554 -0.00791607     1.76298
  0.97127  0.155308 0.0603379   1.74848
  0.978026   0.139759 -0.0223911    1.76444
  0.978555   0.137948 -0.0176178    1.76532
   0.97918   0.129667 -0.0260597    1.76671
  0.979965   0.126385 -0.0288483    1.76859
  0.979912   0.126601 -0.0233076    1.76838
  0.979535   0.125493 -0.0252749    1.76729
  0.979032   0.128884 -0.0162679    1.76608
  0.979749   0.126953 -0.0178571    1.76795
  0.979544   0.128335 -0.0123557    1.76761
  0.979299   0.126219 -0.0157363     1.7667
  0.979038    0.12872 -0.0219488    1.76607
  0.979491   0.125538 -0.0203171    1.76712
  0.978993   0.127908 -0.0181887    1.76579
  0.979215    0.12897 -0.0208123    1.76661
 0.979547  0.124946 -0.030883   1.76737
  0.978944   0.129339 -0.0271043    1.76601
   0.97895    0.12796 -0.0337746    1.76599
  0.979131   0.129465 -0.0320745    1.76671
  0.977844    0.13244 -0.0370905    1.76336
  0.977605   0.134404 -0.0354306    1.76317
  0.977637   0.139063 -0.0285528     1.7636
  0.979578   0.120263 -0.0544474    1.76779
  0.978899   0.125749 -0.0504329    1.76633
  0.978731    0.12343 -0.0571305     1.7659
  0.979056   0.124008 -0.0564663    1.76688
  0.977603   0.134817 -0.0583964    1.76403
  0.977563   0.125059 -0.0574253      1.763
  0.977577   0.131848 -0.0527573    1.76363
 0.973092  0.154477 0.0326127   1.75199
  0.976738   0.129793 -0.0751019    1.76252
  0.977496   0.134781 -0.0668242     1.7644
  0.978177   0.122119 -0.0790304    1.76588
   0.97978   0.116107 -0.0833469    1.76983
  0.980146   0.116367 -0.0747557    1.77008
  0.978961   0.116542 -0.0760646    1.76719
  0.978865   0.121584 -0.0627581     1.7664
 0.980232  0.117498 -0.066826   1.76987
  0.980222   0.119514 -0.0596898    1.76965
  0.979503   0.118359 -0.0610948    1.76774
 0.978082  0.123639 -0.071332   1.76516
  0.979335    0.11711 -0.0681227    1.76762
 0.978605  0.123855 -0.062396   1.76592
  0.978605    0.12229 -0.0709401    1.76639
 0.968191  0.197042 0.0201164   1.74581
  0.97067  0.158657 -0.132044   1.75936
  0.9618 0.159332 -0.16486  1.74312
 0.969649   0.13931 -0.141576   1.75473
0.965567 0.142803 -0.15916  1.74827
0.968394 0.129079  -0.1566   1.7525
 0.967459  0.132665 -0.157156   1.75093
   0.9639  0.148074 -0.162591   1.74594
 0.967385  0.157175 -0.152989   1.75433
 0.966053  0.170546 0.0743716   1.73762
 0.957155  0.142966 -0.201307   1.73565
 0.957699   0.14886 -0.192359   1.73628
  0.95535  0.151918 -0.200409   1.73281
  0.95678  0.144146 -0.198967   1.73467
0.952913 0.178794 -0.20253  1.73332
 0.955392   0.15028 -0.192005   1.73113
0.955918 0.152609 -0.19103  1.73259
   0.97681   0.148555 -0.0389389    1.76242
 0.798675  0.397675 -0.212092   1.46324
 0.806761  0.377545 -0.223226   1.47383
 0.817476  0.383072 -0.199941   1.49356
  0.80556  0.380532 -0.208651   1.46826
  0.81877  0.361119 -0.236324   1.49791
  0.83777  0.369255 -0.194744   1.53247
 0.821646  0.373576 -0.204725   1.50049
 0.816394  0.365775 -0.216175   1.48843
   0.89059   0.354642 -0.0130665    1.61846
 0.791348  0.328485 -0.312147   1.45134
 0.812151  0.339034 -0.279968   1.48873
 0.782628  0.340233 -0.302849   1.43238
 0.793378  0.346933 -0.285057   1.45155
0.777098 0.356116 -0.29667  1.42531
 0.782191  0.343911 -0.291905   1.42852
 0.796165  0.340309 -0.289925   1.45752
 0.789864  0.334201 -0.297519   1.44413
    0.968  0.177868 -0.102081   1.75176
 0.943466  0.239108 -0.143289   1.71212
 0.925087  0.179147 -0.285381   1.68721
 0.926293  0.185778 -0.275685   1.68924
 0.922409   0.19018 -0.284592   1.68399
 0.924473  0.181224 -0.282243   1.68597
 0.919296  0.214011 -0.286236   1.68455
 0.922353  0.190579 -0.277675   1.68273
 0.923353  0.193126 -0.276392   1.68526
0.757513 0.314485 -0.35485  1.39107
 0.762618  0.302528 -0.357072   1.39825
 0.770363  0.310444 -0.344889   1.41193
 0.761439    0.3063 -0.349782   1.39356
 0.770301  0.294786 -0.363116   1.41585
   0.7852  0.308527 -0.341269    1.4426
 0.772699  0.306299 -0.348207   1.41778
 0.768749  0.300437 -0.353263   1.40945
 0.938793  0.219634 -0.202108   1.70892
 0.883517  0.228809 -0.342798   1.62567
 0.890411  0.232112 -0.335674   1.63977
 0.882474  0.220234 -0.351901   1.62279
 0.882523  0.215223 -0.359921   1.62328
 0.889127  0.210123 -0.350627   1.63339
 0.884118  0.215485 -0.353528   1.62438
 0.896739  0.207566 -0.329881   1.64373
 0.895349  0.204635 -0.341327   1.64275
 0.901254  0.198499 -0.332031   1.65143
 0.897505  0.205237 -0.334945   1.64546
 0.885637  0.223234 -0.344386    1.6279
0.890913 0.210513 -0.34426  1.63508
  0.89474  0.217946 -0.331693   1.64242
 0.889358  0.214717 -0.341642    1.6329
0.744257 0.277114 -0.39214  1.36776
 0.749154  0.268301 -0.392542   1.37545
 0.754215  0.275895 -0.384353   1.38425
 0.747422  0.271739 -0.387642   1.37023
 0.756186   0.26346 -0.397598    1.3924
  0.76605   0.27715 -0.382485   1.40993
 0.756277  0.273606 -0.387096   1.39019
 0.754387  0.268436 -0.390254   1.38606
 0.767141  0.351706 -0.301652     1.404
 0.761474   0.34155 -0.317583   1.39407
  0.77592  0.335983 -0.307461   1.41796
 0.770512  0.346519 -0.313471   1.41374
 0.757074  0.330809 -0.332298   1.38654
   0.7531  0.320188 -0.345478   1.37972
 0.766836  0.316445 -0.335236   1.40242
0.761564 0.325132 -0.34209  1.39805
0.782524 0.325643 -0.31728    1.433
 0.781838  0.316962 -0.322615    1.4303
 0.765927  0.335817 -0.328526   1.40576
 0.772945  0.321746 -0.331089   1.41579
 0.778756  0.330835 -0.317802   1.42618
0.770792 0.326156 -0.32286  1.40928
0.857827 0.236583 -0.37637  1.58341
 0.862657  0.238572 -0.371631   1.59283
 0.857459  0.231502 -0.384737   1.58322
 0.858009  0.228006 -0.390598   1.58453
 0.863899  0.225008 -0.383491   1.59371
 0.859028  0.228046 -0.385863   1.58465
 0.869164  0.226536 -0.370226   1.60185
0.869864 0.222259 -0.37623  1.60323
 0.875986  0.218655 -0.368401   1.61279
 0.870901  0.222386 -0.371064   1.60336
 0.859728  0.233304 -0.379518   1.58656
0.864741  0.22514 -0.37882  1.59355
 0.865903  0.230514 -0.371536   1.59607
 0.863219  0.228489 -0.377787   1.59212
 0.821001  0.241425 -0.414861   1.52246
 0.826774  0.239581 -0.417279   1.53367
 0.832056  0.236116 -0.416411   1.54193
  0.83259  0.239652 -0.411006   1.54298
  0.83043  0.238171 -0.415564   1.54005
 0.832741  0.244802 -0.404044   1.54298
  0.82432  0.241873 -0.415088   1.52896
 0.830189  0.244532 -0.410271   1.54019
0.877389 0.249704 -0.31323  1.60793
 0.814559   0.23341 -0.430884   1.51313
 0.811012  0.234986 -0.429423   1.50718
 0.812221   0.23398 -0.428149   1.50792
0.817195 0.234328 -0.43122  1.51822
 0.81944 0.234566 -0.43095  1.52162
 0.817651  0.235953 -0.428828    1.5186
 0.818415  0.234816 -0.430683   1.52068
   0.8144  0.237787 -0.423205   1.51116
 0.816161  0.234997 -0.431023   1.51652
 0.815132   0.23626 -0.425818   1.51366
 0.817028  0.236296 -0.429114   1.51777
 0.749219   0.31011 -0.358079   1.37345
 0.745331  0.300654 -0.368414   1.36666
 0.757053  0.298354 -0.360296    1.3864
 0.752843  0.305151 -0.365849   1.38285
 0.742491  0.291119 -0.377769   1.36179
 0.740143  0.282022 -0.386085   1.35782
  0.75099  0.280727 -0.378342   1.37614
 0.746878  0.286105 -0.384079   1.37228
 0.762823  0.291289 -0.366799   1.40028
 0.762988  0.284323 -0.369988   1.39966
 0.749685   0.29549 -0.375501   1.37729
 0.755851  0.285364 -0.375606   1.38669
 0.759826  0.293927 -0.366909   1.39378
0.753504 0.289274 -0.37036  1.38039
0.914982 0.175249 0.245852  1.63579
0.913268 0.160902 0.223151  1.63834
0.909731  0.15226 0.214223  1.64038
0.910677 0.238539 0.304848  1.65354
0.926262  0.22255  0.26428  1.67409
 0.816979 -0.150621   0.17574   1.49441
0.932889 0.208046 0.226051  1.68264
0.896711 0.171652 0.353539   1.6266
0.921923 0.197887 0.278888  1.66531
0.922942 0.160195 0.257646  1.66462
0.931371 0.214136 0.242909  1.68084
0.924677 0.158982 0.265605  1.66963
0.926133 0.154515 0.271384  1.67362
0.870797 0.277435 0.263203  1.58617
0.870497 0.284767 0.255357  1.58542
0.877233 0.281567 0.255621  1.59749
0.873215 0.283716 0.258578  1.59231
0.870204 0.292301 0.246988  1.58476
0.869649 0.299788 0.237954  1.58346
0.877038 0.294753 0.237715  1.59646
0.872694 0.298797 0.241603  1.59117
0.883593 0.282903 0.248631  1.60863
0.884975 0.286024  0.23953  1.61046
0.873078 0.291229 0.250245  1.59198
 0.87881  0.29325 0.242949  1.60133
0.879206 0.286924 0.251251  1.60258
0.876902 0.288744 0.246801  1.59674
0.927511 0.140043 0.266424  1.67664
0.923165 0.156034 0.290227   1.6719
0.928315 0.124417 0.263805  1.67811
0.926228  0.16171 0.255188  1.67087
0.927734 0.114043 0.280687  1.68056
0.922029 0.160705 0.266931  1.66624
 0.935314 0.0688505  0.252258   1.68711
 0.947753 0.0260189  0.238992   1.71182
 0.940351 0.0428715  0.251836   1.69745
 0.941236 0.0388176  0.257454   1.70121
 0.930768 0.0525271  0.276912   1.68224
 0.927195 0.0597884   0.28091   1.67526
  0.93614 0.0594013  0.269804   1.69355
0.928132 0.152467 0.259249  1.67635
0.885942 0.281649 0.252908  1.61465
0.887572 0.269209 0.267295  1.61878
0.878947 0.279962 0.259634  1.60198
0.880043 0.272442 0.266932   1.6045
0.873562 0.276204 0.266186  1.59308
0.877253 0.274705 0.263094  1.59776
0.883489 0.271794 0.264727  1.60972
0.883878 0.275763 0.256937  1.60963
 0.926209 0.0760299   0.29649    1.6793
 0.930059 0.0917898  0.276959   1.68385
0.923777 0.089943 0.282758  1.67026
0.902934 0.132636 0.208701  1.62303
0.906283 0.153921 0.202555  1.62865
 0.91833 0.156449 0.245264  1.65478
0.907885 0.151102  0.22104  1.63609
0.923901 0.158911 0.272758  1.66953
0.921395 0.162323 0.262469  1.66408
0.923046  0.15802 0.242147  1.66181
0.933662 0.178802 0.232608  1.68857
0.930327 0.199497  0.24875   1.6802
0.922775 0.150123 0.286994  1.67038
0.917095 0.145914 0.215533  1.65041
0.923505 0.161278 0.266685  1.66752
0.913693 0.152295 0.211416  1.65032
0.917353 0.173493 0.304886  1.66611
0.921546 0.165736  0.21922  1.65679
0.932169 0.190017 0.227258  1.68914
0.924332 0.169635 0.211408  1.65888
0.924061 0.158187 0.238883  1.66352
0.937321 0.137754 0.176147  1.69625
0.925608 0.198174 0.144494  1.66056
0.930565 0.142253 0.279003  1.68779
0.934999  0.19553 0.202616  1.67732
0.931768 0.171603 0.207528  1.67656
0.934187 0.178128 0.212164  1.67365
0.883953 0.255203  0.28062  1.61014
0.885246 0.258651 0.272959  1.61185
0.877627 0.252965 0.286668  1.59904
0.870895 0.247185 0.292239  1.58688
0.870769 0.254804 0.285722   1.5865
0.873297 0.253521 0.288505  1.59289
0.877779 0.266389 0.271642  1.59877
0.870761 0.262391 0.278609  1.58635
0.870746 0.269608    0.271  1.58605
0.873408 0.268455 0.274319  1.59289
0.879576 0.258204  0.28311  1.60396
0.873392 0.261136 0.281589  1.59302
0.879307 0.264576 0.276265    1.603
0.877401  0.26033 0.279251  1.59852
0.876474 0.174637  0.32758  1.59645
0.882808 0.184506 0.332926  1.60985
0.882961 0.174426 0.335618  1.61033
0.881035 0.178092   0.3331  1.60569
0.889656 0.185014 0.328022   1.6206
0.893516 0.167272 0.334457  1.62859
0.888889 0.169991 0.336513  1.61984
0.887601 0.173041 0.333714  1.61648
0.888737  0.18194 0.329835  1.61952
0.874156 0.176385 0.327031  1.59116
0.873231 0.186055 0.325849  1.59007
0.880871 0.187473 0.331063  1.60535
0.875755 0.184232 0.326735  1.59592
0.872322 0.195505 0.323241  1.58877
0.871662 0.204761 0.319421  1.58779
0.880141 0.204256  0.32207  1.60397
0.874522 0.202803 0.321187  1.59464
0.887672  0.18807 0.324502  1.61548
0.889402  0.19393 0.318271   1.6186
0.875063 0.193582  0.32465  1.59526
0.882046 0.201036 0.325621   1.6087
0.882357 0.192918 0.330122  1.60951
0.880243 0.196244 0.327166   1.6044
0.924612 0.136743 0.279006  1.67259
0.898034 0.284291 0.238535  1.63752
0.925234 0.149042 0.276588  1.67283
0.933358 0.182159 0.218072  1.69139
0.920785 0.135073 0.291983  1.66748
0.931428 0.172123 0.217141  1.68478
0.929431 0.152038 0.257713  1.67948
0.921977 0.159772  0.26219   1.6643
0.924351 0.162234  0.22697  1.66473
0.918791 0.155824 0.247599  1.65661
 0.91341 0.147545  0.22795  1.64545
0.911779 0.149789 0.226401  1.64455
 0.93243 0.174725 0.216704   1.6847
0.912455 0.148924 0.224303  1.64274
0.912811 0.171076 0.251735  1.63197
0.908117 0.156423 0.228658  1.62911
0.918129 0.156739 0.247293   1.6566
0.911261 0.163675 0.245402  1.62731
0.911962 0.154514 0.229181  1.64068
0.905981  0.17226 0.245542  1.61989
0.913035 0.165454 0.245504  1.63172
 0.769268  0.122925 -0.444532   1.41034
  0.77075  0.125982 -0.446336   1.41491
 0.763165  0.126335 -0.450066   1.40115
 0.767189  0.118911 -0.443692    1.4047
 0.763498  0.121038 -0.447093   1.39916
 0.764143  0.116241 -0.442967   1.39714
 0.764804  0.118413 -0.445488   1.40058
 0.764601  0.123922 -0.447402   1.40224
 0.767931  0.122101 -0.445994   1.40821
   0.7778  0.147425 -0.459655   1.43883
 0.758963  0.128548 -0.454203   1.39513
 0.754292  0.132289 -0.456836   1.38759
 0.756803  0.126032 -0.452515   1.38908
 0.754229  0.128352 -0.453884   1.38488
0.754462 0.124766 -0.45059  1.38253
 0.755026  0.126388 -0.452982   1.38567
 0.755078  0.130195 -0.455073   1.38779
 0.757722  0.128293 -0.454391   1.39261
 0.772722  0.159605 -0.463306   1.43149
  0.77773  0.134138 -0.449527   1.43216
 0.778351  0.138832 -0.446636   1.43268
 0.746067  0.140065 -0.460158     1.374
  0.74695  0.138616 -0.460374   1.37569
 0.743636  0.138404 -0.458557   1.36747
 0.741579  0.138204 -0.456517   1.36162
 0.743049  0.136521 -0.455875   1.36396
  0.74325   0.13742 -0.456407   1.36488
  0.74632  0.135419 -0.457974   1.37215
 0.744495  0.134837 -0.455377   1.36635
 0.745822  0.133152 -0.454788   1.36845
 0.745922  0.134088 -0.455383    1.3692
0.744794    0.138 -0.45836  1.36968
 0.744612  0.135704 -0.455896   1.36708
0.745917 0.136494 -0.45831  1.37173
 0.744978  0.136876 -0.458121    1.3697
 0.741918  0.139042 -0.457022    1.3628
0.743544 0.139532 -0.45899  1.36778
 0.74246 0.140902  -0.4599   1.3664
 0.742327  0.139772 -0.459327   1.36551
  0.74366   0.14327 -0.463087   1.37149
 0.743445  0.141793 -0.461625   1.36981
 0.744706  0.141226 -0.460701   1.37173
 0.780133  0.160114 -0.439276   1.43643
 0.740985  0.146998 -0.464079   1.36735
 0.738255  0.150991 -0.464318   1.36273
 0.738777  0.146103 -0.461068    1.3606
 0.737214  0.148229 -0.461159   1.35785
 0.736771  0.145888 -0.458551   1.35445
 0.737267  0.146896 -0.460745   1.35741
 0.737988  0.149303 -0.463352    1.3612
 0.739788  0.147818 -0.462959   1.36436
 0.786107  0.177322 -0.414345    1.4399
0.782649 0.162762 -0.42274  1.43438
 0.783124  0.168124 -0.423443   1.43652
 0.736186  0.154283 -0.464889   1.35955
 0.734465   0.15862 -0.464192   1.35653
 0.733891  0.153703 -0.461482   1.35237
  0.73282  0.156027 -0.461093    1.3504
0.731917 0.153883 -0.45912  1.34642
 0.732479  0.154637 -0.460889   1.34926
0.733618 0.156847 -0.46356  1.35398
 0.735021  0.155389 -0.463343   1.35641
 0.796393  0.199139 -0.460668   1.48257
 0.798082  0.201001 -0.464114   1.48739
  0.79717  0.207188 -0.459859   1.48629
 0.796491  0.208567 -0.455528   1.48363
 0.790875  0.199642 -0.466949   1.47487
 0.794736  0.204939 -0.464446   1.48291
 0.731904   0.17208 -0.460835   1.35227
 0.732723  0.177418 -0.457863   1.35334
  0.72934   0.17244 -0.456569   1.34408
 0.729616  0.175229 -0.455032   1.34429
 0.727487  0.173786 -0.454582    1.3388
 0.728232  0.173736 -0.455303   1.34125
 0.730456   0.17544 -0.457998   1.34825
 0.730793  0.173885 -0.458184   1.34869
 0.775418   0.16062 -0.444185   1.42894
 0.730886  0.181632 -0.455756   1.34928
 0.731504  0.179782 -0.455833   1.35014
 0.728546  0.182528 -0.451366   1.34156
 0.725743  0.184554 -0.449678   1.33471
 0.725821  0.181367 -0.451076   1.33498
 0.727521  0.182629 -0.450968   1.33868
 0.728479  0.176614 -0.454202   1.34177
 0.725863  0.178349 -0.452306   1.33512
  0.72599  0.175409 -0.453531   1.33546
 0.727542  0.176568 -0.453443   1.33884
  0.72982   0.18098 -0.452366    1.3444
 0.727462  0.179588 -0.452249   1.33864
 0.729515  0.177942 -0.454016   1.34411
 0.728328  0.179414 -0.452695   1.34116
 0.739927  0.153198 -0.468455   1.36919
 0.742993  0.150353 -0.467828   1.37453
 0.726079  0.199773 -0.442685   1.33494
 0.725811  0.195611 -0.444751   1.33458
 0.729638  0.196563 -0.443973   1.34277
 0.728216  0.197295 -0.444494   1.33977
 0.725715  0.191725 -0.446531   1.33449
 0.725635  0.187954 -0.448232   1.33443
0.728979 0.189071 -0.44794  1.34192
  0.72773  0.189492 -0.448061   1.33898
 0.732486  0.194885 -0.448707   1.35155
 0.732949  0.192577 -0.448913   1.35203
 0.727891   0.19331 -0.446348   1.33922
  0.73043  0.190755 -0.447595   1.34513
 0.731159  0.194543 -0.445389   1.34621
 0.729057  0.192586 -0.445958   1.34173
 0.736847  0.172086 -0.467548   1.36672
 0.803707  0.233228 -0.429499   1.49267
 0.791954  0.233085 -0.422807   1.46527
 0.795034  0.237422 -0.422034   1.47236
 0.738089  0.182122 -0.463177   1.36906
 0.740168  0.204517 -0.448952   1.37054
 0.738568  0.200237 -0.450094   1.36681
 0.736757   0.21191 -0.438489   1.35882
 0.737084  0.208942 -0.438892    1.3589
 0.733096  0.214426 -0.432902   1.34807
 0.728455  0.219037 -0.431921   1.33864
  0.72774   0.21394 -0.434972   1.33755
 0.731043  0.215953 -0.434417   1.34455
 0.731352  0.204948 -0.438812   1.34537
 0.727033  0.208977 -0.437723   1.33637
 0.726622  0.204212 -0.440329    1.3358
 0.729554  0.206083 -0.439874   1.34202
0.734921 0.211832 -0.43491  1.35228
 0.730175  0.211012 -0.437275   1.34309
 0.733529   0.20705 -0.438139   1.35004
 0.731918   0.20943 -0.435907   1.34599
 0.749797  0.210386 -0.446462   1.39067
  0.74246    0.2333 -0.422986   1.36794
  0.74314  0.229296 -0.423832   1.36862
 0.737904  0.236335 -0.417299   1.35533
 0.731768  0.242606 -0.416867   1.34383
 0.730931  0.236209 -0.421066   1.34251
 0.735235  0.238831 -0.420253    1.3517
 0.73571 0.224748 -0.42549  1.35204
 0.730173  0.230199 -0.424879   1.34132
 0.729352  0.224451 -0.428544   1.34006
 0.733222  0.226724 -0.427806   1.34824
 0.740237  0.233197 -0.420192   1.36082
 0.734191  0.232631 -0.424148   1.34989
 0.738467  0.227383 -0.424453   1.35794
 0.736498  0.230192 -0.421646   1.35299
 0.823632  0.269964 -0.365038    1.5178
 0.777461  0.250328 -0.404266   1.43382
 0.853412  0.253133 -0.353646   1.57074
 0.805288  0.251828 -0.396415   1.48691
 0.899662  0.245513 -0.283233    1.6475
 0.812126  0.280162 -0.359121   1.49748
0.808905 0.358945 -0.24304  1.47695
 0.808438  0.347879 -0.251933    1.4741
   0.7996  0.373038 -0.229623   1.45787
 0.787694  0.393322 -0.218739   1.43903
 0.782182  0.383612 -0.241104   1.42921
 0.792293  0.388707 -0.235324   1.45179
 0.789486  0.353741 -0.270003   1.44046
 0.777457  0.372953 -0.262537   1.42113
 0.772489  0.362098 -0.282358   1.41261
 0.782462  0.367179 -0.277184   1.43448
 0.803316  0.367934 -0.244698   1.46844
 0.78763 0.378029 -0.25701  1.44361
 0.796576  0.359265 -0.263997   1.45627
  0.79414  0.363649 -0.251697   1.44863
0.920291 0.234587 -0.24401   1.6802
 0.807997  0.425524 -0.106048   1.47504
 0.800762   0.42059 -0.136413   1.46167
 0.821145  0.404226 -0.126043   1.49552
 0.812293  0.425222 -0.128221   1.48803
 0.796023  0.412556 -0.165826    1.4532
0.791873  0.40278 -0.19235  1.44557
  0.81195    0.3887 -0.179006   1.47854
 0.802764  0.408425 -0.185302   1.47047
 0.832542  0.385496 -0.142863   1.51567
 0.832876  0.372943 -0.157366   1.51381
 0.807469  0.417699 -0.158094   1.47929
 0.819039  0.395111 -0.170378   1.49535
 0.825424  0.402133 -0.146063    1.5078
 0.815792  0.398097 -0.155392   1.48621
  0.95466  0.201731 -0.161801     1.734
  0.83253  0.418338 0.0214428   1.51721
    0.82653    0.423502 -0.00868356     1.50659
   0.845991    0.403511 -0.00388666     1.53901
    0.83735    0.425033 3.51681e-05     1.53155
  0.820984   0.426167 -0.0401398    1.49703
   0.81488   0.426439 -0.0723353    1.48639
  0.836928   0.405588 -0.0628668    1.52297
  0.826747   0.428853 -0.0635164    1.51326
  0.859549   0.385184 -0.0215619    1.56181
  0.861681   0.376036 -0.0427944    1.56413
  0.832385   0.428076 -0.0314281    1.52306
  0.844785   0.408978 -0.0518298    1.54143
  0.849977   0.408359 -0.0232071     1.5511
  0.841372   0.406664 -0.0339948    1.53126
  0.975537   0.144004 -0.0255807    1.75779
0.853421 0.381823 0.119594  1.55429
 0.848509  0.392252 0.0998283   1.54545
 0.86139  0.37835 0.099895  1.56706
0.855489 0.391496  0.10598  1.56175
 0.843456  0.402264 0.0768299   1.53652
 0.838067  0.410238 0.0511426   1.52654
 0.854755  0.392151 0.0548832   1.55454
 0.847115  0.411014 0.0596342    1.5479
 0.870125   0.37328 0.0834218    1.5824
  0.87128  0.372477 0.0644326    1.5835
 0.851574   0.40187 0.0839715   1.55543
 0.860177  0.393074 0.0656799   1.56797
 0.863975  0.386276 0.0866947   1.57529
 0.857823  0.386989 0.0778531   1.56076
 0.96811  0.11564 0.101048  1.74043
0.969469  0.10781 0.140933  1.74702
0.879493 0.341178 0.155312  1.59952
0.880834 0.342289 0.140843  1.60088
0.871542 0.342777 0.167857   1.5854
 0.86401 0.342975 0.182384   1.5729
0.862084 0.351677 0.168836  1.56923
0.866563 0.350862  0.17338  1.58011
0.868284 0.358457  0.13715  1.57915
0.860021 0.360931 0.153931  1.56559
0.857181 0.370497 0.137774   1.5605
 0.86266 0.369515 0.142796  1.57347
0.873976 0.349801 0.158745  1.59223
0.864981 0.359946  0.15856  1.57742
0.871795 0.357708 0.144335  1.58796
  0.8698 0.351361  0.15271  1.58226
0.931331 0.122623 0.260958  1.68491
0.900054 0.339774 0.132474  1.64225
0.882541 0.311819 0.207463  1.60569
0.883772 0.314298 0.196497  1.60707
0.875679 0.311196   0.2173  1.59374
0.869037 0.308413 0.228299  1.58244
0.867946 0.316785 0.218355  1.58031
 0.87136 0.315735   0.2219  1.58872
0.874286 0.325708 0.194538  1.59057
0.866747 0.325479 0.207374  1.57805
 0.86538 0.333708 0.195438  1.57526
0.869333 0.332857 0.199763  1.58503
0.877766 0.317664 0.211012  1.59942
0.870483 0.324406  0.21113  1.58718
0.876638 0.324542 0.200584   1.5968
0.874747 0.319392 0.206052    1.592
0.929491 0.138355 0.264268  1.68113
0.936211 0.118822 0.240384  1.69223
0.916705 0.132179 0.301812  1.66228
0.899457 0.310322 0.194428  1.63947
0.884768 0.225238 0.306241  1.61178
 0.88593 0.229231 0.299552   1.6133
0.878442 0.222162 0.312197  1.60096
0.871252 0.214204 0.315054  1.58739
0.870945 0.222665 0.310138  1.58688
0.873526 0.221039 0.312298  1.59323
0.878258 0.237098 0.299768  1.60036
0.870903 0.230971 0.304587  1.58687
0.870863 0.238857 0.298546  1.58671
 0.87343 0.237384  0.30114  1.59316
0.880346 0.227862 0.309319  1.60585
0.873495 0.229408 0.306884  1.59328
 0.87979 0.234881 0.303772  1.60445
0.877976 0.230424  0.30613  1.60015
0.905125 0.121612 0.331368  1.64669
0.911273 0.126119 0.316454  1.65599
0.904348 0.126791 0.327926  1.64389
0.896898 0.121013 0.343851  1.63285
0.888831 0.126737 0.356014  1.62139
0.892671 0.131774 0.344482  1.62464
0.892044 0.125142 0.343952  1.62215
 0.88077 0.133085 0.354553  1.60662
0.872936 0.137176 0.340517  1.58844
0.881239 0.145831 0.347686  1.60681
0.877929 0.139777 0.348602  1.59892
0.887958 0.151232 0.346006    1.619
 0.89306 0.144641 0.340099  1.62551
0.891906 0.147279 0.337798  1.62244
0.885306 0.132919  0.35191  1.61257
0.885352 0.145268 0.347004  1.61241
0.890777 0.137863 0.340132  1.61948
0.887701 0.140074 0.351037  1.61854
0.916448 0.153611 0.308461  1.66374
0.898799 0.124191  0.33896  1.63516
0.896059 0.129861 0.337217  1.62887
 0.90028 0.135124  0.32559  1.63469
0.896467 0.142998 0.338127   1.6322
0.913519 0.128995 0.309211  1.65668
0.801071 0.211179  -0.4535  1.49295
 0.802162   0.20529 -0.458871   1.49505
0.809223 0.208159 -0.45209    1.507
 0.80367 0.208145 -0.45452  1.49652
 0.801545  0.202115 -0.462669   1.49422
 0.798005  0.194688 -0.456566   1.48348
 0.805481  0.194114 -0.453367   1.49705
 0.801052  0.195622 -0.455441   1.48906
 0.819392  0.203473 -0.449163   1.52495
 0.815741  0.192969 -0.448892   1.51573
  0.83677  0.193316 -0.437964   1.55494
  0.82107  0.194978 -0.445507   1.52494
  0.80351  0.202938 -0.460234   1.49708
 0.809071   0.19502 -0.452132   1.50355
 0.811233  0.204285 -0.452877   1.50964
 0.808703  0.201664 -0.457936   1.50649
0.741294  0.19433 -0.45641   1.3747
 0.971791 0.0708308   0.12801   1.74885
 0.974159  0.117716 0.0950712   1.75516
 0.974546 0.0893906 0.0808969   1.75269
0.977173 0.025132 0.103825  1.75896
 0.979211  0.058584 0.0827557   1.76346
    0.9789 -0.0221304  0.0648227    1.76568
0.979745 0.049912 0.072486  1.76461
 0.975828 0.0884234 0.0872306   1.75665
 0.976434 0.0743435  0.121216   1.75982
0.932113 0.132619 0.248606  1.68559
 0.763462  0.161419 -0.459651   1.41141
 0.762139  0.160752 -0.459575   1.40846
0.764794 0.161227  -0.4605  1.41443
 0.761309  0.160854 -0.460266   1.40706
 0.761148  0.161234 -0.460537   1.40692
 0.761531  0.160695 -0.459961   1.40735
 0.761488  0.160521 -0.460077   1.40729
 0.767387  0.158922 -0.457409   1.41809
 0.768572  0.157888 -0.455539   1.41958
  0.74917  0.141395 -0.464342   1.38316
 0.753247  0.138514 -0.463182   1.39041
 0.768203  0.162888 -0.460898   1.42196
 0.770448  0.158567 -0.457701   1.42442
 0.773819  0.158286 -0.465972    1.4348
 0.767472  0.157357 -0.456951   1.41778
 0.765548  0.130312 -0.453089   1.40845
 0.770278  0.130125 -0.451275   1.41738
 0.767106  0.158294 -0.458907   1.41797
 0.768502  0.156129 -0.455429   1.41908
 0.775801  0.154712 -0.466021   1.43832
 0.755215  0.138619 -0.462017   1.39372
 0.776141  0.150295 -0.459006   1.43502
 0.761627   0.16309 -0.459919   1.40799
 0.761773  0.163103 -0.460176    1.4084
 0.764529  0.162221 -0.460645   1.41419
 0.761459  0.162917 -0.460507   1.40787
 0.769314  0.162708 -0.461213   1.42424
 0.767011  0.162557 -0.461321   1.41965
 0.761064  0.161844 -0.460692   1.40693
 0.766559   0.15882 -0.459154   1.41699
 0.761079  0.161254 -0.460562    1.4068
 0.765655  0.160198 -0.460644   1.41599
  0.76455  0.160865 -0.460426    1.4138
 0.772469  0.155938 -0.470553   1.43389
 0.763401  0.161134 -0.459566   1.41117
 0.761473  0.160051 -0.460433   1.40753
 0.762854  0.161053 -0.459455   1.40998
 0.762168  0.160216 -0.459799   1.40858
 0.761421  0.160493 -0.460384   1.40738
 0.761768  0.160777 -0.459673   1.40772
 0.762389  0.161256 -0.459438   1.40902
 0.762057  0.159953 -0.459943   1.40838
 0.77977 0.160244 -0.42998  1.43151
 0.736015   0.16055 -0.468838    1.3631
 0.738469  0.157727 -0.468409   1.36726
 0.745548  0.145513 -0.466524   1.37782
 0.747463  0.153964 -0.476021   1.38764
  0.76794   0.15679 -0.456676   1.41861
 0.737672   0.16346 -0.469609   1.36762
 0.771171  0.163484 -0.462604   1.42849
 0.761248   0.16161 -0.461008   1.40749
 0.769674  0.163754 -0.462753   1.42563
0.761425 0.162257 -0.46121  1.40805
0.761794  0.16278 -0.46122  1.40891
 0.762556  0.161442 -0.454443   1.40735
0.766648 0.161328 -0.45815  1.41749
 0.765485  0.160993 -0.458117   1.41502
  0.76418  0.161232 -0.459017    1.4128
 0.761356  0.161595 -0.460979    1.4077
 0.765382   0.16147 -0.459244   1.41531
  0.76266  0.162866 -0.460865   1.41052
 0.763578   0.16272 -0.460913   1.41241
 0.765742  0.161224 -0.458551   1.41581
 0.762875  0.163056 -0.460686    1.4109
 0.763458  0.162486 -0.461018   1.41221
 0.969718  0.152181 0.0916551   1.74706
0.971124 0.144656 0.104915  1.75062
 0.893569  0.362163 0.0655892   1.62996
 0.91278  0.27725 0.215412   1.6607
 0.971682  0.157824 0.0804097   1.75133
 0.975314  0.155575 0.0284314   1.75792
  0.974715   0.151026 0.00237528    1.75568
  0.976642   0.148654 0.00155739    1.76058
   0.97657   0.150499 -0.0160657    1.76112
  0.973586   0.156377 -0.0578597    1.75654
 0.968253  0.172143 0.0419892   1.74191
 0.971149  0.173223 0.0369315   1.74936
  0.975177   0.139684 -0.0597836    1.75843
  0.86182  0.351181 -0.181834   1.57697
   0.972119    0.166727 -0.00793908     1.75102
0.970268 0.169367 0.012057  1.74628
 0.957966  0.158113 -0.155312   1.73195
 0.964409  0.173124 -0.137384   1.74739
  0.94634  0.184196 -0.197256   1.71786
 0.837844  0.327389 -0.267803   1.53922
  0.865716   0.365819 -0.0854586    1.57311
 0.857553  0.348892 -0.116266   1.55209
 0.929872  0.202673 -0.237867   1.69312
 0.910389  0.219592 -0.276432   1.66317
 0.805443  0.306184 -0.332839   1.48398
 0.926032   0.25966 -0.186782   1.68569
 0.889764  0.235964 -0.307656   1.63054
 0.784034  0.280888 -0.377732   1.44854
 0.903883  0.275462 -0.232168   1.65068
0.835144 0.246984 -0.38328  1.54118
 0.847635  0.251902 -0.371442   1.56513
 0.849889  0.282222 -0.324129   1.56262
 0.816279  0.242904 -0.406849   1.50993
 0.826908  0.248935 -0.398327   1.53082
 0.807545  0.237594 -0.428892   1.50142
 0.803695   0.24601 -0.414048   1.48932
 0.812436  0.240575 -0.424227   1.51039
0.917452 0.154397 0.202952  1.65711
 0.924732 0.0860854  0.155818   1.67179
0.918161 0.148176 0.206966  1.65261
0.924335 0.190152 0.264019  1.67326
0.929182 0.194769 0.242562  1.68287
0.920624 0.149306 0.284962   1.6647
 0.92166 0.165287 0.277488   1.6693
0.924998 0.161166 0.253383  1.66742
0.925268 0.179861 0.251324  1.67581
0.926066 0.159897 0.259581  1.67144
0.927313 0.155918  0.26379  1.67499
0.928425 0.148991 0.265491  1.67815
0.897517 0.258674 0.270062  1.63678
0.927948  0.16076 0.254066  1.67439
0.930544 0.129894 0.250464  1.68125
0.923721 0.159069 0.281763  1.67102
 0.951325 0.0489548  0.230127   1.71888
 0.947795 0.0528949  0.245915    1.7146
0.939808 0.076861  0.24848  1.69774
 0.949251 0.0787535  0.230835   1.71582
 0.946111 0.0678458  0.232314   1.70766
0.928723 0.159613 0.252713  1.67641
0.929215 0.154694 0.252807  1.67815
0.934176  0.11223 0.242195  1.68652
0.915889 0.300637  0.13728  1.66157
0.935688  0.10042 0.256395  1.69263
 0.91419  0.16198 0.244089  1.63751
0.922186 0.168444 0.239806  1.65279
0.909765 0.151097 0.224762  1.64001
0.929581  0.16965 0.222673  1.67341
 0.92323 0.163052 0.273625  1.66881
0.922207 0.164939 0.266905  1.66787
0.931384   0.1795 0.220575  1.68647
0.927761 0.161543 0.249116  1.67179
0.928775 0.182246 0.232192  1.68266
0.926786 0.157657  0.23878  1.66828
0.920866 0.138998 0.205205  1.65668
0.932966 0.136212 0.231052  1.68595
0.919659 0.141265 0.199915   1.6618
0.921839 0.160043 0.253473   1.6688
0.926291 0.139292 0.196597  1.67583
0.930811 0.142645 0.249128  1.68185
0.928436 0.176503 0.246214  1.68094
 0.915096 0.0220698  0.206055   1.64728
0.926985 0.138434  0.18093  1.67372
0.930366 0.156142 0.252692  1.68344
0.898746 0.201611 0.310277   1.6364
0.895301 0.163333 0.328196  1.62852
0.895839 0.179015 0.320692  1.63022
0.897916 0.230902 0.294373  1.63702
 0.92088   0.1459 0.298184  1.66961
0.928475 0.162104 0.250436  1.67467
0.904299 0.245285 0.260359   1.6426
 0.92346 0.160654 0.280292  1.67057
0.934148 0.174654 0.232911  1.68559
0.930204 0.170336 0.238077  1.67267
0.920768  0.16165 0.299446  1.67011
0.918955 0.155941 0.249621  1.65905
0.914576 0.148492 0.230669  1.64954
0.915871 0.151122 0.227254  1.65286
 0.93503 0.175585 0.233497  1.68598
0.913215 0.149668 0.228295  1.64601
0.918763 0.164089 0.241685  1.64679
0.909877 0.155711 0.229404  1.63485
0.919326 0.158311 0.248997  1.66133
 0.91572 0.164681 0.243322  1.63898
0.914565 0.155589 0.228768  1.64598
 0.762657  0.134031 -0.456202   1.40478
 0.772108  0.157483 -0.466661   1.43146
  0.77025   0.15692 -0.459273   1.42444
 0.772934  0.144131 -0.461946   1.42925
 0.749206  0.144125 -0.465963   1.38476
 0.771943  0.163151 -0.445346   1.42275
 0.766237   0.15737 -0.458996   1.41601
 0.745013  0.149507 -0.468364   1.37862
 0.774433  0.163998 -0.431951   1.42195
 0.765967  0.162836 -0.450665   1.41285
 0.776953  0.188216 -0.456854    1.4408
 0.751897  0.147325 -0.473027    1.3938
 0.733981  0.169001 -0.467379   1.36002
 0.735567  0.166049 -0.467286   1.36254
 0.747898  0.188909 -0.466376   1.39058
  0.74353  0.171021 -0.475885    1.3832
 0.733939  0.178789 -0.463633   1.36001
 0.734691  0.175607 -0.463891   1.36096
 0.744615  0.179308 -0.472536   1.38526
 0.735639  0.190402 -0.457474   1.36267
   0.7357  0.186713 -0.458069   1.36224
 0.765927  0.226955 -0.427454   1.41508
  0.75954  0.198911 -0.464967   1.41435
 0.792476  0.212087 -0.455058    1.4771
 0.783468  0.204498 -0.464811   1.46182
 0.785712  0.210881 -0.454346   1.46264
 0.747356  0.224739 -0.436954   1.38392
 0.746324  0.219031 -0.438321   1.38096
 0.760741   0.21158 -0.446449    1.4101
 0.755723   0.24872 -0.415294   1.39668
 0.754887  0.240304 -0.418606   1.39419
0.769558 0.254878  -0.4097  1.42489
0.767667 0.275428 -0.38553  1.41534
 0.765233    0.2654 -0.390927   1.40959
 0.794589  0.259351 -0.395945   1.46922
 0.785684  0.303373 -0.343847   1.44433
 0.779906  0.292221 -0.352332   1.43168
 0.811457  0.330139 -0.284366   1.48665
 0.801739  0.318514 -0.296812   1.46536
 0.878077   0.28623 -0.277262    1.6102
 0.866541   0.27283 -0.316091   1.59407
 0.840153  0.355445 -0.195385   1.53215
 0.834548  0.339455 -0.213763   1.51806
 0.956541  0.216271 -0.102598   1.73143
0.911003 0.298952 -0.14211  1.65441
  0.970291   0.163414 -0.0582648    1.74896
 0.935838  0.221918 -0.181656   1.69735
 0.882675  0.358904 0.0455559   1.60231
   0.885296     0.36034 -0.00482395     1.61008
0.888539 0.343189 0.120914  1.61518
 0.889305  0.344741 0.0892398    1.6148
0.965609 0.157886 0.125444  1.73988
0.962243  0.20723 0.061284  1.73338
 0.969178  0.175158 0.0663506   1.74578
0.893363 0.311583 0.182437  1.62346
0.896136 0.315109 0.157121   1.6271
0.908217 0.284516 0.180384  1.64553
0.892903 0.286491 0.228501  1.62399
0.895563 0.294013 0.206486  1.62782
0.892241 0.262041 0.263232  1.62383
0.894086 0.268914 0.247349  1.62595
0.930339 0.143853  0.25496  1.68213
0.892537 0.234971 0.290181  1.62461
0.893804 0.242109 0.277484  1.62566
0.894086 0.205151  0.31112  1.62722
 0.89406 0.212871 0.300606  1.62553
 0.90153 0.158307 0.328075   1.6421
0.929782 0.147179 0.249736  1.67999
 0.782579  0.238877 -0.419967   1.44979
 0.796888  0.217546 -0.446527   1.48281
 0.801729  0.222554 -0.441557   1.49176
0.802428 0.227621 -0.43564  1.49159
 0.804953   0.23119 -0.432231   1.49618
 0.794568  0.228381 -0.431787   1.47435
 0.800455  0.225402 -0.436292   1.48708
 0.772766  0.218215 -0.440081   1.43342
 0.794647  0.197014 -0.463192   1.47982
 0.784573  0.192846 -0.453733   1.45621
 0.792877  0.197581 -0.465448   1.47762
  0.96225 0.0593595  0.159086   1.73075
 0.958087 0.0448367  0.193693   1.72588
 0.953198 0.0290141  0.192783   1.71313
 0.953437 0.0646371  0.198371   1.71599
  0.95735 0.0658807  0.187431   1.72364
0.930203 0.150959 0.244865  1.68108
0.950096  0.10184 0.198202  1.71055
0.968611 0.130858 0.114731   1.7432
 0.763986  0.160772 -0.459882   1.41247
  0.76264  0.160411 -0.459594   1.40948
 0.762616  0.160099 -0.459759   1.40946
0.765149  0.16041 -0.46079  1.41512
  0.76624  0.159704 -0.460821    1.4172
 0.761247  0.160983 -0.460711   1.40725
 0.769272  0.163773 -0.461037   1.42395
 0.764015  0.159947 -0.460156   1.41252
 0.757328  0.142871 -0.469445   1.40205
 0.764661   0.16004 -0.460782   1.41401
 0.768908  0.155417 -0.455674   1.41999
 0.763902   0.14001 -0.465746   1.41301
 0.761512  0.160272 -0.460477   1.40778
 0.770605  0.155884 -0.461583   1.42613
 0.772726  0.152702 -0.467355   1.43224
0.764898 0.152844 -0.45846  1.41272
 0.768046  0.140593 -0.465625   1.42108
 0.778461  0.141573 -0.450638   1.43479
 0.772322  0.141509 -0.463886   1.42922
 0.767534  0.154445 -0.456011   1.41709
 0.762134   0.16304 -0.460944    1.4095
 0.762175  0.162833 -0.461059   1.40962
0.763526 0.162015 -0.46034  1.41206
 0.761716  0.162234 -0.461122    1.4086
 0.768261   0.16368 -0.463185    1.4229
 0.761439   0.16057 -0.460574   1.40762
 0.761235  0.160939 -0.460734   1.40723
 0.765578  0.159113 -0.460844    1.4157
  0.76726  0.163644 -0.463297   1.42102
 0.761325  0.160395 -0.460458    1.4072
0.765096 0.158062 -0.46122  1.41469
 0.761616  0.160054 -0.460188   1.40761
0.762372  0.15963 -0.46014  1.40911
 0.761743  0.160223 -0.460074   1.40784
 0.763108  0.160542 -0.459593   1.41049
 0.761659  0.159605 -0.460368   1.40778
  0.76354  0.160379 -0.459913   1.41147
  0.76298  0.159831 -0.460001   1.41031
 0.770798  0.162827 -0.438508   1.41744
 0.744646  0.163675 -0.477152   1.38464
0.754154 0.156515  -0.4845  1.40504
 0.769386  0.162563 -0.449561   1.41937
 0.768595  0.163136 -0.457636   1.42117
 0.766885  0.155757 -0.456848   1.41628
  0.76798  0.163652 -0.462255    1.4219
 0.761476  0.161251 -0.460806   1.40791
 0.761844  0.161943 -0.461003   1.40885
 0.766197  0.163177 -0.458367   1.41656
 0.766209  0.162566 -0.461131   1.41802
 0.765048  0.161296 -0.458857   1.41456
 0.762564  0.162095 -0.460777   1.41026
 0.766202   0.16337 -0.462785   1.41843
 0.764833  0.161074 -0.458477   1.41388
 0.764156  0.161782 -0.460025   1.41319
 0.762869  0.162779 -0.461014   1.41104
 0.763644  0.161026 -0.459472   1.41193
 0.762531  0.162616 -0.461198    1.4104
 0.763047  0.161863 -0.460622   1.41119
 0.967904  0.171829 0.0945827   1.74415
 0.912783  0.320797 0.0902434   1.65742
 0.911202  0.328876 0.0324886   1.65339
0.906968  0.30232 0.121422  1.63994
  0.972733   0.171048 0.00535825    1.75314
 0.903003  0.316855 0.0555993   1.63097
  0.973096   0.174846 -0.0264795    1.75579
  0.967851   0.198859 -0.0127137    1.74597
  0.967524   0.201677 -0.0520737    1.74945
 0.964097  0.206397 0.0202652   1.73717
 0.963776  0.187737 -0.101402   1.74306
0.951846 0.200052 -0.13954  1.72226
  0.89404  0.339641 -0.143817   1.63492
  0.945274   0.256387 -0.0925329     1.7129
 0.880303  0.322275 -0.212477   1.61051
  0.956428   0.230932 -0.0519322    1.72842
0.916051 0.241251  -0.2252  1.66684
 0.892352  0.258103 -0.269899   1.63051
 0.844169  0.313212 -0.268679   1.54316
 0.897971  0.280931 -0.208321   1.63248
 0.812287  0.293307 -0.327107   1.48795
 0.862334  0.302835 -0.258783   1.57698
 0.830257  0.251282 -0.385713   1.53291
 0.810411  0.247912 -0.407712   1.50111
 0.836245  0.297469 -0.313455   1.53749
 0.843099  0.270893 -0.355199   1.55724
0.922138 0.139907 0.198562  1.66034
0.926087 0.101433  0.20575  1.66913
0.933955 0.151281 0.239421  1.68866
0.928084 0.156779  0.23694  1.67134
0.928699 0.162099 0.246255  1.67305
0.931137 0.180538 0.237464  1.68585
0.922164 0.163949 0.290789  1.67078
0.931022 0.154704 0.238484  1.67813
0.930144 0.174102 0.242403  1.68201
0.928618 0.157588 0.257095  1.67695
0.910399 0.238523 0.276382   1.6593
0.930061 0.161285 0.249495   1.6779
0.931028 0.136966 0.242725  1.68231
0.933673 0.171684 0.238269  1.68474
0.910553 0.259623 0.248813  1.65819
0.930027 0.159068 0.251565  1.67932
0.934282 0.124819 0.233467  1.68707
0.940587 0.110247 0.222181  1.69638
0.944149 0.107877 0.220666  1.70395
0.930628  0.14875 0.248394   1.6826
0.922188 0.167821 0.243666  1.65279
0.927972 0.169073 0.240974  1.66546
0.916656 0.154537 0.228103  1.65096
0.933389 0.172477 0.236426  1.67921
0.923272 0.166912 0.280762  1.67124
0.934829 0.172949 0.239727  1.68583
0.933204 0.176541 0.235561  1.68551
0.930581 0.161282 0.245638  1.67669
0.930223 0.156744 0.237508  1.67528
  0.9302 0.156747 0.247765  1.68006
0.932034  0.16163 0.246256  1.68125
  0.9281 0.166766 0.251701  1.67941
0.930806 0.162118 0.246908  1.67877
0.927446  0.16009 0.253539  1.67718
0.926888 0.122777 0.194225  1.67124
0.933315  0.16856 0.246934  1.68458
0.923744 0.127247 0.198773  1.66144
0.932759 0.154629 0.240489  1.68354
0.905874 0.154782 0.311412  1.64318
0.899744  0.18329 0.318767  1.63762
0.912197 0.148162 0.311863  1.65737
0.908002 0.169751 0.313668  1.65007
0.918548 0.155623 0.298491  1.66546
0.930257 0.154796 0.251504  1.68082
0.923029 0.165005 0.287379  1.67201
0.934633 0.174719 0.238605  1.68557
0.922707 0.163444 0.271618  1.66957
 0.93162 0.171183 0.238375  1.67761
0.920187 0.157398 0.251578   1.6636
0.917001 0.150205 0.232153  1.65616
0.925806 0.164738 0.236649  1.66521
0.923312 0.173297 0.287253  1.67402
0.915675 0.151287 0.230434  1.65285
0.913926 0.152247 0.226369  1.64867
0.920523 0.162976 0.239239  1.65235
0.920499 0.153506 0.227858  1.66229
0.924812 0.165768 0.238352  1.66198
0.928126 0.165172 0.234956   1.6717
 0.761544  0.142831 -0.467227   1.40949
 0.768366  0.154495 -0.465444   1.42318
 0.768459  0.149798 -0.471658   1.42548
 0.756143  0.146802 -0.471444   1.40149
 0.765432  0.162622 -0.460237    1.4158
 0.751747  0.152447 -0.475489   1.39578
 0.766966  0.155194 -0.456844   1.41645
 0.747561  0.157391 -0.476844   1.38906
 0.743301  0.159517 -0.476555   1.38067
  0.76661  0.189784 -0.477249   1.43139
 0.740621  0.166525 -0.475886   1.37631
 0.752829  0.190349 -0.474676   1.40384
0.751342 0.165135 -0.48708  1.40252
 0.739998  0.174688 -0.473338   1.37528
 0.75164 0.178166 -0.48475  1.40441
 0.741417  0.184009 -0.468031   1.37715
 0.754939  0.185765 -0.480233   1.41006
 0.744887  0.194912 -0.459715   1.38194
 0.753345  0.200791 -0.457358   1.39938
 0.753671  0.208205 -0.448641   1.39675
 0.791118  0.271492 -0.370492   1.45381
 0.822105  0.262473 -0.385326   1.52169
 0.874994   0.32221 -0.172472   1.58959
 0.923597   0.26246 -0.167815   1.67683
  0.897507   0.337019 -0.0877404    1.63234
 0.939585  0.242817 -0.128381    1.7008
  0.911578   0.319655 -0.0851593    1.65712
   0.90309   0.325395 -0.0169958    1.63445
 0.928617  0.303647 0.0603671    1.6838
 0.965796  0.208821 0.0543578   1.74244
0.953718 0.130125  0.18606  1.71715
 0.941606   0.27757 0.0538954   1.70469
0.949381 0.181056 0.199695  1.71408
0.917164 0.285612 0.171916   1.6644
0.926251 0.253553 0.223903  1.68331
0.926589 0.259468  0.19586  1.67959
0.935468 0.274167 0.126615   1.6938
0.905318 0.265423  0.22694  1.64244
0.931702 0.141179 0.241466  1.68497
0.956956 0.195386 0.165747  1.72866
0.905098 0.179224 0.308158  1.64306
0.918421 0.201698 0.296061  1.67072
0.905036 0.222049 0.286628  1.64557
 0.90624 0.199848 0.303474  1.64865
 0.793848  0.217723 -0.447759   1.47756
 0.780425  0.213966 -0.442391   1.44623
 0.785554  0.223139 -0.439534   1.45801
 0.770088  0.201444 -0.461282   1.43473
 0.774255  0.198347 -0.471962   1.44559
 0.777268  0.183294 -0.458809   1.44287
 0.958088 0.0976686  0.163007   1.72328
 0.955604 0.0934939   0.20038   1.72359
0.934725 0.134152 0.232518   1.6897
0.962853 0.100802 0.153874  1.73182
0.932774 0.143947 0.230482  1.68707
0.964114 0.159624  0.11095  1.73423
0.943245 0.258448 0.121931  1.70651
 0.765113  0.159559 -0.461277    1.4151
  0.76216   0.15944 -0.460266    1.4087
 0.765983  0.158598 -0.461108    1.4166
 0.761345  0.160594 -0.460608   1.40745
 0.766517  0.156836 -0.458764   1.41647
 0.762155  0.157386 -0.482109   1.41924
  0.76251  0.151739 -0.479099   1.41815
 0.765028  0.161938 -0.461555   1.41567
 0.765333  0.155516 -0.458689   1.41384
 0.767365  0.153747 -0.456818   1.41711
 0.768831  0.155549 -0.462164   1.42267
  0.76979  0.155769 -0.471566   1.42886
 0.768996  0.154319 -0.476153   1.42938
 0.772855  0.150666 -0.469943   1.43383
 0.768158  0.147702 -0.474375   1.42653
 0.765646  0.154457 -0.457124   1.41369
 0.761687  0.161216 -0.460745   1.40831
 0.764487  0.161909 -0.461334   1.41453
 0.765828  0.163044 -0.463747   1.41817
  0.76406  0.162384 -0.464025   1.41449
 0.761399  0.159998 -0.460463   1.40738
  0.76438  0.159239 -0.461341   1.41353
 0.763835  0.159312 -0.460701   1.41229
 0.765535  0.163068 -0.463587   1.41746
  0.76205  0.160413 -0.463354    1.4099
  0.76184  0.159719 -0.460281   1.40813
0.762766 0.159506  -0.4601  1.40985
0.761654 0.159318 -0.46088    1.408
 0.750227  0.171075 -0.486844   1.40132
 0.765594  0.162969 -0.440304   1.40743
 0.747897  0.167205 -0.486551   1.39561
 0.765035   0.16189 -0.453706   1.41222
 0.765373  0.155997 -0.458966   1.41401
 0.759013  0.157436 -0.483777   1.41378
 0.761762  0.160878 -0.460338   1.40832
0.761166 0.159444 -0.44861  1.40174
 0.763837  0.154481 -0.458499   1.41059
 0.765222  0.162889 -0.463685   1.41699
0.762164 0.161039 -0.46014  1.40908
 0.761896  0.160189 -0.460678   1.40872
 0.764158  0.160965 -0.459242   1.41286
 0.762224  0.161765 -0.460991    1.4096
 0.763141  0.161178 -0.461302   1.41166
 0.763539  0.161084 -0.459353   1.41162
0.961166 0.206256  0.12724  1.73564
 0.963887  0.209684 0.0878503   1.73945
   0.959904     0.23803 -0.00804635     1.73577
0.924125 0.293162 0.078553  1.67113
   0.965705    0.216243 -0.00558988     1.74479
 0.953746  0.237624 -0.050096   1.72334
  0.964126   0.212032 -0.0510245    1.74276
 0.953732  0.218693 -0.092612   1.72328
   0.94397   0.254822 -0.0773858     1.7077
  0.953542   0.241105 -0.0134656    1.72154
 0.925267  0.299339 -0.129329   1.68624
  0.942013   0.277598 -0.0462088    1.70687
0.931636 0.278152 -0.12958  1.69332
 0.909531  0.301114 -0.173419   1.65771
 0.93148 0.161291 0.243916  1.67829
0.933175 0.163089  0.24756  1.68476
 0.93454 0.175652 0.240671  1.68706
0.932282 0.156618 0.245246  1.68296
0.930355 0.160526  0.24828  1.67937
0.922459 0.172725 0.292343   1.6732
0.930699 0.152537 0.243798  1.68293
0.921196 0.160865 0.250753  1.66727
0.930737 0.143478 0.238586  1.68255
0.931063 0.158437 0.243954  1.68183
0.923254 0.238985 0.255065   1.6794
0.931427 0.160329 0.247411  1.68175
0.937704 0.131152  0.22347  1.69306
0.914818 0.191552 0.298874  1.66131
0.919927 0.242677 0.236891   1.6685
0.930232 0.148614 0.236263  1.68256
0.933133 0.170706 0.237597  1.68161
0.919713 0.152708 0.233362  1.66333
0.923452 0.168976 0.271262  1.67257
0.933655 0.168657 0.239567  1.68499
0.934385 0.172306 0.243236  1.68581
0.932738 0.160833 0.243534  1.68098
0.933052 0.172865  0.24408  1.68527
0.931908 0.165387   0.2468  1.68315
 0.93323 0.160311 0.243292  1.68236
0.923192 0.163657 0.252562  1.67303
0.933682 0.158612 0.243119  1.68529
0.931861 0.161311  0.24529   1.6821
0.914175 0.169396 0.305915  1.66011
0.917806  0.18675 0.303166  1.66895
0.919983 0.173486  0.29891  1.66998
0.930977 0.157005 0.246704  1.68215
0.930136 0.151763  0.23559  1.68344
0.923611 0.168153 0.275317  1.67326
 0.93104 0.169281 0.234568  1.67925
0.922133 0.183328 0.292737  1.67419
 0.92711 0.161769 0.229763  1.67235
0.930096 0.150139 0.231416   1.6835
0.918823 0.153823 0.231585  1.66098
0.925714  0.16302 0.230051  1.66896
0.922716 0.156254 0.226873   1.6675
0.919024 0.154783 0.227194  1.65904
 0.763541  0.147844 -0.475943   1.41788
 0.764878  0.154124 -0.469435   1.41799
 0.758378  0.151572 -0.481179   1.41086
 0.757782  0.155835 -0.483418   1.41168
 0.765743  0.153343 -0.457252   1.41387
 0.754153  0.160048 -0.485912   1.40653
 0.750387   0.16149 -0.486249   1.39934
 0.760844  0.173447 -0.464199   1.41042
  0.74726  0.173876 -0.485241   1.39488
 0.764083  0.153811 -0.457626   1.41069
 0.749117  0.181941 -0.481737   1.39819
0.761287 0.160796 -0.44574   1.4008
  0.76754  0.179653 -0.462392   1.42369
 0.762268  0.170559 -0.464052   1.41325
 0.765383  0.193781 -0.475157   1.42794
 0.759272  0.171001 -0.466614   1.40836
 0.925528  0.302092 -0.089076   1.68149
  0.915978   0.321642 -0.0312946    1.66249
   0.93243   0.298444 -0.0843771    1.69532
 0.923266  0.299394 0.0240364   1.66888
 0.941684  0.274664 0.0926457   1.70593
 0.946339  0.282413 0.0420262   1.71654
 0.931971  0.294566 0.0985941   1.69152
0.929702 0.282986 0.126612   1.6851
0.949015 0.131457 0.202444  1.71179
0.925715 0.268705 0.161932  1.67441
0.920427  0.25881 0.201421  1.66637
0.944931 0.128893 0.212349  1.70405
0.918146 0.226818 0.264627  1.66711
0.939972 0.256029 0.153858  1.70152
0.909042 0.215542 0.298646  1.65685
0.910116 0.195046  0.30649  1.65702
0.930934 0.147385 0.237667  1.68416
0.940246 0.148613 0.222528  1.69817
 0.767264  0.176998 -0.461806   1.42319
 0.759109   0.18463 -0.480151   1.41645
 0.774742  0.202245 -0.468022   1.44483
 0.760268  0.194304 -0.472317   1.41871
0.940542 0.130058 0.221572  1.69868
0.958852  0.14088 0.162592  1.72719
0.959501  0.14301 0.148486  1.72545
0.932367 0.152699 0.232315  1.68754
0.958661 0.204617 0.098413  1.72634
0.949523 0.248305 0.123087  1.71744
0.934261 0.246062 0.190561   1.6915
0.940315 0.172364 0.226863  1.69938
 0.763558  0.159734 -0.460148   1.41151
 0.763275  0.159133 -0.460718   1.41108
 0.764694  0.158747 -0.461951    1.4144
 0.762177  0.159022 -0.460986   1.40899
 0.762504  0.159144 -0.460861   1.40963
 0.765267  0.157583 -0.461475   1.41512
 0.763546  0.162101 -0.460784   1.41206
 0.761889  0.159315 -0.460845   1.40847
 0.764264  0.157175 -0.461643   1.41303
  0.76528  0.154012 -0.457374    1.4131
 0.766245  0.154962 -0.477197   1.42442
0.753213 0.165185 -0.48576  1.40461
 0.758556  0.160124 -0.484838     1.414
 0.766323  0.154992 -0.466151   1.41943
 0.761761  0.160379 -0.460323   1.40823
 0.763625  0.161852 -0.463831   1.41369
 0.761514  0.159811 -0.460615   1.40773
 0.764004  0.162049 -0.464073    1.4145
 0.761517  0.159717 -0.460691   1.40777
 0.764013  0.158596 -0.462009   1.41297
 0.762972  0.158923 -0.460952   1.41054
 0.761649  0.159668 -0.461391   1.40838
 0.763352  0.158669 -0.461839   1.41165
 0.764198  0.156784 -0.461801   1.41297
 0.756267  0.163466 -0.486055   1.41071
 0.754828  0.168011 -0.485869   1.40858
0.752418  0.17012 -0.48494  1.40347
 0.762364  0.160557 -0.456666   1.40785
 0.763325  0.161561 -0.462098   1.41215
 0.757111  0.156907 -0.452518   1.39479
 0.758105  0.158557 -0.472161   1.40676
0.763772 0.162081 -0.46443  1.41411
 0.762256  0.160396 -0.460437   1.40937
 0.762625  0.154001 -0.458793   1.40812
 0.763459  0.161103 -0.461715   1.41245
 0.76252 0.160578 -0.45996  1.40976
 0.762505   0.16085 -0.459999   1.40972
 0.763025  0.161237 -0.459722   1.41073
 0.762409  0.160584 -0.461749   1.41028
 0.762893    0.1606 -0.459806   1.41046
0.953768 0.246637 0.090155  1.72455
 0.95728 0.253687 0.077827  1.73405
 0.953881  0.248713 0.0328548   1.72319
 0.960663  0.237643 0.0305903    1.7369
  0.926024   0.299471 -0.0336771    1.67686
  0.941417   0.275827 0.00614317    1.70276
0.932299 0.156608 0.239001  1.68139
0.933633 0.159929   0.2433  1.68352
 0.93273 0.162041 0.244866  1.68221
0.934563 0.165454 0.245536  1.68612
0.934323 0.167957 0.243495  1.68605
0.934085 0.163201 0.245161  1.68494
0.924563 0.174487 0.276678  1.67665
0.934414 0.162957 0.245104  1.68528
0.932677 0.161743 0.244707  1.68394
0.930467  0.15403 0.241359  1.68201
0.931456 0.144434 0.230949  1.68466
0.924882 0.166691 0.252793    1.677
0.934818 0.144349 0.227764  1.68996
0.931591 0.158803 0.243122  1.68335
0.930388 0.157967 0.235483  1.68547
0.930701 0.155317  0.24052  1.68321
0.921531  0.15705 0.227883  1.66138
0.919869 0.158093 0.227329  1.65766
0.931746 0.166841 0.234984  1.68128
0.922073 0.154673 0.234655  1.66962
0.923559 0.163569 0.254213  1.67358
0.929432 0.154747 0.234432  1.68282
0.934405 0.171173 0.241824  1.68621
0.933505 0.162671 0.244593  1.68389
0.932624  0.16739 0.236742  1.68409
0.934299 0.167749 0.244494  1.68576
0.933881 0.163215  0.24389  1.68448
0.932586 0.164747 0.237836  1.68426
0.924072 0.206782 0.275833  1.67745
0.916231 0.208702 0.286396  1.66407
0.922447 0.195755 0.286122  1.67488
 0.92348 0.181926 0.291395  1.67694
 0.92478 0.174101 0.274543  1.67725
0.930498 0.165363 0.233069  1.68016
0.927951 0.159917 0.229638  1.67554
0.925769 0.181152 0.274592  1.67968
0.921559 0.155892 0.232805  1.66813
0.925873 0.158434 0.228734  1.67362
 0.92328 0.155341 0.228068  1.66915
0.926689  0.16054 0.230197  1.67265
0.763492  0.15416 -0.48051  1.42046
 0.762492  0.153137 -0.459922   1.40859
 0.764089  0.154894 -0.458951   1.41125
 0.763488  0.153578 -0.457906   1.40966
 0.755583  0.160876 -0.485548   1.40848
 0.759063  0.158184 -0.451994   1.39883
 0.759518  0.168615 -0.467825   1.40937
 0.761987  0.153828 -0.457791   1.40647
 0.756363  0.166692 -0.469078   1.40304
 0.757425  0.160671 -0.471103   1.40536
 0.755583  0.173066 -0.484389   1.41024
0.754093 0.176038 -0.48229  1.40643
  0.930857   0.304054 0.00900012    1.68799
  0.949131   0.283878 -0.0163412    1.72438
0.934932 0.264338 0.155133  1.69336
0.951412 0.237608 0.153515  1.72212
 0.93223 0.237599 0.215879  1.68955
0.946341 0.155534 0.211627  1.70768
0.926123 0.179426 0.275387  1.68128
0.920475 0.223962 0.274658  1.67352
0.930444  0.21983 0.261409  1.69088
0.920579 0.212808 0.283705  1.67401
0.936156 0.232526 0.216973  1.69631
0.929727  0.22495 0.243024  1.68569
0.936919  0.14534 0.223436  1.69342
0.947037 0.224996 0.198954  1.71632
0.936212 0.161061 0.233835  1.69373
0.943438  0.15126  0.21308  1.70359
0.955212 0.249156 0.116158  1.73064
 0.945612  0.269845 0.0939507   1.71275
0.955545 0.196119 0.142807  1.72185
0.948101 0.241464 0.149699  1.71556
0.764114 0.158237 -0.46282  1.41345
 0.762097   0.15875 -0.462291   1.40932
 0.761674  0.159367 -0.461854   1.40847
 0.762587  0.158774 -0.462161   1.41027
 0.760623  0.156749 -0.471757    1.4112
 0.762856  0.158384 -0.462066   1.41068
0.763756 0.153339 -0.45878  1.41062
 0.761901  0.159308 -0.463365   1.40955
 0.761348  0.155533 -0.471489   1.41216
 0.762969  0.156212 -0.462071   1.41053
  0.76179  0.159944 -0.461189   1.40861
 0.762653  0.161104 -0.464808   1.41184
 0.763179  0.157837 -0.463455   1.41177
  0.76271  0.161069 -0.464109   1.41178
 0.757993   0.15526 -0.460157   1.39997
 0.761864  0.159152 -0.461936   1.40888
 0.763228  0.158169 -0.462974   1.41166
 0.762314  0.158558 -0.463605   1.41027
 0.757394  0.178353 -0.481453   1.41314
 0.760658  0.182279 -0.477646   1.41835
 0.755074   0.16296 -0.470052   1.40032
 0.759175  0.159434 -0.449301   1.39794
 0.760634  0.159954 -0.457135   1.40438
 0.760805  0.159227 -0.458956   1.40545
 0.761954  0.160841 -0.462491   1.40937
 0.761557  0.159262 -0.464177   1.40904
  0.76267  0.161258 -0.464765   1.41184
 0.762267  0.160454 -0.462376   1.41013
  0.76118  0.159583 -0.463626   1.40808
 0.762589  0.160642 -0.464387   1.41162
  0.935689   0.297056 -0.0443264    1.69894
  0.947148   0.267646 -0.0489064    1.71623
0.933078 0.162456 0.243492  1.68424
0.933506 0.164486 0.241303  1.68559
0.934016  0.16503 0.242648  1.68568
0.931778 0.159908 0.241144   1.6833
0.933652 0.166948 0.240142  1.68558
0.930657  0.15641 0.238752  1.68275
0.926347 0.157485 0.231115  1.67711
0.929719 0.152433 0.234916  1.68253
0.927162 0.215189  0.26526  1.68343
0.930773  0.15829  0.23677  1.68318
0.931029 0.150147 0.230592  1.68504
0.932441 0.199222 0.257283  1.69153
0.930804 0.163311 0.233681  1.68103
0.923503 0.157155 0.233817  1.67351
0.932221 0.161243 0.239251  1.68411
0.925911 0.156732 0.231752  1.67572
0.933824 0.163609 0.243231  1.68542
0.925449 0.157669 0.232743  1.67742
0.933522 0.163366  0.24312  1.68539
0.932564 0.163556  0.23799  1.68463
0.924133 0.191884 0.290879  1.67986
0.928962 0.154024 0.232256  1.68256
0.929261 0.155205 0.234011  1.68239
0.927256 0.190426 0.269314  1.68229
0.924706 0.165645 0.252969  1.67733
0.929602 0.160307 0.232294  1.68055
0.923443 0.157509 0.233947  1.67354
0.929336 0.162109 0.231688  1.67975
 0.762034  0.153669 -0.459879   1.40781
  0.76355  0.155578 -0.470094   1.41594
 0.758101  0.157361 -0.472324   1.40643
 0.758065  0.155964 -0.454703    1.3976
 0.759762  0.154596 -0.459933   1.40341
 0.756003  0.159611 -0.472102   1.40258
 0.757297  0.164712 -0.469109   1.40488
  0.75746  0.157748 -0.458842   1.39868
0.940347 0.247481 0.185245  1.70516
0.944926 0.224173 0.173972  1.70654
0.934866  0.22144 0.239978  1.69601
0.942938 0.177981 0.213018  1.70329
0.925698  0.20225 0.283395  1.68285
 0.93276 0.184648 0.243974  1.68871
0.934435 0.170595  0.23449  1.69132
0.927814 0.211816 0.272384  1.68612
0.933789 0.154341 0.227929  1.68936
0.936411 0.202038 0.243934  1.69717
0.938161 0.165018 0.223305  1.69591
0.936622 0.206357 0.228206  1.69437
0.950433 0.163545 0.186706   1.7135
0.943364 0.216849 0.209637  1.70805
0.941871 0.183118 0.214913  1.70011
0.951745  0.18317 0.180845  1.71631
 0.763163  0.156559 -0.462002   1.41087
 0.760218  0.157804 -0.460635    1.4047
 0.760131  0.154216 -0.460162    1.4041
 0.762409  0.157678 -0.464199    1.4105
 0.762144  0.156095 -0.462234   1.40886
  0.76218  0.153915 -0.458181   1.40714
 0.761993  0.160008 -0.462689   1.40966
0.761812 0.159672 -0.46321  1.40934
 0.761883  0.158814 -0.463584    1.4094
0.762171 0.160062 -0.46468  1.41068
 0.762476  0.157998 -0.463545   1.41038
 0.761581  0.158407 -0.464218   1.40895
 0.759569  0.158373 -0.459321   1.40291
 0.759992  0.153793 -0.457361   1.40225
 0.762038  0.160154 -0.465088   1.41054
 0.757268  0.155103 -0.455105     1.396
  0.76203  0.159717 -0.464883   1.41045
 0.760613  0.156355 -0.461362   1.40552
0.932061 0.160334 0.240533  1.68423
0.928882 0.157431 0.232989  1.68206
0.930839 0.160092 0.234985  1.68337
0.930694 0.157356 0.238113  1.68339
0.929503 0.154323  0.23128  1.68328
0.925642 0.157566 0.236754  1.67796
0.928292 0.187699 0.272168  1.68592
0.928133 0.156449 0.232987  1.68184
0.925061 0.157264 0.233139  1.67629
0.926465  0.15759 0.228892  1.67521
0.931465 0.163723 0.235063  1.68326
0.930547  0.16092 0.234629    1.683
0.931478 0.161641 0.235958  1.68343
0.932412 0.162368  0.23892  1.68473
0.927762 0.164399 0.240052  1.68216
0.929238 0.198029  0.25963  1.68463
0.927784 0.173716 0.255617  1.68259
0.926823 0.168641 0.251803  1.68164
 0.759319  0.154553 -0.456565   1.40069
 0.761578  0.156027 -0.461736   1.40756
0.933275 0.167361 0.242363  1.69085
 0.94642 0.187266 0.200173  1.70832
0.937057 0.185149 0.228302  1.69424
0.932844 0.202988 0.246416  1.68978
0.928823 0.161328 0.239043  1.68384
0.931471 0.159191 0.232563  1.68679
0.935549 0.179881 0.242838  1.69398
0.928741 0.176233 0.249939    1.684
0.942003 0.213778 0.213483  1.70509
0.941444 0.206931  0.22464  1.70499
  0.76048  0.156743 -0.461396   1.40533
 0.762034  0.158616 -0.464681   1.41013
 0.761674  0.158837 -0.464691   1.40942
 0.760991  0.153646 -0.458029   1.40448
 0.759785  0.154342 -0.457405   1.40194
 0.759786  0.157076 -0.460771   1.40374
  0.76123  0.158547 -0.464282   1.40828
 0.761133  0.156261 -0.461799    1.4067
0.930711   0.1591 0.236285   1.6835
0.928263 0.156774 0.232268  1.68177
0.927654 0.158014   0.2326  1.68019
0.928895 0.156746 0.233626  1.68232
0.929815 0.180003 0.254631  1.68495
 0.92749  0.15763 0.232889  1.68062
 0.92667 0.171787 0.249468  1.68101
0.927167 0.162199 0.242849  1.68138
0.929819 0.194646 0.266568  1.68812
0.932103 0.172392  0.24293  1.68911
0.928502 0.159448 0.232135  1.68007
 0.92867 0.158476 0.232447  1.68075
0.927857 0.157433 0.232732  1.68078
0.926206 0.160237 0.235316  1.67938
 0.758797  0.154444 -0.456728   1.39965
 0.758685  0.156267 -0.459593   1.40141
0.929362 0.162932  0.23616  1.68421
0.928771 0.172404 0.254413  1.68487
0.930861 0.170427 0.247172  1.68779
0.932234 0.181252 0.252622   1.6902
  0.76199  0.157881 -0.464228   1.40967
 0.761598  0.157857 -0.464247    1.4089
