0.873593 0.333515 0.158287  1.58327
0.876046 0.320321 0.183013  1.58859
0.864494 0.334734 0.170253  1.56645
0.866744 0.326313 0.182462  1.57097
0.858389 0.334706 0.182686  1.55693
0.862724 0.328309 0.177147  1.56148
0.870925 0.322859 0.179115  1.57713
0.871285 0.325685 0.166774  1.57673
0.760891 0.156713 -0.45916  1.40475
 0.761037  0.156613 -0.459181   1.40505
  0.79404  0.132542 -0.402044   1.44294
 0.788406  0.133445 -0.409618   1.43449
 0.791596  0.136358 -0.409024   1.44167
 0.789296  0.119183 -0.408631   1.43369
 0.784669  0.124277 -0.417338   1.42882
 0.788115  0.123827 -0.414789   1.43494
 0.800858  0.121224 -0.387896   1.44938
 0.796371  0.113201 -0.394776   1.44151
 0.808717  0.101781 -0.368489   1.45566
 0.801878   0.11615 -0.392098   1.45288
 0.789862  0.128271 -0.413341   1.43875
 0.793267  0.120716 -0.406794   1.44171
 0.796821  0.128909 -0.403516   1.44921
 0.793632   0.12424 -0.404451   1.44189
  0.970698   0.119621 -0.0522559    1.74548
  0.970646   0.121233 -0.0459758    1.74525
  0.969735   0.123786 -0.0491068    1.74323
  0.970148   0.119813 -0.0475314    1.74387
  0.970614   0.122627 -0.0398139     1.7451
  0.97054  0.123781 -0.034011   1.74488
  0.969724   0.126251 -0.0371217    1.74295
 0.970098  0.122107 -0.036068   1.74358
  0.968485   0.132807 -0.0458059     1.7407
  0.968998   0.132239 -0.0397862    1.74156
   0.97013   0.120873 -0.0418521    1.74372
  0.969493   0.124203 -0.0394168    1.74216
  0.969567   0.124026 -0.0440485    1.74254
 0.969819  0.124692 -0.042976   1.74326
0.922231 0.150022 0.274508  1.65786
 0.762922  0.155623 -0.456347   1.40737
 0.761003  0.155973 -0.459473   1.40498
 0.761495  0.157007 -0.459682   1.40621
 0.761827   0.15715 -0.459999   1.40698
 0.762097  0.157011 -0.460039   1.40751
 0.762468  0.156502 -0.458733   1.40759
  0.76624  0.158693 -0.459028   1.41553
 0.764325  0.155799 -0.455182   1.40966
 0.763685  0.154802 -0.454112   1.40783
 0.765218  0.155285 -0.455506   1.41154
  0.76833  0.156971 -0.460038   1.41959
 0.77069 0.153707  -0.4554  1.42179
 0.783117  0.140672 -0.422964   1.43087
 0.778961  0.141999 -0.432269   1.42664
 0.781757  0.144644 -0.431901   1.43296
 0.760944  0.156877 -0.459107   1.40486
 0.760977  0.156934 -0.459114   1.40494
 0.761741  0.157254 -0.459335   1.40652
 0.760829  0.157078 -0.459385   1.40479
 0.760815  0.157067 -0.459647   1.40488
 0.760821  0.156921 -0.459867   1.40496
 0.760741  0.156858 -0.459957   1.40481
 0.762435  0.155866 -0.456848   1.40661
  0.76075  0.156551 -0.460029    1.4048
 0.762102  0.156683 -0.458995   1.40698
 0.761034  0.156421 -0.459169     1.405
 0.760953  0.155862 -0.459636   1.40493
 0.760965  0.156388 -0.459276   1.40488
 0.804367  0.226707 -0.427039   1.48908
 0.803078  0.221991 -0.430865   1.48732
  0.80818   0.22282 -0.429385   1.49594
  0.80559  0.223755 -0.429893   1.49241
 0.800956  0.217063 -0.435486   1.48388
 0.797182  0.211895 -0.442579   1.47852
0.804447 0.210437  -0.4398  1.49035
 0.801648  0.212846 -0.440639   1.48703
 0.813051  0.218066 -0.428972   1.50371
0.812523 0.209078  -0.4342  1.50306
 0.822998  0.209374 -0.419261   1.51707
 0.816252  0.213054 -0.432771   1.51135
 0.803971  0.218792 -0.434236   1.49016
 0.808793  0.212276 -0.437977   1.49913
0.809779 0.219648 -0.43225  1.50004
 0.807222  0.216924 -0.433176   1.49438
 0.730116  0.159021 -0.456229   1.34233
  0.73103  0.157601 -0.456091   1.34381
 0.728124  0.158908 -0.452696   1.33574
 0.725707  0.159618 -0.450338   1.32897
  0.72634  0.157193 -0.450838   1.33007
 0.727377  0.158197 -0.451003   1.33251
 0.729263  0.154434 -0.453609   1.33769
 0.726931  0.154907 -0.451142     1.331
 0.727707  0.152624 -0.451372   1.33227
 0.728595   0.15362 -0.451628   1.33445
 0.729208  0.157966 -0.453072   1.33799
 0.727874  0.155929 -0.451385    1.3333
 0.729655  0.155612 -0.453718   1.33883
 0.728501  0.156573 -0.453044   1.33621
 0.784698  0.146337 -0.422303   1.43509
 0.779275  0.152107 -0.431124   1.42888
 0.781195  0.151481 -0.420361   1.42745
 0.965119  0.129396 0.0551724   1.73442
 0.964647  0.137133 0.0606877   1.73334
 0.965222  0.137361 0.0542986   1.73409
0.964993 0.138226 0.058044  1.73436
0.964665 0.144017 0.050296  1.73152
 0.963863  0.148137 0.0571503   1.73121
 0.963668  0.149233 0.0655699   1.73131
  0.77657  0.152596 -0.436229   1.42561
 0.961751  0.149854 0.0872421   1.72572
 0.771908  0.156535 -0.448827   1.42213
   0.969821    0.128055 -0.00669388      1.7433
   0.969535      0.1288 -0.00118182      1.7427
   0.969137    0.130777 -0.00494966     1.74164
   0.969382    0.127161 -0.00467264     1.74207
  0.969257   0.129936 0.00473278    1.74221
 0.968972  0.130812 0.0107387   1.74173
  0.968418   0.134708 0.00641772    1.74026
  0.968731    0.12933 0.00608552    1.74082
   0.968321    0.134444 -0.00306165     1.73944
     0.96816     0.133222 -0.000869187      1.73877
   0.969054    0.128267 0.000115753     1.74143
    0.968241     0.132734 -0.000236634      1.73952
   0.968895     0.13033 -0.00356604     1.74089
   0.968875    0.131522 1.83725e-06     1.74105
 0.768611  0.159255 -0.459914   1.42059
 0.763027  0.155146 -0.454596   1.40673
 0.766816  0.159962 -0.460073   1.41718
 0.760761  0.157092 -0.459794   1.40483
 0.762977   0.15611 -0.454607   1.40683
 0.760817  0.157204 -0.459569   1.40487
 0.761534  0.157471 -0.460032   1.40648
 0.761106  0.156882 -0.459086   1.40518
0.912495 0.179136 0.253925  1.64065
 0.935458  0.157654 -0.238427   1.69427
 0.936164  0.164378 -0.229037   1.69525
 0.933152  0.168141 -0.238003   1.69119
 0.934881  0.159421 -0.235926   1.69303
 0.930151  0.193692 -0.240953   1.69147
 0.932942  0.168014 -0.231305   1.68954
 0.933662  0.170845 -0.230058   1.69148
 0.960112  0.138987 0.0785542    1.7276
 0.963372  0.136874 0.0787937   1.73201
 0.962081  0.139423 0.0809022   1.72881
 0.961735    0.1387 0.0791081   1.72866
 0.964935  0.130527 0.0873024    1.7332
  0.96536  0.125544 0.0877987   1.73303
 0.963251  0.144506 0.0872102   1.73031
 0.962647  0.140731 0.0815177   1.72878
 0.963806  0.139308 0.0826289   1.73148
0.963124 0.128128 0.071987  1.73164
 0.962408   0.12674 0.0762421   1.73034
 0.963127  0.135029 0.0776541   1.73094
 0.962563  0.126956 0.0729995   1.73016
0.960796 0.126798 0.081443   1.7272
 0.958712  0.131473 0.0832438   1.72351
 0.961815   0.13646 0.0829479   1.72829
 0.960544  0.130125 0.0802163   1.72691
 0.962885  0.146759 0.0846136   1.73002
   0.9631  0.144736 0.0870484   1.73028
 0.961742  0.126318 0.0770122   1.72868
  0.96237  0.136333 0.0813485   1.72916
  0.96284  0.135162 0.0782805    1.7299
 0.962457  0.134894 0.0816018   1.72963
 0.963835  0.147869 0.0700385   1.73173
 0.964139   0.14578 0.0724661   1.73221
  0.96459  0.137234 0.0627038   1.73367
 0.965052  0.130022 0.0588868   1.73478
 0.964447  0.129986 0.0627074   1.73372
  0.96454  0.129657 0.0597156   1.73351
 0.964061  0.136008 0.0696823   1.73272
 0.964035  0.129786 0.0658021   1.73309
0.963563 0.128956 0.068295   1.7323
 0.963671  0.129104 0.0664948   1.73214
 0.964353  0.136532 0.0641331   1.73288
 0.964047  0.129799 0.0632154   1.73273
 0.964045  0.136317 0.0667801   1.73228
  0.96431  0.136374 0.0661661   1.73314
 0.965655  0.145288 0.0469308   1.73455
 0.965769  0.143093 0.0492686   1.73447
 0.966607  0.136655 0.0411982   1.73708
0.967315 0.130937 0.037725  1.73879
 0.966887  0.130182 0.0428521   1.73797
0.966753 0.129815 0.039334   1.7373
 0.965721  0.137828 0.0527192    1.7355
 0.966421  0.129951 0.0485771   1.73717
 0.965762  0.129888 0.0540661   1.73602
 0.965746  0.129263 0.0498156   1.73546
 0.966322  0.135861 0.0427511   1.73617
  0.96627  0.129498 0.0440353   1.73639
 0.965645  0.136974 0.0463429   1.73474
 0.966292  0.135974 0.0460809   1.73642
 0.964603  0.155987 0.0546297   1.73196
   0.96905   0.113639 -0.0838662    1.74277
  0.968223     0.1211 -0.0779208    1.74081
 0.967376  0.120387 -0.089536   1.73969
  0.968179   0.120364 -0.0880056    1.74158
  0.967047   0.134487 -0.0728078    1.73881
  0.964831   0.129335 -0.0982052    1.73513
  0.965598    0.12959 -0.0964926    1.73694
  0.966921   0.136093 -0.0831803    1.73972
 0.736019  0.269292 -0.388215   1.34573
 0.734091  0.261368 -0.394776   1.34247
 0.743154  0.260662 -0.388872   1.35818
0.739762 0.264876 -0.39332  1.35465
0.732611 0.253568  -0.4007  1.33998
 0.731501  0.246058 -0.406005   1.33813
 0.739854  0.246031 -0.400724   1.35289
 0.736573  0.249282 -0.404905   1.34904
 0.748416  0.256152 -0.394203   1.37149
 0.749184  0.250684 -0.396004   1.37226
 0.738025  0.256974 -0.399439   1.35162
 0.743399   0.24972 -0.399023   1.36057
 0.745788  0.256963 -0.393155   1.36468
0.741089  0.25303  -0.3954  1.35474
 0.948752  0.154394 -0.183079   1.71364
 0.951477   0.15713 -0.174508    1.7191
 0.950768  0.139982 -0.187801   1.71687
 0.951454  0.134231 -0.195634   1.71911
 0.954312  0.131205 -0.185944   1.72365
 0.951435  0.137109 -0.187899   1.71785
 0.956127  0.135625 -0.166865   1.72526
 0.957358   0.12781 -0.174998   1.72848
 0.959832  0.123444 -0.163184   1.73174
 0.957095   0.13083 -0.164866   1.72634
 0.951552  0.144777 -0.178977   1.71776
 0.954179  0.134023 -0.176878    1.7219
 0.954425  0.142145 -0.167092   1.72212
 0.953372  0.138456 -0.178494   1.72112
 0.756785  0.227126 -0.426765   1.39811
 0.726136  0.183262 -0.442803    1.3306
 0.728138  0.181446 -0.444368   1.33579
0.728895 0.184734 -0.44244  1.33692
 0.727024  0.182916 -0.442907    1.3329
 0.730929  0.180831 -0.448685   1.34445
 0.732845  0.187085 -0.444916    1.3476
 0.729842  0.184745 -0.445383   1.34105
 0.729829  0.182923 -0.445746   1.34079
 0.728945  0.168426 -0.453518   1.34037
 0.729623  0.166841 -0.453503   1.34139
  0.72691  0.168749 -0.449555   1.33347
 0.724444  0.170008 -0.447466   1.32688
 0.724654   0.16725 -0.448411   1.32728
 0.726044  0.168385 -0.448436    1.3304
 0.727272  0.163652 -0.451394    1.3342
 0.724923  0.164676 -0.449154   1.32773
 0.725206  0.162061 -0.449877   1.32818
 0.726474  0.163178 -0.449969   1.33108
0.727997 0.167553 -0.45022  1.33583
  0.72618  0.165771 -0.449236   1.33059
 0.727992  0.164907 -0.451353   1.33595
 0.726897  0.166084 -0.450372   1.33332
 0.732945   0.15083 -0.457075    1.3469
 0.734064  0.149541 -0.456832   1.34879
 0.730988  0.150306 -0.453964   1.34062
 0.728627  0.150533 -0.451371   1.33374
 0.729605  0.148397 -0.451464   1.33539
 0.730337  0.149308 -0.451767   1.33726
 0.732803  0.146453 -0.454064   1.34363
 0.730588   0.14645 -0.451354   1.33697
 0.731692  0.144549 -0.451208   1.33879
 0.732257  0.145388 -0.451569   1.34033
 0.732077  0.149602 -0.454084   1.34278
   0.7312  0.147342 -0.451727   1.33863
  0.73292  0.147529 -0.454301   1.34425
 0.731725  0.148288 -0.453891   1.34166
  0.77577  0.154906 -0.446067   1.42871
0.917716 0.186694   0.2528  1.64224
0.936095 0.146089 0.161518  1.67842
0.912887 0.157673  0.24854  1.64029
0.907803 0.135105 0.226345  1.63464
0.911056  0.12771 0.215911  1.63608
 0.91787 0.138664 0.249696   1.6482
0.922995 0.153905 0.295932  1.66252
0.924554 0.155631 0.287821  1.66406
0.874621 0.249318 0.281601  1.58674
0.876786 0.236415  0.29286  1.59169
0.867786 0.246995 0.286852  1.57454
0.869018 0.239501 0.292782  1.57739
0.862144 0.241684 0.290574  1.56479
0.866186 0.242158 0.289345  1.57069
0.872475 0.239441 0.290835  1.58243
0.872636  0.24366 0.284556  1.58197
0.925547 0.155022 0.291262    1.667
0.924209  0.13297 0.286276  1.66772
 0.925295 0.0966424  0.262099   1.66646
  0.890952 -0.0183998   0.349319     1.6219
 0.906311 0.0109898  0.334792   1.64474
 0.918932 -0.029162  0.310832   1.66748
   0.903946 -0.00531823    0.319514     1.63456
 0.914256 0.0372745  0.321029   1.65674
 0.917295 0.0511404   0.30109   1.65692
 0.925989 0.0401207   0.29552   1.67554
 0.917868 0.0469161    0.3004   1.65796
   0.934626 -0.00969905    0.270415     1.68864
 0.931919 0.0208143  0.270458   1.68125
 0.942874 0.0158276  0.243133   1.70002
  0.937103 0.00940408   0.247222    1.68695
0.913289 0.023523 0.306734  1.64918
 0.926893 0.0246753  0.274495   1.67038
   0.925192 -0.00741051    0.277096     1.66774
  0.922866 0.00858405   0.300494    1.66966
0.898744 0.161112 0.259421  1.61739
0.892982 0.171957 0.268376  1.59918
0.904153 0.138468 0.236925  1.62642
0.900039 0.168998 0.223009  1.62343
 0.90986 0.201065  0.22637  1.64389
0.913523 0.222705 0.243381  1.65191
0.912663 0.205288 0.247529  1.65377
0.916856 0.138588 0.253672  1.64612
0.908135 0.217058 0.275076  1.64524
0.910095 0.125559 0.224518  1.63429
 0.92364 0.191737 0.249276  1.65755
  0.885328 -0.0659968   -0.01684    1.58645
0.927534 0.197971 0.236468  1.66681
0.917415 0.118365 0.287941  1.65565
0.927766 0.156409 0.288039  1.67121
0.919249 0.130496 0.297109  1.66056
0.921321 0.143982 0.298621  1.66255
 0.92234 0.152202 0.300279  1.66276
0.910706 0.189705 0.227018  1.64922
0.918833 0.149965 0.277871  1.65122
 0.90239  0.17363 0.219777   1.6287
0.907831 0.158108 0.258759  1.62941
 0.90531 0.174699 0.272524  1.61866
 0.784141  0.119753 -0.421542    1.4292
 0.783191  0.112931 -0.418585   1.42456
 0.788475  0.114888 -0.413083   1.43352
 0.785726  0.115625 -0.414895   1.42856
 0.780885  0.106352 -0.418654   1.41856
 0.775544  0.102688 -0.419818   1.40691
 0.782008 0.0993415 -0.412221   1.41657
 0.780713  0.103205 -0.416234    1.4163
 0.794666  0.107387 -0.402077   1.44046
 0.790387 0.0961251 -0.401502   1.42916
  0.80143 0.0933768 -0.385009    1.4455
0.796832 0.100242 -0.39226  1.43947
0.784151 0.109222 -0.41424  1.42377
 0.787879  0.101012 -0.406695   1.42681
0.790311   0.1096 -0.40514   1.4327
 0.787401  0.105407 -0.411111   1.42875
 0.776755  0.146151 -0.445782   1.42926
 0.766061  0.161762 -0.458637   1.41542
  0.75373  0.124922 -0.448082   1.37978
 0.755926  0.123224 -0.447459   1.38376
 0.751169   0.12273 -0.446827    1.3732
0.748229 0.121985 -0.44443  1.36521
  0.75033   0.11986 -0.443201   1.36857
 0.750494   0.12103 -0.444105   1.36963
 0.755738  0.118868 -0.443827   1.38045
 0.752497  0.117775 -0.441639   1.37191
 0.755012  0.115547 -0.439648   1.37573
 0.755086  0.116987 -0.440936   1.37685
 0.752569  0.122673 -0.446119   1.37572
 0.752612  0.119045 -0.442709   1.37297
 0.755019  0.120582 -0.444672    1.3797
 0.753235  0.120742 -0.445292   1.37632
 0.770941  0.160893 -0.449195   1.42122
 0.738785  0.211438 -0.431261   1.35834
 0.743979  0.220826 -0.423569   1.36743
 0.734097  0.213627 -0.425922   1.34554
0.736505 0.218554 -0.42188  1.34951
 0.730871  0.218073 -0.425059   1.33905
 0.732722  0.215994 -0.423289   1.34174
 0.738054  0.217725 -0.425588   1.35526
  0.73715  0.215015 -0.426579   1.35319
 0.832171  0.231565 -0.408188   1.53666
 0.836963  0.230094 -0.402963   1.54419
 0.831295  0.233722 -0.403761   1.53477
 0.832822  0.231581 -0.404907   1.53647
 0.842053  0.228584 -0.397377    1.5523
 0.847489   0.22655 -0.391235   1.56088
 0.841221  0.231413 -0.392562   1.55057
 0.842832  0.228635 -0.393519   1.55221
 0.830696  0.237495 -0.397125   1.53282
 0.835299  0.239431 -0.392946   1.54157
 0.837609  0.230156 -0.399515   1.54396
 0.838253  0.233954 -0.393786   1.54526
 0.832918  0.235073 -0.400037   1.53698
0.836162 0.232413 -0.39847  1.54237
 0.745448  0.132684 -0.453541   1.36704
 0.742259  0.136376 -0.454034   1.36139
 0.743649   0.13127 -0.450927   1.36135
  0.74181  0.133348 -0.451345   1.35811
 0.741896  0.130547 -0.448548   1.35581
 0.742322  0.131832 -0.450809   1.35857
 0.742444  0.134685 -0.452974   1.36081
 0.744487  0.133034 -0.452619   1.36455
 0.848265  0.226661 -0.387011   1.56067
 0.849618  0.231415 -0.379901    1.5633
  0.84294  0.233101 -0.388174   1.55286
  0.84674   0.22962 -0.386117   1.55914
 0.850946  0.238946 -0.371213    1.5662
 0.837634   0.24011 -0.387159   1.54436
 0.840551   0.23639 -0.385884   1.54861
 0.847003  0.239098 -0.379952   1.56109
0.875445 0.233766 -0.33851  1.60667
 0.860616  0.235476 -0.358643    1.5818
 0.873583   0.22203 -0.347676   1.60103
 0.866123  0.225294 -0.358554   1.58961
 0.871592  0.215428 -0.357159   1.59715
 0.869961   0.21935 -0.356065   1.59543
 0.863733  0.230001 -0.357266   1.58626
 0.870584  0.233626 -0.350083   1.59992
 0.900519  0.190259 -0.317719   1.64249
 0.906451   0.18588 -0.308074   1.65203
 0.901036  0.194734 -0.308277    1.6423
 0.901922  0.191664 -0.311343   1.64381
  0.91225  0.180327 -0.297385   1.66089
 0.917149  0.174409 -0.287107   1.66789
 0.912891  0.183958 -0.286441   1.66053
  0.91355   0.18168 -0.289875   1.66176
0.899008 0.211801 -0.30467  1.64202
 0.905978  0.213056 -0.295415   1.65563
 0.907911  0.187263 -0.300365    1.6531
 0.910903  0.194363 -0.287463   1.65845
 0.903407  0.198848 -0.300525   1.64615
 0.906819  0.191412 -0.298458   1.65174
  0.91868  0.194529 -0.266373   1.67129
 0.924779   0.19625 -0.256089   1.68329
0.921395 0.175434 -0.26884  1.67316
 0.921667  0.169942 -0.277568   1.67472
 0.926639  0.165886 -0.267253    1.6827
 0.922393  0.172012 -0.270343   1.67463
 0.931262  0.164698 -0.245092   1.68786
 0.931255  0.160727 -0.255925   1.68953
 0.935046  0.155427 -0.245422   1.69477
 0.931899  0.162709 -0.247839   1.68916
 0.923166  0.180307 -0.259809   1.67571
  0.92739  0.167989 -0.258565   1.68233
 0.929528  0.175917 -0.245774   1.68609
 0.926275  0.172447 -0.258081   1.68102
 0.935519  0.175802 -0.224803   1.69559
 0.940374  0.178049 -0.214552   1.70533
 0.938023  0.157088 -0.227304   1.69791
 0.938583   0.15135 -0.235858   1.70006
 0.942438  0.147577 -0.225651   1.70618
0.938909 0.153931 -0.22825  1.69932
 0.945742  0.145841 -0.203572   1.70897
 0.945875  0.142611 -0.214658   1.71106
 0.948775  0.137852 -0.204777   1.71512
 0.946176  0.144897 -0.206684   1.71029
0.939345 0.162309  -0.2178   1.6997
 0.942812  0.150133 -0.216674    1.7053
0.944451  0.15799 -0.20374  1.70801
 0.941855  0.154239 -0.216595   1.70402
0.733381 0.194265 -0.44167  1.34863
 0.737382  0.202019 -0.436277   1.35574
 0.729941  0.195691 -0.437057   1.33865
 0.731629  0.199765 -0.434188   1.34144
 0.727487  0.198753 -0.435879   1.33313
  0.72879  0.197585 -0.435087   1.33553
 0.732849  0.199147 -0.437448    1.3462
 0.732115  0.196988 -0.438119   1.34452
0.735287 0.241966 -0.40984  1.34675
0.739578 0.235794 -0.41004  1.35433
 0.742612  0.242193 -0.404512   1.35945
 0.737748  0.238703 -0.406604   1.34937
 0.745516  0.232793 -0.415364   1.36961
 0.751867  0.244652 -0.404517   1.38056
 0.744454  0.241093 -0.407498    1.3654
 0.743696  0.237014 -0.409333   1.36356
0.962784 0.122495 -0.11973  1.73185
 0.963375  0.124465 -0.118524    1.7334
 0.961633  0.121256 -0.137759   1.73153
 0.961905  0.119189 -0.151919   1.73432
 0.963752  0.115862 -0.141603   1.73683
  0.96193  0.122971 -0.143425   1.73348
  0.96503  0.114616 -0.120141   1.73674
 0.965065  0.112755 -0.132268   1.73834
0.966074 0.110664  -0.1239  1.73947
 0.965281  0.116519 -0.126295   1.73848
 0.962661   0.12606 -0.130609   1.73363
 0.963809   0.11991 -0.134305   1.73636
 0.964486  0.123838 -0.122437   1.73677
 0.963603  0.118569 -0.129142   1.73485
 0.853533  0.237564 -0.345664   1.56267
 0.866278  0.243374 -0.331656   1.58771
0.949101 0.013497 0.205426  1.70509
 0.956782 0.0375274  0.188043    1.7208
   0.95585 0.00171455    0.19257    1.72022
   0.95465 0.00857707   0.190488    1.71591
 0.961496 0.0582424  0.119994    1.7227
 0.960253 0.0510744  0.157426   1.72427
  0.962322 -0.0204869    0.14714    1.72951
0.967559 0.021619 0.110038  1.73589
 0.968683 -0.021878 0.0876805   1.74013
  0.966903 -0.0309124   0.103743    1.73569
 0.959281 0.0245452  0.154992    1.7209
 0.964787 0.0185344  0.118202   1.73007
  0.960663 -0.0140505   0.145982     1.7241
0.961659 0.025994 0.147398    1.726
  0.89673  0.196262 -0.320782   1.63616
 0.89874  0.20181 -0.31056  1.63954
 0.894207   0.20704 -0.318427   1.63345
0.896321 0.198138 -0.31605  1.63497
 0.892605  0.227891 -0.317573   1.63694
   0.8953  0.207422 -0.309853   1.63409
 0.896405   0.20814 -0.309033   1.63657
 0.967306  0.113603 -0.118605   1.74219
  0.96832  0.113155 -0.108664   1.74345
 0.965985  0.118472 -0.115195   1.73894
 0.966784   0.11175 -0.111708   1.73982
 0.969281  0.113527 -0.099462   1.74487
  0.969903   0.113545 -0.0905463    1.74552
  0.967586   0.119809 -0.0967489    1.74091
  0.968464   0.113161 -0.0925496    1.74206
 0.964202  0.129164 -0.112543   1.73531
 0.965142   0.13033 -0.103998   1.73675
 0.967617   0.11241 -0.102293   1.74088
0.966654 0.118033 -0.09936  1.73863
 0.966006  0.117785 -0.107465   1.73793
 0.966859  0.118219 -0.105925   1.73994
0.926607 0.141169 0.271718  1.66924
 0.963107  0.128364 0.0689855   1.73113
 0.963072  0.135468 0.0730086   1.73043
0.963863 0.135427 0.070539  1.73198
0.963492 0.135161 0.072367  1.73174
 0.964155  0.144454 0.0733066   1.73188
 0.963502  0.146263 0.0742441      1.73
 0.963922  0.143332 0.0726764   1.73211
 0.962823  0.147414 0.0781623   1.72946
 0.963631  0.140954 0.0770976   1.73128
 0.834265  0.410963 0.0293721   1.51785
  0.844743   0.397061 0.00604799    1.53318
0.849797 0.392187 0.036493  1.54274
 0.841944  0.391008 0.0241505   1.52403
  0.858872   0.380515 -0.0112984    1.55791
 0.864863  0.379011 0.0434021   1.57074
0.856153 0.379299 0.034198  1.55054
  0.857407   0.376848 0.00620043    1.55245
0.925139 0.146084 0.291786  1.66821
 0.915267 0.0817515  0.299077   1.65327
0.915024 0.100963 0.285641  1.64978
 0.912818 0.0956134  0.305429   1.65084
 0.937875 0.0850851  0.224699   1.68601
 0.933642 0.0880068   0.23225   1.67798
0.893296  0.10267 0.341547  1.62033
 0.899849 0.0887123  0.333171   1.63077
 0.890444 0.0882234  0.353556   1.61841
 0.894736 0.0891337  0.339502   1.62143
 0.905115 0.0749281  0.323973    1.6381
 0.912978 0.0654718  0.304086   1.64868
0.906919 0.054543 0.326444  1.64231
 0.909108 0.0588257  0.319507   1.64469
 0.885461 0.0633474  0.359189   1.61016
 0.896842 0.0391105  0.342093   1.62648
 0.877431 0.0236549  0.360212   1.59602
 0.889525 0.0357839  0.354515   1.61569
 0.901992 0.0722605  0.331773    1.6336
 0.902489 0.0484486  0.339815   1.63716
  0.89247 0.0690238  0.350934   1.62015
0.898034 0.069317 0.343842  1.62989
0.861675 0.301017 0.227213  1.56273
0.867354 0.303584 0.218002  1.57196
0.868545 0.295515  0.22784  1.57461
0.865524 0.297547 0.222995  1.56722
0.875231 0.304346 0.208724  1.58622
0.876384 0.291213 0.229272  1.58959
0.872326 0.293328 0.225363  1.58022
0.873112 0.297363 0.214693  1.58085
0.926002 0.149628 0.272198   1.6656
0.914571  0.11091 0.299161  1.65194
0.859511 0.126718 0.339199  1.55539
0.870662 0.121371 0.351679  1.58037
0.857378 0.105222 0.349879  1.55199
0.864581 0.119663  0.34807  1.56955
 0.88047 0.113518 0.352922  1.59853
0.889697 0.105911 0.341822  1.61257
 0.884815 0.0924305   0.35445   1.60643
0.885242 0.107574 0.355536  1.60969
 0.859267 0.0734358  0.358772   1.55656
 0.877877 0.0691431  0.360045   1.59391
 0.867368 0.0315318  0.361241   1.57319
 0.868451 0.0638313  0.364701   1.57952
0.875148 0.113146 0.358031  1.59189
 0.878532 0.0902206  0.361981   1.59835
 0.864809 0.0961036  0.358998   1.57175
 0.872351 0.0984237  0.357699   1.58357
 0.901706 0.0950202  0.329653   1.63369
0.898458 0.100399 0.328636   1.6263
0.906895 0.095678 0.310445  1.63848
 0.912446 0.0780372  0.312067   1.65086
0.907537 0.077646 0.316286  1.64063
  0.90586 0.0956341  0.321022   1.64024
 0.780381  0.115577 -0.421507   1.42039
 0.777689  0.122044 -0.428491   1.41928
 0.780253  0.118922 -0.423187   1.42151
0.771932 0.117228  -0.4322   1.4082
 0.771255   0.12378 -0.438592   1.41122
  0.77262  0.120161 -0.432879   1.41046
0.778431 0.110233 -0.42162  1.41534
 0.773564  0.111657 -0.427409   1.40815
 0.774885  0.105653 -0.422933   1.40753
 0.775315  0.108182 -0.424867   1.41005
 0.77625 0.118974 -0.43073  1.41691
 0.773465  0.114006 -0.429291    1.4094
    0.778   0.11316 -0.424158   1.41628
 0.776317  0.115818 -0.426555   1.41433
 0.773089  0.151752 -0.454603   1.42627
0.817709 0.231751 -0.42362  1.51316
 0.820496  0.232359 -0.420737    1.5179
 0.815852  0.232999 -0.421515   1.50993
 0.817479  0.232013 -0.422068   1.51193
 0.823792  0.232649 -0.417174   1.52329
 0.827698   0.23242 -0.412992   1.52956
 0.821936  0.234562 -0.414114   1.51991
 0.823818  0.232778 -0.414754   1.52215
 0.812679  0.235303 -0.416112   1.50289
 0.815985  0.237114 -0.412473   1.50876
 0.820301  0.232548 -0.418723   1.51648
 0.819239  0.235037 -0.415254   1.51474
 0.816023  0.233857 -0.419292   1.50954
 0.818642  0.233808 -0.418214   1.51452
 0.815832  0.230735 -0.425571   1.50982
0.813419 0.229876 -0.42626  1.50602
 0.815353  0.229047 -0.426516   1.50888
 0.814671  0.229528 -0.426037   1.50729
0.810834 0.228513  -0.4261  1.50103
 0.806949  0.229041 -0.426077   1.49476
0.810099 0.225456 -0.42881  1.50036
0.809609  0.22762 -0.42653  1.49871
0.816275 0.226172 -0.42606  1.50994
0.814199 0.222532 -0.42888  1.50725
 0.819783  0.221053 -0.422202    1.5143
 0.816788  0.221764 -0.425359   1.50959
 0.812374  0.228286 -0.426524   1.50359
 0.812408  0.224522 -0.427626   1.50329
 0.814803  0.226803 -0.426557   1.50718
 0.813226  0.227056 -0.427523   1.50558
0.925436 0.148877 0.287071  1.66736
  0.969647 -0.0912689  0.0754953    1.74884
   0.9504 -0.120235   0.15951   1.71662
  0.958477 -0.0676055   0.145987    1.72369
  0.957155 -0.0810253   0.151759    1.72693
 0.918186 -0.104055  0.257947   1.66106
  0.882341 -0.0451099   0.325481    1.59504
  0.921504 -0.0516087   0.274657    1.66311
  0.911407 -0.0771323   0.317949    1.66294
  0.951715 -0.0308627   0.194702    1.71169
  0.939073 -0.0288303   0.232353    1.68896
   0.946093 -0.00167243    0.207218     1.69815
  0.945494 -0.0184627   0.227708    1.70319
 0.936414 -0.100296  0.243205   1.70102
  0.934694 -0.0538593   0.265204    1.69233
  0.950846 -0.0483073   0.208862    1.71616
  0.941652 -0.0743009   0.215661    1.69757
0.863635 0.209121 0.313032  1.56799
 0.86948  0.21646 0.312458  1.57868
0.871764 0.208113 0.316724  1.58354
0.868221 0.211516 0.314051  1.57553
0.876124 0.219658 0.307054  1.59002
 0.88087 0.203743 0.314369  1.59935
0.874945  0.20804 0.313974  1.58724
0.874474 0.212962 0.309009  1.58562
0.863201 0.139894 0.330489  1.56226
0.866325 0.147978 0.325802  1.56866
0.872361 0.148981 0.339441  1.58348
0.868045 0.145613  0.32884   1.5734
0.867072 0.155938 0.324301  1.57075
0.866335 0.164497 0.323725  1.56996
 0.87318 0.166635 0.332922  1.58516
0.868673 0.162689 0.324586  1.57538
 0.87844 0.153898 0.339782  1.59465
0.878857  0.16225  0.33458  1.59474
0.885345 0.151552 0.332164  1.60526
0.880204 0.156357 0.338729  1.59835
 0.86897 0.154179  0.32561  1.57535
0.874966 0.163134 0.335553  1.58951
0.874805 0.153951 0.338965  1.58937
0.873176 0.158068 0.335557  1.58515
 0.761143  0.156708 -0.459085   1.40522
 0.761311  0.156628 -0.459065   1.40555
 0.761678  0.156918 -0.459739   1.40659
 0.760918  0.156003 -0.459907   1.40499
 0.760894  0.156176 -0.460018   1.40502
0.760938  0.15593 -0.45975  1.40495
  0.76084   0.15669 -0.460014   1.40502
 0.760895  0.155878 -0.459796   1.40487
0.768861 0.158808 -0.45658  1.41954
0.760838 0.156017 -0.45993  1.40484
 0.745909  0.131368 -0.452629   1.36721
 0.747531   0.12999 -0.452229   1.37012
 0.743981  0.130033 -0.450535   1.36158
 0.741765  0.129588 -0.447927     1.355
 0.743191  0.127713 -0.447395   1.35734
 0.743446  0.128661 -0.447971   1.35838
  0.74704    0.1265 -0.449158   1.36654
 0.744656  0.125901 -0.446611   1.35964
 0.746315  0.123958 -0.445669   1.36224
0.746509  0.12505 -0.44643  1.36328
  0.74504  0.129735 -0.450234   1.36355
 0.744853   0.12691 -0.447291   1.36063
 0.746646   0.12782 -0.449652   1.36624
 0.745332  0.128237 -0.449738    1.3636
0.760867 0.156418 -0.46006  1.40503
 0.762639  0.155589 -0.458611   1.40775
0.766316 0.157473 -0.45901  1.41542
 0.767594  0.156653 -0.460231   1.41839
0.770157 0.155656 -0.46053  1.42338
 0.768968  0.122471 -0.440035   1.40693
 0.764859  0.118212 -0.438216   1.39658
 0.769151  0.116224 -0.433881   1.40301
 0.767899  0.118999 -0.436099     1.402
 0.762273  0.114873 -0.438133   1.39042
 0.758086  0.113277 -0.436991   1.38039
  0.76165  0.110888 -0.433931   1.38589
 0.761508  0.112592 -0.435692   1.38683
 0.770458  0.110488 -0.429821   1.40262
 0.765563  0.108486 -0.430104   1.39178
 0.770197  0.105758 -0.425497   1.39882
 0.769821  0.108134 -0.428062   1.39973
 0.764502  0.115725 -0.436236   1.39422
0.765299 0.110474 -0.43228   1.3927
 0.768888  0.113734 -0.432135   1.40101
  0.76603  0.112798 -0.434265   1.39594
 0.760671  0.155992 -0.459839   1.40446
 0.763855  0.153106 -0.454128   1.40792
 0.774206  0.148696 -0.446795   1.42452
 0.777994  0.125051 -0.428577   1.42026
 0.776057  0.133434 -0.435942   1.42108
 0.771594  0.125845 -0.437896   1.41156
 0.776433  0.129638 -0.435393   1.42118
 0.765703  0.130761 -0.448219   1.40517
 0.780234  0.137538 -0.434209   1.42983
0.782824 0.128368  -0.4266  1.43018
 0.786221  0.137861 -0.423302   1.43735
0.782325 0.132422 -0.42426  1.42843
 0.768441  0.152899 -0.461229   1.41962
 0.760844  0.156991 -0.459169   1.40471
 0.760863  0.157153 -0.459329   1.40485
 0.762395  0.156602 -0.456857   1.40668
  0.76177  0.157414 -0.460016   1.40692
0.765034 0.159107 -0.45855  1.41302
  0.76289  0.157729 -0.455553   1.40732
 0.762299  0.155866 -0.458799   1.40715
 0.737337  0.153826 -0.462512   1.35994
 0.760788  0.156254 -0.460014   1.40481
 0.768097  0.161469 -0.456849   1.41866
 0.762026  0.156643 -0.460066    1.4073
 0.764211  0.156816 -0.455216   1.40966
 0.761658  0.156687 -0.459747    1.4065
  0.76038  0.162826 -0.443497   1.39815
 0.761273  0.156381 -0.459068   1.40542
 0.760701   0.15657 -0.460169   1.40476
 0.761189  0.156335 -0.459085   1.40527
 0.762288  0.156444 -0.460187   1.40786
 0.761047  0.155884 -0.459198   1.40494
 0.760951  0.155972 -0.459573   1.40491
 0.76089 0.155694 -0.45946  1.40471
 0.760951  0.156118 -0.459411   1.40486
 0.761086  0.156079 -0.459085     1.405
0.761033 0.156171 -0.45935  1.40502
 0.790348  0.142444 -0.409914   1.44053
 0.796205  0.141436 -0.401242   1.44894
 0.790786  0.150961 -0.403366   1.43993
 0.792005  0.143037 -0.403145   1.44094
 0.805206  0.137995 -0.386212   1.46129
 0.820983  0.140422 -0.364824   1.48835
0.802686 0.155882 -0.38032    1.457
 0.806967  0.142423 -0.376063   1.46228
 0.78952 0.157566 -0.39787  1.43615
  0.79366  0.163165 -0.390948   1.44327
 0.787161  0.169253 -0.399816    1.4342
 0.789972  0.161609 -0.396194   1.43748
 0.797873  0.140657 -0.390234   1.44739
 0.797095  0.154578 -0.387365   1.44772
 0.791543  0.150972 -0.396025    1.4383
 0.796438  0.150553 -0.391396   1.44674
 0.787205  0.145826 -0.408718   1.43365
0.787032 0.150103 -0.40924   1.4345
 0.785095  0.157654 -0.400497   1.42782
 0.783283  0.165006 -0.405231   1.42779
 0.781362  0.154846 -0.418427   1.42783
 0.783604  0.157372 -0.409627   1.42878
 0.73704 0.143555  -0.4564  1.35343
 0.738331  0.142028 -0.456027   1.35558
 0.735075  0.142868 -0.453679   1.34739
 0.732811  0.142801 -0.450888   1.34057
 0.734006  0.140988 -0.450712   1.34259
 0.734509   0.14174 -0.451074     1.344
 0.737025  0.139255 -0.453222   1.35042
 0.735046  0.139355 -0.450454   1.34428
 0.736035  0.137696 -0.450227   1.34589
  0.73653  0.138399 -0.450562   1.34724
 0.736159  0.142292 -0.453655    1.3495
 0.735504  0.140064 -0.450831   1.34559
   0.7372  0.140225 -0.453577   1.35121
0.735984 0.141029 -0.45329  1.34865
0.730849 0.160367 -0.45653  1.34434
 0.730593  0.165168 -0.454786   1.34379
 0.728571  0.160115 -0.452757   1.33697
 0.728271  0.162664 -0.451849   1.33631
  0.72677  0.160699 -0.450533    1.3315
   0.7274  0.161169 -0.451877    1.3342
  0.72905  0.163233 -0.454526   1.33998
 0.729825  0.161746 -0.454527   1.34124
0.765689 0.163341  -0.4533  1.41282
 0.771491  0.157716 -0.455049   1.42411
  0.76309   0.15433 -0.456115   1.40742
 0.750252  0.133109 -0.454609   1.37774
  0.75433  0.130315 -0.453605    1.3852
 0.760696  0.156927 -0.460251   1.40485
 0.765435  0.153318 -0.456784   1.41221
 0.760731  0.157193 -0.460173   1.40494
 0.767883  0.161292 -0.452477   1.41652
 0.763379  0.157058 -0.455379   1.40811
 0.760806  0.157323 -0.459959   1.40503
  0.76238  0.156264 -0.455307   1.40594
 0.761964  0.156711 -0.457472   1.40609
 0.761427  0.157208 -0.458161   1.40541
 0.760627  0.157076 -0.460192    1.4047
 0.762058  0.157172 -0.459006     1.407
0.761019 0.157309 -0.45956  1.40528
 0.761432  0.157186 -0.459699   1.40612
 0.762072  0.156935 -0.455416    1.4055
 0.761236  0.157243 -0.459567    1.4057
0.761336 0.157561 -0.45969  1.40594
 0.760932  0.156984 -0.459136   1.40488
 0.761114    0.1573 -0.459609   1.40548
  0.95897  0.137468 0.0683873   1.72467
0.964478 0.130005 0.034292  1.73641
0.964087 0.132751 0.062373  1.73251
 0.962018  0.141727 0.0633187   1.73251
  0.973104   0.091666 0.00190746    1.75449
     0.97461    0.0210505 -0.000184071      1.75584
 0.972132 0.0839605 0.0468627   1.74637
 0.972484 0.0468117 0.0426087   1.74833
 0.966612  0.121802 0.0685922   1.73542
 0.968666   0.10316 0.0640106   1.73818
   0.9661  0.123207 0.0837344    1.7345
 0.967113  0.110567 0.0782894   1.73578
 0.966592  0.115764 0.0407116   1.73996
 0.969051 0.0932906 0.0601796   1.73924
 0.965888  0.123712 0.0671224    1.7355
 0.968121  0.113146 0.0429931   1.73918
 0.866732  0.365373 0.0887839    1.5717
0.873602 0.350366 0.121718   1.5849
0.856686 0.370008 0.104803  1.55325
0.861421 0.359677 0.121895  1.56192
0.850418  0.37258 0.122025  1.54387
0.855371 0.361908 0.115624   1.5482
0.865651 0.354668 0.117511  1.56788
0.864911 0.356594 0.101325  1.56517
  0.812425   0.420408 -0.0958794    1.48105
0.821232 0.401002 -0.11551  1.49259
  0.833219    0.39953 -0.0870173    1.51471
  0.820321   0.399961 -0.0970147    1.48718
  0.83445   0.38046 -0.133001   1.51606
  0.855745   0.377435 -0.0822812    1.55565
  0.837657   0.387457 -0.0923232    1.51996
 0.832164   0.38049 -0.109953   1.50683
  0.874176   0.343973 -0.0759807    1.58239
 0.967105   0.13045 0.0341248   1.73792
 0.966547   0.13646 0.0387238   1.73659
 0.966843  0.136859 0.0314403   1.73692
0.966826 0.137942 0.035685  1.73751
0.965909 0.141175 0.024885  1.73366
 0.965395  0.146495 0.0332214   1.73376
 0.965389  0.147163 0.0421588   1.73406
 0.961166   0.13961 -0.102481   1.72777
  0.963539    0.15467 -0.0794441    1.73327
 0.966944  0.141969 0.0217953   1.73677
  0.96699  0.140031 0.0240255   1.73652
0.967947 0.135402 0.018446  1.73943
 0.968649  0.131033 0.0164331   1.74112
 0.968265  0.131003 0.0217173   1.74033
 0.968179  0.130201 0.0178519   1.73985
 0.967257  0.137518 0.0297648   1.73814
 0.967987  0.131436 0.0272079   1.73991
 0.967671  0.131428 0.0325967   1.73942
 0.967448   0.13079 0.0283577   1.73851
 0.967705  0.134966 0.0195507   1.73867
 0.967784  0.130735 0.0225034   1.73911
 0.967079  0.136541 0.0230455   1.73734
 0.967685  0.135292 0.0231606   1.73884
 0.968454  0.129927 0.0123878   1.74034
 0.967857  0.134838 0.0154553   1.73895
  0.968021   0.134164 0.00814567    1.73909
   0.9681  0.135964 0.0127865   1.73978
    0.966898      0.13596 -0.000639423      1.73569
  0.966578   0.142904 0.00898387    1.73601
 0.966671  0.143673 0.0172921   1.73635
  0.969592   0.126088 -0.0100418    1.74244
   0.969047     0.12937 -0.00765114     1.74114
  0.969197   0.127065 -0.0142802     1.7412
  0.969273   0.130089 -0.0106564    1.74189
  0.968633   0.134315 -0.0147323    1.73985
  0.968129   0.131555 -0.0150362    1.73879
   0.968142     0.13497 -0.00773982     1.73915
 0.962424  0.153075 0.0602345   1.72617
  0.968539   0.137867 -0.0220162    1.74052
  0.969052   0.136123 -0.0173178    1.74137
  0.969673   0.127949 -0.0256633    1.74277
  0.970461   0.124692 -0.0284193    1.74466
 0.970406  0.124969 -0.022965   1.74445
 0.970021  0.123838 -0.024918   1.74335
   0.96953   0.127322 -0.0160166    1.74216
  0.970248    0.12539 -0.0175934    1.74404
  0.970059   0.126831 -0.0121681    1.74373
 0.969794    0.1247 -0.015525   1.74278
  0.969534   0.127045 -0.0216123    1.74214
  0.969976   0.123953 -0.0200399    1.74318
  0.969486   0.126315 -0.0179123    1.74186
  0.969706   0.127323 -0.0204983    1.74267
  0.970038   0.123234 -0.0304336    1.74343
  0.969444   0.127596 -0.0266806    1.74208
  0.969454   0.126174 -0.0332395    1.74206
   0.96963   0.127692 -0.0315797    1.74277
  0.968362    0.13056 -0.0364383    1.73945
  0.968127   0.132526 -0.0348364    1.73927
  0.968159   0.137151 -0.0280748     1.7397
   0.97014    0.11839 -0.0535701    1.74396
  0.969458   0.123838 -0.0495991    1.74249
  0.969309   0.121509 -0.0561688    1.74209
  0.969622   0.122098 -0.0555402    1.74305
  0.968185   0.132733 -0.0573634     1.7402
  0.968143   0.123149 -0.0564479    1.73921
  0.968149   0.129859 -0.0518693    1.73982
 0.963851  0.152386 0.0326812   1.72876
  0.967398   0.127701 -0.0737553    1.73886
  0.968119    0.13264 -0.0656403    1.74065
  0.968849   0.120089 -0.0776299    1.74224
  0.970458   0.114143 -0.0818911     1.7462
  0.970784   0.114439 -0.0734671    1.74637
  0.969621   0.114592 -0.0747395    1.74354
0.969455  0.11966  -0.0617  1.74261
  0.970838   0.115599 -0.0656958     1.7461
  0.970802   0.117639 -0.0587051    1.74584
   0.97009   0.116463 -0.0600833    1.74394
  0.968734   0.121617 -0.0700677    1.74149
  0.969955   0.115191 -0.0669608    1.74389
  0.969211   0.121882 -0.0613118    1.74216
 0.969234  0.120307 -0.069713   1.74267
 0.958711  0.194041 0.0204812   1.72186
 0.961743  0.156069 -0.129606   1.73644
 0.953216  0.156562 -0.161867   1.72094
 0.960833  0.136922 -0.138927   1.73214
0.956904 0.140328 -0.15623  1.72598
 0.959658  0.126786 -0.153709   1.73009
 0.958733  0.130336 -0.154278   1.72854
 0.955242  0.145546 -0.159634   1.72363
  0.95861  0.154538 -0.150206   1.73173
 0.957254   0.16739 0.0742963   1.71524
 0.948887  0.140409 -0.197665    1.7142
 0.949376  0.146211 -0.188854   1.71469
 0.947129    0.1492 -0.196769   1.71143
  0.94851  0.141559 -0.195357    1.7132
 0.944729  0.175804 -0.198954   1.71192
 0.947126  0.147602 -0.188484   1.70966
 0.947615  0.149867 -0.187522   1.71102
  0.967321   0.146385 -0.0381729    1.73844
 0.792024  0.391264 -0.208779   1.44486
  0.80018  0.371516 -0.219843   1.45569
 0.810419  0.376872 -0.196899   1.47437
 0.798847  0.374443 -0.205418   1.44989
 0.812216  0.355402 -0.232796   1.47976
 0.830336  0.363309 -0.191871    1.5124
0.814642 0.367633 -0.20159   1.4814
0.809705  0.35989  -0.2129  1.47007
  0.881355    0.34871 -0.0128874    1.59439
 0.786518  0.323335 -0.307537   1.43681
 0.806271  0.333654 -0.275856   1.47202
 0.777731  0.334907 -0.298331    1.4178
0.787919 0.341464 -0.28078  1.43581
 0.772062  0.350557 -0.292156    1.4104
 0.777121  0.338557 -0.287472   1.41365
 0.790769  0.335025 -0.285552   1.44186
 0.784889  0.328907 -0.293053   1.42936
 0.958918   0.17508 -0.100083   1.72853
 0.934905  0.235478 -0.140589   1.68992
 0.918032  0.176111 -0.280492   1.66822
 0.919159  0.182653 -0.270948   1.67007
 0.915417  0.186991 -0.279769    1.6651
 0.917418  0.178148 -0.277434   1.66698
  0.91235  0.210559 -0.281548   1.66565
0.915316 0.187392 -0.27299  1.66375
 0.916267  0.189874 -0.271705   1.66615
 0.754213  0.309673 -0.349542   1.37972
 0.759418  0.297856 -0.351795   1.38712
 0.766659  0.305623 -0.339769    1.3998
 0.758115   0.30161 -0.344544   1.38223
 0.767105  0.290198 -0.357785   1.40462
 0.781079  0.303661 -0.336265   1.42951
 0.769043  0.301601 -0.343007   1.40568
 0.765463  0.295726 -0.348006    1.3981
 0.930804  0.216216 -0.198528    1.6879
 0.877789  0.225135 -0.337409   1.60927
 0.884456  0.228377 -0.330398   1.62285
 0.876849  0.216684 -0.346314   1.60662
 0.876944  0.211742 -0.354181   1.60721
 0.883332  0.206696 -0.344984    1.6169
0.878463 0.212025 -0.34785  1.60818
  0.89064  0.204162 -0.324527   1.62665
 0.889346  0.201275 -0.335783   1.62585
 0.895048  0.195217 -0.326587   1.63414
 0.891401  0.201894 -0.329472   1.62837
  0.87989  0.219654 -0.338883   1.61149
  0.88503  0.207107 -0.338684   1.61843
   0.8887  0.214431 -0.326336   1.62542
 0.883501  0.211223 -0.336166   1.61629
  0.74231  0.272966 -0.386361   1.35912
0.747214 0.264262  -0.3868  1.36683
  0.75194  0.271696 -0.378708   1.37499
 0.745453  0.267668 -0.381925    1.3616
 0.754156  0.259467 -0.391804   1.38349
 0.763403  0.272837 -0.376899    1.3998
 0.754023  0.269479 -0.381389   1.38088
 0.752351  0.264331 -0.384514   1.37719
0.762488 0.346287 -0.29701  1.38994
 0.757291  0.336316 -0.312732   1.38098
 0.771324  0.330774 -0.302828   1.40405
 0.765958  0.341139 -0.308729   1.39983
  0.75332  0.325768 -0.327251   1.37433
0.749762 0.315333 -0.34025  1.36834
  0.76308  0.311573 -0.330202   1.39022
 0.757855  0.320137 -0.336955   1.38587
 0.778079  0.320594 -0.312493   1.41929
 0.777656  0.311951 -0.317764   1.41716
0.761798 0.330631 -0.32358  1.39272
 0.768883  0.316754 -0.326161   1.40293
 0.774252  0.325665 -0.313076   1.41242
0.766626 0.321121 -0.31801  1.39625
  0.85299  0.232804 -0.370605   1.56879
 0.857646  0.234754 -0.365937   1.57783
 0.852676  0.227837 -0.378805   1.56871
 0.853231  0.224405 -0.384542   1.57002
 0.858931  0.221435 -0.377508   1.57884
0.854208  0.22446 -0.37985  1.57009
 0.863988  0.222926 -0.364442   1.58657
 0.864702  0.218712 -0.370321   1.58798
  0.87062  0.215138 -0.362571   1.59714
 0.865688  0.218855 -0.365198   1.58803
 0.854859  0.229612 -0.373644   1.57187
  0.85973  0.221581 -0.372879   1.57862
 0.860823  0.226856 -0.365747   1.58098
 0.858241  0.224856 -0.371927   1.57723
 0.817289  0.237661 -0.408738   1.51001
 0.822912  0.235881 -0.411029    1.5209
  0.82805  0.232488 -0.410106   1.52889
 0.828566  0.235925 -0.404825   1.52991
 0.826467  0.234478 -0.409328   1.52707
 0.828703   0.24094 -0.398022   1.52989
0.820535 0.238082 -0.40892  1.51634
 0.826213  0.240688 -0.404176   1.52719
 0.871541  0.245745 -0.308319   1.59137
 0.810725  0.229974 -0.424624   1.50043
   0.8073  0.231521 -0.423213    1.4947
0.808488 0.230494 -0.42193  1.49543
 0.813302   0.23087 -0.424927   1.50539
 0.815533  0.231086 -0.424603   1.50877
 0.813837  0.232419 -0.422536   1.50591
0.814536 0.231329 -0.42437  1.50786
 0.810755  0.234151 -0.417035   1.49885
 0.812308  0.231509 -0.424738   1.50375
0.811369 0.232712 -0.41962   1.5011
 0.813216  0.232763 -0.422842   1.50509
 0.746293  0.305431 -0.352682   1.36288
 0.742802  0.296135 -0.362896   1.35689
 0.754142  0.293797 -0.354937   1.37589
0.749966   0.3005  -0.3604  1.37235
 0.740291  0.286767 -0.372139   1.35268
 0.738227  0.277829 -0.380354   1.34927
 0.748728  0.276484 -0.372744   1.36693
 0.744654  0.281797 -0.378399   1.36309
 0.759995  0.286826 -0.361335   1.38983
 0.760343  0.279894 -0.364491   1.38959
0.747153 0.291012 -0.36993  1.36748
 0.753325  0.281011 -0.370076   1.37692
 0.756958  0.289399 -0.361503   1.38332
0.750941  0.28488 -0.36487  1.37058
0.915959  0.18148 0.267643  1.64246
0.915287  0.16123 0.239183  1.64237
0.909301 0.138206 0.217671  1.63669
  0.795789 -0.0150946   0.294919    1.40953
0.880063 0.268038 0.343211  1.60782
 0.814668 -0.239499  0.117696   1.50665
0.910853 0.236129 0.267135  1.64897
 0.844066 -0.029051  0.259746   1.51466
 0.85613 0.199489 0.393815  1.56464
 0.92145 0.149835 0.277323  1.65652
0.902242 0.248943 0.296437  1.63746
0.924031 0.154816 0.290665  1.66356
0.925203 0.153399 0.294624  1.66724
0.859488 0.272321 0.258651  1.55728
0.859343 0.279376 0.250781  1.55677
0.866049 0.276505 0.251639  1.56896
0.862027 0.278371 0.254111  1.56361
0.859214 0.286625 0.242426   1.5564
0.858845 0.293836 0.233434  1.55544
0.866142 0.289189 0.233695  1.56841
0.861819 0.292903 0.237147  1.56298
0.872484 0.277633 0.245144  1.58022
0.873963 0.280749 0.236039  1.58225
0.862034 0.285608 0.245773   1.5635
0.867833   0.2877  0.23905  1.57311
0.868057 0.281603 0.247432  1.57406
0.865848 0.283402 0.242774   1.5684
0.924635 0.137912 0.278386  1.66631
0.918686 0.153225 0.306425  1.65739
0.924025 0.121554 0.268541  1.66515
0.927374 0.156214 0.285254  1.66974
0.923118 0.111939 0.283936  1.66721
0.916181 0.149763 0.286435   1.6472
 0.929622 0.0665492  0.251523    1.6718
 0.941556 0.0243335   0.23725   1.69537
 0.934434 0.0410308  0.250721    1.6817
 0.935196 0.0371694   0.25583   1.68515
 0.925005 0.0507359  0.275643    1.6669
 0.921427 0.0579726  0.279643   1.65998
 0.930361 0.0573468  0.268633   1.67808
0.927346 0.151073  0.28267  1.67063
0.874745 0.276428 0.249702  1.58608
0.876057 0.264403  0.26453  1.58972
0.867702 0.274886 0.255846  1.57334
0.868613 0.267641 0.263337  1.57557
0.862234 0.271136 0.261781  1.56418
0.865926 0.269888  0.25919  1.56901
0.872095  0.26687 0.261444  1.58082
0.872633 0.270836  0.25356  1.58105
 0.920644 0.0743832  0.295808   1.66441
 0.924717 0.0896881  0.277086   1.66928
 0.918385 0.0878642  0.282912   1.65571
0.893741  0.14319 0.232961  1.60855
0.893569 0.165686 0.230258  1.60546
0.913731 0.139626 0.254179  1.64022
0.904407 0.141316 0.230047  1.62587
0.921433 0.154115 0.295646  1.65909
0.916192 0.150314 0.282376  1.64658
0.921109  0.13714 0.249379  1.65427
0.914394 0.191282 0.285082  1.65644
0.895024 0.221333 0.313372    1.623
0.918433 0.146862 0.300279  1.65669
0.914898  0.12028 0.213712  1.64348
0.921769 0.155178 0.291597  1.65879
0.914096 0.131942 0.213374  1.64854
0.909106 0.168948 0.314564  1.64346
0.924453 0.159696 0.233141  1.66345
0.908795 0.210209 0.277645  1.65165
0.925938 0.168509 0.216425  1.66236
0.922946 0.136544 0.245667  1.65841
0.936101 0.132813 0.154143    1.691
0.923172  0.20573 0.140766  1.65193
 0.902664 0.0318129  0.229875   1.62985
0.933738 0.201489 0.208289  1.67574
0.932467 0.171092 0.211243  1.67877
0.934621  0.18028 0.219303   1.6761
0.872482 0.250904 0.277597  1.58131
0.873789  0.25439 0.269926  1.58305
0.866205 0.248949 0.283069   1.5704
0.859419 0.243175  0.28794  1.55804
0.859267 0.250544 0.281334   1.5575
0.861862  0.24926 0.284286  1.56408
0.866364 0.261913 0.267837  1.56995
0.859274 0.257859 0.274154  1.55728
0.859325 0.264803 0.266491  1.55702
0.861997 0.263678 0.269956  1.56391
0.868095 0.253888  0.27969  1.57513
 0.86194  0.25662 0.277296  1.56405
0.867868 0.260058 0.272668  1.57415
0.865953 0.256059 0.275527  1.56971
0.867829  0.17213 0.323977  1.57454
0.873968 0.181683  0.33012  1.58755
0.874545 0.171758 0.332676    1.589
  0.8724 0.175565 0.330113  1.58391
0.880632 0.181909 0.326288  1.59791
0.885519 0.164251 0.332764  1.60828
0.880736 0.167247 0.334346  1.59916
0.879175 0.170507 0.331561  1.59526
0.879953 0.179049 0.327934  1.59748
0.865176 0.173959 0.323334   1.5685
0.863783  0.18349  0.32212  1.56633
 0.87182 0.184842 0.328175  1.58261
0.866648  0.18157 0.323089  1.57292
0.862408 0.192767 0.319469  1.56394
0.861332 0.201852 0.315581  1.56197
0.870086 0.201429 0.319205  1.57894
 0.86447 0.199795 0.317501  1.56945
0.878229 0.185367  0.32269  1.59192
0.879536 0.191213 0.316766  1.59416
0.865462 0.190741 0.320998  1.57112
0.872199 0.198001  0.32291  1.58411
   0.873 0.189913 0.327397  1.58604
0.870658 0.193474 0.324272  1.58044
 0.92073 0.134337  0.28867  1.66036
0.887017 0.278785 0.236289  1.60928
0.922607 0.146592   0.2935  1.66279
0.913879 0.200403  0.26022   1.6592
0.915685  0.13245 0.299142  1.65302
0.913913 0.187501 0.254993  1.65462
 0.92841  0.15213 0.281817  1.67329
0.918537 0.149401 0.281693  1.65115
 0.90824 0.175918 0.261987   1.6364
0.913371 0.139128 0.258507  1.63971
0.906553 0.129218  0.23372   1.6278
0.902598 0.139773 0.245063    1.623
0.913689 0.188286 0.257121  1.65165
0.906821 0.131331 0.226509   1.6279
0.903452 0.180628 0.280759  1.61788
0.907502 0.160578 0.253337  1.62686
0.910818 0.140125  0.25906  1.63501
0.908139 0.172955 0.276908  1.62559
0.906181 0.157863 0.265176  1.62662
0.898465 0.184354 0.269511  1.60857
0.906309 0.177013 0.279421  1.62188
  0.76313  0.121195 -0.440506   1.39467
  0.76464  0.124178 -0.442575   1.39941
 0.756959  0.124411 -0.445733   1.38512
 0.761039  0.117383 -0.439468   1.38894
 0.757321  0.119425 -0.442625   1.38319
 0.757993  0.114902 -0.438579   1.38134
 0.758642  0.116963 -0.441118   1.38473
 0.758422  0.122172 -0.443195   1.38638
 0.761741  0.120444 -0.441853   1.39237
  0.77177  0.144555 -0.456038   1.42333
 0.752699  0.126588 -0.449463    1.3787
0.748299 0.130205 -0.45158  1.37137
 0.750588  0.124283 -0.447447    1.3726
 0.748154  0.126511 -0.448561   1.36852
 0.748332  0.123154 -0.445335   1.36615
 0.748875  0.124681 -0.447762   1.36924
 0.748971  0.128221 -0.449973   1.37147
 0.751458  0.126434 -0.449376   1.37603
 0.766755  0.155181 -0.460558   1.41652
  0.77175  0.132031 -0.445912   1.41691
 0.772526  0.136705 -0.443132   1.41783
 0.741064  0.137917 -0.453761   1.35902
 0.741832  0.136537 -0.454002   1.36051
0.738839 0.136334 -0.45197  1.35282
 0.736981  0.136134 -0.449777   1.34728
 0.738182  0.134513 -0.449294   1.34919
 0.738464  0.135372 -0.449748   1.35021
 0.741068  0.133437 -0.451692   1.35679
 0.739378  0.132895 -0.448962    1.3512
 0.740474  0.131265 -0.448573   1.35298
 0.740673  0.132151 -0.449067   1.35384
 0.739857  0.135937 -0.451854    1.3548
 0.739585  0.133721 -0.449399   1.35205
 0.740792  0.134468 -0.451958   1.35657
 0.739947  0.134864 -0.451669   1.35467
 0.737383  0.136944 -0.450212   1.34853
 0.738825  0.137422 -0.452345   1.35324
 0.737971  0.138798 -0.453126   1.35224
 0.737773  0.137674 -0.452603   1.35126
 0.739196   0.14112 -0.456395   1.35742
 0.738853  0.139595 -0.455035   1.35554
 0.739897  0.139009 -0.454224   1.35709
 0.775412  0.160007 -0.436938   1.42511
 0.737087  0.144831 -0.457123   1.35424
 0.734908  0.148799 -0.457135   1.35057
 0.735068  0.143927 -0.453984   1.34778
 0.733786  0.146008 -0.453988   1.34552
0.733263 0.143628 -0.45133  1.34193
  0.73373   0.14467 -0.453621    1.3449
 0.734502   0.14706 -0.456245    1.3488
 0.736035  0.145648 -0.455923   1.35148
 0.781662  0.176716 -0.410915   1.42841
 0.778007  0.163001 -0.420047   1.42311
 0.778789  0.168163 -0.419642   1.42517
  0.73328  0.152105 -0.457572   1.34818
 0.731935  0.156435 -0.456821   1.34587
 0.731148   0.15144 -0.454156   1.34131
 0.73027  0.15374 -0.45376   1.3397
  0.72933   0.15149 -0.451717   1.33559
 0.729869  0.152314 -0.453573   1.33845
 0.731021  0.154591 -0.456216   1.34319
 0.732244  0.153165 -0.456038   1.34529
 0.792015  0.197434 -0.454481   1.46915
 0.793759  0.199168 -0.457587   1.47386
 0.793028    0.2051 -0.453298   1.47301
   0.7925  0.206388 -0.448987   1.47064
 0.786787  0.198149 -0.460166   1.46172
  0.79055  0.202953 -0.457815   1.46952
 0.730112  0.169846 -0.453601   1.34317
 0.730974  0.175172 -0.450792   1.34443
 0.727671  0.170042 -0.449474   1.33529
 0.72796 0.172826 -0.44803  1.33559
 0.725888   0.17121 -0.447491   1.33013
 0.726619  0.171274 -0.448279   1.33261
 0.728772  0.173129 -0.450894   1.33943
 0.729096  0.171558 -0.451079   1.33984
 0.770674  0.160507 -0.442228   1.41782
  0.72932  0.179248 -0.448798   1.34079
 0.729875  0.177402 -0.448888   1.34154
 0.727092   0.17999 -0.444573    1.3334
  0.72434  0.181862 -0.442882   1.32663
 0.724376  0.178696 -0.444202   1.32675
 0.726078  0.179983 -0.444117   1.33049
 0.726914  0.174126 -0.447258   1.33328
 0.724364  0.175701 -0.445353   1.32673
 0.724433  0.172784 -0.446497    1.3269
 0.725994  0.173971 -0.446434   1.33032
 0.728278  0.178519 -0.445515   1.33604
 0.725969  0.176967 -0.445319   1.33029
 0.727938  0.175504 -0.447079   1.33562
0.726821 0.176904 -0.44583  1.33284
 0.736449  0.150969 -0.461407   1.35684
 0.739038  0.148204 -0.460925   1.36133
 0.724843  0.196938 -0.436207   1.32743
 0.724543  0.192816 -0.438201   1.32695
 0.728335  0.193878 -0.437492   1.33512
 0.726924  0.194508 -0.437963   1.33211
   0.7244  0.188969 -0.439906    1.3267
 0.724275  0.185234 -0.441525    1.3265
 0.727588  0.186475 -0.441315     1.334
 0.726355   0.18679 -0.441378   1.33105
 0.731058  0.192346 -0.442065   1.34354
 0.731463  0.190055 -0.442284   1.34392
 0.726559  0.190568 -0.439743   1.33143
 0.729008  0.188192 -0.440977   1.33717
 0.729758  0.191935 -0.438855   1.33835
0.727713 0.189949 -0.43941  1.33396
 0.734779  0.170077 -0.460114   1.35696
 0.800232  0.229833 -0.423328   1.48071
 0.788892  0.229742 -0.416823   1.45431
 0.791904  0.233802 -0.415998   1.46114
 0.736206  0.180068 -0.455945    1.3598
 0.738563  0.201995 -0.442316   1.36217
0.736995 0.197754 -0.44346  1.35851
0.735397 0.209073 -0.43214  1.35112
 0.735655  0.206151 -0.432562   1.35109
 0.731888  0.211463 -0.426687   1.34079
 0.727354  0.215937 -0.425691   1.33158
 0.726612  0.210914 -0.428696   1.33039
0.729852 0.212906 -0.42815  1.33728
 0.730075   0.20215 -0.432484   1.33788
 0.725867  0.206024 -0.431391    1.3291
 0.725411  0.201324 -0.433929    1.3284
 0.728296   0.20319 -0.433492   1.33455
 0.733597  0.208943 -0.428654   1.34475
 0.728954  0.208044 -0.430955   1.33573
 0.732193  0.204254 -0.431816   1.34245
  0.73068  0.206557 -0.429642   1.33863
 0.747853  0.207781 -0.439887   1.38164
 0.741105  0.230003 -0.416874   1.36035
 0.741733  0.226062 -0.417733   1.36096
 0.736669  0.232949 -0.411277   1.34809
 0.730652  0.239106 -0.410814   1.33683
  0.72985  0.232819 -0.414974   1.33556
  0.73402  0.235384 -0.414168   1.34449
 0.734503  0.221592 -0.419381   1.34483
 0.729096  0.226913 -0.418746   1.33437
 0.728266  0.221263 -0.422367   1.33306
 0.732038  0.223496 -0.421637   1.34106
 0.738902   0.22987 -0.414139   1.35338
 0.733003  0.229297 -0.418023   1.34271
 0.737166  0.224187 -0.418351   1.35054
  0.73529  0.226928 -0.415581    1.3458
 0.819452   0.26566 -0.359661   1.50454
 0.774982  0.246456 -0.398447   1.42398
0.848515 0.249079 -0.34829  1.55608
 0.801973  0.247799 -0.390681   1.47538
 0.893016  0.241691 -0.278648   1.62924
  0.80803  0.275582 -0.353921   1.48431
0.802711 0.353292 -0.23931  1.45963
0.802472 0.342314  -0.2481   1.4573
 0.793285  0.367127 -0.226097   1.44037
  0.78139  0.387057 -0.215267   1.42148
 0.776272  0.377562 -0.237318   1.41252
 0.786042  0.382507 -0.231677   1.43429
 0.783955  0.348199 -0.265883   1.42463
 0.771939  0.367124 -0.258448   1.40528
 0.767388   0.35648 -0.277986   1.39764
 0.776993  0.361415 -0.272942   1.41867
 0.797072  0.362087 -0.241009   1.45103
 0.781756   0.37205 -0.253056   1.42692
 0.790754  0.353603 -0.260012   1.43977
 0.788211  0.357926 -0.247851   1.43196
 0.912933  0.230957 -0.239883   1.66048
  0.80044  0.418317 -0.104276   1.45461
 0.793525  0.413601 -0.134172     1.442
 0.813478  0.397511 -0.124064   1.47498
 0.804729  0.418068 -0.126178   1.46751
 0.789076  0.405814 -0.163136   1.43421
 0.785231  0.396284 -0.189264   1.42728
 0.804878  0.382408 -0.176209   1.45939
0.795791 0.401766 -0.18238  1.45135
 0.824904  0.379216 -0.140651   1.49522
 0.825387  0.366833 -0.154964   1.49375
 0.800188   0.41079 -0.155588   1.45945
 0.811723  0.388675 -0.167759   1.47557
 0.817772  0.395482 -0.143834   1.48724
 0.808419   0.39158 -0.152958   1.46636
 0.946113   0.19856 -0.158837   1.71182
 0.824053  0.410547 0.0210164   1.49449
   0.818256    0.415812 -0.00856147      1.4844
  0.837294   0.396236 -0.0039189    1.51598
    0.828781     0.417231 -7.90842e-05      1.50855
  0.812913   0.418616 -0.0394646    1.47536
  0.807042   0.419055 -0.0711141     1.4653
  0.828627   0.398571 -0.0618966    1.50094
  0.818585   0.421334 -0.0625214    1.49132
  0.850747   0.378455 -0.0213032    1.53864
  0.852915   0.369499 -0.0422306    1.54111
  0.824003   0.420401 -0.0309833    1.50055
   0.83626   0.401847 -0.0510957    1.51879
  0.841236   0.401084 -0.0229667    1.52791
   0.83286   0.399486 -0.0335082     1.5087
  0.966027    0.14198 -0.0249498    1.73381
0.844232 0.374072 0.117188  1.52973
 0.839505  0.384431 0.0978407   1.52135
0.852096 0.370938  0.09792  1.54243
0.846288 0.383645 0.103802  1.53711
0.834625 0.394405 0.075321  1.51287
  0.82941  0.402404 0.0501447   1.50335
 0.845727  0.384736 0.0537747   1.53064
 0.838211  0.403097 0.0583982   1.52402
 0.860747  0.366176 0.0818186   1.55767
 0.861919  0.365443 0.0631333   1.55887
 0.842517  0.393963 0.0822483   1.53115
 0.850994  0.385602 0.0643378   1.54361
 0.854647   0.37879 0.0849457   1.55053
 0.848661  0.379526 0.0763074   1.53648
 0.96067 0.112291 0.099917  1.72099
0.962204 0.104379 0.140179  1.72789
0.869612  0.33437 0.152471  1.57355
0.870991 0.335494 0.138194  1.57503
0.861685 0.335832 0.164592  1.55943
0.854175 0.335787 0.178654  1.54682
0.852422 0.344324 0.165372  1.54355
0.856768 0.343532  0.16982  1.55407
0.858685 0.351258 0.134442  1.55379
0.850512 0.353429 0.150782  1.54026
0.847826 0.362873 0.134972  1.53555
0.853147 0.361894 0.139851  1.54808
0.864117 0.342728 0.155681   1.5662
0.855326  0.35246 0.155294   1.5517
0.862082 0.350516 0.141514  1.56228
0.860075 0.344253 0.149711  1.55658
0.927081 0.120477 0.265878  1.67183
0.890053 0.333338 0.130423  1.61603
0.872096 0.305648 0.204015  1.57851
0.873418  0.30811 0.193121  1.58011
0.865163  0.30507 0.213371  1.56639
0.858431 0.302163 0.223859  1.55478
0.857552 0.310278 0.214023  1.55307
0.860869 0.309284  0.21758  1.56124
0.864104 0.319161 0.190859   1.5639
0.856549 0.318724 0.203203   1.5512
 0.85537 0.326737 0.191464  1.54881
0.859206  0.32593 0.195743  1.55828
0.867295 0.311334 0.207259  1.57211
0.860175 0.317705 0.206945  1.56006
0.866355 0.318022 0.196907  1.56987
0.864399 0.313014 0.202227  1.56498
0.926769 0.137549 0.276503   1.6711
0.930799 0.115897 0.243032  1.67666
0.911274 0.129601  0.30497  1.64726
0.889051 0.304287 0.191959  1.61241
0.873722   0.2218 0.303848  1.58431
0.874716 0.225871 0.297247  1.58549
0.867687 0.218975 0.309078   1.5742
0.860568 0.211082 0.311115   1.5607
0.859978 0.219367 0.306102  1.55947
0.862764 0.217667 0.308437   1.5663
   0.867 0.233593 0.296448  1.57232
0.859696 0.227459 0.300468  1.55884
0.859487 0.235122 0.294341  1.55822
0.862183 0.233616 0.297118  1.56497
0.869372  0.22434 0.306411  1.57855
0.862451 0.225844 0.302949  1.56564
 0.86861 0.231249 0.300682   1.5766
 0.86693 0.227046 0.302891  1.57266
0.898637 0.119275 0.329956  1.62982
0.904996 0.123316 0.315918  1.63948
0.897799 0.124469 0.327018  1.62686
0.890357 0.118896 0.341671  1.61585
 0.88226 0.124677 0.353107  1.60423
0.885898  0.12959 0.342335  1.60715
0.885448 0.123106 0.341697  1.60507
0.874133   0.1311 0.351187  1.58929
0.866183 0.135353  0.33686  1.57086
0.874212 0.143679 0.344417  1.58861
 0.87116 0.137876 0.345223  1.58133
0.880645 0.148835 0.343425  1.60023
0.885898 0.142236 0.338189  1.60712
0.884544 0.145039 0.335931  1.60366
0.878636 0.130906 0.349023  1.59523
0.878314 0.143122 0.344283  1.59427
0.883866  0.13565 0.338101  1.60173
  0.8808 0.137851 0.348291  1.60066
0.909829  0.15117 0.315507  1.64563
0.892208 0.122076 0.337214  1.61806
0.889282 0.127681 0.335627  1.61142
0.893222 0.132734 0.325006  1.61668
0.889408 0.140364 0.336517  1.61403
0.907641 0.127014 0.311953  1.64099
 0.796965  0.208754 -0.447021   1.47969
  0.79789  0.203082 -0.452333   1.48149
 0.804861  0.205714 -0.445685   1.49329
 0.799461  0.205813 -0.448082   1.48314
 0.797133  0.200074 -0.456208   1.48047
  0.79353  0.193058 -0.450604   1.47003
 0.800843  0.192211 -0.447463   1.48322
 0.79659 0.193855 -0.44949  1.47562
 0.814735  0.200992 -0.442883    1.5107
0.810932 0.190791 -0.44298  1.50146
 0.831656  0.190777 -0.432076   1.53992
 0.816293  0.192703 -0.439528   1.51069
 0.799151   0.20083 -0.453789   1.48346
 0.804469  0.193029 -0.446162   1.48975
 0.806775   0.20195 -0.446548   1.49582
 0.804193  0.199437 -0.451535   1.49254
 0.739479  0.192102 -0.449493   1.36576
 0.964678 0.0684317  0.127504   1.73032
 0.966707  0.114355 0.0939655   1.73571
 0.967183  0.086563 0.0800453   1.73361
 0.970017 0.0231962  0.103807   1.74049
  0.97195 0.0562974 0.0825703   1.74467
  0.971656 -0.0237669  0.0650888    1.74724
 0.972557 0.0478027 0.0727055   1.74602
 0.968554 0.0858418  0.086958   1.73776
 0.969229 0.0717508  0.120958   1.74107
0.927786 0.130011 0.255825  1.67187
 0.761415  0.156277 -0.459108   1.40572
 0.761026  0.155749 -0.459287   1.40492
0.761867  0.15654 -0.45998    1.407
 0.760796   0.15597 -0.459803    1.4047
 0.760737  0.156237 -0.460007   1.40471
0.760873 0.155812 -0.45959  1.40474
 0.760769   0.15578 -0.459647   1.40456
 0.762661  0.154705 -0.456451    1.4067
  0.76331  0.153628 -0.454262   1.40689
 0.743828  0.139144 -0.458498   1.36784
 0.747429   0.13636 -0.457544   1.37425
0.763449 0.159906 -0.45868  1.41012
 0.764733  0.154079 -0.455697   1.41039
 0.767722  0.154009 -0.462826   1.41934
 0.762471  0.153379 -0.456353   1.40607
 0.759234  0.128208 -0.449025   1.39227
 0.764001   0.12802 -0.447347   1.40135
 0.762421  0.154543 -0.458694    1.4072
 0.762988  0.151972 -0.454459   1.40606
 0.769694  0.151116 -0.462612   1.42271
 0.749307  0.136209 -0.456837   1.37763
 0.770226  0.147236 -0.455857   1.42004
 0.760892   0.15724 -0.459627   1.40504
 0.760901  0.157451 -0.459854   1.40519
  0.76157  0.157556 -0.459398   1.40626
 0.760729  0.157344 -0.460089   1.40492
 0.764364  0.159833 -0.458788    1.4119
 0.762511  0.160112 -0.459015    1.4084
 0.760578  0.156682 -0.460152   1.40452
 0.762199  0.154893 -0.458777   1.40678
 0.760607  0.156307 -0.460017   1.40446
 0.762029  0.156045 -0.460283   1.40729
 0.761741  0.156301 -0.460028   1.40671
 0.766098  0.151531 -0.466847   1.41748
 0.761368  0.156067 -0.459138   1.40559
 0.760231  0.155965 -0.459305   1.40343
 0.761206  0.155914 -0.459034   1.40521
 0.760858  0.155625 -0.459292   1.40459
 0.760564  0.155928 -0.459569   1.40416
 0.760963   0.15578 -0.459383   1.40483
 0.761145  0.155967 -0.459145   1.40514
 0.760713  0.155605 -0.459358   1.40432
 0.775158  0.160493 -0.427676   1.42054
 0.733396  0.158389 -0.461461   1.35226
 0.735507  0.155596 -0.461129    1.3558
 0.740947  0.143315 -0.460123   1.36365
 0.743159  0.151593 -0.469186   1.37377
 0.762699  0.152926 -0.456237   1.40651
 0.735175  0.161419 -0.462163     1.357
 0.766115  0.161378 -0.460318   1.41615
 0.760487  0.156651 -0.460004   1.40427
 0.76474 0.161561 -0.46073  1.41369
 0.760564  0.157114 -0.460255    1.4046
0.760703 0.157435 -0.46031  1.40495
 0.758343  0.162716 -0.453584   1.39839
 0.762267   0.15774 -0.455968   1.40629
 0.761629   0.15693 -0.456185   1.40495
 0.760939  0.157193 -0.457073   1.40401
 0.760397  0.156731 -0.459993   1.40409
 0.761746  0.157212 -0.457549   1.40578
 0.761038  0.157628 -0.460151   1.40559
 0.761376  0.157606 -0.460091   1.40622
 0.761612  0.158052 -0.456202   1.40512
  0.76119  0.157614 -0.460088   1.40586
 0.761123  0.157673 -0.459769   1.40556
 0.961673  0.149611 0.0910123   1.72648
0.963296 0.141937 0.104601  1.73051
 0.883926  0.355638 0.0644457   1.60465
0.902321 0.271773 0.214067  1.63366
 0.963099  0.155588 0.0799832    1.7296
 0.965958  0.153585 0.0283487   1.73438
  0.965248   0.149009 0.00266264    1.73186
  0.967146   0.146707 0.00171492    1.73666
  0.967051   0.148435 -0.0156734    1.73712
  0.964201   0.153971 -0.0566922    1.73276
 0.959068  0.169289 0.0421694    1.7187
 0.961845   0.17059 0.0369609    1.7259
  0.965755   0.137565 -0.0586653     1.7346
 0.854008  0.345691 -0.179127   1.55603
   0.962585    0.164276 -0.00733691       1.727
  0.96084  0.166776 0.0124541   1.72253
 0.949355  0.155428 -0.152448   1.70979
 0.955559  0.170289 -0.134817   1.72462
 0.938178  0.181178 -0.193779   1.69656
 0.831443  0.322241 -0.263941    1.5213
  0.857193   0.359874 -0.0841603     1.5507
 0.84947 0.343169 -0.11453  1.53081
 0.922299  0.199401 -0.233837   1.67303
 0.903498  0.216079 -0.271929   1.64448
 0.800769  0.301323 -0.328034   1.46963
 0.918009  0.255757 -0.183512   1.66458
0.883599 0.232189 -0.30278  1.61332
 0.780804  0.276421 -0.372282   1.43708
 0.896511  0.271286 -0.228384    1.6309
 0.830975  0.242987 -0.377544   1.52793
 0.843023  0.247817 -0.365895   1.55096
 0.844511  0.277811 -0.319248   1.54691
 0.812712  0.239038 -0.400884   1.49785
 0.822999  0.244947 -0.392484   1.51802
 0.803982  0.234019 -0.422713   1.48921
 0.800351  0.242165 -0.408153   1.47766
0.808834 0.236899  -0.4181  1.49811
0.919057 0.136064 0.200034    1.658
 0.917821 0.0355979   0.10319   1.65819
0.917184 0.122801 0.202588   1.6484
0.886348 0.171834 0.343617   1.6136
0.899293 0.210427 0.306565  1.63564
    0.875136 -0.000875243     0.277376      1.57186
0.896039 0.141622 0.353069  1.63705
0.924763 0.150034 0.274223    1.663
0.893127 0.177735 0.326376  1.62457
0.926614 0.155891 0.287215  1.66846
0.927365  0.15528 0.290298  1.67102
0.927232 0.148958 0.285712  1.67142
0.886067 0.253761 0.268683   1.6079
 0.92884 0.156207 0.285066  1.67283
0.926506 0.126837 0.257306  1.66843
0.919882 0.154649 0.301727  1.65783
 0.945108 0.0469656  0.228452   1.70229
 0.941771 0.0507375  0.244857   1.69844
 0.934091 0.0744712  0.247751   1.68218
 0.943169 0.0760412  0.229872   1.69926
 0.940145 0.0654841  0.231357   1.69156
 0.92944 0.157344  0.28662  1.67465
0.928484 0.153355 0.280555  1.67285
0.929063 0.109248 0.244578  1.67194
0.906025 0.295128 0.136062  1.63597
 0.930539 0.0979918  0.257949   1.67816
0.901347 0.174709 0.275478  1.61615
 0.90765 0.179756 0.273959  1.62765
0.902055 0.142501 0.239759  1.62089
 0.91266 0.181832 0.260168  1.64309
0.919166 0.155828 0.296758  1.65455
0.914398 0.151883 0.287007  1.64405
0.909805 0.193495 0.266721  1.64947
0.927876 0.148806 0.272416   1.6692
0.902629 0.193133 0.289523  1.63895
0.925378 0.132657 0.246107  1.66227
0.919853 0.107048 0.201011  1.65188
0.927038 0.131738 0.238269  1.66851
0.921148 0.112703 0.194782   1.6619
 0.90949 0.143169   0.2704  1.63451
0.928305 0.114462 0.186617  1.67781
 0.911967 0.0527912  0.259673   1.64032
0.905179 0.169197 0.308418  1.64193
  0.908205 -0.0565947    0.16926    1.63953
0.928014 0.116878 0.167588  1.67183
0.916707 0.131701 0.305344  1.66445
0.888611 0.197584 0.311198  1.61109
0.887336 0.160399 0.327192  1.60826
0.887025   0.1757 0.320156  1.60811
0.886646 0.226427 0.294104   1.6089
0.915873 0.143846 0.307353  1.65483
 0.92974 0.155785  0.28448  1.67474
0.892988 0.240395 0.259779  1.61384
0.918773 0.154986 0.301023  1.65493
0.916879 0.187521 0.281741  1.65611
0.914489 0.182434 0.283885  1.64555
0.914285 0.158064 0.312168  1.65119
0.911008 0.139477   0.2633   1.6357
0.904597 0.131193 0.241453  1.62453
0.902848 0.141068 0.252146  1.62376
0.916927 0.185878  0.28529  1.65426
0.904186  0.13326 0.235447   1.6232
0.908583 0.175234 0.283995  1.62809
0.905268 0.160186 0.261566  1.62317
0.909296 0.141157 0.263683  1.63292
0.908078 0.174875 0.283215  1.62693
0.905875 0.159496 0.266821  1.62546
 0.756318  0.131649 -0.451939   1.38838
 0.765874  0.152832 -0.463503   1.41563
 0.764268  0.152312 -0.457218   1.40981
 0.766695  0.140996 -0.458258   1.41323
0.744109 0.141825 -0.45988  1.36976
0.767409 0.163673 -0.44351  1.41232
 0.761708  0.153912 -0.458961   1.40574
 0.740825  0.147265 -0.461713   1.36511
 0.770083  0.164926 -0.429781    1.4118
 0.761596  0.163836 -0.449327    1.4032
 0.773071  0.187616 -0.451248   1.42905
 0.746684  0.144843 -0.466914   1.37852
 0.731921  0.166875 -0.459953   1.35026
 0.733313   0.16392 -0.459911   1.35244
 0.745617  0.187069 -0.459005   1.38053
 0.740949  0.169181 -0.468216   1.37235
 0.732171  0.176639 -0.456369   1.35093
 0.732847   0.17344 -0.456647   1.35175
 0.742297  0.177523 -0.464918   1.37498
 0.734012  0.188127 -0.450512   1.35407
 0.734042  0.184441 -0.451115   1.35359
 0.763656  0.223835 -0.421333   1.40565
 0.756864  0.197005 -0.457714    1.4036
 0.788669  0.209712 -0.448451   1.46438
0.779734 0.202655  -0.4579  1.44918
 0.782125  0.208709 -0.447738   1.45044
0.745769 0.221692 -0.43061  1.37568
 0.744681  0.216107 -0.432003   1.37265
  0.75828  0.209094 -0.439889   1.40013
 0.753936   0.24505 -0.409295   1.38813
 0.753131  0.236809 -0.412579   1.38574
 0.767263  0.250942 -0.403803   1.41527
 0.765111  0.271218 -0.379858   1.40528
 0.763016  0.261266 -0.385184   1.40024
 0.791467  0.255138 -0.390284   1.45798
 0.781752  0.298697 -0.338715   1.43154
 0.776578  0.287545 -0.347082   1.42015
  0.80584   0.32505 -0.280069   1.47045
 0.796831  0.313404 -0.292337   1.45068
 0.871556  0.281849 -0.272965   1.59215
   0.8607  0.268572 -0.311319    1.5774
 0.832979  0.349878 -0.192327   1.51269
 0.827868  0.333977 -0.210494   1.49974
 0.947552  0.212981 -0.100479   1.70838
  0.90249  0.294377 -0.139724   1.63224
  0.960878   0.160912 -0.0569798    1.72514
0.927668 0.218458 -0.17846  1.67605
 0.873283  0.352472 0.0447174   1.57776
    0.87597     0.35405 -0.00488985      1.5857
0.878752 0.336647 0.118885  1.58955
 0.879615  0.338242 0.0876389   1.58946
0.957683 0.154288 0.125081  1.71924
 0.953014   0.20361 0.0614406   1.70989
 0.960224  0.172236 0.0661248   1.72307
0.883167 0.305397 0.179757  1.59688
0.886073 0.308921 0.154594  1.60086
0.897939 0.279131 0.178675  1.61898
0.882088 0.280821 0.225679  1.59612
0.884994 0.288324 0.203618  1.60049
0.880913 0.257069 0.260905  1.59508
0.882988 0.264023 0.244777  1.59768
0.927679 0.143061 0.270549   1.6721
0.881206 0.230721 0.288702   1.5962
0.882489 0.238091 0.275771  1.59728
0.883787 0.201508 0.310488   1.6014
0.883339 0.209621  0.29995  1.59886
0.893924 0.154747  0.32756  1.62256
 0.92733 0.145179 0.268638   1.6705
  0.77982  0.235268 -0.413943   1.43926
 0.793105  0.214864 -0.440136   1.47022
 0.797866  0.219708 -0.435278   1.47902
0.798746 0.224443 -0.42941   1.4792
 0.801273  0.227911 -0.426051   1.48379
 0.791093   0.22531 -0.425668   1.46247
 0.796825  0.222401 -0.430079   1.47486
 0.769921    0.2155 -0.433651   1.42269
 0.790222  0.195486 -0.456891   1.46628
 0.780331  0.191753 -0.448249   1.44366
 0.788489  0.196286 -0.458989   1.46409
 0.955491 0.0565907  0.157538   1.71279
 0.95166  0.04253 0.192191  1.70879
 0.946876 0.0272129  0.191398   1.69646
 0.947095 0.0618366  0.197166   1.69894
 0.950868 0.0632673  0.186032   1.70634
 0.92718 0.148741  0.26833   1.6705
0.943421 0.097918 0.197159  1.69228
0.960922 0.127909 0.114398  1.72337
 0.761513  0.155958 -0.459324   1.40595
 0.761073  0.155652 -0.459147   1.40495
 0.760928  0.155558 -0.459259    1.4047
 0.761883  0.156133 -0.460366   1.40712
 0.762212  0.155792 -0.460527   1.40776
 0.760493  0.156256 -0.459769   1.40413
  0.76453  0.162981 -0.459191    1.4128
 0.761329   0.15562 -0.459552   1.40563
  0.75133   0.14022 -0.464124   1.38563
 0.761601  0.155961 -0.460467   1.40656
 0.763211  0.151358 -0.454784   1.40666
 0.757489  0.137254 -0.461089   1.39612
0.759826 0.156545 -0.45889  1.40254
 0.764484  0.151423 -0.459229   1.41107
 0.766458  0.148754 -0.463868   1.41619
0.759309 0.149623 -0.45766  1.39989
 0.761595  0.137629 -0.461267   1.40424
 0.772697  0.139322 -0.447452   1.42024
 0.765937  0.138663 -0.459684   1.41262
 0.761913  0.150583 -0.455262   1.40406
 0.760958  0.157562 -0.460232   1.40545
 0.760821  0.157533 -0.460215   1.40516
 0.760944  0.157392 -0.458808   1.40477
0.760565 0.157224 -0.46019  1.40459
0.763563 0.162084 -0.46115  1.41159
 0.760096  0.156459 -0.459205   1.40315
 0.760378  0.156333 -0.459769   1.40391
 0.761748  0.155449 -0.460695   1.40681
  0.76274  0.161922 -0.461498   1.41019
 0.760416  0.155988 -0.459592   1.40387
0.761172 0.154983 -0.46128  1.40586
0.760533 0.155737 -0.45946  1.40402
  0.76067  0.155575 -0.459454    1.4043
 0.760693   0.15571 -0.459414   1.40432
 0.761192  0.155735 -0.459131    1.4052
 0.760186  0.155868 -0.459392   1.40335
 0.761302  0.155745 -0.459398   1.40551
 0.760928  0.155513 -0.459424   1.40477
 0.766409  0.163753 -0.436761   1.40747
 0.741559  0.161664 -0.469666   1.37287
 0.749286  0.153712 -0.477667   1.38994
 0.764838   0.16305 -0.448101   1.40914
 0.763953  0.162982 -0.456178   1.41061
 0.761754  0.152152 -0.456591   1.40458
 0.763334  0.162768 -0.460706   1.41113
 0.760203  0.156651 -0.459325   1.40342
 0.760425  0.157148 -0.459563   1.40402
 0.761739   0.16353 -0.456989   1.40656
 0.761966  0.159955 -0.459033   1.40739
 0.761242  0.157909 -0.456695   1.40462
 0.760612  0.157338 -0.459394   1.40435
  0.76176  0.162992 -0.461268   1.40822
 0.761203  0.157307 -0.456338   1.40423
 0.761129  0.157475 -0.458269   1.40491
 0.760999  0.157646 -0.459943    1.4054
 0.760442  0.157715 -0.457405   1.40332
 0.760803  0.157591 -0.460015   1.40502
 0.760645  0.157464 -0.458916   1.40422
 0.959445  0.168574 0.0942346   1.72248
 0.903016  0.315029 0.0891549   1.63202
 0.901613  0.323256 0.0321676   1.62853
0.897079 0.296727 0.119869  1.61436
  0.963242   0.168556 0.00565984    1.72923
 0.893375  0.311244 0.0548452   1.60609
  0.963582   0.172252 -0.0257106    1.73174
  0.958331   0.195826 -0.0119544     1.7219
   0.95816   0.198674 -0.0507692    1.72564
  0.95465  0.203078 0.0207399   1.71325
  0.954642   0.184853 -0.0993847    1.71973
 0.943151  0.196912 -0.136922   1.69987
 0.885617  0.334373 -0.141482   1.61264
 0.936207  0.252505 -0.090606    1.6896
 0.872845  0.317348 -0.209176   1.59042
  0.947083    0.22743 -0.0505612    1.70463
 0.908496  0.237521 -0.221485   1.64681
 0.885551  0.254094 -0.265671   1.61199
 0.837929  0.308374 -0.264648   1.52574
 0.890316  0.276638 -0.205002   1.61223
 0.807671  0.288655 -0.322251   1.47387
 0.85568 0.298176 -0.25485   1.5587
 0.826224  0.247257 -0.379997   1.51993
 0.806965  0.244017 -0.401839   1.48925
0.830855 0.292719 -0.30886  1.52171
 0.838308  0.266546 -0.349974   1.54265
0.922206 0.107839 0.191859  1.65806
 0.924333 0.0479974  0.192774    1.6637
0.923852 0.086875 0.225054  1.66362
0.927488 0.130379 0.244927   1.6677
0.929329 0.147361 0.272207  1.67271
0.909335 0.188362 0.295445  1.64979
0.916207  0.15859 0.307533  1.65283
0.930246 0.120033  0.25018  1.67439
0.908354 0.174571 0.304736  1.64631
0.928978 0.156912 0.287502  1.67398
0.898958 0.233262 0.277444  1.63034
0.930302 0.155488  0.28485  1.67582
0.926829 0.133446 0.252325  1.66874
0.919368 0.176971 0.298981  1.65782
0.899533 0.254311 0.248412     1.63
0.929908 0.157831 0.286568  1.67581
0.928935 0.121106 0.237972  1.67143
0.934423 0.106314 0.222713  1.67911
0.937962 0.104271 0.220413  1.68678
0.927547 0.147834 0.268055  1.67166
0.909146 0.179184 0.285186  1.63108
0.913331 0.178787 0.286086   1.6396
0.907057 0.157166 0.269218  1.62899
0.917136 0.182885 0.284872  1.65013
0.916823 0.158577 0.301977  1.65139
0.918909 0.179517  0.30001  1.65721
0.912888 0.184114 0.292039  1.65106
 0.92998 0.146058 0.273187  1.67365
0.928141 0.125296 0.246625  1.66767
0.928854 0.155094 0.280563  1.67385
0.930382 0.154274  0.28731  1.67632
0.909425 0.155618 0.313227  1.65053
0.931031 0.154122 0.286242  1.67778
0.907535 0.136021 0.310132  1.64514
 0.925229 0.0805453   0.17542    1.6652
0.918495 0.165125  0.30813  1.66057
 0.922971 0.0838331  0.193184   1.65657
0.924422 0.103073 0.266722  1.66443
0.898362 0.151712 0.314157  1.62401
0.890561 0.179906 0.319088  1.61439
0.905228 0.144613 0.314927  1.63915
 0.89984 0.166024 0.317318  1.62886
 0.91232 0.151892 0.308236  1.64806
0.928819 0.154711 0.280194  1.67399
0.916144 0.158526 0.305604  1.65121
0.918648 0.183882 0.296436  1.65748
0.914476 0.151817 0.290604   1.6448
0.917136 0.180583 0.293514  1.65128
0.909763 0.140693 0.267506   1.6341
0.904204 0.132959 0.247427  1.62449
0.913547 0.174135 0.288865  1.64125
0.914766 0.164185 0.306057  1.64923
0.903393 0.134713 0.242809  1.62247
0.902128 0.144174 0.247251  1.62132
0.910451 0.172491 0.286524  1.63344
0.905243 0.144316 0.257771  1.62867
0.912531 0.176252 0.287232  1.63846
0.915686 0.172569 0.289065  1.64582
 0.755321  0.139949 -0.462318   1.39281
 0.762196  0.150234 -0.462653   1.40781
 0.762104  0.146007 -0.467481   1.40883
 0.750481  0.144079 -0.465808   1.38554
 0.761052   0.16287 -0.459169   1.40613
 0.746942  0.149909 -0.469039    1.3811
 0.761635  0.151729 -0.456698   1.40443
 0.743689  0.155148 -0.469784   1.37594
 0.739939  0.157358 -0.469227   1.36842
 0.763138  0.188741 -0.470294   1.41941
  0.73798  0.164525 -0.468285   1.36536
 0.750274  0.188671 -0.467047   1.39313
 0.747689  0.162924 -0.479458   1.38947
 0.737792  0.172758 -0.465723    1.3652
 0.748746  0.176637 -0.476786    1.3928
 0.739412  0.182063 -0.460606    1.3676
0.752087   0.1843 -0.47246  1.39869
  0.74293  0.192804 -0.452661   1.37271
 0.750995   0.19866 -0.450392   1.38941
 0.751536  0.205768 -0.441983   1.38738
 0.787836  0.267145 -0.365052   1.44239
0.818216 0.258216 -0.37975  1.50891
 0.867139  0.317209 -0.169802   1.56883
  0.91533  0.258466 -0.164956   1.65528
  0.888664   0.331681 -0.0862911    1.60926
 0.930808  0.239119 -0.125989   1.67819
   0.90248     0.3146 -0.0836561    1.63349
  0.893727   0.319963 -0.0166124    1.61023
 0.918922  0.298455 0.0599999   1.65878
 0.956498  0.205447 0.0544527   1.71885
0.946197 0.125454 0.185543  1.69671
 0.931928  0.272839 0.0538108   1.67984
0.941139   0.1762 0.200155  1.69153
0.907154 0.280147  0.17041  1.63841
0.916039 0.248424  0.22407  1.65652
0.916712  0.25436 0.195286  1.65376
0.925903 0.269261 0.126058  1.66895
0.894481 0.260254  0.22546  1.61464
0.926909 0.138026  0.25164  1.66982
0.948791 0.191055 0.165754  1.70689
0.896268 0.175876 0.311976   1.6206
0.907498 0.195298 0.304395  1.64198
 0.89378 0.217342 0.287323  1.61707
0.895696 0.195427 0.305661  1.62198
 0.790161  0.215104 -0.441344   1.46516
 0.777289  0.211544 -0.436014   1.43508
 0.782244  0.220244 -0.433265   1.44642
 0.766958  0.199488 -0.454135   1.42312
 0.770666  0.196934 -0.464912   1.43325
0.773171 0.182874 -0.45385  1.43108
 0.951205 0.0941603  0.161472   1.70481
 0.948947 0.0897984  0.199192   1.70548
0.928841 0.130494 0.237481  1.67247
  0.9557 0.097465 0.152871  1.71288
0.926122 0.139542 0.238313  1.66763
0.955799 0.156147 0.110802  1.71284
0.933801 0.253738 0.121476  1.68207
 0.761642   0.15576 -0.460974   1.40685
 0.760415  0.155658 -0.459504   1.40382
 0.761793  0.155177 -0.461057   1.40706
 0.760162  0.156299 -0.459269    1.4033
 0.761716  0.153548 -0.458929   1.40578
 0.756589  0.153798 -0.476562   1.40345
 0.756484   0.14823 -0.473646   1.40141
 0.761023  0.159776 -0.459369   1.40558
  0.76054  0.152845 -0.459128   1.40346
 0.761613  0.150023 -0.456064   1.40384
 0.762756  0.151051 -0.459848   1.40774
 0.763476  0.151197 -0.467757   1.41247
 0.762554  0.150116 -0.471652   1.41234
 0.766454  0.147004 -0.465934    1.4172
 0.761678  0.144264 -0.469555   1.40925
 0.760512   0.15138 -0.457104   1.40225
 0.760177  0.156739 -0.459285   1.40336
 0.760797   0.15951 -0.459371   1.40518
 0.761531   0.16181 -0.461926    1.4079
 0.759949  0.162225 -0.462787    1.4052
 0.760065  0.156138 -0.459271   1.40309
 0.761232  0.155705 -0.461118   1.40606
 0.760998  0.155411 -0.460076   1.40516
 0.761249  0.162549 -0.462332   1.40771
 0.758269  0.160822 -0.462868   1.40188
 0.760408  0.155719 -0.459392   1.40379
 0.760711  0.155529 -0.459491   1.40436
 0.759747  0.156288 -0.459794   1.40274
 0.747108  0.169254 -0.478927   1.38923
 0.761409  0.164437 -0.438688   1.39811
 0.744662  0.165136 -0.478714   1.38329
 0.760679  0.162808 -0.452723    1.4028
 0.760831  0.153112 -0.459255   1.40403
0.753751  0.15423 -0.47776  1.39838
 0.759911  0.156731 -0.458537   1.40252
 0.757059  0.161127 -0.447999   1.39322
 0.759138  0.152537 -0.459166   1.40071
 0.761168  0.161471 -0.462084   1.40731
 0.760138  0.156866 -0.458417   1.40295
 0.759625  0.157073 -0.458871   1.40226
 0.760589  0.157941 -0.456928    1.4034
 0.760414   0.15727 -0.459463   1.40397
0.760016 0.158818 -0.45948  1.40357
 0.760511  0.157332 -0.457227   1.40324
0.952591 0.202221 0.126992  1.71332
 0.954914  0.205956 0.0876454   1.71646
   0.950338    0.234382 -0.00723579     1.71146
 0.914356  0.288015 0.0778449   1.64597
   0.956171    0.213005 -0.00484841     1.72064
  0.944291    0.23398 -0.0488078    1.69928
  0.954681   0.208834 -0.0496853    1.71877
  0.944578   0.215345 -0.0906951    1.69992
  0.934703   0.250902 -0.0757955    1.68399
  0.943992   0.237411 -0.0126478    1.69731
 0.916431  0.294758 -0.127055   1.66322
  0.932517   0.273286 -0.0450507    1.68256
 0.922945  0.273994 -0.127203   1.67076
 0.901408  0.296568 -0.170501   1.63631
0.931076 0.143213 0.276065  1.67708
0.921707 0.151774 0.303059   1.6668
0.917485 0.181706 0.300736  1.65797
0.921139 0.134221 0.293816  1.66388
0.930284  0.15749 0.287283  1.67664
0.913674 0.165629 0.307734  1.64794
0.926733 0.151394 0.268194  1.67025
0.908903 0.143055 0.267622  1.63328
0.925947  0.13937 0.251565  1.66739
0.928374 0.156287 0.282381  1.67332
0.912468 0.233614 0.257035  1.65119
0.929941  0.15825 0.287735  1.67607
0.930932 0.126008  0.22553   1.6737
0.904938 0.186707 0.306739  1.63502
 0.90919 0.237491  0.23729   1.6405
0.924453 0.143799  0.25311  1.66511
 0.91827 0.178523 0.295116  1.65338
0.904775 0.135717 0.252581  1.62662
0.913419 0.155132 0.290857  1.64343
0.920322 0.171784 0.301722  1.65962
0.918042 0.175066 0.305497  1.65799
0.929319 0.142664 0.278354  1.67313
0.915859 0.171588 0.305034  1.65617
0.916865 0.154261 0.304248  1.65752
0.928921 0.138046 0.287171  1.67481
0.909521 0.145691 0.270171  1.63557
0.926165 0.138249 0.287703   1.6738
 0.92982 0.157295 0.290165  1.67616
0.906292 0.165096 0.313706  1.63924
0.908129 0.180353  0.31351  1.64305
0.912054 0.167327 0.312328  1.64769
0.928513 0.156552 0.280634  1.67355
0.923338 0.147244 0.253224  1.66354
0.913427 0.156114 0.292907  1.64377
0.916837 0.175891 0.291733  1.65116
0.911879 0.176026 0.305185  1.64547
0.913447   0.1651 0.283455  1.64313
0.922175 0.143961 0.245552  1.66098
0.904107 0.137371 0.248312  1.62495
0.912531 0.168635 0.281634  1.64122
 0.90577 0.145473 0.258039   1.6299
 0.90425 0.146856 0.254821  1.62591
 0.757276  0.144527 -0.470875   1.40093
 0.758955  0.150344 -0.466056   1.40288
0.752686 0.148461 -0.47517  1.39454
 0.752503  0.152712 -0.477057   1.39596
 0.760194  0.149954 -0.456574   1.40115
 0.749709  0.157404 -0.478817   1.39214
 0.746414  0.159062 -0.478803   1.38573
 0.757289  0.173944 -0.459749   1.40029
  0.74448  0.172108 -0.477266   1.38345
 0.759049  0.151329 -0.457713   1.39965
 0.746572  0.180313 -0.473895   1.38736
 0.757199  0.162613 -0.444716   1.39211
0.763832 0.179675 -0.45734  1.41277
 0.758431  0.171174 -0.460173   1.40291
 0.762193  0.192521 -0.467975   1.41637
 0.755619  0.171355 -0.462519   1.39819
 0.916444  0.297421 -0.087406   1.65799
  0.906609   0.316443 -0.0306028    1.63825
  0.923206   0.293868 -0.0827124    1.67149
 0.913641  0.294333 0.0240351   1.64415
 0.932042    0.2699 0.0921941   1.68111
 0.936728   0.27786 0.0421335    1.6919
0.922239   0.2894  0.09794  1.66632
0.919947 0.277863 0.125657  1.65984
0.941896 0.126647 0.201514  1.69204
0.915923 0.263694 0.161167  1.64887
0.910185 0.253828 0.200808  1.63967
0.937727 0.123681 0.212087  1.68385
0.906812 0.221553 0.266757  1.63757
0.930628  0.25121  0.15344    1.677
0.897811 0.209927  0.30125  1.62847
0.899868 0.189433 0.310722  1.63093
0.925305 0.143589 0.251366  1.66691
0.932298 0.142042 0.223635  1.67545
 0.763339  0.177146 -0.457452   1.41227
 0.755995   0.18373 -0.473053   1.40514
 0.771408  0.200556 -0.460975   1.43298
 0.757351  0.192645 -0.464775   1.40733
0.933865 0.125415 0.222378  1.67973
0.951306 0.136551 0.161654  1.70691
0.951626 0.139104 0.148468  1.70483
0.923738 0.145011 0.239073  1.66274
  0.94975  0.200684 0.0982733   1.70342
0.940327 0.243655   0.1228  1.69347
0.924672 0.241004 0.190386  1.66615
0.931472 0.165337  0.22878   1.6742
 0.761083  0.155537 -0.459639   1.40515
 0.760843  0.155495 -0.460148   1.40489
 0.761156   0.15553 -0.461707   1.40617
 0.760025  0.155969 -0.460177   1.40338
 0.760377  0.155734 -0.460182   1.40407
  0.76105  0.154733 -0.461699   1.40582
 0.759326  0.162701 -0.459784   1.40285
 0.760054  0.155969 -0.459858   1.40336
 0.760396  0.154728 -0.461923   1.40458
 0.760012   0.15109 -0.457385   1.40143
 0.760114  0.150856 -0.472497   1.40792
 0.749474  0.163246 -0.478928   1.39201
 0.753756  0.157235 -0.478641   1.39948
 0.760416  0.150871 -0.463309   1.40461
 0.75986 0.156852 -0.45872  1.40257
  0.76007  0.160542 -0.462416   1.40518
 0.759702  0.156618 -0.459232   1.40247
 0.760142  0.160993 -0.462439   1.40528
 0.759832  0.156251 -0.459382   1.40275
 0.760717  0.155682 -0.461839   1.40536
 0.760404  0.155534 -0.460315   1.40408
  0.75948  0.156905 -0.459953   1.40242
 0.76046 0.155547 -0.46137  1.40467
 0.760014   0.15464 -0.462119   1.40395
 0.752132  0.161331 -0.479418   1.39739
 0.751279  0.166474 -0.479023   1.39642
 0.749162  0.168747 -0.477969   1.39185
 0.758214  0.161692 -0.456119   1.39918
 0.759239  0.162001 -0.461362   1.40334
 0.753271  0.158439 -0.452475   1.38712
   0.7538  0.156975 -0.468403   1.39511
 0.759878  0.161722 -0.463425   1.40536
0.759659 0.157528 -0.45859  1.40225
 0.758253    0.1526 -0.459461   1.39905
0.759986 0.159046 -0.45967  1.40356
 0.759881    0.1572 -0.458073   1.40242
 0.760052  0.157036 -0.457992   1.40261
  0.76041  0.157154 -0.457865    1.4033
   0.7595  0.158152 -0.459938   1.40263
 0.759881  0.157571 -0.457606   1.40223
 0.944402  0.242401 0.0900269   1.70049
 0.947899  0.249565 0.0778243   1.71003
  0.94436  0.244701 0.0332214   1.69893
 0.951127  0.233952 0.0309739   1.71267
  0.916566    0.29467 -0.0328278    1.65255
   0.93182   0.271423 0.00661429    1.67825
0.927624 0.112953 0.253068  1.66784
0.927126 0.142265 0.288048  1.67162
0.929813 0.152144 0.291464  1.67598
0.924751   0.1619 0.304746  1.66949
0.922267 0.168335 0.305816  1.66447
0.924463 0.152948 0.299771  1.66805
0.913125 0.162448 0.291807  1.64396
0.927652 0.154047 0.297505  1.67431
0.929053 0.159692 0.290872  1.67497
0.926358 0.151469 0.269971  1.66941
0.924658 0.139139 0.241443  1.66488
0.911412 0.150827 0.266759  1.63935
0.927206 0.137958 0.231941  1.66802
0.927544  0.15817 0.282728  1.67205
0.920593 0.148944 0.244945   1.6576
0.925425 0.153962 0.270136  1.66811
0.908901 0.157103 0.274983  1.63384
0.908088 0.161248 0.270155  1.63124
 0.91799 0.170851 0.294118  1.65349
0.906463 0.137527    0.255  1.63053
 0.91011 0.146963 0.270666  1.63643
0.921175 0.149474 0.256138  1.65989
0.920552   0.1729  0.30373  1.66119
 0.92912 0.156664 0.292841  1.67531
0.919986 0.169333 0.295492  1.65871
0.921977 0.164171 0.304688  1.66408
0.927746 0.155017 0.295763  1.67291
0.921241 0.165365 0.297057  1.66133
0.912933 0.200085 0.283283  1.64658
0.905219 0.203749 0.292187  1.63519
0.911417 0.188565 0.295886  1.64431
 0.91332 0.172627 0.307318  1.64838
0.913226 0.159966  0.29259   1.6444
0.916863 0.167857 0.288284  1.65195
0.913961  0.15822 0.280341  1.64553
0.913893 0.169608 0.286389  1.64568
0.905323 0.138197 0.253319  1.62827
0.910216 0.153494 0.266517  1.63937
0.906438 0.143102   0.2611  1.63194
0.912564 0.163196 0.278536  1.64267
 0.757493  0.150429 -0.475222   1.40393
 0.757155  0.150512 -0.458972   1.39632
 0.759594  0.152731 -0.459461   1.40166
0.758406 0.151236 -0.45789   1.3985
 0.751123   0.15833 -0.478987   1.39448
  0.75512   0.15977 -0.451824   1.39089
 0.755742  0.168966 -0.463973   1.39909
 0.757438  0.152672 -0.458556   1.39715
0.752818 0.166838  -0.4651  1.39313
0.753487 0.160123 -0.46743   1.3947
 0.752245  0.172069 -0.477508   1.39859
 0.750981  0.175062 -0.475422   1.39526
  0.921265   0.299091 0.00926656     1.6633
 0.939521  0.279441 -0.015543   1.69973
0.925364 0.259398 0.154458  1.66842
0.942618 0.232894 0.153231  1.69877
 0.92232 0.232455 0.216269  1.66341
0.938272  0.14972 0.212027  1.68509
0.913937 0.165861 0.290677  1.64676
0.909381 0.218349 0.279812  1.64436
0.920091 0.213918 0.266263  1.66263
0.909255 0.206626 0.289586  1.64421
0.926667 0.227547 0.218294  1.67064
0.919372 0.219636 0.245654  1.65767
 0.92949 0.139548  0.22591  1.67205
0.938348 0.220069  0.19949  1.69278
0.927378 0.153081 0.236898   1.6682
0.935659 0.145155 0.213101  1.68149
0.946093 0.244842  0.11582  1.70703
 0.936127  0.265155 0.0936741   1.68827
0.946963 0.191899 0.142684  1.69938
0.938989 0.236793 0.149353   1.6917
 0.760543  0.155598 -0.462844   1.40544
 0.759494  0.156504 -0.461565   1.40298
 0.759323   0.15715 -0.460737   1.40244
 0.760039  0.156167 -0.461559   1.40405
 0.755672  0.154214 -0.468097   1.39811
 0.759901  0.155726 -0.461479    1.4036
 0.758423  0.150502 -0.458025   1.39842
  0.75923  0.157523 -0.462446   1.40306
 0.755958  0.152398 -0.467785   1.39805
 0.758858  0.154816 -0.462536   1.40193
 0.759447  0.157477 -0.459661    1.4023
 0.759153  0.160722 -0.464018   1.40403
 0.759623  0.155966 -0.463331   1.40388
 0.759277  0.160068 -0.462656   1.40357
 0.753731  0.154578 -0.459301   1.39038
 0.759579  0.156558 -0.460948   1.40298
  0.76005  0.155928 -0.462995   1.40457
 0.759368  0.156682 -0.463084   1.40342
  0.75406  0.177741 -0.474807   1.40172
 0.757269  0.181539 -0.471209   1.40695
0.751441 0.162493 -0.46635  1.39028
 0.755154    0.1612 -0.448851   1.38971
  0.75659  0.161238 -0.456695   1.39603
 0.756878  0.160325 -0.458749   1.39743
0.757987 0.161457  -0.4618  1.40088
 0.758063  0.159357 -0.463905   1.40166
 0.758902  0.161114 -0.463762    1.4034
 0.759366  0.158732 -0.460879   1.40284
 0.757461  0.159982 -0.463165   1.40019
 0.759474  0.159307 -0.463137   1.40411
  0.926231   0.292393 -0.0432775     1.6746
  0.937732   0.263549 -0.0476552    1.69214
0.928596  0.15872 0.293684  1.67441
0.924412 0.164068  0.30015  1.66779
0.925347  0.16183 0.299729  1.66904
0.927234 0.157599 0.285162   1.6716
0.922652 0.166719 0.299502  1.66408
0.925019 0.153561 0.272751  1.66738
0.912062 0.147245 0.264548  1.64358
 0.92259 0.146848 0.255869  1.66218
 0.91642 0.208992 0.270472  1.65402
0.923257 0.155161 0.276023  1.66451
0.923374  0.14494 0.241797    1.663
0.922077 0.191231 0.262701  1.66187
0.917748 0.163629  0.29025  1.65378
0.907491 0.139739 0.254574  1.63324
0.925312 0.159188   0.2883  1.66825
0.910835 0.148843 0.264267  1.64093
0.927278 0.160891 0.299087  1.67305
0.911369 0.145125 0.256036  1.64176
0.927143 0.162057 0.294551  1.67185
0.923177 0.162065 0.290514  1.66433
0.913022 0.183091 0.303676  1.64913
0.919687 0.146898 0.250098  1.65699
0.920448 0.148882 0.259028  1.65866
0.915621 0.180154 0.277889  1.64896
0.910658 0.147762 0.269747  1.63868
0.916689 0.156529 0.279519  1.65221
0.907958 0.140623 0.254405  1.63397
0.915319 0.160995 0.277883  1.64933
 0.757089  0.151741 -0.459106   1.39659
  0.75801  0.152151 -0.466656   1.40163
 0.753415  0.155107 -0.468455   1.39381
 0.754251  0.157306 -0.454881   1.39006
 0.755349  0.153618 -0.459295   1.39357
 0.751903  0.158319 -0.468173   1.39129
 0.753613  0.164697 -0.465568   1.39492
 0.753448  0.157784 -0.458134   1.38986
0.931029 0.242563 0.185014   1.6806
0.935942 0.219314 0.173941   1.6826
0.925111 0.215973  0.24233  1.66957
0.934295 0.171499 0.213755  1.67878
0.914421 0.194446 0.293219  1.65179
0.922376 0.175653 0.248535   1.6587
0.924915 0.161886 0.238065  1.66366
 0.91699 0.205028 0.279604  1.65613
0.925425 0.147339 0.232626  1.66522
0.926823 0.195338 0.247286  1.67006
0.929553  0.15762 0.224833  1.67107
0.927116 0.200048 0.230171  1.66765
0.942482 0.158077 0.186385  1.69148
 0.93439 0.211518 0.210631  1.68358
0.933011 0.177293 0.216474  1.67559
0.943401 0.178405 0.181294  1.69388
 0.759298  0.154901 -0.462344   1.40264
 0.756469  0.158639 -0.460686   1.39714
  0.75534  0.152492 -0.459313   1.39321
 0.758868  0.156484 -0.464183   1.40286
 0.758348  0.155153 -0.462674   1.40101
 0.757301  0.151945 -0.458184    1.3965
 0.759333  0.157995 -0.461293   1.40287
 0.759037   0.15824 -0.462166   1.40263
 0.758971  0.157389 -0.462959   1.40266
 0.758981  0.159318 -0.463801   1.40337
 0.759204  0.156455 -0.463438   1.40317
 0.758256  0.158092 -0.464212   1.40198
  0.75569  0.159441 -0.459185   1.39503
0.755719  0.15341   -0.458  1.39361
 0.758637  0.159721 -0.464324   1.40293
 0.753357  0.156257 -0.455391   1.38828
 0.758967  0.158719 -0.464126   1.40342
 0.756718  0.156425 -0.461692   1.39763
0.926049 0.159597 0.285638  1.66958
0.918279  0.15059 0.261502  1.65488
0.921233 0.156962 0.278007    1.661
 0.92372 0.155788 0.273096  1.66527
0.920622 0.148222 0.246155  1.65835
 0.91228 0.145418 0.255998  1.64258
0.916405 0.176116 0.283698   1.6521
0.917412 0.148459 0.254413   1.6533
0.910523 0.145275 0.256202  1.63982
0.910965 0.150068 0.268419  1.64101
0.919664 0.163265 0.286216  1.65782
0.919771 0.158861 0.277987  1.65834
0.921079 0.159863 0.287126  1.66081
0.924327 0.162019  0.28869  1.66673
0.916209  0.15298 0.252185  1.64963
0.918265 0.189364 0.265644  1.65322
 0.91514 0.160214 0.265984  1.64658
0.913446 0.152863 0.265575  1.64434
 0.755208   0.15503 -0.457108   1.39253
 0.757588  0.155357 -0.462243   1.39941
0.923494 0.157965 0.247816  1.66252
0.937861 0.181638 0.200938  1.68449
0.927573 0.177513 0.230693  1.66702
0.922632 0.195649 0.250277  1.66076
0.917746 0.150781 0.251061  1.65276
 0.92207 0.150899 0.239859  1.65978
0.925839 0.171569 0.246805  1.66601
0.917192 0.165028 0.257836  1.65082
0.933141 0.208189 0.214413  1.68024
0.932549 0.200898 0.226123  1.67983
 0.756791  0.157154 -0.461683   1.39793
 0.758898  0.157505 -0.464204   1.40309
 0.758485  0.158102 -0.464087   1.40228
 0.756805  0.153017 -0.458721   1.39599
 0.755779  0.154549 -0.458062     1.394
 0.755944  0.157751 -0.460886   1.39598
 0.757636  0.158563 -0.464028   1.40068
 0.757438  0.156031 -0.462261   1.39924
0.921782 0.157037 0.276412  1.66199
0.917941 0.149728 0.250831  1.65372
0.915141 0.151236  0.26129  1.64906
0.919089 0.150938 0.259133  1.65646
0.918453 0.169454 0.261874  1.65233
0.916033 0.150006 0.254661  1.65047
 0.91347  0.15726 0.261846  1.64416
0.914946 0.149952 0.256392  1.64734
0.918708 0.185121 0.274451  1.65626
0.921787 0.162308 0.248817  1.65907
  0.9154  0.15457 0.270786  1.64997
0.916638 0.152238 0.271368  1.65259
0.916623   0.1502 0.260875  1.65227
0.913948 0.148404 0.253731  1.64645
 0.754928   0.15537 -0.457209   1.39208
 0.754542  0.156187 -0.458967   1.39233
0.918768 0.153265 0.246088  1.65414
0.917112 0.159944 0.264067  1.65138
0.920048 0.159747 0.254719  1.65661
0.921709 0.171518 0.258967  1.65979
 0.758611  0.157081 -0.464169   1.40244
 0.758045    0.1573 -0.464283   1.40142
