0.874001 0.336375 0.154914   1.5887
0.878311 0.320999  0.17732  1.59686
0.865572  0.33764 0.168803  1.57361
0.868943 0.327883 0.179849   1.5799
0.860326  0.33825 0.183065  1.56647
0.864489 0.330375 0.176045  1.56989
0.872719 0.324594 0.175381  1.58507
 0.87219 0.327662 0.163988  1.58294
 0.760929  0.155715 -0.462367   1.40675
 0.761197  0.155565 -0.462465   1.40734
 0.793861  0.133418 -0.407975   1.44819
 0.788215  0.134117 -0.415182   1.43951
 0.791474  0.137062 -0.414592   1.44683
 0.788911  0.120066 -0.414478   1.43859
 0.784229  0.124973 -0.422748   1.43338
 0.787761  0.124627 -0.420248   1.43969
 0.800662  0.122453 -0.394419   1.45483
 0.796083  0.114323 -0.401141   1.44676
 0.808693  0.103192 -0.375361   1.46149
  0.80172  0.117439 -0.398506   1.45841
 0.789598  0.128975 -0.418825   1.44366
 0.792971  0.121661 -0.412674   1.44679
 0.796635  0.129825 -0.409406   1.45446
0.793366 0.125164 -0.41033  1.44698
  0.961423   0.110859 -0.0484527    1.72385
   0.96123   0.112234 -0.0425855    1.72358
  0.960342    0.11504 -0.0455298    1.72189
  0.960844   0.111036 -0.0439383     1.7224
  0.961041   0.113427 -0.0368508    1.72339
   0.96081   0.114407 -0.0314561    1.72314
  0.959986   0.117169 -0.0343847    1.72155
  0.960485   0.112925 -0.0332944    1.72203
  0.958891   0.124231 -0.0426189    1.71974
   0.95926   0.123729 -0.0369195    1.72051
  0.96068   0.11188 -0.038665   1.72221
  0.959859   0.115301 -0.0364874    1.72088
   0.96009   0.115255 -0.0407076    1.72127
  0.960278   0.115768 -0.0397992    1.72186
0.932035 0.158489 0.227628   1.6789
0.763976  0.15504 -0.46366  1.41416
 0.761066  0.155136 -0.462721   1.40707
 0.761985  0.156219 -0.464503   1.41027
 0.762515  0.156498 -0.465667   1.41202
 0.762872  0.156273 -0.465991    1.4129
0.763408 0.155901 -0.46552  1.41384
 0.767288  0.157247 -0.464377   1.42131
 0.765362   0.15466 -0.461743     1.416
 0.764779  0.154084 -0.461468   1.41474
 0.766236  0.154147 -0.461919   1.41778
 0.769084    0.1554 -0.464589    1.4246
  0.77119  0.152534 -0.459611   1.42652
  0.78303  0.141037 -0.428086   1.43579
 0.778863  0.142003 -0.436974   1.43121
 0.781744  0.144752 -0.436651   1.43773
 0.760993  0.155881 -0.462215   1.40682
 0.761134  0.156078 -0.462504   1.40736
 0.762597  0.156744 -0.465482   1.41221
 0.760863  0.156393 -0.462702   1.40694
  0.76086  0.156506 -0.462968   1.40707
  0.76087  0.156487 -0.463214   1.40719
 0.760886  0.156459 -0.463378   1.40729
 0.763446   0.15535 -0.463933   1.41318
 0.760891  0.156179 -0.463434   1.40725
 0.762978  0.156157 -0.465501   1.41294
 0.761162  0.155472 -0.462495   1.40727
 0.761025  0.155135 -0.462909   1.40706
 0.760977  0.155434 -0.462394   1.40676
 0.803027  0.223809 -0.421713   1.48542
 0.801854  0.219091 -0.425743   1.48408
 0.807264  0.219574 -0.423641   1.49226
 0.804361  0.220754 -0.424692     1.489
 0.799854  0.213998 -0.430571   1.48087
 0.796223  0.208801 -0.437948   1.47596
  0.80382  0.206916 -0.434487   1.48737
0.800689 0.209624 -0.43591  1.48434
 0.812546  0.214499 -0.422876   1.50016
 0.812204  0.205278 -0.428236    1.4999
 0.822911  0.205399 -0.412545   1.51367
 0.815866  0.209366 -0.426774   1.50806
 0.802857  0.215767 -0.429266   1.48716
 0.808153  0.208752 -0.432593   1.49611
  0.80899  0.216292 -0.426623   1.49664
  0.80647  0.213567 -0.427598   1.49109
 0.728886   0.15962 -0.458243   1.34509
 0.729757  0.158193 -0.458138   1.34648
  0.72691  0.159736 -0.455209   1.33891
 0.724582  0.160817 -0.453853   1.33298
 0.725129  0.158411 -0.454397   1.33389
  0.72621  0.159413 -0.454526   1.33642
 0.727928  0.155299 -0.456276   1.34063
 0.725654  0.156118 -0.454772   1.33468
 0.726353  0.153843 -0.455068   1.33579
 0.727291  0.154832 -0.455282   1.33808
    0.728  0.158763 -0.455641   1.34119
 0.726654  0.157134 -0.454969   1.33709
 0.728372  0.156455 -0.456327   1.34186
 0.727244  0.157414 -0.455674   1.33932
 0.784686  0.146753 -0.427495   1.44019
 0.779394  0.152291 -0.436046   1.43398
 0.781269  0.151804 -0.425704   1.43272
 0.953253   0.12455 0.0522897   1.71348
 0.952796  0.133567 0.0572341   1.71272
 0.953394  0.132962 0.0509155   1.71338
 0.953137  0.134109 0.0552703   1.71365
0.952944 0.139944  0.04555  1.71103
 0.952127  0.145256 0.0538138     1.711
 0.951986   0.14643 0.0620009   1.71124
  0.77686   0.15267 -0.441333   1.43101
 0.950617  0.155365 0.0753337    1.7076
 0.772475  0.155898 -0.453507   1.42748
   0.959209    0.118315 -0.00622444     1.72151
   0.958753    0.119151 -0.00113992     1.72095
   0.958427    0.121152 -0.00473505     1.72013
   0.958723    0.117551 -0.00446669     1.72046
 0.958307  0.120436 0.0043296    1.7205
  0.957864   0.121486 0.00990428    1.72007
  0.957392   0.125401 0.00574093     1.7189
 0.957755  0.120008 0.0054133   1.71932
  0.957521   0.125234 -0.0031552    1.71833
   0.957271    0.124243 -0.00128029     1.71769
    0.958235     0.118785 -0.000119259      1.71987
     0.95732     0.123441 -0.000772989      1.71824
   0.958106    0.120849 -0.00363998     1.71949
   0.958013    0.122004 -0.00021454     1.71959
 0.769484  0.157845 -0.464514   1.42587
 0.764107  0.154474 -0.461836   1.41352
0.767798 0.158457   -0.465  1.42276
 0.760915  0.156621 -0.463217   1.40732
 0.764149  0.155404 -0.461786   1.41376
 0.760954  0.156595 -0.462973    1.4073
 0.762191  0.156835 -0.465321   1.41122
  0.76144  0.155946 -0.463059   1.40833
0.946449 0.191363 0.223824  1.70268
 0.930223  0.151394 -0.228275   1.67897
 0.930582  0.158201 -0.219186    1.6799
 0.927705   0.16201 -0.228118   1.67623
 0.929428  0.153216 -0.226052   1.67787
 0.924324  0.188155 -0.231772   1.67705
 0.927203  0.161874 -0.221721   1.67475
 0.927816  0.164551 -0.220522    1.6765
 0.946218  0.152372 0.0809857   1.70459
 0.949873  0.157884 0.0769777   1.71095
 0.949051  0.153053 0.0811026   1.70797
 0.948107  0.153534 0.0814494   1.70665
 0.952502  0.152299 0.0790816     1.714
 0.95373 0.146768 0.078884  1.71546
 0.950857  0.155378 0.0810936   1.71014
  0.95033  0.155502 0.0811655   1.70967
 0.951165  0.156034 0.0778286   1.71146
0.950714 0.128179 0.071583  1.71029
 0.949703  0.128909 0.0769436    1.7086
 0.950784  0.137989 0.0768489   1.71022
 0.950157   0.12875 0.0719202   1.70902
 0.947648   0.13169 0.0837918   1.70484
 0.944662    0.1402 0.0875616   1.69957
 0.948784  0.146834 0.0851255   1.70709
  0.94735  0.137739 0.0816216   1.70474
 0.950826  0.151504 0.0814538   1.71006
  0.95065  0.151472 0.0822346   1.70949
 0.949014  0.130665 0.0769231   1.70713
 0.949523  0.146154 0.0798733    1.7081
 0.950443   0.14061 0.0762636   1.70932
  0.94984  0.140771 0.0818077    1.7087
 0.952151  0.145348 0.0658374   1.71165
 0.952302  0.144096 0.0675183   1.71183
   0.9527  0.133926 0.0599942   1.71302
  0.95309  0.125435 0.0565848   1.71369
 0.952405  0.126312 0.0606626   1.71261
 0.952623  0.125705 0.0569355   1.71263
 0.951991  0.135574 0.0680171   1.71213
 0.951917   0.12729 0.0642835   1.71202
 0.951357  0.127635 0.0673386   1.71122
 0.951583  0.127556 0.0645205   1.71127
 0.952453  0.134163 0.0605288   1.71232
 0.952037  0.127051 0.0606177   1.71182
 0.951977  0.135758 0.0632236   1.71158
0.952332 0.134206 0.063573  1.71247
 0.954113  0.138837 0.0431678   1.71409
 0.954098  0.137331 0.0449801   1.71381
 0.954931  0.129758 0.0384326    1.7161
 0.955601  0.123464 0.0354166    1.7174
 0.955084  0.123303 0.0403937   1.71661
 0.955074  0.122771 0.0366179   1.71616
   0.9539  0.132861 0.0498913   1.71469
 0.954548   0.12382 0.0460742    1.7159
 0.953842   0.12452 0.0516144   1.71485
 0.953924  0.123676 0.0468799   1.71444
 0.954631  0.129579 0.0393459   1.71531
 0.954512  0.123179 0.0411142    1.7153
 0.953847  0.131794 0.0426791   1.71389
 0.954537  0.129809 0.0431069   1.71547
 0.953228  0.152783 0.0497583   1.71241
 0.960474  0.106194 -0.078086   1.72186
  0.959448   0.113661 -0.0724719    1.72018
  0.958776   0.113167 -0.0836319    1.71926
  0.959504   0.112959 -0.0822815    1.72088
  0.957905   0.127308 -0.0680902    1.71855
 0.956145  0.122411 -0.092428   1.71537
  0.956839    0.12243 -0.0908227    1.71685
  0.957946   0.128817 -0.0779212    1.71939
 0.731479  0.272166 -0.392183   1.34378
 0.729878   0.26403 -0.398578   1.34107
 0.738935   0.26269 -0.391479   1.35597
 0.735584  0.267673 -0.397176   1.35337
 0.728759  0.256016 -0.404395    1.3392
 0.728007  0.248333 -0.409553   1.33795
 0.736323  0.247699 -0.402982   1.35183
 0.733072   0.25166 -0.408513   1.34892
 0.744483  0.257641 -0.395505   1.36917
 0.745602  0.251954 -0.397295   1.37059
 0.734207  0.259531 -0.403175   1.35097
 0.739802  0.251515 -0.401276   1.35942
 0.741859  0.258949 -0.395689   1.36303
 0.737249  0.254881 -0.397922   1.35322
 0.941814  0.147683 -0.174314   1.69649
 0.944256  0.150425 -0.166063   1.70147
 0.944157  0.133575 -0.178684   1.69942
 0.945062   0.12773 -0.186139   1.70153
  0.94767  0.124661 -0.176665    1.7056
 0.944982  0.130649 -0.178494   1.70024
 0.948993  0.129214 -0.158305   1.70697
 0.950454  0.121234 -0.165971   1.70996
 0.952693  0.116805 -0.154399    1.7128
  0.95014  0.124319 -0.155948   1.70783
 0.944829  0.138316 -0.170018   1.70021
 0.947485  0.127525 -0.167711   1.70386
 0.947427  0.135689 -0.158468   1.70412
 0.946525  0.132034 -0.169632   1.70326
 0.754454  0.227142 -0.426267   1.39777
 0.725054  0.184543 -0.445978   1.33478
0.727024  0.18222 -0.44636  1.33914
 0.727791  0.185485 -0.444442   1.34033
 0.725891  0.183706 -0.444969   1.33626
 0.729851  0.181292 -0.449983   1.34741
  0.73171  0.187474 -0.446211   1.35051
 0.728709  0.185279 -0.446804   1.34403
 0.728708  0.183405 -0.447199   1.34379
 0.727912  0.168974 -0.455161   1.34347
 0.728594  0.167365 -0.455169   1.34449
 0.725865  0.169544 -0.451781   1.33696
 0.723461   0.17123 -0.450778    1.3312
 0.723638   0.16848 -0.451743   1.33152
 0.725053  0.169617 -0.451743   1.33469
 0.726206  0.164475 -0.453729   1.33765
 0.723893   0.16589 -0.452538   1.33192
  0.72414  0.163275 -0.453307    1.3323
 0.725444  0.164389 -0.453367   1.33527
 0.726987  0.168315 -0.452494    1.3394
  0.72519  0.166982 -0.452584   1.33487
 0.726958   0.16571 -0.453637   1.33945
 0.725865  0.166888 -0.452698   1.33686
  0.73137  0.151499 -0.459523   1.34904
  0.73243  0.150214 -0.459317   1.35081
 0.729442  0.151189 -0.456841   1.34315
  0.72718  0.151746 -0.455166   1.33708
 0.728051  0.149633 -0.455319    1.3385
 0.728833  0.150539 -0.455581   1.34048
0.731106 0.147381 -0.45712  1.34588
 0.728955  0.147685 -0.455291   1.33991
 0.729981  0.145796 -0.455219   1.34156
 0.730589  0.146624 -0.455536    1.3432
 0.730522  0.150453 -0.457022   1.34531
 0.729622  0.148567 -0.455614   1.34169
 0.731275  0.148428 -0.457298   1.34659
 0.730113  0.149189 -0.456894   1.34409
 0.776119  0.154419 -0.450469   1.43361
0.944068 0.167911 0.198196  1.69609
 0.94519 0.137783 0.129387  1.70181
0.929429 0.151643 0.195357  1.68109
0.927042 0.148042 0.200114  1.67623
0.929445 0.146703 0.199401  1.67652
0.931498 0.154386 0.219534  1.67935
0.930279 0.155275 0.237878  1.67441
0.932335 0.158567 0.231129  1.67828
0.884584 0.240819 0.263607  1.60557
0.888091 0.226984 0.271231  1.61226
0.878817 0.237513 0.270815  1.59587
0.880857  0.22951 0.274767  1.59986
0.874525 0.232734  0.27709  1.58959
0.877971 0.231785 0.273312  1.59349
0.883799  0.22998 0.271852  1.60372
0.883175 0.233936 0.266659  1.60179
0.932409 0.156095 0.232706  1.67815
0.931872 0.138202 0.238179  1.67939
 0.93369 0.108846 0.221941  1.68125
   0.915632 -0.00800944    0.292525     1.66344
0.924819 0.023082  0.27961  1.67562
   0.934824 -0.00643444    0.254159     1.69323
0.924639 0.007361 0.260986   1.6704
  0.92918 0.0495375  0.269119   1.68161
 0.930288 0.0623465  0.251004   1.67878
  0.93692 0.0569667  0.246002   1.69355
 0.931427 0.0591418  0.249799    1.6813
 0.944368 0.0182022  0.220036   1.70551
0.941204 0.042595 0.222483  1.69762
 0.948634 0.0435249  0.199352   1.71125
 0.945424 0.0332519   0.20184    1.7035
 0.929375 0.0363389  0.252808   1.67736
 0.937999 0.0424593  0.224936   1.69034
 0.938478 0.0131229  0.224389   1.69199
 0.935807 0.0277399   0.24816   1.69145
0.943996 0.194265 0.226186  1.69741
0.941259 0.190408  0.23168  1.69149
0.923503 0.153779 0.208382  1.66776
 0.91592 0.174544 0.248955  1.64627
0.901292 0.147879 0.244327  1.61876
0.899082 0.138267 0.229311  1.61642
0.900235 0.159685 0.225789  1.61527
0.929935 0.154706 0.221035  1.67594
0.911446 0.164263 0.210077  1.64464
0.927571 0.145732 0.203646  1.67264
0.948982 0.175602 0.197446  1.70547
   0.885397  0.00273014 -0.00107036     1.61423
0.948537 0.185277 0.192951  1.70226
0.927772 0.126468 0.243922  1.67247
0.934124 0.156761 0.229002  1.68143
0.928385 0.134907 0.249479  1.67419
 0.92909 0.145735 0.246187  1.67418
0.929561 0.153081 0.243492   1.6741
0.896826 0.167598 0.248116  1.60336
0.929289 0.158872 0.230467  1.67335
0.907625 0.182093 0.257721  1.62368
0.925544 0.160043 0.206406  1.67092
0.936941 0.177668 0.207102  1.68553
 0.783621  0.120504 -0.426885   1.43365
 0.782585  0.113903 -0.424262   1.42905
0.788017 0.115866 -0.41885  1.43828
 0.785189  0.116533 -0.420625   1.43316
0.780171 0.107558 -0.42456  1.42299
 0.774748   0.10411 -0.426024   1.41137
 0.781373   0.10079 -0.418614   1.42134
 0.780006   0.10453 -0.422552   1.42094
 0.794315  0.108619 -0.408328   1.44561
 0.789955 0.0976062 -0.408084   1.43431
 0.801276 0.0949075 -0.391759   1.45115
 0.796512  0.101596 -0.398984   1.44482
 0.783537  0.110299 -0.420258    1.4284
 0.787347  0.102346 -0.413215   1.43178
 0.789853  0.110706 -0.411342   1.43764
 0.786856  0.106624 -0.417207   1.43352
 0.776739  0.145805 -0.449832   1.43345
0.767053 0.160633 -0.46363  1.42131
  0.75202   0.12577 -0.452376   1.38181
0.754328 0.124044 -0.45177    1.386
 0.749366  0.123796 -0.451384   1.37529
 0.746414   0.12331 -0.449545   1.36763
 0.748599  0.121196 -0.448406   1.37114
 0.748718  0.122323 -0.449268   1.37212
 0.754166  0.119948 -0.448595     1.383
 0.750872  0.119109 -0.446953   1.37469
 0.753507  0.116887 -0.445072   1.37875
 0.753524   0.11827 -0.446313   1.37975
 0.750847  0.123657 -0.450754   1.37798
 0.750941  0.120329 -0.447974   1.37566
   0.7534  0.121592 -0.449393   1.38215
0.751546 0.121811 -0.44998  1.37865
 0.771558  0.160334 -0.453974   1.42668
 0.736826  0.212009 -0.432162   1.35954
 0.741684   0.22142 -0.424551   1.36804
 0.732009  0.214621 -0.427721   1.34701
 0.734307  0.219589 -0.423785   1.35083
 0.728728  0.219753 -0.428287    1.3413
 0.730526  0.217019 -0.425232   1.34306
 0.735821  0.218453 -0.426655   1.35604
0.735064 0.215616 -0.42766  1.35423
 0.830508  0.227771 -0.401264   1.52974
 0.835182  0.226164 -0.395842   1.53693
  0.82924  0.230183 -0.396983   1.52791
 0.831088  0.227815 -0.397834   1.52937
 0.840162  0.224539 -0.390052   1.54473
 0.845472   0.22234 -0.383692   1.55295
 0.838937  0.227631 -0.385363   1.54308
0.840869 0.224627 -0.38602  1.54446
 0.828246  0.234216 -0.390486     1.526
 0.832748  0.236222 -0.386191   1.53456
  0.83575  0.226262 -0.392247   1.53651
 0.836033   0.23033 -0.386611   1.53792
 0.830781  0.231604 -0.393099   1.52996
0.834003 0.228725 -0.39148  1.53514
 0.743438  0.133491 -0.457306   1.36845
 0.740293  0.137125 -0.457677   1.36295
 0.741595  0.132277 -0.455029   1.36295
  0.73979  0.134324 -0.455355   1.35979
 0.739863  0.131834 -0.453253   1.35784
 0.740262  0.132874 -0.454886   1.36018
  0.74041  0.135528 -0.456741   1.36228
 0.742436  0.133876 -0.456433   1.36598
 0.846159    0.2225 -0.379305   1.55253
 0.847107  0.227561 -0.372295   1.55521
 0.840562  0.229394 -0.380822   1.54519
 0.844328  0.225678 -0.378717   1.55123
 0.848012  0.235546 -0.363809   1.55829
 0.834964  0.236959 -0.380234   1.53718
 0.837895  0.232843 -0.378809   1.54109
 0.844195  0.235662 -0.372742   1.55329
 0.871866  0.230042 -0.330271   1.59742
 0.857347  0.231978 -0.350903   1.57331
 0.870516  0.217667 -0.339041   1.59152
 0.863212  0.221134 -0.350226    1.5806
 0.868988   0.21067 -0.348413   1.58763
  0.86702  0.214848 -0.347688   1.58613
 0.860489  0.226073 -0.349375   1.57745
0.867151 0.229857 -0.34205  1.59077
 0.897164  0.184585 -0.307942   1.63102
 0.902855  0.180066 -0.298161   1.64004
  0.89728  0.189312 -0.298647   1.63075
 0.898438  0.186106 -0.301427   1.63209
 0.908394  0.174403 -0.287349   1.64836
 0.913054  0.168382 -0.276967   1.65484
 0.908602  0.178234 -0.276551   1.64794
 0.909559  0.175883 -0.279723   1.64898
 0.894798  0.206745 -0.295525   1.63077
 0.901434   0.20811 -0.286321   1.64379
 0.904181  0.181578 -0.290314   1.64086
 0.906717   0.18894 -0.277567    1.6461
0.899528 0.193562 -0.29074   1.6344
 0.902822  0.185863 -0.288721   1.63968
 0.913609  0.188724 -0.256892   1.65802
0.919331 0.190552 -0.24677  1.66935
 0.916733  0.169502 -0.258877    1.6596
 0.917334  0.163812 -0.267374   1.66116
 0.922029  0.159654 -0.257053   1.66857
 0.917954  0.165988 -0.260079    1.6609
 0.925999  0.158534 -0.235146   1.67319
 0.926362   0.15442 -0.245744   1.67484
  0.92991  0.149077 -0.235275   1.67961
 0.926896   0.15651 -0.237636   1.67432
 0.918371  0.174453 -0.249788   1.66196
  0.92267  0.161871 -0.248313   1.66803
0.924381 0.169981  -0.2358  1.67168
 0.921336  0.166421 -0.248147   1.66691
 0.929495  0.169416 -0.215448   1.68028
 0.933972  0.171737 -0.205472   1.68935
 0.932375  0.150814 -0.217523   1.68232
 0.933206  0.144939 -0.225772    1.6844
 0.936788  0.141098 -0.215676   1.68998
 0.933445    0.1476 -0.218173   1.68356
 0.939503  0.139426 -0.194082   1.69234
 0.939949    0.1361 -0.204825   1.69436
0.942612 0.131367 -0.19511  1.69798
  0.94016  0.138458 -0.196931    1.6935
 0.933564  0.156055 -0.208066   1.68395
 0.937073  0.143741 -0.206737   1.68901
 0.938318  0.151706 -0.194209   1.69161
 0.935934  0.147907 -0.206967   1.68791
 0.731953  0.194737 -0.442791   1.35091
 0.735875  0.202393 -0.437353   1.35787
 0.728457  0.196518 -0.438934    1.3413
0.730138 0.200566 -0.43608  1.34409
 0.726019  0.200162 -0.439033   1.33661
 0.727262   0.19843 -0.437046   1.33813
 0.731322   0.19969 -0.438687   1.34838
 0.730615  0.197473 -0.439389   1.34674
 0.732148   0.24413 -0.413354   1.34726
0.736596 0.237165 -0.41209  1.35423
 0.739404  0.243765 -0.406763   1.35903
 0.734581  0.240162 -0.408863   1.34899
0.742719 0.233657 -0.41623  1.36923
 0.748531  0.245875 -0.405801    1.3794
 0.741236  0.242327 -0.408782   1.36446
 0.740778  0.237985 -0.410644   1.36316
 0.954767   0.11592 -0.112676   1.71262
 0.955217  0.117595 -0.111576   1.71394
 0.954023   0.11463 -0.129844   1.71235
 0.954531  0.112464 -0.143396   1.71496
 0.956171  0.109132 -0.133418   1.71713
 0.954486  0.116242 -0.135144   1.71409
 0.957112  0.107835 -0.112846   1.71683
0.957314 0.106007  -0.1244  1.71835
 0.958178  0.103898 -0.116361   1.71925
0.957446 0.109679 -0.11869   1.7184
0.954882 0.119313 -0.12296  1.71422
0.956153 0.113143 -0.12636   1.7166
  0.95653  0.116978 -0.115083   1.71696
 0.955799  0.111869 -0.121524   1.71526
 0.849778  0.234439 -0.338522   1.55444
 0.862227  0.240471 -0.324263   1.57898
 0.952173 0.0415539  0.160776   1.71209
 0.956464 0.0656775  0.149415   1.72199
 0.957419 0.0352644  0.150494   1.72391
   0.9559 0.0386253  0.150793   1.71981
 0.957266 0.0860396 0.0935138   1.71932
 0.957076 0.0793855  0.125454   1.72128
 0.961995 0.0223665  0.106086   1.73017
 0.962903 0.0606383 0.0785273   1.73091
 0.964958 0.0303351 0.0499335   1.73551
  0.96369  0.014242 0.0726537     1.732
0.957614 0.055029 0.122405   1.7209
 0.961003 0.0530482 0.0916892   1.72667
 0.960045 0.0218544  0.111718   1.72541
0.959781 0.058583 0.113374   1.7256
 0.893431   0.19085 -0.311041    1.6249
 0.895011  0.196678 -0.300939   1.62819
 0.890543  0.202066 -0.309036    1.6225
 0.892713  0.192851 -0.306572   1.62384
0.888464 0.224012 -0.30899  1.62668
 0.891338  0.202458 -0.300663    1.6233
 0.892352  0.203089 -0.299835    1.6256
 0.959245  0.106681 -0.111404   1.72167
  0.96007  0.106094 -0.101922   1.72272
 0.957917   0.11153 -0.108144   1.71878
  0.95873  0.104873 -0.104687   1.71949
  0.960854   0.106289 -0.0931433    1.72394
  0.961315   0.106084 -0.0846269     1.7244
  0.959073   0.112616 -0.0905837     1.7204
   0.96005   0.105947 -0.0863379    1.72133
  0.95589  0.122136 -0.105873   1.71562
 0.956619  0.123291 -0.097759    1.7169
  0.959381   0.105374 -0.0956906    1.72035
  0.958282   0.110982 -0.0930085     1.7184
 0.957838  0.110854 -0.100696   1.71785
  0.958568   0.111179 -0.0993186     1.7196
 0.93371 0.146557 0.223681  1.68113
 0.950929   0.12811 0.0675799   1.71025
 0.950864  0.138255 0.0713915   1.70998
 0.951758   0.13618 0.0682196   1.71144
 0.951318  0.136197 0.0714553   1.71115
 0.952156  0.144672 0.0676252   1.71133
 0.951412  0.148493 0.0686192   1.70952
 0.951784  0.145372 0.0705341   1.71169
 0.950832   0.15189 0.0756918   1.70969
 0.951425  0.143305 0.0748303   1.71071
 0.828625  0.423387 0.0301186   1.51545
  0.839202   0.407589 0.00582702    1.52984
 0.845159  0.402327 0.0366736   1.54108
  0.83656  0.401543 0.0243354   1.52089
  0.853489   0.389298 -0.0122049    1.55407
 0.860892  0.387449 0.0426628   1.56964
 0.851474  0.388576 0.0338034   1.54826
  0.852309   0.386271 0.00581045    1.54929
0.931882 0.148012 0.237589  1.67841
 0.927771 0.0909225  0.253484   1.67446
0.926504 0.109068 0.242455  1.66934
0.925117 0.103581 0.260535  1.67085
0.941726 0.102729 0.189441  1.69492
0.939211 0.104479 0.195691  1.68971
0.911468 0.100609 0.293291  1.65032
 0.916916 0.0899969  0.283097   1.65887
 0.910395 0.0870853  0.302972    1.6513
 0.913294 0.0878955  0.290999   1.65273
 0.921336 0.0802306  0.272613     1.665
 0.927156 0.0739442  0.253405   1.67277
 0.923728 0.0628266  0.273409   1.67057
 0.924571 0.0661059  0.268567    1.6706
 0.908294 0.0642773  0.305636   1.64818
 0.917671 0.0465405  0.285617   1.66142
 0.905317 0.0284233  0.301658   1.64284
 0.912758 0.0389222  0.300749   1.65545
 0.919207 0.0755489  0.281524   1.66243
0.920852 0.054797 0.287278  1.66798
 0.912975 0.0695831  0.300134   1.65488
 0.916894 0.0729559  0.290933   1.66105
0.867341 0.299392 0.223982  1.57781
0.871961  0.30161 0.212772  1.58433
0.874232 0.292352 0.221053  1.58864
0.870898   0.2946    0.218  1.58103
0.878957 0.302843 0.201414  1.59648
 0.88197 0.287685 0.219113  1.60262
0.877576 0.290544 0.217511  1.59325
 0.87744 0.294675 0.207848   1.5921
0.934806  0.15784 0.226027  1.68452
 0.92584 0.118002  0.25516  1.67006
0.885236 0.115118 0.303932  1.60293
0.893965 0.110975 0.310499  1.62143
 0.885777 0.0950356  0.309933   1.60409
0.889389 0.109477 0.309947  1.61409
0.901764 0.106023 0.308045  1.63505
0.908759 0.101532 0.295537  1.64485
 0.906261 0.0881987   0.30643   1.64302
0.905512 0.102747 0.308078  1.64338
  0.88999 0.0663319  0.313011   1.61252
 0.902816 0.0655352   0.31033   1.63732
 0.899535 0.0302724  0.308469   1.63137
 0.896313 0.0605149  0.314274    1.6276
0.897713 0.105423 0.313838  1.63053
 0.901701 0.0859025  0.313187   1.63747
 0.891413 0.0882837   0.31537   1.61863
 0.896923 0.0905412  0.312442   1.62666
 0.917835 0.0969043  0.283223   1.66048
 0.915023 0.0997792  0.283598    1.6542
 0.920642 0.0999086   0.26675   1.66149
 0.926345 0.0865688  0.265017    1.6742
 0.922606 0.0834746   0.27001   1.66637
 0.920808 0.0987617  0.274491   1.66488
0.779741  0.11642 -0.42708  1.42478
 0.777066  0.122628 -0.433568   1.42343
  0.77964  0.119713 -0.428509   1.42579
 0.771019  0.117998 -0.437386   1.41198
 0.770365  0.124229 -0.443199   1.41465
 0.77176 0.120879 -0.43783  1.41414
 0.777664  0.111292 -0.427431   1.41965
 0.772653  0.112688 -0.433012   1.41214
 0.774025  0.106963 -0.429061   1.41186
 0.774447  0.109365 -0.430575   1.41415
 0.775492  0.119728 -0.435709   1.42079
  0.77257  0.114942 -0.434629   1.41327
 0.777254  0.114131 -0.429655   1.42047
0.775509 0.116668 -0.43197  1.41837
 0.77335 0.150754 -0.45842  1.43047
 0.816704  0.228205 -0.417127   1.50778
0.819301 0.228767 -0.41418  1.51211
  0.81453  0.229642 -0.415225   1.50469
 0.816415  0.228479 -0.415522   1.50642
 0.822427  0.229009 -0.410522   1.51712
 0.826167   0.22869 -0.406221   1.52297
 0.820194  0.231115 -0.407675   1.51384
 0.822379  0.229159 -0.408012   1.51581
 0.810938  0.232129 -0.410137   1.49782
 0.814054  0.233958 -0.406466   1.50334
0.819036 0.228975  -0.4121  1.51055
 0.817601  0.231634 -0.408837   1.50889
 0.814597  0.230512 -0.412956   1.50416
 0.817105  0.230386 -0.411858   1.50884
 0.815022  0.227217 -0.419108   1.50485
 0.812503  0.226482 -0.420031   1.50149
  0.81474  0.225554 -0.420058   1.50435
 0.813974  0.226036 -0.419575   1.50258
 0.809796  0.225208 -0.420089    1.4968
 0.805606  0.226158 -0.420692   1.49109
 0.809169  0.222226 -0.423013   1.49659
 0.808591  0.224483 -0.420601   1.49473
 0.815865  0.222669 -0.419562   1.50586
 0.813638  0.219071 -0.422766   1.50357
  0.81959  0.217452 -0.415563   1.51068
 0.816494  0.218137 -0.418834   1.50576
  0.81153  0.224904 -0.420308   1.49927
 0.811738  0.221112 -0.421457   1.49938
 0.814299  0.223295 -0.420093   1.50291
 0.812488  0.223656 -0.421336   1.50148
0.932263 0.151051 0.232165  1.67819
  0.966591 -0.0403028  0.0354622    1.74265
 0.958477 -0.078377  0.105652   1.73033
  0.960668 -0.0257347   0.103199    1.72832
  0.960854 -0.0298207   0.101741    1.73167
  0.938597 -0.0772322   0.196806    1.69708
  0.912391 -0.0327502   0.264756    1.64884
  0.937879 -0.0286844   0.215241    1.69137
  0.931228 -0.0526037   0.257147    1.69325
  0.955651 0.00290376   0.151035    1.71965
   0.947929 -0.00119936    0.179672     1.70523
 0.950757 0.0250304  0.161509   1.70834
 0.951324 0.0126721  0.177131   1.71308
  0.948657 -0.0599824   0.185218    1.71815
  0.945779 -0.0220928   0.208723    1.70894
   0.956091 -0.00815135    0.159938       1.724
 0.951322 -0.040197  0.163516   1.71452
 0.87895 0.198539 0.293703  1.59712
0.883251 0.205097 0.289926  1.60366
0.886179 0.196736 0.291973   1.6094
0.882725 0.199323 0.291398  1.60199
0.888732 0.209454 0.282626  1.61229
0.894408 0.193505 0.285711  1.62258
0.888844 0.197185 0.288345   1.6119
0.887651 0.201587 0.284511  1.60892
0.886415 0.127845 0.298823  1.60543
0.887542 0.135968 0.296799  1.60829
0.892558 0.136718 0.304307  1.61923
0.889209 0.134189 0.298212  1.61242
0.887018 0.144036 0.297255   1.6081
0.885427 0.152709 0.298299  1.60581
0.891157 0.153992 0.301606  1.61702
0.887547 0.151377 0.298005  1.61048
0.896904 0.142401 0.302426  1.62636
0.896385 0.150371 0.298819  1.62479
 0.90204 0.141719 0.294189  1.63336
0.897814  0.14552 0.302007   1.6284
  0.8888 0.142791 0.297262  1.61211
0.893053 0.151475 0.302912  1.62137
0.893899 0.142617 0.304425  1.62294
0.892123  0.14557 0.302541  1.61872
 0.761403  0.155841 -0.463127   1.40828
 0.761699  0.155656 -0.463316   1.40898
 0.762264  0.156044 -0.464801   1.41099
 0.760965  0.155478 -0.463175    1.4071
 0.760947  0.155753 -0.463319    1.4072
 0.760979   0.15528 -0.462984     1.407
 0.760895  0.156312 -0.463354   1.40725
  0.76098  0.155272 -0.463099   1.40708
 0.76966 0.157621 -0.46121  1.42495
 0.760943  0.155527 -0.463268   1.40713
 0.743894  0.132249 -0.456467   1.36863
 0.745594   0.13084 -0.456085   1.37167
 0.741914  0.131095 -0.454686   1.36316
 0.739723  0.130905 -0.452683   1.35701
 0.741172  0.129042 -0.452223   1.35938
 0.741414  0.129964 -0.452761    1.3604
 0.745099  0.127579 -0.453479   1.36835
 0.742693  0.127228 -0.451526   1.36178
 0.744422  0.125288 -0.450671    1.3645
 0.744586  0.126345 -0.451392   1.36548
 0.743019  0.130747 -0.454451   1.36523
 0.742871  0.128205 -0.452165   1.36273
 0.744686  0.128855 -0.453931   1.36802
 0.743327  0.129311 -0.454001   1.36531
 0.760923  0.156049 -0.463386   1.40725
 0.763551  0.155005 -0.465708   1.41414
 0.767233  0.155865 -0.464362   1.42093
 0.768426   0.15512 -0.465194   1.42358
 0.770735  0.154228 -0.464664   1.42793
 0.767903  0.123064 -0.444556   1.41002
 0.763667  0.119027 -0.443159   1.39978
 0.768115  0.117114 -0.439006   1.40655
 0.766788   0.11974 -0.441133   1.40536
 0.760958  0.115962 -0.443219   1.39352
 0.756717  0.114617 -0.442551   1.38368
 0.760417  0.112243 -0.439623   1.38946
 0.760209  0.113873 -0.441329   1.39026
 0.769442  0.111637 -0.435328   1.40639
 0.764479  0.109853 -0.435959   1.39565
 0.769255  0.107151 -0.431523   1.40299
 0.768815  0.109425 -0.434012   1.40376
 0.763298   0.11668 -0.441438   1.39756
 0.764151   0.11175 -0.438064   1.39643
 0.767825  0.114725 -0.437537   1.40466
 0.764868  0.113905 -0.439566   1.39938
 0.761015  0.155487 -0.463903   1.40772
 0.764804  0.152424 -0.461588   1.41464
 0.774437   0.14817 -0.451106   1.42919
 0.777446  0.125592 -0.433471   1.42434
 0.775659  0.133561 -0.440408    1.4251
 0.770817  0.126265 -0.442367   1.41498
0.775891 0.129898  -0.4399  1.42504
 0.764775  0.130884 -0.452116   1.40791
 0.779955  0.137635 -0.438724   1.43408
  0.78242  0.128849 -0.431522   1.43453
 0.786053    0.1383 -0.428337   1.44211
 0.782037  0.132825 -0.429255   1.43296
 0.768844  0.151345 -0.465309   1.42379
 0.760864  0.156119 -0.462451   1.40676
 0.761004  0.156416 -0.462721   1.40725
 0.763481  0.156025 -0.463884   1.41335
 0.762525  0.156699 -0.465635   1.41205
 0.766114  0.157632 -0.464167   1.41896
 0.764114  0.156748 -0.462071   1.41399
 0.763174  0.155339 -0.465627   1.41331
 0.735876  0.154019 -0.464409   1.36178
0.760913 0.155848 -0.46339   1.4072
  0.76896  0.160436 -0.461558   1.42423
 0.762752  0.155961 -0.466054   1.41263
 0.76537 0.155742 -0.46173  1.41621
 0.762198  0.155874 -0.464849   1.41085
 0.761045  0.163184 -0.449576   1.40465
 0.761615  0.155466 -0.463367    1.4088
0.761026 0.156181 -0.46424  1.40802
 0.761451  0.155275 -0.462825   1.40807
 0.763076  0.155698 -0.466447   1.41347
 0.761237  0.155039 -0.463091   1.40772
0.760984 0.155201 -0.46278  1.40691
 0.761147  0.154974 -0.463447    1.4077
 0.760984  0.155254 -0.462583   1.40683
 0.761302  0.155159 -0.462904   1.40778
0.761095 0.155257 -0.46253  1.40706
  0.79027   0.14307 -0.415492   1.44576
 0.796078   0.14218 -0.407204   1.45427
 0.790737  0.151517 -0.409323   1.44535
 0.791918  0.143791 -0.409075   1.44633
 0.805077  0.138908 -0.392762   1.46682
 0.821147  0.140675 -0.371417   1.49415
 0.802714  0.155837 -0.386247   1.46213
 0.806964   0.14307 -0.382278   1.46765
 0.789494  0.157942 -0.404159   1.44164
0.793687  0.16278 -0.39636  1.44807
 0.787178  0.168399 -0.404698   1.43857
 0.789994  0.161416 -0.401431   1.44223
 0.797754  0.141614 -0.396695   1.45291
 0.797079  0.154785 -0.393063   1.45273
 0.791499  0.151683 -0.402369   1.44386
  0.79633  0.151216 -0.397853   1.45221
0.787178 0.146397 -0.41438  1.43899
 0.787049  0.150699 -0.414978   1.43997
 0.785232  0.158242 -0.406563   1.43357
 0.783509  0.164538 -0.410328    1.4329
 0.781489  0.155424 -0.424028   1.43339
 0.783682   0.15791 -0.415422   1.43435
 0.735129  0.144309 -0.459338   1.35497
 0.736373  0.142814 -0.459008   1.35701
 0.733189  0.143826 -0.456968   1.34928
 0.731019  0.144046 -0.455001   1.34318
 0.732131  0.142257 -0.454893   1.34502
 0.732664  0.142999 -0.455213   1.34649
 0.735055  0.140294 -0.456741   1.35216
 0.733127  0.140629 -0.454715   1.34661
 0.734081  0.138983 -0.454565   1.34813
 0.734586  0.139671 -0.454862   1.34952
 0.734269  0.143211 -0.457009   1.35138
  0.73361  0.141324 -0.455048   1.34798
 0.735245  0.141208 -0.457028   1.35296
0.734054 0.142019 -0.45672  1.35048
 0.729691  0.160907 -0.458446   1.34721
0.729623 0.165598 -0.45658  1.34705
 0.727419  0.160912 -0.455213   1.34025
0.727253 0.163412 -0.45426  1.33987
 0.725706  0.161888 -0.453996   1.33562
 0.726295  0.161965 -0.454366   1.33761
 0.728001  0.163785 -0.456477   1.34317
0.728666 0.162301 -0.45653  1.34421
 0.766514  0.162807 -0.458421   1.41877
 0.772112  0.156666 -0.459338    1.4291
 0.764062  0.153777 -0.463666   1.41422
 0.748404  0.133622 -0.458203   1.37913
 0.752613  0.130775 -0.457263   1.38683
 0.761029  0.156516 -0.464327   1.40814
 0.766223  0.152165 -0.462963   1.41791
 0.761068  0.156728 -0.464247   1.40824
  0.76869  0.160618 -0.457506    1.4224
 0.764517  0.156017 -0.461949   1.41463
 0.761119  0.156706 -0.463936   1.40819
 0.763505  0.155628 -0.462326   1.41269
 0.762982  0.156215 -0.464244   1.41248
 0.762417  0.156747 -0.464597   1.41153
 0.761042  0.156646 -0.464348   1.40821
 0.762998  0.156579 -0.465463   1.41303
 0.761302  0.156618 -0.463514   1.40837
 0.761987  0.156338 -0.464466   1.41028
0.763265  0.15627 -0.46237  1.41233
 0.761665  0.156478 -0.463956   1.40936
 0.762139  0.157078 -0.465477   1.41129
 0.761081  0.156042 -0.462499   1.40723
 0.761558   0.15649 -0.463954   1.40913
 0.943734  0.152985 0.0746467   1.69876
  0.94907  0.155388 0.0395862   1.71071
  0.95012  0.155297 0.0641248   1.71057
 0.947561  0.164698 0.0656287   1.70942
   0.959812    0.127046 0.000230558     1.73293
  0.967191  0.0693493 -0.0147146     1.7457
0.960696  0.11791 0.031623  1.72966
 0.960479 0.0951852 0.0271055   1.73009
 0.953923  0.145881 0.0642359     1.716
 0.957185  0.131909 0.0545749   1.72154
 0.955012  0.145281 0.0731263   1.71803
0.955172   0.1389 0.069344  1.71818
   0.9526  0.150107 0.0392158   1.71862
 0.956797  0.129163 0.0516509   1.72175
 0.952539  0.152384 0.0638285   1.71558
 0.954774  0.143114 0.0409984   1.71897
 0.863966  0.372287 0.0877729   1.57236
0.872665 0.355272 0.119502  1.58851
0.854232 0.377653 0.105315  1.55502
 0.86012 0.366114 0.121917   1.5656
0.848497 0.381352 0.124028  1.54747
0.853458 0.368998 0.116539  1.55089
0.864099 0.360829 0.116577  1.57079
0.862525 0.363102 0.100973  1.56641
  0.804257    0.43309 -0.0982505    1.47421
 0.813512   0.41164 -0.117662   1.48538
  0.826263   0.410521 -0.0886478    1.50898
  0.812489   0.410832 -0.0992216     1.4797
 0.827351  0.389327 -0.134737   1.50923
  0.849668    0.38653 -0.0833186    1.55061
  0.830772   0.396886 -0.0937906    1.51356
 0.824844  0.389841 -0.111714   1.49949
  0.868212   0.349963 -0.0763342    1.57616
0.955511 0.122835 0.031655  1.71672
 0.954925  0.129436 0.0356786   1.71567
 0.955288  0.129323 0.0287559   1.71594
  0.95522  0.130532 0.0331869   1.71647
 0.954535  0.134256 0.0220001   1.71313
 0.95391 0.139708 0.030406  1.71326
 0.953894  0.140434 0.0389291   1.71364
  0.952286   0.132893 -0.0972415    1.70872
  0.954208    0.14753 -0.0751221    1.71373
 0.955694  0.133559 0.0197365   1.71601
  0.95564  0.132062 0.0215703   1.71571
 0.956657  0.126543 0.0169102   1.71815
0.957398  0.12193 0.015214   1.7195
 0.956882  0.122195 0.0201568   1.71877
 0.956914  0.121338 0.0163347   1.71845
 0.955732  0.129598 0.0275453   1.71702
 0.956475  0.123025 0.0253439    1.7184
  0.95605  0.123464 0.0304828   1.71796
 0.955949  0.122714 0.0261565   1.71723
 0.956365  0.126432 0.0176065   1.71751
 0.956399  0.122239 0.0206108   1.71777
 0.955633  0.128547 0.0206789   1.71627
 0.956275  0.126796 0.0212485   1.71761
 0.957327  0.120797 0.0112744   1.71888
 0.956633  0.125952 0.0139491   1.71775
  0.956924   0.125074 0.00710125    1.71787
 0.956933  0.126871 0.0116598   1.71846
   0.955965    0.127585 -0.00142778     1.71497
 0.955479  0.134267 0.0077852   1.71525
 0.955499  0.135059 0.0156577   1.71561
   0.959106    0.116408 -0.00940871     1.72081
   0.958399    0.119801 -0.00730793     1.71972
  0.958701   0.117519 -0.0135233     1.7198
  0.958714   0.120446 -0.0100289    1.72038
  0.958134   0.126038 -0.0137492    1.71893
   0.95755   0.122384 -0.0144937    1.71772
   0.957438    0.125696 -0.00751333     1.71806
  0.95126  0.152919 0.0526372   1.70756
  0.958296   0.129085 -0.0203455     1.7195
 0.958678  0.127473 -0.015933   1.72029
  0.959645   0.118601 -0.0236786     1.7213
 0.960571  0.115147 -0.026259    1.7229
  0.960342   0.115276 -0.0212039    1.72267
  0.960079   0.114316 -0.0229038    1.72174
  0.959138   0.117684 -0.0149442    1.72066
  0.959994   0.115597 -0.0162612    1.72224
  0.959622   0.117046 -0.0112728    1.72193
   0.95949   0.114998 -0.0144429    1.72115
  0.959411   0.117718 -0.0197808    1.72075
   0.95986   0.114304 -0.0184443    1.72155
  0.959204   0.116896 -0.0164979    1.72048
  0.959517   0.117854 -0.0189104    1.72117
 0.960263  0.113877 -0.028047   1.72184
   0.95946   0.118394 -0.0245144    1.72072
  0.959603   0.117104 -0.0307858    1.72073
  0.959745   0.118496 -0.0292411    1.72133
  0.958478   0.122387 -0.0340508    1.71858
  0.958112   0.123839 -0.0326757     1.7183
  0.958025   0.128364 -0.0261408    1.71872
  0.960969   0.109854 -0.0495901    1.72254
  0.960096   0.115215 -0.0459161    1.72127
 0.960045  0.113191 -0.052113     1.721
  0.960345    0.11356 -0.0515831    1.72178
 0.958639  0.125035 -0.053678   1.71956
  0.958763   0.115004 -0.0527416    1.71843
  0.958662    0.12137 -0.0484136    1.71895
 0.952728  0.148848 0.0279521    1.7097
  0.958189   0.120132 -0.0691865    1.71842
   0.95873   0.124913 -0.0614413    1.72003
  0.959961   0.112408 -0.0723816    1.72138
  0.961704   0.106432 -0.0763959    1.72489
  0.961886   0.106489 -0.0684018    1.72494
  0.960874   0.106894 -0.0694234    1.72245
  0.960288   0.111435 -0.0573617    1.72149
  0.961805   0.107363 -0.0610616    1.72457
  0.961648   0.109131 -0.0544961    1.72425
  0.961051   0.108202 -0.0556814    1.72261
  0.959742   0.113873 -0.0651397    1.72067
   0.96106   0.107235 -0.0620914    1.72266
  0.960086   0.113918 -0.0568202    1.72118
  0.960215   0.112404 -0.0649184    1.72165
 0.948158  0.188325 0.0157283   1.70381
 0.953532   0.14951 -0.122597   1.71718
 0.945728  0.149949 -0.153863   1.70308
 0.953272  0.130409 -0.130982    1.7131
 0.949631  0.133872 -0.147879   1.70757
 0.952462  0.120197 -0.145065   1.71115
 0.951403  0.123869 -0.146024   1.70981
 0.947736  0.139067 -0.151623   1.70545
  0.95077  0.147918 -0.142538    1.7129
 0.94715 0.169978 0.062627  1.69952
 0.942647  0.133979 -0.188076   1.69698
0.942828 0.139781 -0.17966  1.69745
 0.940718  0.142765 -0.187426   1.69454
 0.942081  0.135176 -0.186049   1.69613
 0.937926  0.169675 -0.190196   1.69543
0.940437 0.141186 -0.17947  1.69293
 0.940823  0.143286 -0.178559   1.69412
  0.957256   0.138761 -0.0360419    1.71799
  0.78363   0.40121 -0.213365   1.43718
0.792443 0.379706 -0.22334  1.44809
 0.802852  0.385908 -0.200239   1.46725
 0.790723   0.38292 -0.209239   1.44157
0.805194  0.36233 -0.23512  1.47286
 0.823463  0.371454 -0.193964   1.50594
 0.807241  0.375398 -0.204091    1.4739
 0.802318  0.367245 -0.215678   1.46252
   0.87602   0.354384 -0.0138074     1.5894
 0.780172   0.32798 -0.309882   1.43078
 0.799857  0.339512 -0.278421   1.46616
 0.770867  0.340417 -0.302025   1.41143
 0.781054  0.347701 -0.284572   1.42958
 0.764723   0.35734 -0.297173   1.40413
  0.76991  0.344262 -0.291515   1.40665
 0.784008  0.340426 -0.288336   1.43525
 0.778252  0.333863 -0.296015   1.42295
  0.950088   0.168228 -0.0948061     1.7098
 0.927147  0.230618 -0.134557   1.67563
 0.913817  0.170193 -0.270273   1.65496
  0.91456  0.176912 -0.260945   1.65674
 0.910937  0.181346 -0.269857   1.65218
 0.912948  0.172315 -0.267495   1.65386
 0.907472  0.205746 -0.272419   1.65337
 0.910536  0.181746 -0.263356   1.65102
 0.911381  0.184111 -0.262098   1.65321
 0.748294  0.314127 -0.354126   1.37562
 0.753868   0.30131 -0.355001   1.38278
   0.7609  0.309619 -0.343196   1.39522
 0.752241  0.305225 -0.348055   1.37735
 0.761931  0.292982 -0.359638   1.40036
 0.775466  0.307429 -0.338615   1.42477
 0.763341  0.305049 -0.345396   1.40068
  0.76008  0.298755 -0.350485   1.39367
 0.924081  0.211003 -0.190387    1.6734
 0.874132  0.221032 -0.329097    1.5998
 0.880578  0.224362 -0.322029   1.61298
 0.873727  0.212138 -0.337652   1.59699
0.874315 0.206781 -0.34537   1.5976
 0.880547  0.201517 -0.335875   1.60686
 0.875723  0.207163 -0.338789   1.59831
0.887169 0.199063 -0.31523  1.61605
 0.886383  0.195928 -0.326413   1.61537
 0.891899  0.189691 -0.316983   1.62318
0.888286 0.196667 -0.31992  1.61758
 0.876642  0.215269 -0.329974   1.60164
0.882107  0.20204 -0.32937   1.6081
 0.885286  0.209775 -0.317092   1.61504
 0.880235  0.206385 -0.327205   1.60615
 0.737862  0.275985 -0.390358   1.35741
 0.743017  0.266415 -0.389377   1.36469
 0.747485   0.27419 -0.381525   1.37249
 0.741004   0.26994 -0.384759   1.35906
 0.750209  0.261057 -0.393091   1.38119
 0.758903  0.275045 -0.378711   1.39675
  0.74958   0.27156 -0.383189   1.37789
0.748256 0.266079 -0.38636  1.37484
 0.754692  0.352625 -0.302131   1.38266
 0.749795  0.342058 -0.317703   1.37412
 0.764262  0.335918 -0.306682    1.3972
 0.758796  0.347305 -0.313674   1.39376
 0.746272  0.330933 -0.332102   1.36819
 0.743184  0.319982 -0.344918   1.36297
 0.756788    0.3157 -0.333726    1.3846
 0.751484  0.325134 -0.341656   1.38103
 0.771617  0.324884 -0.314918   1.41294
 0.771626  0.315837 -0.320224   1.41157
 0.755038  0.336169 -0.328426   1.38728
 0.762653  0.321229 -0.329596   1.39752
 0.767683  0.330717 -0.316749   1.40652
 0.759953  0.325749 -0.321793   1.39007
 0.849994  0.229158 -0.363138   1.56072
 0.854526  0.231184 -0.358366   1.56954
 0.850122  0.223856 -0.371167   1.56053
   0.8511  0.220085 -0.376774   1.56178
 0.856687  0.216937 -0.369482   1.57027
 0.852001   0.22019 -0.371874   1.56166
 0.861186  0.218648 -0.356315   1.57775
 0.862348  0.214074 -0.362039   1.57911
 0.868129  0.210296 -0.354021   1.58787
 0.863246  0.214284 -0.356691   1.57894
  0.85222  0.225728 -0.365801   1.56355
 0.857396  0.217142 -0.364659   1.56984
0.858081 0.222772 -0.35764   1.5723
 0.855579  0.220676 -0.364046   1.56868
 0.815134   0.23458 -0.402687   1.50421
 0.821044  0.232483 -0.404507    1.5146
 0.826429  0.228791 -0.403235   1.52211
 0.826557  0.232466 -0.398086   1.52314
 0.824556  0.230953 -0.402745    1.5205
 0.826308  0.237823 -0.391464   1.52322
 0.818409  0.234807 -0.402656   1.51011
 0.823941   0.23753 -0.397772   1.52068
0.867229 0.242967 -0.30057  1.58233
 0.809566  0.226725 -0.418552   1.49595
 0.805858  0.228759 -0.417677    1.4908
 0.807104  0.227293 -0.416093   1.49106
  0.81228  0.227487 -0.418673   1.50067
 0.814654  0.227573 -0.418116   1.50365
 0.812623  0.229052 -0.416262   1.50089
 0.813432   0.22796 -0.418106   1.50296
 0.809123  0.231031 -0.411095     1.494
 0.811175  0.228167 -0.418602   1.49904
 0.809836  0.229554 -0.413743   1.49645
 0.811975  0.229477 -0.416637   1.50015
0.740151 0.309611 -0.35726  1.35826
 0.737014  0.299949 -0.367281   1.35282
 0.748504  0.297021 -0.358208   1.37133
0.744319 0.304563 -0.36483  1.36865
 0.734931   0.29023 -0.376382   1.34934
   0.7333  0.280991 -0.384411   1.34665
0.743863 0.279079 -0.37561  1.36364
 0.739783  0.285152 -0.382523   1.36066
 0.754771  0.289389 -0.363219   1.38539
 0.755531  0.282161 -0.366375    1.3859
  0.74191  0.294682 -0.374218   1.36445
 0.748433  0.283822 -0.372918   1.37363
   0.7517  0.292567 -0.364647   1.37949
 0.745714   0.28779 -0.368029   1.36675
0.939461 0.164803 0.202887  1.69082
0.932647 0.154201 0.188379  1.68667
0.928958 0.149676 0.194126  1.68093
0.909676 0.232259  0.28348   1.6514
0.920573 0.212949  0.23702  1.66449
 0.816074 -0.171767  0.150913   1.50653
0.908188 0.158933 0.214036  1.63698
0.899819 0.155823 0.333214  1.63504
0.918791 0.179711  0.25086   1.6646
0.931085 0.158049 0.229919  1.67681
0.917988 0.190309 0.215349  1.65778
0.931685 0.157361 0.234329  1.67716
0.931896 0.154138  0.23675  1.67774
0.868844 0.266592 0.251813  1.57829
0.867794 0.274609 0.245213  1.57642
0.873895  0.27013 0.242843   1.5862
0.870309 0.273385 0.247427  1.58248
0.866792 0.282946 0.238051  1.57477
0.865513 0.291305 0.230224  1.57245
0.872367 0.284855 0.227417  1.58335
0.868389 0.290049 0.232823  1.57938
0.879246 0.272456 0.234726  1.59513
0.880003 0.275578 0.226486  1.59584
 0.86948 0.281654  0.24027  1.58118
0.874222 0.283348 0.231406  1.58804
0.875338 0.276294 0.238291   1.5903
0.872931 0.278113 0.235333  1.58464
0.932189  0.14308 0.230167  1.67854
0.926694 0.153317 0.251354  1.66986
0.932398 0.130652 0.226935  1.67936
0.934333 0.158374 0.228247  1.68248
0.931891  0.12184 0.240901  1.68103
0.926269 0.158087 0.238267  1.66773
 0.937416 0.0820876  0.210484   1.68666
  0.94729 0.0491297  0.196592   1.70718
 0.941546 0.0607931  0.205911   1.69486
 0.942828 0.0576479  0.209844   1.69907
 0.935383 0.0661021  0.228979   1.68529
0.932406 0.069712 0.232072  1.67907
 0.938625 0.0749735  0.222631   1.69224
0.933831 0.152879 0.227416  1.68095
0.881738 0.270981 0.237465  1.60095
0.884687 0.257341 0.248914  1.60685
0.875666 0.268622 0.245627  1.59048
0.877539 0.260481 0.251283  1.59412
0.871392 0.265215 0.253735  1.58433
0.874661 0.262662 0.249074  1.58762
0.880545 0.260213 0.248371   1.5983
0.880205   0.2641 0.241579  1.59686
 0.931691 0.0871685  0.250869   1.68289
 0.93371 0.102773 0.234439  1.68429
 0.929409 0.0993459   0.23961   1.67484
 0.93149 0.193006 0.243455   1.6758
0.923376  0.18969 0.251895  1.65532
0.927659 0.155448 0.221187  1.67199
0.925296 0.155737 0.202029  1.67184
0.929498 0.157078 0.239641  1.67333
0.92674 0.15906 0.23455 1.66843
0.933667 0.154168 0.219819  1.68276
0.917117 0.166843 0.253898  1.64325
 0.91942 0.175191 0.217666  1.66474
0.926928 0.148322 0.247423  1.66972
0.931783 0.141962 0.198511  1.67984
0.930128 0.158575 0.235233  1.67401
0.930917 0.143959 0.192192  1.68567
0.918709 0.164801 0.265929  1.65809
0.937087 0.150745 0.185342  1.69654
0.916208 0.164747 0.239619  1.64884
0.941227 0.157317 0.173491  1.70073
0.935676 0.153228 0.219386  1.68708
0.944939 0.128057 0.147181  1.71623
0.932848 0.198527 0.113945   1.6693
0.935536 0.129442  0.25407  1.69824
0.945948 0.185068 0.168898  1.69619
0.944857 0.155118  0.17164  1.70809
0.949794 0.162016 0.175415  1.70608
0.882321 0.242388 0.261491  1.60042
0.882919 0.245754 0.254722  1.60089
0.877203 0.239132 0.268472  1.59201
0.872133 0.234217 0.275647  1.58397
0.871163 0.242213 0.270427   1.5822
0.873461 0.240891 0.272256  1.58773
 0.87588 0.253605 0.256143  1.58954
0.870369 0.250295 0.264599  1.58082
0.869571 0.258094 0.258301  1.57933
0.872011 0.256828 0.260585  1.58529
0.878504 0.245098 0.264862  1.59566
0.872769 0.248965 0.266581  1.58661
0.877467 0.251952 0.259521  1.59355
0.876264 0.247027 0.262478  1.59047
0.885907 0.160894 0.298911  1.60822
0.890386 0.169666 0.300581  1.61644
0.891891  0.16023 0.301704  1.61966
0.889649 0.163021 0.300472  1.61456
0.895842 0.172123 0.294386  1.62389
0.901793   0.1546 0.295231  1.63535
0.897369 0.157006 0.299186  1.62753
 0.89556 0.159165 0.298146  1.62343
0.895565 0.167218 0.295144    1.624
0.883535 0.162312 0.299347  1.60305
 0.88151 0.171879 0.299423  1.59976
0.888223 0.171989 0.299718  1.61162
0.884006 0.170298 0.299416  1.60531
0.879572 0.181452 0.298187  1.59654
0.877836 0.190794 0.295855  1.59358
0.885168 0.189015 0.294446  1.60608
0.880515 0.189006 0.296597  1.59971
0.893182 0.174794 0.292763  1.61781
0.893616 0.179969 0.287969   1.6184
0.882218 0.179719 0.298605  1.60252
0.887228 0.186429 0.296583  1.61081
0.888894 0.178424  0.29907  1.61414
0.886446 0.180996 0.297732  1.60865
0.929305 0.138996 0.240023  1.67377
0.892057 0.275557 0.221076  1.62012
0.929979 0.148805 0.238987  1.67433
0.906308 0.163122 0.252097  1.62205
0.925702 0.135321 0.251214  1.66826
 0.90351 0.171391 0.259821  1.61342
0.934654 0.153456 0.226634  1.68297
0.928585 0.158053 0.233806  1.67196
0.911765 0.183728 0.255261  1.63049
0.926529 0.155166 0.223889  1.66951
0.923742 0.149355 0.209519  1.66567
 0.92021  0.15616 0.215953  1.65967
0.908628  0.17146 0.260962  1.62372
0.925274 0.150702 0.204806  1.66873
0.930362 0.184738 0.239498  1.66862
0.928036 0.163085 0.198501  1.67602
0.924324 0.155788 0.224432  1.66539
0.932683 0.173483 0.214492  1.67885
 0.92126 0.162279 0.215986  1.65982
0.934679 0.187469 0.235022  1.67664
 0.92732 0.174752 0.217958  1.66625
  0.76194  0.121846 -0.445314   1.39782
 0.763495  0.124695 -0.447036   1.40233
 0.755487  0.125072 -0.450248   1.38764
 0.759675  0.118367 -0.444494   1.39193
 0.755862  0.120376 -0.447485   1.38597
 0.756566  0.116172 -0.444081   1.38451
 0.757198  0.118035 -0.446068   1.38756
 0.756991  0.123004 -0.447846   1.38904
 0.760419  0.121268 -0.446519   1.39523
 0.771495  0.143696 -0.459378   1.42648
 0.750967  0.127333 -0.453679   1.38067
 0.746458  0.130918 -0.455605   1.37315
 0.748768  0.125282 -0.451956   1.37466
 0.746298  0.127491 -0.452969    1.3705
 0.746489  0.124434 -0.450397   1.36851
 0.747012  0.125737 -0.452237   1.37123
0.747116 0.129072 -0.45413  1.37327
0.749654 0.127259 -0.45357  1.37792
  0.76741   0.15349 -0.465516   1.42134
 0.771017  0.132131 -0.449824   1.42002
 0.772123  0.136506 -0.447201    1.4216
 0.739013  0.138791 -0.457202   1.36041
 0.739817  0.137375 -0.457473   1.36196
  0.73679  0.137405 -0.455793   1.35448
 0.734998  0.137427 -0.454222   1.34947
 0.736152  0.135831 -0.453817   1.35128
 0.736442  0.136667 -0.454231   1.35232
0.739004 0.134489 -0.45561  1.35837
 0.737325  0.134217 -0.453546   1.35322
 0.738423  0.132587 -0.453229   1.35498
 0.738633  0.133453 -0.453682   1.35587
 0.737817  0.136989 -0.455705   1.35647
 0.737551  0.135027 -0.453943   1.35411
 0.738763  0.135494 -0.455827   1.35822
 0.737897  0.135927 -0.455551   1.35631
 0.735415  0.138207 -0.454604   1.35075
 0.736795  0.138435 -0.456111   1.35492
 0.736023  0.139756 -0.456711   1.35402
 0.735775  0.138723 -0.456307     1.353
 0.737276  0.141805 -0.459518   1.35894
 0.736889  0.140406 -0.458371   1.35708
 0.737848  0.139855 -0.457642   1.35848
 0.775718  0.160006 -0.442159   1.43052
 0.735249   0.14551 -0.459948   1.35588
 0.733305  0.149374 -0.459752   1.35267
 0.733236  0.144839 -0.457211   1.34976
 0.732103  0.146865 -0.457125    1.3478
 0.731523  0.144857 -0.455386   1.34464
 0.731956  0.145586 -0.456846   1.34703
 0.732794  0.147745 -0.459031   1.35077
 0.734199  0.146358 -0.458769    1.3532
 0.781828  0.174951 -0.415302   1.43261
 0.778072  0.163232 -0.425611   1.42835
0.779022 0.167564 -0.42322  1.42928
  0.73179  0.152716 -0.459916   1.35045
   0.7307  0.156931 -0.458998   1.34865
  0.72967  0.152289 -0.456972   1.34397
 0.728957  0.154534 -0.456507    1.3427
 0.727952   0.15269 -0.455455   1.33906
 0.728454   0.15316 -0.456405   1.34127
 0.729678  0.155199 -0.458559   1.34584
 0.730761  0.153792 -0.458441   1.34767
 0.791815  0.193312 -0.450977   1.46717
 0.793507  0.195094 -0.453236   1.47137
 0.792366  0.201723 -0.448979   1.47065
 0.791682  0.203122 -0.444669   1.46838
 0.786156  0.194996 -0.456248   1.45944
 0.789974  0.199417 -0.453789   1.46727
 0.729122  0.170331 -0.455158   1.34632
 0.730045  0.175566 -0.452294   1.34775
0.726666 0.170809 -0.45165  1.33885
 0.727028  0.173558 -0.450191   1.33932
 0.724946  0.172425 -0.450762   1.33453
 0.725632   0.17205 -0.450508   1.33625
  0.72781  0.173656 -0.452533   1.34276
 0.728085  0.172061 -0.452759   1.34307
  0.77123  0.160404 -0.447591   1.42372
 0.728239  0.179777 -0.450167   1.34378
 0.728858  0.177886 -0.450268   1.34464
 0.725962  0.180789 -0.446608   1.33673
  0.72324  0.183149 -0.446088   1.33077
 0.723308  0.179981 -0.447403   1.33093
  0.72501  0.181272 -0.447306   1.33469
 0.725897  0.174937 -0.449351   1.33682
 0.723349  0.176958 -0.448582     1.331
 0.723449  0.174031 -0.449745   1.33121
 0.725019  0.175219 -0.449663   1.33467
  0.72722  0.179281 -0.447588   1.33953
 0.724969  0.178223 -0.448525    1.3346
0.726923 0.176299 -0.44913  1.33916
 0.725774  0.177706 -0.447943   1.33636
 0.734801  0.151299 -0.463526   1.35841
 0.737205  0.148592 -0.463144   1.36253
 0.723362  0.198346 -0.439383   1.33088
  0.72315   0.19421 -0.441354   1.33055
 0.726858  0.194728 -0.439407   1.33779
 0.725515  0.195912 -0.441117    1.3357
0.723127  0.19032 -0.44307  1.33053
 0.723101  0.186561 -0.444686   1.33049
 0.726354  0.187315 -0.443256   1.33713
  0.72517  0.188122 -0.444533   1.33504
 0.729677  0.192901 -0.443242   1.34594
0.730206 0.190541 -0.44346  1.34654
 0.725283  0.191923 -0.442895   1.33526
 0.727749   0.18902 -0.442884   1.34024
0.728397 0.192738  -0.4408  1.34126
 0.726382  0.190791 -0.441391   1.33693
  0.73388  0.170062 -0.461055   1.35973
 0.798427  0.227314 -0.418435   1.47705
 0.786838  0.227613 -0.412397    1.4509
 0.789742  0.231478 -0.411352   1.45735
0.735273 0.179978  -0.4565  1.36244
 0.737008  0.202001 -0.442366   1.36352
  0.73556  0.197691 -0.443544   1.36007
 0.733514  0.209711 -0.433082   1.35248
 0.733976  0.206668 -0.433489   1.35282
 0.729828  0.212445 -0.428511   1.34232
 0.725199  0.217588 -0.428919   1.33379
 0.724638   0.21251 -0.431858   1.33292
 0.727857  0.214534 -0.431333    1.3398
 0.728404  0.203063 -0.434309   1.34015
 0.724093  0.207541 -0.434542     1.332
 0.723806  0.202789 -0.437067    1.3316
 0.726675   0.20467 -0.436634   1.33774
  0.73172   0.20986 -0.430499   1.34665
 0.727176  0.209581 -0.434108   1.33864
 0.730481  0.205163 -0.433611   1.34464
 0.728845  0.207494 -0.431518   1.34061
0.746256 0.207497 -0.43971  1.38278
 0.738336  0.230852 -0.417769   1.36001
 0.739232  0.226753 -0.418613   1.36111
 0.73369 0.234261 -0.41335  1.34798
 0.727483  0.241201 -0.414308   1.33724
 0.726944  0.234797 -0.418351   1.33642
 0.731106   0.23743 -0.417583   1.34538
 0.732058  0.222733 -0.421247   1.34565
 0.726465  0.228763 -0.422064   1.33572
 0.725888  0.223021 -0.425603   1.33486
 0.729639  0.225302 -0.424906   1.34285
 0.736148  0.231138 -0.416191   1.35371
 0.730376  0.231198 -0.421361    1.3441
 0.734662  0.225381 -0.420205   1.35126
 0.732618  0.228151 -0.417629   1.34627
   0.8153  0.264563 -0.354854   1.49814
 0.771806  0.245543 -0.395499   1.42035
 0.844881  0.246561 -0.341323   1.54832
 0.798694  0.246048 -0.386319   1.47042
  0.88799  0.238485 -0.270473    1.6187
 0.803589  0.276003 -0.351024   1.47898
 0.795427  0.359826 -0.241864   1.45211
  0.79556  0.348388 -0.250768   1.45039
 0.78521 0.374881 -0.22992  1.43198
 0.772265  0.396468 -0.220158    1.4122
 0.767345  0.386174 -0.242316   1.40346
  0.77771  0.391672 -0.236473   1.42659
 0.776462  0.354614 -0.269783   1.41715
 0.763385  0.374927 -0.263547   1.39679
 0.759226   0.36352 -0.283075   1.38975
 0.769294  0.368975 -0.277926   1.41186
0.789597 0.369681 -0.24468  1.44385
 0.773754  0.380381 -0.257993   1.41969
 0.783474  0.360465 -0.263681   1.43282
 0.780419  0.365002 -0.251827   1.42405
 0.907102   0.22681 -0.231473   1.64802
 0.791244  0.430696 -0.107211   1.44561
 0.783947  0.425384 -0.137723    1.4322
  0.80519  0.407913 -0.126682   1.46654
  0.79606  0.430295 -0.129259    1.4597
 0.779519  0.416859 -0.167275   1.42435
 0.775853  0.406529 -0.193798   1.41762
 0.796614  0.391655 -0.179632   1.45086
 0.787158   0.41255 -0.186587   1.44337
 0.817331  0.387983 -0.142729   1.48742
0.817986 0.375283  -0.1572  1.48615
 0.791496  0.422323 -0.159311    1.4515
 0.803846  0.398291 -0.170795   1.46794
 0.810004  0.405727 -0.146526   1.47993
 0.800078  0.401466 -0.156141    1.4578
 0.938365  0.192374 -0.151614    1.6951
 0.817494  0.423247 0.0214634   1.49026
   0.810783    0.428783 -0.00890468     1.47852
   0.831024    0.407047 -0.00425958     1.51119
    0.822247     0.430097 -2.55248e-05      1.50459
  0.804756   0.431621 -0.0406771    1.46826
   0.79833   0.431845 -0.0731734    1.45718
  0.821297    0.40967 -0.0633095    1.49432
  0.810855   0.434316 -0.0640591    1.48526
  0.844578   0.387769 -0.0222692    1.53328
  0.846649   0.378824 -0.0430889    1.53546
  0.816822   0.433436 -0.0317266    1.49548
  0.829527   0.412884 -0.0521896     1.5134
  0.835065   0.412014 -0.0236607    1.52353
  0.826004   0.410607 -0.0344247    1.50295
  0.955732   0.134898 -0.0241615    1.71376
0.841846 0.383419 0.119554  1.53262
0.835974  0.39486 0.100068  1.52229
 0.849142  0.379031 0.0989794   1.54333
0.843296 0.393596 0.105864  1.53899
 0.830036  0.405796 0.0771426   1.51202
 0.823807  0.414521 0.0514132   1.50074
 0.841079  0.394523 0.0545382   1.52869
 0.833362  0.414891 0.0598162    1.5229
 0.857342  0.373924 0.0814962   1.55732
 0.858038  0.373381 0.0631346   1.55753
 0.838595  0.404918 0.0840609   1.53156
 0.846899  0.395023 0.0649316   1.54273
 0.851443   0.38743 0.0854844   1.55118
 0.844861  0.388666 0.0772773   1.53606
0.952454 0.133101 0.084741  1.71055
0.954982 0.126849 0.110858  1.71814
0.869577 0.338044 0.150445   1.5785
0.870334 0.339388 0.136833  1.57879
0.862453 0.339079 0.164226  1.56621
0.855978 0.339879 0.179891  1.55644
0.853176 0.349741 0.167164  1.55148
0.857698 0.348425 0.170903  1.56205
0.857703 0.356945 0.135122  1.55787
0.850261  0.36018 0.152934   1.5466
0.846534 0.370916 0.137339   1.5402
0.852196 0.369385 0.141725  1.55318
0.864446   0.3468 0.154784   1.5723
0.855331 0.358662 0.156833  1.55828
0.861471 0.355779 0.141363  1.56691
0.859992 0.348832 0.149965  1.56213
0.934544 0.131351 0.224902  1.68445
0.888956 0.336231 0.124407  1.61804
0.875467 0.304692 0.198338   1.5885
0.876089 0.307279 0.188256  1.58879
0.869559 0.303212  0.20947  1.57864
0.864153 0.300927 0.221751   1.5704
0.862292 0.310272 0.212926  1.56717
0.865577  0.30888 0.215483  1.57489
0.866767 0.319695 0.188888  1.57356
0.860346 0.320043 0.202978  1.56389
0.858182  0.32939 0.192037  1.55997
0.862082 0.328096 0.195414  1.56921
0.871156 0.310509 0.202893  1.58345
0.863989  0.31857 0.205752   1.5724
0.869265 0.318321 0.193745  1.57975
 0.86797  0.31246 0.199382  1.57608
0.933749 0.143236  0.22868   1.6822
0.936988 0.130388 0.206738   1.6887
0.922797  0.13331 0.259492  1.66515
0.890907 0.304291 0.181373  1.61872
0.886295 0.211273 0.281432  1.60705
0.886573 0.215059 0.275805  1.60696
0.881497 0.207011 0.288012  1.59961
0.876349 0.200271 0.292962  1.59119
0.875014 0.208847 0.289427  1.58882
0.877383   0.2073  0.29065  1.59438
0.879468 0.222532 0.278642  1.59594
0.873995 0.217377 0.285244   1.5871
 0.87301 0.225558 0.280585  1.58534
0.875349 0.224102 0.282188  1.59092
0.882569 0.213389 0.285237  1.60281
0.876362  0.21586 0.286577  1.59267
0.881081 0.220633 0.281375  1.59985
0.880123 0.215548 0.283573  1.59733
0.914566 0.116904 0.285386  1.65592
0.918538 0.124691 0.272171  1.66102
0.913112 0.123433 0.284931  1.65209
0.908457 0.113902 0.295935  1.64585
0.90215 0.11709 0.30895 1.63755
0.904303 0.122731 0.299309  1.63809
0.904635 0.115832 0.297985  1.63777
0.895592 0.121276 0.310989  1.62647
0.889066 0.124157 0.303031  1.61258
0.894487 0.132842 0.307366  1.62407
0.892873 0.126145 0.307385  1.61968
0.899025 0.138765 0.304511  1.63143
 0.90339 0.134602 0.297622  1.63645
0.902007 0.136236 0.296956   1.6333
 0.89914 0.121201 0.307002  1.63042
0.897789 0.132349 0.304762  1.62773
0.902529 0.126961 0.296664  1.63361
0.900021 0.128615 0.307077  1.63315
0.920457 0.148792 0.267903  1.66154
0.909681 0.117992 0.293753  1.64737
0.906867 0.121819 0.293378  1.64105
0.908833 0.128274 0.285041  1.64268
0.906425 0.133456 0.294641    1.642
0.920032 0.127958 0.267911  1.66045
 0.796119  0.205515 -0.442591   1.47738
  0.79742  0.199267 -0.447776   1.47905
 0.804376  0.201955 -0.440663   1.49066
 0.798942  0.202227 -0.443171    1.4805
 0.796994   0.19582 -0.451755   1.47817
 0.793513  0.188779 -0.447263   1.46847
 0.800843  0.187768 -0.443649   1.48143
 0.796601  0.189698 -0.445745   1.47391
 0.814587  0.196791 -0.437374   1.50802
 0.810942  0.186138 -0.438501   1.49932
 0.831709  0.185888 -0.426601   1.53744
 0.816303  0.188334 -0.434254   1.50817
 0.798946  0.196752 -0.448973    1.4809
 0.804493  0.188757 -0.441771   1.48771
 0.806558  0.197917 -0.441189   1.49304
 0.804079   0.19515 -0.446577   1.49008
 0.738243  0.191943 -0.449729   1.36775
 0.958159 0.0929781 0.0979211    1.7219
0.956647 0.138634 0.079445   1.7215
 0.957296  0.117108 0.0674553   1.72027
 0.963006 0.0618552 0.0736973   1.73075
 0.961557 0.0947712 0.0604794   1.72931
0.964949 0.030636 0.039844  1.73564
 0.963811 0.0852178 0.0454118   1.73403
 0.959095  0.113535 0.0646842   1.72434
 0.960833  0.102154 0.0892861   1.72885
 0.93503 0.140674 0.216213  1.68497
  0.76187  0.155274 -0.463676   1.40949
 0.761265  0.154933 -0.463239   1.40784
 0.762502  0.155639 -0.465398   1.41173
 0.761063   0.15545 -0.463795   1.40774
 0.761038  0.155804 -0.464045   1.40787
 0.761103  0.155176 -0.463542   1.40767
 0.761068  0.155174 -0.463663   1.40767
 0.763625  0.154192 -0.463814   1.41336
 0.764287  0.152955 -0.461672   1.41361
 0.741832  0.139615 -0.461559   1.36886
 0.745409  0.136851 -0.460692    1.3752
 0.764612  0.158594 -0.464467   1.41631
 0.765593  0.152874 -0.462151   1.41633
 0.768222  0.152454 -0.467265   1.42366
 0.763335   0.15291 -0.463944    1.4127
 0.757803  0.128668 -0.453008   1.39443
 0.762859  0.128252 -0.451447   1.40407
 0.763259  0.154022 -0.466064   1.41365
   0.7638  0.151344 -0.461959   1.41255
 0.769837  0.149761 -0.466208   1.42626
 0.747446  0.136518 -0.460258   1.37893
 0.770285  0.146163 -0.459605   1.42383
 0.761199  0.156504 -0.463526   1.40813
 0.761278  0.156813 -0.463901   1.40853
 0.762473  0.156985 -0.465493     1.412
 0.761152  0.156871 -0.464228   1.40844
 0.765533  0.158515 -0.464396   1.41804
 0.763731  0.158944 -0.464789   1.41471
 0.760992  0.156288 -0.464299   1.40801
 0.763041  0.154401 -0.465904   1.41308
 0.760991  0.155879 -0.464131   1.40785
 0.762762  0.155378 -0.466572   1.41283
 0.762347  0.155474 -0.465475   1.41142
 0.766152  0.150046 -0.470622   1.42066
 0.761801  0.155162 -0.463742   1.40936
 0.760941  0.155371 -0.464485   1.40816
 0.761541  0.154954 -0.463454   1.40863
0.761237 0.154873 -0.46385  1.40821
0.761063 0.155383 -0.46422  1.40811
 0.761174  0.155029 -0.463303   1.40768
 0.761372  0.155029 -0.463061     1.408
 0.761164  0.154883 -0.463962   1.40813
 0.775386   0.16076 -0.433315    1.4261
 0.732111   0.15862 -0.463075   1.35445
 0.734012  0.155891 -0.462838   1.35759
 0.739009  0.143807 -0.462732   1.36467
0.741502 0.151234 -0.47022  1.37396
  0.76353  0.152448 -0.463962   1.41317
 0.734063  0.161506 -0.463561   1.35944
 0.767169   0.16005 -0.465291   1.42192
 0.761074  0.156248 -0.464805   1.40853
 0.765854  0.160181 -0.465957   1.41966
 0.761158  0.156687 -0.465084   1.40891
 0.761321  0.156973 -0.465202   1.40935
0.759128 0.162812 -0.45961  1.40487
 0.763443  0.156818 -0.462473   1.41284
 0.762752  0.156349 -0.462947   1.41153
 0.762032  0.156673 -0.463552   1.41037
0.761067  0.15632 -0.46487  1.40858
0.762821  0.15666 -0.46426  1.41223
 0.761654  0.156988 -0.464997   1.40994
 0.762071  0.156911 -0.465336   1.41099
 0.762848  0.157178 -0.462653   1.41177
 0.761759  0.157024 -0.464976   1.41017
 0.761962  0.157144 -0.465504   1.41095
 0.950487  0.157676 0.0826092   1.70868
 0.952183   0.15416 0.0877554   1.71266
 0.880382  0.361226 0.0617046   1.60308
0.904315 0.270195 0.195868  1.63851
0.951643 0.156132 0.072679  1.71028
 0.954756  0.148005 0.0255962   1.71454
   0.954333     0.14342 0.000833704     1.71235
  0.956276   0.139735 0.00117521    1.71641
  0.956436   0.141262 -0.0151194    1.71682
  0.954585   0.146918 -0.0535459     1.7132
 0.948478  0.168269 0.0349691   1.70153
 0.950925  0.167176 0.0320065   1.70744
  0.956069   0.130206 -0.0556691    1.71457
 0.847698  0.351575 -0.178917   1.54941
   0.951989    0.158772 -0.00902505     1.70824
  0.950142   0.163313 0.00861454    1.70457
 0.941666     0.149 -0.145194   1.69271
 0.947186   0.16351 -0.128305   1.70631
 0.931142  0.175152 -0.185821   1.68096
 0.825479  0.326786 -0.264027   1.51516
  0.850906   0.366613 -0.0845522    1.54428
 0.842763  0.349717 -0.115316   1.52338
0.916142 0.194111 -0.22553  1.65936
 0.898173  0.211659 -0.263743   1.63281
 0.795387  0.304349 -0.328209   1.46436
 0.911118  0.252643 -0.176791   1.65239
 0.878986  0.228655 -0.294998   1.60348
 0.776401  0.278052 -0.372176   1.43333
 0.890349  0.269713 -0.221949   1.62063
 0.827853  0.240176 -0.371137   1.52096
 0.839652  0.245179 -0.359246   1.54356
0.839623 0.277201 -0.31394  1.53935
 0.810157  0.236169 -0.395187     1.492
 0.820209  0.242336 -0.386513   1.51175
 0.802245  0.231452 -0.417666   1.48547
 0.798058  0.239951 -0.403326   1.47366
 0.806926  0.234535 -0.412851   1.49403
0.934528 0.146384 0.183371  1.69429
 0.934541 0.0870543  0.133925   1.69107
0.934143  0.14294 0.193648   1.6849
0.924695 0.171748 0.246681  1.67617
0.923348 0.171837 0.235611   1.6702
0.925238  0.13288 0.261984  1.67551
 0.92444 0.150443 0.258689  1.67478
0.933613 0.157858 0.227326  1.68186
0.924817 0.163981 0.241141  1.67068
0.933613 0.157673 0.230433  1.68093
0.933649 0.155456 0.231794  1.68079
0.933584 0.150785 0.231012  1.68113
0.893914 0.247925 0.247992  1.62248
0.935199 0.157569  0.22784  1.68432
0.934126 0.136838 0.217366  1.68214
0.927716 0.155666  0.24464  1.67049
 0.948744 0.0707833  0.189588   1.71034
 0.946349 0.0732728  0.201737   1.70656
 0.940386 0.0930694  0.207642   1.69424
 0.946013 0.0968503  0.191169   1.70534
 0.944735 0.0850237  0.191458   1.70119
 0.93538 0.157125  0.22688  1.68419
 0.93486 0.154595 0.224757  1.68302
0.936009  0.12245 0.207761  1.68524
0.904062 0.294901 0.123614  1.63466
0.937285 0.112917 0.218705  1.68987
0.924421 0.188969 0.244293  1.65669
0.919299 0.182856 0.249811  1.64641
0.921305 0.158032 0.210517  1.66189
 0.91027 0.177553 0.261245  1.62744
0.927791 0.159005 0.240648  1.67004
0.924651 0.159533  0.23896  1.66484
0.915083 0.167745   0.2493  1.63918
 0.93595 0.157029 0.226051  1.68644
0.922387 0.166986 0.238614  1.65947
0.937297 0.152668 0.220305  1.68887
0.935426 0.134528 0.193312  1.68468
0.934488 0.143989 0.203737  1.68386
0.934015 0.130495 0.181139  1.69222
0.920844 0.155677 0.233438  1.65917
0.938166 0.128636 0.178953  1.70303
0.938672 0.131244  0.23651  1.69431
 0.92976 0.161979 0.247701  1.67592
 0.923461 0.0172875  0.184552   1.66574
0.936743 0.127547 0.150879  1.70112
0.937876 0.146463 0.244163  1.69255
0.900709 0.190047 0.277806  1.63062
0.902656 0.153573 0.291367  1.63397
0.901154 0.167024 0.285876  1.63126
0.896898 0.219038 0.267619  1.62651
0.925137 0.144663 0.257266  1.66852
0.935958 0.157689 0.226888  1.68615
0.899822 0.234437 0.236574  1.62638
0.927134 0.157428 0.245542  1.66956
0.911362   0.1701 0.255509  1.63055
0.912783 0.175628 0.249651  1.63463
0.923215 0.156238 0.259775  1.66491
0.923727 0.155167 0.227622  1.66412
0.920576 0.151176 0.215593  1.65948
0.917738 0.156078 0.222308  1.65355
0.915482 0.167731 0.255404  1.64036
0.921478 0.152707 0.210999  1.66108
0.918605 0.168595 0.225008   1.6496
0.922562 0.164665 0.209193  1.66257
 0.92187 0.155703 0.228262  1.66063
0.924429 0.173395 0.221854  1.66225
0.918283 0.162295 0.218561  1.65157
 0.754796   0.13193 -0.455793   1.39032
 0.766167  0.151137 -0.467924   1.41952
 0.764869  0.151089 -0.463425   1.41515
 0.766153  0.140165 -0.461528   1.41586
 0.742194  0.142145 -0.462751   1.37087
 0.767993  0.163638 -0.448963   1.41827
 0.762473  0.153502 -0.466347   1.41209
 0.739048  0.147559 -0.464086   1.36636
 0.770399  0.165215 -0.435473   1.41752
 0.762336  0.163861 -0.455046   1.40951
 0.773258  0.185308 -0.450767   1.43018
 0.744902  0.144723 -0.468616   1.37876
 0.730906  0.167019 -0.461087   1.35289
  0.73215  0.164107 -0.461124   1.35478
 0.744795   0.18599 -0.457818    1.3818
  0.74015   0.16839 -0.467968   1.37389
 0.731206  0.176724 -0.457084   1.35359
 0.731851  0.173525 -0.457418   1.35433
 0.741612  0.176556 -0.464184    1.3766
 0.732843  0.188185 -0.450887   1.35626
 0.732959  0.184448 -0.451528   1.35594
  0.76146  0.222528 -0.418685   1.40386
 0.756021    0.1954 -0.455346   1.40381
 0.787555  0.206848 -0.444544   1.46228
 0.778834  0.199982 -0.454323   1.44753
 0.780941  0.206078 -0.443999   1.44847
 0.743518  0.221788 -0.430189   1.37548
 0.742791  0.216024 -0.431564   1.37311
 0.756783  0.207506 -0.437354   1.39938
  0.75071  0.245625 -0.408864   1.38619
 0.750476  0.236969 -0.412173   1.38486
 0.763887  0.251639 -0.403384   1.41314
 0.760745  0.272546 -0.379766   1.40146
 0.759265  0.262071 -0.385146   1.39756
 0.788009  0.254567 -0.387222   1.45398
 0.776314  0.301242 -0.338963     1.426
 0.771721   0.28938 -0.347468   1.41567
 0.799584  0.329092 -0.280431   1.46363
0.790882 0.316656 -0.29298  1.44435
 0.866096   0.28147 -0.267104    1.5837
 0.855645  0.267922 -0.305828   1.56953
 0.826265  0.355353 -0.192525   1.50519
 0.821345  0.338799 -0.211049   1.49248
  0.938845   0.206586 -0.0959574    1.69195
 0.895936  0.294745 -0.136483   1.62306
   0.95099   0.154677 -0.0549847    1.70648
 0.920397  0.213742 -0.171873   1.66245
 0.868903  0.359316 0.0432182   1.57484
   0.870979    0.361018 -0.00601271     1.58159
0.877014 0.341354 0.115423  1.59113
 0.876669  0.343437 0.0855133   1.58866
0.949106 0.162621 0.102706  1.70654
 0.943452  0.200715 0.0505592   1.69463
 0.949402  0.171538 0.0577572   1.70525
0.884196 0.306769  0.17246  1.60241
0.885765 0.310545 0.149355  1.60388
0.899093 0.277166  0.16512  1.62309
 0.88657 0.278417 0.214231  1.60687
0.887988 0.285914 0.194094  1.60847
0.888423 0.251559 0.244245  1.61007
0.889041 0.258223 0.230236  1.61002
0.934548 0.148395  0.22272  1.68346
0.891384 0.222998 0.266272   1.6147
0.891342 0.229733 0.255496  1.61342
0.896361 0.193049 0.281651  1.62306
  0.8947 0.200088  0.27354  1.61841
0.908571  0.15061 0.288018  1.64611
0.934424 0.150181 0.220357  1.68262
 0.777296  0.234091 -0.411193   1.43695
 0.791878  0.211951 -0.435764   1.46766
 0.796528  0.216944 -0.430757   1.47625
  0.79721  0.221753 -0.424696   1.47607
  0.79963  0.225313 -0.421236   1.48046
 0.789339  0.223005 -0.421483   1.45968
0.795334 0.219723 -0.42544  1.47183
 0.768187  0.214018 -0.430992   1.42155
 0.789855  0.191326 -0.453624   1.46403
 0.780148  0.188492 -0.447809   1.44389
 0.787838  0.193083 -0.455821   1.46182
  0.95349 0.0809471  0.128227   1.71285
 0.952457 0.0679023  0.154833   1.71284
 0.949476 0.0509839  0.152235   1.70426
  0.94795 0.0836888  0.161227   1.70352
 0.951181 0.0858811  0.150131   1.71008
0.934603   0.1531 0.219396   1.6833
0.944026 0.114602  0.16415  1.69701
 0.951515  0.143115 0.0945164   1.70961
0.762048 0.154978 -0.46431  1.41017
 0.761449  0.154809 -0.463687   1.40855
0.761333 0.154728 -0.46387   1.4084
 0.762546  0.155249 -0.466068   1.41211
 0.762983  0.155071 -0.467084   1.41354
0.761045 0.155798  -0.4645  1.40826
0.765547 0.162031 -0.46426  1.41878
 0.761877  0.154654 -0.464738   1.41001
 0.749584  0.140052 -0.466387   1.38608
0.762215 0.155177  -0.4662  1.41149
 0.763943  0.150769 -0.462242   1.41301
 0.756033  0.136921 -0.463755   1.39721
 0.760758  0.155966 -0.464531   1.40804
 0.764955  0.150314 -0.465016   1.41599
 0.766384  0.147337 -0.467404    1.4193
  0.75953  0.149329 -0.464759   1.40519
 0.760415  0.137131 -0.464062   1.40569
  0.77248  0.139024 -0.451414   1.42404
0.764992 0.138087 -0.46258  1.41452
 0.762503  0.150054 -0.462741   1.41016
 0.761479  0.156968 -0.465004   1.40957
 0.761478  0.157074 -0.465178    1.4097
 0.761885  0.156975 -0.464892   1.41058
 0.761243  0.156761 -0.465104   1.40912
 0.764714  0.160885 -0.466416   1.41766
 0.760934  0.155933 -0.464587   1.40829
 0.761007  0.155868 -0.464581   1.40825
 0.762475  0.154817 -0.467268   1.41255
 0.763912  0.160703 -0.466955   1.41636
 0.760997  0.155442 -0.464317   1.40805
0.761864 0.154442 -0.46808  1.41171
 0.761051    0.1551 -0.464109   1.40801
 0.761228   0.15482 -0.464527   1.40865
0.761131 0.155065   -0.464   1.4081
 0.761581  0.154772 -0.463616   1.40877
 0.760899  0.155189 -0.464555   1.40808
 0.761766  0.154855 -0.464441   1.40963
 0.761424   0.15464 -0.464476   1.40896
 0.766935  0.164011 -0.442568   1.41362
 0.740463  0.161051 -0.469947   1.37397
 0.747945  0.152924 -0.478644   1.38993
 0.765604   0.16294 -0.453724   1.41548
 0.764914  0.162367 -0.461534   1.41687
 0.762477  0.151764 -0.464338   1.41107
 0.764432  0.161757 -0.466008   1.41732
 0.761023  0.156234 -0.464763   1.40856
 0.761233  0.156741 -0.465089   1.40921
 0.762675  0.163081 -0.462439   1.41282
 0.763153  0.158817 -0.464914   1.41366
 0.762413  0.157106 -0.463081   1.41108
 0.761495  0.156934 -0.465096   1.40981
 0.762845  0.162161 -0.466643   1.41444
 0.762379  0.156696 -0.463033   1.41087
 0.762167  0.156959 -0.464642   1.41108
 0.761732  0.157218 -0.465426   1.41042
  0.76158  0.157017 -0.463631   1.40962
 0.761598    0.1571 -0.465426   1.41011
 0.761638  0.156975 -0.464931   1.41008
 0.948963  0.171898 0.0807207   1.70562
 0.899371   0.31744 0.0823915   1.62878
 0.896524  0.326372 0.0288294   1.62299
0.895244  0.29843 0.112604  1.61462
  0.952468    0.16325 0.00385675    1.71029
  0.88937  0.314579 0.0509491   1.60266
  0.953177   0.165638 -0.0252105    1.71243
  0.947909   0.189794 -0.0139174    1.70389
  0.948404    0.19161 -0.0488453    1.70727
 0.944569  0.198415 0.0147481   1.69666
  0.945429   0.178353 -0.0952355    1.70197
 0.934932  0.190977 -0.131205   1.68412
 0.879417  0.337986 -0.139559   1.60519
  0.928004   0.248057 -0.0874166    1.67587
 0.866783  0.319453 -0.205607   1.58251
  0.937922   0.221297 -0.0494911    1.68883
 0.902012  0.234216 -0.214876   1.63518
 0.879807  0.252167 -0.259592   1.60236
 0.832033  0.309988 -0.261782   1.51802
 0.883861  0.276218 -0.200654   1.60263
 0.802441  0.289319 -0.319587   1.46713
 0.849844  0.299961 -0.251623   1.55112
  0.82321  0.244757 -0.373735   1.51329
 0.804269   0.24201 -0.396851   1.48446
 0.825586  0.294106 -0.305898   1.51515
 0.833955  0.265658 -0.344985   1.53602
0.936929 0.134318 0.190447  1.68878
0.937917 0.100054 0.195465  1.69053
0.943266 0.142181 0.226149  1.70287
0.939195 0.150746 0.221941  1.69309
0.937239 0.156433 0.226122  1.68927
 0.92486 0.166002 0.249522  1.66236
0.924753 0.158355 0.252149  1.66633
0.941631 0.148662 0.226594  1.69738
 0.92911 0.163192  0.25024  1.67078
0.934936 0.156498  0.22839  1.68328
0.906155 0.228409 0.248029  1.64219
0.936354 0.157049  0.22682  1.68699
0.934445 0.143415 0.213076    1.683
0.920791 0.161646 0.241347  1.65439
 0.90424 0.250905 0.224786  1.63863
0.935733 0.157013 0.226589  1.68512
0.935725 0.134249 0.203181  1.68519
0.938865 0.122146 0.189497  1.68986
0.941396 0.121354 0.185861  1.69529
0.934704 0.152469  0.21983   1.6838
 0.91916 0.181621 0.239914  1.64839
0.915398 0.174667  0.24585   1.6419
0.918335 0.160671 0.222619   1.6516
0.912585 0.170189  0.25245  1.63549
0.925543 0.160616 0.246372  1.66677
0.920046 0.163183 0.247623  1.65244
0.922768 0.165982 0.252638  1.65574
0.937841   0.1558 0.226485     1.69
 0.94008 0.151359 0.223384  1.69355
 0.93539 0.155786 0.223868  1.68436
0.936945 0.156172 0.227541  1.68847
0.932913 0.156255  0.25038  1.68114
0.937107 0.156564 0.227206  1.68888
 0.93296 0.146916 0.246659  1.68346
0.940262 0.121982 0.184478  1.69528
0.932589 0.158643 0.246978  1.67887
0.937337 0.125352  0.19126  1.68641
0.941702 0.145739 0.231534  1.69762
0.912117 0.147622 0.272904  1.64618
0.903559 0.172535 0.285279  1.63585
 0.91764 0.144511  0.27077  1.65814
0.911846 0.161706 0.275741   1.6475
0.922406 0.151332 0.257838  1.66321
0.935213 0.155438 0.224329  1.68408
0.924766 0.159372 0.251143  1.66611
0.916522 0.165999 0.247963  1.64384
0.924364  0.15879 0.242302  1.66464
 0.91415 0.168761 0.243273  1.63994
0.921777 0.155122 0.231157  1.66051
0.918472 0.151662 0.220674  1.65528
0.915749 0.167646 0.232364  1.64483
 0.92353 0.164421 0.251488  1.66437
0.918643 0.152934   0.2171  1.65523
 0.91815 0.157909 0.217979  1.65395
0.918051  0.16707 0.227462  1.64989
0.916978 0.155923 0.226479  1.65111
0.915721 0.168597 0.230187  1.64369
0.913625 0.161653 0.235065  1.63959
   0.7538  0.139539 -0.464843   1.39376
 0.762307  0.149239 -0.467887   1.41179
 0.761458  0.144863 -0.470405   1.41073
 0.748773  0.143736 -0.467854     1.386
 0.762079   0.16236 -0.464832   1.41261
  0.74525  0.149414 -0.470396   1.38129
 0.762277  0.151378 -0.464486   1.41083
 0.742254  0.154655 -0.470615   1.37652
  0.73861   0.15695 -0.469742   1.36915
 0.763137  0.186314 -0.469018   1.42025
 0.737001  0.163981 -0.468261   1.36662
0.749735 0.187108 -0.46526  1.39391
  0.74685  0.161907 -0.479676   1.39016
 0.737027   0.17205 -0.465179   1.36674
 0.748448  0.175203 -0.475947   1.39415
 0.738612  0.181214 -0.459577   1.36895
 0.751798  0.182636 -0.471151   1.39989
 0.741842  0.191898 -0.451213   1.37344
 0.749854   0.19757 -0.448762   1.38998
 0.750082  0.204906 -0.440096    1.3873
 0.783624  0.266857 -0.362345   1.43726
 0.814576  0.256934 -0.375096   1.50339
 0.860902  0.320278 -0.168339   1.56113
 0.908243  0.256281 -0.160008   1.64392
  0.882543   0.335308 -0.0855881    1.60208
 0.922956  0.235025 -0.121727   1.66502
  0.896074   0.316859 -0.0834734    1.62519
  0.888176   0.323486 -0.0185516    1.60389
 0.913407  0.298717 0.0531829   1.65156
 0.94618 0.200764  0.04559   1.7015
0.943855 0.138479  0.15396  1.69653
 0.925402  0.271569 0.0457539   1.67033
0.938877 0.177933  0.16419  1.68988
0.906414 0.279917 0.156624  1.63926
0.917745 0.244411  0.19684  1.65982
0.916253 0.251776 0.173163  1.65407
0.921921 0.267059 0.109628  1.66365
0.898591 0.256321 0.207615  1.62335
0.934561 0.147924 0.212488  1.68421
0.943048  0.19159 0.135252  1.69844
0.908346 0.169417 0.271821  1.63949
0.916145 0.190063 0.259282  1.65528
0.902856 0.210102 0.258219  1.63235
0.906378 0.188193 0.271132  1.63903
 0.788902  0.212461 -0.437152    1.4628
 0.775838  0.209045 -0.432158   1.43285
 0.780674  0.217806 -0.429258   1.44396
 0.765923  0.197739 -0.451671   1.42296
 0.770502  0.194104 -0.462474   1.43332
 0.773284   0.18057 -0.454726   1.43285
0.949169 0.114269 0.131905  1.70532
0.948115 0.109966 0.163992  1.70653
0.935554 0.143293  0.20276  1.68628
0.950899 0.116029 0.124854   1.7081
0.933807 0.151033 0.203695   1.6836
 0.946843   0.16373 0.0919102   1.69975
0.928517 0.252011 0.105351  1.67447
  0.76231  0.154904 -0.466978   1.41206
  0.76104  0.154908 -0.464625   1.40834
0.762515 0.154523 -0.46786  1.41294
 0.760933  0.155794 -0.464567   1.40824
 0.762444  0.153133 -0.466537   1.41221
 0.755852  0.152643 -0.478872   1.40453
 0.755261  0.147242 -0.475567   1.40196
 0.762241  0.158761 -0.465231   1.41192
 0.761134  0.152597 -0.466864   1.40978
0.762084 0.149579  -0.4634  1.40968
 0.763047  0.149869 -0.465637    1.4123
 0.763347  0.149609 -0.471483   1.41527
0.762087 0.148835 -0.47466  1.41422
 0.766029   0.14584 -0.468941   1.41953
 0.760638  0.143364 -0.471868   1.41035
 0.761053  0.151118 -0.464894   1.40848
 0.761058  0.156312 -0.464804   1.40868
 0.761968  0.158537 -0.465286   1.41143
  0.76271  0.160761 -0.467416   1.41412
 0.761037  0.161521 -0.468417    1.4115
  0.76085   0.15553 -0.464524   1.40803
 0.761889  0.154938 -0.467133   1.41128
 0.761617  0.154467 -0.465562    1.4099
 0.762379  0.161682 -0.467893   1.41405
 0.759259  0.160531 -0.469032   1.40841
 0.761037  0.155041 -0.464501   1.40831
 0.761264   0.15471 -0.464571    1.4087
 0.760594  0.155584 -0.465332   1.40802
 0.746585  0.168076 -0.478608   1.39034
 0.761946  0.164841 -0.444561   1.40431
 0.743949   0.16419 -0.478609   1.38414
0.761545 0.162768 -0.45864   1.4094
0.761516 0.152815 -0.46685  1.41041
 0.752916  0.153278 -0.479741   1.39917
   0.7609  0.156261 -0.464352   1.40825
 0.757743  0.161558 -0.454406   1.39985
 0.759579  0.152497 -0.466989   1.40688
 0.762341  0.160423 -0.467709   1.41355
 0.761113  0.156421 -0.464306    1.4087
  0.76066  0.156422 -0.464741   1.40815
 0.761801  0.157168 -0.463258   1.40991
 0.761315   0.15679 -0.465116   1.40941
 0.761142  0.157985 -0.465399   1.40972
 0.761647  0.156769 -0.463639   1.40963
0.944273 0.201287  0.10512  1.70003
 0.945191   0.20308 0.0736682   1.70049
  0.940912   0.228681 -0.0104931     1.6956
 0.910057   0.28857 0.0702856   1.64124
   0.946086    0.206447 -0.00688664     1.70305
  0.935356    0.22907 -0.0490929     1.6845
  0.944815   0.202507 -0.0491355    1.70142
  0.935697   0.209732 -0.0878189     1.6845
 0.926662  0.247397 -0.074389   1.67116
   0.93518   0.232216 -0.0149245    1.68287
 0.909459  0.294553 -0.124318   1.65298
   0.92479   0.270278 -0.0463605    1.67055
 0.915603  0.271735 -0.122546   1.65909
 0.894746  0.296505 -0.165812   1.62646
0.939085 0.154644  0.22793  1.69267
0.937426 0.154241  0.24347  1.68892
0.922848 0.164211 0.248472  1.65707
0.938675 0.147226 0.239249  1.69092
 0.93612 0.157027 0.226296  1.68616
0.922497 0.164182  0.25499  1.66295
0.934432 0.155176 0.219222  1.68349
0.920535 0.155823 0.231618  1.65843
0.934051 0.148809 0.212227  1.68283
0.935377 0.156359 0.224424  1.68476
0.916689 0.228921 0.223829  1.65822
0.935997 0.157011 0.226341  1.68608
0.936303 0.139568  0.19307  1.68664
0.914554 0.180258 0.261558  1.65012
0.912934 0.232286 0.209988  1.64772
0.933293 0.152489 0.213282  1.68201
0.915319 0.164286 0.244864  1.64311
0.917687 0.152024  0.22442  1.65392
0.923236 0.160993 0.242692  1.66302
0.923853 0.159546 0.240904   1.6616
0.926636 0.161636 0.247747  1.66618
0.938825 0.153997 0.228751   1.6915
 0.92952 0.161475 0.247321  1.67168
 0.93459 0.154944 0.245007  1.68263
0.939784  0.15225 0.232092  1.69368
0.920472 0.156524 0.233501  1.65902
0.940993 0.150463 0.235671  1.69582
0.936213 0.156538 0.227223  1.68688
0.917047 0.161482 0.266328   1.6552
0.917598 0.176444 0.264661  1.65733
0.921245 0.165327 0.259688  1.66183
 0.93529 0.156596 0.223769  1.68446
0.932566 0.155303 0.213356   1.6812
0.923039 0.160952 0.244751  1.66291
0.916979 0.162865 0.238289  1.64666
0.920651 0.172201 0.254969  1.66034
0.916364 0.158231 0.233244  1.64537
0.931539 0.154166 0.209891  1.68004
0.917264  0.15295 0.221857  1.65256
0.915657 0.160734 0.231761   1.6442
0.916166 0.154407 0.227347  1.64912
 0.91655  0.15692 0.224148   1.6495
0.756047 0.143815 -0.47304  1.40166
 0.758733  0.149531 -0.470708   1.40597
 0.751327  0.147741 -0.476713   1.39474
 0.751216  0.151743 -0.478361   1.39615
 0.760546   0.14955 -0.463907   1.40678
 0.748548  0.156471 -0.479581   1.39238
 0.745347  0.158232 -0.479242   1.38607
0.757821 0.172863 -0.46177  1.40375
 0.744062  0.170972 -0.476637   1.38468
 0.759397  0.151192 -0.465442   1.40555
 0.746263  0.178946 -0.472753    1.3886
 0.757778  0.163102 -0.450895   1.39847
 0.764177  0.178069 -0.458239   1.41512
 0.758869  0.170123 -0.462979   1.40662
0.762043 0.190182  -0.4657  1.41657
 0.755991  0.170335 -0.465197   1.40171
  0.909479   0.297116 -0.0858422    1.64798
  0.900418   0.318517 -0.0316126    1.63043
  0.915871   0.292467 -0.0818127    1.66045
0.907905 0.295106 0.019554  1.63683
0.926147 0.268588 0.081176  1.67261
 0.929236  0.274785 0.0354131   1.68016
 0.917699  0.288886 0.0869332   1.66036
0.916539 0.277437 0.113127  1.65606
 0.94227 0.140764 0.168188  1.69638
0.914568 0.260515 0.142183  1.64809
0.911588 0.249426 0.178762  1.64341
0.939653  0.13697 0.179001  1.69128
0.913229  0.21491 0.233817  1.64881
 0.92722 0.248136  0.13131  1.67243
0.907227 0.204721 0.266441  1.64321
0.910771  0.18475  0.27096  1.64776
0.933686 0.152615 0.212015  1.68292
0.935978 0.152037 0.189306  1.68622
 0.763694  0.175527 -0.459483    1.4153
 0.756066    0.1818 -0.471894   1.40621
 0.770777  0.198054 -0.457496   1.43185
 0.756824  0.190853 -0.462821   1.40809
0.938124 0.139748 0.189277  1.69038
0.947051 0.148925 0.132482   1.7032
0.945651 0.149999 0.121172  1.69771
0.931701 0.155849 0.205402  1.68067
 0.941484  0.199888 0.0816007   1.69104
0.934253 0.241208 0.103999  1.68437
0.923589  0.23727 0.164871  1.66538
0.934184 0.169372 0.191251  1.68276
 0.761625  0.154664 -0.464854   1.40956
 0.761472  0.154672 -0.465674   1.40971
 0.761825  0.154736 -0.467922   1.41155
 0.760783   0.15524 -0.465719   1.40849
 0.761055  0.154979 -0.465714     1.409
 0.761723  0.154182 -0.468758   1.41181
 0.760289   0.16235 -0.465542   1.40925
0.760836 0.155259 -0.46536  1.40847
 0.761087  0.154288 -0.468948   1.41064
 0.760447  0.150891 -0.465128   1.40747
 0.759549  0.149529 -0.475412   1.40958
 0.749137  0.162333 -0.480086   1.39345
 0.753088  0.156227 -0.480486   1.40053
 0.760421    0.1498 -0.468502   1.40836
 0.760838  0.156251 -0.464436   1.40821
 0.761203  0.159655 -0.468156   1.41137
 0.760632  0.155959 -0.464822   1.40794
 0.761298   0.16009 -0.468093   1.41152
 0.760695  0.155599 -0.464919   1.40805
 0.761397  0.154998 -0.468043   1.41079
 0.761051  0.154707 -0.465884   1.40897
 0.760444  0.156215 -0.465722   1.40812
 0.761128  0.154731 -0.467303   1.40986
 0.760612  0.154261 -0.469258   1.40992
  0.75165  0.160396 -0.480831   1.39864
 0.751169  0.165392 -0.480017   1.39821
 0.749165  0.167714 -0.478644   1.39375
 0.759101  0.161733 -0.462335   1.40589
 0.760269  0.161608 -0.467298    1.4099
 0.753867  0.159042 -0.459231   1.39363
 0.753696   0.15656 -0.472484   1.39833
 0.760988  0.160998 -0.469195   1.41174
 0.760743  0.156828 -0.464534   1.40828
  0.75871  0.152702 -0.467222   1.40527
 0.761161  0.158174 -0.465559   1.40982
 0.760966  0.156594 -0.464107    1.4085
 0.761124  0.156505 -0.464101   1.40868
 0.761457   0.15668 -0.464046   1.40938
 0.760591  0.157379 -0.465814   1.40869
 0.761048  0.156879 -0.463783   1.40857
 0.936772  0.238954 0.0764729   1.68833
 0.939266  0.244618 0.0660886   1.69549
  0.93589  0.240137 0.0255362   1.68532
 0.941642  0.228321 0.0247534   1.69665
   0.90988   0.294707 -0.0347273    1.64325
  0.924323   0.268937 0.00225868    1.66683
0.941519  0.14872 0.227863  1.69639
 0.93918 0.151872 0.232904  1.69194
0.937426 0.155087 0.229476  1.68973
0.934236 0.156694 0.238962  1.68343
 0.92936 0.158401 0.240675  1.67331
0.936389  0.15416 0.237524  1.68667
0.922421  0.16499 0.244352  1.66252
0.937829 0.154999 0.235582  1.69047
0.935691 0.157079 0.227562  1.68595
0.934342 0.155036 0.220082  1.68322
0.933046 0.150399 0.206445  1.68211
0.922021  0.15991 0.229684  1.66264
0.933861 0.149934 0.198984  1.68351
 0.93485 0.157142   0.2246  1.68393
0.929741 0.158772 0.210943  1.67776
0.933764 0.156687 0.220196  1.68248
0.916698 0.159237 0.229404  1.64722
0.916526 0.162403 0.224608  1.64681
0.919108 0.159843 0.239104  1.65148
0.918435 0.151934 0.225505  1.65567
0.921031 0.157314 0.233242   1.6601
0.931159 0.156525 0.215738  1.67889
0.926479 0.160126 0.241622  1.66635
0.936979 0.156155 0.230119  1.68883
0.924428 0.158441 0.236595  1.66269
0.932021 0.157524 0.240364  1.67793
0.936596 0.155081 0.232287  1.68788
0.926995 0.157642 0.235826   1.6685
0.920052 0.193838 0.238263  1.65918
 0.91355 0.196048 0.251131  1.64845
 0.91957 0.183214 0.248365  1.65835
0.922018 0.170857 0.254483  1.66311
0.922638 0.163886 0.244566  1.66308
  0.9204 0.158635  0.23546  1.65428
0.919205 0.155857 0.232904  1.65204
0.922629 0.170412  0.24033  1.66344
0.917381 0.152021  0.22514  1.65317
0.918944 0.154737  0.22914    1.654
0.917438  0.15349 0.228176  1.65265
0.917831 0.157604 0.232102  1.64917
 0.756695  0.149373 -0.477673   1.40499
 0.757139  0.150333 -0.465802   1.40109
  0.76016  0.152624 -0.467164   1.40795
 0.758651  0.151158 -0.465468   1.40417
 0.750454  0.157467 -0.480529   1.39542
 0.755799  0.160195 -0.458479   1.39753
 0.756106  0.168008 -0.467034   1.40278
0.757748 0.152865 -0.46638  1.40317
 0.753243  0.166257 -0.468204   1.39701
 0.753539  0.159846 -0.471325   1.39821
  0.75236  0.170796 -0.478043   1.40059
 0.751234  0.173775 -0.475642   1.39742
  0.914681   0.298865 0.00590688    1.65409
   0.93138   0.276232 -0.0182546    1.68667
0.922389 0.257682 0.135534  1.66483
0.937219 0.230246 0.128182  1.69064
0.923097 0.228996 0.187961  1.66592
0.938685 0.157182 0.177243  1.68972
0.922917 0.168226  0.24335  1.66476
0.915753 0.212413 0.239274  1.65433
0.924324 0.208606 0.224364  1.66971
0.91652 0.20081 0.24882 1.65587
0.926947 0.222373 0.183903  1.67162
0.922874 0.212944 0.208863  1.66416
0.935114 0.151623 0.193339   1.6857
0.935387 0.217664 0.166552  1.68827
0.932787 0.161111 0.200766  1.68199
0.937906 0.155047 0.179818  1.68961
 0.938652  0.240811 0.0981366   1.69474
  0.92981  0.262552 0.0802182   1.67863
 0.94066 0.192426 0.118211  1.69056
  0.9338 0.234942 0.127391    1.684
 0.761232  0.154911 -0.469371   1.41113
 0.760311  0.155822 -0.467466   1.40851
 0.760259  0.156472 -0.466532   1.40813
  0.76082  0.155456 -0.467465   1.40949
  0.75542  0.153618 -0.472408   1.40108
 0.760626  0.154964 -0.467395   1.40892
 0.758565  0.150198 -0.465101   1.40358
 0.760138  0.156865 -0.468388   1.40886
 0.755595  0.151721 -0.472119   1.40077
 0.759367  0.154627 -0.469776   1.40788
 0.760476  0.156771 -0.465465   1.40815
 0.760204  0.160118 -0.469953   1.41035
 0.760267   0.15542 -0.469826   1.40952
 0.760379  0.159287 -0.468426   1.40973
 0.753855  0.154781 -0.465831    1.3955
0.760439  0.15585 -0.46675  1.40851
 0.76076 0.155341  -0.4695  1.41033
0.760149 0.156029 -0.46922  1.40908
 0.754203  0.176015 -0.474915   1.40346
 0.757504  0.179585 -0.471251   1.40885
 0.751694  0.162087 -0.470112   1.39415
 0.755703  0.161649 -0.455348   1.39606
 0.757366  0.161392 -0.463023   1.40256
 0.757748   0.16044 -0.465226   1.40415
 0.758927  0.161197 -0.467827    1.4073
 0.758982  0.159106 -0.470249   1.40807
 0.759946  0.160521 -0.469595   1.40968
 0.760451  0.157973 -0.466723    1.4089
 0.758341   0.15978 -0.469414   1.40654
 0.760504  0.158554 -0.468941   1.41014
  0.918995   0.291102 -0.0440394    1.66389
  0.929476   0.259446 -0.0474757    1.67878
0.935739 0.156392 0.229171  1.68634
0.931427 0.157193 0.234609  1.67789
0.933431 0.156406 0.234042  1.68158
0.934787 0.156576 0.225965  1.68405
 0.92919 0.157478 0.235821  1.67271
0.933622 0.156072  0.22186  1.68224
0.922341 0.154428 0.226565  1.66264
0.932227 0.154626 0.215441  1.68055
0.921886 0.202546 0.228807  1.66347
0.932305 0.156349 0.224252  1.67996
 0.93211 0.155292  0.20667  1.68101
0.927374 0.189466 0.219912  1.67318
0.922603  0.15732 0.235529  1.65917
0.919049 0.152424 0.225391  1.65721
0.933363 0.156472 0.228341  1.68151
0.920733 0.153909 0.227347  1.65878
0.934891 0.156294 0.232927  1.68504
0.923132  0.15511 0.222598  1.66552
0.934526 0.157202 0.229871   1.6838
0.930868 0.156422 0.231061  1.67642
0.921302 0.179605 0.253394  1.66307
0.929876 0.156035 0.213663  1.67744
0.930789 0.155516 0.218322  1.67826
0.923467  0.17915 0.233365  1.66515
0.921411 0.157718 0.232583   1.6618
0.924708 0.155839 0.230793   1.6649
0.920084 0.153532 0.223838  1.65945
0.922652 0.156469 0.231229  1.66025
 0.757124  0.151701 -0.465969   1.40154
0.757771 0.151313 -0.47124  1.40468
 0.753139  0.154616 -0.472546   1.39666
 0.754902  0.157893 -0.461822   1.39671
 0.755481  0.153743 -0.466108   1.39879
 0.751822   0.15797 -0.472021   1.39448
 0.753975  0.164091 -0.469276   1.39897
 0.753752  0.157908 -0.464564   1.39535
0.928667 0.240038 0.159435  1.67746
0.932761 0.217232 0.146975  1.67901
0.926897 0.211731 0.205539  1.67301
0.935697 0.174605 0.178719  1.68511
0.921804 0.189629 0.245695  1.66438
0.928277 0.177468 0.208571  1.67293
0.930949 0.168298  0.20171  1.67873
0.923023 0.199716 0.234547  1.66668
0.932495 0.158077 0.199495  1.68171
0.929909 0.193485 0.206436  1.67729
0.933845 0.165097 0.190257   1.6831
0.929278 0.197331 0.192333  1.67371
 0.94082 0.164655  0.15448  1.69253
0.933207 0.208997 0.177065  1.68271
0.934123 0.178039 0.178983  1.68075
0.939685 0.179365 0.149366  1.68962
 0.759913  0.154661 -0.469438   1.40868
 0.757273  0.158819 -0.467409   1.40377
 0.75534 0.152491 -0.46609  1.39808
 0.759521   0.15608 -0.470788    1.4087
  0.75894  0.155079 -0.469835   1.40715
 0.757493   0.15189 -0.465728   1.40208
 0.760352  0.157268 -0.467126   1.40879
  0.76003   0.15761 -0.468068    1.4086
 0.759823  0.156827 -0.469034   1.40847
 0.759975  0.158742 -0.469743   1.40949
 0.759929  0.155987 -0.469885   1.40898
 0.759073  0.157841 -0.470781   1.40827
 0.756436   0.15967 -0.465763   1.40154
 0.756021  0.153789 -0.465618   1.39963
0.759611  0.15917 -0.47032  1.40912
 0.753815  0.156916 -0.462441   1.39458
 0.759901  0.158137 -0.470126   1.40943
0.757255 0.156564 -0.46876  1.40378
0.933767 0.157159 0.226392  1.68208
0.928864 0.155674 0.221195  1.67477
0.930268 0.156244 0.226691  1.67608
0.932639 0.157167 0.222192  1.68053
0.930373 0.157384 0.210351   1.6782
0.923481 0.155503 0.221521  1.66579
0.92452 0.17653 0.23784  1.6686
0.928063 0.156484 0.217768  1.67437
0.921924 0.154006 0.223636  1.66265
0.920274 0.154153 0.229194   1.6572
0.926874 0.156972 0.231769  1.66839
0.928547 0.156813 0.227186  1.67254
0.928845  0.15665 0.230866  1.67277
 0.93211 0.157119 0.228844  1.67899
0.926295 0.162017 0.217463  1.67173
0.924708 0.187269 0.222671  1.66685
0.924495 0.166152 0.225667  1.66736
 0.92366 0.161235 0.228644  1.66667
 0.755521  0.155531 -0.464485   1.39856
 0.758091  0.155344 -0.469493   1.40548
0.930397 0.164989 0.210312  1.67881
0.936973 0.181573 0.165396   1.6857
0.931295 0.179402  0.19282  1.67745
0.927067 0.192761  0.20939  1.67062
0.927653 0.159868 0.216381  1.67426
0.930399 0.160776 0.206057  1.67857
0.930714 0.174485 0.207077   1.6782
0.926082 0.170031 0.219327  1.67085
0.932869 0.206185 0.177787   1.6816
0.933305 0.199293 0.188524  1.68311
 0.757485   0.15732 -0.468649   1.40438
 0.759697  0.156996 -0.470414   1.40894
 0.759379   0.15766 -0.470209    1.4083
 0.757214  0.153312 -0.466442   1.40222
 0.756204  0.154965 -0.465586   1.40028
 0.756566  0.157982 -0.467722   1.40228
 0.758408  0.158369 -0.470464   1.40682
 0.758074  0.156089 -0.469415   1.40558
0.930802 0.157001  0.22483  1.67704
0.928367 0.157948 0.214359  1.67462
0.925814 0.155626 0.222949  1.66916
0.929597 0.156652  0.21862  1.67627
0.926244  0.17237 0.220062  1.66995
0.926716 0.156853 0.218303   1.6715
0.924004 0.164551 0.225585  1.66736
0.925459 0.159007   0.2214  1.67015
0.925759 0.184229 0.230104  1.67084
0.929103 0.168399 0.211167  1.67624
0.924546 0.155391 0.227413  1.66542
0.926333 0.155812 0.226579   1.6696
0.927213 0.156366 0.221585  1.67235
0.925061 0.158119 0.219569  1.66958
 0.755468  0.155936 -0.464471   1.39857
 0.754726  0.156399 -0.465538   1.39763
0.928284 0.162105  0.21193  1.67514
0.925977 0.166153 0.224224  1.67105
0.928312 0.166052  0.21681  1.67542
0.928284 0.174433 0.217759  1.67484
 0.759339  0.156783 -0.470701   1.40843
 0.758746  0.157029 -0.470928   1.40749
