0.875054 0.334464 0.154142   1.5889
0.879168 0.319079  0.17648  1.59669
0.866672 0.335689 0.167914  1.57387
0.869942 0.325957 0.178901  1.57997
0.861469 0.336306 0.182051  1.56673
0.865573 0.328442 0.175103  1.57013
0.873685 0.322642 0.174517   1.5851
0.873214 0.325736 0.163125   1.5831
 0.760776  0.155953 -0.464339   1.40777
 0.760889  0.155833 -0.464416   1.40803
 0.792029  0.132938 -0.403817   1.44427
 0.786381  0.133689 -0.410866   1.43544
0.789604 0.136591 -0.41026   1.4427
  0.78719  0.119534 -0.410594   1.43496
 0.782547   0.12449 -0.418633   1.42965
 0.786017  0.124083 -0.416125   1.43585
0.798836 0.121862 -0.39048  1.45112
0.794323  0.11373 -0.39736  1.44321
 0.806827   0.10252 -0.371668   1.45792
 0.799893  0.116761 -0.394707   1.45474
 0.787803  0.128459 -0.414695   1.43974
 0.791212  0.121067 -0.408764    1.4431
 0.794798  0.129266 -0.405357   1.45058
 0.791578  0.124641 -0.406288   1.44319
  0.960105   0.109991 -0.0481374    1.72466
  0.959908   0.111425 -0.0423386    1.72444
  0.959092    0.11427 -0.0453995    1.72282
  0.959551   0.110167 -0.0437251     1.7233
   0.95973   0.112703 -0.0366755    1.72429
  0.959526   0.113769 -0.0313381    1.72409
    0.9588   0.116608 -0.0343975    1.72256
 0.959216  0.112222 -0.033228   1.72301
  0.957779   0.123566 -0.0427142    1.72076
 0.958178  0.123063 -0.037103   1.72153
  0.959389   0.111086 -0.0385394    1.72315
  0.958657   0.114636 -0.0366152    1.72188
   0.95886    0.11448 -0.0407163    1.72223
  0.959041   0.115059 -0.0397373    1.72283
0.938435 0.156711 0.224185   1.6923
  0.76224  0.155257 -0.461282   1.40988
 0.760897  0.155304 -0.464784   1.40813
 0.761123  0.156081 -0.464922   1.40888
 0.761356  0.156234 -0.465116   1.40952
 0.761606  0.156132 -0.465046      1.41
 0.761878  0.155851 -0.463728   1.41009
 0.765189  0.158007 -0.460499   1.41586
 0.763443  0.155304 -0.458723   1.41125
 0.762912   0.15464 -0.458653   1.41014
  0.76432  0.154896 -0.458489   1.41289
 0.767074  0.155849 -0.459754   1.41905
 0.769199  0.152784 -0.454362   1.42106
 0.781159  0.140712 -0.423409   1.43138
 0.777019  0.141813 -0.432121   1.42668
 0.779827  0.144473 -0.431779   1.43303
 0.760796  0.156054 -0.464272   1.40778
 0.760769  0.156091 -0.464294   1.40777
 0.761152  0.156547 -0.464628   1.40903
 0.760686  0.156073 -0.464439   1.40765
 0.760672  0.155999 -0.464664   1.40771
 0.760679  0.155848 -0.464896   1.40781
 0.760581  0.155834 -0.465049   1.40768
0.761787 0.155418 -0.46198  1.40921
 0.760617  0.155599 -0.465191   1.40778
0.761541 0.155971 -0.46413  1.40955
 0.760896  0.155712 -0.464447   1.40805
 0.760864  0.155188 -0.464979   1.40814
 0.760845  0.155694 -0.464496   1.40793
  0.80299  0.223293 -0.419834    1.4859
0.801626 0.218765 -0.42388  1.48417
  0.80697  0.219027 -0.421674   1.49214
  0.80414  0.220294 -0.422807   1.48909
0.799452 0.213853 -0.42866  1.48061
 0.795663  0.208883 -0.435945   1.47533
 0.803124  0.206862 -0.432451   1.48643
 0.800084  0.209602 -0.433918   1.48363
0.811993 0.213963 -0.42095  1.49942
0.811388 0.205082  -0.4263  1.49865
 0.821984  0.204945 -0.410862    1.5121
 0.815052   0.20895 -0.424832   1.50677
 0.802451  0.215516 -0.427369   1.48687
 0.807421  0.208562 -0.430572   1.49508
 0.808498  0.215811 -0.424651    1.4961
0.805955 0.213251 -0.42564  1.49055
 0.728736  0.159358 -0.456525   1.34411
 0.729673   0.15788 -0.456393   1.34565
 0.726808  0.159389 -0.453766     1.338
 0.724485  0.160421 -0.452522   1.33198
  0.72508  0.157986 -0.452966     1.333
 0.726157  0.159021 -0.453139   1.33553
 0.727936  0.154898 -0.454607   1.33993
0.725662 0.155666 -0.45324  1.33391
 0.726426  0.153366 -0.453428   1.33515
 0.727347  0.154388 -0.453691   1.33741
 0.727908  0.158451 -0.454137    1.3403
 0.726653  0.156714 -0.453483   1.33631
 0.728344  0.156111 -0.454691   1.34109
0.727199 0.157041 -0.45413  1.33852
 0.782807   0.14643 -0.422796   1.43577
 0.777453  0.152099 -0.431148   1.42927
 0.779368  0.151568 -0.420907   1.42823
 0.953278  0.125089 0.0524967   1.71391
 0.952832  0.134254 0.0574493   1.71305
  0.95347  0.133635 0.0511361   1.71387
 0.953191  0.134779 0.0555125   1.71408
 0.953018  0.140426 0.0455004   1.71152
 0.952208  0.145915 0.0540608   1.71138
 0.952043  0.147048 0.0621887   1.71151
 0.774832  0.152616 -0.436158   1.42592
 0.950308  0.155832 0.0749088   1.70673
 0.770322  0.156048 -0.448162    1.4218
   0.958336    0.118154 -0.00625397     1.72263
  0.958001   0.119084 -0.0011767    1.72208
   0.957712    0.121057 -0.00486351     1.72129
   0.957935    0.117439 -0.00456855     1.72161
  0.957684   0.120467 0.00428954    1.72162
   0.95737   0.121617 0.00987664    1.72118
  0.956952   0.125505 0.00560766    1.72005
  0.957218   0.120099 0.00530783    1.72047
   0.956999    0.125126 -0.00341959      1.7195
   0.956813     0.12417 -0.00159591     1.71886
     0.95757     0.118777 -0.000225851      1.72103
    0.956819     0.123518 -0.000995063       1.7194
  0.957474   0.120812 -0.0038612    1.72066
    0.957416     0.121996 -0.000348504      1.72075
 0.767354   0.15838 -0.459722   1.42008
 0.762287  0.154888 -0.459434   1.40917
  0.76561  0.158987 -0.460485   1.41691
 0.760581  0.156037 -0.464845   1.40762
 0.762189  0.155978 -0.459521   1.40919
 0.760621  0.156155 -0.464615   1.40761
 0.761042  0.156571 -0.465245   1.40897
 0.760837  0.156008 -0.464414   1.40801
0.949883  0.18407 0.209286   1.7102
 0.929798  0.150383 -0.226811   1.67947
  0.93003  0.157224 -0.217989   1.68052
 0.927172  0.161019 -0.226891   1.67687
 0.928896   0.15227 -0.224815   1.67848
 0.923818  0.187034 -0.230799   1.67783
0.926612  0.16092 -0.22076  1.67554
 0.927221  0.163604 -0.219561   1.67728
 0.945455  0.154051 0.0815525   1.70291
  0.94909  0.160051 0.0771533   1.70928
0.948429 0.154652 0.081497  1.70663
 0.947366  0.155233 0.0819684   1.70504
 0.951775   0.15413 0.0786638   1.71232
 0.953038  0.148191 0.0784234   1.71377
 0.950371  0.156591 0.0811141   1.70901
 0.949747  0.156859 0.0814496   1.70834
 0.950466  0.157556 0.0776386   1.70983
 0.950467  0.128888 0.0719553   1.70981
 0.949347  0.129728 0.0773986   1.70784
  0.95051  0.138939 0.0772566   1.70967
 0.949864  0.129546 0.0722661   1.70841
 0.947143  0.132678 0.0843653   1.70371
 0.943947  0.141501 0.0882845   1.69796
 0.948223  0.148208 0.0856658   1.70587
 0.946775   0.13894 0.0821296   1.70346
 0.950535   0.15234 0.0816289   1.70938
 0.950248   0.15247 0.0822778   1.70853
0.948598 0.131609 0.077343  1.70622
 0.949049  0.147488 0.0802569   1.70709
0.950117  0.14169 0.076612  1.70863
 0.949441  0.141881 0.0822797   1.70785
 0.952183  0.145975 0.0659668   1.71184
 0.952289  0.144778 0.0676068   1.71189
 0.952716  0.134628 0.0602586    1.7133
 0.953102   0.12598 0.0568272   1.71406
 0.952373  0.126891 0.0609307    1.7128
 0.952614  0.126271 0.0571595    1.7129
 0.951895  0.136417 0.0683883   1.71206
 0.951829  0.127917 0.0645907   1.71202
 0.951199  0.128297 0.0676782     1.711
 0.951464  0.128212 0.0648171   1.71116
 0.952449  0.134908 0.0607483   1.71251
 0.951978  0.127668 0.0608637   1.71191
 0.951912  0.136596 0.0634751   1.71159
 0.952299  0.134966 0.0638654   1.71259
 0.954243  0.139219 0.0430915   1.71487
 0.954211  0.137755 0.0448895    1.7145
0.954994 0.130284 0.038519  1.71694
 0.955582  0.123907 0.0355234   1.71827
 0.955103  0.123782 0.0405315   1.71739
 0.955085  0.123238 0.0367073     1.717
 0.953986  0.133528 0.0501102   1.71528
  0.95459  0.124331 0.0462536   1.71656
 0.953881  0.125046 0.0518294   1.71538
 0.953966  0.124199 0.0470575   1.71503
 0.954713  0.130151 0.0393847    1.7161
 0.954548  0.123682 0.0412396   1.71602
  0.95393  0.132447 0.0427833   1.71454
 0.954618  0.130396 0.0432413   1.71622
 0.953352  0.152836 0.0495317   1.71287
   0.95934   0.105254 -0.0775363    1.72254
  0.958291   0.112851 -0.0722748    1.72097
  0.957666   0.112381 -0.0832917    1.72003
  0.958364   0.112177 -0.0819122    1.72163
  0.956859   0.126671 -0.0682919     1.7195
  0.955119    0.12184 -0.0923889    1.71626
   0.95576    0.12182 -0.0907446    1.71772
  0.956864   0.128171 -0.0778875    1.72026
 0.734802  0.271838 -0.391645   1.34921
 0.733009  0.263729 -0.398058   1.34613
0.742111 0.262487 -0.39102  1.36124
 0.738773  0.267375 -0.396637   1.35855
 0.731671  0.255744 -0.403888   1.34385
 0.730686  0.248086 -0.409064   1.34217
 0.739069  0.247557 -0.402559    1.3563
 0.735837  0.251425 -0.408001    1.3533
 0.747417  0.257506 -0.395046   1.37411
 0.748343  0.251867 -0.396867   1.37517
  0.73719  0.259268 -0.402649   1.35576
 0.742615  0.251393 -0.400825   1.36402
0.744883 0.258791 -0.39522  1.36801
 0.740218   0.25471 -0.397478    1.3581
 0.941016   0.14691 -0.173663    1.6972
 0.943435  0.149622 -0.165466   1.70217
0.943436 0.132734  -0.1777  1.69997
 0.944433  0.126817 -0.184905   1.70191
 0.946996  0.123752 -0.175482   1.70597
 0.944356  0.129726 -0.177298   1.70069
  0.94818  0.128378 -0.157463   1.70752
 0.949728  0.120338 -0.164858   1.71032
 0.951917  0.115922 -0.153358   1.71316
  0.94942  0.123406 -0.154894   1.70829
 0.944086  0.137429 -0.169094   1.70077
 0.946814  0.126598 -0.166586   1.70431
 0.946637  0.134778 -0.157653   1.70468
 0.945764  0.131182 -0.168697    1.7038
  0.75598  0.227279 -0.425459   1.40031
 0.725244  0.184368 -0.445306    1.3343
 0.727114  0.182153 -0.445652   1.33861
 0.727981  0.185451 -0.443808   1.33998
 0.726044  0.183603 -0.444323   1.33584
   0.7298  0.181328 -0.449074   1.34669
 0.731866  0.187571 -0.445471   1.35018
 0.728829  0.185286 -0.446053   1.34361
 0.728771   0.18339 -0.446448   1.34327
 0.727639  0.168833 -0.453884   1.34228
 0.728339  0.167187 -0.453876   1.34335
 0.725682   0.16932 -0.450751    1.3359
 0.723316  0.170936 -0.449816    1.3301
 0.723477  0.168162 -0.450698   1.33039
 0.724918  0.169336 -0.450733   1.33362
 0.726023  0.164201 -0.452501   1.33659
 0.723732  0.165548 -0.451405    1.3308
 0.724001  0.162909 -0.452075   1.33122
  0.72531   0.16406 -0.452179   1.33421
 0.726783  0.168133 -0.451408    1.3383
 0.725045  0.166676 -0.451489   1.33378
 0.726761  0.165497 -0.452434   1.33837
 0.725678  0.166641 -0.451581   1.33579
 0.731486  0.151107 -0.457349   1.34857
 0.732614  0.149769 -0.457116   1.35049
  0.72959  0.150715 -0.454947   1.34274
 0.727325  0.151238 -0.453423   1.33659
 0.728259  0.149099 -0.453473   1.33815
0.729028 0.150034 -0.45378  1.34011
 0.731372  0.146857 -0.455007   1.34571
 0.729222  0.147125 -0.453349    1.3397
   0.7303  0.145215 -0.453177   1.34147
 0.730898  0.146073 -0.453539   1.34309
 0.730689   0.15001 -0.455069   1.34494
 0.729879  0.148036 -0.453715   1.34145
 0.731509  0.147959 -0.455216   1.34635
  0.73033  0.148689 -0.454902   1.34382
 0.774088  0.154451 -0.445231   1.42832
0.944407 0.154117 0.179249  1.70563
 0.931365 0.0992721 0.0903513   1.69632
0.939254 0.147002 0.190468  1.69906
0.936252  0.14624  0.19635   1.6952
0.936435  0.14311 0.193201  1.69284
0.938313 0.152039 0.215016  1.69466
0.934571   0.1536 0.232942  1.68354
0.937563 0.156721 0.227947  1.68938
0.886541 0.238476 0.261107  1.60791
0.890466  0.22446 0.268165  1.61547
0.881155  0.23505 0.268036  1.59892
0.883421 0.226978 0.271676  1.60337
0.877225 0.230299 0.274133  1.59331
0.880523 0.229277 0.270399    1.597
0.886175 0.227553  0.26892  1.60694
0.885357 0.231523 0.263998  1.60462
 0.93638 0.154032 0.229119  1.68675
0.934488 0.136308 0.233275  1.68375
0.935602 0.107676 0.217133  1.68412
   0.919261 -0.00698612    0.283771     1.66872
 0.927795 0.0236968  0.271404   1.67991
  0.937126 -0.0045007   0.246159    1.69621
 0.927709 0.0082251  0.252636   1.67505
 0.931803 0.0496663  0.261462   1.68536
 0.932783 0.0621133  0.243905   1.68252
 0.938867 0.0572455  0.239059    1.6961
0.933861 0.059039 0.242628  1.68491
 0.945837 0.0201595  0.213163    1.7072
 0.942768 0.0436148  0.216093   1.69963
 0.949577 0.0449478  0.193474   1.71207
 0.946741 0.0345397  0.195764   1.70517
 0.932016 0.0367389  0.245195   1.68135
 0.939864 0.0431032  0.218359   1.69301
 0.940468 0.0144902  0.217201   1.69484
 0.937919 0.0288247  0.240813   1.69431
0.950595 0.186982 0.208537  1.70989
0.950416 0.184238 0.208458  1.71186
0.934102  0.15376 0.201834  1.69041
0.944314 0.199148 0.232778  1.70019
0.939516 0.204895  0.24203  1.69202
0.930813 0.207064 0.252665  1.67658
0.923897   0.2027 0.259162     1.66
0.936967 0.152477 0.215777  1.69104
0.907114 0.197841 0.271372  1.62676
0.934883 0.142392 0.196325  1.68926
0.950403 0.158911 0.177935  1.71522
  0.877536   0.024006 0.00356006    1.60675
0.947469 0.176419 0.170376  1.70241
0.930659 0.124986 0.238289  1.67726
0.937306 0.154323  0.22719  1.68823
0.931475 0.133305  0.24382  1.67943
0.932507 0.144013 0.240692  1.68043
0.933515 0.151357 0.238039  1.68213
0.935157 0.200359 0.245657  1.68209
0.936295 0.157718 0.225715  1.68809
0.941723 0.195181 0.234944  1.69462
0.938198 0.160075 0.200617  1.69501
0.943025 0.172101 0.186955  1.70412
 0.781999  0.119926 -0.422958    1.4301
0.781031 0.113258 -0.42054  1.42575
  0.78634   0.11525 -0.415036   1.43474
 0.783568  0.115964 -0.416819   1.42972
 0.778697   0.10686 -0.421052   1.41995
 0.773356   0.10337 -0.422766    1.4086
 0.779842  0.100047 -0.415279   1.41832
 0.778537  0.103847 -0.419245   1.41804
 0.792592  0.107939 -0.404652   1.44213
 0.788284 0.0968541 -0.404654   1.43105
  0.79946 0.0941377 -0.388201   1.44764
 0.794782  0.100929 -0.395454   1.44146
 0.781991  0.109666 -0.416702   1.42523
 0.785746  0.101669 -0.409814   1.42865
 0.788185  0.110103 -0.407687   1.43425
 0.785253  0.105928 -0.413636   1.43026
 0.774924  0.145654 -0.444816   1.42874
0.764699 0.161038 -0.45866  1.41505
0.751575 0.125106 -0.44899  1.38047
 0.753765  0.123386 -0.448393   1.38446
 0.74904 0.123081 -0.44829  1.37428
 0.746167   0.12258 -0.446707   1.36687
 0.748217  0.120472 -0.445519   1.37016
 0.748406   0.12163 -0.446392   1.37126
 0.753569  0.119251 -0.445376    1.3815
 0.750355  0.118384 -0.444023   1.37347
 0.752852  0.116167 -0.442088   1.37729
 0.752938  0.117588 -0.443344   1.37842
 0.750445  0.122996 -0.447625   1.37683
 0.750499  0.119637 -0.445054   1.37458
 0.752863  0.120949 -0.446178   1.38076
 0.751094    0.1211 -0.446843   1.37742
 0.769354  0.160542 -0.448637   1.42091
 0.738046  0.212118 -0.431601   1.36127
 0.743329  0.221518 -0.424038   1.37057
0.733458 0.214625 -0.42729  1.34907
 0.735966  0.219592 -0.423369   1.35328
 0.730342   0.21961 -0.427811   1.34352
 0.732111  0.216973 -0.424833   1.34536
 0.737386  0.218481 -0.426181   1.35839
 0.736462  0.215669 -0.427212   1.35628
 0.831043  0.226459 -0.398897   1.53093
 0.835721  0.224831 -0.393475   1.53817
  0.82971  0.228992 -0.394788   1.52931
 0.831639  0.226517 -0.395455   1.53062
 0.840691    0.2232 -0.387692   1.54601
 0.845971  0.220986 -0.381348   1.55421
 0.839396  0.226402 -0.383184   1.54455
 0.841406  0.223306 -0.383655   1.54577
 0.828742  0.233098 -0.388458   1.52765
 0.833217  0.235127 -0.384177    1.5362
 0.836297  0.224946 -0.389876   1.53779
 0.836509  0.229116 -0.384417    1.5394
 0.831263  0.230432 -0.390897   1.53142
 0.834471    0.2275 -0.389285   1.53657
 0.743531  0.132898 -0.454177   1.36808
 0.740517  0.136568 -0.454759   1.36282
 0.741775  0.131615 -0.452164   1.36281
0.740038 0.133681 -0.45258  1.35976
 0.740103  0.131141 -0.450609   1.35788
 0.740489  0.132176 -0.452093   1.36013
 0.740632  0.134909 -0.453791   1.36215
 0.742615  0.133227 -0.453475    1.3658
0.846656 0.221166 -0.37697  1.55383
 0.847501  0.226319 -0.370168   1.55666
 0.841018  0.228178 -0.378653   1.54671
 0.844748  0.224423 -0.376565   1.55267
 0.848402  0.234376 -0.361892   1.55995
 0.83547 0.235864 -0.37823  1.53894
 0.838369   0.23165 -0.376795   1.54279
 0.844586   0.23449 -0.370767   1.55487
  0.87204  0.228831 -0.328593   1.59889
 0.857693  0.230842 -0.349073   1.57499
 0.870684  0.216424 -0.337095   1.59279
 0.863477  0.219909 -0.348203   1.58199
 0.869282  0.209356 -0.346211   1.58877
 0.867234  0.213602 -0.345687   1.58744
0.860783 0.224856 -0.34753  1.57904
0.867341 0.228649 -0.34027  1.59219
0.897141 0.183362 -0.30596   1.6318
 0.902759  0.178864 -0.296245   1.64073
 0.897145  0.188162 -0.296904   1.63168
   0.8984  0.184901 -0.299479   1.63289
  0.90823  0.173243 -0.285506     1.649
 0.912838  0.167251 -0.275182   1.65544
 0.908313   0.17716 -0.274973   1.64875
 0.909384  0.174739 -0.277916   1.64965
 0.894659  0.205567 -0.294031   1.63189
   0.9012  0.206941 -0.284911   1.64476
 0.904069  0.180393 -0.288444   1.64158
  0.90645  0.187787 -0.275988   1.64691
 0.899363  0.192398 -0.289047   1.63531
0.902611 0.184728 -0.28705  1.64052
  0.91322  0.187606 -0.255664   1.65892
 0.918863  0.189428 -0.245636   1.67013
 0.916365  0.168446 -0.257395   1.66031
 0.917067  0.162705 -0.265651   1.66171
   0.9217  0.158569 -0.255407   1.66906
 0.917684  0.164884 -0.258401   1.66149
 0.925495  0.157574 -0.233862   1.67383
0.925978 0.153379 -0.24418  1.67531
 0.929484  0.148065 -0.233773   1.68005
 0.926511  0.155473 -0.236116   1.67483
 0.917977   0.17336 -0.248378   1.66268
 0.922337  0.160788 -0.246727   1.66857
 0.923896  0.168905 -0.234525   1.67232
 0.920901  0.165383 -0.246751   1.66757
 0.928884  0.168437 -0.214521   1.68105
0.933307 0.170739 -0.20463  1.69004
 0.931811  0.149878 -0.216326   1.68292
  0.93274  0.143949 -0.224327   1.68482
 0.936272  0.140127 -0.214298   1.69037
 0.932981  0.146605 -0.216773   1.68404
 0.938826  0.138599 -0.193068   1.69291
  0.93939  0.135168 -0.203515   1.69475
 0.942019  0.130448 -0.193839   1.69836
 0.939603  0.137524 -0.195653   1.69395
 0.932976  0.155071 -0.206945   1.68455
 0.936556  0.142764 -0.205417   1.68946
0.937653 0.150738 -0.19322  1.69216
 0.935316  0.146988 -0.205847   1.68847
 0.732424  0.194837 -0.442114    1.3512
  0.73667  0.202524 -0.436781   1.35878
  0.72911  0.196511 -0.438418   1.34184
 0.730957  0.200578 -0.435608   1.34495
0.726811 0.200028 -0.43851  1.33727
 0.728019  0.198378 -0.436577   1.33886
 0.732057  0.199735 -0.438128   1.34915
  0.73123  0.197519 -0.438845   1.34729
 0.734681  0.243924 -0.412854    1.3512
 0.738959  0.237112 -0.411658     1.358
 0.741983  0.243679 -0.406327    1.3632
 0.737095  0.240054 -0.408451   1.35303
 0.744834  0.233693 -0.415715   1.37266
 0.751097  0.245843 -0.405308   1.38364
 0.743736  0.242263 -0.408337   1.36855
  0.74309  0.237975 -0.410223   1.36691
 0.953725  0.115308 -0.112476    1.7133
 0.954167  0.117061 -0.111328   1.71466
 0.953099  0.113933 -0.129227   1.71293
 0.953712   0.11162 -0.142428   1.71535
 0.955315  0.108292 -0.132484   1.71754
 0.953668  0.115385 -0.134212   1.71456
 0.956152  0.107041 -0.112147   1.71741
0.956423 0.105147 -0.12347  1.71879
 0.957253  0.103013 -0.115425   1.71971
 0.956549  0.108818 -0.117771   1.71891
 0.953923  0.118578 -0.122375    1.7148
 0.955294  0.112303 -0.125441    1.7171
0.955557 0.116275 -0.11444  1.71756
  0.95485  0.111166 -0.120902   1.71583
 0.850362  0.233361 -0.337087   1.55668
  0.86265  0.239391 -0.322973   1.58095
   0.9527 0.0433288  0.155682   1.71237
 0.956515 0.0672785  0.144964   1.72129
 0.957703 0.0378241  0.145341   1.72361
  0.95617 0.0406251  0.146216   1.71958
 0.956828 0.0873102 0.0903262   1.71782
 0.956704 0.0806426  0.121802   1.71976
 0.962015 0.0260781  0.101304   1.72946
 0.962485 0.0635176 0.0748235   1.72951
 0.964585 0.0350166 0.0456358   1.73429
 0.963447 0.0182442 0.0690504   1.73088
 0.957495 0.0569254  0.118692   1.71999
  0.96066 0.0554593  0.088464   1.72537
0.960064 0.024803 0.107718  1.72478
 0.959636 0.0608121  0.109364   1.72466
 0.893448   0.18963 -0.309036   1.62576
 0.894899  0.195522 -0.299184   1.62915
 0.890466  0.200901 -0.307267   1.62353
 0.892627  0.191691 -0.304793   1.62483
 0.888459  0.222858 -0.307491   1.62792
 0.891243  0.201299 -0.299106    1.6245
 0.892248  0.201933 -0.298295   1.62678
 0.958285  0.105786 -0.110511   1.72215
 0.959045  0.105193 -0.101125   1.72323
0.956929 0.110728 -0.10743  1.71938
 0.957762  0.103984 -0.103876   1.72004
  0.959772   0.105382 -0.0924266    1.72449
  0.960173   0.105156 -0.0839855    1.72498
  0.957976   0.111863 -0.0901158    1.72113
   0.95897   0.105029 -0.0856843    1.72198
 0.95484 0.121604 -0.10558  1.71638
  0.955566   0.122721 -0.0975348    1.71769
  0.958354   0.104467 -0.0949729    1.72095
  0.957203   0.110188 -0.0926069    1.71911
 0.956808  0.110048 -0.100163    1.7185
  0.957516   0.110396 -0.0987397    1.72025
0.935464 0.144118 0.220794  1.68403
 0.950735  0.128805 0.0679115   1.70992
 0.950645  0.139191 0.0717964   1.70957
 0.951628  0.137056 0.0685764   1.71126
 0.951139   0.13708 0.0718756   1.71086
 0.952093  0.145445 0.0677041   1.71126
 0.951269  0.149255 0.0687637   1.70923
 0.951656  0.146254 0.0708966   1.71148
 0.950615  0.152723 0.0760491   1.70921
 0.951234  0.144201 0.0751742   1.71032
 0.831256  0.421193 0.0298185   1.51877
  0.841803    0.40553 0.00551898    1.53326
0.847506 0.400216 0.036251  1.54393
 0.839118  0.399429 0.0240433   1.52422
  0.856035   0.387442 -0.0125731    1.55751
 0.862983  0.385459 0.0421356   1.57201
 0.853812   0.38653 0.0334112   1.55116
  0.854772   0.384229 0.00539993    1.55249
0.934943 0.145937 0.232907  1.68424
 0.930514 0.0901094  0.246898   1.67878
0.929337 0.107857 0.236495  1.67402
0.928058 0.102466 0.254043  1.67553
0.942096 0.102087 0.185736  1.69464
0.940031 0.103451 0.191502  1.69031
 0.915365 0.0990066   0.28555   1.65655
0.920469  0.08878 0.275357  1.66448
 0.914355 0.0857227  0.294737   1.65746
 0.917092 0.0864902  0.283276   1.65882
 0.924573 0.0794137  0.264973   1.67007
 0.929939 0.0734002  0.246173   1.67711
 0.926781 0.0624676  0.265521   1.67519
 0.927548 0.0656049  0.261053   1.67518
 0.912391 0.0634226  0.297002   1.65448
 0.921169 0.0464427  0.277129   1.66674
 0.909668 0.0284545  0.292488    1.6495
 0.916611 0.0385763  0.292232   1.66137
 0.922616 0.0746398  0.273822    1.6678
 0.924133 0.0544195  0.279193   1.67293
   0.9168 0.0685527   0.29195   1.66084
 0.920446 0.0721462  0.282714   1.66649
0.868486 0.297493 0.222634  1.57818
0.872958 0.299653 0.211582  1.58446
0.875268 0.290387 0.219747  1.58888
0.871963 0.292663 0.216719  1.58132
0.879808 0.300893 0.200411  1.59635
0.882881 0.285654 0.217901  1.60265
0.878528 0.288553 0.216284  1.59334
0.878345  0.29273 0.206713   1.5921
0.939602  0.15506  0.22442  1.69476
0.928849 0.116663 0.249219  1.67501
0.890549 0.112481 0.296622  1.61193
0.898829 0.108528 0.302807  1.62942
 0.891175 0.0927842  0.302121   1.61317
0.894479 0.107062 0.302315  1.62246
0.906224 0.103886  0.30023  1.64228
 0.912835 0.0997206  0.287925   1.65149
 0.910493 0.0865405  0.298362   1.64978
 0.90975 0.100898 0.300035  1.65007
 0.895262 0.0647287  0.304704   1.62128
 0.90728 0.064241 0.301943  1.64445
  0.90442 0.0296391  0.299721   1.63932
  0.90114 0.0593757  0.305584   1.63525
0.902368 0.103297 0.305851  1.63798
 0.906167 0.0843156  0.304821   1.64449
 0.896461 0.0863687  0.307197    1.6268
 0.901686 0.0885624  0.304368   1.63441
 0.921366 0.0955769  0.275924   1.66614
 0.918743 0.0982574  0.276341   1.66028
 0.923956 0.0986586  0.260102   1.66696
 0.929235 0.0858072  0.258053   1.67868
 0.925785 0.0825968  0.262931   1.67146
 0.924127 0.0975129  0.267367   1.67018
 0.778239  0.115837 -0.423377   1.42157
 0.775571  0.122107 -0.429634   1.42007
 0.778108  0.119148 -0.424579    1.4224
 0.769763  0.117409 -0.433766   1.40919
0.769078 0.123711 -0.43924  1.41159
 0.770445  0.120336 -0.433918   1.41109
 0.776239  0.110659 -0.423942   1.41669
 0.771367  0.112044 -0.429572   1.40942
 0.772696  0.106276 -0.425828   1.40921
 0.773107  0.108664 -0.427125   1.41135
0.774075 0.119144 -0.43181  1.41757
 0.771263  0.114303 -0.431003   1.41041
 0.775815  0.113502 -0.425976   1.41737
 0.774112  0.116096 -0.428306   1.41534
  0.77146  0.150895 -0.453225   1.42534
 0.817009  0.227004 -0.414827   1.50839
 0.819707  0.227529 -0.411844   1.51295
 0.814799  0.228583 -0.413047   1.50553
 0.816769  0.227272 -0.413193   1.50713
 0.822905   0.22774 -0.408166   1.51813
 0.826682  0.227385 -0.403855   1.52408
 0.820627  0.229956 -0.405479   1.51509
  0.82289  0.227895 -0.405638   1.51689
 0.811276  0.231174 -0.408134   1.49904
 0.814446  0.233024 -0.404453    1.5047
 0.819481  0.227735 -0.409745   1.51147
0.818023 0.230513 -0.40663   1.5101
0.814925 0.229455 -0.41076  1.50515
 0.817469  0.229263 -0.409664    1.5099
 0.815181  0.226046 -0.416861   1.50515
 0.812513  0.225467 -0.417919   1.50175
 0.814708  0.224447 -0.417888   1.50429
 0.814038  0.224922 -0.417355    1.5027
 0.809747  0.224344 -0.418023   1.49709
  0.80559  0.225544 -0.418804   1.49159
 0.808921  0.221538 -0.421018   1.49652
 0.808511  0.223774 -0.418575   1.49501
 0.815569  0.221672 -0.417518   1.50532
 0.813166  0.218336 -0.420801   1.50293
 0.818906  0.216647 -0.413742   1.50948
0.816033 0.217296 -0.41686  1.50496
0.811475 0.223988 -0.41822  1.49944
 0.811469  0.220348 -0.419443   1.49916
 0.814149  0.222279 -0.417965   1.50264
 0.812294  0.222744 -0.419288   1.50136
0.935403  0.14892 0.228165   1.6845
    0.9663 -0.0348088  0.0312213    1.74128
  0.959257 -0.0736297  0.0993631    1.73075
  0.960956 -0.0215912  0.0983485    1.72807
   0.96125 -0.0244693  0.0958255    1.73139
 0.940994 -0.073928  0.188847   1.70044
0.916422 -0.03124 0.255943  1.65527
  0.940064 -0.0264326   0.207473    1.69445
   0.93386 -0.0497578   0.248565    1.69643
  0.956225 0.00576051   0.145743    1.71995
  0.949171 0.00107983   0.173265     1.7068
 0.951517 0.0268004  0.156304   1.70916
 0.952188 0.0151654  0.170938    1.7138
  0.950107 -0.0555212   0.177742    1.71934
  0.947278 -0.0190162   0.201344    1.71048
   0.956781 -0.00440506    0.153762     1.72423
 0.952505 -0.036708  0.157017   1.71578
 0.88275 0.195772 0.289386  1.60311
0.886664 0.202319 0.285751  1.60893
0.889794  0.19392 0.287399  1.61508
0.886349 0.196468  0.28708  1.60771
0.891718 0.206893  0.27879  1.61679
0.897786 0.190824  0.28114  1.62791
0.892269 0.194549 0.284009  1.61733
0.890876 0.198899 0.280497  1.61395
0.891541  0.12502  0.29197  1.61412
0.892472 0.133077 0.290329  1.61662
  0.8973 0.133859 0.297366  1.62707
0.894102 0.131393 0.291518  1.62062
0.891822 0.141114 0.291106  1.61619
0.890128 0.149779 0.292463  1.61369
0.895685 0.151035 0.295331  1.62449
0.892224 0.148529 0.291966  1.61828
0.901384 0.139619 0.295581  1.63374
0.900768 0.147528 0.292303  1.63203
0.906237 0.139154 0.287575  1.64033
0.902179 0.142826 0.295308  1.63557
0.893576 0.139955 0.290913   1.6201
0.897562 0.148628 0.296435  1.62877
0.898501 0.139827 0.297608  1.63049
0.896755 0.142639 0.295939  1.62638
  0.76089  0.155893 -0.464435   1.40812
 0.761043  0.155783 -0.464483   1.40846
 0.761299  0.155989 -0.464958   1.40926
 0.760815  0.155234 -0.465184   1.40812
 0.760781  0.155313 -0.465235   1.40809
 0.760841  0.155234 -0.465057   1.40812
 0.760706  0.155652 -0.465085   1.40792
 0.76081 0.155168 -0.46514   1.4081
 0.767453  0.157967 -0.456044     1.419
 0.760746  0.155239 -0.465237   1.40802
 0.743927  0.131591 -0.453338   1.36816
0.745542 0.130177 -0.45296  1.37107
 0.742045  0.130389 -0.451819   1.36294
  0.73991  0.130186 -0.450025   1.35696
 0.741265  0.128321 -0.449513   1.35918
 0.741562   0.12927 -0.450065    1.3603
 0.745024  0.126874 -0.450492   1.36778
 0.742682  0.126503 -0.448774   1.36141
0.744299 0.124564 -0.44787  1.36395
 0.744524   0.12565 -0.448604   1.36504
 0.743094  0.130085 -0.451547   1.36492
 0.742922  0.127506 -0.449423   1.36247
  0.74466  0.128199 -0.450947   1.36752
 0.743366  0.128602 -0.451088   1.36494
 0.760743  0.155459 -0.465201   1.40801
 0.762083  0.154949 -0.463375    1.4103
 0.765252  0.156486 -0.460404   1.41568
 0.766496  0.155774 -0.460869   1.41832
 0.768807  0.154633 -0.459634   1.42253
0.766758 0.122464 -0.44063  1.40722
 0.762675   0.11839 -0.439601   1.39746
 0.766954  0.116486 -0.435395   1.40393
0.765683 0.119175 -0.43753  1.40283
 0.760071  0.115264 -0.439892    1.3915
 0.755918  0.113892 -0.439522   1.38197
 0.759466  0.111521 -0.436537   1.38747
 0.759331  0.113195 -0.438259   1.38841
 0.768248  0.110939 -0.431915   1.40384
  0.76338  0.109123 -0.432819    1.3934
 0.768007  0.106416 -0.428328   1.40047
 0.767634  0.108739 -0.430838   1.40138
 0.762325  0.116039 -0.438071   1.39539
 0.763126  0.111067 -0.434942   1.39432
 0.766687  0.114087 -0.434134    1.4022
 0.763829  0.113206 -0.436194    1.3971
 0.760593   0.15527 -0.465522   1.40795
0.763076 0.152932 -0.45825  1.41013
 0.772517  0.148167 -0.445869   1.42411
 0.775894  0.125132 -0.429158   1.42068
 0.774082   0.13322 -0.435832    1.4212
 0.769445  0.125859 -0.438007   1.41157
 0.774376  0.129486 -0.435538   1.42138
 0.763659  0.130585 -0.447598   1.40485
 0.778226  0.137294 -0.434157   1.42991
  0.78075  0.128347 -0.427206   1.43065
 0.784229  0.137852 -0.423809   1.43786
 0.780309  0.132427 -0.424735   1.42888
 0.767084  0.151677 -0.460247   1.41873
 0.760712  0.156073 -0.464277   1.40763
 0.760671  0.156165 -0.464413   1.40763
 0.761684  0.156239 -0.462056   1.40917
 0.761242  0.156541 -0.465159   1.40935
 0.763995  0.158316 -0.460701   1.41361
 0.761988  0.157571 -0.459729    1.4091
 0.761781  0.155148 -0.463735   1.40978
 0.735846  0.153821 -0.461847   1.36105
 0.760679  0.155391 -0.465256   1.40791
 0.766677  0.160829 -0.456418   1.41812
 0.761597  0.155709 -0.465041   1.40992
 0.763321   0.15655 -0.458831   1.41125
 0.761333   0.15573 -0.464961   1.40929
 0.758768   0.16366 -0.444619   1.39918
 0.761049  0.155574 -0.464505   1.40845
 0.760556  0.155677 -0.465654   1.40797
 0.761035  0.155561 -0.464534    1.4084
 0.761841  0.155556 -0.465017   1.41043
 0.760956  0.155198 -0.464767   1.40831
 0.760854  0.155316 -0.464876   1.40807
  0.76085  0.154999 -0.465139   1.40826
 0.760849  0.155467 -0.464676   1.40799
 0.760957  0.155385 -0.464574   1.40823
 0.760907  0.155487 -0.464602   1.40809
 0.788411  0.142655 -0.411149   1.44166
  0.79424   0.14172 -0.403023   1.45035
  0.78894  0.151177 -0.405042   1.44149
 0.790084  0.143368 -0.404825   1.44238
 0.803225   0.13837 -0.388806   1.46309
 0.819203  0.140185 -0.367782   1.49047
 0.801031  0.155547 -0.382559   1.45891
 0.805146  0.142554 -0.378567   1.46414
 0.787776  0.157727 -0.399976   1.43809
 0.792097  0.162707 -0.392661   1.44499
 0.785662  0.168543 -0.401025   1.43561
 0.788374  0.161364 -0.397692   1.43906
 0.795935  0.141125 -0.392627   1.44917
0.795391 0.154512 -0.38932  1.44944
 0.789729  0.151343 -0.398186   1.44018
 0.794577  0.150828 -0.393756   1.44862
 0.785298  0.146073 -0.409937   1.43481
 0.785216  0.150409 -0.410582   1.43594
 0.783467  0.158063 -0.402345   1.42988
 0.781851   0.16466 -0.406432   1.42957
 0.779621  0.155262 -0.419379   1.42912
 0.781898  0.157692 -0.410989   1.43044
 0.735444   0.14379 -0.456738   1.35491
 0.736719  0.142237 -0.456384   1.35704
 0.733546  0.143235 -0.454649   1.34931
 0.731384  0.143438 -0.452869   1.34321
 0.732521  0.141629 -0.452676   1.34513
 0.733062  0.142397 -0.453032    1.3466
 0.735432  0.139661 -0.454252   1.35228
 0.733528  0.139979 -0.452425   1.34677
 0.734481  0.138318 -0.452205   1.34832
 0.735004  0.139031 -0.452533   1.34973
 0.734628  0.142651 -0.454642   1.35144
 0.734026  0.140701 -0.452788   1.34816
 0.735622  0.140622 -0.454559   1.35308
 0.734435  0.141405 -0.454322   1.35058
   0.7295  0.160711 -0.456771   1.34616
 0.729322  0.165498 -0.455174   1.34581
   0.7273  0.160622 -0.453796   1.33931
 0.727071  0.163177 -0.452972   1.33881
 0.72561 0.161527 -0.45271  1.33464
 0.726158  0.161658 -0.453036   1.33663
 0.727768  0.163616 -0.455009   1.34203
 0.728525  0.162057 -0.455033   1.34326
  0.76416  0.163114 -0.453116   1.41259
 0.769995  0.156951 -0.454107    1.4234
 0.762423  0.153976 -0.460744   1.40992
 0.748233  0.133047 -0.454629   1.37816
 0.752261  0.130181 -0.453689   1.38556
 0.760499  0.155955 -0.465607   1.40786
 0.764493   0.15281 -0.459055   1.41322
 0.760488  0.156181 -0.465427   1.40779
 0.766363  0.160893 -0.452176   1.41628
 0.762497  0.156692 -0.459482   1.40989
 0.76053 0.156295 -0.46513  1.40774
0.761619 0.156044 -0.46048  1.40842
 0.761287  0.156275 -0.462835   1.40865
 0.760742  0.156775 -0.463712   1.40798
 0.760366  0.156162 -0.465543    1.4076
 0.761433  0.156519 -0.464191   1.40944
 0.760698  0.156367 -0.464729   1.40791
 0.761023  0.156258 -0.464937    1.4087
 0.761263   0.15683 -0.460659    1.4079
 0.760875  0.156313 -0.464816   1.40834
 0.760748   0.15685 -0.465099   1.40844
  0.76072  0.156089 -0.464284   1.40766
 0.760736  0.156351 -0.464843   1.40806
 0.942759  0.154851 0.0754252   1.69658
 0.947924  0.158162 0.0401523   1.70815
 0.949214  0.157574 0.0644032    1.7086
 0.946609  0.167248 0.0660335   1.70738
   0.958742    0.130747 2.69742e-05     1.73044
  0.966606  0.0740957 -0.0161221    1.74415
 0.959801   0.12108 0.0302442    1.7276
 0.959523   0.10001 0.0256742   1.72792
  0.95309  0.147829 0.0638789   1.71408
 0.956345  0.134297 0.0537023    1.7196
 0.954247  0.146664 0.0720722    1.7161
 0.954341  0.141253 0.0685269   1.71627
 0.951562  0.153715 0.0391283   1.71641
 0.955885   0.13251 0.0508987   1.71978
 0.951639  0.155167 0.0636588   1.71368
 0.953799  0.145993 0.0408193   1.71684
 0.865676  0.370319 0.0871611   1.57392
0.873955 0.353346 0.118809  1.58919
0.855946 0.375592 0.104653  1.55652
0.861605 0.364087 0.121189  1.56663
0.850188 0.379235 0.123295  1.54883
0.855098  0.36694  0.11586  1.55225
0.865585 0.358817 0.115929  1.57186
0.864159 0.361078 0.100295  1.56781
 0.807783  0.431214 -0.098044   1.47952
 0.816975    0.4099 -0.117562   1.49073
  0.829475   0.408619 -0.0886643    1.51378
  0.815943   0.409044 -0.0990415    1.48501
 0.830676  0.387758 -0.134766   1.51446
  0.852572   0.384763 -0.0836283     1.5549
  0.833971   0.395202 -0.0938606    1.51846
 0.828198  0.388179 -0.111724   1.50474
  0.870795   0.348542 -0.0770263    1.58009
0.955474 0.123264 0.031713  1.71764
 0.954985   0.12994 0.0356815   1.71655
 0.955308  0.129772 0.0287299    1.7169
 0.955248  0.131005 0.0332363   1.71739
 0.954543  0.134495 0.0217395    1.7141
  0.95401  0.140097 0.0303783   1.71417
  0.95402  0.140806 0.0388829   1.71447
  0.951447   0.132538 -0.0975471    1.70986
  0.953443   0.147047 -0.0755494    1.71488
 0.955615   0.13371 0.0194977    1.7171
 0.955595  0.132245 0.0213083   1.71676
0.956431 0.126803 0.016829  1.71926
 0.957024   0.12214 0.0152047   1.72059
0.956617  0.12248 0.020169  1.71983
 0.956617  0.121596 0.0162799   1.71955
 0.955703  0.130022 0.0275459   1.71803
 0.956312  0.123377 0.0253837   1.71941
  0.95597   0.12387 0.0305584   1.71892
 0.955842  0.123103 0.0261706   1.71823
 0.956205  0.126754 0.0174556   1.71861
 0.956202  0.122571 0.0205863   1.71883
 0.955562  0.128956 0.0205752   1.71731
 0.956142  0.127132 0.0211976   1.71868
 0.956916  0.120975 0.0111968   1.72001
 0.956385  0.126186 0.0137749   1.71888
  0.956575   0.125222 0.00690446    1.71902
 0.956609   0.12706 0.0115574   1.71959
   0.955635     0.12762 -0.00179443     1.71613
  0.955287   0.134413 0.00756992    1.71638
 0.955379  0.135201 0.0154432   1.71673
   0.958202    0.116193 -0.00950328     1.72195
  0.957666   0.119664 -0.0075147    1.72088
  0.957872   0.117285 -0.0137378    1.72095
  0.957897   0.120279 -0.0101562    1.72153
  0.957457   0.125807 -0.0141071     1.7201
   0.95687   0.122256 -0.0147685    1.71889
   0.956853    0.125586 -0.00775188     1.71923
   0.9513  0.153054 0.0523441   1.70766
  0.957444    0.12879 -0.0205796    1.72062
 0.957887  0.127181 -0.016208   1.72143
  0.958544   0.118149 -0.0237483    1.72237
  0.959332   0.114593 -0.0261844    1.72389
  0.959165    0.11481 -0.0211685    1.72369
  0.958898   0.113793 -0.0229253    1.72279
  0.958223    0.11742 -0.0150705     1.7218
  0.958905   0.115237 -0.0162591     1.7233
  0.958636    0.11679 -0.0112916    1.72302
  0.958478   0.114684 -0.0145304    1.72226
  0.958372   0.117294 -0.0199603    1.72184
  0.958751   0.113884 -0.0185115    1.72264
  0.958249   0.116572 -0.0167306     1.7216
  0.958487   0.117467 -0.0190154    1.72227
  0.959029   0.113261 -0.0280254    1.72286
  0.958365   0.117901 -0.0246489    1.72178
  0.958468   0.116548 -0.0309028    1.72177
  0.958593   0.117998 -0.0292883    1.72237
  0.957482    0.12186 -0.0344358    1.71965
  0.957133   0.123533 -0.0329395    1.71939
  0.957117   0.128078 -0.0263673    1.71982
  0.959689   0.108935 -0.0492994     1.7234
  0.958863   0.114396 -0.0458325     1.7222
   0.95883   0.112363 -0.0519895    1.72192
  0.959098    0.11277 -0.0514162    1.72269
  0.957633   0.124538 -0.0538548    1.72062
 0.957609  0.114325 -0.052853   1.71942
  0.957523   0.120725 -0.0484891    1.71995
 0.952907  0.148844 0.0275432    1.7105
  0.957101   0.119679 -0.0692906    1.71939
  0.957671   0.124446 -0.0615287    1.72102
  0.958792   0.111709 -0.0720842     1.7222
  0.960514    0.10552 -0.0758285    1.72552
  0.960649   0.105555 -0.0678972    1.72561
  0.959696   0.105968 -0.0689134    1.72319
 0.959063  0.110646 -0.057159   1.72238
   0.96053   0.106435 -0.0606233    1.72529
  0.960346   0.108223 -0.0541203    1.72501
  0.959796    0.10726 -0.0553222    1.72343
  0.958575   0.113139 -0.0649128    1.72153
  0.959839   0.106287 -0.0616637    1.72344
  0.958891   0.113115 -0.0566567    1.72207
  0.959013   0.111635 -0.0646673     1.7225
   0.9486   0.18719 0.0147574   1.70485
 0.952595  0.148546 -0.122354   1.71782
 0.944903  0.149115 -0.153419   1.70384
 0.952365  0.129504 -0.130386   1.71363
 0.948792  0.132966 -0.147142   1.70814
  0.95169  0.119292 -0.144094    1.7116
 0.950545  0.123046 -0.145276   1.71036
 0.946862  0.138203 -0.151116   1.70614
 0.949857  0.147005 -0.142077   1.71353
 0.947079    0.1695 0.0620832   1.69905
 0.942056  0.133055 -0.186833   1.69744
  0.94211  0.138924 -0.178689   1.69801
 0.940013  0.141905 -0.186457   1.69511
 0.941383  0.134346 -0.185055   1.69668
 0.937232  0.168668 -0.189529   1.69614
  0.93965  0.140402 -0.178827   1.69364
 0.940031  0.142536 -0.177899   1.69484
  0.956546   0.138397 -0.0365542     1.7192
 0.787571  0.399939 -0.212857   1.44357
 0.796275  0.378544 -0.222952   1.45441
 0.806561   0.38457 -0.199901   1.47328
  0.79461  0.381722 -0.208783   1.44798
 0.808829  0.361255 -0.234851    1.4789
 0.826899  0.370103 -0.193864   1.51151
0.810904 0.374196 -0.20384  1.47993
 0.806044  0.366101 -0.215388    1.4687
  0.878291   0.352997 -0.0145403    1.59259
 0.783937  0.327339 -0.309451   1.43719
 0.803485  0.338653 -0.278055   1.47225
0.774813 0.339713 -0.30152  1.41808
 0.784918  0.346884 -0.284083   1.43607
 0.768756  0.356544 -0.296589   1.41085
 0.773913  0.343537 -0.290971   1.41341
 0.787828  0.339695 -0.287891   1.44172
 0.782122  0.333167 -0.295556   1.42952
  0.949442   0.167261 -0.0952934    1.71091
 0.927521  0.229223 -0.135158   1.67747
 0.913594  0.169073 -0.268526    1.6556
 0.914212  0.175829 -0.259452   1.65749
0.910615 0.180257 -0.26833  1.65297
 0.912621  0.171252 -0.265963   1.65462
 0.907196  0.204586 -0.271137   1.65434
 0.910181  0.180674 -0.262064   1.65198
 0.91102 0.183028 -0.26082  1.65416
 0.752168  0.313617 -0.353541   1.38208
  0.75763  0.300913 -0.354482   1.38914
 0.764687  0.309146 -0.342677   1.40163
 0.756098  0.304795 -0.347523   1.38388
0.765493  0.29265 -0.35915  1.40644
 0.779102  0.306943 -0.338137   1.43094
  0.76708  0.304631 -0.344903   1.40704
 0.763779  0.298375 -0.349997   1.39997
0.923848 0.209734 -0.19021  1.67474
 0.874283  0.219864 -0.327436   1.60125
 0.880637  0.223191 -0.320438   1.61428
  0.87386  0.210934 -0.335719   1.59823
 0.874552  0.205465 -0.343196   1.59866
 0.880712  0.200216 -0.333747   1.60784
 0.875944  0.205875 -0.336633   1.59938
  0.88714  0.197895 -0.313417   1.61714
 0.886482   0.19466 -0.324336    1.6163
 0.891937  0.188446 -0.314949   1.62403
  0.88836  0.195429 -0.317866   1.61849
 0.876744  0.214072 -0.328076   1.60287
 0.882249  0.200769 -0.327269   1.60908
 0.885279  0.208566 -0.315269   1.61613
 0.880288  0.205175 -0.325323    1.6073
 0.741219  0.275656 -0.389807    1.3629
 0.746228  0.266224 -0.388897   1.37003
 0.750838  0.273945 -0.381035    1.3781
 0.744347  0.269703 -0.384284   1.36464
 0.753191  0.260941 -0.392591   1.38622
0.762187 0.274821 -0.37821   1.4023
 0.752872   0.27135 -0.382716   1.38345
 0.751412   0.26592 -0.385904   1.38015
 0.758852  0.351893 -0.301516   1.38963
 0.753949  0.341394 -0.317101   1.38109
 0.768291  0.335264 -0.306149   1.40403
 0.762854  0.346585 -0.313087   1.40055
 0.750367  0.330337 -0.331507   1.37506
 0.747196  0.319446 -0.344332   1.36969
 0.760717  0.315192 -0.333206   1.39127
 0.755441  0.324561 -0.341072   1.38765
 0.775477  0.324299 -0.314462   1.41953
 0.775409    0.3153 -0.319781   1.41804
 0.759056  0.335527 -0.327839     1.394
 0.766533  0.320685 -0.329086   1.40409
 0.771603  0.330081 -0.316238   1.41315
 0.763945  0.325173 -0.321261   1.39683
0.850374 0.228005 -0.36124  1.56238
 0.854858  0.230048 -0.356497   1.57114
 0.850495  0.222632 -0.369051   1.56196
  0.85156  0.218741 -0.374457   1.56303
 0.857102  0.215592 -0.367189   1.57149
 0.852459  0.218868 -0.369559   1.56294
 0.861467  0.217416 -0.354264   1.57913
 0.862714  0.212738 -0.359777   1.58029
 0.868435  0.208958 -0.351796     1.589
 0.863608  0.212971 -0.354437   1.58016
 0.852582   0.22452 -0.363695     1.565
 0.857807  0.215819 -0.362375   1.57109
 0.858395  0.221538 -0.355571   1.57373
 0.855907  0.219436 -0.361954   1.57008
 0.815613  0.233635 -0.400656   1.50577
 0.821505  0.231338 -0.402307   1.51593
 0.826962  0.227498 -0.400863   1.52327
 0.827024  0.231279 -0.395884   1.52451
 0.825013  0.229751 -0.400547   1.52181
   0.8268  0.236726 -0.389414   1.52485
 0.818886   0.23369 -0.400582   1.51161
 0.824388  0.236443 -0.395708   1.52217
0.867751 0.241849 -0.29946  1.58459
 0.809621  0.225862 -0.416468   1.49645
 0.806002  0.228122 -0.415767   1.49163
 0.807208  0.226439 -0.414075   1.49177
 0.812369  0.226483 -0.416533    1.5011
 0.814876  0.226397 -0.415837   1.50408
  0.81283  0.227999 -0.414095   1.50159
 0.813587  0.226904 -0.415949   1.50351
 0.809438  0.230114 -0.409071   1.49517
  0.81127  0.227205 -0.416486   1.49955
 0.810002  0.228688 -0.411728   1.49731
0.812178 0.228513 -0.41449  1.50089
 0.744072  0.309129 -0.356671    1.3648
 0.740837  0.299504 -0.366708   1.35918
 0.752294  0.296636 -0.357692   1.37774
 0.748125  0.304098 -0.364251   1.37499
 0.738607  0.289827 -0.375821   1.35542
 0.736804  0.280626 -0.383866   1.35241
 0.747375  0.278789 -0.375128   1.36954
 0.743313  0.284779 -0.381962   1.36648
 0.758361  0.289074 -0.362745   1.39153
 0.758979   0.28189 -0.365925   1.39179
 0.745589  0.294266 -0.373646   1.37055
 0.751959  0.283527 -0.372422   1.37956
 0.755358  0.292212 -0.364133   1.38565
 0.749377  0.287454 -0.367525   1.37292
  0.9422 0.151179 0.183687  1.70416
0.939901 0.148537 0.182876  1.70272
0.938041 0.146518 0.193277  1.69944
0.876913 0.185297 0.275386  1.58835
0.884554 0.160081 0.260862  1.59367
 0.812169 -0.154257  0.153553   1.48153
0.915827 0.197285 0.261745  1.64901
0.866697 0.131374 0.317687   1.5681
0.879497 0.165598 0.271982  1.57819
 0.93737 0.156206 0.225828  1.68974
0.897301  0.17402 0.263907  1.61483
 0.93662 0.155474 0.230349  1.68759
0.935655  0.15209 0.232356  1.68567
 0.87052 0.264554  0.24994  1.57985
0.869292 0.272633 0.243503  1.57759
0.875324 0.268045 0.241116  1.58732
0.871841 0.271361 0.245653  1.58372
0.868139  0.28102 0.236487   1.5756
0.866742  0.28942 0.228788  1.57302
0.873517 0.282904 0.225996  1.58384
0.869633 0.288128 0.231343  1.57997
0.880401 0.270447 0.233197  1.59572
0.881035 0.273642 0.225105  1.59619
0.870852 0.279686 0.238653  1.58206
0.875378 0.281345 0.229938  1.58855
0.876624 0.274222 0.236673  1.59109
0.874209 0.276091  0.23377  1.58542
0.934794 0.141042 0.225941  1.68311
0.930471 0.151884 0.245427  1.67707
0.934592 0.128895 0.222424   1.6828
0.938586 0.155974  0.22684  1.69119
  0.9342 0.120353 0.235631  1.68453
0.932102  0.15713 0.232311  1.68006
 0.938969 0.0816034  0.205167   1.68882
 0.948252 0.0501277  0.191166   1.70813
 0.942857 0.0612304  0.200522   1.69658
 0.944154 0.0582626  0.203933   1.70069
 0.937381 0.0659609  0.222695   1.68822
 0.934658 0.0693364  0.225632   1.68254
  0.94023 0.0747763   0.21664   1.69432
 0.93613 0.150374 0.224916  1.68564
0.882922 0.268871 0.235904   1.6016
0.886149 0.255078 0.246994  1.60811
0.877116 0.266478 0.243846  1.59164
0.879146 0.258287   0.2493  1.59562
0.873104 0.263129 0.251785  1.58597
0.876265 0.260511 0.247179  1.58912
0.882015 0.258037 0.246492  1.59957
 0.88154  0.26197 0.239879  1.59786
 0.934074 0.0866021  0.244444   1.68643
0.935725 0.101797 0.228835  1.68719
 0.931934 0.0982373  0.233702   1.67884
0.946463 0.194945 0.223848  1.70376
0.945527 0.188552 0.225627  1.70199
0.935717 0.154304 0.215214   1.6894
0.936126 0.155422 0.197232  1.69452
0.934451 0.155533 0.234422  1.68388
0.933441 0.158333 0.228801   1.6827
0.938948 0.150595 0.216188  1.69482
0.917412 0.190095 0.248956  1.64838
0.889685 0.183798 0.273788  1.59333
0.930564 0.146886 0.241658  1.67641
0.937055 0.135876 0.193218  1.69254
0.935617 0.157137 0.230631  1.68586
0.938129 0.137587 0.192558   1.6998
0.921301  0.16358 0.260756  1.66227
0.941086 0.136688 0.180246  1.70791
0.910205 0.197875 0.267214  1.63218
0.942718 0.142921 0.164168  1.71215
0.940269 0.149022 0.217604  1.69848
 0.939898 0.0922436  0.157342   1.71121
 0.917015  0.171842 0.0741154   1.65309
0.921654 0.123979 0.267708  1.65912
 0.94088 0.173276 0.137973  1.69186
0.944736 0.127395 0.163941  1.71776
0.946556 0.136962  0.14672  1.71121
0.884204 0.240183 0.259112  1.60262
0.884593  0.24361 0.252599  1.60268
  0.8795 0.236725 0.265825  1.59499
0.874794 0.231831 0.272838  1.58763
0.873557 0.239927 0.267882   1.5853
0.875902 0.238547 0.269576  1.59091
0.877686  0.25141 0.254011  1.59149
0.872504 0.248101 0.262302  1.58337
0.871465 0.255996 0.256228  1.58137
 0.87395 0.254672 0.258405  1.58741
0.880585 0.242731 0.262349  1.59816
0.874949 0.246714 0.264164  1.58924
0.879315 0.249695 0.257268  1.59557
0.878311 0.244712 0.260104  1.59292
0.890471 0.158025 0.293187  1.61579
0.894644 0.166765 0.294817   1.6234
0.896295 0.157388 0.295551  1.62688
0.894056 0.160046 0.294559  1.62181
0.899799 0.169623 0.288927  1.63043
 0.90593 0.152009 0.288762  1.64214
0.901613  0.15439 0.292879  1.63452
 0.89978  0.15645 0.292104  1.63042
0.899638 0.164343 0.289317  1.63066
0.888121 0.159375 0.293822  1.61069
0.885955 0.168968 0.294223  1.60711
0.892488 0.169012 0.294147  1.61861
0.888442  0.16743 0.294006  1.61261
0.883837 0.178592 0.293342  1.60352
0.881875 0.187993 0.291383   1.6001
0.889011 0.186168 0.289714  1.61225
0.884562 0.186209 0.291898  1.60621
0.897041 0.172308 0.287637  1.62419
0.897221 0.177383 0.283205  1.62428
0.886481 0.176881 0.293536  1.60946
0.891102 0.183625 0.291593  1.61701
0.893005 0.175593 0.293628  1.62081
0.890521 0.178087 0.292582  1.61528
0.932457 0.137329 0.234736  1.67932
0.892756 0.273529  0.22003  1.61982
0.933581  0.14709 0.233858  1.68131
0.923179 0.201625 0.251164  1.65904
 0.92904 0.133848 0.245331  1.67404
0.932351 0.198641 0.236049  1.67789
  0.9359 0.150695 0.224826  1.68521
0.935053 0.156694 0.228602  1.68545
0.937793 0.192926 0.222885  1.68943
0.934339 0.153772 0.217699  1.68594
0.932362 0.147641 0.201276  1.68478
0.931117 0.156437  0.20712   1.6839
0.926861 0.191681 0.240846  1.66648
0.933933 0.149339 0.196834  1.68826
0.941235 0.177217   0.2077  1.69866
0.939626 0.163018 0.192232  1.69906
0.932616 0.155396 0.217645  1.68313
0.940576 0.167949 0.194549  1.69988
0.935548 0.163433 0.208645  1.68844
 0.94528 0.178503  0.20952  1.70302
0.937992 0.171566 0.196663  1.69387
  0.76101  0.121275 -0.441771   1.39561
 0.762493  0.124141 -0.443086   1.39978
 0.754824  0.124515 -0.446752    1.3859
 0.758853   0.11773 -0.441171   1.39003
 0.755188  0.119731 -0.444237   1.38434
 0.755844  0.115486 -0.441064   1.38294
0.756467  0.11733 -0.44281  1.38583
 0.756272  0.122378 -0.444345   1.38721
 0.75958  0.12062 -0.44303  1.39319
0.769945 0.143668 -0.45436   1.4222
 0.750608  0.126736 -0.450284   1.37948
 0.746327  0.130328 -0.452395    1.3724
0.748509 0.124613 -0.44886  1.37376
 0.746165  0.126826 -0.449953   1.36984
 0.746315  0.123733 -0.447566   1.36788
 0.746828  0.125018 -0.449212   1.37048
 0.746949  0.128422 -0.450911   1.37246
 0.749391   0.12659 -0.450354   1.37695
 0.765624  0.154004 -0.461123   1.41635
0.769653 0.131746 -0.44534   1.4165
0.770592 0.136262 -0.44264  1.41775
  0.73934  0.138168 -0.454424   1.36045
 0.740101  0.136754 -0.454688   1.36194
 0.737156  0.136739 -0.453204   1.35463
0.735391 0.136743  -0.4518  1.34969
 0.736521  0.135134 -0.451334   1.35148
 0.736836  0.135996 -0.451774   1.35255
 0.739287  0.133807 -0.452879    1.3584
 0.737647  0.133512 -0.451003   1.35336
 0.738686  0.131877 -0.450622   1.35503
 0.738933   0.13277 -0.451096   1.35599
 0.738163  0.136352 -0.453072   1.35659
0.737907 0.134347 -0.45142   1.3543
 0.739064  0.134856 -0.453106   1.35827
 0.738234  0.135247 -0.452905   1.35643
0.735829  0.13755 -0.45221  1.35099
0.737162 0.137812 -0.45354  1.35506
 0.736395  0.139146 -0.454193   1.35415
 0.736149  0.138074 -0.453768   1.35314
 0.737574  0.141287 -0.456805    1.3589
 0.737207  0.139853 -0.455629   1.35708
 0.738188  0.139266 -0.454872   1.35853
 0.773683  0.160084 -0.436971   1.42543
 0.735538  0.145053 -0.457385   1.35578
 0.733467  0.148998 -0.457454   1.35231
 0.733584  0.144301 -0.454915   1.34977
 0.732388  0.146372 -0.454957   1.34768
 0.731889  0.144278 -0.453292   1.34467
 0.732287   0.14503 -0.454635     1.347
 0.733038  0.147316 -0.456667   1.35056
 0.734531   0.14585 -0.456371   1.35318
 0.780275  0.175317 -0.411532   1.42947
 0.776262  0.163328 -0.420985   1.42425
 0.777402  0.167911 -0.419402   1.42594
 0.731855  0.152382 -0.457789   1.34989
 0.730593   0.15669 -0.457148   1.34777
 0.729792  0.151868 -0.455106    1.3435
 0.728988  0.154166 -0.454778   1.34205
 0.728083  0.152214 -0.453757   1.33855
 0.728545  0.152724 -0.454629   1.34074
 0.729664    0.1549 -0.456639   1.34511
 0.730863  0.153411 -0.456485   1.34717
 0.790789  0.193873 -0.448289   1.46505
  0.79256  0.195575 -0.450672   1.46953
0.791554 0.202082 -0.44665  1.46935
0.791007 0.203412  -0.4425  1.46745
 0.785265  0.195506 -0.453676    1.4578
 0.789085   0.19986 -0.451323    1.4657
 0.728848  0.170265 -0.453907   1.34515
 0.729815  0.175583 -0.451272   1.34667
 0.726497  0.170644 -0.450636   1.33782
 0.726873  0.173439 -0.449282   1.33831
 0.724835   0.17217 -0.449832   1.33349
0.725481 0.171858 -0.44957  1.33525
 0.727594  0.173591 -0.451472   1.34167
 0.727892  0.171945 -0.451683   1.34204
 0.769024  0.160588 -0.442308   1.41815
  0.72814  0.179732 -0.449255   1.34295
 0.728707  0.177824 -0.449355   1.34372
 0.726005  0.180663 -0.445897   1.33611
 0.723361  0.182933 -0.445399   1.33016
 0.723331  0.179748 -0.446658   1.33014
0.725095 0.181078 -0.44658  1.33402
 0.725779  0.174773 -0.448493   1.33589
 0.723291  0.176708 -0.447773   1.33006
 0.723335  0.173762 -0.448862   1.33016
0.724947  0.17499 -0.44881  1.33371
   0.7272  0.179204 -0.446831   1.33879
0.724965 0.178012 -0.44774  1.33377
 0.726829  0.176197 -0.448285   1.33827
0.725729 0.177563 -0.44717  1.33556
 0.734921   0.15099 -0.460851   1.35794
 0.737466  0.148156 -0.460413   1.36237
  0.72406  0.198172 -0.438857   1.33136
 0.723679  0.194028 -0.440799   1.33071
0.727438 0.194665  -0.4389  1.33819
 0.726134   0.19577 -0.440566   1.33604
 0.723499   0.19013 -0.442478   1.33039
 0.723337   0.18636 -0.444048    1.3301
 0.726625  0.187229 -0.442661   1.33694
 0.725482  0.187963 -0.443909    1.3348
 0.730063  0.192918 -0.442584   1.34605
 0.730476  0.190558 -0.442818   1.34644
  0.72574  0.191774 -0.442312   1.33529
 0.728078  0.188994 -0.442288   1.34017
 0.728873   0.19273 -0.440259   1.34146
 0.726802  0.190718 -0.440849   1.33702
 0.733417  0.170163 -0.459345   1.35825
 0.798712  0.226884 -0.416708   1.47815
 0.787422  0.227365 -0.410818   1.45258
 0.790333  0.230967 -0.409769   1.45899
 0.734951  0.180192 -0.455162   1.36128
 0.737623  0.202135 -0.441543   1.36422
 0.735925  0.197822 -0.442756   1.36032
 0.734628  0.209743 -0.432561   1.35399
 0.734922  0.206719 -0.432999   1.35403
 0.731189  0.212401 -0.428101    1.3442
 0.726708  0.217415 -0.428454    1.3358
 0.725929  0.212341 -0.431389   1.33452
 0.729253  0.214397 -0.430853    1.3416
 0.729344  0.203018 -0.433864   1.34124
 0.725171  0.207374 -0.434061    1.3332
 0.724686  0.202621 -0.436567   1.33243
 0.727653  0.204539 -0.436132   1.33876
 0.732942  0.209876 -0.430065   1.34827
 0.728356   0.20945 -0.433621   1.34003
   0.7315  0.205174 -0.433152   1.34588
 0.729991  0.207453 -0.431096   1.34209
 0.746947  0.207765 -0.438857   1.38369
 0.740353  0.230838 -0.417305   1.36325
  0.74105  0.226776 -0.418183   1.36399
 0.735976  0.234176 -0.412946    1.3516
 0.729925  0.240977 -0.413826   1.34101
0.729151  0.23459 -0.41788  1.33975
 0.733412  0.237243 -0.417093    1.3489
 0.733869  0.222676 -0.420851   1.34838
 0.728434  0.228571 -0.421599    1.3386
 0.727623  0.222839 -0.425142    1.3373
  0.73148  0.225149 -0.424429   1.34549
 0.738278   0.23111 -0.415767   1.35704
 0.732448  0.231031 -0.420879   1.34718
  0.73656  0.225365 -0.419782   1.35416
0.734668 0.228083 -0.41723  1.34944
 0.816933  0.263811 -0.353803   1.50177
 0.773645   0.24531 -0.394601   1.42401
 0.845549  0.245512 -0.339852   1.55068
 0.800059  0.245464 -0.385013   1.47351
0.888302 0.237282 -0.26964  1.62064
 0.805962  0.275507 -0.350452   1.48347
 0.799214  0.358843 -0.241512   1.45847
 0.799312  0.347469 -0.250409   1.45673
 0.789164  0.373812 -0.229456   1.43857
 0.776401  0.395303 -0.219582     1.419
 0.771522  0.385133 -0.241732   1.41038
 0.781722  0.390533 -0.235937   1.43316
 0.780447  0.353772 -0.269272   1.42386
 0.767562  0.374004 -0.262952   1.40375
 0.763393  0.362699 -0.282474   1.39672
 0.773328  0.368077 -0.277357   1.41856
 0.793448  0.368631 -0.244256   1.45024
 0.777779  0.379369 -0.257437   1.42634
 0.787359   0.35955 -0.263219   1.43932
 0.784398  0.364058 -0.251331   1.43072
 0.907126  0.225531 -0.230975   1.64962
 0.795045   0.42893 -0.106862   1.45151
0.787915 0.423771  -0.1373  1.43849
 0.808828  0.406273 -0.126436   1.47229
 0.799781  0.428563 -0.128949   1.46545
 0.783572  0.415405 -0.166785   1.43088
0.779955 0.405222 -0.19326  1.42431
 0.800434  0.390293 -0.179235   1.45709
 0.791056  0.411133 -0.186124   1.44962
0.820849 0.386497 -0.14261  1.49307
  0.82152  0.373857 -0.157048   1.49189
 0.795318  0.420751 -0.158917   1.45752
0.807528 0.396835  -0.1705  1.47385
 0.813575   0.40411 -0.146329   1.48555
 0.803829  0.399972 -0.155801   1.46383
 0.937918  0.191205 -0.151702   1.69626
 0.820392  0.421071 0.0212926   1.49417
   0.813948    0.426664 -0.00893702       1.483
   0.833833    0.404993 -0.00443798     1.51507
    0.825138      0.42794 -0.000191247      1.50848
  0.808156   0.429592 -0.0405746    1.47326
  0.801938   0.429932 -0.0729404    1.46265
 0.824536  0.407737 -0.063257   1.49916
  0.814186   0.432317 -0.0639686    1.49013
0.847387 0.385868 -0.02249  1.53729
  0.849541   0.376933 -0.0433124     1.5397
  0.819943   0.431343 -0.0317646    1.49987
  0.832573   0.410908 -0.0522798     1.5178
  0.837894   0.409975 -0.0238733    1.52745
  0.829044   0.408602 -0.0344845    1.50733
  0.955222   0.134616 -0.0249287    1.71503
0.843697 0.381278 0.118883  1.53432
 0.838075   0.39268 0.0994957   1.52451
 0.851002  0.376945 0.0983719   1.54515
0.845214 0.391433 0.105217  1.54081
 0.832397  0.403594 0.0766899   1.51479
 0.826436  0.412317 0.0510926   1.50408
 0.843397  0.392402 0.0541184   1.53149
0.835755 0.412684 0.059388  1.52571
 0.859254  0.371882 0.0809476    1.5593
0.860072 0.371339 0.062567   1.5598
0.840744 0.402725 0.083514  1.53385
 0.849044   0.39292 0.0644231   1.54514
 0.853358  0.385337 0.0848837    1.5531
 0.846948  0.386552 0.0767608   1.53835
 0.951744  0.133968 0.0834786   1.70862
0.954252 0.127787 0.108554  1.71605
0.870751 0.336093 0.149672  1.57895
0.871581 0.337457 0.136054  1.57941
0.863631 0.337125 0.163341  1.56663
 0.85719 0.337925 0.178896  1.55685
0.854497 0.347747 0.166239   1.5521
0.858934 0.346443 0.169955  1.56249
 0.85915 0.354931 0.134362  1.55883
0.851722 0.358141 0.152085  1.54751
0.848171 0.368827 0.136572  1.54146
0.853701 0.367317 0.140914  1.55416
0.865641 0.344833  0.15394  1.57274
0.856685  0.35664  0.15595  1.55895
 0.86281 0.353783 0.140578  1.56764
0.861291  0.34685 0.149142  1.56279
0.936003 0.129471 0.220813  1.68619
0.889956 0.334557 0.123795  1.61822
0.876364 0.302769 0.197319  1.58845
0.876972 0.305411 0.187284  1.58872
0.870581 0.301287 0.208285  1.57881
0.865301 0.299049  0.22043  1.57077
0.863403 0.308392 0.211695  1.56744
0.866674 0.306985 0.214233  1.57513
0.867791 0.317787 0.187866   1.5737
0.861456  0.31815 0.201831  1.56412
0.859325 0.327476 0.190966  1.56026
0.863178  0.32618 0.194325   1.5694
0.872122  0.30857  0.20179  1.58348
0.865067 0.316668 0.204587  1.57257
0.870244 0.316394 0.192715   1.5798
0.868978  0.31054 0.198285   1.5762
  0.9356 0.140933 0.224934  1.68505
0.937153 0.128489 0.203559  1.68762
0.926117 0.131891 0.253421  1.67075
0.891524 0.302471 0.180722  1.61816
 0.88919 0.208841 0.277815   1.6114
0.889214 0.212643 0.272525  1.61081
0.884869 0.204248 0.284043  1.60482
0.880137 0.197516  0.28885  1.59719
0.878538 0.206181 0.285657  1.59427
0.880936 0.204602  0.28668  1.59986
0.882282  0.21998 0.275385  1.60001
0.877234 0.214802 0.281812  1.59197
0.875959 0.223093 0.277476  1.58961
0.878339 0.221587 0.278898  1.59524
0.885704 0.210692 0.281409   1.6075
0.879634 0.213244 0.282956  1.59757
0.883947 0.218045 0.277914    1.604
0.883224 0.212866 0.279973  1.60198
  0.9183  0.11515 0.278209  1.66197
0.922018 0.123185 0.265548  1.66674
0.916888 0.121746 0.278271  1.65835
0.912515 0.111951 0.288371  1.65241
0.906535 0.114858 0.301212  1.64457
0.908548 0.120545 0.291998  1.64504
0.908904 0.113641 0.290598  1.64481
0.900301 0.118782 0.303417   1.6341
0.894081  0.12147 0.295904  1.62093
0.899172 0.130157 0.300183  1.63173
0.897709 0.123416 0.300075  1.62766
0.903439 0.136153 0.297457  1.63863
0.907624 0.132242  0.29068  1.64344
0.906284 0.133781 0.290173  1.64041
0.903688 0.118718 0.299497  1.63785
0.902333 0.129697 0.297596  1.63521
0.906864 0.124555 0.289554  1.64082
0.904463 0.126146 0.299705  1.64036
0.923801 0.147422 0.262069  1.66725
0.913679 0.116063 0.286576  1.65391
0.910989 0.119707 0.286297  1.64788
0.912782 0.126274  0.27856  1.64933
0.910533 0.131152 0.287665  1.64873
0.923487  0.12646 0.261785   1.6663
 0.795417  0.205695 -0.440497   1.47642
 0.796522  0.199558 -0.445447   1.47755
 0.803501  0.202054 -0.438498   1.48929
 0.798158  0.202401 -0.440966    1.4793
0.795985 0.196242 -0.44926  1.47623
 0.792409  0.189334 -0.444601   1.46619
 0.799706  0.188198 -0.441139   1.47915
 0.795565  0.190158 -0.443187    1.4718
 0.81352 0.196834 -0.43526  1.50617
 0.809748  0.186407 -0.436183   1.49699
 0.830312    0.1859 -0.424592   1.53479
 0.815201  0.188462 -0.432119    1.5061
0.798024 0.197081 -0.44659  1.47921
 0.803439  0.189083 -0.439389   1.48564
 0.805642  0.198062 -0.439006   1.49147
 0.803056  0.195428 -0.444251   1.48821
 0.738347   0.19222 -0.448691   1.36747
 0.957589 0.0945954 0.0956417   1.72024
 0.955896  0.140168 0.0780982   1.71959
 0.956546  0.119498 0.0664206   1.71848
 0.962436 0.0650293 0.0712675   1.72914
 0.960725 0.0982382 0.0585747   1.72731
 0.964383 0.0358456 0.0375298   1.73393
 0.963115 0.0885366 0.0429762   1.73228
 0.958339  0.115659 0.0627904   1.72243
 0.960146  0.104437 0.0867186     1.727
 0.93549 0.138247 0.213562  1.68459
0.761198 0.155441  -0.4646  1.40881
 0.760958  0.155037 -0.464898   1.40837
 0.761528  0.155599 -0.465091   1.40975
0.760735 0.155229 -0.46547   1.4082
 0.760641  0.155426 -0.465605   1.40809
 0.760827  0.155115 -0.465269   1.40828
 0.760724  0.155083 -0.465356   1.40812
  0.76204  0.154252 -0.461312   1.40932
 0.762576  0.153342 -0.458722   1.40927
 0.742013  0.139048 -0.458266   1.36854
 0.745481  0.136248 -0.457387   1.37473
 0.762417  0.159295 -0.461539     1.411
 0.763822  0.153452 -0.458607   1.41168
 0.766525  0.152954 -0.462575   1.41876
 0.761858  0.152952 -0.460903   1.40868
 0.757104  0.128101 -0.449083   1.39241
 0.761915  0.127777 -0.447495   1.40162
  0.76188   0.15395 -0.463188   1.40978
 0.762235  0.151686 -0.458497   1.40832
 0.768192  0.149996 -0.461065   1.42147
 0.747346  0.136076 -0.456718   1.37809
 0.768596  0.146294 -0.454394    1.4191
   0.7606   0.15626 -0.464787   1.40771
 0.760555  0.156474 -0.465031   1.40778
0.760932 0.156898 -0.46473  1.40868
 0.760418  0.156389 -0.465339   1.40764
 0.763325  0.159331 -0.461018   1.41254
 0.761474  0.159761 -0.461951   1.40931
 0.760385  0.155842 -0.465633   1.40764
 0.761716  0.154199 -0.463475   1.40948
 0.760476  0.155536 -0.465619   1.40779
 0.761651    0.1551 -0.465072      1.41
 0.761451  0.155327 -0.465129   1.40958
 0.764766  0.150351 -0.465674   1.41632
 0.761191  0.155236 -0.464645    1.4088
 0.760088    0.1554 -0.465345   1.40714
 0.761084  0.155163 -0.464655   1.40857
  0.76084  0.154922 -0.465102   1.40831
0.760496 0.155262 -0.46552  1.40788
 0.760905  0.155101 -0.465025   1.40832
 0.761032  0.155239 -0.464679   1.40843
 0.760693   0.15489 -0.465204   1.40807
0.773416 0.160956 -0.42851  1.42153
 0.731952  0.158449 -0.460838   1.35346
  0.73404  0.155582 -0.460539   1.35699
 0.739257  0.143324 -0.459629   1.36446
 0.741496  0.150866 -0.466632   1.37316
 0.762022  0.152619 -0.460521   1.40895
 0.733753  0.161453 -0.461437   1.35821
   0.7649  0.160667 -0.460827   1.41591
 0.760252  0.155913 -0.465796   1.40756
 0.763555  0.160745 -0.461847   1.41368
 0.760239  0.156296 -0.465865    1.4076
 0.760296  0.156562 -0.465763   1.40768
 0.756766  0.163123 -0.454433   1.39878
 0.761378  0.157483 -0.460571   1.40824
0.760854 0.156738 -0.46165  1.40747
 0.760183  0.157004 -0.462777   1.40661
 0.760079  0.156084 -0.465753   1.40723
 0.761015  0.156852 -0.462971   1.40825
 0.760557  0.156749 -0.465418   1.40806
 0.760853  0.156729 -0.465318   1.40863
 0.760706  0.157969 -0.460872   1.40707
 0.760724  0.156706 -0.465352   1.40837
  0.76051  0.157001 -0.465205   1.40802
 0.950039  0.158283 0.0824015   1.70748
 0.951566  0.155032 0.0868438   1.71102
 0.882081  0.359563 0.0610439   1.60476
0.904405 0.268512 0.195472  1.63711
 0.951535  0.156327 0.0725019   1.70994
 0.954863  0.147973 0.0252103   1.71553
  0.954364   0.143376 0.00032529    1.71356
  0.956074   0.139668 0.00071415    1.71763
  0.956061   0.141211 -0.0155724    1.71809
  0.953939    0.14638 -0.0541756    1.71446
0.948716 0.167759 0.034394  1.70201
 0.951184  0.166713 0.0313999    1.7082
  0.955265   0.129894 -0.0561492     1.7158
 0.850672  0.350365 -0.179263    1.5543
   0.952133    0.158211 -0.00997211     1.70958
  0.950459   0.162833 0.00795393    1.70564
  0.94097  0.148326 -0.145221   1.69383
 0.946475  0.162674 -0.128468   1.70732
 0.930686  0.174203 -0.185587   1.68214
 0.828642  0.325954 -0.263999   1.52056
  0.853783   0.365222 -0.0850079    1.54879
 0.845858  0.348404 -0.115598   1.52844
  0.91591  0.193043 -0.225015    1.6607
 0.898208  0.210544 -0.262933   1.63441
 0.798673   0.30384 -0.327867   1.47007
 0.911766  0.251268 -0.177113   1.65456
 0.879298  0.227537 -0.293975   1.60537
 0.779425  0.277783 -0.371645   1.43861
  0.89141  0.268487 -0.221984   1.62334
 0.828545  0.239131 -0.369459    1.5232
 0.840211  0.244157 -0.357664   1.54561
0.841229 0.276267 -0.31323  1.54293
 0.810782  0.235233 -0.393361   1.49396
 0.820788  0.241407 -0.384753   1.51369
  0.80253  0.230867 -0.415928   1.48657
 0.798692  0.239409 -0.401809   1.47544
 0.807365  0.233934 -0.411089   1.49546
0.941426 0.137099 0.188327  1.70795
 0.933781 0.0878393  0.169704   1.68443
0.938936 0.135531 0.191734   1.6968
0.891207 0.165761 0.286185  1.59551
0.897024  0.18533 0.279771  1.60532
0.899025  0.11816 0.282419  1.61201
0.899715 0.150627 0.294968  1.61289
0.938796 0.155221 0.224647  1.69247
0.898569 0.173934 0.288665  1.60814
0.937894 0.155301  0.22798  1.68967
0.936783 0.153073 0.228875  1.68739
0.935924 0.148344 0.227577  1.68564
0.895118 0.245724 0.246221  1.62334
0.938065 0.154655 0.227277  1.68971
0.935442 0.134655 0.214219  1.68376
0.931871 0.154293 0.238831  1.67888
 0.949364 0.0713813  0.184486   1.71054
 0.947146 0.0735975  0.196646   1.70709
 0.941485 0.0925178  0.202553   1.69532
 0.946304 0.0967275  0.186849   1.70481
 0.945451 0.0848793  0.186902   1.70166
 0.93717 0.154356   0.2273  1.68768
0.935873 0.151776 0.224138  1.68494
0.936956 0.120742  0.20416    1.686
0.904642 0.293498 0.123167  1.63428
0.938436 0.111626 0.214263  1.69096
0.940924 0.184424 0.211519  1.69713
0.936793 0.180599 0.213177  1.69024
0.933019  0.15843 0.203045   1.6874
0.933565 0.187204  0.22629  1.68118
0.932915 0.157877 0.234964  1.68105
0.930218 0.159273 0.232647  1.67678
 0.91707 0.192101 0.258257  1.64585
0.938972 0.153584 0.225329  1.69283
0.906078 0.186837 0.275951  1.62308
0.939865 0.148131 0.219633  1.69604
0.938285 0.126802 0.192917  1.69229
 0.93319 0.141184 0.203103  1.67967
0.939324 0.117837 0.187362  1.70049
0.924683 0.156421 0.227976  1.66739
0.941094 0.110122  0.19249  1.70621
0.924305 0.127038  0.25911   1.6587
0.905067 0.170405 0.274915   1.6206
 0.918353 0.0389137  0.206718   1.65067
0.938628 0.106908 0.153396  1.70532
0.920429 0.145688 0.270532  1.65286
0.903615 0.187892 0.273484  1.63517
0.906646 0.151492  0.28554  1.64071
0.904892 0.164606  0.28048  1.63744
0.898947 0.216778 0.264688  1.62923
0.928585 0.143238   0.2514  1.67457
0.938298 0.154687  0.22764  1.69055
0.900549   0.2326 0.235292  1.62652
0.931609 0.156185 0.239602   1.6789
0.925179 0.189977 0.234151  1.66553
0.930952 0.185044  0.22099   1.6789
0.926517 0.154998 0.253947  1.67077
0.931257 0.154393 0.220911  1.67996
0.929443 0.150345 0.206839  1.67904
0.927785  0.15775 0.212571  1.67674
0.920279 0.182325 0.239495  1.65527
0.930909 0.152421 0.202175  1.68219
0.934641  0.17025 0.203752   1.6859
0.936956 0.166072 0.202184  1.69161
0.929283 0.156241 0.221134  1.67658
0.936752 0.168565 0.202497  1.69147
0.933855 0.166278 0.210059   1.6842
  0.75426  0.131514 -0.451875    1.3886
 0.764644  0.151511 -0.463178   1.41495
 0.763302  0.151566 -0.459415   1.41074
 0.764878  0.140129 -0.456497    1.4121
 0.742402  0.141716 -0.459521   1.37062
 0.765777   0.16389 -0.443698   1.41269
 0.761237  0.153288 -0.463381   1.40846
  0.73921   0.14724 -0.461059   1.36598
 0.768438  0.165521 -0.430675   1.41296
     0.76  0.164186 -0.449795   1.40357
 0.771963  0.185958 -0.447465   1.42739
 0.744934  0.144306 -0.464746   1.37798
 0.730534  0.166977 -0.459286   1.35153
 0.731914  0.163938 -0.459274    1.3537
 0.744231  0.186404 -0.455897   1.38043
0.739399 0.168522 -0.46529  1.37188
 0.730875  0.176776 -0.455699   1.35236
 0.731522  0.173491 -0.456012   1.35314
   0.7408  0.176875 -0.461879    1.3746
 0.732866  0.188297 -0.449846   1.35577
  0.73284  0.184523 -0.450493    1.3552
  0.76252  0.222575 -0.417622   1.40601
 0.755573  0.195842 -0.453336   1.40285
 0.787033  0.207096 -0.442478   1.46162
 0.778129   0.20047 -0.451999   1.44635
0.780498 0.206419 -0.44193  1.44795
  0.74491  0.221832 -0.429462   1.37774
 0.743819  0.216125 -0.430904   1.37471
 0.756945  0.207806 -0.435955   1.39978
 0.753032  0.245549 -0.408283    1.3902
 0.752416   0.23701 -0.411635   1.38817
 0.766287  0.251579 -0.402723   1.41731
 0.763825  0.272322 -0.379268   1.40684
 0.762069  0.261956 -0.384678   1.40244
   0.7899   0.25424 -0.386322    1.4577
 0.779802  0.300834 -0.338574    1.4321
 0.775101  0.289067 -0.347081   1.42158
0.803094 0.328417 -0.28024  1.46972
  0.79444  0.316088 -0.292743   1.45057
 0.867542  0.280405 -0.266802   1.58697
0.856975 0.266929 -0.30522  1.57256
 0.829562  0.354286 -0.192655   1.51077
 0.824692  0.337876 -0.211084   1.49825
 0.938975  0.205258 -0.096812   1.69356
0.897887 0.293516 -0.13723  1.62654
  0.950763   0.154201 -0.0558068    1.70793
 0.920708   0.21255 -0.172168   1.66431
 0.870963  0.357548 0.0426865   1.57732
    0.87326     0.35932 -0.00657648     1.58461
0.878336 0.339533 0.114834  1.59197
 0.878239  0.341621 0.0848497   1.59006
0.948368 0.162154 0.101458  1.70433
 0.943725  0.199348 0.0497555   1.69469
  0.94948  0.171062 0.0572222   1.70523
0.885001 0.304936 0.171739  1.60222
0.886671 0.308811 0.148615  1.60393
0.899463 0.275626 0.164738  1.62229
0.887339 0.276503 0.213158  1.60671
0.888668 0.284128 0.193206  1.60813
0.889642 0.249548 0.242544  1.61097
0.890003 0.256347 0.228896  1.61041
0.935348 0.145673 0.220417  1.68417
0.893415 0.220956 0.263576  1.61743
0.892982 0.227769 0.253368  1.61537
0.899418 0.190983 0.277645  1.62799
0.897316 0.198014  0.27024  1.62248
 0.91242 0.148736 0.281742   1.6525
0.934978 0.147371  0.21907  1.68305
 0.778483  0.234049 -0.410148   1.43933
0.791507 0.211989 -0.43387   1.4674
 0.796225  0.216904 -0.428927   1.47617
0.797195 0.221428 -0.42294  1.47654
 0.799702  0.224948 -0.419515   1.48113
 0.789433  0.222965 -0.419843   1.46037
0.795312 0.219556 -0.42366  1.47232
 0.768544  0.214326 -0.429584   1.42235
 0.788787  0.191971 -0.450822   1.46176
 0.778857  0.189213 -0.444568    1.4412
 0.786809  0.193711 -0.452996   1.45968
 0.953188 0.0816671  0.124973   1.71149
 0.952664 0.0690539   0.15081   1.71254
  0.94995 0.0521136  0.148033   1.70459
 0.947983 0.0840334  0.157954   1.70284
 0.951209 0.0865016  0.146406   1.70939
0.933557 0.150099 0.219949  1.68034
0.943415 0.113654 0.161685  1.69476
  0.95086  0.144019 0.0935313   1.70785
 0.761319  0.155119 -0.464762   1.40913
 0.761006  0.154919 -0.464843    1.4085
   0.7609  0.154807 -0.464984   1.40835
 0.761593   0.15518 -0.465335   1.40998
 0.761803  0.154919 -0.465121   1.41037
 0.760349  0.155569 -0.465681   1.40768
  0.76315  0.162472 -0.459326   1.41242
0.761217 0.154793 -0.46499  1.40902
 0.749388  0.139583 -0.462285   1.38484
 0.761372  0.154959 -0.465414   1.40954
 0.762402    0.1512 -0.458441   1.40872
 0.755452  0.136494 -0.459457   1.39519
 0.759413  0.156167 -0.464859   1.40579
0.763474 0.150818  -0.4607  1.41165
  0.76496  0.147517 -0.462236   1.41494
0.758455 0.149554 -0.46027  1.40164
 0.759585  0.136934 -0.459381   1.40301
 0.77087 0.138882  -0.4464  1.41973
 0.763904  0.137842 -0.457896   1.41134
 0.761129  0.150329 -0.458828   1.40617
 0.760527  0.156622 -0.465532   1.40802
 0.760362  0.156726 -0.465637    1.4078
 0.760291  0.156945 -0.464496    1.4074
0.760156   0.1565 -0.46576  1.40742
 0.762365  0.161527 -0.462363    1.4116
 0.759742  0.156006 -0.465277    1.4065
 0.760156  0.155718 -0.465669   1.40732
 0.761404  0.154528 -0.465242   1.40956
  0.76157  0.161249 -0.463311   1.41043
  0.76029  0.155366 -0.465549    1.4075
 0.760828  0.154127 -0.465533   1.40858
  0.76048  0.155077 -0.465392   1.40777
 0.760636  0.154853 -0.465207   1.40804
 0.760668  0.155035 -0.465323    1.4081
 0.761111  0.154961 -0.464785   1.40868
 0.760062  0.155249 -0.465322   1.40704
  0.76116  0.154917 -0.464838   1.40881
  0.76089  0.154753 -0.465053   1.40841
 0.764773  0.164415 -0.437645   1.40851
 0.739977     0.161 -0.466872   1.37236
  0.74773  0.152641 -0.474205   1.38832
 0.763247  0.163246 -0.448441    1.4095
 0.76247 0.162686 -0.45632  1.41046
 0.761121  0.151796 -0.460792   1.40712
 0.761999  0.162159 -0.461328   1.41092
 0.759834  0.156129 -0.465371    1.4067
 0.759964  0.156559 -0.465447   1.40703
 0.760241  0.163405 -0.457257   1.40641
 0.760945  0.159488 -0.462545   1.40854
 0.760368  0.157723 -0.461731   1.40675
0.760048 0.156826 -0.46517  1.40714
  0.76041  0.162586 -0.462001   1.40802
 0.760395  0.157209 -0.461863   1.40669
 0.760412  0.157101 -0.463867   1.40742
 0.760454  0.156922 -0.465431   1.40798
 0.759632  0.157554 -0.462789   1.40568
 0.760275  0.156848 -0.465523   1.40763
 0.759995  0.157046 -0.464633   1.40686
0.948644 0.171452 0.080038   1.7045
 0.900566   0.31611 0.0817156   1.62965
 0.898254  0.325105 0.0280016   1.62511
0.896144 0.297025 0.112099  1.61486
  0.952633   0.162818 0.00319689    1.71149
 0.890932  0.313236 0.0503031   1.60436
  0.953076   0.165087 -0.0260978    1.71375
  0.948346   0.188666 -0.0148267     1.7052
 0.948413  0.190436 -0.049936   1.70867
 0.945088  0.197131 0.0138388   1.69759
  0.945309   0.177367 -0.0959767     1.7034
 0.934972  0.189868 -0.131757   1.68574
 0.881808  0.336717 -0.140383   1.60907
  0.929001   0.246493 -0.0884338    1.67805
 0.869019  0.318392 -0.206047   1.58654
  0.938643   0.219815 -0.0506163    1.69064
 0.902643  0.233022 -0.214889   1.63741
 0.880865  0.251076 -0.259332   1.60511
 0.834704  0.309161 -0.261783   1.52304
 0.885573   0.27507 -0.201026   1.60604
 0.805242  0.288751 -0.319196   1.47245
 0.852197  0.298972 -0.251782   1.55543
  0.82395   0.24379 -0.372017   1.51561
 0.805115  0.241456 -0.395269   1.48669
 0.828044  0.293361 -0.305673    1.5197
 0.835329  0.264793 -0.344062   1.53911
0.939456 0.123683 0.197278  1.69506
0.935672 0.099307 0.216375  1.68316
0.935054 0.138388 0.246429  1.68275
0.940616 0.145245 0.224377  1.69837
0.939254 0.152692 0.226993  1.69415
0.909405  0.18412 0.263865  1.63071
0.928411 0.157187 0.246045  1.67316
0.938762 0.143553 0.234338  1.69322
0.908239 0.172865 0.270245  1.62906
0.936967 0.153825 0.227389  1.68729
0.906595 0.226425 0.246399  1.64163
 0.93677 0.153759 0.228522  1.68699
0.934663  0.14078 0.211431  1.68228
0.919394 0.173136 0.239702  1.65355
0.904359 0.249005 0.224021  1.63735
0.936003 0.154253  0.22794  1.68499
0.935633  0.13194 0.201099  1.68367
0.938508  0.12055  0.18711  1.68791
0.941208 0.120042 0.182649  1.69367
0.934112 0.149499 0.219215  1.68161
 0.93507 0.179755  0.21146  1.68846
0.931305 0.175519 0.215072  1.68053
0.932449 0.164355 0.214282  1.68142
0.926691 0.180156 0.224859  1.66975
  0.9298 0.159778 0.240169  1.67557
0.917675 0.174312 0.242141  1.65036
0.913202 0.180095 0.255439  1.63984
  0.9374 0.151925 0.228408  1.68963
0.938883  0.14697  0.22716  1.69306
0.934573 0.152859 0.225473  1.68218
0.933664  0.15302 0.231848  1.68071
0.909478  0.16032 0.278734   1.6312
 0.93627 0.153198 0.230498   1.6865
0.909302 0.146602 0.275542  1.62798
 0.94121 0.114897 0.205326  1.69688
0.913255 0.162837 0.260275  1.64069
0.937171 0.120621 0.200323  1.68681
0.932329 0.140228  0.24576  1.67754
0.915753 0.145865 0.267206  1.65246
0.906932 0.170662 0.280492  1.64148
0.921157  0.14312 0.264654   1.6641
0.915079 0.160256   0.2703  1.65291
0.925861 0.149981 0.251858  1.66923
0.934917 0.152548 0.224508  1.68295
0.928348 0.158402 0.245164  1.67315
0.920926 0.180933 0.237332  1.65769
0.928865 0.158278  0.23624  1.67416
0.926892 0.179086 0.227038  1.67047
0.927928  0.15518 0.224644  1.67361
 0.92635 0.152186 0.212354  1.67282
0.930686 0.171534 0.218129  1.67677
0.926467 0.163684 0.245502  1.66985
0.927728 0.154195 0.207926  1.67571
 0.92971 0.160044 0.208442  1.68016
0.933721 0.167875 0.210463  1.68331
0.924768 0.159549 0.217991  1.66974
0.931702 0.173804 0.212397  1.67931
0.928605 0.170166 0.220018  1.67057
0.753346 0.139258  -0.4606    1.392
 0.761136  0.149576 -0.463258   1.40797
0.760457  0.14486 -0.46528  1.40729
 0.748649  0.143446 -0.463813    1.3849
 0.759603  0.162643 -0.459808   1.40609
 0.745197  0.149145 -0.466589   1.38036
 0.760931  0.151504 -0.460604   1.40679
 0.742063  0.154462 -0.467147   1.37539
 0.738373  0.156689 -0.466532   1.36798
  0.76174  0.187131 -0.465683   1.41712
 0.736454  0.163862 -0.465459   1.36495
 0.748912   0.18751 -0.462753   1.39201
0.746175 0.161863 -0.47565   1.3878
 0.736306  0.172086 -0.462779   1.36485
 0.747233   0.17558 -0.472622    1.3911
 0.738003  0.181363 -0.457604   1.36744
 0.750665  0.183227 -0.468153   1.39721
 0.741616  0.192114 -0.449605   1.37279
 0.749686  0.197987 -0.447193   1.38951
  0.75034  0.205133 -0.438705   1.38771
 0.786179  0.266486 -0.361678   1.44215
  0.81586  0.256251 -0.373927   1.50632
 0.863543  0.319258 -0.168856   1.56572
 0.909422  0.254966 -0.160563   1.64654
  0.884914   0.334089 -0.0864134    1.60586
 0.923935  0.233604 -0.122498   1.66734
    0.8982   0.315577 -0.0844471    1.62853
  0.890232   0.322171 -0.0193931     1.6068
0.914664 0.297319 0.052332  1.65276
 0.946539  0.199498 0.0447105   1.70191
0.942508 0.137158 0.152606  1.69271
 0.926435  0.270069 0.0448051   1.67124
0.937132 0.175561 0.163261  1.68499
  0.9067 0.278422  0.15635  1.63826
0.916995 0.242534 0.196443  1.65674
 0.91586 0.250003 0.172976  1.65178
0.922135 0.265525 0.109165  1.66268
0.898968 0.254577 0.206948  1.62265
 0.93379 0.145093 0.211406  1.68121
0.941958 0.189762 0.133951  1.69507
0.911374 0.167669 0.266925   1.6445
0.916551 0.188349 0.255866  1.65465
0.904222 0.208351 0.255852  1.63392
0.908475 0.186502 0.267563  1.64213
  0.78858  0.212565 -0.435251   1.46262
 0.775773  0.209229 -0.430361   1.43316
 0.780632  0.217827 -0.427578   1.44433
 0.765532  0.198306 -0.449693   1.42217
 0.769381  0.194845 -0.459637   1.43105
 0.771679  0.181406 -0.450997   1.42924
0.948616 0.114106 0.128779  1.70331
0.947646 0.109614 0.160908  1.70459
0.934615 0.140691 0.201131  1.68275
 0.95017 0.116416 0.122919  1.70593
0.931618 0.148128 0.203535  1.67736
 0.946322  0.163333 0.0911228   1.69811
 0.92874 0.250406 0.104858  1.67362
 0.76139 0.154827 -0.46571  1.40974
 0.760366  0.154941 -0.465279   1.40755
 0.761396  0.154355 -0.465364   1.40968
 0.759908  0.155777 -0.465359   1.40683
 0.761158  0.153055 -0.463112   1.40832
 0.755256  0.152589 -0.473829   1.40177
  0.75475  0.147123 -0.470728   1.39966
 0.760012  0.159527 -0.462949   1.40678
 0.759935  0.152491 -0.463008   1.40594
 0.760776   0.14991 -0.459206   1.40574
 0.761737  0.150223 -0.461233   1.40827
 0.762155  0.149822 -0.466493    1.4113
 0.761101  0.148919 -0.469589   1.41066
 0.764762  0.145867 -0.463833   1.41558
 0.759769  0.143198 -0.466986   1.40737
 0.759839  0.151116 -0.460924   1.40468
  0.75973  0.156306 -0.465281   1.40649
 0.759827  0.159133 -0.463474   1.40665
 0.760358  0.161373 -0.463829   1.40818
0.758662 0.161872 -0.46412  1.40525
 0.759834  0.155622 -0.465313   1.40665
  0.76102  0.154732 -0.465829   1.40905
 0.760901  0.154626 -0.465352   1.40857
 0.759952  0.162021 -0.463564   1.40771
 0.757008   0.16056 -0.464549   1.40234
 0.760346  0.155077 -0.465302   1.40757
 0.760685  0.154749 -0.465146   1.40805
 0.759489  0.155711 -0.465396   1.40609
 0.745581   0.16822 -0.474928    1.3875
0.759809 0.165278 -0.43967  1.39924
  0.74321  0.164116 -0.474802   1.38174
 0.759116  0.163093 -0.453428   1.40319
  0.76032  0.152621 -0.463361   1.40668
 0.752478   0.15313 -0.474791   1.39676
 0.759385  0.156427 -0.464595   1.40561
 0.755451  0.162012 -0.449486   1.39425
  0.75843  0.152369 -0.462714   1.40304
 0.760035    0.1609 -0.464568   1.40785
0.759558 0.156619 -0.46444  1.40594
 0.758998  0.156794 -0.464395   1.40496
 0.759719  0.157886 -0.462018   1.40555
 0.759854  0.156797 -0.465255   1.40676
 0.759161  0.158489 -0.464123   1.40548
  0.75975  0.157213 -0.462977   1.40584
0.943774 0.199784 0.104069  1.69807
  0.9452 0.201736 0.072841  1.69986
  0.941781   0.227077 -0.0115917    1.69706
0.911133 0.287134 0.069579    1.642
   0.946659    0.205043 -0.00800177     1.70445
  0.936378   0.227456 -0.0501698    1.68645
  0.945349   0.201166 -0.0502216    1.70299
  0.936358   0.208364 -0.0887811    1.68641
   0.92796   0.245801 -0.0753912    1.67353
  0.936188   0.230558 -0.0160036    1.68464
0.911228 0.293218 -0.12524  1.65599
  0.926251   0.268666 -0.0474802    1.67285
 0.916838  0.270266 -0.123284   1.66168
  0.89639  0.295216 -0.166419   1.62959
0.936898 0.150501 0.231963  1.68917
0.918866 0.154189 0.259975  1.65155
0.915127 0.178117 0.248171   1.6448
0.921395 0.145358 0.256216    1.654
0.935676 0.154153 0.229345  1.68449
0.924837 0.163313 0.249647  1.66697
0.932113 0.152319 0.220489  1.67763
0.925888 0.157103 0.225013  1.67002
0.932885 0.145873 0.212194  1.67916
0.932172 0.153729 0.228426  1.67719
 0.91568 0.226638 0.223162  1.65458
0.933679 0.154603 0.230373  1.68013
0.934884 0.137049 0.191896  1.68222
0.916166 0.178806 0.257541  1.65223
0.912361 0.230195 0.209397  1.64506
0.930485 0.149559 0.214873  1.67481
0.923232 0.174709 0.231086  1.66158
0.923223 0.153962 0.217967   1.6664
0.926948 0.161037 0.236556  1.67082
 0.91808 0.167865 0.243302  1.65015
0.913487  0.17021 0.252868  1.64158
0.933155 0.150398 0.234235  1.68042
0.911641 0.170223 0.257425  1.63634
0.913348 0.157676 0.261329  1.63842
0.932089 0.147996 0.240341  1.67865
 0.92289  0.15803 0.228319  1.66408
0.928171 0.147481 0.250576  1.66975
0.932556 0.154029 0.233055  1.67812
0.920121 0.159894 0.260639  1.66025
0.919367 0.175134 0.259783   1.6596
0.924079 0.164179 0.253904  1.66653
0.932963 0.153964 0.226218  1.67879
0.928732 0.152702 0.215485  1.67168
 0.92567 0.160716 0.239389  1.66821
0.923806  0.17382 0.231461  1.66274
0.921529 0.171134 0.250785  1.66099
0.925369 0.167251 0.225679  1.66474
0.927468 0.151417 0.212031  1.66987
  0.9246 0.155899 0.213479  1.66923
 0.92746 0.169492 0.223432   1.6699
0.922533 0.159448  0.21917  1.66458
0.926488 0.161523 0.214332  1.67277
 0.755478  0.143561 -0.468173   1.39924
 0.757868  0.149704 -0.465899   1.40271
  0.75106  0.147451 -0.472039   1.39296
 0.750901  0.151568 -0.473745   1.39429
 0.759374  0.149743 -0.459621   1.40307
 0.748154  0.156317 -0.475236   1.39045
 0.744939  0.158021 -0.475095   1.38418
 0.756038  0.173582 -0.457686   1.39949
0.743042 0.171077 -0.47319   1.3819
 0.758289  0.151164 -0.461127   1.40188
 0.745181   0.17923 -0.469672   1.38591
 0.755563  0.163579 -0.445981   1.39312
  0.76261  0.178799 -0.454468    1.4115
 0.756935  0.170902 -0.458709   1.40196
  0.76096  0.190794 -0.462778   1.41427
 0.754194  0.171025 -0.460933   1.39727
  0.911287   0.295742 -0.0867719    1.65099
  0.902399   0.317251 -0.0325632    1.63337
  0.917529   0.290916 -0.0828597    1.66314
 0.909424  0.293685 0.0186238   1.63867
0.926917 0.267053  0.08053  1.67288
 0.930294  0.273271 0.0344554   1.68129
 0.918503  0.287462 0.0862763   1.66055
0.917065 0.275958 0.112698  1.65564
0.941127 0.139165 0.165957  1.69278
0.914468 0.258869  0.14188  1.64643
0.911255  0.24762 0.178487  1.64128
0.938192 0.134933 0.177552  1.68698
0.912756 0.212786 0.232638  1.64644
 0.92684 0.246234 0.130754  1.67021
0.908498 0.202834 0.263299  1.64438
   0.913 0.183087  0.26651  1.65101
0.931447 0.149687 0.212572  1.67679
0.933532 0.149146 0.188701   1.6796
 0.761873  0.176377 -0.455411   1.41103
0.754692 0.182414 -0.46848  1.40301
 0.770058  0.198516 -0.455099   1.43059
 0.756025  0.191496 -0.460382   1.40632
0.937038 0.137511 0.187228  1.68663
0.945973 0.148003 0.130618  1.70004
0.944671  0.14932 0.120083  1.69488
0.927925 0.152775 0.206301    1.671
 0.941298  0.198421 0.0808506   1.68987
0.934148   0.2394 0.103266  1.68291
0.922788  0.23515 0.164384  1.66222
 0.93123 0.166273 0.190999  1.67508
 0.761004  0.154702 -0.465079   1.40863
 0.760741  0.154691 -0.465425   1.40832
 0.760902  0.154653 -0.466171   1.40901
 0.759867  0.155243 -0.465578    1.4068
  0.76028  0.154994 -0.465562   1.40758
 0.760604  0.154018 -0.465628    1.4083
 0.757872  0.162618 -0.460549   1.40284
 0.759874   0.15536 -0.465453   1.40683
 0.759959  0.154012 -0.465798   1.40709
 0.759269  0.150966 -0.460873   1.40368
 0.758717  0.149589 -0.470321   1.40633
 0.748257  0.162288 -0.475531   1.39038
 0.752496  0.156124 -0.475585   1.39783
0.759377  0.15002 -0.46381  1.40478
 0.759329  0.156523 -0.464676    1.4056
  0.75903  0.160021 -0.465536   1.40611
 0.759314  0.156181 -0.465046   1.40569
 0.759035  0.160629 -0.464999   1.40592
 0.759552  0.155777 -0.465194   1.40616
  0.76046   0.15477 -0.466284   1.40821
  0.76033  0.154766 -0.465566   1.40758
 0.759004  0.156495 -0.465244   1.40528
 0.760309  0.154787 -0.466127   1.40784
 0.759488  0.154056 -0.465725   1.40627
 0.750828   0.16034 -0.476137    1.3956
 0.749991  0.165508 -0.475567   1.39463
  0.74793  0.167848 -0.474359   1.39016
 0.756701  0.161991 -0.457244   1.39967
 0.75786 0.161787 -0.46252  1.40351
 0.751883  0.159313 -0.454437   1.38852
 0.752722  0.156562 -0.467717   1.39496
 0.758661  0.161226 -0.465245   1.40567
0.758952 0.157277 -0.46408   1.4048
 0.757549  0.152503 -0.462921   1.40141
0.759055 0.158842 -0.46383  1.40514
 0.759181   0.15703 -0.463693   1.40507
 0.759388  0.156882 -0.463924   1.40542
 0.759722  0.156936 -0.463757   1.40607
0.758682 0.157872  -0.4646   1.4046
 0.759109  0.157504 -0.463014   1.40468
 0.937173  0.237293 0.0756951   1.68809
 0.939795  0.243037 0.0652285   1.69563
 0.936675  0.238518 0.0245135   1.68618
0.942401 0.226727 0.023685  1.69772
 0.911645  0.293228 -0.035815   1.64585
  0.925628   0.267329 0.00119233     1.6686
0.935609 0.144519 0.236874  1.68474
0.927812 0.149143 0.242401  1.66868
0.931777 0.151966 0.235747  1.67728
0.919271 0.158153 0.250139  1.65275
0.916803 0.163696 0.248977  1.64774
0.920568 0.153482 0.248771  1.65402
0.922904 0.164632 0.240348  1.66287
0.925349 0.153464 0.246249  1.66517
0.930123  0.15568  0.23424  1.67308
0.931331 0.152208 0.222615  1.67601
0.930377  0.14741 0.207257  1.67495
0.920101 0.160144 0.228155   1.6578
0.931265 0.146923 0.198921  1.67645
0.930149  0.15532 0.229375  1.67299
 0.92498 0.156072 0.212493  1.66595
0.929524  0.15448 0.223399  1.67251
0.928802 0.164785  0.22033  1.67393
0.930829 0.167988  0.21572    1.678
0.921603 0.169203 0.235092  1.65708
0.920644 0.154562  0.22159  1.66059
0.921969 0.158205 0.229672   1.6619
0.925869 0.154745 0.219113  1.66629
0.916186 0.168701  0.24649  1.64646
0.929249 0.154316 0.237118  1.67215
0.919723 0.166812 0.240016  1.65318
0.916218 0.161308 0.250109  1.64578
0.926046 0.152876 0.240962  1.66533
0.919702 0.163307 0.242081  1.65279
0.918482 0.191644 0.236598  1.65443
 0.91388 0.194207 0.248652  1.64786
0.919023 0.181685 0.245575  1.65585
0.923305 0.169884 0.249424  1.66461
0.923992 0.163787 0.239459  1.66539
0.922221 0.168161 0.234215  1.65898
0.922832 0.163106 0.229757  1.66046
0.921089 0.169607 0.237864   1.6591
0.921372 0.155463 0.219084   1.6622
0.921189 0.161626 0.225542  1.65994
0.921224 0.157308 0.222374  1.66213
0.924991 0.166559 0.227117  1.66548
 0.756106  0.149304 -0.472614   1.40224
 0.756215  0.150457 -0.461139   1.39781
 0.759021  0.152396 -0.463258   1.40422
 0.757577  0.151191 -0.460954   1.40054
 0.749894  0.157323 -0.475753   1.39285
0.753618 0.160555 -0.45364  1.39206
 0.754244   0.16866 -0.462689   1.39813
 0.756584  0.152744 -0.461813   1.39929
 0.751546   0.16669 -0.463819    1.3926
 0.752225  0.159949 -0.466706   1.39431
 0.750891  0.171163 -0.473862   1.39665
 0.749753  0.174146 -0.471639   1.39357
  0.916234   0.297438 0.00490447    1.65613
  0.932689   0.274659 -0.0193944    1.68854
0.922306 0.256061 0.135248  1.66322
0.936505 0.228274 0.127331   1.6879
0.921985 0.226698 0.187646  1.66208
0.936542 0.154621 0.176455  1.68394
0.921817 0.167468 0.239854   1.6613
0.914815 0.210065  0.23781  1.65087
0.922078 0.205801 0.223671   1.6634
0.915791 0.198748 0.246946  1.65289
0.925381  0.21985 0.183347  1.66687
  0.9211 0.210307 0.208291  1.65895
0.932956 0.148734 0.192515  1.67953
0.934033 0.215347 0.165759  1.68407
0.929345 0.157871 0.200881  1.67311
 0.93587 0.152334 0.178623  1.68388
 0.938691  0.239175 0.0973799   1.69369
 0.930331  0.261044 0.0795523   1.67847
0.939889  0.19071 0.117321  1.68793
0.933427 0.233064 0.126803  1.68194
 0.760163   0.15479 -0.466784   1.40793
 0.759167  0.155827 -0.466265   1.40585
 0.758874  0.156588 -0.465727   1.40521
 0.759758  0.155425 -0.466293   1.40698
 0.754603  0.153623 -0.467555   1.39794
 0.759699  0.155038 -0.466199   1.40669
 0.757534  0.150307 -0.460551   1.40009
 0.758647  0.156971 -0.466593   1.40524
   0.7549  0.151764 -0.467262   1.39786
 0.758182  0.154423 -0.465695   1.40393
 0.758862  0.157087 -0.464945   1.40496
 0.758052   0.16019 -0.466323    1.4047
 0.759192  0.155282 -0.466997   1.40622
 0.758312  0.159692 -0.465828   1.40468
 0.752687  0.154806 -0.461071   1.39177
 0.759233  0.155986 -0.465934   1.40593
 0.759694  0.155084 -0.466888   1.40712
 0.758904  0.156072 -0.467049   1.40576
 0.752638  0.176694 -0.471015   1.39959
 0.755896  0.180327 -0.467453     1.405
 0.750288  0.162279 -0.465548   1.39013
 0.753542   0.16209 -0.450481   1.39072
 0.755091  0.161614 -0.457962   1.39656
 0.755483  0.160564 -0.460294   1.39814
  0.75663  0.161356 -0.463069   1.40111
 0.756939   0.15904 -0.466103   1.40244
 0.757731  0.160747 -0.465662   1.40382
  0.75859  0.158356 -0.465289   1.40479
 0.756233  0.159823 -0.464942   1.40074
 0.758535  0.158888 -0.466404   1.40528
 0.920643  0.289605 -0.045137   1.66642
  0.930741   0.257786 -0.0485329    1.68095
0.928583 0.154856 0.237158  1.67023
0.920867 0.160093 0.244176  1.65505
0.921315 0.157665 0.243575  1.65557
0.928934 0.154803 0.232154  1.67054
0.919033 0.162621 0.243379  1.65119
0.928512 0.153949  0.22629  1.67046
0.919366 0.157144 0.227463  1.65617
 0.92769 0.152141 0.218438   1.6696
0.919949 0.199975 0.227805  1.65789
0.925404 0.155526 0.230223  1.66432
0.928604 0.152539  0.20792  1.67197
0.924084 0.186511 0.219628  1.66465
0.920812 0.164608 0.236878  1.65551
 0.91932 0.154991 0.222305  1.65745
   0.925 0.156229 0.236133  1.66252
0.920186 0.158663 0.226427  1.65814
0.924344 0.156464 0.242441  1.66214
0.918967 0.156157 0.223955  1.65563
0.925691 0.157188 0.238511  1.66423
0.921772 0.158748 0.238624  1.65616
0.920889 0.178117  0.24977  1.66069
0.924631 0.154026 0.216759   1.6648
0.924784  0.15399 0.222207  1.66414
0.920768 0.177253 0.232026  1.65802
0.920533   0.1585 0.229592  1.65925
0.920193 0.160344 0.233984  1.65519
0.918869 0.155012  0.22271  1.65624
0.920589 0.163641 0.232177  1.65623
 0.756096  0.151701 -0.461265   1.39803
  0.75692  0.151401 -0.466395   1.40144
 0.752394  0.154604 -0.467738   1.39371
 0.752939  0.158063 -0.457043   1.39154
 0.754321   0.15371 -0.461357   1.39503
 0.750809  0.158003 -0.467332    1.3911
0.752289 0.164462 -0.46478  1.39449
 0.752232  0.158022 -0.459824     1.391
0.927932 0.238111 0.158962  1.67445
 0.93173 0.214962 0.146291  1.67555
0.924937 0.209055 0.205143  1.66738
0.933172 0.171617 0.178066  1.67838
0.920082 0.187458 0.243596  1.65914
0.924541 0.174595 0.208638  1.66349
0.927124 0.165141 0.201953  1.66899
0.920694 0.197013 0.233455  1.66016
0.929218  0.15501 0.199742  1.67308
0.927011 0.190417  0.20618  1.66967
0.930864 0.161923 0.189871  1.67522
0.926801  0.19432 0.191839  1.66704
0.939072 0.162276 0.153331  1.68763
0.931521 0.206391 0.176522  1.67776
0.931743 0.175103 0.178488  1.67436
0.938262 0.177029 0.148452  1.68544
 0.758785  0.154311 -0.465882     1.405
  0.75522  0.158791 -0.462654   1.39811
 0.754373  0.152515 -0.461349    1.3947
 0.758181  0.155958 -0.467217   1.40459
 0.757628  0.154813 -0.465763   1.40296
 0.756442  0.151866 -0.461178   1.39849
 0.758619  0.157607 -0.465736   1.40493
 0.758345  0.157694 -0.466299   1.40462
 0.758438  0.156804 -0.466879   1.40488
 0.758015  0.158835 -0.466816   1.40447
 0.758697  0.155763 -0.467076   1.40538
   0.7573  0.157669 -0.466702   1.40316
 0.754341  0.159746 -0.460844   1.39583
 0.754726   0.15374 -0.460951   1.39557
 0.757548  0.159314 -0.466708   1.40364
 0.752072  0.156994 -0.457647   1.38981
 0.758061  0.158178 -0.467213   1.40462
0.755663 0.156441 -0.46418  1.39899
0.926811 0.156657 0.233128  1.66622
0.922186  0.15563 0.225124  1.65927
0.922761 0.157549 0.232943  1.65929
0.926628 0.156234  0.22714  1.66684
0.925679 0.155269 0.212821  1.66671
0.919482 0.156358 0.222744  1.65624
0.921584 0.174604 0.236231  1.66086
0.922301 0.155719 0.221112  1.66077
0.919037 0.156511 0.223828   1.6559
0.919983 0.159124 0.227324  1.65717
0.920423 0.162361 0.236979   1.6544
0.921614 0.159664 0.233098  1.65729
0.921171 0.160015 0.237808  1.65592
0.923649 0.159136 0.236714  1.66016
0.921354 0.160827 0.218947  1.65977
0.921731 0.184734 0.222055  1.65907
0.920741 0.164831 0.225474  1.65809
0.920159 0.160733 0.227918  1.65805
 0.753979  0.155536 -0.459734   1.39407
 0.756722  0.155188 -0.465045    1.4011
0.926132  0.16185 0.210905  1.66809
0.934942 0.178694 0.164604  1.68008
0.928076 0.176298 0.192655  1.66916
0.924207 0.189889 0.208982  1.66309
0.922391 0.157979 0.217965  1.66141
0.926128  0.15799 0.207158  1.66783
0.927039 0.171295 0.207215  1.66887
 0.92172 0.167919 0.219832   1.6601
0.930821 0.203372 0.177125  1.67594
0.930943 0.196444  0.18796  1.67672
 0.755693  0.157156 -0.464071    1.3992
 0.758209  0.157014 -0.467392   1.40477
 0.757708  0.157702 -0.467198   1.40379
 0.755918  0.153181 -0.461883    1.3981
 0.754698  0.154873 -0.460905    1.3958
  0.75473  0.157933 -0.462958   1.39703
 0.756596   0.15831 -0.466297   1.40163
 0.756499  0.155885 -0.464987   1.40081
0.923797 0.158021 0.230967  1.66144
0.922937 0.156971 0.217562  1.66173
0.920335 0.157476 0.225763  1.65663
0.923389 0.156236 0.222613  1.66183
0.922235 0.170084 0.220013  1.65991
0.921199 0.157174 0.221396  1.65862
0.920051 0.163435 0.225538  1.65768
0.920655 0.158331 0.222247  1.65845
0.922326 0.181729 0.229409  1.66198
  0.9247  0.16569 0.211751  1.66527
0.920318 0.159579  0.23007  1.65633
0.920494 0.157809 0.230686  1.65663
0.921181 0.157157  0.22532   1.6585
0.920069 0.157689 0.221734  1.65762
 0.753728  0.155958 -0.459712    1.3937
 0.753328  0.156418 -0.460774   1.39347
0.923381 0.159968 0.213517  1.66311
0.921542 0.164357 0.224403   1.6601
0.923587 0.163398 0.217542   1.6637
0.924189 0.171549 0.217947  1.66455
 0.757847  0.156566 -0.467151   1.40403
 0.757139  0.156926 -0.466843    1.4027
