0.879423 0.340615  0.16177  1.60012
0.881116 0.327575 0.187186  1.60381
0.869838 0.342085 0.174074  1.58225
0.871741 0.333716 0.186679  1.58603
0.863278 0.342498 0.187029  1.57195
0.867742  0.33569 0.181161  1.57653
0.876079 0.330007 0.183187  1.59247
0.876774 0.332775 0.170453  1.59275
0.760906 0.151667 -0.45921  1.40378
  0.76103  0.151628 -0.459252   1.40406
 0.797966   0.13276 -0.397617   1.44934
 0.792141  0.133751 -0.405597   1.44056
 0.795437  0.136763 -0.404923   1.44799
 0.793042  0.119062 -0.404732   1.43981
0.788272 0.124279 -0.41384  1.43473
 0.791814  0.123798 -0.411142   1.44103
 0.804884  0.120928 -0.382877   1.45585
 0.800257  0.112859 -0.390256    1.4478
 0.812609  0.101055 -0.363288   1.46198
 0.805804  0.115661 -0.387426   1.45923
 0.793611  0.128423 -0.409586   1.44495
 0.797092  0.120593 -0.402773   1.44799
 0.800732  0.129004 -0.399251   1.45565
 0.797496  0.124215 -0.400265   1.44821
  0.978126   0.121812 -0.0532248    1.76436
  0.978054   0.123428 -0.0468223    1.76408
  0.977137   0.126018 -0.0500137    1.76204
  0.977559   0.121997 -0.0484085     1.7627
  0.978007   0.124817 -0.0405396    1.76387
  0.977919   0.125951 -0.0346229    1.76361
  0.977101   0.128481 -0.0377896    1.76168
   0.97748   0.124275 -0.0367085    1.76232
  0.975862   0.135133 -0.0466529    1.75947
   0.97638   0.134543 -0.0405317    1.76033
  0.977524   0.123051 -0.0426138     1.7625
  0.976872   0.126409 -0.0401374     1.7609
 0.976959  0.126249 -0.044869   1.76132
  0.977209   0.126921 -0.0437659    1.76203
0.936333 0.169502 0.254323  1.69675
 0.763544  0.153353 -0.457007   1.40857
 0.761012   0.15125 -0.459576    1.4041
 0.761512  0.152528 -0.459847   1.40544
  0.76192  0.153223 -0.460299   1.40655
 0.762205  0.153358 -0.460351   1.40718
 0.76279 0.153545 -0.45928  1.40797
0.768074 0.157799 -0.45771  1.41843
 0.765521  0.154241 -0.455072   1.41181
 0.764667  0.153152 -0.454638   1.40984
 0.766591  0.154025 -0.455253   1.41403
  0.77043   0.15626 -0.458225   1.42276
 0.773266  0.153532 -0.453081   1.42576
 0.786723  0.141128 -0.419395   1.43677
 0.782296  0.142382 -0.429068   1.43203
0.785305 0.145175 -0.42856  1.43878
 0.760937  0.151743 -0.459148   1.40382
0.760997 0.151869 -0.45918  1.40399
  0.76207  0.153723 -0.459648   1.40666
0.760889 0.152065 -0.45935  1.40388
 0.760888  0.152175 -0.459609   1.40402
 0.760903  0.152155 -0.459828   1.40414
 0.760931  0.152224 -0.459954   1.40426
 0.762954  0.153287 -0.457471   1.40751
 0.760936  0.152023 -0.460038   1.40427
0.762367 0.153425  -0.4595  1.40716
 0.761022  0.151462 -0.459275   1.40402
0.760999 0.151276 -0.45973  1.40414
 0.760964  0.151415 -0.459369   1.40392
 0.810816  0.233368 -0.436205   1.50986
  0.80918  0.228908 -0.440035   1.50743
 0.814351  0.229632 -0.439164   1.51647
 0.811813  0.230497 -0.439082   1.51274
0.806807 0.224399 -0.44456   1.5035
 0.802636  0.219524 -0.451488   1.49731
 0.809925  0.218172 -0.449492   1.50958
 0.807198  0.220395 -0.449617   1.50603
  0.81885  0.225062 -0.439489   1.52381
 0.817903  0.216718 -0.444792   1.52245
  0.82831  0.216699 -0.430954   1.53657
 0.821744  0.220207 -0.443346   1.53085
 0.809862  0.225854 -0.443346   1.50983
0.814322 0.219734 -0.44771  1.51842
  0.81568  0.226566 -0.442065   1.52004
  0.81302  0.224168 -0.442998   1.51424
 0.732624  0.161033 -0.458881   1.34937
 0.733526  0.159503 -0.458686   1.35077
 0.730654  0.160574 -0.455795   1.34303
0.728099 0.160992 -0.45349  1.33595
  0.72869  0.158428 -0.453684   1.33673
0.729872   0.1596 -0.45398   1.3396
0.731646 0.155849 -0.45612  1.34423
 0.729218  0.156017 -0.453684   1.33731
 0.729936  0.153615 -0.453604   1.33823
 0.730954  0.154775 -0.453996    1.3408
 0.731695  0.159761 -0.455991    1.3451
 0.730302  0.157204 -0.454058   1.34002
 0.732103  0.157254 -0.456312   1.34561
 0.730956  0.158108 -0.455857   1.34312
 0.788408  0.147111 -0.418595   1.44123
 0.782843   0.15308 -0.427604   1.43474
 0.784864  0.152536 -0.416375   1.43341
 0.972201  0.131168 0.0559353   1.75261
 0.97175 0.139281 0.061596  1.75153
 0.972377  0.139474 0.0551615   1.75236
 0.972112  0.140346 0.0589342    1.7526
 0.971874  0.146296 0.0509842   1.74982
 0.971027  0.150612 0.0581157   1.74946
 0.970822  0.151729 0.0666008   1.74954
 0.780075  0.153487 -0.432699   1.43127
 0.968697   0.15371 0.0879254   1.74349
 0.774951  0.157175 -0.445988   1.42701
   0.977184    0.130062 -0.00681324     1.76191
   0.976898     0.13078 -0.00121404      1.7613
  0.976498   0.132803 -0.0050319    1.76024
   0.976746    0.129135 -0.00474035     1.76067
   0.97662    0.13189 0.00478952    1.76079
 0.976335  0.132739 0.0108841   1.76029
 0.975774  0.136717 0.0065087   1.75883
  0.976093   0.131253 0.00618215    1.75938
   0.975673    0.136467 -0.00312662     1.75802
    0.975514     0.135211 -0.000896453      1.75735
   0.976418    0.130215 0.000125311     1.76001
    0.975596     0.134733 -0.000229919      1.75809
   0.976255    0.132333 -0.00362095     1.75948
    0.976236      0.13353 -4.00932e-08      1.75964
 0.770916  0.158943 -0.457883   1.42415
 0.763869  0.153189 -0.455126   1.40838
 0.76891 0.159378  -0.4583  1.42039
 0.760936  0.152328 -0.459786   1.40422
 0.764008   0.15427 -0.454896   1.40876
 0.760965  0.152314 -0.459564   1.40418
 0.761694  0.153279 -0.460198   1.40607
 0.761131  0.151977 -0.459124   1.40426
0.947594 0.187945 0.213308  1.70708
 0.943996   0.16107 -0.243531   1.71691
 0.944605  0.167897 -0.233844   1.71762
 0.941694  0.171787 -0.243015   1.71389
 0.943381  0.162866 -0.240885   1.71555
 0.938721  0.197809 -0.245936   1.71442
 0.941402  0.171688 -0.236017   1.71197
 0.942031  0.174446 -0.234705   1.71367
 0.966539  0.143578 0.0804404   1.74474
 0.969992  0.142633 0.0802187   1.74952
  0.96876  0.144109 0.0826914    1.7463
 0.968298  0.143568 0.0810986   1.74596
 0.971727  0.136533 0.0881631   1.75096
 0.972229  0.131542 0.0886886   1.75093
 0.970079  0.149033 0.0884205   1.74795
 0.969445  0.145764 0.0833694    1.7465
  0.97057  0.144649 0.0838723   1.74913
 0.969941  0.130381 0.0732618    1.7494
 0.969139  0.129286 0.0777638   1.74793
     0.97  0.137958 0.0791421   1.74871
 0.969339  0.129432 0.0742261   1.74782
 0.967401  0.129796 0.0833362   1.74455
 0.965109  0.135184 0.0854923   1.74048
 0.968498  0.140595 0.0850018   1.74575
 0.967104  0.133614 0.0819732   1.74418
 0.969838  0.150318 0.0861002   1.74788
 0.969969  0.148619 0.0883533   1.74795
 0.968422  0.129202 0.0784548   1.74616
 0.969113  0.140333 0.0828503   1.74669
0.969696 0.138448 0.079665  1.74762
 0.969244  0.138276 0.0832969   1.74725
 0.970985  0.150393 0.0710691   1.74994
 0.971262  0.148395 0.0734671   1.75036
 0.971666   0.13941 0.0636728   1.75183
 0.972112  0.131816 0.0597199   1.75297
 0.971446  0.131855 0.0636252    1.7518
 0.971564  0.131493 0.0605411   1.75161
0.971054 0.138516 0.070945  1.75074
 0.970983  0.131765 0.0668351    1.7511
 0.970449  0.131033 0.0694188   1.75019
 0.970585  0.131149 0.0675247   1.75007
 0.971419  0.138792 0.0650674   1.75101
 0.971012  0.131749 0.0641098   1.75074
 0.971059  0.138794 0.0677737   1.75031
 0.971345  0.138669 0.0672196   1.75123
 0.972927  0.147388 0.0475662   1.75301
 0.973024  0.145216 0.0499239   1.75289
 0.973861  0.138598 0.0417927   1.75552
0.974582 0.132698 0.038235  1.75723
0.974112 0.131929 0.043432  1.75636
 0.973995  0.131558 0.0398719    1.7557
   0.9729  0.139917 0.0535538   1.75383
   0.9736  0.131704 0.0492496   1.75551
 0.972883  0.131643 0.0548175   1.75429
0.972888 0.131009 0.050517  1.75373
 0.973563  0.137821 0.0433472   1.75459
 0.973464  0.131243 0.0446349   1.75473
  0.97284  0.139028 0.0470051   1.75308
 0.973514  0.137948 0.0467607   1.75481
 0.971902  0.158532 0.0553833   1.75046
  0.976606   0.115893 -0.0855344    1.76204
  0.975744   0.123454 -0.0794525       1.76
  0.974941   0.122768 -0.0913187    1.75902
  0.975722   0.122718 -0.0897388    1.76085
  0.974549   0.137033 -0.0742201    1.75798
 0.972431  0.131968 -0.100152   1.75462
   0.97313   0.132099 -0.0983514    1.75623
   0.97444    0.13868 -0.0848084    1.75897
 0.742002  0.274372 -0.395308   1.36415
 0.739728  0.266295 -0.401955   1.36016
 0.749257  0.265747 -0.395816   1.37673
 0.745766  0.269951 -0.400441   1.37314
0.737914 0.258335 -0.40795  1.35694
 0.736485  0.250665 -0.413302   1.35438
   0.7453   0.25085 -0.407832   1.37003
  0.74192  0.254045 -0.412164    1.3661
 0.754508  0.261377 -0.401103   1.39004
 0.755065  0.255888 -0.402968   1.39038
0.743698 0.261894 -0.40664   1.3694
 0.749113  0.254711 -0.406036   1.37829
 0.751828  0.262101 -0.400091   1.38313
 0.74685 0.257971 -0.40244  1.37257
 0.956765   0.15757 -0.186824   1.73462
 0.959471  0.160344 -0.178125   1.74003
0.958865 0.142903 -0.19169    1.738
 0.959659  0.137096 -0.199749   1.74055
 0.962444  0.133994 -0.189855   1.74485
 0.959559  0.139998 -0.191863   1.73905
0.964102  0.13839 -0.17031  1.74597
  0.96543  0.130523 -0.178685   1.74947
 0.967838  0.126087 -0.166637    1.7525
 0.965092  0.133571 -0.168379   1.74709
  0.95961  0.147772 -0.182681   1.73877
 0.962238  0.136838 -0.180619   1.74287
 0.962432  0.145067 -0.170548   1.74294
 0.961412  0.141315 -0.182185   1.74207
 0.762078  0.232822 -0.433402   1.41488
0.729037 0.185981 -0.44849  1.34071
 0.731133  0.184456 -0.449855   1.34601
0.731889 0.187951 -0.44821   1.3474
 0.729971  0.185849 -0.448595   1.34314
 0.733999  0.184249 -0.453771   1.35467
 0.735969   0.19087 -0.450572   1.35844
0.732876 0.188179  -0.4509  1.35151
  0.73294  0.186201 -0.451205   1.35132
 0.731658  0.171007 -0.457369   1.34878
 0.732331  0.169319 -0.457297   1.34971
 0.729617  0.170971 -0.453874   1.34208
 0.726987   0.17195 -0.451885   1.33517
 0.727161   0.16904 -0.452528   1.33525
 0.728709  0.170353 -0.452681   1.33882
 0.729861  0.165617 -0.455113    1.3421
 0.727379  0.166329 -0.452961   1.33534
 0.727623  0.163577 -0.453356   1.33547
 0.729031  0.164875 -0.453591   1.33879
 0.730673  0.169909 -0.454353   1.34428
 0.728787    0.1676 -0.453176   1.33865
 0.730643   0.16711 -0.455152   1.34409
 0.729539  0.168171 -0.454405   1.34156
0.735164 0.152268 -0.45866  1.35253
 0.736249  0.150873 -0.458367    1.3543
 0.733259  0.151448 -0.455905    1.3465
 0.730805  0.151401 -0.453304   1.33937
 0.731717  0.149148 -0.453124   1.34069
 0.732581  0.150207 -0.453545   1.34294
 0.734878  0.147363 -0.455496   1.34875
 0.732614  0.147096 -0.452753   1.34191
0.733634 0.145097 -0.45235  1.34338
 0.734315  0.146074 -0.452823   1.34526
 0.734291  0.150853 -0.455871   1.34848
 0.733353   0.14813 -0.453238   1.34393
 0.735065  0.148637 -0.455809    1.3496
 0.733898   0.14931 -0.455579   1.34716
 0.779017  0.155691 -0.443105   1.43402
0.941796 0.157158 0.182772  1.70264
 0.925586 0.0997048 0.0955306   1.68716
0.937742 0.150709 0.196231  1.69738
   0.934 0.151057 0.204061  1.69408
0.933716 0.150235 0.205404  1.69243
0.935953 0.163115 0.236713  1.69694
0.933921 0.165122 0.278481  1.69315
0.935883 0.169515 0.265314  1.69582
0.879359 0.255521 0.287213  1.60112
0.882408 0.242053 0.298006  1.60781
0.872664 0.252912 0.292904  1.58923
0.874392 0.245109  0.29861  1.59307
0.867234 0.247518 0.297137  1.58007
0.871288 0.247819 0.295441  1.58582
0.877739 0.245288 0.296401  1.59789
0.877543 0.249508 0.290319  1.59665
0.935177 0.165402 0.271311  1.69459
0.934121 0.139978 0.279502  1.69287
 0.93516 0.103042 0.259495   1.6905
    0.9031 -0.0169141   0.347447     1.6496
  0.91782 0.0136983  0.332879   1.67139
  0.930145 -0.0257866    0.30823    1.69337
   0.915712 -0.00301525    0.316782     1.66152
 0.925341 0.0408455  0.319219    1.6828
 0.928167 0.0551095  0.298798   1.68258
 0.936502 0.0445867  0.293467   1.70055
 0.928771 0.0508735  0.298195   1.68372
   0.945012 -0.00495236    0.268026     1.71322
 0.942087 0.0255384  0.268423   1.70558
 0.952589 0.0213255  0.241292   1.72357
 0.947247 0.0140816  0.245121   1.71135
 0.924503 0.0267786  0.304428    1.6754
 0.937396 0.0289128  0.272219   1.69537
  0.936069 -0.0037444   0.274433    1.69328
 0.933663 0.0125153  0.298355   1.69507
0.948558 0.190531 0.212055  1.70711
0.948644 0.187567 0.211749  1.71008
0.931855 0.157708 0.209612   1.6898
0.943148 0.201357 0.235931  1.69887
0.939245 0.206913  0.24454  1.69239
0.932345 0.211029  0.25477  1.68048
0.926374 0.206155 0.260328  1.66652
0.934582 0.162744 0.239782  1.69376
0.911175 0.204592  0.27443  1.63664
0.932025  0.14921 0.209494  1.68906
0.947787 0.161634 0.181375  1.71239
 0.872586 0.0266637 0.0257454    1.5967
0.944204 0.180336 0.173562  1.69762
0.928352  0.12556 0.284449  1.68217
0.935235 0.165098 0.266083  1.69357
0.930146 0.137552 0.292172  1.68746
 0.93201 0.151889 0.289749  1.69041
0.933071 0.161835  0.28638  1.69268
0.935717 0.202545 0.247684  1.68459
0.934631 0.170754  0.25936  1.69428
0.941106 0.197365 0.237992   1.6947
 0.93691 0.163352 0.206367  1.69403
0.941269 0.175435 0.190954  1.70241
 0.787736  0.119606 -0.418306   1.43517
 0.786805  0.112564 -0.415213    1.4305
   0.7922  0.114597 -0.409409   1.43964
 0.789392  0.115366 -0.411328   1.43457
  0.78446  0.105774 -0.415304   1.42439
 0.779034  0.101965 -0.416575   1.41255
 0.785681 0.0985395 -0.408575    1.4225
0.784297 0.102571 -0.41277  1.42211
 0.798511  0.106831 -0.397896   1.44672
 0.794206 0.0952328 -0.397377   1.43533
 0.805313  0.092374 -0.380303   1.45178
 0.800701 0.0995543 -0.387754   1.44572
 0.787793   0.10878 -0.410659    1.4297
 0.791626  0.100344 -0.402768   1.43288
 0.794087  0.109187 -0.401115   1.43884
 0.791129  0.104816 -0.407367   1.43482
 0.779858    0.1465 -0.443129   1.43433
 0.768543  0.162114 -0.456463   1.41939
   0.7559  0.124766 -0.446901   1.38344
 0.758234     0.123 -0.446193   1.38767
 0.753257  0.122496 -0.445705   1.37671
 0.750236  0.121684 -0.443216   1.36848
0.752515 0.119509  -0.4418  1.37213
 0.752584  0.120722 -0.442795   1.37304
  0.75818  0.118542 -0.442302   1.38451
 0.754862   0.11738 -0.440039   1.37575
 0.757562  0.115109 -0.437831   1.37986
 0.757537  0.116598 -0.439224   1.38083
 0.754724   0.12245 -0.444893   1.37932
 0.754879  0.118694 -0.441206   1.37666
 0.757362    0.1203 -0.443244    1.3836
 0.755499  0.120459 -0.443965   1.38009
  0.77418  0.162257 -0.446169   1.42657
 0.742885  0.216012 -0.437903   1.37219
 0.748544  0.225712 -0.430436   1.38253
 0.738108  0.217836 -0.432841   1.35928
 0.740732  0.222943 -0.428904   1.36384
 0.734827  0.222078 -0.432192    1.3528
 0.736751  0.220125 -0.430331   1.35558
 0.742336  0.222261 -0.432463   1.36965
 0.741299   0.21947 -0.433469   1.36727
 0.840718  0.236802 -0.417144   1.56141
 0.845685  0.235246 -0.411739   1.56921
 0.839791  0.239029 -0.412396   1.55931
0.841369  0.23681 -0.41374  1.56115
 0.850918  0.233663 -0.405981   1.57753
 0.856481  0.231561 -0.399663   1.58629
0.850004 0.236572 -0.40087  1.57554
 0.851672  0.233711 -0.402008   1.57731
 0.839195  0.242933 -0.405352   1.55723
 0.843945  0.244904 -0.401083   1.56629
 0.846317  0.235305 -0.408175   1.56887
 0.846976  0.239249 -0.402103   1.57014
 0.841472  0.240436 -0.408544   1.56159
 0.844819  0.237644 -0.406951   1.56717
0.747014 0.132855 -0.45317  1.36991
 0.743755  0.136805 -0.453954   1.36431
  0.74521  0.131348 -0.450583    1.3642
 0.743305  0.133538 -0.451171   1.36094
 0.743416   0.13051 -0.448097    1.3585
 0.743853  0.131909 -0.450552   1.36141
 0.743944  0.134953 -0.452775   1.36364
 0.746065  0.133206 -0.452361    1.3675
 0.857227   0.23167 -0.395314   1.58594
   0.8586  0.236579 -0.387831   1.58855
 0.851751  0.238326 -0.396346   1.57785
  0.85565  0.234718 -0.394247    1.5843
 0.859955  0.244365 -0.378724   1.59144
 0.846325  0.245631 -0.395107    1.5691
 0.849284  0.241726 -0.393823   1.57337
 0.855933  0.244487 -0.387743   1.58626
 0.884596  0.238933 -0.345283   1.63189
 0.869638  0.240718 -0.365886   1.60691
 0.882748  0.226893 -0.354851    1.6263
 0.875211  0.230227 -0.365996   1.61483
 0.880775  0.220124 -0.364739   1.62252
 0.879091  0.224134 -0.363462   1.62068
 0.872745  0.235053 -0.364485   1.61128
 0.879708  0.238732 -0.357161   1.62519
 0.909678  0.194403 -0.324476   1.66734
 0.915567  0.189929 -0.314637    1.6767
0.910061  0.19892 -0.31471  1.66675
 0.910991  0.195805 -0.317973    1.6684
0.921312 0.184258 -0.30373  1.68532
 0.926128  0.178221 -0.293243   1.69202
 0.921814  0.187927 -0.292441   1.68455
 0.922515  0.185616 -0.296075    1.6859
  0.90794  0.216232 -0.310824   1.66629
 0.914934  0.217521 -0.301449   1.67995
  0.91694  0.191316 -0.306775    1.6775
 0.919887  0.198559 -0.293476   1.68268
0.912404 0.203109  -0.3068   1.6705
 0.915811  0.195533 -0.304705   1.67604
 0.927334  0.198537 -0.271765   1.69452
 0.933436  0.200295 -0.261353   1.70652
 0.930148  0.179203 -0.274487   1.69659
 0.930559  0.173656 -0.283508   1.69855
 0.935461  0.169511 -0.272979   1.70628
0.931184 0.175736 -0.27614  1.69817
 0.939866  0.168271 -0.250267   1.71074
 0.939998  0.164243 -0.261409   1.71281
 0.943691  0.158827 -0.250673   1.71772
 0.940539  0.166243 -0.253158   1.71213
 0.931875  0.184154 -0.265278     1.699
 0.936113  0.171631 -0.264118    1.7056
 0.938195  0.179704 -0.250968   1.70918
  0.93497  0.176158 -0.263521   1.70424
 0.94384 0.179433 -0.22938  1.71766
 0.948687  0.181718 -0.218994   1.72738
0.946438 0.160458 -0.23208  1.72016
 0.947131  0.154649 -0.240893   1.72268
 0.950906   0.15078 -0.230457   1.72852
 0.947357  0.157249 -0.233126   1.72165
 0.954009  0.148994 -0.207857   1.73067
 0.954261    0.1457 -0.219213   1.73311
 0.957069  0.140813 -0.209097   1.73685
 0.954471  0.148011 -0.211064   1.73207
 0.947715  0.165761 -0.222384   1.72181
  0.95119  0.153362 -0.221293   1.72736
 0.952775  0.161367 -0.208043   1.72991
 0.950207  0.157545 -0.221153   1.72604
 0.736813   0.19824 -0.447688   1.36044
 0.741053  0.206373 -0.442714   1.36845
 0.733287   0.19929 -0.443418   1.35041
 0.735076  0.203569 -0.440754   1.35361
 0.730756  0.202108 -0.442457   1.34484
 0.732116  0.201108 -0.441614   1.34734
 0.736337  0.203128 -0.443799   1.35836
 0.735584  0.200837 -0.444445   1.35657
 0.740318  0.246571 -0.417132   1.36309
 0.744628  0.240527 -0.417137    1.3706
 0.748002  0.247071 -0.411597   1.37649
 0.742854  0.243365 -0.413773   1.36576
 0.750651  0.237823 -0.422303   1.38604
 0.757691  0.249898 -0.411422   1.39855
 0.749881  0.246043 -0.414524    1.3825
 0.748876   0.24196 -0.416408   1.38015
 0.970528  0.125074 -0.122214   1.75175
 0.971067  0.127053 -0.120951   1.75317
 0.969474  0.123829 -0.140653   1.75174
  0.96985  0.121767 -0.155135   1.75486
0.971635 0.118356 -0.14458  1.75716
 0.969799  0.125591 -0.146468   1.75379
 0.972753  0.117011 -0.122635   1.75656
 0.972884  0.115156 -0.135028   1.75845
 0.973829  0.112977 -0.126463   1.75938
 0.973035  0.118958 -0.128928   1.75841
 0.970456  0.128699 -0.133358   1.75372
 0.971619  0.122445 -0.137131   1.75649
 0.972225  0.126433 -0.124993   1.75668
 0.971382  0.121078 -0.131848   1.75486
 0.862379  0.242837 -0.352382   1.58714
  0.87528  0.248734 -0.338129   1.61253
  0.95833 0.0188218  0.202763   1.72745
 0.965403 0.0433485  0.186284   1.74216
  0.964969 0.00746691    0.19027    1.74239
 0.963632 0.0140893  0.188478   1.73789
 0.969318 0.0642279  0.118428    1.7426
 0.968239 0.0570548  0.155955   1.74438
  0.971234 -0.0141899   0.143713    1.75115
 0.975688 0.0281693  0.107253    1.7563
  0.977186 -0.0149014  0.0839312    1.76099
 0.975343 -0.024651  0.100743   1.75651
 0.967667 0.0302111   0.15318   1.74178
 0.972945 0.0244599  0.116383   1.75054
    0.96945 -0.00852847    0.143507     1.74567
  0.97014 0.0318968  0.145146   1.74708
 0.905853  0.200507 -0.327599   1.66098
 0.907786  0.206136 -0.317017   1.66409
 0.903309   0.21151 -0.325018   1.65824
  0.9054 0.202411 -0.32262  1.65963
 0.90171 0.232855 -0.32399  1.66192
 0.904351   0.21194 -0.316082   1.65866
 0.905378   0.21255 -0.315234   1.66093
0.975018 0.115938 -0.12107  1.76198
 0.975989  0.115458 -0.110905    1.7631
 0.973676  0.120918 -0.117583   1.75868
0.974475 0.114045 -0.11401  1.75951
 0.976911  0.115809 -0.101487   1.76439
  0.977492   0.115803 -0.0923658    1.76491
   0.97518   0.122191 -0.0986933    1.76033
  0.976063   0.115432 -0.0944168    1.76147
 0.971859  0.131808 -0.114855   1.75499
 0.972777  0.132993 -0.106128   1.75635
 0.975259  0.114694 -0.104375   1.76043
0.974272  0.12042 -0.10135  1.75812
 0.973676  0.120205 -0.109671   1.75758
   0.9745  0.120626 -0.108089   1.75951
0.934417 0.148662 0.261954   1.6905
 0.969957  0.130568 0.0700892   1.74893
  0.96998  0.138343 0.0743353   1.74826
 0.970843   0.13805 0.0717932   1.74994
 0.970417  0.137815 0.0737211   1.74963
 0.971243  0.147308 0.0742741   1.74995
 0.970535   0.14942 0.0753258   1.74795
 0.970942  0.146395 0.0740739   1.75012
 0.969809  0.150897 0.0797158   1.74738
  0.97061  0.144029 0.0785961   1.74918
 0.842524  0.418298 0.0299339   1.54026
  0.853427   0.403897 0.00614122    1.55634
 0.858173  0.399089 0.0371768   1.56522
  0.85035  0.397822 0.0245866   1.54648
  0.867926   0.387043 -0.0114838    1.58194
0.873275 0.385782  0.04421  1.59334
 0.864678  0.385925 0.0348859   1.57328
   0.86627   0.383341 0.00630284    1.57594
0.934565 0.153501 0.279634   1.6939
 0.926118 0.0865241  0.296935    1.6791
0.925915  0.10683 0.283318  1.67594
0.923708  0.10101 0.303646  1.67692
 0.946062 0.0911568  0.223605   1.70659
 0.942431 0.0941712   0.23091   1.69989
 0.90471 0.105666 0.340571  1.64715
0.911248 0.091962 0.331622  1.65751
 0.902055 0.0908096  0.352704   1.64553
 0.906239 0.0918585  0.338465   1.64842
 0.916398 0.0785097  0.322015   1.66456
 0.924052 0.0694558  0.301703   1.67476
 0.918244 0.0579721  0.324532   1.66882
 0.920308 0.0623206   0.31755     1.671
 0.897359 0.0653888  0.358048   1.63758
 0.908596 0.0417231  0.340106   1.65355
 0.889876 0.0251326  0.358275   1.62415
 0.901542 0.0375108  0.353259   1.64339
 0.913391 0.0753295  0.330219   1.66032
 0.913995 0.0512933  0.338341   1.66403
 0.904178 0.0713384  0.350019   1.64747
 0.909584 0.0722587  0.342367   1.65682
0.865471 0.308729 0.233039  1.57541
0.871421 0.310981 0.223262  1.58504
0.872509 0.302835 0.233376  1.58746
0.869417 0.304902 0.228425  1.57988
0.879626 0.311564  0.21358  1.59998
0.880484 0.298361 0.234619  1.60272
0.876369 0.300495 0.230691   1.5932
0.877306 0.304546 0.219763   1.5941
0.936905 0.166982 0.251557  1.69699
0.925497 0.117156 0.296519  1.67829
0.871161  0.12778 0.340946  1.58301
0.882225 0.122768 0.352698  1.60765
0.869514 0.105995 0.350943  1.58036
0.876217 0.120863 0.349407  1.59703
0.892015  0.11552 0.353203  1.62574
0.901151  0.10848 0.341275  1.63953
0.896522 0.094481 0.354146  1.63383
0.896778 0.109999 0.355324  1.63679
 0.871874 0.0740077  0.358963   1.58564
  0.88995 0.0704565  0.359622   1.62185
0.880385 0.032174 0.360278  1.60288
 0.880746 0.0648556  0.364181   1.60773
0.886757 0.114924 0.358549  1.61917
 0.890353 0.0920063  0.361726   1.62584
 0.876809 0.0971192  0.359538    1.5997
 0.884226 0.0996866  0.358048    1.6113
 0.912996 0.0986867  0.328451   1.66041
0.909737 0.103669 0.327641  1.65298
0.917913 0.100158 0.309004  1.66475
 0.923473 0.0824253  0.310207   1.67703
 0.918677 0.0814792  0.314632   1.66699
 0.917045 0.0997041   0.31943   1.66673
 0.783895  0.115313 -0.418303   1.42616
 0.781062  0.121946 -0.425644   1.42488
 0.783758  0.118718 -0.420052   1.42729
 0.775124  0.116945 -0.429654   1.41347
 0.774322  0.123645 -0.436361   1.41637
 0.775824   0.11994 -0.430328   1.41576
 0.781909  0.109797 -0.418439   1.42102
  0.77687  0.111227 -0.424583   1.41356
 0.778287  0.105056 -0.419854   1.41304
 0.778714  0.107632 -0.421884    1.4156
 0.779581  0.118727 -0.428048   1.42245
 0.776758  0.113617 -0.426565   1.41482
 0.781451  0.112777 -0.421114   1.42195
 0.779689  0.115524 -0.423657   1.41988
 0.775827  0.151774 -0.452206   1.43058
 0.825211  0.237352 -0.433439    1.5362
 0.828324  0.237864 -0.430305   1.54148
 0.823303  0.238742 -0.430993   1.53275
 0.825005  0.237608 -0.431713   1.53491
 0.831884  0.238063 -0.426527   1.54731
 0.836032  0.237753 -0.422144   1.55397
 0.829953  0.240072 -0.423134   1.54366
 0.831911  0.238183 -0.423977   1.54608
 0.820134  0.241181 -0.424992   1.52547
 0.823709  0.243033 -0.421212   1.53187
 0.828133  0.238043 -0.428145   1.53998
 0.827111  0.240728 -0.424289   1.53823
 0.823565  0.239661 -0.428571   1.53248
 0.826399  0.239428 -0.427458   1.53785
 0.822946  0.236417 -0.435669   1.53219
 0.820215  0.235794 -0.436242   1.52774
 0.822065  0.234877 -0.436925   1.53058
 0.821489  0.235357 -0.436237    1.5291
 0.817484  0.234692 -0.435752   1.52234
 0.813503  0.235474 -0.435225   1.51571
 0.816394   0.23195 -0.438558   1.52106
0.816167 0.234069  -0.4362  1.51992
 0.822527  0.232234 -0.436869    1.5309
 0.820156  0.229044 -0.439324   1.52755
 0.825476  0.227532 -0.433612    1.5344
 0.822691  0.228248 -0.436342   1.52996
 0.818996  0.234451 -0.436564   1.52503
0.818655 0.231023  -0.4379  1.52412
 0.821209  0.232862 -0.437089   1.52833
0.819631 0.233182 -0.43773  1.52663
0.934668 0.157666 0.272566  1.69298
  0.978396 -0.0855339  0.0710959    1.76996
 0.960835 -0.116026  0.154479   1.74103
  0.967858 -0.0623567   0.142118    1.74616
  0.966804 -0.0749858   0.147224    1.74958
 0.930131 -0.101758  0.253676   1.68836
 0.895215 -0.043874  0.322602   1.62407
    0.9328 -0.0487418    0.27099    1.68909
   0.92307 -0.0746748   0.314825    1.68939
  0.961268 -0.0258183   0.192068    1.73465
   0.94937 -0.0246022   0.228949    1.71321
  0.955657 0.00316483     0.2043    1.72116
  0.955281 -0.0134878   0.224633     1.7264
  0.947219 -0.0959355   0.239102    1.72571
   0.94528 -0.0496431   0.261851    1.71681
  0.960633 -0.0427412   0.205622    1.73928
    0.9521 -0.0702302   0.211967    1.72205
0.870822 0.213436 0.318633  1.58744
0.876329 0.221076 0.317574  1.59729
 0.87929 0.212414 0.321368  1.60348
0.875394 0.215784 0.319151  1.59478
0.882698 0.224835 0.311655  1.60804
0.888708  0.20825 0.317973  1.61982
0.882313 0.212724  0.31833  1.60687
0.881319 0.217568 0.313708  1.60413
0.874385 0.141253 0.332805  1.58913
0.877067 0.149625 0.328638   1.5948
0.883186 0.150848 0.341518  1.60958
0.878889 0.147358 0.331335  1.59967
 0.87737 0.157903 0.327635  1.59611
0.876156 0.166819 0.327548  1.59446
 0.88318 0.169087 0.335867  1.60981
0.878662 0.165075 0.328072  1.60018
0.889088 0.156345 0.341399  1.62037
0.889143 0.164898 0.336449  1.61978
 0.89581 0.154427 0.333269  1.63059
 0.89068 0.159133 0.340435   1.6238
0.879401  0.15623  0.32861  1.60092
0.885209 0.165769 0.338169  1.61465
0.885445 0.156309 0.341154   1.6152
0.883608  0.16021 0.338084  1.61058
 0.761156  0.151844 -0.459185   1.40433
 0.761284  0.151929 -0.459151   1.40459
0.761671 0.152671 -0.45989   1.4058
 0.760968  0.151492 -0.459957    1.4042
  0.76096  0.151672 -0.460037   1.40425
 0.760971  0.151354 -0.459828   1.40413
 0.760922  0.152046 -0.459987   1.40423
 0.760986  0.151392 -0.459872    1.4042
 0.771434  0.158878 -0.454244   1.42355
 0.760972  0.151575 -0.459982   1.40424
 0.747522  0.131449 -0.452158   1.37011
 0.749224  0.130004 -0.451697   1.37314
 0.745567  0.130032 -0.450124   1.36443
   0.7433  0.129489 -0.447398   1.35766
 0.744801  0.127558 -0.446709   1.36007
0.745024  0.12856 -0.44736   1.3611
 0.748808  0.126377 -0.448415   1.36958
0.746367 0.125698 -0.44576  1.36249
  0.74816  0.123705 -0.444643   1.36527
 0.748281  0.124846 -0.445489   1.36621
 0.746646  0.129751 -0.449734   1.36641
0.746511 0.126756 -0.44652  1.36342
 0.748352  0.127757 -0.448987    1.3692
 0.746993  0.128173 -0.449158   1.36651
 0.760945  0.151865 -0.460051   1.40426
0.762905 0.152963 -0.45943  1.40823
 0.767932  0.156249 -0.457927   1.41794
 0.769404  0.155713 -0.458911   1.42123
 0.772441  0.155201 -0.458531   1.42686
 0.771955  0.122256 -0.437953   1.41195
 0.767764  0.117905 -0.436114    1.4014
 0.772252  0.115876 -0.431465   1.40812
 0.770906  0.118737 -0.433835   1.40698
 0.765106  0.114463 -0.436089   1.39508
 0.760823  0.112792 -0.434936   1.38482
 0.764572  0.110352 -0.431625   1.39062
 0.764339  0.112123 -0.433506   1.39142
0.773673 0.109984 -0.42716  1.40787
 0.768669  0.107898 -0.427517   1.39679
0.773493 0.105106  -0.4226  1.40414
 0.773032  0.107585 -0.425314   1.40494
 0.767415  0.115367 -0.434037   1.39901
 0.768317  0.109967 -0.429828   1.39759
 0.772001  0.113344 -0.429631   1.40611
 0.769053  0.112343 -0.431922   1.40089
 0.760977  0.151802 -0.459969   1.40432
 0.764759  0.151701 -0.454925   1.40998
 0.777207  0.148927 -0.444084   1.42931
  0.78135  0.124982 -0.425624   1.42577
 0.779265  0.133494 -0.433224   1.42634
 0.774633  0.125712 -0.435468   1.41655
0.779674 0.129673 -0.43276  1.42657
0.768242 0.130612 -0.44634  1.40929
 0.783595  0.137791 -0.431321   1.43541
 0.786326  0.128452 -0.423496     1.436
  0.78985  0.138272 -0.419858   1.44337
 0.785824  0.132585 -0.420946   1.43416
 0.770464  0.152152 -0.459487   1.42263
 0.760884  0.151929 -0.459171   1.40376
  0.76096  0.152153 -0.459332   1.40403
 0.763074  0.154083 -0.457258    1.4078
 0.761951  0.153496 -0.460167   1.40659
 0.766663  0.157919 -0.457496   1.41559
 0.764288  0.156322 -0.455141   1.40973
  0.76251  0.152928 -0.459542   1.40741
 0.739677   0.15609 -0.463731    1.3658
 0.760956  0.151796 -0.460043   1.40427
 0.770826  0.162092 -0.454341   1.42302
 0.762068  0.153013 -0.460534   1.40693
 0.765623  0.155482 -0.454859   1.41215
 0.761618  0.152469 -0.460014   1.40573
   0.7637  0.166714 -0.440551   1.40436
 0.761233  0.151707 -0.459235   1.40449
 0.760984  0.152163 -0.460212   1.40448
 0.761144  0.151511 -0.459194   1.40426
 0.762343  0.153108 -0.460692    1.4076
 0.761055  0.151267 -0.459401   1.40414
 0.760968  0.151283 -0.459669   1.40404
 0.761016  0.151382 -0.459658   1.40421
 0.760959  0.151291 -0.459509   1.40395
  0.76107  0.151318 -0.459247    1.4041
 0.761024  0.151311 -0.459445   1.40407
 0.794213  0.143129 -0.405773   1.44692
 0.800192  0.142057 -0.396718   1.45553
 0.794778   0.15214 -0.398746   1.44654
 0.795929  0.143684 -0.398622   1.44735
 0.809326  0.138434 -0.381073   1.46811
 0.824978  0.141877 -0.359892   1.49562
 0.806782  0.158306 -0.376305   1.46486
 0.811008  0.143482 -0.371613   1.46959
 0.793606  0.159509 -0.392931   1.44308
 0.797786  0.166493 -0.387701   1.45161
   0.7914   0.17365 -0.397402   1.44332
 0.794087  0.164691 -0.393193    1.4458
 0.801921  0.141136 -0.385129   1.45397
 0.801189  0.156699 -0.383661   1.45557
 0.795571  0.152128 -0.391005   1.44491
 0.800586  0.151723 -0.386257   1.45365
 0.791042  0.146643 -0.404425   1.43992
 0.790897  0.151191 -0.404924   1.44088
 0.788939  0.159381 -0.395858   1.43426
 0.787133  0.168801 -0.402329   1.43559
 0.785143  0.156221 -0.414292   1.43407
 0.787454  0.158923 -0.405195   1.43516
 0.738877  0.144427 -0.457111   1.35762
 0.740118  0.142786 -0.456687   1.35961
 0.736982  0.143536 -0.454634   1.35182
 0.734677  0.143251 -0.451786   1.34483
 0.735791  0.141342 -0.451394   1.34654
   0.7364  0.142215 -0.451849   1.34825
 0.738712   0.13969 -0.453756    1.3541
 0.736738  0.139622 -0.450934   1.34791
 0.737644  0.137882 -0.450516   1.34921
0.738217 0.138695 -0.45094   1.3508
 0.738003  0.143035 -0.454494   1.35374
0.737291 0.140448  -0.4514  1.34949
 0.738952  0.140824 -0.454191    1.3551
 0.737779  0.141581 -0.454034    1.3527
 0.733484   0.16268 -0.459279   1.35178
0.733188 0.167879 -0.45822  1.35171
 0.73118 0.162011 -0.45593  1.34452
 0.730829  0.164772 -0.455377   1.34405
 0.729301  0.162249 -0.453827   1.33891
 0.729965  0.162986 -0.455277   1.34179
 0.731627  0.165597 -0.457766   1.34764
 0.732535  0.163922 -0.457681   1.34907
 0.768719  0.165151 -0.450502   1.41792
 0.774278   0.15801 -0.452506   1.42851
 0.763645  0.152365 -0.457073   1.40872
0.751969  0.13324 -0.45396  1.38077
 0.756307  0.130284 -0.452815   1.38869
 0.760984  0.152418 -0.460264   1.40454
0.766714 0.152189 -0.45666  1.41461
 0.760996  0.152552 -0.460164   1.40454
 0.770833  0.162443 -0.449779   1.42137
 0.764612  0.155418 -0.455185   1.41025
 0.761024  0.152559 -0.459952   1.40451
 0.763269  0.154113 -0.455637   1.40754
  0.76254  0.153881 -0.457877   1.40693
 0.762042   0.15415 -0.458409   1.40619
 0.760997  0.152663 -0.460224   1.40459
 0.762447  0.153939 -0.459323   1.40732
  0.76115  0.152446 -0.459612    1.4046
 0.761501  0.152695 -0.459756    1.4054
 0.763112  0.154918 -0.455529   1.40731
 0.761309  0.152527 -0.459656   1.40495
 0.761723  0.153797 -0.459867   1.40607
  0.76099   0.15195 -0.459167   1.40399
  0.76124  0.152611 -0.459608   1.40479
  0.96521  0.142373 0.0707155   1.74143
  0.97091  0.136162 0.0358606   1.75372
 0.970674  0.138706 0.0640865   1.74998
 0.968433  0.147786 0.0649839   1.74983
  0.980175   0.098304 0.00191471    1.77318
   0.982518   0.0279357 -0.00201715     1.77612
 0.979367 0.0907313 0.0461541   1.76522
 0.979683 0.0542609 0.0416663   1.76711
 0.973434  0.128065 0.0697879    1.7533
  0.97572  0.109768 0.0645187   1.75657
 0.973066  0.129399 0.0846186   1.75269
 0.974041  0.117215 0.0791395   1.75391
 0.973252  0.122843 0.0415039   1.75787
 0.976034  0.100483 0.0606138   1.75758
 0.972609  0.130389 0.0682744   1.75332
 0.974942  0.119834 0.0439157    1.7572
 0.874304  0.372218 0.0905272   1.59237
 0.88041 0.357376 0.124254   1.6039
 0.86381 0.377089 0.106869  1.57293
0.868166 0.366807 0.124417  1.58076
0.857083 0.380082 0.124563  1.56272
0.862162 0.368988 0.117927  1.56709
0.872557 0.361556 0.119944  1.58702
0.872182 0.363392 0.103298  1.58507
  0.821435   0.427704 -0.0975345     1.5053
 0.830453  0.407849 -0.117481   1.51718
  0.842513   0.406305 -0.0885069     1.5394
  0.829457    0.40678 -0.0986761    1.51146
 0.843883  0.387019 -0.135254   1.54118
  0.865261   0.383828 -0.0837294    1.58087
  0.847001    0.39404 -0.0939158    1.54475
 0.841503  0.386995 -0.111831   1.53157
 0.883681  0.349847 -0.077418   1.60741
 0.974386  0.132213 0.0346036   1.75636
 0.973814  0.138395 0.0392713   1.75503
 0.974138  0.138805 0.0319204   1.75539
 0.974107  0.139887 0.0362021   1.75597
 0.973222  0.143199 0.0252398   1.75217
 0.972675  0.148599 0.0337274   1.75222
 0.972661  0.149271 0.0427498   1.75252
0.968721 0.142383 -0.10447  1.74718
  0.971036   0.157587 -0.0810376    1.75253
 0.974273  0.144007 0.0221014   1.75531
 0.974319  0.142034 0.0243683   1.75506
 0.975292  0.137369 0.0187183   1.75798
 0.976006  0.132928 0.0166603   1.75966
 0.97561 0.132864 0.022018  1.75885
  0.97553  0.132063 0.0181175   1.75838
 0.974568  0.139481 0.0302149   1.75664
0.975316 0.133265 0.027584  1.75841
 0.974973  0.133217 0.0330405   1.75789
  0.97476  0.132584 0.0287729   1.75698
 0.975043  0.136916 0.0198419   1.75721
 0.975119  0.132567 0.0228367   1.75761
 0.974398  0.138498 0.0233972   1.75584
 0.975018   0.13724 0.0235101   1.75737
 0.975813  0.131821 0.0125757   1.75888
 0.975203  0.136804 0.0156795   1.75749
  0.975372   0.136147 0.00826929    1.75765
 0.975451  0.137957 0.0129726   1.75833
    0.974242     0.137955 -0.000664193      1.75425
  0.973906   0.144976 0.00910938    1.75453
 0.973996  0.145743 0.0175295   1.75487
  0.976954   0.128091 -0.0101938    1.76105
   0.976405    0.131386 -0.00777684     1.75974
  0.976557   0.129085 -0.0144986    1.75981
  0.976633   0.132128 -0.0108258    1.76051
  0.975997   0.136495 -0.0149257    1.75852
  0.97548  0.133576 -0.015258   1.75738
    0.97549    0.137013 -0.00787239     1.75773
 0.969654   0.15594 0.0608953    1.7445
   0.97588   0.140196 -0.0223867    1.75916
  0.976409   0.138396 -0.0175857    1.76004
  0.977034   0.130113 -0.0261072    1.76144
  0.977832   0.126841 -0.0289242    1.76336
  0.977772   0.127084 -0.0233679    1.76312
 0.977387  0.125958 -0.025345   1.76202
  0.976893   0.129367 -0.0162738    1.76079
  0.977612    0.12746 -0.0178988    1.76269
  0.977422   0.128867 -0.0123786    1.76236
  0.977157   0.126734 -0.0157655    1.76141
  0.976893   0.129174 -0.0219686    1.76079
  0.977341   0.126029 -0.0203646    1.76183
   0.97685   0.128378 -0.0181804     1.7605
 0.977068  0.129437 -0.020838   1.76132
   0.97741   0.125381 -0.0309682    1.76213
  0.976802   0.129775 -0.0271431    1.76074
  0.976823   0.128383 -0.0338197    1.76076
  0.976995   0.129888 -0.0321365    1.76146
  0.975732   0.132805 -0.0371053    1.75817
  0.975473   0.134813 -0.0354349    1.75792
 0.975495  0.139483 -0.028562   1.75833
  0.977572   0.120578 -0.0545666    1.76285
  0.976862   0.126078 -0.0505248    1.76131
  0.976733    0.12374 -0.0572202    1.76097
   0.97704   0.124326 -0.0565663    1.76191
 0.975612  0.135199 -0.058451   1.75913
 0.975539  0.125379 -0.057472   1.75801
  0.975529   0.132159 -0.0528118    1.75859
 0.971241  0.154795 0.0330333   1.74746
  0.974859   0.130134 -0.0751327    1.75789
  0.975565   0.135116 -0.0668867    1.75965
  0.976357   0.122424 -0.0791294    1.76139
 0.978014  0.116388 -0.083506   1.76547
  0.978306   0.116645 -0.0748881    1.76554
  0.977143   0.116836 -0.0761882     1.7627
  0.976899   0.121878 -0.0628496    1.76155
  0.978325   0.117787 -0.0669448    1.76515
  0.978257   0.119825 -0.0598047     1.7648
  0.977548   0.118654 -0.0612124    1.76291
 0.976219  0.123964 -0.071401   1.76056
  0.977444   0.117398 -0.0682398    1.76295
  0.976666   0.124169 -0.0624643    1.76114
  0.976706   0.122583 -0.0710329     1.7617
  0.96648  0.197217 0.0205748   1.74166
 0.969543  0.159121 -0.132291   1.75667
 0.961153  0.159808 -0.165224   1.74167
 0.968708  0.139699 -0.141856   1.75249
 0.964826  0.143164 -0.159487   1.74654
 0.967588  0.129462 -0.156993   1.75062
 0.966634   0.13302 -0.157474   1.74898
 0.963104  0.148452 -0.162836   1.74407
 0.966454  0.157532 -0.153238   1.75212
 0.964446  0.171041 0.0749861   1.73359
  0.95709  0.143392 -0.201838   1.73566
 0.957496  0.149284 -0.192768   1.73592
 0.955338  0.152421 -0.200888   1.73296
 0.956682  0.144561 -0.199423   1.73458
 0.952967  0.179524 -0.203115   1.73372
 0.955265  0.150836 -0.192358   1.73098
 0.955674  0.153016 -0.191336   1.73212
  0.974722   0.148916 -0.0389357     1.7573
 0.800978  0.398297 -0.212468   1.46926
  0.80926  0.378154 -0.223615   1.48023
 0.819684  0.383527 -0.200264   1.49926
 0.807911  0.381085 -0.208974   1.47429
 0.821445  0.361868 -0.236755   1.50473
 0.839859  0.369716 -0.195089    1.5379
 0.823937  0.374134 -0.205021   1.50636
0.818893 0.366347 -0.21653  1.49478
  0.890623   0.354654 -0.0133164    1.61876
 0.795102  0.329548 -0.312818   1.46057
 0.815345  0.339936 -0.280536   1.49678
 0.786209  0.341181 -0.303546   1.44126
 0.796672  0.347814 -0.285683   1.45984
 0.780477  0.357091 -0.297439   1.43388
 0.785629  0.344827 -0.292563   1.43709
  0.79955  0.341275 -0.290476   1.46594
 0.793472  0.335131 -0.298136   1.45301
 0.966629  0.178379 -0.102197    1.7485
 0.943283  0.239795 -0.143508   1.71197
 0.926906  0.179928 -0.286498   1.69205
 0.927938  0.186559 -0.276623    1.6936
 0.924288  0.191027 -0.285618   1.68896
 0.926251  0.181989 -0.283244   1.69067
 0.921239  0.215099 -0.287309   1.68974
 0.924109  0.191461 -0.278496   1.68734
 0.924969  0.193856 -0.277159   1.68949
 0.761752  0.315552 -0.355917   1.40146
 0.766986  0.303621 -0.358012   1.40876
 0.774553  0.311509 -0.345786   1.42213
0.765736 0.307352 -0.35072  1.40393
 0.774764  0.296031 -0.363972    1.4265
 0.789335   0.30966 -0.342055   1.45266
 0.776965  0.307449 -0.349009   1.42806
 0.773147  0.301559 -0.354122   1.41998
 0.939134  0.220486 -0.202509   1.71005
 0.886867  0.229994 -0.344159   1.63422
  0.89356  0.233267 -0.337054   1.64787
 0.886002  0.221369 -0.353486   1.63182
 0.886218  0.216346 -0.361696   1.63276
 0.892611  0.211195 -0.352299   1.64234
 0.887669  0.216628 -0.355228    1.6335
 0.899756  0.208574 -0.331255    1.6515
0.898599 0.205655  -0.3429  1.65113
0.904258 0.199473 -0.33352  1.65921
 0.900575  0.206266 -0.336465   1.65341
 0.889029  0.224416 -0.345891   1.63661
 0.894233  0.211604 -0.345864   1.64364
 0.897867  0.219092 -0.333086   1.65048
 0.892646    0.2158 -0.343133   1.64134
 0.748663  0.278191 -0.393382   1.37836
 0.753577  0.269504 -0.393635   1.38595
 0.758675  0.277071 -0.385433   1.39491
 0.751885   0.27286 -0.388778   1.38084
 0.760605  0.264893 -0.398556   1.40282
 0.770557  0.278464 -0.383414   1.42065
 0.760787  0.274874 -0.388083   1.40086
 0.758844  0.269727 -0.391288   1.39662
 0.770624  0.352723 -0.302431   1.41277
 0.765207  0.342595 -0.318451   1.40337
 0.779625  0.336949 -0.308195   1.42709
 0.774152  0.347534 -0.314328   1.42288
 0.761026   0.33187 -0.333248    1.3963
 0.757237  0.321256 -0.346497   1.38986
  0.77097  0.317477 -0.336107   1.41246
 0.765636  0.326191 -0.343095    1.4081
  0.78644  0.326716 -0.317949   1.44253
 0.785905     0.318 -0.323347   1.44017
 0.769798  0.336858 -0.329462   1.41539
 0.776974  0.322783 -0.331918   1.42564
 0.782564  0.331825 -0.318577   1.43557
 0.774722  0.327155 -0.323672    1.4189
 0.861966  0.237946 -0.378124   1.59387
  0.86668  0.239925 -0.373378   1.60304
 0.861687  0.232844 -0.386739   1.59398
  0.86233  0.229336 -0.392787   1.59556
 0.868102  0.226283 -0.385575   1.60445
0.863268  0.22939 -0.38797  1.59548
 0.873087  0.227783 -0.372032   1.61186
 0.873919  0.223482 -0.378213    1.6136
 0.879871   0.21983 -0.370282   1.62273
0.874844 0.223628 -0.37297  1.61344
 0.863885  0.234683 -0.381437   1.59714
 0.868847  0.226431 -0.380826   1.60404
 0.869912  0.231855 -0.373342   1.60628
  0.86731  0.229785 -0.379698   1.60253
0.825191 0.243581 -0.41726  1.53338
 0.831016  0.241453 -0.419901   1.54478
 0.836392  0.237811 -0.419125   1.55324
 0.836981  0.241406 -0.413463   1.55432
 0.834753    0.2399 -0.418157   1.55128
  0.83718  0.246655 -0.406242   1.55433
 0.828584  0.243751 -0.417519      1.54
 0.834562   0.24639 -0.412644   1.55147
 0.880545  0.251218 -0.314248     1.616
 0.817571  0.236138 -0.434215   1.52213
 0.814104  0.237902 -0.432314   1.51615
  0.81534  0.236617 -0.431014   1.51686
 0.820268  0.236853 -0.434728    1.5274
 0.822702  0.236771 -0.434519   1.53115
 0.821072  0.238237 -0.432039    1.5283
  0.82169   0.23708 -0.434111   1.53018
0.818119 0.240217 -0.42589  1.52126
 0.819303  0.237612 -0.434381   1.52579
0.818549 0.238789 -0.42864  1.52321
 0.820497  0.238856 -0.432363   1.52768
 0.753505  0.311179 -0.359162   1.38387
 0.749719   0.30172 -0.369555   1.37726
 0.761489  0.299426 -0.361286   1.39702
0.757213 0.306224 -0.36697  1.39347
 0.746915  0.292178 -0.378961   1.37244
0.744545 0.283073 -0.38732  1.36839
0.755502 0.281836 -0.37943  1.38688
 0.751325  0.287184 -0.385289   1.38301
 0.767355  0.292505 -0.367691   1.41103
  0.76753  0.285531 -0.370939   1.41044
0.754122 0.296566 -0.37667  1.38803
 0.760348  0.286514 -0.376637   1.39743
 0.764271  0.295047 -0.367904   1.40445
 0.757999  0.290361 -0.371406   1.39113
0.940157 0.154016 0.187685  1.70191
0.938214 0.152198 0.188536  1.70079
0.935917 0.151262 0.201142  1.69828
0.870522 0.182746 0.284485  1.57657
0.883455 0.169399  0.27185  1.59253
 0.810113 -0.136056  0.167548   1.46832
0.919724 0.207069 0.265327  1.65766
0.858775 0.138335 0.324868  1.55183
0.875963 0.174829 0.285171  1.57165
0.935422 0.167802 0.259042    1.695
0.901046 0.188668 0.271386  1.62331
0.935221 0.166994 0.270777  1.69509
0.934817 0.162216 0.277288  1.69472
 0.86319 0.279441 0.265281  1.56971
0.862924 0.286688 0.257258  1.56895
0.869813 0.283444 0.257738  1.58136
0.865728 0.285641 0.260641  1.57608
0.862768 0.294105 0.248691  1.56852
0.862444  0.30144 0.239441  1.56765
0.869922 0.296403 0.239419  1.58083
0.865502 0.300494 0.243266  1.57542
0.876357 0.284582 0.250867  1.59282
0.877907 0.287691 0.241612  1.59496
0.865693 0.293057 0.252117  1.57589
0.871656 0.294899 0.244849  1.58566
 0.87189 0.288684 0.253388  1.58663
0.869582 0.290525 0.248708  1.58073
0.934279 0.146022 0.269931  1.69128
0.929822 0.162938 0.296295  1.68766
 0.93398 0.129163 0.264663  1.68988
0.936115 0.168002 0.260848  1.69517
 0.93329 0.118733 0.280884  1.69212
0.930924 0.168703 0.273586   1.6885
 0.939402 0.0720577  0.249396   1.69555
 0.951174 0.0296724  0.235773   1.71885
 0.944137 0.0462358  0.248403   1.70513
0.945062 0.042166 0.253824  1.70897
 0.935347 0.0554133  0.273262   1.69159
 0.931987 0.0623876  0.277111   1.68507
 0.940276 0.0626747  0.266348   1.70194
0.934558 0.158655 0.266305  1.69184
0.878699 0.283346  0.25539  1.59888
0.880333 0.270982 0.270253  1.60316
0.871566 0.281795 0.261946  1.58597
0.872691 0.274343 0.269471  1.58863
0.86608 0.27819 0.26842 1.57694
0.869824 0.276661 0.265395  1.58168
0.876152 0.273596 0.267333  1.59383
0.876574 0.277592  0.25943  1.59377
0.931205  0.07939  0.29383  1.68969
 0.934775 0.0955225  0.274972   1.69366
 0.928935 0.0932095  0.280617   1.68103
0.944729 0.197752 0.227315  1.70144
0.944275 0.191031 0.229106  1.70084
0.933488 0.165213 0.239256  1.69288
0.934077 0.159548 0.204763  1.69385
0.933578 0.167374 0.278889  1.69336
0.932115 0.171114 0.266552  1.69032
0.936308 0.160438 0.238018  1.69589
0.917951 0.193758 0.255006  1.65274
0.891936 0.193802 0.282718  1.59933
0.929673 0.155918 0.291246  1.68555
0.934099 0.142663 0.205724  1.69113
0.934501 0.170208 0.271651  1.69423
0.935659 0.142496 0.200756  1.69781
0.918778 0.177495 0.311663   1.6691
0.938936 0.139845 0.186032  1.70518
0.912717 0.203893 0.270979   1.6401
0.940265 0.146019 0.169601  1.70935
0.937643 0.159514 0.237626   1.6991
0.935324 0.093501 0.167559  1.70323
 0.910052  0.162686 0.0830193   1.64364
0.914552 0.132226 0.283104  1.64611
0.936285 0.175147 0.141477  1.68524
0.941718 0.128973 0.169757  1.71395
0.942663  0.13883 0.149466   1.7063
0.876981 0.257224 0.283445  1.59521
0.878109 0.260715 0.275839  1.59653
0.870898 0.254895  0.28927  1.58469
0.864323 0.249106 0.294634  1.57294
0.863762 0.256807   0.2881  1.57156
0.866532 0.255435 0.290965  1.57851
0.870464 0.268421 0.274098  1.58303
0.863434 0.264436 0.280928  1.57065
 0.86322 0.271667 0.273221  1.56985
0.866047 0.270468 0.276661  1.57709
0.872666 0.260088 0.285792  1.58919
0.866269 0.263114 0.284014   1.5778
0.872116 0.266529 0.278844  1.58756
0.870315 0.262316 0.281789  1.58334
0.877327 0.174887 0.327943  1.59843
0.883232 0.184953 0.333538  1.61086
0.884373 0.174748 0.335704   1.6134
 0.88193 0.178375 0.333501  1.60769
0.889731 0.186194 0.329025  1.62091
0.895849 0.167754 0.333889  1.63344
0.890771 0.170768 0.336319  1.62387
0.888865 0.173777 0.334092   1.6193
0.889334 0.182298 0.330528  1.62084
0.874478 0.176682  0.32763  1.59203
0.872535 0.186616 0.326843  1.58881
0.880782 0.187969 0.331915  1.60528
0.875607 0.184693 0.327504   1.5958
 0.87059 0.196336 0.324599  1.58533
0.868916 0.205848   0.3211  1.58221
0.877875 0.205354 0.323874  1.59939
0.872268 0.203733 0.322717  1.59009
0.886759  0.18962 0.326107  1.61381
0.887628 0.195277 0.320486   1.6151
0.873861 0.194275 0.325814  1.59293
0.880285  0.20203 0.327193  1.60516
0.881759 0.193638 0.331158   1.6084
0.879043 0.197058 0.328519  1.60205
0.931587 0.142333 0.281535  1.68744
0.891146 0.285685 0.241466  1.62243
0.933182 0.155832 0.281144  1.69095
 0.92479 0.204724 0.254251  1.66466
0.926902 0.139625 0.294009  1.68036
0.932648 0.200617 0.239522  1.68051
0.933755 0.157092 0.265776  1.69003
0.933571 0.168458  0.26579  1.69258
0.937132  0.19491 0.226541  1.68996
0.932144 0.163714 0.244507  1.68994
0.929507 0.153718 0.215726  1.68536
0.928636 0.159058  0.21577  1.68369
0.927549 0.194081 0.244087  1.67016
0.931201 0.155943 0.209861  1.68863
0.939506 0.179339 0.211107  1.69753
 0.93834 0.166356 0.197892  1.69796
0.930537 0.165545 0.244657  1.68759
0.939038 0.170997  0.19912  1.69847
0.934229 0.165737 0.214711    1.688
0.943339 0.181065 0.212791  1.70116
0.936619 0.174217 0.201297  1.69282
 0.765883  0.120974 -0.438577   1.39923
0.767422 0.124012 -0.44067  1.40406
  0.7593 0.124264 -0.44426  1.38902
 0.763773  0.117059 -0.437539   1.39345
 0.759832  0.119146 -0.440973   1.38734
 0.760634  0.114477 -0.436638   1.38562
 0.761285  0.116607 -0.439333   1.38909
 0.760951   0.12198 -0.441517   1.39057
 0.764442  0.120188 -0.440058   1.39688
 0.774391  0.144428 -0.453966   1.42751
 0.754717  0.126482 -0.448425   1.38213
 0.749992  0.130262 -0.450894   1.37432
 0.752586  0.124104 -0.446412   1.37597
 0.749967  0.126413 -0.447719    1.3716
 0.750251  0.122901 -0.444212   1.36929
 0.750795  0.124509 -0.446819   1.37249
0.750792 0.128195 -0.44913  1.37458
0.753439  0.12632 -0.44845  1.37943
 0.768295  0.153979 -0.459503   1.41889
 0.774662  0.131955 -0.443775   1.42174
  0.7755 0.136776 -0.44076  1.42271
 0.742659  0.138335 -0.453943    1.3623
 0.743389  0.136917 -0.454145   1.36369
 0.740412  0.136592 -0.452168   1.35603
 0.738532  0.136251 -0.449884   1.35037
 0.739704  0.134565 -0.449238   1.35211
 0.740032  0.135506 -0.449769   1.35329
 0.742585  0.133578 -0.451627   1.35972
 0.740877  0.132894 -0.448757   1.35399
  0.74197  0.131216 -0.448211   1.35566
  0.74218  0.132167 -0.448777    1.3566
  0.74142  0.136225 -0.451978   1.35795
 0.741118  0.133787 -0.449263   1.35495
0.742317 0.134694 -0.45195  1.35956
 0.741489  0.135059 -0.451741   1.35774
 0.738992  0.137161 -0.450408   1.35181
 0.740415  0.137802 -0.452616   1.35655
 0.739598  0.139291 -0.453582   1.35575
 0.739375  0.138012 -0.452951   1.35463
  0.74085  0.141926 -0.456835   1.36105
 0.740435  0.140188 -0.455321   1.35889
 0.741495  0.139506 -0.454441   1.36041
 0.779199  0.161971 -0.433204   1.43151
0.739033 0.145935 -0.45792  1.35875
 0.736966  0.150277 -0.458411   1.35568
0.737047 0.144774 -0.45501  1.35244
 0.735799  0.147023 -0.455281   1.35045
 0.735238   0.14421 -0.452335   1.34651
  0.73572  0.145462 -0.454805   1.34967
 0.736504  0.148252 -0.457366   1.35363
 0.738075  0.146694 -0.456976   1.35633
 0.785691  0.182625 -0.409105   1.43763
 0.782052  0.165828 -0.415964   1.43027
 0.782917  0.172693 -0.418751   1.43471
 0.735621  0.153814 -0.459247   1.35419
 0.734307  0.158536 -0.459096   1.35241
0.733495 0.152793 -0.45617  1.34745
 0.732607  0.155285 -0.456099   1.34607
 0.731637  0.152517 -0.453781   1.34161
   0.7322  0.153594 -0.455789   1.34467
0.733359 0.156365 -0.45831  1.34946
 0.734674  0.154768 -0.458053   1.35166
  0.79708  0.206476 -0.462772   1.48684
 0.798827  0.208137 -0.466502   1.49204
 0.798191  0.213321 -0.461926   1.49117
 0.797725  0.214462 -0.457565   1.48886
 0.791947  0.206498 -0.468318   1.47958
 0.795635  0.211423 -0.466176   1.48742
 0.732959  0.172732 -0.457541   1.35199
 0.733781  0.178439 -0.455408   1.35373
 0.730463  0.172496 -0.453856   1.34417
 0.730701  0.175495 -0.452751   1.34466
 0.728584  0.173334 -0.452044   1.33886
 0.729356   0.17365 -0.452887   1.34152
0.731547 0.176047 -0.45533  1.34846
 0.732001  0.174296 -0.455436   1.34903
 0.774094  0.162335 -0.438862   1.42355
 0.732239   0.18237 -0.453816   1.35057
 0.732776  0.180435 -0.453859   1.35121
 0.729987  0.182775 -0.450015   1.34332
0.727067   0.1844 -0.44846  1.33626
 0.727047   0.18108 -0.449516   1.33604
 0.728923  0.182544 -0.449541   1.34026
 0.729675  0.176653 -0.452166   1.34248
 0.726974   0.17794 -0.450389   1.33566
 0.727002  0.174878 -0.451227   1.33549
 0.728714   0.17625 -0.451296   1.33937
 0.731149  0.181431 -0.450787   1.34583
 0.728745  0.179384 -0.450473   1.33969
 0.730771  0.178265 -0.452052   1.34508
 0.729639  0.179553 -0.451022   1.34239
 0.738573   0.15268 -0.462427   1.36201
 0.741141  0.149632 -0.461846   1.36633
 0.727885  0.200109 -0.442713   1.33857
 0.727478  0.195826 -0.444507   1.33767
 0.731543  0.197253 -0.443838   1.34651
 0.73007 0.197698 -0.44435  1.34338
 0.727242  0.191823 -0.445994   1.33703
 0.727046  0.187933 -0.447362   1.33645
 0.730592  0.189571 -0.447243   1.34458
 0.729307  0.189674 -0.447321    1.3415
 0.734298  0.196022 -0.448043   1.35483
 0.734658  0.193646 -0.448235   1.35505
 0.729598  0.193601 -0.445921   1.34227
 0.732113  0.191519 -0.446946   1.34806
 0.732943  0.195422 -0.445061   1.34962
 0.730803  0.193176 -0.445566   1.34492
 0.737728  0.173775 -0.463297   1.36574
 0.806862  0.236416 -0.432017   1.50163
 0.795325  0.236543 -0.424797   1.47444
 0.798502  0.240257 -0.424033   1.48158
 0.739423  0.184323 -0.460294   1.37008
 0.742411  0.206631 -0.448427   1.37511
 0.740711  0.202175 -0.449515   1.37105
 0.739237  0.213349 -0.438795   1.36433
  0.73939  0.210354 -0.439216   1.36404
 0.735707  0.215463 -0.433632   1.35408
 0.731018  0.219768 -0.432802   1.34465
0.730078 0.214588 -0.43569  1.34292
  0.73359  0.216754 -0.435181   1.35046
 0.733537  0.205856 -0.439164   1.35014
 0.729159  0.209534 -0.438248   1.34111
 0.728569  0.204668 -0.440615   1.33996
 0.731688   0.20672 -0.440246    1.3467
 0.737375  0.213046 -0.435494   1.35791
 0.732504  0.211734 -0.437861   1.34837
 0.735809  0.208192 -0.438501    1.3551
 0.734299  0.210403 -0.436475   1.35137
 0.752096  0.213121 -0.446146   1.39573
 0.745917  0.234788 -0.423898   1.37606
0.746364 0.230821 -0.42479  1.37628
 0.741481  0.237505 -0.418444   1.36383
 0.735331  0.243557 -0.418135   1.35239
 0.734238  0.237123 -0.422279   1.35045
0.738739 0.239845 -0.42146  1.36013
 0.738776  0.225889 -0.426486   1.35928
 0.733219  0.231065 -0.426012   1.34862
 0.732149  0.225258 -0.429563   1.34671
 0.736224  0.227663 -0.428848    1.3554
 0.743652  0.234514 -0.421238   1.36897
 0.737443  0.233612 -0.425287   1.35769
 0.741655  0.228684 -0.425409   1.36549
 0.739811  0.231347 -0.422731   1.36085
 0.827951  0.271885 -0.366283   1.52849
 0.781711    0.2527 -0.405597   1.44422
  0.85743  0.254835 -0.355059   1.58088
0.809673 0.254121 -0.39792   1.4978
 0.901917  0.246872 -0.284026   1.65342
 0.816489  0.281839 -0.360135   1.50811
0.811782 0.359739 -0.24344  1.48421
 0.811502   0.34866 -0.252398   1.48179
 0.802237  0.373715 -0.230026   1.46459
 0.790117  0.394041 -0.219107   1.44533
 0.784876  0.384438 -0.241579   1.43617
 0.794872  0.389454 -0.235798   1.45849
 0.792663  0.354597 -0.270571   1.44845
0.780417 0.373864 -0.26312  1.42872
0.775712 0.363071 -0.28304   1.4208
 0.785577    0.3681 -0.277858   1.44246
 0.806085  0.368642 -0.245172    1.4755
  0.79048  0.378872 -0.257587   1.45096
 0.799618  0.360082 -0.264536   1.46397
 0.797046  0.364423 -0.252191     1.456
 0.921578  0.235683 -0.244581   1.68372
 0.809274  0.425606 -0.106081    1.4784
 0.802349  0.420859 -0.136506   1.46583
 0.822617  0.404341 -0.126185   1.49934
  0.81373  0.425368 -0.128365   1.49181
   0.7979  0.412997 -0.165997   1.45811
 0.794026  0.403368 -0.192612   1.45118
0.814026 0.389118 -0.17924  1.48389
 0.804789   0.40891 -0.185582   1.47579
 0.834267  0.385779 -0.143032   1.52013
 0.834809   0.37324 -0.157581   1.51877
 0.809207  0.418022 -0.158299   1.48387
0.820969 0.395447 -0.17062  1.50034
 0.827047    0.4023 -0.146283   1.51202
 0.817571  0.398373 -0.155579   1.49081
 0.95413 0.202422 -0.16211  1.73293
  0.83225   0.41782 0.0214192   1.51666
   0.826708    0.423082 -0.00868682     1.50715
   0.845974    0.403035 -0.00399533     1.53907
    0.837317     0.424553 -6.10056e-05      1.53159
0.821568 0.425888 -0.04013  1.49861
  0.815826   0.426329 -0.0723314    1.48889
  0.837721   0.405338 -0.0629478    1.52505
  0.827512   0.428635 -0.0635959    1.51531
  0.859869   0.384866 -0.0216224    1.56272
  0.862274   0.375702 -0.0429369     1.5657
  0.832771    0.42771 -0.0315107    1.52415
  0.845389   0.408655 -0.0519734    1.54303
  0.850175   0.407923 -0.0233764     1.5517
  0.841779   0.406288 -0.0340876    1.53237
  0.973454    0.14434 -0.0254403    1.75268
0.850917 0.381499  0.11955  1.54857
0.846602 0.391804 0.099755  1.54109
   0.8593  0.377962 0.0998111   1.56223
0.853363 0.391105 0.105891  1.55687
 0.842125   0.40174 0.0767559   1.53349
 0.837282  0.409684 0.0510912   1.52478
 0.853762  0.391603 0.0547694   1.55226
0.846099 0.410471 0.059518  1.54559
0.868484 0.372854 0.083439  1.57862
 0.870035  0.371984 0.0643041   1.58062
 0.850016   0.40138 0.0838541   1.55186
 0.858948  0.392552 0.0655446   1.56513
 0.862203  0.385834 0.0865834   1.57118
 0.856292    0.3865 0.0777378   1.55723
0.967628  0.11834 0.100735  1.73908
0.969327 0.110707 0.139576  1.74627
0.875628 0.341281 0.155812  1.59071
0.877424 0.342274 0.141096  1.59305
0.867108 0.343128 0.168229  1.57535
 0.85906 0.343514 0.182808  1.56178
0.857727 0.351968   0.1691  1.55939
0.862053 0.351266 0.173745  1.56994
0.865033 0.358368 0.137244   1.5717
 0.85628 0.360992 0.154061   1.5571
 0.85406 0.370342 0.137802  1.55339
0.859346  0.36946 0.142877  1.56592
0.869919 0.350021 0.159095    1.583
0.861068 0.360113 0.158766  1.56855
0.868324 0.357703 0.144527  1.58002
0.865952 0.351488 0.152916  1.57349
 0.93595 0.127362 0.262385   1.6942
0.89675 0.34013  0.1331 1.63478
0.876553 0.312784 0.208777  1.59234
0.878163 0.315185 0.197563   1.5945
0.869221 0.312465 0.218512  1.57941
0.862153  0.30988 0.229558  1.56725
0.861453 0.318043 0.219391  1.56593
0.864818 0.317072 0.223103  1.57426
0.868748 0.326536 0.195311  1.57815
0.860712 0.326513 0.208194  1.56462
0.859862 0.334494 0.196054  1.56292
0.863709  0.33375 0.200525  1.57248
0.871608 0.318784 0.212211  1.58572
0.864372 0.325531 0.212106  1.57361
0.870944 0.325436  0.20154  1.58406
0.868716 0.320456 0.207026  1.57855
0.935072 0.144035 0.268345  1.69305
 0.93826 0.122365 0.241323  1.69572
0.922354 0.136514 0.302101  1.67415
 0.89405   0.3112 0.196253  1.62742
0.879926 0.227105 0.308921  1.60163
0.880542 0.231147 0.302556    1.602
0.874288 0.223564 0.314479  1.59231
0.867553 0.215473 0.316973  1.57975
0.866392 0.224146  0.31224   1.5774
0.869371 0.222363 0.314355   1.5846
0.872572 0.238911  0.30235  1.58838
0.865576 0.232631 0.306835   1.5757
0.864861 0.240688 0.300898  1.57406
0.867747 0.239085   0.3035   1.5812
0.875733 0.229292 0.311752  1.59619
0.868523 0.230923 0.309121  1.58287
0.874409  0.23656 0.306332  1.59313
0.872997 0.232012 0.308575  1.58971
0.909868 0.122984 0.329019   1.6565
0.916074 0.128614 0.314579  1.66606
0.908815 0.129099 0.326665   1.6534
0.901685 0.121816 0.341174  1.64262
0.893604 0.127082 0.353497  1.63109
0.897032 0.132453 0.342476  1.63364
0.896755 0.125633   0.3417  1.63186
 0.88545 0.133007  0.35236  1.61619
0.877427 0.136814 0.338821  1.59777
0.885204 0.145785 0.346129  1.61502
0.882361 0.139495 0.346811  1.60806
0.891461 0.151511 0.344717  1.62628
0.896725 0.145533 0.338744  1.63315
0.895218 0.148055 0.336919  1.62944
 0.88992 0.132986 0.349815  1.62203
0.889286 0.145358 0.345495  1.62055
0.894928 0.138246   0.3385   1.6281
0.891879 0.140328 0.349184  1.62712
0.920648 0.158346 0.312338  1.67274
0.903444 0.125464 0.336918  1.64482
0.900339 0.130775   0.3356  1.63779
0.903965 0.136618 0.325136  1.64258
0.900343 0.143808 0.336547   1.6402
0.918608 0.132663 0.310038   1.6675
 0.802238  0.216585 -0.455744   1.49804
 0.802981    0.2115 -0.461276   1.49969
 0.810069   0.21377 -0.455113   1.51188
0.804703 0.213909  -0.4574  1.50178
  0.80203  0.208989 -0.465302   1.49838
 0.798369  0.202113 -0.458875    1.4871
 0.805607  0.201073 -0.456256   1.50038
 0.801459  0.202671 -0.458169   1.49296
 0.819775  0.209152 -0.453058   1.52924
0.815717 0.199451 -0.45245  1.51896
 0.836569  0.199177 -0.442536   1.55807
 0.821282  0.200958 -0.449784   1.52897
 0.804181  0.209504 -0.463229    1.5018
 0.809327  0.201629 -0.455515   1.50739
0.811907 0.210231 -0.45657  1.51456
 0.809087  0.208082 -0.461154   1.51064
 0.743091   0.19685 -0.454925   1.37776
0.972212 0.074389 0.126268  1.74949
0.973793 0.120821 0.094471  1.75418
 0.974366 0.0933239 0.0804249   1.75222
 0.977835 0.0297587  0.101595   1.76018
 0.979323 0.0633271 0.0815856   1.76363
  0.979662 -0.0166653  0.0628317    1.76706
 0.980197 0.0544226 0.0703921   1.76558
 0.975869 0.0922888 0.0861952   1.75664
  0.97672 0.0785005  0.119167   1.76021
0.934939 0.136714 0.252112  1.69076
  0.76133  0.151811 -0.459262   1.40473
 0.761061  0.151296 -0.459491   1.40421
0.761813 0.152575 -0.46026  1.40625
 0.760999  0.151647 -0.459937   1.40432
 0.760992  0.151899 -0.460094   1.40441
 0.761008   0.15144 -0.459765   1.40424
 0.760994  0.151561 -0.459815   1.40426
 0.763119  0.152422 -0.457342   1.40769
 0.764084  0.151908 -0.455041    1.4086
 0.745347  0.139668 -0.458452   1.37086
 0.749034   0.13669 -0.457395   1.37736
 0.765042  0.158746 -0.457724   1.41268
 0.765853  0.152642 -0.455712   1.41247
 0.769429  0.153099 -0.461565   1.42198
 0.762884  0.151481 -0.457536   1.40721
 0.761566  0.128087 -0.447641    1.3962
  0.76658  0.127883 -0.445751   1.40571
 0.762657  0.152346 -0.459801   1.40788
  0.76369  0.150575 -0.455502   1.40785
 0.771864  0.150622 -0.460771     1.426
0.750879 0.136532 -0.45642  1.38052
 0.772708  0.146948 -0.453729   1.42387
 0.761042  0.152337 -0.459618   1.40436
 0.76115 0.152776 -0.45988  1.40477
 0.762009  0.154082 -0.459543   1.40654
 0.761044  0.152793 -0.460114   1.40466
 0.766157   0.15899 -0.457534   1.41477
 0.764216   0.15927 -0.457894   1.41115
 0.760956  0.152377 -0.460209   1.40446
 0.762389  0.152363 -0.459787   1.40724
 0.760967  0.152086 -0.460108    1.4044
 0.762056  0.152797 -0.460941   1.40708
 0.761696  0.152416 -0.460425   1.40608
 0.767614  0.150786 -0.465702   1.41977
 0.761291   0.15169 -0.459383   1.40469
  0.76075  0.152465 -0.459478    1.4039
 0.761162  0.151434 -0.459253   1.40434
 0.760992  0.151504 -0.459564    1.4042
 0.760922  0.151946 -0.459738   1.40419
 0.761028  0.151305 -0.459584   1.40418
 0.761107  0.151334 -0.459323   1.40422
 0.760949   0.15171 -0.459616   1.40418
 0.779072  0.163077 -0.423855   1.42743
 0.735889  0.160792 -0.463329   1.35889
 0.738054  0.157699 -0.462874   1.36239
 0.742651  0.144282 -0.460447   1.36736
 0.745106   0.15342 -0.469736   1.37835
 0.763199  0.151359 -0.457501   1.40795
 0.737863  0.164437 -0.464272   1.36435
 0.768359  0.161234 -0.458369   1.41967
  0.76094  0.152564 -0.460049    1.4044
 0.766763  0.161113 -0.459111   1.41688
 0.761006   0.15293 -0.460261   1.40467
  0.76108  0.153108 -0.460286   1.40484
 0.761257  0.166129 -0.451237   1.40387
 0.763494  0.156013 -0.455742   1.40838
 0.762535  0.154592 -0.456377   1.40646
  0.76184  0.154655 -0.457185   1.40543
0.760926 0.152817 -0.46005  1.40442
 0.762456  0.154467 -0.457756    1.4068
 0.761352  0.153332 -0.460141   1.40536
0.761621 0.153464 -0.46013  1.40591
 0.762959  0.156536 -0.455789   1.40739
 0.761411  0.153204 -0.460165   1.40548
 0.761605  0.153981 -0.459804   1.40583
 0.968542  0.153945 0.0922057   1.74419
0.970125 0.146861 0.104811  1.74815
0.892177 0.362091 0.065595  1.62684
0.906899 0.278366 0.218555  1.64754
 0.970196  0.158695 0.0810473   1.74766
 0.973345  0.155896 0.0287226    1.7531
  0.972677   0.151288 0.00268691    1.75069
  0.974537   0.149051 0.00170578    1.75542
  0.974437   0.150855 -0.0159442    1.75589
    0.9717   0.156829 -0.0578206    1.75195
 0.966573  0.172305 0.0425293   1.73772
 0.969359  0.173372 0.0373667   1.74495
  0.973168   0.140033 -0.0597442    1.75349
 0.863641  0.351861 -0.182202   1.58179
   0.970213    0.166948 -0.00754562      1.7464
 0.968438  0.169466 0.0124732   1.74178
 0.957196  0.158621 -0.155509   1.73019
 0.963301  0.173531 -0.137594   1.74478
0.946309 0.184871 -0.19762  1.71801
0.840819 0.328432 -0.26835  1.54677
  0.866681   0.366053 -0.0856851    1.57574
 0.859007  0.349171 -0.116513   1.55589
 0.930736  0.203493 -0.238411   1.69553
 0.912216  0.220617 -0.277196   1.66799
 0.809469  0.307464 -0.333539   1.49378
 0.926722  0.260646 -0.187103   1.68777
 0.892506  0.237191 -0.308624   1.63759
 0.788595  0.282415 -0.378556   1.45939
 0.905505  0.276774 -0.232673   1.65512
 0.839482  0.248579 -0.385018   1.55203
 0.851849  0.253496 -0.373121   1.57575
0.853494 0.283956 -0.32508  1.57173
 0.820547  0.244948 -0.408884   1.52078
 0.831291  0.250838 -0.400357   1.54195
 0.810754  0.240448 -0.431506   1.51047
  0.80736  0.248626 -0.416129   1.49901
0.816149 0.243186 -0.42683  1.52048
0.939024 0.141649 0.197201  1.70591
 0.928573 0.0926524  0.183535   1.67504
0.936092 0.142397 0.203888  1.69514
0.887428  0.17506 0.297252  1.58998
0.898015 0.194451 0.286629  1.61024
0.890927 0.127174 0.296429  1.59687
0.893704 0.159311 0.307631  1.60301
0.936263 0.166067 0.254524  1.69551
0.896463 0.181757 0.297094  1.60673
0.935746 0.166119 0.264906  1.69475
0.935161  0.16257 0.270546  1.69406
0.934887 0.155322  0.27143  1.69331
0.890477   0.2603 0.273899   1.6216
0.934922 0.164353 0.260985  1.69183
0.934959 0.134454 0.253157  1.69018
0.931321 0.165937 0.287809  1.68926
 0.954238 0.0526299  0.227267   1.72486
 0.950951 0.0564339  0.242843   1.72085
  0.94337 0.0803585  0.245948   1.70497
 0.951504 0.0820606  0.228614   1.72009
0.949117 0.071224  0.22966  1.71372
0.933954 0.164152 0.263164  1.68997
  0.9331 0.159414 0.262727   1.6882
0.937622 0.116004 0.242345  1.69338
0.912531 0.301009 0.138656   1.6538
0.939471 0.104199 0.255728  1.70021
0.939555 0.186606 0.215004  1.69641
0.935697 0.182517 0.216822  1.69014
0.930809 0.161614 0.210781  1.68709
  0.9333 0.189121 0.229973  1.68273
0.932105 0.170946 0.280106  1.69081
 0.92908 0.171532 0.274537   1.6853
0.918529  0.19584 0.261084  1.65132
0.935652 0.163206 0.252363  1.69317
0.906928 0.192653 0.280163  1.62757
 0.93674 0.157056 0.239943  1.69493
0.934964 0.133172 0.205558  1.68901
 0.93213  0.13861 0.236813  1.68279
0.936341 0.122625  0.19677  1.69696
0.922758 0.163201 0.264564   1.6727
0.937768 0.114082  0.20314  1.70172
0.917558 0.135123 0.274729  1.64745
0.902388 0.178056  0.28493  1.61884
 0.911371 0.0455862  0.220966   1.63686
0.935187 0.110564 0.161921  1.70011
0.913942 0.153327 0.285192  1.64283
0.896349 0.203277 0.313731  1.63135
0.897299 0.165016 0.328823  1.63297
 0.89624 0.179996 0.322057  1.63115
0.892494 0.232474 0.298425  1.62549
0.926972   0.1517 0.301723  1.68283
0.934799 0.165496 0.258728  1.69156
0.897258 0.247235 0.264841  1.62717
0.930917 0.168287 0.287791   1.6894
0.925414 0.192216 0.239789  1.66881
 0.93058 0.186819  0.22627  1.68052
0.925113 0.167281 0.305785  1.68004
0.929256 0.163439 0.251043  1.68495
0.926562 0.155078 0.223349  1.68024
0.924897 0.158639 0.222952  1.67678
0.920414 0.184868 0.245334  1.65841
0.928116 0.157991 0.216624  1.68316
0.933827  0.17245  0.20902  1.68583
0.935767 0.168664 0.207938  1.69099
0.927334 0.165093 0.251595  1.68172
0.935652 0.170889 0.207685  1.69086
0.932556 0.168004 0.216198  1.68411
 0.758321  0.131623 -0.450838   1.39176
 0.767272  0.151769 -0.462522   1.41774
 0.765279   0.15109 -0.457363   1.41178
 0.768948   0.14074 -0.456517   1.41677
0.745733 0.142699 -0.46002  1.37318
 0.770898  0.166349 -0.440056   1.41831
  0.76193  0.151907 -0.460234   1.40653
  0.74274  0.148782 -0.462219   1.36949
 0.774007  0.168485 -0.425883   1.41885
 0.764786  0.166981 -0.446356   1.40887
   0.7774  0.195463 -0.455494   1.44263
 0.748264  0.145844 -0.466995   1.38187
 0.734695  0.169929 -0.462874   1.35833
 0.736197  0.166671 -0.462688   1.36055
 0.749419  0.192815 -0.463473   1.39254
 0.744114  0.173672 -0.470426   1.38117
 0.735193  0.180254 -0.460476   1.36047
 0.735966  0.176783 -0.460615    1.3613
 0.745782  0.182758 -0.468181   1.38536
 0.737347  0.192234 -0.455755   1.36517
 0.737391  0.188319 -0.456251   1.36456
 0.769131  0.230121 -0.428484   1.42313
0.761173 0.203747 -0.46365  1.41796
 0.793963  0.217453 -0.456537   1.48241
 0.784709  0.210536 -0.465422   1.46623
 0.787342  0.216325 -0.455493   1.46806
 0.750527  0.226833 -0.437291   1.39113
 0.749072  0.221151 -0.438705   1.38728
 0.762997  0.215836 -0.446644   1.41585
 0.759847  0.250461 -0.416244   1.40636
  0.75852  0.242277 -0.419603   1.40288
0.773867  0.25676 -0.41052  1.43505
 0.772301  0.276935 -0.386431   1.42623
 0.769706   0.26702 -0.391894   1.42017
 0.799016  0.261435 -0.397204   1.48001
 0.790002  0.304693 -0.344544   1.45466
 0.784423  0.293538 -0.353112   1.44242
 0.814865  0.331257 -0.284835   1.49507
0.805547 0.319581 -0.29738  1.47462
 0.880681  0.287773 -0.277985   1.61703
 0.869694  0.274356 -0.317009   1.60213
0.842432 0.356176 -0.19566  1.53798
 0.837221  0.340203 -0.214155   1.52481
 0.955575   0.21679 -0.102683   1.72928
  0.91182   0.29984 -0.142426   1.65685
 0.968457  0.163771 -0.058119   1.74452
 0.936115   0.22269 -0.181934   1.69833
 0.881866  0.358598 0.0455634   1.60051
   0.885127    0.360125 -0.00505503     1.60986
 0.88579 0.343091 0.121367  1.60889
 0.887365  0.344464 0.0892699   1.61032
0.964283 0.159132 0.125575  1.73638
  0.96062  0.207373 0.0620245   1.72932
  0.96755   0.17545 0.0669114    1.7417
0.888505 0.311971 0.183773  1.61248
0.892126 0.315312 0.157838  1.61792
0.902957 0.285601 0.182453  1.63367
0.886253 0.287644 0.230771  1.60926
0.889538 0.295136 0.208214  1.61438
0.885041 0.263758 0.266376  1.60819
0.886996 0.270715 0.250218  1.61047
  0.9339  0.14865 0.261145  1.68972
 0.88648 0.237028 0.293715   1.6117
0.887165 0.244336 0.281206  1.61149
0.891218 0.207154 0.314235   1.6213
0.889761 0.215113 0.304474  1.61662
0.904437  0.15999 0.327807  1.64825
0.932815 0.151663 0.257754  1.68687
 0.786116  0.241751 -0.421025   1.45863
 0.798661  0.222368 -0.448714   1.48901
 0.803726  0.227025 -0.443944   1.49848
 0.804956  0.231233 -0.438094   1.49926
 0.807685  0.234573 -0.434794    1.5043
 0.797126  0.232334 -0.433643   1.48183
 0.802997  0.229548 -0.438723   1.49491
 0.775121  0.222193 -0.440492   1.43952
 0.795446  0.204725 -0.464822   1.48414
 0.785106  0.200228 -0.452589   1.45846
 0.793894  0.204743 -0.466613   1.48206
  0.96338 0.0623036  0.156586   1.73274
0.960297 0.048211  0.19057  1.73021
0.955853 0.032309 0.189323  1.71849
 0.955172 0.0677042   0.19622   1.71925
 0.959146 0.0689601  0.184788    1.7271
0.929965 0.154032 0.256478  1.68104
0.950452 0.104121 0.197327   1.7105
0.967723 0.133192 0.114593  1.74094
 0.761437  0.151809 -0.459572    1.4051
 0.761089   0.15139 -0.459429   1.40429
 0.761009  0.151518 -0.459544   1.40422
  0.76182  0.152529 -0.460772   1.40651
 0.762253  0.152857 -0.461238   1.40767
  0.76092   0.15225 -0.459874   1.40426
 0.767096  0.163857 -0.456905   1.41699
 0.761271  0.151832 -0.459848   1.40492
 0.752831  0.140589 -0.463785   1.38844
  0.76159  0.152492 -0.460985   1.40615
  0.76402  0.150299 -0.455837   1.40875
 0.759372  0.137283 -0.460284   1.39941
 0.760602  0.153583 -0.458953   1.40359
 0.765621  0.150537 -0.459227   1.41328
 0.768296  0.148111 -0.462314    1.4189
 0.760087  0.149709 -0.458987   1.40228
 0.763554  0.137534 -0.460098   1.40747
0.775581 0.139292 -0.44504  1.42487
 0.768257  0.138549 -0.458218   1.41646
 0.762574  0.149645 -0.456529   1.40598
 0.761273  0.153097 -0.460205   1.40519
 0.761228  0.153363 -0.460241   1.40517
 0.761583  0.154113 -0.458959    1.4055
 0.761075   0.15322 -0.460203   1.40484
  0.76568   0.16205 -0.459396   1.41498
 0.760801   0.15316 -0.459305     1.404
 0.760908  0.152511 -0.459874   1.40429
 0.761824  0.152675 -0.461543   1.40691
 0.764653  0.161543 -0.460121    1.4133
 0.760888  0.152205 -0.459751   1.40418
 0.761363  0.152809 -0.462278   1.40641
 0.760902  0.151927 -0.459672   1.40414
 0.760921  0.151939 -0.459769   1.40429
  0.76095   0.15169 -0.459639   1.40418
 0.761159  0.151474 -0.459362   1.40441
 0.760717    0.1526 -0.459617   1.40393
 0.761294  0.151707 -0.459727   1.40488
 0.761023  0.151703 -0.459748    1.4044
  0.77001  0.167147 -0.433296   1.41395
0.744337 0.165227 -0.47103  1.38008
 0.751027  0.155434 -0.477522   1.39366
 0.768023  0.165483 -0.445142   1.41468
  0.76672  0.164499 -0.453822   1.41533
 0.762176  0.150752 -0.458051     1.406
 0.765669  0.163314 -0.458834     1.415
 0.760816  0.153024 -0.459366   1.40397
 0.761047  0.153453 -0.459589   1.40457
 0.764528  0.165613 -0.454594   1.41142
 0.763489  0.158767 -0.458233   1.40987
 0.762437  0.156055 -0.456487   1.40662
 0.761237  0.153805 -0.459494   1.40498
0.764127 0.163986 -0.45933  1.41221
 0.762225  0.155099 -0.456341   1.40589
 0.761852  0.154508 -0.458345   1.40583
 0.761455  0.153706 -0.460045    1.4056
0.761584 0.155682 -0.45725  1.40519
 0.761311  0.153675 -0.459994   1.40526
  0.76136  0.154264 -0.458922   1.40505
 0.966395  0.172522 0.0950822   1.74033
0.910849 0.320617 0.090534  1.65281
 0.910394  0.328626 0.0322853   1.65146
0.903889  0.30241  0.12203  1.63277
  0.970774   0.171189 0.00568416    1.74836
 0.901616  0.316613 0.0555869   1.62769
  0.971129   0.175186 -0.0263287    1.75103
  0.966135   0.199029 -0.0122768    1.74183
  0.965942   0.202091 -0.0519753    1.74571
 0.962502  0.206505 0.0207841   1.73325
 0.962447  0.188193 -0.101448   1.73995
 0.951256  0.200634 -0.139728   1.72104
 0.895085  0.340282 -0.144203   1.63786
  0.944768   0.256746 -0.0926485    1.71191
 0.882234  0.323462 -0.213014   1.61572
  0.955295   0.231186 -0.0518429    1.72583
 0.917247   0.24231 -0.225631   1.67014
 0.894511  0.259449 -0.270545   1.63621
 0.847223  0.314668 -0.269361   1.55097
 0.899471  0.282136 -0.208694   1.63661
 0.816391  0.294924 -0.327947   1.49799
 0.864897  0.304178 -0.259349   1.58363
 0.834683  0.253206 -0.387493   1.54404
 0.814567   0.25036 -0.409682   1.51179
 0.839882  0.298965 -0.314244   1.54655
 0.847099  0.272554 -0.356432   1.56725
0.936085 0.130009 0.210014  1.69134
0.930418 0.105079  0.23024   1.6744
0.929384 0.146217 0.262148  1.67389
0.937356 0.154752 0.243343  1.69662
 0.93572 0.163277 0.251728  1.69361
0.909163 0.189896 0.271163  1.63385
0.927458 0.169298 0.297481   1.6831
0.934397 0.152153 0.252373  1.68839
0.906182 0.178538 0.278565  1.62828
0.934248 0.162412 0.265872  1.69093
 0.90349 0.240222 0.281962  1.64422
0.932471   0.1621  0.25941  1.68584
0.933351  0.14079 0.247987  1.68655
0.917643 0.175352 0.252819  1.65449
0.903583 0.261171 0.253384  1.64286
0.931998 0.161674 0.263479  1.68527
 0.93587 0.128056 0.236176  1.68954
  0.9415  0.11297 0.222532  1.69748
0.945402 0.110493 0.219931  1.70586
0.931298 0.152314  0.25757  1.68401
0.934169  0.18159 0.216269  1.68876
0.930662 0.177037 0.220264  1.68133
0.930861 0.165449 0.221284  1.68144
0.926518  0.18181 0.230457  1.67184
0.929023 0.172894 0.289023  1.68591
0.916668 0.176778 0.251842  1.65175
0.912911 0.184111 0.261926  1.64244
 0.93308 0.160162 0.253145  1.68688
0.934876 0.154866 0.246442  1.68924
0.930416  0.15962 0.261514  1.68218
0.928248 0.160032 0.260177  1.67642
0.904707 0.167343 0.290207  1.62497
0.931599 0.162586 0.259064  1.68424
0.903512  0.15504 0.288983  1.61941
0.937279  0.12071 0.218237  1.69128
0.909091 0.168335 0.273753   1.6362
0.932973 0.126627 0.213708  1.68092
0.926521 0.148179   0.2631  1.66925
0.908895  0.15728  0.31354  1.64975
0.899509 0.185478 0.321369  1.63733
0.916291 0.151362 0.312985  1.66604
0.909671 0.172927 0.316846  1.65358
0.923489 0.160178 0.302555  1.67598
0.931397  0.15819 0.262743  1.68445
0.927505 0.171107 0.296138  1.68362
0.920528 0.183295  0.24637  1.66035
0.927791 0.169659 0.281195  1.68316
0.926469 0.180482 0.235047  1.67252
0.926048 0.163021 0.258186  1.67911
0.923369 0.155042 0.231524  1.67433
0.929967 0.172663 0.225439   1.6776
0.925491 0.177217 0.297036  1.67993
0.924826 0.158108 0.224558  1.67709
 0.92717 0.161928 0.217185  1.68017
0.932959 0.169699 0.216582  1.68351
0.921378  0.15845 0.230955  1.66977
0.931057 0.175499  0.21867     1.68
0.927918 0.170913 0.227637   1.6717
0.756958 0.140175 -0.46176  1.39576
 0.763198  0.149767 -0.462748   1.40986
 0.763655  0.145669 -0.466229   1.41112
 0.752012  0.144902 -0.465708   1.38865
 0.763615   0.16458 -0.457286   1.41073
 0.748765  0.151589 -0.469366   1.38525
 0.762129  0.150694 -0.458206   1.40611
 0.745977  0.157738 -0.470527   1.38151
 0.742371  0.159995 -0.470314   1.37453
 0.767345  0.197121 -0.474762   1.43291
 0.740846  0.168013 -0.470154   1.37307
 0.754229  0.195214 -0.471696   1.40583
 0.750318  0.166723 -0.480064   1.39598
 0.741014  0.177003 -0.468624   1.37454
 0.752278  0.182894 -0.479182   1.40299
  0.74295  0.186893 -0.464738   1.37857
  0.75595   0.19128 -0.476085   1.41061
 0.74682 0.198066 -0.45799  1.38535
 0.755231  0.204778 -0.456016   1.40322
  0.75592  0.211469 -0.448185   1.40177
 0.795708  0.273383 -0.371551   1.46487
 0.826498  0.264365 -0.386874   1.53263
 0.876652  0.323242 -0.172913   1.59412
 0.924234  0.263327 -0.168053   1.67877
   0.89818   0.337474 -0.0880878    1.63433
 0.939429   0.24333 -0.128532   1.70069
  0.911812   0.319854 -0.0854291     1.6579
  0.902838   0.325223 -0.0172139    1.63391
  0.92726   0.30343 0.0605674   1.68048
 0.964176  0.208972 0.0549623   1.73844
0.952133  0.13166 0.186853  1.71256
 0.940162  0.277527 0.0542678   1.70118
0.946263 0.182221  0.20231  1.70573
0.912895 0.286175 0.173641  1.65454
0.920319 0.255021 0.228257  1.66951
0.921771 0.260444 0.198944  1.66825
0.932631 0.274717 0.128184  1.68698
0.898607  0.26699 0.230282  1.62753
0.932012 0.144288 0.247753  1.68446
0.954721 0.196368 0.166974   1.7227
0.905249 0.181972 0.312395   1.6434
0.913984 0.203626 0.304541  1.66029
0.899285  0.22425 0.291657  1.63308
0.902959 0.202208 0.308412   1.6416
 0.795664  0.222503 -0.449717   1.48371
  0.78262  0.218941 -0.443763   1.45283
  0.78775  0.227456 -0.441179   1.46466
 0.77153 0.206618 -0.46031   1.4383
 0.774909  0.205447 -0.470954   1.44796
 0.777612  0.190725 -0.456647   1.44395
 0.95853 0.100247 0.161031  1.72366
0.956369 0.095973 0.198742  1.72447
0.934604 0.136881 0.236177  1.68804
0.962661 0.103468 0.152954  1.73084
0.930047   0.1458 0.237308   1.6794
0.962508 0.160685 0.111512  1.73017
0.940834 0.258785 0.123221  1.70064
 0.761628  0.152593 -0.461503    1.4065
 0.760785   0.15229 -0.459798   1.40409
 0.761879  0.152751 -0.461949   1.40728
 0.760757  0.152767 -0.459368   1.40387
 0.761989  0.151893 -0.460316   1.40681
 0.757952  0.154766 -0.476117   1.40609
 0.757861  0.148657 -0.472993    1.4038
  0.76261  0.158851 -0.458433   1.40817
 0.760936  0.151879 -0.460698   1.40499
  0.76236  0.149456 -0.457308     1.406
 0.763673  0.150205 -0.460092   1.40963
0.764708 0.150466 -0.46688  1.41432
 0.763822  0.149756 -0.470684   1.41425
 0.768383  0.146625 -0.464393   1.42012
  0.76335  0.144156 -0.468485   1.41191
  0.76102  0.150629 -0.458759    1.4041
 0.760864  0.153321 -0.459351   1.40412
0.762226 0.158213 -0.45877  1.40756
 0.76349 0.161781 -0.46045  1.41111
 0.762101  0.163168 -0.461274   1.40897
 0.760712  0.152891 -0.459428   1.40387
 0.761352  0.152721 -0.461741   1.40609
 0.761077  0.152058 -0.460412   1.40486
 0.763414  0.163156 -0.460851   1.41147
  0.76036    0.1623 -0.462126   1.40609
 0.760804  0.152183 -0.459645   1.40405
 0.760916  0.151993 -0.459825   1.40428
  0.76047  0.153679 -0.459999   1.40385
 0.750247  0.174325 -0.480283   1.39759
 0.764962  0.168582 -0.435214   1.40461
0.747433 0.169096 -0.47968  1.39037
 0.763624  0.165616 -0.450325    1.4082
 0.761189  0.151743 -0.460761   1.40537
 0.755234  0.155637 -0.477376   1.40138
 0.760695  0.153617 -0.458563   1.40352
0.760104 0.165373 -0.44581  1.39931
 0.759741  0.152405 -0.460834    1.4029
 0.762944  0.161054 -0.461007   1.41031
 0.760967    0.1539 -0.458534   1.40413
 0.760599  0.154733 -0.458745   1.40374
  0.76186  0.156253 -0.456563   1.40549
 0.761092  0.153824 -0.459456   1.40466
0.761334 0.157359 -0.45911  1.40582
  0.76149   0.15491 -0.457182   1.40474
0.959265 0.206855 0.128084  1.73074
 0.962215  0.209948 0.0885692   1.73523
   0.958581     0.23812 -0.00770176     1.73262
  0.92228  0.293058 0.0788678   1.66669
  0.964167   0.216433 -0.0052414    1.74114
   0.95274   0.237689 -0.0499409      1.721
  0.962682    0.21232 -0.0508667    1.73937
   0.95284   0.219073 -0.0926199    1.72131
   0.94347    0.25505 -0.0774324    1.70668
 0.952412  0.241068 -0.013275   1.71887
 0.925599  0.299926 -0.129651   1.68741
   0.94129    0.27774 -0.0462505    1.70528
 0.931853  0.278866 -0.129769   1.69422
 0.910536   0.30209 -0.173738   1.66061
0.932293  0.15964 0.254737  1.68546
 0.91298  0.16082 0.275765  1.64355
0.914116 0.182061 0.258528  1.64669
0.915156 0.152843  0.27291  1.64514
0.931178   0.1627 0.262467  1.68348
0.923582 0.177134 0.302025  1.67643
  0.9278 0.154758 0.256715  1.67679
0.923963 0.164565 0.258911  1.67532
 0.93022 0.146199 0.247068  1.68052
0.926706 0.159461 0.262012  1.67413
0.916271  0.24059 0.261216  1.66329
0.928426 0.160751 0.263164  1.67716
 0.93651 0.132973 0.226299  1.68901
0.912765 0.194639 0.306471  1.65639
0.913151 0.244216 0.241767  1.65284
0.926343 0.150026 0.248375  1.67321
0.922606 0.175972 0.239661  1.66331
0.919999 0.155078 0.240127  1.66773
0.925835 0.172897 0.282081  1.67958
 0.91538 0.169871 0.257485  1.64914
0.911271 0.174235 0.264161  1.64086
0.927757 0.157478 0.256996  1.67461
0.909028 0.175862 0.269684  1.63525
0.908531 0.164572 0.276012  1.63281
 0.92638 0.156028 0.260987  1.67185
0.920842 0.164437 0.265251  1.66891
0.921987 0.154835 0.267715  1.66093
0.926913 0.161254  0.26353  1.67408
0.916487 0.172371  0.31066  1.66475
0.916745 0.189353 0.310906  1.66616
 0.92235 0.177188  0.30614  1.67507
0.928049 0.158675 0.261917  1.67702
0.924025 0.152475 0.248799  1.66896
0.924513 0.172268 0.287092  1.67692
0.922395 0.174703 0.242531  1.66407
0.919829 0.186414 0.302914  1.66886
0.923354  0.16667 0.235651  1.66512
0.923456 0.150457  0.24426  1.66742
0.921518 0.158052 0.232904  1.67073
0.925795 0.169756  0.23259  1.67056
 0.91887 0.158379 0.232562  1.66446
0.923506 0.161764  0.22497  1.67294
 0.758719  0.144657 -0.469988   1.40326
  0.75993  0.150541 -0.466259   1.40503
 0.754089  0.149233 -0.474675   1.39715
 0.754111   0.15411 -0.476781   1.39926
0.760895 0.149636 -0.45798  1.40335
 0.751792  0.159947 -0.478911    1.3969
0.748654 0.161868 -0.47911  1.39101
 0.761065  0.181156 -0.461235   1.41064
 0.747703  0.177189 -0.479174   1.39237
0.759743 0.151367 -0.45945   1.4021
 0.750248   0.18634 -0.477064   1.39833
 0.760469  0.167253 -0.441861    1.3984
 0.768003  0.187176 -0.459964   1.42481
 0.762197  0.178257 -0.461189   1.41288
 0.766476    0.2006 -0.473616   1.43075
  0.75926  0.178604 -0.463661   1.40796
  0.925612   0.302517 -0.0893302      1.682
   0.91583    0.32168 -0.0316017    1.66229
  0.932162   0.298686 -0.0845073    1.69489
 0.922277  0.299189 0.0239868   1.66649
 0.939868  0.274663 0.0934594   1.70153
 0.945046  0.282456 0.0423443   1.71346
 0.929895  0.294626 0.0994207   1.68653
0.926946 0.283244 0.127694  1.67856
0.948147  0.13317 0.202409  1.70872
0.921483 0.269621 0.164307  1.66439
0.914753 0.260202 0.204861  1.65318
0.943524 0.130443 0.213661  1.69964
 0.91106 0.228666   0.2709  1.65076
 0.93659 0.256878 0.155967  1.69325
0.903959 0.217208 0.304054  1.64568
0.908205 0.196886 0.311291  1.65263
0.928169 0.149316 0.247289  1.67688
0.936794 0.149392 0.226262   1.6887
 0.767415  0.184656 -0.459008   1.42343
 0.760029   0.19153 -0.477136   1.41783
  0.77608  0.208463 -0.468264   1.44924
 0.761443  0.199899 -0.469805   1.42078
0.939968  0.13201 0.222766  1.69607
0.957657  0.14238 0.162437  1.72366
0.957829 0.144454 0.149163  1.72106
0.926295 0.152692  0.24134  1.67201
  0.95675  0.205009 0.0993552   1.72152
0.947154 0.248721 0.124525   1.7115
0.929635 0.246981 0.193736  1.68026
0.935214 0.172937 0.232145  1.68597
 0.761122  0.151885 -0.460023   1.40473
 0.761037  0.152275 -0.460584   1.40492
 0.761265  0.152915 -0.462284   1.40622
 0.760568   0.15328 -0.460489   1.40417
  0.76075    0.1527 -0.460561   1.40448
 0.761289  0.152921 -0.462776   1.40658
 0.761864  0.164857 -0.457906   1.40748
 0.760613  0.153041 -0.460106   1.40409
 0.760838  0.153219 -0.463058   1.40587
 0.760589  0.150738 -0.459037    1.4035
 0.761274  0.150788 -0.471761   1.40979
 0.752022  0.167298 -0.479362   1.39826
 0.755561  0.159469 -0.478506   1.40347
 0.761338  0.150641 -0.463608   1.40664
 0.760769  0.154135 -0.458791   1.40395
 0.761678  0.159949 -0.461663   1.40798
 0.760555  0.154001 -0.459344   1.40378
 0.761924  0.160844 -0.461294    1.4083
0.760528 0.153344 -0.45952   1.4037
 0.760984  0.153334 -0.462483   1.40583
 0.76069 0.152602  -0.4607  1.40433
 0.760385  0.154672 -0.459933   1.40385
 0.760781  0.152939 -0.461804   1.40508
 0.760469  0.153566 -0.463205   1.40532
 0.754504  0.164987 -0.479674   1.40309
 0.754209  0.171611 -0.479815   1.40394
  0.75225  0.174169 -0.479075   1.39997
 0.760914  0.164666 -0.454417   1.40448
 0.761582  0.163713 -0.460037    1.4078
 0.755776  0.163088 -0.451607   1.39284
0.755746 0.160214 -0.46918  1.40017
 0.761858  0.162234 -0.462379   1.40897
 0.760728  0.155478 -0.458464   1.40399
 0.759105  0.152934 -0.461127   1.40186
 0.761419  0.157935 -0.458955   1.40592
 0.760928  0.154916 -0.457984   1.40408
0.760947 0.154378 -0.45796   1.4039
 0.761278  0.154393 -0.457959   1.40459
 0.760693  0.156489 -0.459536   1.40455
 0.761067  0.155648 -0.457325   1.40415
 0.951991  0.246912 0.0911026   1.72019
 0.955692  0.253904 0.0786641   1.73019
 0.952453  0.248846 0.0333015   1.71976
 0.959238  0.237713 0.0310007   1.73348
   0.92558   0.299398 -0.0338539    1.67587
  0.940412   0.275826 0.00623683     1.7004
0.930412 0.151707 0.255019  1.67784
  0.9217 0.156225 0.262989   1.6609
0.926044 0.160057 0.261872  1.67203
0.913754 0.163369 0.268969  1.64629
0.912749 0.167437 0.265537  1.64413
0.914698 0.159957 0.268466  1.64695
0.921531 0.176809 0.289566  1.67048
0.919093 0.160017 0.266703  1.65724
0.923965 0.160548 0.264285  1.66758
0.926301 0.155588 0.257135  1.67369
0.927784 0.145825 0.240205  1.67508
0.917484 0.165869 0.267862  1.66013
0.931214 0.145267  0.23356  1.68015
0.924113 0.159027 0.262537  1.66857
0.922079 0.157066 0.247564  1.66495
0.923899 0.156325 0.257549  1.66894
0.926772 0.164484 0.228898  1.67418
0.929201  0.16881 0.222893  1.67828
0.919595 0.169642 0.247076  1.65737
0.916952 0.154188 0.246765  1.66101
0.919852 0.164474 0.268394  1.66627
0.920125 0.154363 0.251006  1.66172
0.913365 0.172592 0.261832  1.64551
 0.92301 0.159969 0.262732  1.66533
0.916244 0.168508 0.257757  1.65205
0.911765 0.166687 0.267768  1.64164
0.919802 0.159374 0.265126  1.65843
 0.91519 0.164631 0.261113  1.64952
0.917255 0.208614 0.285587  1.66085
0.910937   0.2112 0.294244  1.65177
0.917264 0.197996 0.296361  1.66242
 0.92202 0.184225 0.302173  1.67376
0.922776 0.175647 0.287575  1.67365
0.919325 0.168171 0.249319  1.65908
0.919442 0.161421  0.24364  1.65982
 0.91965 0.182369 0.287192  1.66532
0.917842 0.155945 0.241534  1.66306
0.916862 0.159713 0.242211  1.65886
0.917056 0.154918 0.238341  1.66142
0.922297 0.165427 0.240075  1.66603
 0.758687  0.150765 -0.474539   1.40595
 0.758087  0.151363 -0.460298   1.39918
 0.760161  0.152155 -0.461094   1.40366
 0.759186  0.151702 -0.459541   1.40116
 0.753103  0.160999 -0.478948   1.39897
 0.757861    0.1642 -0.450696   1.39695
  0.75922  0.175892 -0.465071   1.40839
 0.758322  0.153506 -0.460214   1.40011
 0.755989  0.173257 -0.466101   1.40156
 0.756004  0.164736 -0.468355   1.40131
 0.755636  0.178568 -0.479058   1.40788
 0.754437  0.181675 -0.477442   1.40505
   0.93006   0.303915 0.00889353    1.68609
  0.948172   0.284009 -0.0163151    1.72219
0.931475  0.26504  0.15708  1.68508
0.948716 0.238468 0.155236   1.7152
0.926702  0.23875 0.220008  1.67634
0.943166 0.156466 0.214574  1.69901
 0.92044 0.179405  0.28928  1.66832
0.913515  0.22572 0.282683   1.6573
0.923462 0.221372 0.269433  1.67388
0.914005 0.214457 0.292015  1.65865
0.930836 0.234012 0.221673  1.68312
0.922977 0.226655 0.249416  1.66923
0.934117 0.146508 0.227237   1.6854
0.943478 0.226246 0.202033  1.70717
 0.93063 0.161164 0.240438  1.67913
0.940693 0.152087  0.21529  1.69579
 0.95322 0.249638 0.117318  1.72571
 0.943682    0.2701 0.0950357   1.70807
0.953152 0.196889 0.144111  1.71571
0.945356 0.242109 0.151447  1.70871
 0.760909  0.153618 -0.463555   1.40624
 0.760244  0.154628 -0.461854   1.40435
 0.760282  0.155305 -0.460828   1.40413
 0.760591  0.153889 -0.461935   1.40497
 0.757157  0.156077 -0.468693   1.40185
 0.760402   0.15353 -0.461828   1.40442
 0.759255  0.150949 -0.459469   1.40107
 0.760246  0.156111 -0.462428   1.40489
 0.757165  0.153537 -0.468166   1.40095
 0.759577  0.154584 -0.463583   1.40399
 0.760531  0.155556 -0.459598   1.40414
 0.760961  0.161013 -0.463386   1.40749
 0.760191  0.154683 -0.463868   1.40513
 0.760889  0.159697 -0.461874    1.4064
 0.755408  0.157673 -0.460294   1.39504
0.760331 0.154344 -0.46111  1.40421
 0.760655  0.154213 -0.463739   1.40594
 0.760168   0.15524 -0.463321   1.40495
 0.757896  0.185489 -0.477405   1.41296
 0.761174  0.189495 -0.474086    1.4186
 0.754118  0.167699 -0.467197    1.3973
 0.758137  0.166223 -0.446903   1.39594
 0.759203   0.16464 -0.455091   1.40128
 0.759297  0.163196 -0.457829   1.40256
  0.76024  0.163433 -0.460509   1.40521
 0.759833  0.160296 -0.463693   1.40541
 0.760816  0.161813 -0.462705    1.4069
 0.760724  0.157572 -0.460555   1.40526
 0.759372  0.161495 -0.462477   1.40407
 0.760937   0.15858 -0.462517   1.40666
  0.935195   0.297191 -0.0445402    1.69792
  0.946387   0.267747 -0.0488021    1.71453
0.922208 0.160751 0.264968  1.66398
 0.91528 0.163367 0.266064  1.64956
0.915579 0.162595 0.266573  1.64982
 0.92252 0.159487 0.263159  1.66519
 0.91445 0.166191 0.263907  1.64783
0.922335 0.156638 0.258676  1.66578
0.913806 0.154804 0.250426  1.65289
0.922277 0.152518 0.250631  1.66562
0.920019 0.216837 0.273619  1.66605
0.918673 0.157559 0.260042  1.65854
  0.9255 0.151076 0.240897  1.67109
0.925055 0.200168 0.266779  1.67305
0.917068 0.164167 0.253128  1.65398
0.915388 0.154895 0.247966  1.65728
0.918392 0.160234 0.263909  1.65643
0.915438 0.155928 0.248664  1.65677
0.918047 0.161671 0.266171  1.65518
0.913572  0.15481 0.251257  1.65194
0.919452 0.161437 0.265726  1.65811
0.915801 0.162076  0.26324  1.65107
0.919455 0.193327 0.302031  1.66873
0.919587  0.15332 0.248276  1.66072
 0.91858 0.154127  0.25279  1.65885
0.919636 0.191217 0.280734  1.66368
 0.91805 0.163866 0.268318  1.66253
0.914804 0.159216 0.254223  1.65168
0.914608 0.154645  0.24996    1.655
0.916018  0.16283 0.251275  1.65449
 0.758226  0.153048 -0.460555   1.40004
 0.759105  0.152844 -0.467042   1.40423
 0.755053  0.157516 -0.469005   1.39793
 0.756619  0.161322 -0.454741   1.39578
 0.756861  0.155941 -0.460668   1.39796
 0.754057  0.162108 -0.468901   1.39685
   0.7566  0.170609 -0.466548   1.40285
 0.755656  0.161991 -0.458659    1.3956
0.936442 0.248506 0.187892  1.69567
0.941371 0.225068 0.176448   1.6975
0.928854 0.222842 0.245787  1.68122
0.938585   0.1786 0.216859  1.69162
0.918981 0.203504 0.294244  1.66667
0.925128 0.184745 0.252701  1.66924
0.927702 0.170431 0.241956  1.67386
0.920542  0.21319 0.282223  1.66837
0.928618 0.154752 0.234708  1.67573
0.930161 0.203214 0.251101  1.68128
0.933334 0.165363 0.228004    1.683
0.930813 0.207459 0.233871   1.6794
0.947795 0.164389 0.188316  1.70616
0.938973 0.218098 0.213476  1.69684
0.937334 0.183943 0.219249  1.68825
0.948762 0.183925 0.183125  1.70843
 0.75999 0.154202 -0.46345  1.40459
 0.758547     0.161 -0.460493   1.40185
0.756585 0.154311 -0.46062   1.3969
 0.759781  0.156025 -0.464581   1.40491
 0.759358   0.15533 -0.463689   1.40375
 0.758304  0.152865 -0.459819   1.39971
 0.760483  0.156508 -0.461048   1.40483
0.760269 0.157192 -0.46206  1.40494
 0.760032  0.156381 -0.463117   1.40477
 0.760472  0.159116 -0.463396   1.40621
 0.760036  0.155461 -0.463982   1.40504
0.759775 0.158507 -0.46442  1.40535
 0.757893  0.162384 -0.458381   1.39977
 0.757077  0.155363 -0.459299   1.39759
 0.760284  0.159943 -0.463707   1.40604
 0.755277  0.159889 -0.455481    1.3931
  0.76025  0.158148 -0.463839   1.40581
 0.758226  0.157945 -0.462169   1.40136
0.920239 0.159601 0.263522  1.66043
0.915835 0.155502  0.25372  1.65399
0.916073 0.158836 0.259723  1.65355
0.920158  0.15742 0.259004  1.66158
0.921268 0.154338 0.245007  1.66354
0.914718 0.155203 0.253954  1.65349
0.920496  0.18765 0.285518  1.66735
 0.91674 0.154896 0.251373  1.65619
0.913987 0.154825 0.250736  1.65325
0.915122 0.156626 0.245052  1.65504
0.915279 0.163373 0.258883  1.65119
0.915394 0.159749 0.259205  1.65264
 0.91519 0.160728 0.260868  1.65087
0.917134 0.161286 0.263768  1.65409
0.917717 0.163025 0.254792  1.65817
0.921563 0.199038 0.269513  1.66552
0.918727 0.172551 0.269142  1.66062
0.917509 0.166389 0.267858  1.65998
 0.756991   0.15797 -0.457835   1.39728
 0.758699  0.156024 -0.463144   1.40238
0.925833 0.166792 0.251856  1.67193
0.942625 0.187922 0.203434  1.69803
0.930853 0.185635 0.234502   1.6781
0.925856 0.204172 0.254251  1.67208
0.918831 0.159624 0.253589  1.65979
0.924116 0.158861 0.242422  1.66817
 0.92873 0.180078 0.250852   1.6765
0.919635 0.175531 0.262144  1.66159
 0.93765  0.21518 0.217613   1.6936
0.936732 0.208169 0.229383  1.69255
 0.758529  0.158817 -0.462079   1.40213
 0.760037  0.156955 -0.464198   1.40535
 0.759881  0.157937 -0.463937   1.40507
0.758045 0.154392  -0.4603  1.39977
  0.75743  0.156855 -0.459259   1.39862
  0.75773  0.159981 -0.460814   1.40012
 0.759184  0.159452 -0.463872   1.40398
 0.758849  0.157022 -0.463098   1.40287
0.917174 0.158406 0.260029  1.65591
0.917772 0.155974  0.24888  1.65755
0.914385 0.156067 0.252963  1.65233
0.917133 0.155525 0.252783  1.65653
0.921143 0.179591 0.265628   1.6633
0.915626 0.156044 0.251474  1.65421
0.917096 0.170071 0.265042  1.65855
0.916758 0.159923 0.258596  1.65681
0.921785 0.195279 0.278018  1.66846
0.923986  0.17177 0.253001  1.66854
0.914706 0.158228 0.253669  1.65317
0.914229 0.156332 0.255305  1.65181
0.914847 0.155763 0.253218  1.65311
0.914949 0.157745  0.25287  1.65375
 0.756944  0.158368 -0.457776   1.39724
 0.756433  0.159706 -0.459951   1.39754
0.920223 0.161966 0.248814  1.66178
 0.91943 0.170947 0.267822  1.66207
0.921992 0.169291 0.259036  1.66575
0.924182 0.180945 0.262996  1.66996
  0.75975  0.156982 -0.464527   1.40501
 0.759349  0.157598 -0.464527   1.40434
