0.876235 0.333477 0.153348  1.59052
0.880748 0.317852 0.175368   1.5991
0.868079 0.334547 0.167129  1.57591
0.871556 0.324687 0.177942  1.58242
 0.86311 0.335041 0.181236  1.56918
0.867142 0.327213 0.174298  1.57251
0.875197 0.321519 0.173547   1.5874
0.874551 0.324651 0.162329  1.58505
   0.7605  0.155336 -0.464277   1.40746
 0.760554  0.155251 -0.464245   1.40756
 0.791252  0.132512 -0.402517   1.44157
 0.785536  0.133207 -0.409474   1.43266
 0.788758  0.136108 -0.408853   1.43992
 0.786457  0.119148 -0.409373   1.43227
  0.78174  0.124043 -0.417301   1.42687
 0.785206  0.123643 -0.414788   1.43308
  0.79811  0.121506 -0.389289   1.44845
 0.793619  0.113393 -0.396203   1.44055
 0.806124  0.102229 -0.370559   1.45526
 0.799172  0.116419 -0.393538   1.45205
 0.786986  0.128006 -0.413342   1.43695
  0.79047  0.120679 -0.407531   1.44039
 0.794019  0.128859 -0.404074   1.44784
  0.79081  0.124238 -0.405017   1.44047
  0.961035   0.111515 -0.0487746    1.72969
  0.960904   0.113031 -0.0429231    1.72937
 0.960125  0.115849 -0.046036    1.7277
  0.960507   0.111703 -0.0443529    1.72822
  0.960798   0.114388 -0.0371951    1.72912
  0.960659   0.115512 -0.0317883    1.72881
  0.959969   0.118353 -0.0348899    1.72723
  0.960306   0.113917 -0.0337213    1.72773
  0.958965   0.125172 -0.0432912    1.72549
  0.959389   0.124686 -0.0376399     1.7262
  0.960411   0.112707 -0.0391093    1.72797
  0.959792   0.116313 -0.0371562    1.72657
 0.959942  0.116081 -0.041317   1.72704
  0.960133   0.116709 -0.0403106    1.72762
 0.93173 0.150609  0.22926   1.6757
 0.760888  0.154328 -0.456851   1.40581
 0.760558  0.154269 -0.464476    1.4075
 0.760532  0.155418 -0.463153    1.4072
 0.760556  0.155478 -0.462365   1.40702
 0.760679  0.155467 -0.461956   1.40713
 0.760725   0.15504 -0.459818   1.40651
 0.763734  0.156999 -0.456596   1.41195
 0.761957  0.154366 -0.454357   1.40711
 0.761414  0.153646 -0.454055   1.40583
 0.762756  0.153952 -0.454225   1.40867
 0.765587  0.155009 -0.456416   1.41527
 0.767803   0.15195 -0.451573    1.4175
 0.780198  0.140113 -0.421794   1.42847
 0.775946  0.141149 -0.430343   1.42361
 0.778756  0.143789 -0.429961   1.42997
 0.760576  0.155549 -0.464294   1.40764
 0.760498  0.155554 -0.464119   1.40744
   0.7603  0.155672 -0.461349   1.40624
 0.760442  0.155683 -0.464432   1.40745
 0.760421  0.155589 -0.464662   1.40749
 0.760418  0.155321 -0.464831   1.40751
 0.760234   0.15519 -0.464841   1.40712
  0.76055  0.154453 -0.457721   1.40539
 0.760232  0.154793 -0.464907   1.40707
 0.760511  0.155099 -0.460489   1.40629
  0.76056   0.15494 -0.464193   1.40751
 0.760483  0.154067 -0.464604   1.40736
 0.760595  0.154843 -0.464396    1.4076
  0.80188  0.223084 -0.419973   1.48456
 0.800489  0.218525 -0.423934   1.48267
 0.805692    0.2188 -0.421628   1.49067
 0.803001  0.220101 -0.422879   1.48768
0.798258 0.213568 -0.42861  1.47894
0.794481 0.208564 -0.43575  1.47357
0.801763 0.206573 -0.43215  1.48463
 0.798877  0.209343 -0.433761    1.4819
 0.810573  0.213745 -0.420737    1.4978
 0.809913  0.204852 -0.425956   1.49684
 0.820411  0.204763 -0.410525   1.51027
 0.813587  0.208769 -0.424528   1.50502
 0.801284  0.215293 -0.427349   1.48529
 0.806061  0.208336 -0.430314   1.49334
 0.807185  0.215609 -0.424526   1.49454
 0.804626   0.21299 -0.425481    1.4889
0.728885 0.158846  -0.4558  1.34275
 0.729814   0.15738 -0.455648   1.34426
 0.727011  0.158973 -0.452974   1.33663
 0.724755  0.160051 -0.451652   1.33064
0.725351 0.157621  -0.4521  1.33167
 0.726396  0.158636 -0.452275   1.33413
  0.72813  0.154486 -0.453816   1.33856
 0.72593 0.155307 -0.45238  1.33259
 0.726688  0.153013 -0.452577   1.33383
 0.727582  0.154014 -0.452838   1.33602
  0.72811     0.158 -0.453352   1.33893
  0.72689  0.156335 -0.452623   1.33491
 0.728533  0.155661 -0.453914   1.33972
 0.727403  0.156629 -0.453334   1.33715
 0.781861  0.145825 -0.421164   1.43289
 0.776433  0.151339 -0.429323    1.4263
 0.778416   0.15087 -0.419272   1.42539
  0.95396  0.126467 0.0531333   1.71574
 0.953442   0.13572 0.0581458   1.71472
 0.954169  0.135164 0.0518343   1.71576
 0.953856  0.136275 0.0561859   1.71588
 0.953726  0.141973 0.0461593   1.71341
0.952834 0.147417 0.054804  1.71309
 0.952616  0.148488 0.0628938   1.71308
 0.773726  0.151796 -0.434111   1.42284
 0.950443  0.157086 0.0754907   1.70719
 0.769055  0.155058 -0.445548   1.41842
   0.959655    0.120015 -0.00633307     1.72667
   0.959316    0.120937 -0.00117926     1.72596
   0.959034    0.122933 -0.00489177      1.7252
   0.959245    0.119279 -0.00459928     1.72554
0.958983 0.122303 0.004371  1.72535
  0.95864  0.123429 0.0100416   1.72474
  0.958232    0.12736 0.00574915    1.72363
  0.958492   0.121907 0.00544074    1.72407
   0.958324     0.12696 -0.00339051     1.72329
   0.958113       0.126 -0.00151489     1.72253
    0.958868     0.120604 -0.000176547       1.7248
     0.95811     0.125364 -0.000882837      1.72305
   0.958794    0.122666 -0.00383485     1.72448
    0.958725     0.123868 -0.000297356      1.72451
 0.765913   0.15736 -0.456327   1.41634
 0.760887   0.15388 -0.454892   1.40504
 0.764211  0.157975 -0.456854   1.41317
 0.760261  0.155517 -0.464703   1.40717
 0.760859  0.154932 -0.454999   1.40518
 0.760341  0.155743 -0.464526   1.40731
 0.760394  0.155852 -0.462956   1.40695
 0.760437   0.15554 -0.463635   1.40715
0.934749 0.163342 0.175972  1.68405
 0.930183  0.150916 -0.227709   1.68385
 0.930545  0.157792 -0.218952   1.68494
 0.927689  0.161574 -0.227845   1.68116
 0.929384  0.152839 -0.225766   1.68285
 0.924558   0.18758 -0.231734   1.68188
0.927278 0.161508 -0.22175  1.67978
 0.927931   0.16423 -0.220555   1.68161
 0.945225  0.155492 0.0822343   1.70253
 0.948836  0.161701 0.0777147   1.70887
 0.948305   0.15616 0.0822115   1.70652
 0.947151  0.156751 0.0826618   1.70472
 0.951534  0.155589 0.0790505   1.71189
 0.952804  0.149462 0.0788089   1.71331
 0.950357  0.158017 0.0817658   1.70915
0.949631 0.158231 0.082114  1.70823
  0.95026  0.158974 0.0780757   1.70948
0.950722 0.130053 0.072593  1.71057
 0.949486  0.130877 0.0780671   1.70832
 0.950717  0.140301 0.0780078   1.71035
 0.950063  0.130699 0.0729147   1.70904
0.947139  0.13385 0.085081  1.70385
 0.943762  0.142784 0.0890388   1.69767
 0.948162  0.149653 0.0864352   1.70591
 0.946704  0.140182 0.0828301   1.70344
 0.950695  0.153668 0.0823126   1.70993
 0.950316  0.153853 0.0829104   1.70886
 0.948674   0.13277 0.0780182   1.70655
 0.949065   0.14893 0.0810085   1.70732
 0.950268  0.143075 0.0773516   1.70918
 0.949526  0.143266 0.0830543   1.70824
 0.952716  0.147399 0.0666441   1.71331
 0.952772  0.146216 0.0682707   1.71324
   0.9533  0.136086 0.0609504    1.7149
0.953755 0.127339 0.057454  1.71581
  0.95293  0.128205 0.0615654   1.71432
 0.953207  0.127597 0.0578055    1.7145
 0.952309  0.137842 0.0691353   1.71325
  0.95229  0.129187 0.0652319    1.7133
  0.95156  0.129508 0.0683119   1.71203
 0.951873  0.129438 0.0654801    1.7123
 0.952987  0.136348 0.0614468     1.714
  0.95248   0.12895 0.0615149   1.71329
 0.952366  0.138031 0.0641906   1.71287
 0.952804  0.136405 0.0645769   1.71399
 0.955128  0.140793 0.0436371    1.7172
 0.955036  0.139331 0.0454601   1.71668
0.955924 0.131925 0.039053  1.71942
 0.956568  0.125509 0.0359984    1.7209
 0.956015  0.125329 0.0410506   1.71981
 0.956022  0.124797 0.0372211   1.71948
 0.954746  0.135094 0.0507658   1.71732
 0.955423  0.125817 0.0468235   1.71878
 0.954626  0.126463 0.0524362   1.71736
 0.954739  0.125638 0.0476703   1.71708
0.955603 0.131759 0.039953  1.71847
 0.955406  0.125184 0.0418011    1.7183
 0.954725  0.134027 0.0434134   1.71667
 0.955474  0.132004 0.0438302    1.7185
0.954039 0.154274 0.050159  1.71468
  0.960012   0.106344 -0.0783799    1.72777
  0.959143   0.114052 -0.0731345    1.72608
  0.958484   0.113509 -0.0841926    1.72519
  0.959164   0.113344 -0.0827932    1.72681
  0.957956   0.127976 -0.0691007    1.72439
   0.95612   0.123001 -0.0933245    1.72125
  0.956748   0.123041 -0.0916669    1.72277
  0.957914   0.129435 -0.0787474    1.72529
 0.733528  0.271802 -0.391669   1.34555
0.731805 0.263668 -0.39805  1.34257
 0.740903  0.262484 -0.391188   1.35772
  0.73754  0.267316 -0.396654   1.35494
 0.730549  0.255659 -0.403838   1.34041
 0.729657  0.247974 -0.408968   1.33887
 0.738013  0.247493 -0.402649   1.35301
 0.734762  0.251315 -0.407936   1.34991
 0.746301  0.257469 -0.395308   1.37076
 0.747298  0.251813 -0.397082   1.37194
 0.736029  0.259185 -0.402628   1.35225
  0.74154  0.251319 -0.400957    1.3607
 0.743736  0.258752 -0.395382   1.36459
  0.73908  0.254677 -0.397603   1.35468
0.941838 0.147643 -0.17468  1.70201
0.944299 0.150352 -0.16647  1.70702
 0.944021  0.133415 -0.178708   1.70487
  0.94491  0.127474 -0.185864   1.70683
 0.947488  0.124437 -0.176451   1.71098
 0.944839  0.130373 -0.178276   1.70563
 0.94882  0.12913 -0.15849  1.71256
 0.950237  0.121056 -0.165836   1.71542
 0.952434  0.116677 -0.154343   1.71832
 0.949928  0.124113 -0.155892   1.71337
 0.944692  0.138114 -0.170115   1.70569
 0.947308  0.127273 -0.167576   1.70932
 0.947264  0.135492 -0.158685   1.70966
0.946368 0.131888 -0.16971  1.70878
 0.755235   0.22697 -0.425584   1.39769
 0.725274  0.183995 -0.444561   1.33255
 0.727148  0.181745 -0.445018   1.33696
 0.727963   0.18506 -0.443204   1.33824
  0.72606  0.183234 -0.443686   1.33415
 0.729809  0.180835 -0.448505   1.34507
 0.731788  0.187121 -0.444967   1.34841
 0.728795  0.184866 -0.445508    1.3419
 0.728782  0.182961 -0.445866   1.34163
 0.727782  0.168332 -0.453192   1.34089
 0.728488   0.16669 -0.453159   1.34195
 0.725863  0.168905 -0.449988   1.33448
 0.723542  0.170556 -0.448961   1.32867
 0.723725   0.16778 -0.449835     1.329
 0.725127  0.168937 -0.449878   1.33215
 0.726226  0.163778 -0.451718   1.33521
 0.723994  0.165169 -0.450535   1.32944
  0.72427  0.162532 -0.451205   1.32987
 0.725546  0.163664 -0.451311   1.33279
 0.726971  0.167682 -0.450646   1.33689
  0.72527  0.166279 -0.450625   1.33234
 0.726953  0.165041 -0.451671   1.33697
 0.725876  0.166224 -0.450802   1.33439
 0.731599  0.150613 -0.456609   1.34719
 0.732718   0.14929 -0.456355   1.34909
 0.729765  0.150318 -0.454159   1.34136
 0.727577  0.150894 -0.452579   1.33527
 0.728506  0.148762 -0.452637   1.33683
 0.729246  0.149676 -0.452943   1.33872
 0.731535   0.14647 -0.454218   1.34434
 0.729463  0.146795 -0.452517   1.33838
 0.730536  0.144892 -0.452351   1.34016
 0.731108  0.145729 -0.452712   1.34171
 0.730861  0.149581 -0.454287   1.34356
 0.730092  0.147687 -0.452883   1.34007
 0.731665  0.147536 -0.454439   1.34497
 0.730503    0.1483 -0.454112   1.34245
 0.772834  0.153503 -0.442853   1.42498
0.933108 0.149199 0.173426  1.68091
 0.895146 0.0988442  0.155574   1.59968
0.934217 0.145309 0.204539  1.68051
0.927363 0.138761 0.198874  1.67395
0.926449 0.135801 0.197169  1.66832
 0.93044 0.145381 0.220337  1.67422
 0.93276 0.149834 0.233982  1.67884
0.931818 0.151465 0.231925   1.6761
0.889774 0.236552 0.258126  1.61353
0.893789  0.22251 0.264825  1.62123
0.884538  0.23292 0.265054  1.60477
0.886833 0.224832  0.26849  1.60926
0.880754 0.228075 0.271178  1.59941
0.883973 0.227062 0.267406    1.603
0.889535 0.225563 0.265787   1.6128
0.888664 0.229472 0.260994  1.61038
0.931926 0.149742 0.232101  1.67637
0.932943 0.134024 0.234172  1.67959
0.934574 0.106273 0.217659  1.68122
   0.919348 -0.00686338    0.281522     1.66784
 0.927715 0.0235807  0.269373   1.67878
   0.936852 -0.00424256      0.2443     1.69472
  0.927625 0.00823021   0.250672    1.67398
  0.93161 0.0492491  0.259706   1.68402
 0.932531 0.0615012  0.242495   1.68114
 0.938399 0.0568034  0.237772   1.69425
 0.933576 0.0584862  0.241234   1.68347
 0.945336 0.0204193  0.211787   1.70539
 0.942227 0.0435952  0.215122   1.69778
 0.948925 0.0450774  0.192536   1.71002
0.946174 0.034559 0.194758   1.7033
 0.931811 0.0364712  0.243578    1.6801
 0.939389 0.0428586  0.217307   1.69129
 0.940081 0.0145443  0.215738   1.69327
 0.937557 0.0287846  0.239296   1.69272
 0.93937 0.177493 0.171452  1.69085
0.941666 0.162648 0.175156  1.70273
0.929809 0.143991 0.199946  1.68031
0.944774 0.192846 0.210342   1.7006
0.943279 0.197245 0.219318  1.69813
 0.94142 0.201861 0.229586  1.69526
0.940097 0.194708 0.232045  1.69315
0.930965 0.145856 0.219508  1.67496
0.935892 0.200128 0.245194  1.68545
0.927282 0.134871 0.199062  1.66979
0.924591 0.124717 0.172642  1.66396
   0.854268 0.000487193   0.0905715      1.5522
0.916784 0.138212 0.166203  1.64745
0.930242 0.123167 0.238085   1.6756
0.930204 0.150043 0.232137  1.67215
0.931214 0.131147 0.243378  1.67806
0.932048 0.141224 0.240454  1.67852
0.932656 0.147795 0.237873  1.67929
0.942631 0.189482 0.220842   1.6984
0.933078 0.152036 0.228037  1.67997
0.944183 0.184695 0.210849  1.70241
0.936814 0.151746 0.206301  1.68821
0.941123 0.162337 0.189772  1.69749
 0.781232  0.119499 -0.421676   1.42735
 0.780341   0.11289 -0.419359   1.42309
 0.785613  0.114877 -0.413825   1.43204
 0.782851  0.115586 -0.415618   1.42703
 0.778064  0.106545 -0.419937   1.41735
   0.7728   0.10309 -0.421708   1.40609
 0.779251 0.0997682 -0.414204   1.41577
 0.777948  0.103567 -0.418177   1.41547
 0.791901  0.107618 -0.403503   1.43947
 0.787659  0.096574 -0.403562   1.42847
 0.798793 0.0938522 -0.387095   1.44502
 0.794124  0.100648 -0.394351   1.43883
 0.781341  0.109337 -0.415581   1.42261
 0.785124   0.10139 -0.408727   1.42605
 0.787505  0.109775 -0.406549    1.4316
 0.784591  0.105612 -0.412507   1.42763
 0.77372 0.144878 -0.44274  1.42549
 0.763439    0.1598 -0.455211   1.41152
0.751294 0.124723  -0.4479  1.37851
0.753428 0.123013 -0.44729  1.38239
 0.748879  0.122759 -0.447283   1.37246
 0.746112  0.122292 -0.445747   1.36517
 0.748093  0.120185 -0.444546   1.36834
 0.748302  0.121343 -0.445423   1.36946
 0.753262  0.118928 -0.444329   1.37942
 0.750161  0.118097 -0.443037   1.37153
 0.752586   0.11588 -0.441089   1.37522
 0.752693  0.117301 -0.442349   1.37638
 0.75025 0.122668 -0.44661  1.37494
 0.750325   0.11935 -0.444071   1.37266
 0.752586  0.120621 -0.445138   1.37874
 0.750868  0.120779 -0.445821   1.37548
 0.768135  0.159344 -0.445936   1.41758
0.737536 0.211798 -0.43145  1.35886
 0.742659  0.221269 -0.424016   1.36791
 0.732917  0.214373 -0.427086   1.34656
0.735332 0.219373 -0.42322  1.35062
 0.729742  0.219373 -0.427476   1.34084
 0.731518  0.216764 -0.424637   1.34277
 0.736761  0.218246 -0.426095    1.3558
 0.735918  0.215412 -0.427076   1.35381
 0.830054  0.226629 -0.399252   1.53098
 0.834806  0.225044 -0.393897   1.53846
 0.828875  0.229186 -0.395294   1.52949
 0.830691  0.226677 -0.395866   1.53079
 0.839856  0.223451 -0.388176   1.54654
 0.845218  0.221271 -0.381886   1.55499
 0.838725  0.226674 -0.383804   1.54521
 0.840615  0.223544 -0.384187   1.54642
 0.828059  0.233321 -0.389102    1.5279
 0.832609  0.235354 -0.384825   1.53661
0.835426 0.225147 -0.39035   1.5382
 0.835779  0.229333 -0.385034   1.53991
 0.830469  0.230613 -0.391455   1.53169
 0.833706   0.22773 -0.389844   1.53699
 0.743503  0.132495 -0.453208   1.36656
 0.740578  0.136152 -0.453867   1.36141
 0.741842  0.131275 -0.451256   1.36136
 0.740146  0.133335 -0.451692   1.35837
 0.740243  0.130845 -0.449717   1.35648
 0.740587   0.13185 -0.451194   1.35873
 0.740695  0.134522 -0.452891   1.36074
 0.742647  0.132852 -0.452557   1.36433
 0.845948  0.221438 -0.377552   1.55472
 0.846944  0.226608 -0.370882   1.55765
 0.840391  0.228436 -0.379318   1.54746
  0.84415  0.224726 -0.377226   1.55357
  0.84801  0.234654 -0.362688   1.56092
 0.834914  0.236072 -0.378935   1.53944
  0.83784  0.231937 -0.377524   1.54351
 0.844137  0.234778 -0.371498   1.55576
0.872065 0.229223 -0.32949  1.60085
 0.857531  0.231179 -0.349927   1.57644
 0.870496  0.216818 -0.337947    1.5948
 0.863213   0.22028 -0.349029   1.58373
 0.868923  0.209731 -0.346952   1.59069
 0.866996  0.214012 -0.346501   1.58934
 0.860646  0.225262 -0.348403   1.58073
 0.867296  0.229054 -0.341129   1.59407
0.897133 0.183826 -0.30678  1.63483
 0.902822  0.179341 -0.297072   1.64398
 0.897288   0.18865 -0.297798   1.63482
 0.898437  0.185355 -0.300315   1.63603
 0.908362  0.173729 -0.286344   1.65246
 0.913025  0.167747 -0.276032    1.6591
 0.908613  0.177673 -0.275892    1.6523
 0.909553  0.175211 -0.278771   1.65321
 0.895025  0.206114 -0.294965   1.63497
 0.901651  0.207463 -0.285816   1.64801
 0.904172  0.180855 -0.289289   1.64493
 0.906708  0.188268 -0.276908   1.65034
 0.899543  0.192876 -0.289958   1.63853
 0.902823  0.185226 -0.287946   1.64386
 0.913811  0.188203 -0.256619   1.66275
 0.919524  0.190004 -0.246566   1.67409
 0.916728  0.168979 -0.258318   1.66421
 0.917303  0.163212 -0.266507   1.66555
 0.921986  0.159089 -0.256267   1.67307
 0.917948  0.165382 -0.259271   1.66541
 0.925974  0.158135 -0.234804   1.67805
 0.92631 0.153912 -0.24505  1.67948
 0.929849   0.14861 -0.234654   1.68438
 0.926865  0.155991 -0.237002   1.67907
  0.91837  0.173889 -0.249313   1.66663
 0.922646  0.161294 -0.247604   1.67266
 0.924345  0.169438 -0.235469   1.67643
 0.921314  0.165926 -0.247674   1.67162
 0.929633  0.169071 -0.215499   1.68544
 0.934109  0.171356 -0.205594   1.69452
0.932317 0.150461 -0.21728   1.6874
0.933133  0.14451 -0.22522  1.68929
 0.936693  0.140708 -0.215203   1.69497
 0.933389  0.147155 -0.217685   1.68855
 0.939405  0.139232 -0.194059   1.69763
 0.939838  0.135773 -0.204438   1.69946
 0.942483  0.131078 -0.194783   1.70319
 0.940062  0.138115 -0.196601    1.6987
 0.933505   0.15565 -0.207917   1.68907
  0.93699  0.143331 -0.206346   1.69409
 0.938216  0.151329 -0.194212   1.69679
0.935852 0.147586 -0.20681  1.69307
  0.73222  0.194419 -0.441718   1.34925
0.736327 0.202164 -0.43649  1.35661
 0.728905  0.196167 -0.437967   1.33983
  0.73067  0.200261 -0.435207   1.34281
 0.726571  0.199708 -0.437943   1.33513
 0.727776  0.198075 -0.436132   1.33679
0.731765 0.199396 -0.43778  1.34705
  0.73101  0.197163 -0.438451   1.34531
0.733697 0.243787 -0.41274  1.34795
 0.738055  0.236974 -0.411694   1.35494
 0.740994  0.243579 -0.406399      1.36
 0.736129   0.23996 -0.408481   1.34987
0.743994 0.233496 -0.41583  1.36975
 0.750126  0.245735 -0.405516   1.38051
0.742775 0.242156 -0.40849  1.36544
 0.742205  0.237843 -0.410329   1.36392
 0.954506  0.116278 -0.113523   1.71837
    0.955  0.118118 -0.112358   1.71977
 0.953735  0.114808 -0.130271   1.71809
 0.954239  0.112418 -0.143417   1.72058
0.955847 0.109117 -0.13346  1.72282
 0.954194  0.116183 -0.135196   1.71976
 0.956745  0.107941 -0.113123   1.72266
 0.956953  0.105989 -0.124429   1.72408
 0.957779  0.103873 -0.116367   1.72502
 0.957084  0.109672 -0.118715   1.72419
 0.954592  0.119486 -0.123401   1.71997
 0.955829  0.113133 -0.126404   1.72234
0.956221 0.117231 -0.11543  1.72278
 0.955482  0.112071 -0.121929   1.72105
 0.850311  0.233789 -0.337952   1.55785
 0.862789  0.239816 -0.323788   1.58251
0.952002  0.04364 0.154874  1.71033
 0.955806 0.0677862  0.144465   1.71931
  0.95708 0.0385082  0.144525   1.72175
 0.955486 0.0411082  0.145676   1.71763
 0.956224 0.0879649 0.0901749   1.71619
0.956038 0.081272 0.121634  1.71797
 0.961484 0.0272613  0.100543   1.72783
 0.961958 0.0646748 0.0743607   1.72802
 0.964091  0.036773 0.0446291   1.73286
  0.96294 0.0195397 0.0685843   1.72935
 0.956825 0.0576139  0.118522   1.71817
 0.960087 0.0563921 0.0882775   1.72377
 0.959467 0.0256873  0.107331   1.72305
0.959022 0.061656 0.108997  1.72294
 0.893424  0.190071 -0.309861   1.62869
 0.895033  0.195989 -0.300093    1.6322
 0.890579  0.201357 -0.308171   1.62637
  0.89272  0.192167 -0.305687   1.62777
 0.888784  0.223275 -0.308391   1.63052
 0.891497  0.201781 -0.300062   1.62733
 0.892557  0.202465 -0.299255   1.62974
 0.958831  0.106667 -0.111421   1.72747
 0.959628  0.106136 -0.102012   1.72855
 0.957551  0.111674 -0.108376   1.72464
 0.958313   0.10488 -0.104801   1.72532
  0.960395   0.106391 -0.0932858    1.72981
  0.960835   0.106235 -0.0848158    1.73029
  0.958745   0.112962 -0.0910308    1.72634
  0.959602   0.106048 -0.0865598    1.72724
 0.955714  0.122703 -0.106574    1.7215
  0.956507   0.123841 -0.0984966     1.7228
  0.958943   0.105422 -0.0958765    1.72622
  0.957942   0.111233 -0.0935518    1.72429
0.957485 0.111021 -0.10112  1.72372
  0.958206    0.11141 -0.0996749    1.72549
0.931717 0.141628 0.224183  1.67509
 0.951043  0.129979 0.0685643   1.71082
 0.950904  0.140558 0.0725572   1.71037
 0.951994  0.138457 0.0693346   1.71233
 0.951452  0.138462 0.0726269    1.7118
 0.952516  0.146902 0.0683796   1.71246
 0.951598  0.150685 0.0695034    1.7102
 0.952007  0.147697 0.0716702   1.71251
 0.950844  0.154077 0.0768478   1.70994
 0.951512  0.145627 0.0759532   1.71118
 0.831191  0.420874 0.0297757    1.5178
  0.841613   0.405325 0.00550277    1.53206
 0.847504  0.399888 0.0361707   1.54311
 0.839034  0.399168 0.0240077   1.52324
  0.855786   0.387349 -0.0126167    1.55616
 0.863057  0.385107 0.0420053   1.57134
 0.853775   0.38629 0.0332976   1.55028
  0.854588   0.384058 0.00539345     1.5513
0.932715 0.142911 0.234228  1.67844
 0.930368 0.0891662  0.245672   1.67761
0.929217 0.106438 0.235665  1.67296
0.928108 0.101111 0.252585  1.67467
0.940898 0.101978 0.186557  1.69161
0.938742 0.102599 0.191937  1.68685
 0.916085 0.0979703  0.283112   1.65698
 0.920882 0.0878584  0.273196   1.66433
 0.914915 0.0848517  0.292249   1.65751
 0.917645 0.0855908  0.280928   1.65893
 0.924741 0.0786111  0.263072   1.66946
 0.929838 0.0726242  0.244665   1.67603
  0.92677 0.0618627  0.263649   1.67422
  0.92755 0.0649434  0.259256   1.67425
 0.912824 0.0628248  0.294528   1.65428
 0.921285 0.0460467  0.274969   1.66599
 0.910005 0.0282488   0.29008   1.64911
 0.916864 0.0382265   0.28987   1.66084
  0.92288 0.0738922  0.271741   1.66736
 0.924227 0.0539109  0.277079   1.67211
 0.917196 0.0678736  0.289557   1.66059
  0.92071 0.0714399  0.280496   1.66601
0.870958  0.29579 0.221169  1.58227
0.875185 0.298064 0.210142  1.58812
0.877688 0.288699 0.218081  1.59291
0.874352 0.290985 0.215249  1.58532
 0.88179   0.2995 0.198969  1.59957
0.885242 0.284049 0.216038   1.6066
0.880841 0.287028 0.214622  1.59723
0.880485 0.291203 0.205252  1.59565
0.929019 0.149008 0.232276  1.66888
0.928848 0.115175 0.248319   1.6742
0.892044 0.111351 0.293571  1.61385
0.900063 0.107425 0.299817  1.63078
 0.892372 0.0918966  0.299205   1.61448
0.895768 0.105981 0.299332  1.62392
0.907248 0.102813   0.2974  1.64324
 0.913685 0.0986769  0.285361   1.65218
 0.911206 0.0856584  0.295733   1.65014
 0.910611 0.0998528  0.297323    1.6507
 0.896112 0.0641352  0.301969   1.62189
 0.907877 0.0636207  0.299334   1.64457
  0.90491 0.0293694  0.297205   1.63924
 0.901805 0.0588387  0.302957   1.63547
0.903424 0.102242 0.302955  1.63896
 0.906917 0.0834809  0.302119   1.64488
 0.897449 0.0855392   0.30437   1.62765
0.902612 0.087686 0.301553  1.63517
 0.921874 0.0945211  0.273839   1.66619
 0.919457 0.0972436  0.274094   1.66078
 0.924387 0.0975423  0.258226   1.66691
 0.929226 0.0848754  0.256527   1.67774
 0.925971 0.0817765  0.261207   1.67094
 0.924476 0.0964715  0.265551   1.66995
  0.77756  0.115456 -0.422199   1.41892
 0.774813  0.121656 -0.428333   1.41734
 0.777364  0.118728 -0.423308   1.41969
 0.769133   0.11702 -0.432604   1.40661
 0.768325  0.123236 -0.437903   1.40889
 0.769726  0.119907 -0.432638   1.40843
 0.775616   0.11033 -0.422833   1.41409
 0.770777  0.111711 -0.428476   1.40687
 0.772144  0.105994 -0.424776   1.40668
 0.772506  0.108347 -0.426023   1.40878
 0.773332  0.118715 -0.430526   1.41486
 0.770626  0.113933 -0.429845   1.40782
 0.775147  0.113135 -0.424805   1.41473
0.773448 0.115718 -0.42714  1.41271
 0.770097  0.150061 -0.450724   1.42188
 0.815755  0.226981 -0.414843   1.50756
 0.818517  0.227554 -0.411953   1.51233
 0.813677  0.228568 -0.413217   1.50482
0.815551 0.227243 -0.41328  1.50641
 0.821781  0.227815 -0.408365   1.51773
 0.825623  0.227509 -0.404135    1.5239
 0.819655  0.230053 -0.405847   1.51483
0.821804 0.227963  -0.4059  1.51661
 0.810323  0.231188 -0.408505   1.49842
 0.813552  0.233039 -0.404855   1.50421
 0.818328  0.227753 -0.409922   1.51096
 0.816997  0.230536 -0.406985   1.50968
 0.813842  0.229427 -0.411012   1.50454
 0.816418  0.229299 -0.409936   1.50941
 0.813864  0.225982 -0.416789   1.50412
 0.811252  0.225379 -0.417915   1.50067
 0.813322  0.224337 -0.417731   1.50303
0.812696 0.224809 -0.41726  1.50158
0.808533 0.224228 -0.41809  1.49594
 0.804516  0.225391 -0.418971   1.49037
0.807664 0.221369   -0.421  1.49516
 0.807285  0.223588 -0.418623   1.49374
 0.814107  0.221519 -0.417278   1.50383
 0.811771  0.218168 -0.420617   1.50141
 0.817362   0.21646 -0.413427   1.50774
 0.814547  0.217107 -0.416594   1.50337
 0.810191  0.223849 -0.418194   1.49825
 0.810115   0.22016 -0.419332   1.49775
  0.81274  0.222124 -0.417783   1.50129
  0.81097  0.222617 -0.419202   1.50006
0.932225 0.145567 0.230674  1.67672
  0.965782 -0.0332988  0.0301294    1.73972
   0.95885 -0.0725797  0.0980292    1.72924
  0.960451 -0.0205166  0.0975389    1.72644
  0.960806 -0.0229852  0.0945713    1.72982
  0.940791 -0.0732312    0.18719     1.6992
  0.916556 -0.0309149   0.253862    1.65462
  0.939777 -0.0260702    0.20572    1.69303
  0.933688 -0.0492473   0.246581    1.69507
0.955644 0.006404 0.144875  1.71815
  0.948654 0.00140539   0.171939    1.70504
 0.95086 0.027002 0.155443   1.7072
 0.951602 0.0156134  0.169683    1.7119
  0.949752 -0.0545659   0.176178    1.71776
  0.946855 -0.0184666   0.199694    1.70877
   0.956277 -0.00349205    0.152558     1.72249
  0.952077 -0.0359756    0.15573    1.71417
0.886127  0.19364  0.28591  1.60884
0.890009  0.20023 0.282201  1.61462
0.893003 0.191882 0.283748  1.62048
0.889666 0.194322 0.283542  1.61335
 0.89504 0.204972 0.275266  1.62252
0.900885 0.189019 0.277463  1.63317
0.895497 0.192615 0.280446  1.62285
0.894175 0.196895 0.276956  1.61962
 0.89329 0.123707  0.28881  1.61657
 0.89446 0.131626 0.287064  1.61957
0.899067 0.132426 0.294103  1.62952
0.895915 0.129971 0.288312  1.62318
0.894069 0.139535 0.287737  1.61967
0.892644 0.148075 0.289008  1.61771
0.897959 0.149363 0.291853  1.62798
0.894554 0.146876 0.288549  1.62189
0.903218  0.13814 0.292321  1.63634
0.902839 0.145977 0.288962  1.63514
0.908129 0.137721 0.284385  1.64312
 0.90411  0.14132 0.292005  1.63837
0.895643 0.138415 0.287597  1.62319
0.899677 0.147018 0.293009  1.63191
0.900362 0.138318 0.294289  1.63311
0.898771 0.141083  0.29256  1.62933
 0.760485  0.155247 -0.463564   1.40719
 0.760535  0.155245 -0.463334   1.40721
 0.760595   0.15543 -0.462858   1.40722
 0.760506  0.154132 -0.464867    1.4075
0.760478 0.154322 -0.46496  1.40751
 0.760531  0.154088 -0.464735   1.40749
 0.760429  0.154988 -0.464957   1.40753
 0.760406  0.154033 -0.464733   1.40724
 0.766098  0.156946 -0.452921   1.41542
 0.760331  0.154159 -0.464839   1.40715
  0.74389  0.131206 -0.452361   1.36662
  0.74547  0.129803 -0.451966   1.36946
 0.742102  0.130064 -0.450897   1.36148
 0.740051  0.129895 -0.449127   1.35558
 0.741369  0.128031 -0.448598   1.35775
 0.741668  0.128976 -0.449157   1.35885
 0.744992  0.126552 -0.449524   1.36617
 0.742742  0.126214 -0.447842    1.3599
 0.744306  0.124275 -0.446923   1.36235
 0.744544  0.125359 -0.447663   1.36346
 0.743132  0.129749 -0.450617   1.36342
  0.74299  0.127214 -0.448497   1.36097
 0.744647  0.127867 -0.449991   1.36595
 0.743389   0.12828 -0.450147   1.36342
 0.760452  0.154624 -0.464994   1.40752
 0.760724  0.154121 -0.459187   1.40624
 0.763741  0.155637 -0.456529   1.41171
  0.76494  0.154903 -0.457223   1.41437
 0.767314   0.15377 -0.456574   1.41882
 0.766048  0.122001 -0.439318    1.4046
0.762133 0.118007 -0.43846  1.39503
 0.766352  0.116108 -0.434241   1.40139
 0.765094  0.118783 -0.436378   1.40032
  0.75962  0.114939 -0.438821   1.38918
 0.755581  0.113605 -0.438515   1.37978
 0.759061  0.111235 -0.435518   1.38517
 0.758941  0.112909 -0.437243   1.38613
 0.767685  0.110618 -0.430825   1.40133
 0.762916  0.108838 -0.431789   1.39101
 0.767493  0.106133 -0.427285   1.39801
0.767126 0.108455  -0.4298  1.39891
 0.761837  0.115701 -0.436994     1.393
 0.762673  0.110781 -0.433915   1.39194
 0.766139  0.113751 -0.433048   1.39971
 0.763316   0.11288 -0.435114   1.39467
 0.759834   0.15419 -0.464286   1.40601
 0.761441  0.151958 -0.453633   1.40559
 0.771253  0.147364 -0.443565   1.42076
0.775035 0.124639 -0.42771  1.41785
 0.773115  0.132624 -0.434213   1.41827
 0.768585  0.125353 -0.436515   1.40877
 0.773475  0.128941 -0.434022   1.41851
 0.762805   0.13004 -0.445997   1.40215
 0.777221  0.136663 -0.432506   1.42691
 0.779863  0.127828 -0.425734   1.42778
 0.783276   0.13728 -0.422243   1.43494
 0.779377  0.131867 -0.423197   1.42598
0.765595 0.150966 -0.45724  1.41505
  0.76047  0.155695 -0.464268   1.40744
  0.76039  0.155765 -0.464321   1.40732
 0.760517  0.155284 -0.457829   1.40549
 0.760486  0.155897 -0.462471   1.40697
 0.762608  0.157314 -0.456627   1.40975
 0.760718  0.156423 -0.455332   1.40527
0.760541 0.154277 -0.45979  1.40602
 0.735803  0.153101 -0.461099   1.35952
 0.760271  0.154428 -0.464902   1.40709
 0.765384    0.1596 -0.453219   1.41462
 0.760581  0.154945 -0.461902   1.40685
 0.761897  0.155509 -0.454467   1.40721
 0.760556  0.155027 -0.462793   1.40707
 0.757918  0.161995 -0.442181   1.39649
 0.760495  0.154862 -0.463268   1.40705
 0.759943   0.15482 -0.464606   1.40644
 0.760583  0.154922 -0.463825   1.40743
 0.760694  0.154862 -0.461558   1.40699
 0.76042 0.154189 -0.46378  1.40697
 0.760553  0.154198 -0.464586   1.40749
0.760135 0.153911 -0.46396  1.40646
 0.760559  0.154443 -0.464462    1.4075
 0.76047  0.15451 -0.46375  1.40711
 0.760616  0.154581 -0.464423   1.40764
 0.787571  0.142167 -0.409726    1.4389
 0.793454  0.141297 -0.401708   1.44764
 0.788166  0.150723 -0.403695   1.43885
 0.789299  0.142922 -0.403499    1.4397
 0.80249 0.138031  -0.3876  1.46042
 0.818433  0.139954 -0.366665   1.48778
 0.800267  0.155306 -0.381435   1.45636
 0.804402  0.142274 -0.377457   1.46154
 0.787047  0.157349 -0.398729   1.43555
0.791319 0.162438 -0.39153  1.44252
 0.784862  0.168209 -0.399878    1.4332
 0.787608  0.161054 -0.396566   1.43662
 0.795202  0.140756 -0.391412   1.44654
 0.794637   0.15423 -0.388203   1.44693
 0.788997  0.150954 -0.396952   1.43761
 0.793851  0.150475 -0.392524   1.44603
 0.784459  0.145546 -0.408513   1.43209
 0.784409   0.14992 -0.409193   1.43327
 0.782731   0.15761 -0.401131   1.42738
 0.781077  0.164272 -0.405262   1.42714
 0.778741  0.154656 -0.417861    1.4264
 0.781111  0.157163 -0.409591   1.42783
 0.735527  0.143335 -0.455949   1.35353
 0.736794  0.141799 -0.455572   1.35564
 0.733695  0.142866 -0.453851   1.34795
 0.731613  0.143122 -0.452044    1.3419
0.732746 0.141318 -0.45185  1.34382
 0.733261  0.142069 -0.452208   1.34524
  0.73558  0.139308 -0.453431   1.35094
  0.73375  0.139675 -0.451594   1.34548
   0.7347  0.138019 -0.451367   1.34703
 0.735202  0.138717 -0.451698   1.34839
 0.734774  0.142256 -0.453842   1.35007
 0.734224   0.14038 -0.451961    1.3468
  0.73576  0.140237 -0.453749   1.35171
 0.734587  0.141045 -0.453512   1.34923
 0.729631  0.160154 -0.456058   1.34477
 0.729477  0.164944 -0.454464   1.34442
 0.727492  0.160172 -0.453021   1.33792
 0.727273  0.162723 -0.452191   1.33742
 0.725846  0.161138 -0.451842   1.33322
 0.726365  0.161243 -0.452243   1.33525
 0.727935  0.163106 -0.454291   1.34066
 0.728679  0.161563 -0.454294   1.34186
 0.763026  0.161639 -0.450073   1.40933
 0.768627  0.155939 -0.451247   1.41986
 0.760895  0.153046 -0.456162   1.40549
0.748005 0.132579 -0.45348  1.37638
 0.751939  0.129729 -0.452506    1.3836
 0.759951  0.155259 -0.464654   1.40654
 0.762848  0.151931 -0.454958   1.40895
     0.76  0.155598 -0.464554   1.40665
 0.765162  0.159652 -0.449226   1.41294
 0.761164   0.15564 -0.455074   1.40597
 0.760121   0.15585 -0.464421   1.40688
 0.760394   0.15497 -0.456062   1.40461
 0.760232  0.155274 -0.458824   1.40525
 0.759833  0.155739 -0.459995   1.40492
 0.759811  0.155453 -0.464509   1.40624
 0.760467  0.155707 -0.460595   1.40632
  0.76037  0.155834 -0.464045   1.40724
 0.760458  0.155748 -0.463249   1.40712
0.760098 0.155721 -0.45627   1.4042
 0.760419  0.155724 -0.463602   1.40717
 0.760029  0.155976 -0.462202   1.40603
 0.760469  0.155707 -0.464175   1.40742
 0.760312  0.155907 -0.463712     1.407
 0.942385  0.156353 0.0760995   1.69584
 0.947434  0.159935 0.0405505   1.70708
  0.94887  0.159233 0.0648823   1.70794
 0.946235  0.169002 0.0665421   1.70666
    0.958239     0.132663 -5.01602e-05      1.72922
  0.966205  0.0761257 -0.0167022    1.74301
 0.959332  0.122689 0.0298828   1.72648
 0.959026  0.102202 0.0252541    1.7267
 0.952761  0.149238 0.0641539   1.71339
 0.955941  0.135692 0.0537086   1.71868
 0.953926  0.147867 0.0721848    1.7154
 0.95398 0.142716 0.068691   1.7155
 0.951097   0.15572 0.0392993   1.71542
 0.955444  0.134286 0.0509288   1.71882
 0.951274  0.156939 0.0639946   1.71298
 0.953366  0.147716 0.0409813   1.71591
  0.8661 0.369759 0.086879  1.57398
0.874727 0.352546 0.118319  1.58996
0.856523 0.374921 0.104374  1.55689
0.862376 0.363295  0.12079  1.56738
0.850949 0.378462 0.122979  1.54952
0.855813 0.366204 0.115559  1.55291
0.866287 0.358123 0.115514  1.57251
  0.8647 0.360441 0.100015  1.56812
   0.80706   0.431203 -0.0980195    1.47721
 0.816225  0.409993 -0.117543   1.48837
  0.828846   0.408666 -0.0886315    1.51166
  0.815235   0.409108 -0.0990311    1.48275
 0.829985  0.387948 -0.134806   1.51217
  0.852076   0.384838 -0.0835701      1.553
0.833361 0.395299 -0.09386  1.51636
0.827497 0.388324  -0.1117  1.50244
  0.870518   0.348755 -0.0769412    1.57867
 0.956483   0.12488 0.0321807   1.72033
 0.955941  0.131584 0.0362087   1.71909
 0.956336  0.131468 0.0292125   1.71963
 0.956246  0.132685 0.0337202   1.72005
  0.95557  0.136172 0.0222077   1.71683
 0.954979   0.14173 0.0309087   1.71672
 0.954942  0.142396 0.0394216   1.71691
 0.952599  0.133763 -0.098356   1.71449
  0.954702   0.148359 -0.0762263    1.71947
 0.956782  0.135454 0.0198215   1.72022
 0.956717  0.133979 0.0216749   1.71975
 0.957627  0.128605 0.0171154   1.72251
 0.958252  0.123923 0.0154413   1.72397
 0.957794  0.124231 0.0204686   1.72303
 0.957812  0.123347 0.0165587   1.72281
 0.956776  0.131756 0.0279738   1.72089
 0.957432  0.125085 0.0257486   1.72242
 0.957027  0.125526 0.0309844   1.72174
 0.956919  0.124772 0.0265824   1.72112
 0.957376  0.128524 0.0177868   1.72176
 0.957342  0.124285 0.0209318   1.72191
 0.956664  0.130696 0.0209835   1.72025
 0.957286  0.128909 0.0215516   1.72175
 0.958155  0.122757 0.0114085   1.72345
 0.957601  0.127983 0.0140483   1.72218
  0.957831   0.127048 0.00711027    1.72248
 0.957848  0.128886 0.0117778     1.723
   0.956873    0.129405 -0.00160931     1.71957
  0.956508   0.136195 0.00782796    1.71969
 0.956572   0.13696 0.0157386   1.71993
   0.959506    0.118039 -0.00961121     1.72602
   0.958993    0.121526 -0.00755564     1.72483
  0.959198   0.119142 -0.0138607    1.72503
  0.959221   0.122154 -0.0102595    1.72557
  0.958779   0.127618 -0.0142176    1.72413
  0.958197   0.124089 -0.0148341    1.72283
   0.958186    0.127425 -0.00776288     1.72309
 0.951784   0.15437 0.0530481   1.70895
 0.958779   0.13062 -0.020845   1.72492
  0.959229   0.129012 -0.0164216    1.72566
  0.959794   0.119959 -0.0240932    1.72682
  0.960521   0.116381 -0.0265667    1.72849
  0.960404   0.116632 -0.0214815    1.72817
  0.960104   0.115581 -0.0232764    1.72727
  0.959538   0.119281 -0.0152547    1.72598
  0.960186   0.117085 -0.0164957    1.72764
  0.959944    0.11865 -0.0114475    1.72722
  0.959762   0.116522 -0.0147207    1.72648
  0.959651   0.119104 -0.0202511    1.72621
  0.960002   0.115703 -0.0187879      1.727
   0.95955   0.118401 -0.0169476    1.72583
  0.959769     0.1193 -0.0192873     1.7266
  0.960181    0.11501 -0.0284465    1.72746
  0.959613   0.119695 -0.0250027    1.72625
   0.95968   0.118311 -0.0313307    1.72634
  0.959806   0.119782 -0.0297047    1.72693
  0.958714   0.123507 -0.0348845    1.72411
  0.958419   0.125328 -0.0333135     1.7238
  0.958436   0.129902 -0.0266814    1.72418
  0.960582    0.11038 -0.0499768     1.7284
  0.959902   0.115938 -0.0464821    1.72708
   0.95984   0.113808 -0.0527031    1.72685
  0.960089   0.114279 -0.0521151    1.72764
   0.95883   0.125998 -0.0545287    1.72538
   0.95871   0.115812 -0.0535319     1.7242
0.958677 0.122304 -0.04911  1.72471
 0.953719  0.150308 0.0281864   1.71261
  0.958216   0.121054 -0.0700862    1.72431
  0.958841   0.125865 -0.0622691    1.72592
   0.95967   0.112969 -0.0729203    1.72733
  0.961226   0.106678 -0.0766236    1.73081
  0.961408   0.106791 -0.0686546    1.73084
  0.960419   0.107137 -0.0697137    1.72837
  0.960022   0.112055 -0.0579042    1.72738
  0.961344   0.107767 -0.0613436    1.73046
  0.961216   0.109657 -0.0548009    1.73012
   0.96063   0.108604 -0.0560478     1.7285
  0.959508   0.114433 -0.0657179     1.7266
  0.960613   0.107534 -0.0624303    1.72857
  0.959849   0.114475 -0.0574147    1.72707
  0.959918   0.112957 -0.0654624    1.72757
 0.949356  0.188099 0.0151176   1.70666
0.953539 0.149398 -0.12335  1.72281
 0.945812  0.149858 -0.154423   1.70866
 0.953015  0.130307 -0.131425   1.71875
 0.949459  0.133728 -0.148176   1.71318
 0.952205  0.120039 -0.145094   1.71674
 0.951166  0.123839 -0.146306   1.71547
0.947704 0.139013 -0.15215  1.71109
 0.950754  0.147838 -0.143089   1.71855
 0.947348  0.170549 0.0626555    1.6998
 0.942529  0.133674 -0.187798   1.70228
  0.94271  0.139585 -0.179704   1.70287
 0.940622  0.142538 -0.187461   1.69987
  0.94196     0.135 -0.186061   1.70151
 0.938097  0.169272 -0.190498   1.70066
 0.940396  0.141073 -0.179856   1.69833
 0.940818  0.143253 -0.178931   1.69959
  0.957848   0.139995 -0.0369284    1.72351
0.786471 0.400021 -0.21289  1.44048
 0.795212  0.378726 -0.223061   1.45137
0.805575 0.384744 -0.19997   1.4704
 0.793544   0.38189 -0.208875   1.44495
  0.80789  0.361509 -0.235058   1.47607
 0.826093  0.370351 -0.193956   1.50895
 0.809972  0.374428 -0.203983   1.47714
0.805056 0.366353 -0.21552  1.46579
  0.878137   0.353103 -0.0145059    1.59147
 0.782792   0.32754 -0.309784   1.43392
 0.802482  0.338892 -0.278317   1.46926
 0.773548  0.339881 -0.301743   1.41461
 0.783724  0.347059 -0.284272   1.43273
 0.767443  0.356631 -0.296684   1.40729
 0.772637  0.343705 -0.291171   1.40993
 0.786688  0.339902 -0.288186   1.43849
 0.780923  0.333393 -0.295837   1.42617
  0.950595    0.16822 -0.0960703    1.71527
 0.928553  0.229874 -0.135577   1.68017
 0.913815  0.169558 -0.269389   1.65934
 0.914572  0.176346 -0.260388    1.6613
 0.910961  0.180758 -0.269261   1.65661
 0.912948  0.171772 -0.266887   1.65836
  0.90774  0.205066 -0.272056   1.65772
 0.910673  0.181207 -0.263043   1.65559
 0.911562  0.183611 -0.261801   1.65789
 0.750764  0.313665 -0.353652   1.37828
 0.756293  0.301011 -0.354747   1.38547
 0.763375  0.309265 -0.342925   1.39801
 0.754727  0.304911 -0.347763   1.38016
 0.764272  0.292744 -0.359524   1.40298
 0.777941  0.307101 -0.338491   1.42761
 0.765817  0.304764 -0.345259   1.40353
 0.762497  0.298513 -0.350329    1.3964
   0.9248  0.210396 -0.190995   1.67838
 0.874395  0.220326 -0.328356   1.60343
 0.880853  0.223657 -0.321327   1.61669
 0.873733  0.211364 -0.336566   1.60039
 0.874231  0.205875 -0.343936    1.6007
 0.880477  0.200644 -0.334517   1.61014
 0.875674  0.206266 -0.337404   1.60156
0.887194 0.198364 -0.31431  1.61984
0.886331 0.195101 -0.32513  1.61885
0.891861 0.188898 -0.31576  1.62683
 0.888266  0.195854 -0.318679   1.62119
 0.876673  0.214482 -0.328952   1.60515
 0.882069  0.201178 -0.328063   1.61152
0.885288 0.208991 -0.31616   1.6187
 0.880235  0.205622 -0.326187   1.60973
 0.739926  0.275623 -0.389853   1.35921
0.745017 0.266212  -0.3891  1.36651
 0.749588  0.273967 -0.381249   1.37452
0.743081 0.269725 -0.38447  1.36103
 0.752081  0.260894 -0.392894   1.38289
 0.761026  0.274857 -0.378551    1.3989
 0.751663  0.271373 -0.383028   1.37996
 0.750242   0.26593 -0.386179   1.37671
0.757487 0.351975 -0.30162  1.38598
 0.752545  0.341472 -0.317211   1.37735
0.766973 0.335435 -0.30637  1.40046
 0.761494  0.346668 -0.313192   1.39688
 0.748944  0.330406 -0.331618   1.37127
 0.745767  0.319502 -0.344443   1.36586
 0.759358  0.315333 -0.333447   1.38759
 0.754042  0.324622 -0.341185   1.38387
 0.774244    0.3245 -0.314804    1.4161
 0.774176  0.315502 -0.320099   1.41459
0.757669 0.335602 -0.32795  1.39026
  0.76522  0.320824 -0.329337    1.4005
 0.770313   0.33024 -0.316467   1.40961
 0.762596  0.325328 -0.321488   1.39319
0.850066 0.228365 -0.36206  1.56356
0.854633 0.230407 -0.35731  1.57249
 0.849998  0.222966 -0.369763    1.5631
 0.850892  0.219056 -0.375044   1.56406
  0.85652  0.215936 -0.367822   1.57277
 0.851836  0.219168 -0.370189   1.56408
 0.861156  0.217805 -0.355055   1.58078
0.862219 0.213107 -0.36045  1.58182
 0.868026  0.209351 -0.352505   1.59079
  0.86316  0.213323 -0.355147   1.58181
 0.852133  0.224837 -0.364449   1.56624
 0.857271  0.216147 -0.363047   1.57249
 0.858021  0.221881 -0.356366   1.57521
  0.85549  0.219795 -0.362703   1.57147
 0.814752  0.233639 -0.401138   1.50535
 0.820565  0.231423 -0.402736   1.51575
 0.825943  0.227614 -0.401203   1.52321
 0.826133  0.231412 -0.396384   1.52455
 0.824093  0.229895 -0.400981   1.52177
0.826039 0.236844 -0.39002  1.52488
 0.818017  0.233802 -0.401095   1.51142
 0.823588  0.236568 -0.396234   1.52213
  0.86791  0.242281 -0.300306   1.58608
  0.80844  0.225745 -0.416576   1.49539
 0.804963  0.227952 -0.415989    1.4905
0.806121  0.22636 -0.41433   1.4908
 0.811138  0.226385 -0.416593    1.5001
 0.813598   0.22633 -0.415829   1.50317
 0.811668  0.227958 -0.414258   1.50078
 0.812389  0.226864 -0.416026   1.50262
  0.80841  0.230049 -0.409416   1.49436
 0.810064  0.227099 -0.416581   1.49855
 0.808959  0.228631 -0.412003   1.49644
 0.810998  0.228399 -0.414626   1.49996
 0.742645  0.309171 -0.356777   1.36096
  0.73942  0.299532 -0.366804   1.35534
 0.750924   0.29674 -0.357938   1.37401
  0.74672   0.30413 -0.364356   1.37116
 0.737223  0.289836 -0.375897   1.35162
 0.735471  0.280613 -0.383919   1.34867
 0.746063  0.278842 -0.375346   1.36587
 0.741969   0.28477 -0.382034   1.36272
 0.757085  0.289171 -0.363102   1.38796
  0.75774  0.281979 -0.366247   1.38826
 0.744205  0.294281 -0.373738   1.36674
 0.750661  0.283575 -0.372667   1.37592
 0.754036  0.292291 -0.364381   1.38199
 0.748026  0.287533 -0.367753    1.3692
0.936829 0.144632 0.189759  1.68499
0.934234 0.146339 0.201175  1.68024
0.927338 0.139158 0.199158  1.67333
0.897423 0.230437 0.314254  1.62826
0.922456 0.223269 0.276695  1.66649
 0.808494 -0.112229   0.20916   1.45615
0.938438 0.207573 0.241275  1.69086
0.877359 0.174851 0.363363  1.58735
0.912882 0.202475 0.293602   1.6447
0.932156 0.150459 0.228958  1.67678
0.933137 0.214884 0.255776  1.68294
0.932254 0.150669 0.232539  1.67735
0.932425 0.148176 0.233947   1.6778
0.873706 0.262512  0.24787  1.58537
0.872323 0.270673 0.241617  1.58281
0.878249 0.266085  0.23906  1.59235
0.874856 0.269382 0.243628  1.58887
0.870997  0.27915 0.234786  1.58048
0.869413 0.287655 0.227271  1.57754
0.876094 0.281132 0.224314  1.58821
0.872302 0.286328 0.229687  1.58445
0.883073 0.268762 0.231151  1.60032
0.883549 0.271957 0.223232  1.60048
  0.8737  0.27779 0.236816  1.58689
0.877992 0.279571 0.228094  1.59296
0.879414 0.272349 0.234623  1.59584
0.876971 0.274214 0.231909  1.59014
0.932541 0.138446  0.22793  1.67744
0.931479 0.148951 0.243841  1.67831
0.933036  0.12688 0.223638  1.67872
0.929708 0.150786 0.233378  1.67067
0.933196  0.11866 0.235808  1.68158
0.932732 0.152853 0.230645  1.68093
 0.938101 0.0807646  0.205004   1.68626
 0.947553 0.0501035  0.190578   1.70602
 0.942133 0.0609291   0.20032   1.69446
 0.943513 0.0580393  0.203205   1.69866
 0.936885 0.0653621   0.22183   1.68642
 0.934256 0.0686188  0.224681   1.68093
 0.939548 0.0740323  0.215971   1.69211
0.930894 0.147069 0.228999  1.67346
0.885645 0.267142 0.233676  1.60626
0.889148 0.253204 0.244342  1.61328
0.880058 0.264535 0.241631  1.59668
0.882224 0.256277 0.246852  1.60092
0.876262 0.261077 0.249571  1.59139
0.879338 0.258476 0.244941  1.59444
0.885001 0.256193 0.244065  1.60475
0.884396 0.260094 0.237632  1.60278
 0.933714 0.0857182   0.24333   1.68478
0.935004 0.100526 0.228411  1.68481
 0.931595 0.0970382  0.232944   1.67732
0.944687 0.189931 0.201162  1.70005
0.945269 0.178344 0.201156  1.70526
0.932136 0.147744 0.218032  1.67919
0.930464 0.145389 0.198272    1.681
0.932928 0.151154  0.23439  1.67987
0.933202  0.15365 0.228547  1.68171
0.928297 0.143761 0.222453  1.66803
0.931504 0.183726  0.22875  1.68262
0.928275 0.204647 0.263036   1.6719
0.931068 0.144489 0.240946  1.67676
0.923233 0.127855 0.198562  1.65925
0.932962 0.152415  0.23214  1.67956
0.922411 0.129462 0.200778  1.66158
  0.9245 0.162009 0.257375  1.66848
0.926444 0.129393 0.203144  1.66233
0.933077 0.197462 0.239037  1.68283
0.922646 0.131109 0.197628  1.65651
0.926992 0.142122  0.22571  1.66602
 0.908053 0.0941581  0.203639   1.63078
0.882547 0.109463 0.140911  1.58566
0.910979 0.142017 0.309927  1.64212
0.900435 0.110059 0.164589  1.61348
0.914115 0.114411 0.200548  1.63939
0.907809 0.117554 0.163698  1.62452
0.887425 0.238249 0.256308  1.60825
0.887707 0.241647  0.24994  1.60811
0.882897 0.234541 0.262997   1.6009
0.878396 0.229581 0.270019  1.59392
0.877099 0.237711 0.265238  1.59148
0.879387 0.236344 0.266791  1.59694
0.880888  0.24932 0.251554  1.59705
0.875954  0.24593 0.259843  1.58939
0.874796 0.253889 0.253963  1.58717
0.877245 0.252558  0.25599  1.59309
0.883895 0.240624  0.25952  1.60389
0.878351 0.244547 0.261562  1.59512
0.882525 0.247637 0.254642  1.60111
0.881627  0.24256 0.257466  1.59868
0.893058 0.156259 0.289692  1.61992
0.897265 0.164975 0.291237  1.62758
 0.89866 0.155672 0.292023  1.63052
0.896581 0.158259 0.290996   1.6258
0.902483  0.16785 0.285429   1.6348
0.907961 0.150493 0.285594  1.64521
0.903818 0.152703 0.289538  1.63789
 0.90217 0.154718 0.288623  1.63417
0.902168 0.162649 0.285778  1.63471
0.890894 0.157546 0.290304  1.61522
0.888965 0.167029 0.290681  1.61211
0.895259 0.167137 0.290547  1.62311
0.891275 0.165562 0.290461  1.61723
0.887052 0.176546 0.289813  1.60894
0.885258  0.18586 0.287904  1.60587
0.892181 0.184087 0.286095  1.61758
0.887797 0.184149 0.288362  1.61165
 0.89995 0.170388 0.284047  1.62903
0.900246 0.175457 0.279537  1.62938
0.889531  0.17491 0.289979  1.61452
0.894165 0.181637 0.287935   1.6221
0.895855 0.173694 0.289991  1.62545
0.893514 0.176091 0.288952  1.62023
0.931718 0.135101 0.235214  1.67703
 0.89506 0.272226 0.217882  1.62376
0.932439  0.14417   0.2347    1.678
0.936757  0.19222 0.224807  1.69012
0.929463 0.132128 0.244494  1.67429
0.938942  0.18687 0.212592  1.69505
0.930146 0.148265  0.22912  1.67204
0.932988 0.151434 0.229095  1.68006
0.940201 0.181887  0.20113  1.69817
0.932066 0.147555 0.218794  1.67895
0.929328 0.139881 0.201382  1.67584
0.930301 0.147783 0.202775  1.68216
 0.93551 0.181356 0.215784  1.68935
 0.92922 0.141349 0.198377  1.67575
 0.93689 0.154048  0.18186  1.69361
0.938063 0.153437 0.203888  1.69001
0.932366 0.149802 0.217917  1.68126
0.940504 0.156336 0.201547  1.69387
0.936138 0.155261 0.207835  1.68889
0.937363 0.158696  0.17632  1.69523
0.940911 0.161948 0.202042  1.69575
 0.760499   0.12088 -0.440629   1.39323
 0.761843  0.123679 -0.441772   1.39727
 0.75444 0.124119 -0.44562  1.38376
  0.75843  0.117395 -0.440107   1.38775
 0.754847  0.119397 -0.443183    1.3822
 0.755527  0.115199 -0.440058   1.38078
 0.756092  0.117005 -0.441753   1.38363
 0.755856   0.12199 -0.443223     1.385
 0.759103  0.120236 -0.441904   1.39087
 0.768705  0.142965 -0.452229   1.41898
 0.750364  0.126347 -0.449192   1.37759
 0.746227  0.129939 -0.451375   1.37074
 0.748377  0.124284 -0.447862   1.37199
 0.746108  0.126495 -0.448977   1.36818
0.746278 0.123444 -0.44661   1.3662
 0.746744  0.124698 -0.448229   1.36877
 0.746832  0.128048 -0.449892   1.37077
 0.749221  0.126226 -0.449322   1.37515
 0.764052  0.153281 -0.457506   1.41239
 0.768696  0.131159 -0.443721    1.4136
0.769604 0.135643 -0.44098  1.41481
 0.739425  0.137779 -0.453571   1.35907
  0.74018  0.136368 -0.453814   1.36054
 0.737306  0.136408 -0.452355   1.35329
 0.735605   0.13645 -0.450953    1.3484
 0.736724  0.134844 -0.450478   1.35018
 0.737026  0.135695 -0.450922   1.35122
 0.739404  0.133478 -0.451997   1.35703
 0.737836  0.133222 -0.450133   1.35205
 0.738855  0.131587 -0.449738    1.3537
 0.739097  0.132473 -0.450219   1.35463
 0.738303  0.136006 -0.452222   1.35523
 0.738085   0.13405 -0.450558   1.35296
0.739184  0.13451 -0.45224   1.3569
 0.738372  0.134921 -0.452042   1.35507
 0.736026  0.137244 -0.451367   1.34965
 0.737311  0.137458 -0.452699   1.35371
  0.73654  0.138777 -0.453362    1.3528
0.736304 0.137734 -0.45293  1.35181
0.737643 0.140822 -0.45597  1.35749
 0.737303  0.139433 -0.454796   1.35572
 0.738281  0.138863 -0.454031   1.35717
 0.772595  0.159051 -0.434838   1.42237
 0.735601  0.144553 -0.456607   1.35435
 0.733572  0.148472 -0.456696   1.35092
0.733724 0.143898 -0.45413  1.34839
0.732548 0.145957 -0.45417  1.34631
 0.732092  0.143943 -0.452469   1.34329
 0.732448  0.144655 -0.453842   1.34563
0.733154  0.14684 -0.45591  1.34919
 0.734625  0.145396 -0.455598   1.35176
0.779417 0.174875 -0.41032  1.42706
 0.775386  0.162594 -0.419448   1.42159
 0.776524  0.167302 -0.418228   1.42354
 0.731951  0.151841 -0.457057   1.34848
 0.730737  0.156133 -0.456413   1.34639
 0.729959  0.151436 -0.454332   1.34211
 0.729178  0.153722 -0.453993   1.34068
 0.728307  0.151849 -0.452912   1.33716
 0.728733  0.152323 -0.453838   1.33936
 0.729814  0.154392 -0.455906   1.34374
 0.730986  0.152926 -0.455736   1.34576
 0.789401  0.193478 -0.447265   1.46286
 0.791122  0.195163 -0.449796   1.46741
 0.790277  0.201667 -0.446095   1.46739
 0.789801  0.203012 -0.442148   1.46557
 0.783963  0.194877 -0.452884   1.45569
   0.7878  0.199445 -0.450604   1.46371
 0.728963  0.169725 -0.453237   1.34371
0.729904 0.175066 -0.45063  1.34516
 0.726658    0.1702 -0.449897   1.33636
 0.727016  0.173001 -0.448554   1.33682
 0.725019  0.171774 -0.448989   1.33198
0.725643 0.171452 -0.44882  1.33379
 0.727711  0.173111 -0.450808   1.34021
0.728022 0.171469 -0.45099  1.34059
 0.767938  0.159464 -0.439949   1.41508
 0.728189  0.179272 -0.448652   1.34139
 0.728784   0.17736 -0.448719    1.3422
0.726068 0.180277 -0.44523   1.3345
 0.723442   0.18257 -0.444632   1.32851
 0.723462  0.179375 -0.445863   1.32857
 0.725179  0.180693 -0.445803   1.33235
 0.725913  0.174365 -0.447772   1.33439
 0.723461  0.176331 -0.446953   1.32854
 0.723537  0.173381 -0.448024    1.3287
 0.725106  0.174594 -0.447984   1.33216
 0.727283  0.178782 -0.446156    1.3372
 0.725089  0.177622 -0.446936   1.33216
 0.726942  0.175762 -0.447591   1.33674
 0.725835  0.177167 -0.446469   1.33401
 0.734902  0.150359 -0.460089   1.35647
 0.737418   0.14756 -0.459606   1.36084
 0.723881  0.197858 -0.438259   1.32932
 0.723578  0.193696 -0.440154   1.32879
 0.727271  0.194337 -0.438409   1.33624
 0.725977   0.19543 -0.439949   1.33402
 0.723465  0.189786 -0.441788   1.32857
0.723364 0.186005 -0.44332  1.32837
 0.726584  0.186866 -0.442075   1.33518
 0.725458  0.187597 -0.443203   1.33297
 0.729909  0.192527 -0.442141   1.34418
 0.730374  0.190157 -0.442333   1.34465
 0.725651  0.191421 -0.441648   1.33337
 0.728005  0.188611 -0.441738   1.33835
0.728741 0.192367 -0.43975  1.33956
 0.726704  0.190375 -0.440303   1.33517
 0.733429  0.169436 -0.458723   1.35676
 0.797782  0.226693 -0.416971   1.47684
 0.786467  0.227031 -0.411065   1.45083
 0.789474  0.230871 -0.410177   1.45765
0.734888 0.179531 -0.45464  1.35966
 0.737228  0.201718 -0.441308   1.36209
 0.735659  0.197371 -0.442429   1.35839
 0.734172  0.209446 -0.432353   1.35167
0.734537 0.206407 -0.43274  1.35181
 0.730689  0.212162 -0.427852   1.34176
 0.726172  0.217179 -0.428083   1.33324
  0.72549  0.212081 -0.430961    1.3321
0.728753 0.214133 -0.43046  1.33907
 0.729017   0.20273 -0.433489   1.33905
 0.724823  0.207095 -0.433575   1.33091
 0.724424  0.202323 -0.436024   1.33027
 0.727332  0.204236 -0.435621    1.3365
 0.732492  0.209601 -0.429792   1.34589
 0.727946  0.209166 -0.433168   1.33764
 0.731134  0.204871 -0.432821   1.34363
 0.729581  0.207191 -0.430778   1.33977
 0.746485  0.207315 -0.438714   1.38147
 0.739548  0.230659 -0.417364   1.36039
0.740323 0.226579 -0.41819  1.36125
 0.735103   0.23405 -0.412937   1.34859
 0.728994  0.240839 -0.413679   1.33785
 0.728319  0.234425 -0.417685   1.33675
 0.732526  0.237077 -0.416931    1.3458
 0.733179   0.22249 -0.420729   1.34565
 0.727701  0.228382 -0.421348   1.33574
 0.726989  0.222626 -0.424833   1.33459
 0.730785  0.224933 -0.424155   1.34267
 0.737465  0.230944 -0.415742   1.35411
 0.731654  0.230841 -0.420663   1.34422
 0.735833  0.225167 -0.419708   1.35137
 0.733886  0.227928 -0.417161   1.34656
 0.816509  0.264062 -0.354529   1.50092
 0.772743  0.245212 -0.395015   1.42157
 0.845321  0.245803 -0.340664   1.55134
 0.799407    0.2455 -0.385652   1.47222
   0.8888  0.237815 -0.270482   1.62292
 0.805442  0.275717 -0.351005   1.48173
  0.79817  0.359103 -0.241749   1.45544
0.798248 0.347737 -0.25063  1.45364
 0.788041  0.373995 -0.229576   1.43541
 0.775237  0.395383 -0.219632   1.41579
 0.770295  0.385218 -0.241797   1.40704
 0.780555  0.390621 -0.235988   1.42992
 0.779226  0.353954 -0.269452   1.42049
 0.766284   0.37409 -0.263029   1.40029
 0.762071  0.362785 -0.282566   1.39316
 0.772061  0.368166 -0.277438   1.41509
  0.79234  0.368815 -0.244387    1.4471
 0.776558  0.379461 -0.257503   1.42298
 0.786198   0.35973 -0.263394   1.43607
 0.783218  0.364237 -0.251477   1.42744
 0.907889  0.226155 -0.231772   1.65266
 0.794249   0.42893 -0.106859   1.44908
 0.786999  0.423801 -0.137306   1.43581
 0.808012  0.406375 -0.126439   1.46979
 0.798937  0.428586 -0.128934    1.4629
 0.782559  0.415456 -0.166804   1.42799
  0.77886  0.405292 -0.193297   1.42125
 0.799445  0.390456 -0.179305   1.45422
 0.790029  0.411199 -0.186143   1.44668
 0.820055  0.386716 -0.142691   1.49058
 0.820679  0.374106 -0.157118   1.48928
 0.794375  0.420799 -0.158916   1.45476
 0.806602  0.396987 -0.170555   1.47111
 0.812737  0.404231 -0.146337     1.483
 0.802914  0.400101 -0.155834   1.46113
 0.939006  0.191911 -0.152505   1.70037
 0.820258  0.420805 0.0212638   1.49307
   0.813624    0.426489 -0.00894406     1.48152
   0.833573    0.404833 -0.00443912     1.51373
    0.824885     0.427719 -0.000199522      1.50713
  0.807657   0.429492 -0.0405716    1.47143
 0.801281  0.429894 -0.072937    1.4605
  0.823963   0.407757 -0.0632497    1.49717
  0.813604   0.432251 -0.0639496    1.48811
  0.847022   0.385872 -0.0225385    1.53572
  0.849076   0.377008 -0.0433017    1.53791
 0.819518  0.431207 -0.031753   1.49817
 0.832073  0.410889 -0.052269   1.51595
  0.837546    0.40986 -0.0238688    1.52592
  0.828616   0.408537 -0.0344745    1.50565
  0.956468   0.136238 -0.0250619    1.71885
0.844411 0.380561 0.118627  1.53493
 0.838575   0.39208 0.0993158   1.52469
 0.851519  0.376322 0.0981541    1.5454
0.845769 0.390774 0.104988  1.54108
 0.832682  0.403108 0.0765748   1.51453
 0.826508  0.411948 0.0510252   1.50339
 0.843513   0.39202 0.0540289   1.53091
 0.835895  0.412253 0.0592924   1.52515
  0.85958  0.371425 0.0807117   1.55918
 0.860245  0.370949 0.0624348   1.55936
  0.84109   0.40218 0.0833605    1.5337
 0.849233  0.392482 0.0642894   1.54471
 0.853744  0.384772 0.0846781   1.55306
 0.847261  0.386047 0.0766179   1.53818
 0.951365  0.134891 0.0835945   1.70774
0.953769 0.128682 0.108474   1.7149
0.871843 0.335216 0.148985  1.58042
0.872497 0.336642 0.135522  1.58052
0.864986 0.336021 0.162668  1.56859
0.858807 0.336713 0.178181  1.55928
 0.85589 0.346661 0.165653  1.55408
0.860361 0.345299 0.169277  1.56452
0.860074  0.35408 0.133936  1.55991
0.852886  0.35718 0.151621  1.54903
0.849108 0.367995 0.136217  1.54253
0.854684 0.366422 0.140483   1.5553
0.866839   0.3438 0.153283  1.57435
0.857887 0.355619 0.155404  1.56053
0.863795 0.352881 0.140055  1.56883
0.862431 0.345868 0.148605  1.56431
0.933984 0.128004 0.222314  1.68111
0.890747 0.333823 0.123153  1.61909
 0.87828 0.301453 0.196024  1.59157
0.878714 0.304128 0.186158   1.5915
0.872774 0.299709 0.206985  1.58243
0.867771 0.297381 0.219094  1.57489
0.865673  0.30683 0.210523  1.57117
0.868954 0.305381 0.212942  1.57884
0.869573 0.316443 0.186887   1.5765
0.863518 0.316697 0.200817  1.56744
 0.86117 0.326147 0.190103  1.56314
0.865043 0.324797 0.193351  1.57229
 0.87416 0.307073   0.2005  1.58677
0.867142  0.31517  0.20346  1.57588
0.872076 0.315021 0.191601  1.58268
0.870972 0.309069 0.197156  1.57942
0.932697 0.138787 0.227272  1.67795
0.935284 0.127913 0.205248  1.68304
0.926641 0.130006 0.252265  1.67107
0.893066 0.301469 0.179348  1.62059
0.892568 0.206841 0.274409  1.61726
0.892577 0.210591  0.26919  1.61666
0.888279 0.202072 0.280598  1.61067
0.883644 0.195317 0.285457  1.60322
0.882128 0.203946 0.282375  1.60048
0.884417 0.202419 0.283296  1.60581
 0.88575 0.217766 0.272207  1.60602
0.880864 0.212544 0.278666  1.59828
0.879592 0.220834 0.274486  1.59594
 0.88189  0.21936 0.275779  1.60137
0.889107 0.208566 0.277948  1.61332
0.883167  0.21103 0.279695  1.60365
0.887382   0.2159 0.274598  1.60992
0.886685 0.210656 0.276659  1.60795
0.919164  0.11395 0.275915  1.66274
0.922781 0.121682 0.263523  1.66732
0.917999 0.120147 0.275759  1.65955
0.913499 0.110774 0.285738  1.65335
0.907691 0.113653 0.298307  1.64577
0.909844 0.119294 0.289151  1.64661
0.910054 0.112447 0.287828  1.64608
0.901646 0.117541 0.300358  1.63566
0.895642 0.120192 0.292804  1.62296
0.900784  0.12877 0.296987  1.63384
0.899221 0.122126 0.296938  1.62958
0.905125  0.13471 0.294267  1.64091
 0.90922 0.130779 0.287744  1.64561
0.908029 0.132301 0.287077  1.64288
0.905004 0.117481 0.296493  1.63939
 0.90392 0.128336 0.294467  1.63731
0.908289 0.123285 0.286642  1.64266
0.905904 0.124829 0.296649  1.64215
0.925668 0.145527 0.259576  1.67044
 0.91475 0.114777  0.28401  1.65504
0.912295 0.118467 0.283551  1.64951
0.914326 0.124843 0.275662  1.65145
0.912004 0.129795 0.284905  1.65069
 0.92442 0.124918 0.259934  1.66742
 0.794219  0.205399 -0.440204    1.4746
 0.795146  0.199253 -0.444885   1.47558
 0.802116  0.201805 -0.438083    1.4874
 0.796789  0.202078 -0.440501   1.47739
 0.794533  0.195938 -0.448431   1.47414
 0.791042  0.189047 -0.443609   1.46401
 0.798291  0.188028 -0.440262   1.47702
 0.794159  0.189881 -0.442263   1.46964
 0.812008  0.196676 -0.434776   1.50422
0.808265 0.186329 -0.43546  1.49491
  0.82872  0.185881 -0.424072   1.53272
 0.813665  0.188332 -0.431523   1.50408
 0.796563  0.196762 -0.445867   1.47717
 0.801975  0.188891 -0.438609   1.48354
 0.804158  0.197813 -0.438462   1.48952
 0.801571  0.195214 -0.443585   1.48619
 0.738121  0.191656 -0.448329   1.36559
 0.95705 0.095345  0.09554  1.71887
 0.955524  0.141387 0.0781698   1.71875
 0.956124   0.12074 0.0664982   1.71749
 0.961932 0.0662495  0.070988   1.72777
 0.960236 0.0997831 0.0582279   1.72609
 0.963923 0.0377707 0.0370253   1.73256
 0.962623 0.0899942 0.0424713   1.73098
 0.957867  0.116731 0.0624829   1.72126
 0.959646  0.105476 0.0864074   1.72575
0.932674 0.137138 0.216236  1.67788
 0.760496  0.154856 -0.462979   1.40696
 0.760315  0.154031 -0.463814   1.40677
   0.7606  0.155005 -0.462511   1.40707
 0.760066  0.154134 -0.464324   1.40647
 0.759985  0.154428 -0.464486   1.40642
 0.760176  0.153985 -0.464137    1.4066
 0.759967  0.153965 -0.464131   1.40619
 0.760611  0.153309 -0.456857   1.40509
 0.761015  0.152378 -0.454112   1.40484
 0.741927  0.138538 -0.457265   1.36701
 0.745344  0.135765 -0.456343    1.3731
 0.761167  0.158136 -0.457327   1.40728
 0.762221  0.152605 -0.454346   1.40741
 0.764952  0.152181 -0.459241   1.41491
 0.760264   0.15199 -0.456306   1.40411
 0.756566  0.127617 -0.447767   1.39013
 0.761265  0.127287 -0.446144   1.39911
 0.760336  0.153059 -0.458775   1.40529
 0.760559  0.150721 -0.453876    1.4037
 0.766751  0.149243 -0.458365   1.41796
 0.747135  0.135577 -0.455586   1.37634
 0.767261  0.145597 -0.451952   1.41571
 0.760233  0.155831 -0.464164   1.40699
 0.760178  0.155978 -0.464246   1.40695
 0.760121  0.156084 -0.461505   1.40598
0.759932 0.155762  -0.4644  1.40649
 0.762006  0.158171 -0.456923   1.40877
 0.760279  0.158463 -0.457731   1.40566
  0.75973  0.154983 -0.464506     1.406
 0.760267  0.153295 -0.459263   1.40522
 0.759753  0.154547 -0.464416   1.40595
  0.76041  0.154287 -0.461571   1.40634
 0.760427  0.154579 -0.462492   1.40666
 0.763279  0.149615 -0.462699   1.41276
  0.76042  0.154482 -0.462952   1.40676
0.758829  0.15426 -0.46262  1.40358
 0.760392  0.154382 -0.463118   1.40673
 0.759899  0.153858 -0.463252   1.40576
 0.759491  0.154155 -0.463542   1.40512
 0.760292  0.154003 -0.463947   1.40676
 0.760497  0.154406 -0.463722   1.40716
 0.75964 0.153819 -0.46326  1.40526
 0.772483  0.160105 -0.426841   1.41881
 0.731975  0.157784 -0.460144   1.35203
  0.73403  0.154947 -0.459806   1.35548
 0.739187  0.142757 -0.458734   1.36295
   0.7411  0.150011 -0.465542   1.37142
  0.76036  0.151641 -0.455847   1.40425
 0.733762  0.160703 -0.460754   1.35674
 0.763571  0.159465 -0.457141   1.41225
 0.759388  0.154972 -0.463845   1.40513
 0.762276  0.159548 -0.457961   1.41002
 0.759496  0.155501 -0.463996   1.40548
 0.759629  0.155843 -0.463901   1.40575
 0.755816  0.161152 -0.451192   1.39569
 0.760193  0.156318 -0.456186   1.40454
 0.759781  0.155597 -0.457409   1.40396
 0.759205  0.155813 -0.458769   1.40332
 0.759225  0.155117 -0.463723   1.40479
 0.760012  0.155864 -0.459002   1.40494
 0.760031  0.156142 -0.463686    1.4065
 0.760237  0.156124 -0.463095   1.40671
 0.759562  0.156726 -0.456512   1.40342
0.760202 0.156019 -0.46355  1.40679
  0.7598 0.156174 -0.46237  1.40564
 0.950027   0.15945 0.0829521   1.70759
 0.951413  0.156238 0.0871204   1.71077
0.882294 0.359223 0.060821  1.60441
0.906083 0.267828 0.193757  1.64004
 0.951872  0.157586 0.0731345   1.71089
 0.955864  0.149586 0.0256871   1.71817
   0.955464    0.144989 0.000743723      1.7165
   0.957298    0.141429 0.000911026     1.72104
 0.957357  0.142978 -0.015561   1.72185
 0.955185  0.147759 -0.054709   1.71874
 0.949258  0.168936 0.0350429   1.70339
0.951923 0.168016 0.031967  1.71008
  0.956525   0.131389 -0.0566763    1.72024
 0.850218  0.350729 -0.179335   1.55246
  0.953223   0.159527 -0.0097793    1.71243
  0.951295   0.164143 0.00851855    1.70776
 0.942021  0.149125 -0.146106   1.69831
0.947656 0.163545 -0.12928  1.71195
  0.93172  0.174863 -0.186403   1.68626
 0.828036  0.326268 -0.264256   1.51835
  0.853351   0.365477 -0.0850044    1.54704
 0.845308   0.34872 -0.115599   1.52641
0.916805  0.19366 -0.22582  1.66432
 0.898895  0.211123 -0.263764   1.63736
 0.797818  0.304045 -0.328293   1.46735
 0.912641  0.251926 -0.177569   1.65675
 0.879733  0.228062 -0.294809   1.60756
 0.778462  0.277844 -0.372112   1.43567
 0.892037  0.269077 -0.222504   1.62473
   0.8281  0.239429 -0.370223   1.52351
0.839937 0.244453 -0.35841  1.54627
 0.841151    0.2767 -0.313942   1.54275
 0.809991  0.235307 -0.393956   1.49346
 0.820155  0.241541 -0.385358   1.51353
0.801618 0.230728 -0.41621  1.48543
 0.797961   0.23935 -0.402243   1.47437
 0.806509  0.233789 -0.411414   1.49446
0.920893 0.127271 0.205869   1.6584
 0.904511 0.0740155  0.204369   1.61903
0.921442 0.127283 0.199565  1.65591
 0.91613 0.196094 0.282133   1.6512
0.926728 0.201171 0.257261  1.67105
0.903427 0.155442  0.30889  1.62544
0.910297 0.169296 0.298782   1.6396
0.930095 0.149496 0.230533  1.67111
0.920837 0.185055 0.267884  1.65883
0.930595 0.150585 0.232629  1.67284
0.931091 0.149207 0.232369  1.67432
0.931826 0.145395 0.230502  1.67586
0.898051 0.244233  0.24332  1.62851
 0.92823 0.150722 0.234254  1.66703
  0.9328  0.13281 0.216736  1.67735
0.932321 0.151252 0.238107  1.67904
  0.94856 0.0713303  0.183983    1.7082
 0.946331 0.0734662  0.196514   1.70477
 0.940462 0.0919329  0.202472   1.69242
  0.94532 0.0967799  0.187161   1.70221
 0.944504 0.0845514  0.187095   1.69908
0.927993 0.150692 0.233796  1.66706
0.928966 0.148988 0.229336   1.6693
0.935168 0.119521 0.205695  1.68151
0.905407 0.293119 0.122449  1.63534
0.937088 0.110758 0.214991  1.68739
 0.93966 0.172403 0.188648  1.69853
 0.93796 0.168681 0.192039  1.69428
0.931174 0.149383 0.200033  1.68345
0.937427 0.176487 0.204447  1.69356
 0.93301 0.154075 0.234283  1.68074
0.932391 0.155826 0.230389  1.68129
 0.93287 0.185477 0.228839   1.6832
0.926975 0.148614 0.233733  1.66379
 0.92843 0.187884 0.245177  1.67376
0.924368 0.141837 0.228379  1.65918
0.917624   0.1196 0.201613  1.64539
0.930685 0.140725 0.205834  1.67385
0.915674 0.116094 0.206873  1.64563
0.929356 0.153885 0.223548  1.67733
 0.91358 0.106544 0.215968  1.64121
0.913305 0.140689 0.272197  1.63994
0.921586 0.181094 0.256104  1.66165
 0.892294 0.0300163  0.244823   1.59118
 0.90967 0.106729 0.202097  1.63261
0.915797 0.154323 0.272629  1.64864
0.906789 0.186393 0.269848  1.64081
0.908861 0.149784 0.282288  1.64416
0.907507 0.162977 0.277016  1.64176
 0.90223 0.215253 0.261198  1.63508
0.929446 0.140906 0.249909  1.67558
0.926935 0.150281 0.236221  1.66411
 0.90339 0.231623 0.232716  1.63187
0.932501 0.152617 0.237855  1.68007
0.934839  0.18005  0.21947  1.68899
0.937694 0.175406 0.212174  1.69366
0.928851 0.152764 0.251299  1.67499
0.931898 0.149288 0.219687   1.6803
0.929827 0.143787 0.204944  1.67838
0.929996 0.151023 0.207194  1.68179
0.932279 0.176446 0.222999    1.683
0.930146 0.145432 0.201313  1.67907
0.941759  0.16633 0.208116  1.69581
0.937782 0.156258 0.206058  1.69116
0.931585 0.151918 0.219273  1.68109
0.940783 0.159902 0.208365  1.69402
0.936412 0.159476 0.208154  1.68984
 0.753807  0.131033 -0.450571   1.38648
 0.763098  0.150855 -0.459876   1.41118
 0.761653  0.150763 -0.455326   1.40648
 0.763735  0.139507 -0.454412   1.40907
 0.742289  0.141138 -0.458554   1.36902
 0.764739  0.162493 -0.441242   1.40967
 0.759615  0.152299 -0.458953   1.40379
0.739109 0.146578  -0.4602  1.36442
 0.767518  0.164353 -0.428919   1.41025
 0.759036  0.162465 -0.446953   1.40059
 0.770842  0.184931 -0.446159   1.42503
 0.744532  0.143575 -0.463525    1.3762
 0.730575  0.166326 -0.458639    1.3501
 0.731947  0.163301 -0.458581   1.35224
 0.743826  0.185517 -0.455352   1.37859
 0.739103  0.167459 -0.464496   1.37025
 0.730865  0.176179 -0.455129   1.35083
  0.73155  0.172887 -0.455383   1.35165
 0.740474  0.175873 -0.461186   1.37291
0.732714 0.187785 -0.44941  1.35401
 0.732776  0.183984 -0.449983   1.35357
 0.761704  0.222225 -0.417773   1.40364
0.754899 0.195019 -0.45285  1.40085
 0.785966  0.206694 -0.442209   1.45977
 0.777086  0.199845 -0.451417   1.44437
  0.77948  0.205826 -0.441619   1.44601
 0.744205  0.221538 -0.429484   1.37516
 0.743265  0.215784 -0.430817   1.37237
 0.756273  0.207245 -0.435798   1.39775
 0.752073  0.245421 -0.408562   1.38721
 0.751594  0.236823 -0.411817   1.38539
 0.765371   0.25146 -0.403082   1.41443
 0.762716  0.272359 -0.379705   1.40361
0.761034 0.261948 -0.38504  1.39931
 0.789202   0.25423 -0.386838   1.45573
 0.778719  0.301009 -0.339029   1.42894
 0.774001  0.289218 -0.347488   1.41835
 0.802189  0.328696 -0.280593   1.46692
 0.793449  0.316358 -0.293076   1.44758
  0.86783  0.280928 -0.267421   1.58749
 0.857242   0.26742 -0.305923    1.5732
 0.828884  0.354664 -0.192811   1.50846
 0.823961  0.338234 -0.211239   1.49579
  0.940108   0.206005 -0.0971869    1.69667
  0.89815  0.293984 -0.137237   1.62646
 0.951996  0.155508 -0.056037   1.71157
  0.92176  0.213151 -0.172632   1.66714
0.870999 0.357391 0.042544  1.57662
   0.873086    0.359239 -0.00655978     1.58341
0.878992 0.338986 0.114326  1.59259
 0.878619  0.341188 0.0845915   1.59009
0.948224 0.162987 0.101607  1.70408
 0.944041  0.199929 0.0501398   1.69543
 0.949911  0.172189 0.0578131   1.70637
0.886373 0.304131 0.170633  1.60436
0.887719 0.308094 0.147861  1.60541
0.900907 0.274941 0.163569  1.62477
0.889506 0.275342 0.211367  1.61044
0.890503 0.282962 0.191813  1.61119
0.892481 0.248123 0.240018  1.61601
0.892575 0.254866 0.226733  1.61492
0.931281 0.143966  0.22398  1.67462
0.896668 0.219386 0.260411  1.62324
0.896095 0.226078 0.250467  1.62092
0.902605 0.189366 0.274144   1.6336
0.900604  0.19624 0.266784  1.62831
0.914284 0.147193 0.278809  1.65528
0.930036 0.145343 0.223406  1.67158
 0.777783  0.233832 -0.410429   1.43726
 0.790444  0.211684 -0.433794   1.46571
  0.79516  0.216588 -0.428917    1.4745
 0.796195  0.221231 -0.423114   1.47507
 0.798751   0.22476 -0.419716   1.47977
  0.78851  0.222603 -0.419933   1.45865
 0.794258  0.219242 -0.423771   1.47068
0.767812 0.213823 -0.42955  1.42023
 0.787423  0.191514 -0.449743   1.45958
 0.777731  0.188535 -0.443346   1.43892
 0.785488   0.19304 -0.451906   1.45745
 0.952457 0.0821099  0.125014   1.70957
 0.951888 0.0694485  0.150547   1.71044
 0.949152 0.0521789  0.147653   1.70239
 0.947066 0.0840997  0.158149   1.70047
 0.950394 0.0867408  0.146224   1.70721
0.928115 0.148892 0.224448  1.66798
0.942414 0.113583 0.162312  1.69229
 0.950629  0.145162 0.0938403   1.70741
 0.760383  0.154472 -0.462583   1.40656
  0.76013  0.153955 -0.463086   1.40616
 0.759925  0.153853 -0.463109   1.40577
 0.760436  0.154514 -0.462349   1.40666
 0.760438  0.154163 -0.461321   1.40637
 0.759394  0.154524 -0.463689   1.40503
 0.761962  0.161023 -0.455802   1.40898
 0.760084  0.154087 -0.462489   1.40591
 0.748907  0.138944 -0.460889   1.38291
 0.760128  0.154119 -0.462371   1.40601
 0.760691  0.150191 -0.453872   1.40408
 0.754796   0.13589 -0.457902   1.39294
0.758165 0.154962 -0.46152  1.40206
 0.761828  0.149949 -0.456838   1.40749
 0.763581  0.146871 -0.459584   1.41156
 0.756773  0.148306 -0.455983   1.39714
 0.758737   0.13634 -0.457644   1.40049
 0.769699  0.138215 -0.444385   1.41654
 0.762918  0.137201 -0.456105   1.40857
 0.759399    0.1493 -0.454265   1.40148
 0.760009  0.156044 -0.463869    1.4065
 0.759729  0.155961 -0.463704   1.40591
 0.759462   0.15588 -0.461125   1.40458
 0.759443  0.155685 -0.463806   1.40533
 0.761155   0.16015 -0.458431   1.40802
 0.758615  0.154863 -0.462393   1.40317
 0.759192   0.15466 -0.463587   1.40462
 0.75994 0.153643 -0.46141  1.40534
 0.760396  0.159883 -0.459224   1.40684
 0.759241   0.15426 -0.463472   1.40462
0.759184 0.153116 -0.46143  1.40389
 0.759398  0.153967 -0.463369   1.40485
 0.759372  0.153796 -0.462677   1.40458
 0.759667  0.153919 -0.463401   1.40538
 0.760285  0.154197 -0.463132   1.40652
 0.758732  0.154114 -0.462585   1.40336
0.760183 0.154096 -0.46257  1.40611
 0.759737  0.153848 -0.462634   1.40525
 0.763874  0.163124 -0.435628   1.40582
 0.739626  0.159964 -0.465981   1.37065
 0.746983  0.151629 -0.472757   1.38626
0.762225 0.161784 -0.44571  1.40646
 0.761355  0.161188 -0.453017   1.40715
 0.759405  0.150762 -0.456115   1.40229
 0.760835  0.160713 -0.457576   1.40743
 0.75879 0.155063 -0.46255  1.40357
 0.759081  0.155586 -0.462629   1.40425
 0.759183  0.161687 -0.453862   1.40316
 0.759802  0.158192 -0.458265   1.40493
 0.759286  0.156466 -0.457436    1.4032
 0.759222  0.155804 -0.462201   1.40444
 0.759296  0.160953 -0.458187   1.40457
 0.759351  0.156048 -0.457665   1.40323
 0.759516  0.156089 -0.460206   1.40438
 0.759795   0.15603 -0.462867    1.4058
 0.758586  0.156243 -0.458649   1.40219
0.759543 0.156057 -0.46304  1.40533
 0.759121  0.156038 -0.461337   1.40397
 0.948772  0.172421 0.0804767   1.70492
 0.900927  0.315955 0.0814503   1.62981
0.898343 0.325192 0.028055  1.62467
0.896856 0.296756 0.111626  1.61581
  0.953668   0.164285 0.00359559    1.71421
 0.891162   0.31321 0.0502255   1.60423
 0.954297  0.166481 -0.026139   1.71717
  0.949262   0.189622 -0.0145227    1.70743
  0.949584   0.191374 -0.0502095    1.71191
 0.945649  0.197848 0.0143151   1.69889
  0.946569   0.178181 -0.0963769    1.70704
 0.936149  0.190523 -0.132177   1.68907
 0.881795  0.337129 -0.140298   1.60827
  0.929815   0.247046 -0.0884532    1.67965
 0.869104  0.318869 -0.206206   1.58602
  0.939539   0.220391 -0.0505909    1.69259
0.903495  0.23363 -0.21542  1.63961
 0.881445  0.251632 -0.259936   1.60647
 0.834338  0.309595 -0.262126    1.5215
 0.885997  0.275599 -0.201264   1.60648
 0.804574  0.289039 -0.319705   1.47031
0.852184 0.299475 -0.25206  1.55474
 0.823344  0.243926 -0.372721   1.51548
 0.804418  0.241371 -0.395797    1.4857
 0.827769  0.293741 -0.306129   1.51844
 0.835284   0.26517 -0.344778    1.5391
0.915576 0.116158 0.206772  1.64166
 0.907677 0.0899695  0.233267   1.62292
0.916167 0.142796 0.266269  1.64693
 0.92236 0.138713 0.234745  1.65607
0.925257 0.147372 0.236984  1.66055
0.927245 0.185373 0.240944  1.67383
0.930506 0.154924 0.243941  1.67696
0.917267 0.138095 0.246957  1.64611
0.923354 0.175429 0.247441  1.66587
0.929141 0.150593 0.232631  1.66974
0.909665 0.225486 0.243297  1.64741
0.925687 0.151425 0.237052  1.66133
0.931205 0.139338 0.214875  1.67416
0.931502 0.171937  0.23258  1.67876
 0.90674 0.248159 0.221577   1.6417
0.927087 0.152324 0.234349  1.66516
0.933291 0.130993 0.203539  1.67806
0.936977 0.120101 0.188608  1.68419
0.939956 0.119861 0.183517  1.69051
0.929384  0.14856 0.223444  1.67083
0.939679 0.168251  0.20602  1.69727
0.938331 0.167739 0.209169  1.69198
0.934838 0.158154 0.210604  1.68765
0.936023 0.173593 0.215353  1.68855
0.932043 0.157034 0.237874  1.67986
0.931176 0.172574 0.231719  1.67857
0.928186  0.17752 0.233379  1.67561
0.923463  0.14867 0.238335   1.6567
0.920197 0.141834  0.23758  1.65099
0.926995 0.151106 0.230929  1.66531
0.923683 0.153286 0.240292  1.65757
0.918163  0.16764 0.263864   1.6549
0.924144 0.150487 0.239744  1.65809
0.915552 0.163295 0.270024  1.64729
0.912693 0.104189  0.22109  1.63556
0.922657 0.166683 0.248066  1.66292
0.911468 0.111244 0.210619  1.63045
0.915908 0.143284 0.253497   1.6442
0.917764 0.144413 0.264469  1.65581
0.909755 0.169151 0.277025  1.64635
0.922718 0.141507 0.262479  1.66656
0.917716 0.158751 0.267322   1.6577
0.927571 0.148063 0.249906  1.67223
0.928214 0.151113 0.229588  1.66804
 0.93103  0.15578 0.242224  1.67821
0.933072 0.175701 0.228391  1.68381
0.931638  0.15514 0.233036  1.67977
0.936643 0.172815 0.223179  1.68932
0.930865 0.151359 0.221545  1.67956
0.929406 0.147151 0.208954  1.67859
0.938507 0.167762 0.219093  1.69026
0.930197 0.161955 0.242106  1.67739
0.929947 0.148687 0.205378  1.67975
 0.93095 0.153044 0.203527  1.68345
0.940315 0.164965  0.21437  1.69283
0.929685 0.154264 0.211903  1.68045
0.939309 0.169123 0.215229  1.69191
0.937859 0.167605 0.219972  1.68872
0.752757 0.138654 -0.45912  1.38986
 0.759559  0.148649 -0.459693   1.40406
 0.759293  0.144217 -0.463006   1.40437
 0.748171  0.142739 -0.462485   1.38297
 0.758536  0.160934 -0.456165   1.40274
 0.744738  0.148294 -0.465404   1.37849
 0.759192  0.150416 -0.455918   1.40195
 0.741651  0.153505 -0.466129   1.37359
 0.738022  0.155766 -0.465582   1.36628
 0.760763  0.185822 -0.464386   1.41489
 0.736156  0.162903 -0.464606   1.36332
  0.74828  0.186451 -0.462004   1.39008
  0.74546  0.160585 -0.474411    1.3858
 0.736016  0.171155 -0.462003   1.36321
 0.746638  0.174173 -0.471603   1.38929
 0.737659  0.180515 -0.456952   1.36569
     0.75   0.18198 -0.467238   1.39529
 0.741151  0.191386 -0.449128   1.37084
 0.749165   0.19726 -0.446833   1.38751
 0.749691   0.20452 -0.438455   1.38549
 0.785336  0.266595 -0.362222   1.43971
 0.815507  0.256437 -0.374581   1.50569
 0.863354   0.31965 -0.168858   1.56445
0.910165 0.255523 -0.16077  1.64791
  0.884806   0.334416 -0.0862981    1.60484
 0.924798  0.234138 -0.122595   1.66907
  0.898258   0.315931 -0.0842602    1.62796
  0.890197   0.322371 -0.0192544    1.60604
  0.91488  0.297337 0.0522974   1.65272
 0.947005  0.200171 0.0451187   1.70301
0.942041  0.13752   0.1529  1.69165
  0.92667  0.270119 0.0448271   1.67134
0.937272  0.17565 0.162939  1.68536
0.907744 0.278006  0.15537  1.63995
0.918672  0.24222 0.194736  1.65998
0.917063 0.249797 0.171732  1.65402
0.922681 0.265401 0.108742  1.66352
0.901142 0.253735 0.205061  1.62664
0.930561 0.144613 0.214782  1.67376
0.942008 0.189972 0.133742  1.69522
0.914367 0.166176 0.263634  1.65002
0.920519 0.187761 0.252063  1.66281
0.907538 0.207285  0.25272  1.64023
0.911869 0.185276 0.264117  1.64852
 0.787536   0.21216 -0.435121   1.46082
 0.774769  0.208687 -0.430272   1.43118
 0.779701  0.217464 -0.427587   1.44258
 0.764814  0.197602 -0.449314   1.42015
 0.768344  0.193897 -0.458661   1.42887
 0.770588  0.180279 -0.449446   1.42675
0.947871 0.114438 0.128851  1.70139
0.946787 0.109859 0.161142  1.70242
0.932496 0.140488 0.203519  1.67779
0.949599 0.117005  0.12313  1.70456
0.929711 0.148481  0.20599  1.67308
 0.946352  0.164277 0.0914333    1.6983
0.929139   0.2504 0.104568  1.67422
 0.760006   0.15407 -0.462314    1.4058
  0.75903  0.153875 -0.462648   1.40391
 0.759839  0.153488 -0.461282   1.40519
 0.758745  0.154655 -0.462567   1.40345
 0.759471  0.152048 -0.458526   1.40349
 0.754057  0.151576 -0.471562   1.39893
 0.753857  0.146365 -0.468933   1.39728
 0.758888  0.158125 -0.458681   1.40317
 0.758164  0.151304 -0.458348   1.40092
 0.759055  0.148806 -0.454749   1.40112
0.760108 0.149398 -0.45739  1.40415
 0.760716  0.149155 -0.463562   1.40785
0.759785 0.148133   -0.467  1.40754
 0.763492  0.145165 -0.461507   1.41245
 0.758779  0.142514 -0.465087   1.40477
 0.758068  0.149947 -0.456246   1.39975
 0.758729  0.155212 -0.462382   1.40343
 0.758726  0.157743 -0.459206   1.40305
 0.759222  0.159855 -0.459714   1.40461
 0.757551  0.160113 -0.460075   1.40168
 0.758587  0.154465 -0.462485   1.40309
 0.759534   0.15381 -0.462387   1.40486
 0.759524   0.15385 -0.462416   1.40479
 0.758837  0.160411 -0.459561   1.40417
 0.755819  0.158639 -0.460381   1.39849
 0.759052  0.153957 -0.462667   1.40399
 0.759419  0.153786 -0.462648   1.40463
 0.758035  0.154494 -0.462079   1.40195
  0.74494  0.166838 -0.473812   1.38562
 0.758963  0.163681 -0.437543   1.39661
 0.742564  0.162847 -0.473643   1.37986
 0.758143  0.161349 -0.450297   1.40012
 0.758561  0.151502 -0.458775   1.40168
 0.751372  0.152002 -0.472682   1.39414
 0.758289  0.155266 -0.461263   1.40221
 0.754593  0.160058 -0.446601   1.39142
 0.756649  0.150958 -0.458031   1.39798
  0.75891  0.159406 -0.460351   1.40424
 0.758569  0.155421 -0.461025   1.40274
 0.757746  0.155467 -0.460546   1.40107
 0.758638  0.156578 -0.457765   1.40199
0.758994 0.155814 -0.46235    1.404
 0.758032   0.15706 -0.459946   1.40179
0.758755 0.156029 -0.45903   1.4025
  0.9439 0.200136 0.104097   1.6984
 0.945446  0.202251 0.0731542   1.70046
  0.942397   0.227468 -0.0113229    1.69826
 0.911448  0.287084 0.0694215   1.64217
   0.947535    0.205721 -0.00785154     1.70645
  0.937068   0.227847 -0.0500411    1.68774
  0.946384   0.201788 -0.0501618    1.70539
  0.937359    0.20888 -0.0888309    1.68864
 0.928566  0.246206 -0.075272   1.67447
  0.936729   0.230993 -0.0157763     1.6856
 0.911672  0.293668 -0.125153   1.65637
  0.926643   0.268928 -0.0472549    1.67325
 0.917518  0.270896 -0.123417    1.6629
 0.896875  0.295756 -0.166592   1.63017
0.921343 0.146904 0.242667  1.65296
 0.91947 0.159435 0.254554  1.65563
0.929086 0.176408  0.23514  1.67682
0.917294 0.153588 0.255505  1.64913
0.925859 0.151835 0.236413  1.66236
0.928669 0.161606 0.245962  1.67464
0.927587 0.152377 0.224536  1.66762
 0.93019 0.154162 0.221435  1.67925
0.929126 0.145115 0.215932  1.67052
0.925529 0.153474 0.232917  1.66261
0.918091 0.226296 0.220719   1.6594
  0.9255 0.154612 0.236834  1.66194
0.933311 0.136849 0.193736  1.67854
0.919855  0.17768 0.253896  1.65963
0.914558 0.229921 0.207334  1.64945
 0.92721 0.149687  0.21809  1.66747
0.934877 0.171528 0.225731  1.68439
0.928363 0.150407 0.213175  1.67694
0.930956 0.158846 0.232898  1.67932
0.929973 0.168419 0.235531  1.67475
0.926899 0.171172 0.239362  1.67116
0.920627 0.150934 0.243449  1.65229
 0.92474 0.173688 0.243469  1.66802
0.920471 0.165477 0.251642  1.65801
0.919262 0.148923 0.247725  1.65038
0.928566  0.15658 0.223566  1.67643
0.917783 0.151737   0.2553  1.65032
0.924422 0.153828 0.239067  1.65955
0.922814 0.158542 0.257637  1.66535
0.923184 0.174095 0.256066   1.6673
0.927285 0.162646 0.250783  1.67285
 0.92657 0.153912 0.231138  1.66493
0.926719 0.153865 0.218098  1.66746
0.929965 0.158708 0.235239  1.67713
0.933942 0.170909 0.226247  1.68335
0.925887 0.170179 0.246836  1.67003
0.933218 0.164373 0.220738  1.68267
0.926448  0.15226 0.213299  1.66772
0.929183 0.151777 0.209607  1.67873
 0.93467 0.166512 0.218981  1.68561
0.929013 0.156021 0.212684  1.67869
0.930476 0.155964 0.208758  1.68199
 0.754609  0.142847 -0.466343   1.39688
 0.756405  0.148639 -0.462624    1.3991
 0.750277  0.146605 -0.470397   1.39081
 0.750071  0.150625 -0.472158   1.39205
 0.757647  0.148593 -0.455183   1.39843
0.747374 0.155189 -0.47384  1.38833
 0.744233  0.156862 -0.473807    1.3822
 0.755112  0.171802 -0.455742   1.39705
 0.742445   0.16976 -0.472126    1.3801
 0.756527   0.14982 -0.456516   1.39698
 0.744541  0.177975 -0.468674   1.38401
 0.754741  0.161638 -0.443415   1.39043
  0.76159  0.177363 -0.452817   1.40906
 0.756033  0.169043 -0.456524   1.39947
 0.759969  0.189618 -0.461693    1.4121
 0.753305  0.169063 -0.458678   1.39477
  0.911598   0.296191 -0.0866086    1.65107
  0.902447   0.317534 -0.0323596    1.63281
  0.917932   0.291339 -0.0827113     1.6635
0.909575 0.293795  0.01873  1.63845
   0.9272   0.26706 0.0803356   1.67311
 0.930581  0.273368 0.0346013   1.68152
  0.91886  0.287322 0.0859696   1.66082
0.917597 0.275777 0.112187  1.65632
0.940338 0.139435 0.166549   1.6909
0.915478 0.258649 0.141033  1.64826
0.912829 0.247294 0.177073   1.6443
0.937264 0.134956  0.17844  1.68481
0.915747 0.212434 0.229944  1.65256
0.927492 0.246144 0.130214   1.6714
0.912015  0.20193 0.259759  1.65111
0.916437 0.182029 0.263081  1.65762
0.928427 0.150024 0.215968  1.67006
0.932952  0.14934 0.189483  1.67836
 0.760904  0.174823 -0.453537   1.40856
 0.753762  0.180893 -0.467094   1.40081
0.769018 0.197665 -0.45439  1.42851
 0.755348  0.190529 -0.459736   1.40435
 0.93572 0.137583 0.188683  1.68351
 0.94558   0.1486 0.130724  1.69916
0.944492 0.150023 0.120174  1.69454
0.927555 0.153467 0.207107  1.67035
 0.941501  0.198878 0.0810553   1.69038
0.934498 0.239454  0.10306  1.68353
0.923854 0.235154  0.16333  1.66434
0.931704 0.166557 0.190598  1.67632
 0.759788  0.153841 -0.462509   1.40531
 0.759296  0.153723 -0.462392   1.40434
 0.759314  0.153758 -0.462446   1.40452
 0.758339  0.154103 -0.462349   1.40255
 0.758784  0.153907 -0.462412   1.40342
 0.758889  0.152991 -0.461291    1.4034
 0.756821  0.160724 -0.456828   1.39945
 0.758385  0.154195 -0.462229   1.40265
 0.758175   0.15284 -0.461454   1.40203
 0.757513  0.149716 -0.456246   1.39881
 0.757439  0.148801 -0.467796    1.4033
 0.747263  0.160727 -0.473684   1.38796
 0.751341  0.154856 -0.473508    1.3951
  0.75781  0.149093 -0.460279   1.40088
 0.758173  0.155269 -0.461253   1.40204
 0.757878  0.158454 -0.461277   1.40236
 0.757995  0.154925 -0.461667    1.4018
0.757899 0.159025 -0.46078  1.40224
 0.758164  0.154573 -0.461903   1.40216
 0.758806  0.153713 -0.462523   1.40356
  0.75884  0.153791 -0.462437   1.40347
 0.757588  0.155175 -0.461466   1.40106
 0.758708  0.153784 -0.462549   1.40333
0.757709 0.152806 -0.46128   1.4012
 0.749755  0.158822 -0.474201   1.39302
 0.748996  0.163816 -0.473737   1.39219
 0.747007   0.16615 -0.472616   1.38786
 0.755704  0.160038 -0.453722   1.39641
0.756768 0.159932 -0.45858  1.39996
 0.750846  0.157009 -0.450968   1.38517
 0.751374  0.154849 -0.464744   1.39151
 0.757522  0.159513 -0.461061   1.40196
 0.757784  0.155906 -0.460164   1.40108
0.755769  0.15096 -0.45826  1.39633
 0.757926  0.157383 -0.459599   1.40146
 0.758098  0.155695 -0.459746   1.40152
 0.758379  0.155697 -0.460277   1.40211
 0.758762  0.155732 -0.460034   1.40285
  0.75748  0.156439 -0.460479   1.40076
  0.75802  0.156176 -0.458928    1.4011
 0.937441  0.237406 0.0756924   1.68849
 0.940099  0.243165 0.0653678   1.69612
 0.937012  0.238726 0.0247766   1.68671
   0.9429  0.227087 0.0239583   1.69867
    0.9118   0.293511 -0.0355742    1.64562
  0.925912    0.26749 0.00140745     1.6688
0.917466 0.146434 0.248209  1.64733
0.919249 0.152812 0.247674  1.65111
0.922142 0.152246 0.242814  1.65455
  0.9237 0.162102 0.246104  1.66191
0.926793 0.166379 0.241532  1.66849
0.921462 0.159334 0.247075  1.65717
0.927969  0.16366   0.2359  1.67357
0.921195 0.156647  0.24822  1.65583
0.924851 0.157638 0.239197  1.66122
0.926492 0.152096 0.226246  1.66525
0.928277 0.147588 0.209593  1.67021
0.925848 0.160131 0.223454  1.67045
0.930055 0.147143  0.20053  1.67375
0.925638 0.156698  0.23294  1.66355
0.925918 0.157159 0.212046  1.66833
0.926308  0.15555 0.226252  1.66572
0.933267 0.159419 0.214757  1.68498
0.934726 0.161793 0.211564  1.68736
  0.9325 0.167792 0.228786  1.67983
0.927125 0.152796 0.216182  1.67429
0.927651 0.156999 0.224632  1.67415
0.925643 0.156528 0.220185  1.66624
0.928179 0.170474 0.238399  1.67237
0.922907  0.15711 0.243177  1.65746
 0.92981 0.167769 0.233432  1.67488
0.924642  0.16601 0.243612  1.66481
0.922436 0.156931 0.243325  1.65671
 0.92844 0.164816 0.235656  1.67168
0.922164 0.191586 0.233337  1.66241
0.917546  0.19349 0.245196  1.65535
0.923281 0.181291 0.241816  1.66492
0.927835  0.16899 0.245401  1.67403
0.929138 0.162786 0.235004  1.67637
0.931597 0.166933 0.227674  1.67948
0.930811 0.161284 0.222926  1.67906
0.926053 0.169503 0.233834  1.66988
0.927765 0.153385 0.214003  1.67579
0.928806 0.159934 0.218719  1.67675
0.928102 0.154627 0.215514  1.67659
0.932303 0.163788 0.221152  1.68231
 0.754949  0.148399 -0.470304   1.39948
  0.75462  0.149036 -0.457027   1.39351
 0.757216  0.151074 -0.458606    1.3991
 0.755853  0.149759 -0.456465   1.39577
 0.748835  0.155958 -0.473804   1.39033
 0.752654  0.158417 -0.450306   1.38889
 0.753325  0.166647 -0.460257   1.39553
 0.754875  0.151083 -0.457209   1.39439
 0.750573  0.164602 -0.461312   1.38987
0.751029 0.157965 -0.46383   1.3911
 0.749984  0.169368 -0.472137   1.39438
 0.748877  0.172422 -0.469979   1.39136
  0.916415   0.297633 0.00507647    1.65599
  0.933096   0.274861 -0.0191794      1.689
0.923019 0.255908 0.134603  1.66443
0.936865 0.228264 0.127023  1.68862
0.923367 0.226651 0.186145  1.66486
0.936363 0.154829 0.176537   1.6836
0.927215 0.167444 0.235276  1.67297
0.917983 0.209753 0.234702  1.65741
0.924504 0.205808 0.221207  1.66862
0.919353 0.198442 0.243607   1.6603
0.926684 0.219867 0.182055  1.66966
0.923269 0.210321 0.206306  1.66364
0.931872 0.149135  0.19414  1.67713
 0.93459 0.215319 0.165007  1.68523
0.929469 0.158335 0.201062  1.67358
0.935344 0.152723 0.179344  1.68276
 0.938961  0.239222 0.0973145   1.69413
 0.930637  0.261055 0.0794408   1.67884
0.940079 0.191006 0.117201   1.6884
0.933855 0.233069 0.126409  1.68272
 0.758423  0.153709 -0.462686   1.40301
 0.757558   0.15455 -0.462487   1.40124
 0.757393  0.155223 -0.461927   1.40084
 0.758094  0.154231 -0.462588   1.40229
 0.753174  0.152196 -0.464467   1.39436
 0.758059  0.153951 -0.462564   1.40208
 0.755856  0.148997 -0.456289   1.39558
 0.757117   0.15553 -0.462527   1.40069
 0.753509  0.150494 -0.464165    1.3944
 0.756426  0.152934 -0.461149   1.39886
 0.757541  0.155706 -0.461097   1.40092
 0.756817  0.158442 -0.462045   1.40072
 0.757466  0.153986 -0.462808   1.40127
 0.757099  0.158055 -0.461593   1.40078
 0.751262  0.152847 -0.457211   1.38773
 0.757677   0.15471 -0.462195   1.40143
 0.757941  0.153849 -0.462754   1.40213
 0.757246  0.154726 -0.462969   1.40095
 0.751765  0.174919 -0.469362   1.39741
 0.754976   0.17869 -0.465835   1.40273
 0.749178  0.160255 -0.462762   1.38709
 0.752663  0.159915 -0.447457    1.3878
 0.754068  0.159486 -0.454344    1.3932
0.754378 0.158494 -0.45642  1.39453
 0.755506  0.159368 -0.459077   1.39746
 0.755601  0.157157 -0.461779   1.39822
 0.756549  0.158936 -0.461464       1.4
 0.757336  0.156846 -0.461165   1.40081
 0.754977  0.157841 -0.460746   1.39674
  0.75726    0.1573 -0.462162   1.40124
  0.920946   0.289935 -0.0449045    1.66654
  0.931311   0.258191 -0.0484258    1.68186
0.924276 0.156969 0.240645  1.66001
  0.9264 0.162921 0.240294  1.66658
0.924898 0.162133  0.24172  1.66305
0.924996  0.15614 0.234483  1.66207
0.927438 0.165932 0.238128  1.66921
 0.92555 0.154985 0.228028  1.66409
0.926492  0.15728 0.221095  1.67162
0.925825 0.153188 0.220294  1.66562
0.922872 0.200018 0.225102  1.66422
0.925378  0.15747 0.229427  1.66463
0.927483 0.153484 0.209767  1.66967
0.926526  0.18674  0.21733  1.67017
 0.93002 0.164339 0.229753  1.67598
0.926403 0.154533 0.216671  1.67275
0.925157 0.158649 0.235536  1.66308
0.927582 0.157988 0.220208  1.67425
0.924208 0.159856  0.24304  1.66109
0.924929 0.156927   0.2189  1.66874
0.924945 0.160319 0.240447  1.66224
 0.92651 0.162276 0.234897   1.6667
0.925518 0.177781 0.245648  1.67051
0.925333 0.155398 0.216441  1.66662
0.925111 0.155799 0.222006  1.66516
0.924897 0.177557 0.228682  1.66719
0.926687 0.158495 0.224499  1.67278
0.927748 0.160989 0.227264  1.67217
0.925502 0.154888 0.217165  1.67062
0.928857 0.163702  0.22546  1.67474
 0.754459  0.150139 -0.457155   1.39359
 0.755437  0.150253 -0.463162   1.39778
 0.751061  0.153057 -0.464769   1.39034
 0.751788  0.155842 -0.453258   1.38788
 0.752777  0.151899 -0.457315   1.39072
 0.749586   0.15618 -0.464477    1.3879
0.751236 0.162394 -0.46203  1.39153
0.750965 0.155903 -0.45609  1.38723
0.928707 0.238005 0.158133   1.6759
0.932312 0.215032  0.14566  1.67678
0.926536 0.209103  0.20347  1.67081
0.933508 0.171995 0.177884  1.67932
0.924168 0.187377 0.239885  1.66794
0.926657  0.17527 0.207102  1.66855
0.928029 0.165956  0.20172  1.67137
0.923943 0.197016 0.230371  1.66722
0.928772 0.155812 0.200962  1.67231
0.928507 0.190509 0.204573  1.67308
0.930903 0.162497 0.190334  1.67553
0.928115 0.194538 0.190509   1.6701
0.938917 0.162621 0.153511  1.68736
0.932345 0.206399 0.175554  1.67954
0.932265 0.175247  0.17778  1.67561
0.938474 0.177259 0.148011  1.68596
 0.757005  0.152904 -0.461429    1.3999
 0.753961  0.156712 -0.458487    1.3941
 0.752831  0.150837 -0.457317   1.39045
 0.756478  0.154439 -0.462845   1.39963
 0.755894  0.153198 -0.461228   1.39791
 0.754751  0.150342 -0.456714   1.39376
 0.757257  0.156154 -0.461662   1.40073
 0.756917  0.156164 -0.462198   1.40027
 0.756859  0.155314 -0.462772   1.40022
 0.756668  0.157147 -0.462544   1.40024
 0.756996  0.154337 -0.462855   1.40045
 0.755767  0.155892 -0.462293   1.39851
 0.753177  0.157572 -0.456905   1.39209
 0.753152  0.151821 -0.456535   1.39096
 0.756234  0.157546 -0.462428   1.39949
 0.750872  0.154758 -0.453796   1.38605
 0.756615  0.156557 -0.462947    1.4002
 0.754149  0.154491 -0.459788   1.39442
0.925566   0.1591  0.23428  1.66406
0.925144 0.157823 0.222582  1.66616
0.926089 0.160007 0.229624  1.66707
0.925753 0.158117 0.227904  1.66544
 0.92595 0.156674  0.21344  1.66768
0.925011 0.157324 0.218547  1.66867
0.926236 0.174823 0.232293  1.67105
0.925002 0.157364 0.218952  1.66705
 0.92563 0.156981 0.218542  1.67036
0.927777 0.158207 0.220225  1.67424
0.927937 0.164299 0.231227  1.67124
0.926723 0.161723 0.229016  1.66909
0.926978 0.161945 0.232883  1.66906
0.926208  0.16216 0.235199   1.6662
 0.92489 0.161765  0.21646  1.66795
0.924848 0.185081 0.219419  1.66611
0.925317 0.165449 0.222085  1.66846
0.925689  0.16133 0.223458  1.67037
 0.752585  0.153418 -0.455541   1.38984
 0.755051  0.153457 -0.460524    1.3962
0.927271 0.162588 0.210156  1.67092
0.935339 0.178961  0.16413   1.6811
0.929215 0.176809 0.191886    1.672
 0.92636 0.190202 0.207024  1.66804
0.925077 0.159239 0.215953  1.66771
0.926726  0.15913 0.207464  1.66954
0.928396 0.171732 0.206082  1.67215
0.924964 0.168706 0.217497  1.66762
0.931546 0.203338 0.176329  1.67762
0.931747 0.196519 0.187041   1.6786
 0.754256  0.155171 -0.459705   1.39478
0.756607 0.155449 -0.46312  1.40002
 0.756208  0.156025 -0.462932   1.39924
 0.754236  0.151402 -0.457322   1.39323
 0.753185   0.15288 -0.456537   1.39129
 0.753408  0.155835 -0.458745   1.39288
  0.75518  0.156419 -0.461969   1.39725
 0.754877  0.154061 -0.460487   1.39598
0.926108 0.160294 0.229044  1.66715
0.925152 0.158532 0.216462  1.66709
0.925717 0.159126 0.221427  1.66881
 0.92523 0.158311 0.221736   1.6664
 0.92543 0.170809 0.217647  1.66733
0.925143 0.158721 0.218662  1.66774
0.924901 0.164116 0.221564  1.66851
0.924895 0.159585 0.218819  1.66812
0.925814 0.181981 0.226413  1.66975
 0.92661 0.166646 0.210626  1.66993
0.927259 0.160588 0.224271  1.67192
0.926286 0.159027 0.225296  1.66957
0.925285 0.158634 0.221978  1.66782
0.924549 0.158606 0.218081   1.6677
 0.752399  0.153829 -0.455576   1.38959
 0.751954  0.154377 -0.456922   1.38947
0.925397 0.161212 0.212512  1.66803
0.925298 0.165213 0.221502   1.6687
0.925958 0.164307 0.215701  1.66928
0.926536 0.172164 0.216044  1.67005
 0.756205  0.154922 -0.462778   1.39917
  0.75554  0.155193 -0.462434   1.39793
