0.876102  0.32994 0.151683  1.58759
0.880251 0.314566 0.173588  1.59546
   0.868 0.331046 0.165347  1.57304
0.871261 0.321324 0.176088  1.57913
0.863031  0.33155 0.179326  1.56623
0.866999 0.323785 0.172469  1.56954
0.874892 0.318108 0.171772  1.58414
0.874373 0.321201 0.160549  1.58206
  0.75928  0.153989 -0.453839   1.40133
 0.759426  0.153903 -0.453859   1.40162
 0.792402  0.131873 -0.400525   1.44047
 0.786737  0.132645 -0.407517    1.4318
 0.789894  0.135495 -0.406906    1.4389
 0.787712  0.118646 -0.407321   1.43138
 0.783032  0.123568 -0.415295    1.4262
 0.786436  0.123128 -0.412798   1.43226
 0.799207  0.120856 -0.387246   1.44716
 0.794791  0.112851 -0.394118   1.43942
0.807121  0.10168 -0.36854  1.45377
 0.800246  0.115796 -0.391477   1.45069
 0.788176   0.12748 -0.411364   1.43604
 0.791653  0.120132 -0.405494   1.43934
 0.795131  0.128239 -0.402077   1.44665
 0.791984  0.123667 -0.403006   1.43943
   0.95751   0.112473 -0.0491938    1.72109
  0.957456   0.113971 -0.0432796    1.72087
  0.956664   0.116782 -0.0463803    1.71915
  0.957023   0.112663 -0.0447111    1.71966
  0.957424   0.115305 -0.0374921    1.72073
  0.957354   0.116395 -0.0320323    1.72053
  0.956647   0.119259 -0.0351288     1.7189
  0.956967   0.114821 -0.0339609    1.71939
   0.95556   0.126046 -0.0435654    1.71698
  0.956033   0.125537 -0.0378753    1.71777
  0.956999   0.113639 -0.0394097    1.71951
  0.956437   0.117218 -0.0374082    1.71817
  0.956518   0.117012 -0.0416206    1.71854
  0.956736    0.11763 -0.0406077    1.71917
0.938725 0.156589 0.223252  1.69294
 0.761364  0.153433 -0.451114   1.40404
 0.759415  0.153333 -0.454134   1.40162
 0.759887   0.15433 -0.454212    1.4027
 0.760202  0.154532 -0.454428   1.40343
 0.760464  0.154444 -0.454434   1.40394
 0.760858    0.1541 -0.453248   1.40411
 0.764426  0.156562 -0.453096   1.41157
 0.762722  0.153748 -0.449953   1.40622
 0.762155  0.152804 -0.449094   1.40458
 0.763569  0.153285 -0.450203     1.408
 0.766323  0.154736 -0.453713   1.41524
 0.768688  0.151702 -0.449299   1.41751
 0.781407  0.139593 -0.419815    1.4278
 0.777151   0.14075 -0.428369   1.42322
 0.779898  0.143325 -0.427981   1.42942
 0.759327  0.154137 -0.453784   1.40143
 0.759373  0.154199 -0.453785   1.40152
 0.760136  0.154753 -0.453819   1.40304
 0.759227  0.154351 -0.454027   1.40137
 0.759215  0.154362 -0.454274   1.40147
 0.759223  0.154245 -0.454479   1.40156
 0.759186  0.154212 -0.454565   1.40151
 0.760887  0.153616 -0.451576   1.40329
 0.759203  0.153941 -0.454636   1.40153
   0.7605  0.154224 -0.453501   1.40352
 0.75943 0.153719 -0.45385  1.40158
 0.759382  0.153262 -0.454288   1.40161
 0.759349  0.153682 -0.453947   1.40146
 0.801226  0.222305 -0.418038   1.48232
 0.799966  0.217785 -0.422034   1.48066
 0.804784  0.218058 -0.419856   1.48866
 0.802378  0.219322 -0.420967   1.48554
 0.797834  0.212905 -0.426736   1.47722
 0.794167  0.207948 -0.433938   1.47207
0.801055 0.205959 -0.43047  1.48314
 0.798464  0.208675 -0.431932   1.48026
 0.809403  0.213018 -0.419101   1.49598
 0.808824  0.204196 -0.424377   1.49527
 0.818912  0.204056 -0.409059   1.50867
 0.812423  0.208034 -0.422933   1.50329
 0.800785  0.214554 -0.425474   1.48338
 0.805265   0.20765 -0.428623   1.49166
 0.806295  0.214863 -0.422788   1.49261
 0.803813  0.212308 -0.423756   1.48713
0.730402 0.158522 -0.45403  1.34307
  0.73132  0.157053 -0.453897   1.34456
 0.728537  0.158521 -0.451241   1.33698
  0.72625  0.159489 -0.449857   1.33089
  0.72685  0.157062 -0.450291   1.33189
  0.72791  0.158095 -0.450468    1.3344
 0.729645  0.154047 -0.452056   1.33883
 0.727426  0.154753 -0.450552   1.33277
 0.728176  0.152462 -0.450728   1.33396
 0.729088  0.153486 -0.450995   1.33621
 0.729619  0.157598 -0.451603   1.33922
0.728403 0.155801  -0.4508  1.33514
 0.730045  0.155263 -0.452145   1.33999
 0.728924  0.156183 -0.451589   1.33746
 0.783033  0.145229 -0.419183   1.43209
 0.777632  0.150806 -0.427312   1.42573
 0.779657  0.150291 -0.417249    1.4247
 0.951712  0.127346 0.0534248   1.71017
  0.95124    0.1368 0.0584198    1.7093
 0.951904  0.136144 0.0520903   1.71016
 0.951619  0.137291 0.0565071   1.71037
 0.951436   0.14289 0.0462172   1.70772
  0.95061   0.14858 0.0550583   1.70763
 0.950434  0.149691 0.0631768   1.70776
 0.774913  0.151331 -0.431947   1.42235
  0.94869  0.158907 0.0748396   1.70299
 0.770065  0.154791 -0.443304   1.41825
   0.956677    0.120692 -0.00636572     1.71909
     0.9564    0.121578 -0.00117966     1.71854
  0.956083   0.123631 -0.0048861    1.71768
   0.956294    0.119935 -0.00459239     1.71802
   0.95613   0.122915 0.00440002    1.71808
  0.95585  0.124019 0.0100944   1.71763
  0.955401   0.128012 0.00580458    1.71644
  0.955665   0.122502 0.00549159    1.71687
   0.955383    0.127707 -0.00333203     1.71581
  0.955219   0.126699 -0.0014297    1.71516
    0.955978     0.121225 -0.000146533      1.71743
    0.955242     0.126019 -0.000834039      1.71575
   0.955868    0.123348 -0.00379585     1.71703
    0.955831     0.124538 -0.000264083      1.71714
 0.766617  0.157087 -0.453567   1.41626
 0.761517   0.15309 -0.449543   1.40352
 0.764908  0.157754 -0.453837   1.41302
 0.759193  0.154409 -0.454412   1.40149
 0.761466  0.154072 -0.449523    1.4036
 0.759236  0.154495 -0.454202   1.40149
 0.759909  0.154827 -0.454482   1.40294
 0.759513  0.154183 -0.453727   1.40174
 0.95089 0.182839 0.210658  1.71148
 0.925375  0.151056 -0.228148   1.67503
 0.926082  0.157687 -0.219255   1.67598
0.923332 0.161412   -0.228  1.67231
 0.924902  0.152826 -0.225956   1.67395
 0.920734  0.186792 -0.231429     1.673
 0.923255  0.161257 -0.221654   1.67088
 0.923899  0.163876 -0.220486   1.67262
 0.943149  0.158867 0.0834471   1.69795
 0.946908   0.16597 0.0782327   1.70479
 0.946352  0.159374 0.0830201   1.70221
0.945135 0.160173 0.083787  1.70031
  0.94982  0.159593 0.0786265   1.70818
 0.951268   0.15308 0.0782332   1.70992
 0.948485  0.160701 0.0818682   1.70489
 0.947807  0.161364 0.0827479    1.7042
0.948445 0.162391 0.078101  1.70548
 0.948706  0.131541 0.0733818   1.70572
 0.947485  0.132616 0.0790377   1.70357
 0.948724  0.142124 0.0787574   1.70564
 0.948068  0.132386 0.0736408   1.70427
0.945097 0.135944 0.086293  1.69909
 0.941595  0.145476 0.0905276   1.69276
 0.946172  0.152392 0.0875357   1.70143
 0.944683  0.142675 0.0839218    1.6988
 0.948751  0.155661 0.0827721   1.70538
 0.948368  0.156068 0.0831985   1.70433
 0.946687  0.134767 0.0789134   1.70188
 0.947089   0.15158 0.0817266   1.70282
  0.94829  0.145187 0.0779763   1.70456
0.947549 0.145443 0.083966  1.70365
 0.950567  0.148625 0.0669116   1.70807
0.950649 0.147496 0.068491  1.70807
 0.951119  0.137198 0.0613259   1.70956
 0.951526   0.12826 0.0578398    1.7103
 0.950757  0.129242 0.0620332   1.70898
 0.951018  0.128594 0.0581567    1.7091
 0.950231  0.139267 0.0696988   1.70823
 0.950178  0.130368 0.0658042   1.70814
 0.949507  0.130837 0.0689926   1.70704
 0.949795  0.130737 0.0660076   1.70724
 0.950833  0.137564 0.0617479   1.70874
 0.950344  0.130098 0.0619342   1.70806
 0.950251   0.13944 0.0645353   1.70774
 0.950672  0.137643 0.0650078   1.70879
0.952707  0.14162 0.043793  1.71116
 0.952663  0.140163 0.0455937   1.71076
 0.953485  0.132678 0.0392343   1.71331
 0.954093  0.126135 0.0361707   1.71467
 0.953602     0.126 0.0412604   1.71376
  0.95358  0.125451 0.0373814   1.71335
 0.952439   0.13603 0.0510452   1.71161
 0.953072  0.126558 0.0470841   1.71291
 0.952337  0.127286 0.0527522   1.71168
 0.952425  0.126427 0.0479068   1.71133
0.953192 0.132564 0.040101  1.71245
 0.953026  0.125901 0.0419873   1.71235
 0.952377  0.134931 0.0435757   1.71083
 0.953096  0.132819 0.0440425   1.71257
 0.951798  0.155123 0.0501568    1.7091
  0.956064    0.10739 -0.0791516    1.71879
   0.95534   0.115006 -0.0737898    1.71712
  0.954583   0.114454 -0.0849117    1.71614
  0.955291   0.114299 -0.0834922    1.71782
   0.95433   0.128693 -0.0695673    1.71551
  0.952309   0.123835 -0.0938485    1.71217
  0.952966   0.123819 -0.0922087    1.71372
  0.954199    0.13019 -0.0792986    1.71632
0.734814   0.2704 -0.38956  1.34536
 0.733056   0.26234 -0.395956   1.34233
 0.742094   0.26119 -0.389087   1.35743
 0.738754  0.265958 -0.394543   1.35462
 0.731758  0.254404 -0.401761   1.34011
 0.730826  0.246788 -0.406913   1.33851
 0.739136  0.246345 -0.400593   1.35261
 0.735903  0.250103 -0.405861   1.34949
 0.747396  0.256301 -0.393194   1.37029
0.748333 0.250682 -0.39501  1.37138
 0.737205  0.257903 -0.400533   1.35187
 0.742625   0.25016 -0.398874   1.36022
 0.744845  0.257514 -0.393274   1.36413
0.740234 0.253457 -0.39552  1.35433
 0.937672  0.147737 -0.175157   1.69269
 0.940168  0.150428 -0.166982    1.6977
 0.939445  0.133788 -0.179406   1.69559
 0.940057  0.128047 -0.186727   1.69764
 0.942667  0.125076 -0.177386   1.70175
 0.940016  0.130908 -0.179212   1.69641
  0.94435  0.129542 -0.159295   1.70322
  0.94546  0.121755 -0.166847   1.70616
  0.94771  0.117489 -0.155449   1.70907
0.945192 0.124764 -0.15701   1.7041
 0.940165  0.138445 -0.170882    1.6964
 0.942524  0.127875 -0.168589   1.70008
 0.942795  0.135875 -0.159484   1.70036
 0.941826  0.132295 -0.170465   1.69947
 0.756083  0.226289 -0.423563   1.39682
 0.726582   0.18333 -0.442791    1.3326
 0.728481  0.181187 -0.443288   1.33707
 0.729242  0.184481 -0.441465   1.33826
 0.72738  0.18264 -0.44196  1.33425
 0.731154  0.180398 -0.446766    1.3452
 0.733037  0.186628 -0.443206   1.34837
 0.730089  0.184358 -0.443754   1.34194
 0.730115  0.182451 -0.444133   1.34175
 0.729258  0.167958 -0.451467   1.34122
 0.729967  0.166318 -0.451454   1.34229
 0.727333  0.168409 -0.448293   1.33481
 0.724974  0.169959 -0.447211    1.3289
  0.72518  0.167193 -0.448081   1.32925
 0.726584  0.168359 -0.448123   1.33241
 0.727726  0.163311 -0.450013   1.33555
 0.725463  0.164592 -0.448773   1.32969
 0.725754  0.161964 -0.449429   1.33013
 0.727035  0.163112 -0.449538   1.33307
0.728431 0.167231 -0.44894  1.33719
 0.726744  0.165715 -0.448864   1.33262
 0.728438  0.164604 -0.449955   1.33729
 0.727361  0.165742 -0.449104   1.33473
0.733075 0.150299 -0.45478  1.34731
  0.73417  0.148969 -0.454546   1.34916
 0.731263  0.149881 -0.452361   1.34153
 0.729056  0.150344 -0.450706   1.33534
 0.729971  0.148211 -0.450746   1.33684
 0.730736  0.149149 -0.451057    1.3388
 0.732987  0.146033 -0.452392   1.34435
 0.730907  0.146245 -0.450608   1.33832
 0.731957  0.144342 -0.450423   1.34002
 0.732556  0.145205 -0.450789   1.34164
 0.732335  0.149193 -0.452473   1.34367
 0.731562  0.147161 -0.450979   1.34008
 0.733125  0.147143 -0.452606   1.34501
 0.731978  0.147862 -0.452299   1.34253
 0.773844  0.153191 -0.440747   1.42472
0.945968 0.154658 0.181939  1.70619
 0.936776  0.109653 0.0955701    1.7027
0.93824 0.14553 0.18906 1.69795
0.935944 0.145262  0.19586  1.69435
0.936551 0.142857 0.193445  1.69268
0.938445 0.151819 0.214487   1.6948
0.934918 0.153507 0.231562  1.68391
0.938079  0.15676 0.226774  1.69035
0.887806  0.23448 0.256581   1.6072
0.891629  0.22062 0.263468   1.6146
0.882596    0.231  0.26334  1.59846
0.884805 0.223034 0.266858  1.60282
0.878845 0.226396 0.269424  1.59314
0.882007 0.225271 0.265657  1.59666
0.887479 0.223628 0.264228  1.60632
0.886675 0.227549 0.259384  1.60405
0.937001 0.154192 0.227725  1.68781
0.934931  0.13686 0.230498  1.68396
0.936148 0.108576 0.212883  1.68399
    0.92197 -0.00536406    0.274156     1.67125
 0.929642 0.0253766  0.262433   1.68103
    0.938716 -0.000890512     0.236901      1.69688
  0.929863 0.00998175   0.243084    1.67691
 0.933153 0.0511677  0.253361   1.68572
 0.933837 0.0633267  0.236567   1.68256
 0.939745 0.0594272  0.231631    1.6958
  0.93502 0.0603585  0.235062   1.68516
 0.946669 0.0244496  0.205252   1.70693
 0.943521 0.0467461  0.208846   1.69935
 0.949934 0.0489971  0.186847   1.71122
 0.947392 0.0380029   0.18892    1.7049
  0.93354 0.0383237  0.236718   1.68221
0.940787 0.045447 0.210876  1.69302
 0.941701 0.0175051  0.208949   1.69539
 0.939099 0.0315857  0.232576   1.69449
0.951205 0.186291 0.210776  1.71067
0.950894 0.183183 0.212089  1.71158
0.933781 0.153056  0.20207  1.68949
 0.94354 0.199137 0.235408  1.69876
0.936071 0.202861 0.245743  1.68546
0.922647 0.196431 0.255339  1.66071
0.914188 0.196176 0.263949  1.63941
0.937113 0.152396 0.215408  1.69136
0.896882 0.184497 0.267013  1.60531
0.935006 0.142326 0.196661  1.68926
0.951615  0.16068 0.180742  1.71499
  0.880904  0.0224223 -0.0153281    1.61141
0.949353  0.17617  0.17371   1.7048
0.931203 0.125243 0.234321  1.67705
0.938279 0.154566 0.225554  1.69015
0.931856 0.133625  0.24035  1.67911
0.932797 0.144128 0.238177  1.68034
0.933787 0.151381 0.236378  1.68226
0.929766 0.198573 0.251464  1.67049
 0.93643 0.157556 0.225115  1.68833
0.939672 0.194899 0.238694  1.68997
 0.93721 0.158473 0.199438  1.69354
0.943489 0.170706 0.189502  1.70378
 0.782543  0.119043 -0.419648   1.42668
 0.781707  0.112414 -0.417255   1.42243
 0.786889  0.114376 -0.411754    1.4312
 0.784178  0.115112 -0.413534    1.4263
  0.77949  0.106043 -0.417758   1.41673
 0.774295  0.102552 -0.419441   1.40554
 0.780655 0.0992341 -0.411951   1.41504
0.779387 0.103055 -0.41591  1.41481
 0.793104  0.107084 -0.401384   1.43839
 0.788931 0.0960447 -0.401348   1.42748
 0.799883 0.0933251 -0.384975   1.44368
 0.795316  0.100133 -0.392171   1.43769
 0.782716  0.108859 -0.413409   1.42189
 0.786456  0.100882 -0.406484   1.42517
 0.788784  0.109275 -0.404409   1.43069
 0.785916  0.105104 -0.410345    1.4268
 0.774793  0.144536 -0.440753   1.42524
 0.764249  0.159747 -0.452452   1.41147
 0.752792  0.124304 -0.445902   1.37832
 0.754939   0.12259 -0.445296   1.38222
 0.750388  0.122275 -0.445252    1.3722
 0.747619  0.121741 -0.443616   1.36481
 0.749641  0.119635 -0.442394   1.36804
0.749829 0.120804 -0.44328  1.36914
 0.754834  0.118445 -0.442261   1.37925
 0.751744   0.11755 -0.440863   1.37128
 0.754195  0.115336 -0.438894     1.375
 0.754288  0.116771 -0.440162   1.37614
 0.751769  0.122208 -0.444565    1.3747
 0.751889  0.118815 -0.441906   1.37238
 0.754138  0.120157 -0.443075   1.37854
 0.752413  0.120295 -0.443767   1.37527
 0.769161  0.159159 -0.443647   1.41744
 0.738604    0.2111 -0.429534   1.35843
 0.743644  0.220484 -0.422041   1.36729
 0.734003  0.213553 -0.425171   1.34616
 0.736373  0.218511 -0.421278   1.35012
0.730834  0.21844 -0.42553  1.34041
 0.732612  0.215903 -0.422716   1.34238
  0.73781  0.217463 -0.424138   1.35531
 0.736994  0.214636 -0.425151    1.3534
  0.82764   0.22563 -0.397491   1.52711
 0.832249   0.22405 -0.392155   1.53429
 0.826864  0.228097 -0.393377   1.52535
 0.828232  0.225692 -0.394108    1.5268
 0.837149  0.222454 -0.386462   1.54205
 0.842362  0.220298 -0.380212   1.55021
0.836429 0.225578 -0.38194  1.54045
 0.837862  0.222562 -0.382492   1.54182
 0.826371  0.232169 -0.387087   1.52361
 0.830799  0.234167 -0.382875   1.53205
 0.832827  0.224166 -0.388612   1.53392
 0.833573  0.228264 -0.383145   1.53536
0.828428 0.229528 -0.38955  1.52744
  0.83153  0.226652 -0.387948   1.53257
 0.744849  0.132116 -0.451284   1.36615
 0.741887  0.135801 -0.451956   1.36095
   0.7432  0.130821 -0.449299   1.36092
 0.741478  0.132891 -0.449753    1.3579
 0.741602  0.130303 -0.447669   1.35596
0.741937 0.131372 -0.44925  1.35827
 0.742026  0.134124 -0.450961    1.3603
 0.743992  0.132443 -0.450633   1.36391
 0.843055  0.220476 -0.375895   1.54984
 0.844462  0.225531 -0.369068   1.55252
 0.83807 0.227342 -0.37747   1.5426
 0.841686  0.223647 -0.375394   1.54854
 0.845896   0.23349 -0.360798   1.55564
 0.833084  0.234917 -0.376988   1.53475
 0.835837   0.23078 -0.375567   1.53863
 0.842012  0.233573 -0.369621   1.55061
 0.869436  0.227993 -0.327872   1.59433
  0.85519  0.229952 -0.348161   1.57053
 0.867437  0.215792 -0.336455   1.58844
0.860328 0.219201 -0.34744  1.57764
 0.865426  0.208886 -0.345615   1.58457
 0.863957  0.213004 -0.344942   1.58309
 0.858127  0.224069 -0.346641   1.57461
 0.864653  0.227788 -0.339484   1.58767
 0.892909  0.183353 -0.306055   1.62738
 0.898476  0.178948 -0.296497   1.63628
0.893424 0.187978 -0.29696  1.62716
 0.894181  0.184854 -0.299689   1.62848
 0.903906  0.173424 -0.285932   1.64451
 0.908469  0.167554 -0.275782   1.65096
 0.904566   0.17717 -0.275366   1.64414
0.905076 0.174877 -0.27848  1.64518
 0.891677  0.204994 -0.293898   1.62719
 0.898197  0.206342 -0.284893   1.63996
 0.899799  0.180436 -0.288828   1.63715
 0.902718  0.187636 -0.276356   1.64231
 0.895659  0.192139 -0.289244   1.63077
 0.898851  0.184618 -0.287267   1.63597
 0.910041  0.187371 -0.256081   1.65418
 0.915693  0.189161 -0.246168   1.66533
 0.912434   0.16865 -0.258079   1.65574
  0.91266  0.163107 -0.266401   1.65723
 0.917272  0.159071 -0.256311   1.66458
 0.913298  0.165237 -0.259276   1.65703
 0.921592  0.158013 -0.234885   1.66925
 0.921541  0.153989 -0.245249   1.67083
 0.925031  0.148792 -0.234997    1.6756
 0.922099  0.156031 -0.237318   1.67037
 0.914082  0.173483 -0.249214    1.6581
 0.917931  0.161239 -0.247771   1.66411
 0.920002  0.169147 -0.235533   1.66772
 0.916958   0.16567 -0.247596   1.66299
 0.925586  0.168646 -0.215507   1.67636
 0.930049  0.170913 -0.205707   1.68534
 0.927782  0.150509 -0.217607    1.6784
 0.928278  0.144777 -0.225686    1.6804
 0.93182  0.14106 -0.21579  1.68598
 0.928546  0.147376 -0.218253   1.67962
 0.934873  0.139518 -0.194645   1.68845
 0.934966  0.136215 -0.205139   1.69039
0.937615 0.131589 -0.19557  1.69404
 0.935212  0.138522 -0.197381   1.68959
 0.928998  0.155623 -0.208373   1.68003
 0.932133   0.14364 -0.207039   1.68506
 0.933704  0.151417 -0.194798   1.68765
   0.9313  0.147713 -0.207268   1.68398
0.733431 0.193861 -0.43991  1.34913
0.737421 0.201543 -0.43464  1.35625
0.730106 0.195495 -0.43616  1.33969
 0.731811   0.19956 -0.433381   1.34255
0.727753 0.198931  -0.4361  1.33491
 0.728967  0.197368 -0.434323   1.33663
 0.732918  0.198771 -0.435941    1.3468
  0.73221  0.196536 -0.436635   1.34517
 0.734807  0.242644 -0.410687   1.34749
 0.739111  0.235955 -0.409657   1.35443
0.742037  0.24249 -0.40434  1.35945
 0.737226  0.238885 -0.406446   1.34943
 0.744983  0.232607 -0.413791   1.36912
0.751084 0.244698 -0.40342  1.37978
 0.743809  0.241138 -0.406416   1.36487
 0.743226  0.236856 -0.408289   1.36334
 0.950389  0.117065 -0.114418   1.70909
 0.950931  0.118984 -0.113235   1.71051
 0.949343  0.115642 -0.131332   1.70881
 0.949591  0.113336 -0.144582   1.71135
 0.951272  0.110082 -0.134628    1.7136
 0.949593  0.117076 -0.136373   1.71052
 0.952417  0.108917 -0.114155   1.71343
 0.952451   0.10699 -0.125585   1.71489
  0.95335  0.104886 -0.117489   1.71586
 0.952639  0.110675 -0.119841     1.715
 0.950276   0.12032 -0.124447   1.71071
 0.951305  0.114081 -0.127566   1.71313
0.951941 0.118142 -0.11646  1.71356
  0.95113  0.112976 -0.122979   1.71179
 0.848439  0.232394 -0.336103   1.55223
 0.860656  0.238346 -0.322143   1.57632
0.952763 0.047823 0.149214  1.71125
 0.956202 0.0719309  0.139282   1.71957
 0.957612 0.0434545  0.138623   1.72208
 0.956032 0.0454478  0.140383   1.71812
 0.956037 0.0919589 0.0863236   1.71552
  0.95603 0.0852776  0.117201   1.71753
  0.96171 0.0334869 0.0947081   1.72765
 0.961651 0.0704438 0.0697172   1.72706
 0.963751 0.0443498 0.0388467   1.73191
 0.962841 0.0260884 0.0639911   1.72861
 0.957023 0.0620385  0.114014   1.71815
  0.95994 0.0614838 0.0844092   1.72309
 0.959717 0.0309897  0.102486   1.72301
 0.959129 0.0664636  0.104141   1.72273
   0.8893  0.189488 -0.309086   1.62136
 0.891278  0.195174 -0.299209   1.62463
 0.887033  0.200468 -0.307129   1.61899
 0.888999  0.191438 -0.304694   1.62033
  0.88579  0.221986 -0.307077   1.62309
 0.888257  0.200845 -0.298867   1.61986
 0.889275  0.201421 -0.298091   1.62212
0.954481 0.107701 -0.11249  1.71836
 0.955406  0.107177 -0.102991   1.71949
 0.953296  0.112666 -0.109376   1.71547
 0.954007  0.105902 -0.105821   1.71617
  0.956292   0.107429 -0.0941808    1.72079
  0.956843   0.107285 -0.0856376    1.72132
  0.954774   0.113906 -0.0918164    1.71727
  0.955542    0.10708 -0.0874185    1.71819
  0.9517 0.123601  -0.1074  1.71228
  0.952586   0.124746 -0.0992021    1.71363
  0.954764   0.106454 -0.0967999    1.71713
  0.953918    0.11221 -0.0943255    1.71518
 0.953325  0.112007 -0.102026   1.71454
 0.954098  0.112397 -0.100561   1.71637
0.936301 0.144575 0.218669  1.68549
 0.949018  0.131428 0.0692069   1.70592
 0.948895  0.142357 0.0731879   1.70561
0.949939 0.140012 0.069841  1.70739
 0.949425   0.14006 0.0733234   1.70695
 0.950417  0.148339 0.0685311   1.70737
 0.949549   0.15229 0.0696156   1.70528
 0.949951  0.149364 0.0721868    1.7076
  0.94887  0.156022 0.0773358    1.7053
 0.949488  0.147333 0.0764696   1.70636
 0.832562  0.416687 0.0293386   1.51756
  0.842745   0.401279 0.00523008    1.53152
  0.84851  0.395809 0.0355798   1.54231
 0.840256  0.395101 0.0236172   1.52292
  0.856598   0.383429 -0.0128027    1.55509
  0.86371  0.381081 0.0412675   1.56988
 0.854673  0.382243 0.0327435   1.54936
   0.85547   0.380056 0.00500658    1.55036
0.935411 0.146315 0.230899  1.68481
 0.931427 0.0907886  0.240932   1.67876
0.930061 0.108051 0.231273  1.67376
0.928912  0.10281  0.24815  1.67526
0.942313 0.104173 0.181661  1.69418
0.940388 0.105137  0.18712  1.68995
 0.916948 0.0980429  0.278073   1.65707
 0.921924 0.0882891  0.267756   1.66486
 0.916228 0.0849179  0.286485   1.65834
 0.918736 0.0857337  0.275761   1.65955
0.925981 0.079647 0.257265  1.67052
 0.931099 0.0740022  0.238762   1.67729
 0.928326 0.0631446  0.257249   1.67585
 0.928877 0.0661824  0.253394   1.67555
 0.914717 0.0631391  0.288066    1.6562
 0.923261 0.0471821  0.267956   1.66825
 0.912719 0.0289809  0.282597   1.65254
 0.918997 0.0388378  0.283306   1.66339
 0.924132 0.0746726  0.266185   1.66841
 0.925868 0.0549854  0.270799   1.67383
 0.918768 0.0682036  0.283683   1.66207
 0.922223 0.0721434  0.274246   1.66736
0.870097 0.292907 0.219078  1.57784
0.874368 0.295098 0.208162  1.58384
0.876659 0.285884  0.21612  1.58822
0.873448 0.288117 0.213234  1.58088
0.880989 0.296458  0.19712  1.59537
0.884061 0.281261 0.214238  1.60166
0.879822 0.284119 0.212732  1.59259
0.879606 0.288267 0.203306   1.5913
0.940195 0.154946 0.222889    1.696
0.929486 0.117019 0.244948  1.67485
  0.8932 0.110165 0.290078  1.61448
0.901143 0.106356 0.295529  1.63115
 0.894196 0.0907974  0.294938   1.61648
0.897029 0.104968 0.295376  1.62468
0.908233  0.10211 0.292685  1.64344
 0.914516 0.0984642  0.280686   1.65223
  0.91255 0.0853472  0.290403    1.6511
0.911636 0.099484 0.292151  1.65092
 0.898608 0.0633339  0.296705   1.62524
 0.909862 0.0633388  0.293526    1.6468
  0.90798 0.0292527   0.29072   1.64374
 0.904152 0.0585539  0.296886   1.63827
 0.90459 0.101496 0.298166  1.63943
 0.908498 0.0831313  0.296517   1.64617
0.899272 0.084749  0.29948  1.62948
0.904188 0.086886 0.296544  1.63656
0.922658 0.095286 0.269249  1.66641
  0.92007 0.0975782  0.269881   1.66063
 0.924945 0.0985485  0.254347   1.66694
 0.930335 0.0865535  0.251569   1.67887
 0.927009 0.0829663  0.256553   1.67189
  0.92529 0.0972515  0.260894   1.67029
 0.778959  0.115014 -0.420095   1.41834
0.776202 0.121252 -0.42631  1.41689
 0.778739  0.118271 -0.421264   1.41916
 0.770638  0.116609 -0.430509   1.40629
 0.769784  0.122878 -0.435911   1.40869
0.771195 0.119488  -0.4306  1.40816
 0.777073   0.10986 -0.420653   1.41356
 0.772294  0.111248 -0.426302   1.40647
  0.77366  0.105479 -0.422505   1.40618
 0.774006   0.10785 -0.423844   1.40834
 0.774753  0.118284 -0.428503   1.41448
 0.772127  0.113481 -0.427733   1.40746
 0.776589  0.112671 -0.422698   1.41424
 0.774915  0.115283 -0.425032   1.41228
0.771013 0.149801 -0.44861  1.42186
 0.813829   0.22609 -0.413168   1.50483
  0.81649  0.226634 -0.410241   1.50932
 0.81212 0.227625  -0.4114  1.50184
 0.813587  0.226365 -0.411565   1.50356
 0.819635  0.226862 -0.406624   1.51443
 0.823349  0.226537 -0.402376   1.52033
 0.817921  0.229047 -0.403932   1.51126
 0.819621  0.227021 -0.404139    1.5132
 0.809169  0.230232 -0.406528   1.49525
 0.812306  0.232074 -0.402895   1.50083
 0.816265  0.226845 -0.408177   1.50784
 0.815345    0.2296 -0.405057   1.50632
  0.81229  0.228514 -0.409145   1.50144
 0.81477 0.228339 -0.40806  1.50614
 0.812034  0.225119 -0.415155   1.50166
 0.809804  0.224513 -0.416173   1.49818
 0.811595  0.223505 -0.416142   1.50082
 0.810926  0.223981 -0.415637   1.49924
 0.807376   0.22339 -0.416285   1.49351
 0.803772   0.22454 -0.417036   1.48792
 0.806663   0.22056 -0.419218   1.49297
 0.806241  0.222775 -0.416829   1.49142
 0.812488  0.220719 -0.415734   1.50189
 0.810531  0.217372 -0.418966   1.49943
 0.815833  0.215703 -0.411937   1.50605
 0.812981  0.216347 -0.415065   1.50154
 0.808818  0.223023 -0.416466   1.49589
  0.80885  0.219375 -0.417646   1.49565
 0.811074  0.221325 -0.416207    1.4992
 0.809628  0.221781 -0.417503   1.49782
0.935989 0.149148 0.226376  1.68541
  0.965615 -0.0254928  0.0242692    1.73863
  0.959891 -0.0665819  0.0902115    1.73012
  0.960945 -0.0143496   0.091596    1.72663
 0.961454 -0.015274 0.0871794   1.72999
  0.943217 -0.0695601   0.178563    1.70254
  0.919826 -0.0294028   0.245639    1.65949
  0.941735 -0.0228131   0.197691    1.69555
  0.936034 -0.0457193   0.238274    1.69773
 0.956407 0.0112761  0.138825   1.71886
  0.949884 0.00541698     0.1651    1.70656
 0.951751 0.0309244  0.149723   1.70836
 0.952584 0.0202337  0.163014   1.71292
0.951369 -0.04868 0.167887  1.71919
  0.948345 -0.0137279   0.191977    1.71025
   0.95717 0.00235765   0.145528    1.72311
  0.953394 -0.0310238   0.148359    1.71562
0.884367 0.192351 0.284249  1.60308
0.888081 0.198676 0.280507  1.60852
0.891141 0.190395 0.282038  1.61455
 0.88781  0.19286 0.281795  1.60742
 0.89295 0.203324 0.273804  1.61614
0.898882 0.187476  0.27603  1.62708
 0.89354 0.191094 0.278856   1.6168
0.892165 0.195368 0.275429  1.61346
0.893843 0.122531 0.285885  1.61595
0.894501 0.130499 0.284545  1.61785
0.899182  0.13119 0.290858  1.62788
0.896144 0.128892 0.285559  1.62186
 0.89369 0.138436 0.285492  1.61704
0.891912 0.146992  0.28696   1.6143
0.897288 0.148089 0.289265  1.62467
0.893988 0.145799 0.286385  1.61885
0.902976 0.136944 0.289073  1.63398
0.902231 0.144716 0.286094  1.63203
0.907546 0.136753 0.281518   1.6402
0.903648 0.140216 0.288926  1.63556
0.895444 0.137339 0.285192  1.62095
0.899155 0.145792 0.290241  1.62892
0.900219 0.137152 0.291184  1.63092
0.898469 0.139823 0.289683  1.62681
 0.759556  0.154011 -0.453734    1.4018
 0.759724  0.153961 -0.453705   1.40211
 0.760069  0.154281 -0.454241   1.40307
  0.75932   0.15342 -0.454536   1.40163
 0.759297  0.153587 -0.454633   1.40166
 0.759337  0.153334 -0.454394   1.40158
 0.759243  0.154048 -0.454619   1.40163
 0.759339  0.153305 -0.454437    1.4016
 0.766932  0.156762 -0.450425   1.41539
 0.759291   0.15345 -0.454557   1.40158
 0.745258  0.130794 -0.450426   1.36624
 0.746849  0.129385 -0.450038   1.36909
0.743477 0.129583 -0.44894  1.36105
 0.741417  0.129339 -0.447072   1.35505
 0.742764  0.127476 -0.446529   1.35725
 0.743053  0.128433 -0.447093   1.35835
 0.746424  0.126067 -0.447538   1.36581
  0.74417   0.12566 -0.445755   1.35944
 0.745772  0.123723 -0.444816   1.36194
 0.745991  0.124819 -0.445564   1.36302
 0.744512  0.129292 -0.448647   1.36299
 0.744403  0.126673 -0.446417   1.36049
 0.746056  0.127402 -0.448007   1.36556
  0.74479  0.127796 -0.448173   1.36302
 0.759271  0.153807 -0.454664   1.40166
  0.76105  0.153258 -0.453172   1.40433
0.764471 0.155245 -0.45311   1.4114
 0.765662  0.154468 -0.454134   1.41419
 0.768054  0.153472 -0.454101   1.41884
 0.767533   0.12162 -0.437323   1.40446
 0.763696  0.117584 -0.436377   1.39486
 0.767892   0.11567 -0.432146   1.40115
0.766643 0.118381 -0.43429  1.40012
 0.761216  0.114456 -0.436699   1.38901
 0.757203  0.113063 -0.436296   1.37956
0.760679 0.110695 -0.43328  1.38493
 0.760559  0.112386 -0.435011   1.38589
 0.769238  0.110126 -0.428656   1.40102
 0.764514  0.108298 -0.429535   1.39071
 0.76905 0.105594 -0.42502  1.39761
 0.768697  0.107938 -0.427536   1.39854
 0.763422  0.115253 -0.434857    1.3928
 0.764277  0.110263 -0.431666   1.39166
 0.767701  0.113297 -0.430889   1.39943
 0.764901  0.112395 -0.432966   1.39445
 0.759239  0.153489 -0.454477   1.40142
 0.762324  0.151182 -0.449174   1.40469
 0.772302  0.147043 -0.441479   1.42059
 0.776379  0.124222 -0.425723   1.41745
   0.7744  0.132259 -0.432261   1.41799
 0.769987  0.124985 -0.434543   1.40861
 0.774798  0.128583 -0.432068   1.41819
 0.764152  0.129728 -0.444065   1.40214
 0.778436  0.136271 -0.430568   1.42647
 0.781123  0.127389 -0.423765   1.42719
 0.784444  0.136759 -0.420286   1.43417
0.780625 0.131418 -0.42123  1.42543
 0.766383  0.150696 -0.454809   1.41516
 0.759239  0.154265 -0.453834   1.40129
 0.759268  0.154426 -0.453977   1.40144
 0.760839  0.154361 -0.451555   1.40333
 0.760136  0.154818 -0.454426   1.40335
  0.76329  0.156938 -0.452779   1.40921
 0.761374  0.155761 -0.450308   1.40404
 0.760719   0.15347 -0.453337   1.40374
 0.737268  0.153083 -0.459232   1.35972
 0.759245  0.153673 -0.454629   1.40156
 0.766221  0.159484 -0.450668    1.4146
 0.760416  0.154069 -0.454482   1.40379
 0.762628  0.154824 -0.449952   1.40624
 0.760068  0.154041 -0.454264   1.40303
 0.759483  0.162103 -0.439573   1.39635
 0.759702  0.153719 -0.453718   1.40202
 0.759206  0.153987 -0.454745   1.40157
 0.759605  0.153664 -0.453763   1.40188
 0.760671  0.153924 -0.454574   1.40433
 0.759504  0.153267 -0.453885   1.40165
0.759346 0.153345 -0.45423  1.40153
0.759424 0.153155 -0.45414  1.40159
 0.759342   0.15345 -0.454076   1.40146
 0.759517  0.153424 -0.453772   1.40165
  0.75943  0.153493 -0.454017   1.40163
  0.78872  0.141516 -0.407768   1.43788
 0.794562  0.140602 -0.399724   1.44642
 0.789333  0.149985 -0.401701   1.43771
 0.790463   0.14221 -0.401509   1.43858
 0.803512    0.1373 -0.385576   1.45892
 0.819152  0.139297 -0.364694   1.48584
 0.801134   0.15453 -0.379469   1.45485
0.805312 0.141505 -0.37551  1.45998
 0.788239  0.156542 -0.396666   1.43436
 0.792245  0.161653 -0.389557   1.44124
 0.785795  0.167486 -0.397893   1.43214
 0.788604  0.160248 -0.394598   1.43546
 0.796317  0.139986 -0.389385   1.44523
 0.795604  0.153412 -0.386246   1.44559
0.790178 0.150139  -0.3949   1.4364
  0.79497  0.149671 -0.390489    1.4447
 0.785657  0.144886 -0.406542   1.43115
  0.78561  0.149188 -0.407199   1.43225
 0.783968  0.156771 -0.399084   1.42627
 0.782155  0.163551 -0.403291   1.42606
 0.780006  0.153928 -0.415783   1.42553
  0.78236  0.156381 -0.407573   1.42684
 0.736909  0.142994 -0.454077   1.35335
0.738153 0.141442 -0.45372  1.35541
 0.735104   0.14242 -0.451992   1.34781
 0.733015  0.142571 -0.450096   1.34168
 0.734127  0.140764 -0.449888   1.34353
0.734666 0.141538 -0.45025  1.34501
  0.73694  0.138843 -0.451547   1.35063
 0.735109  0.139119 -0.449619   1.34511
 0.736042  0.137461 -0.449379    1.3466
 0.736561  0.138181 -0.449715   1.34801
  0.73616  0.141851 -0.451973   1.34987
0.735605 0.139848 -0.44999   1.3465
 0.737128  0.139818 -0.451866   1.35144
 0.735969  0.140591 -0.451641     1.349
 0.731149  0.159881 -0.454284   1.34511
 0.730942  0.164658 -0.452728   1.34471
 0.729012  0.159757 -0.451278   1.33826
 0.72876 0.162307 -0.45047  1.33773
  0.72735  0.160594 -0.450052    1.3335
  0.72788  0.160786 -0.450522    1.3356
 0.729432  0.162771 -0.452543   1.34098
 0.730202  0.161216 -0.452558   1.34223
 0.764087  0.161662 -0.447573   1.40934
 0.769478  0.155712 -0.448936   1.41981
 0.761548  0.152222 -0.450959   1.40415
 0.749374  0.132269 -0.451581   1.37612
  0.75335  0.129399 -0.450613   1.38341
 0.759181  0.154304 -0.454804    1.4016
 0.763736  0.151336 -0.451404   1.40856
 0.759191  0.154529 -0.454722   1.40162
 0.766169  0.159541 -0.446784   1.41283
 0.761829  0.155018 -0.450169   1.40477
 0.759241  0.154632 -0.454526   1.40165
 0.760882  0.154171 -0.450192   1.40274
 0.760413  0.154413 -0.452141   1.40275
  0.75989  0.154878 -0.452785   1.40209
 0.759131  0.154471 -0.454748   1.40149
 0.760446  0.154725 -0.453488    1.4035
 0.759429   0.15459 -0.454162   1.40185
 0.759819  0.154523 -0.454214   1.40261
 0.760588  0.154877 -0.450268   1.40231
 0.759631  0.154539 -0.454136   1.40221
 0.759749  0.155032 -0.454165   1.40248
 0.759334  0.154262 -0.453804   1.40147
  0.75952  0.154619 -0.454164   1.40202
 0.940066  0.160057 0.0776627   1.69073
0.945185  0.16509 0.041638  1.70225
0.946882 0.163688 0.065635  1.70373
 0.944143  0.173836 0.0674728   1.70229
    0.956493      0.13912 -0.000326948      1.72547
  0.965464  0.0837947 -0.0188607    1.74139
 0.957975  0.128641 0.0280131   1.72364
 0.957551  0.110181 0.0232518   1.72365
 0.95106 0.153488  0.06391  1.70972
 0.95452  0.14061 0.052581  1.71567
 0.952509  0.151564 0.0709242   1.71224
 0.952437  0.147622 0.0677182   1.71224
 0.949182  0.162155 0.0393454   1.71158
 0.953904  0.140502 0.0499358   1.71573
 0.949456  0.162251 0.0639834   1.70927
 0.951585  0.153165 0.0409274   1.71221
  0.86658  0.365851 0.0857397   1.57223
0.874853 0.348814 0.116872  1.58751
0.857153 0.370988 0.103126  1.55538
0.862787  0.35946 0.119368  1.56544
0.851644 0.374479 0.121592  1.54802
0.856417 0.362314 0.114247  1.55138
0.866655 0.354282 0.114175  1.57055
 0.865181  0.356568 0.0987342   1.56641
    0.8088   0.427347 -0.0973027    1.47767
 0.817694  0.406313 -0.116726   1.48846
  0.830148   0.404825 -0.0880929    1.51142
0.816815 0.405372 -0.09827   1.4831
 0.831064  0.384453 -0.133913   1.51159
  0.852886   0.381107 -0.0832364    1.55191
   0.83454    0.39163 -0.0932682    1.51601
 0.828747  0.384746 -0.110975   1.50227
   0.87073   0.345395 -0.0769612    1.57666
 0.953976  0.125492 0.0323205   1.71401
 0.953472  0.132327 0.0363459    1.7129
   0.9538  0.132166 0.0293501   1.71325
 0.953744  0.133396 0.0338749   1.71377
 0.952999  0.136851 0.0222769   1.71033
 0.952473  0.142527 0.0310287   1.71045
 0.952481  0.143221 0.0395693   1.71076
  0.948975   0.134298 -0.0986699    1.70554
  0.951185   0.148841 -0.0765783    1.71067
 0.954079  0.136162 0.0199509   1.71339
0.954066 0.134656 0.021804  1.71304
 0.954922  0.129248 0.0172124   1.71565
 0.955525  0.124502 0.0155176   1.71704
 0.955128  0.124804 0.0205687   1.71626
  0.95511  0.123921 0.0166469   1.71595
 0.954202  0.132442 0.0281171    1.7144
  0.95483  0.125666 0.0258731   1.71583
0.954489 0.126122 0.031129  1.71533
 0.954346  0.125359 0.0267049   1.71461
 0.954696  0.129175 0.0178858   1.71497
0.954702 0.124863 0.021034  1.71522
 0.954047  0.131371 0.0210839   1.71365
 0.954641  0.129558 0.0216686   1.71506
 0.955391  0.123338 0.0114787   1.71641
 0.954865  0.128629 0.0141333   1.71524
  0.955033   0.127691 0.00718161    1.71537
 0.955084  0.129529 0.0118504   1.71598
   0.95404   0.130065 -0.0015564    1.71236
  0.953726   0.136903 0.00788211    1.71265
 0.953831  0.137685 0.0158366     1.713
   0.956494    0.118736 -0.00963079     1.71836
   0.956015     0.12224 -0.00754336     1.71725
  0.956162   0.119889 -0.0138666     1.7173
  0.956213   0.122876 -0.0102834    1.71792
  0.955727   0.128361 -0.0141956    1.71636
  0.955185   0.124823 -0.0148514    1.71516
    0.95521    0.128183 -0.00775221     1.71553
 0.949728  0.155515 0.0528198   1.70389
  0.955601   0.131512 -0.0209192    1.71687
  0.956105   0.129854 -0.0164311    1.71772
  0.956594   0.120808 -0.0242368    1.71873
  0.957284   0.117234 -0.0267615    1.72034
  0.957234   0.117452 -0.0216283    1.72015
  0.956899   0.116421 -0.0234205    1.71918
  0.956468   0.120047 -0.0153043    1.71817
  0.957082   0.117857 -0.0165985    1.71976
  0.956904   0.119368 -0.0115139    1.71949
  0.956687   0.117267 -0.0147675    1.71867
  0.956481   0.119938 -0.0203415    1.71818
  0.956861   0.116498 -0.0188806    1.71904
  0.956448   0.119182 -0.0169894    1.71795
  0.956631   0.120114 -0.0193794    1.71864
  0.956911   0.115882 -0.0286389    1.71924
  0.956389   0.120561 -0.0251484    1.71811
  0.956399   0.119206 -0.0315124    1.71808
  0.956549   0.120649 -0.0298953    1.71872
  0.955429   0.124274 -0.0350801    1.71581
  0.955173   0.126192 -0.0334893    1.71559
  0.955222   0.130793 -0.0268218    1.71605
  0.957023   0.111371 -0.0503932    1.71976
  0.956423    0.11689 -0.0468279    1.71849
  0.956305    0.11479 -0.0530826    1.71818
 0.956568  0.115224 -0.052498     1.719
  0.955365   0.126873 -0.0548003    1.71675
  0.955242     0.1167 -0.0538114    1.71559
  0.955241   0.123179 -0.0493999    1.71614
 0.951352  0.151098 0.0281202   1.70668
  0.954617   0.121951 -0.0705019    1.71547
  0.955297   0.126773 -0.0626416    1.71716
  0.955911   0.113965 -0.0735361    1.71842
  0.957345   0.107735 -0.0773624    1.72191
  0.957629   0.107833 -0.0693069    1.72202
 0.956583   0.10819 -0.070384   1.71948
  0.956436   0.113026 -0.0583432    1.71865
  0.957659   0.108786 -0.0619109    1.72171
  0.957614   0.110641 -0.0552889    1.72144
  0.956988   0.109628 -0.0565319    1.71977
  0.955811   0.115437 -0.0662485    1.71773
  0.956878   0.108576 -0.0630052    1.71976
  0.956237   0.115462 -0.0578575    1.71831
  0.956243   0.113942 -0.0659843    1.71875
  0.94698  0.187307 0.0146064    1.7004
  0.94953  0.149387 -0.124009   1.71347
 0.941775  0.149929 -0.154892   1.69938
 0.948626  0.130794 -0.132473   1.70943
 0.945056  0.134093 -0.149067   1.70386
0.947525 0.120807 -0.14627  1.70748
0.946706 0.124405 -0.14721  1.70615
  0.94358  0.139152 -0.152638   1.70175
 0.946662  0.147841 -0.143674   1.70918
0.945586 0.171127 0.061844  1.69537
 0.937689  0.134147 -0.188653   1.69311
 0.938178  0.139871 -0.180399   1.69361
  0.93614  0.142804 -0.188079   1.69067
0.937387 0.135343 -0.18669  1.69227
 0.934088  0.168857 -0.190674   1.69143
 0.936207  0.141279 -0.180282   1.68911
 0.936641  0.143389 -0.179371   1.69031
  0.954599   0.140673 -0.0371246    1.71527
 0.788139  0.396945 -0.211353   1.44086
 0.796614  0.375824 -0.221484   1.45139
 0.806907  0.381633 -0.198557   1.47027
 0.795084  0.378917 -0.207332   1.44526
 0.808937  0.358735 -0.233436   1.47543
 0.827019   0.36722 -0.192664   1.50805
 0.811179  0.371428 -0.202538   1.47683
 0.806274  0.363465 -0.214012   1.46553
   0.87831   0.349712 -0.0149716    1.58943
  0.78389  0.325435 -0.307783   1.43339
 0.803404  0.336473 -0.276466   1.46835
0.774884 0.337661 -0.29977  1.41452
 0.784976  0.344681 -0.282385   1.43247
 0.768948  0.354272 -0.294747   1.40741
 0.774062  0.341426 -0.289224   1.41003
 0.787859  0.337608 -0.286249   1.43809
 0.782138  0.331173 -0.293879   1.42588
  0.947038    0.16785 -0.0965113    1.70631
 0.925768  0.227889 -0.135473   1.67234
0.909248  0.16933 -0.26924  1.65113
  0.91037  0.175864 -0.260111   1.65292
 0.906913  0.180215 -0.268819   1.64837
 0.90875 0.171384 -0.26649  1.65005
 0.904253  0.204016 -0.271231   1.64947
 0.906972  0.180578 -0.262369   1.64729
 0.907834  0.182861 -0.261162   1.64946
 0.752145   0.31184 -0.351555    1.3782
 0.757544  0.299314 -0.352626   1.38524
 0.764587  0.307444 -0.340837    1.3977
 0.756058  0.303152 -0.345662   1.38009
 0.76535 0.291169 -0.35739  1.40243
0.778933 0.305265 -0.33639  1.42686
 0.766978  0.303012 -0.343135   1.40313
 0.763661  0.296822 -0.348214   1.39602
 0.921473     0.209 -0.190803   1.66978
 0.871665  0.219061 -0.326755   1.59665
 0.877968  0.222315 -0.319878   1.60955
0.870575 0.210328 -0.33512  1.59379
 0.870612  0.205052 -0.342648   1.59436
 0.876699  0.199902 -0.333361   1.60349
 0.872008  0.205448 -0.336203    1.5951
0.883688 0.197521 -0.31318  1.61261
 0.882399  0.194432 -0.324111   1.61189
 0.887774  0.188339 -0.314893   1.61962
 0.884283  0.195172 -0.317766    1.6141
 0.873479  0.213414 -0.327609   1.59841
 0.878248  0.200433 -0.326995   1.60476
 0.881861  0.208026 -0.314994    1.6116
 0.876881  0.204689 -0.324888   1.60285
 0.741162  0.274187 -0.387734   1.35891
 0.746158  0.264905 -0.386977   1.36611
 0.750717  0.272564 -0.379124   1.37408
 0.744287  0.268356 -0.382358   1.36076
 0.753101  0.259714 -0.390761   1.38227
 0.762016   0.27348 -0.376394   1.39819
 0.752766  0.270039 -0.380879   1.37948
 0.751322  0.264643 -0.384056   1.37621
 0.759132    0.3497 -0.299648   1.38639
 0.754172  0.339328 -0.315199   1.37774
  0.76841  0.333274 -0.304376   1.40058
 0.763009  0.344445 -0.311198   1.39703
 0.750517  0.328395 -0.329571   1.37156
 0.747282  0.317616 -0.342371   1.36606
0.760718 0.313437 -0.33139  1.38758
  0.75547  0.322671 -0.339117   1.38388
  0.77547  0.322458 -0.312784   1.41584
 0.775321   0.31355 -0.318098    1.4142
 0.759142  0.333519 -0.325913   1.39034
 0.766501  0.318871 -0.327285   1.40031
 0.771615   0.32814 -0.314451   1.40945
    0.764  0.323305 -0.319453   1.39325
 0.847861  0.227143 -0.360178   1.55804
 0.852308  0.229147 -0.355515   1.56671
  0.84742  0.221857 -0.367985   1.55774
0.847885 0.218087 -0.37342  1.55896
 0.853363  0.215004 -0.366266   1.56736
 0.848784  0.218214 -0.368602   1.55887
 0.858294  0.216737 -0.353412   1.57479
0.858908 0.212198 -0.35897   1.5761
 0.864563    0.2085 -0.351115   1.58476
 0.859806  0.212425 -0.353724   1.57598
 0.849524  0.223727 -0.362714   1.56076
 0.854077  0.215226 -0.361528   1.56698
 0.855253  0.220819 -0.354688   1.56944
 0.852748  0.218732 -0.360987   1.56582
 0.813515  0.232695 -0.399132    1.5019
 0.818822  0.230424 -0.400797    1.5121
 0.823635  0.226652 -0.399427   1.51953
 0.824217  0.230377 -0.394441   1.52063
 0.822199  0.228856 -0.399045   1.51796
 0.824446  0.235779 -0.388011   1.52084
 0.816552  0.232767 -0.399049   1.50776
 0.821998  0.235468 -0.394256    1.5182
 0.865829  0.240801 -0.298756   1.57996
 0.807256  0.224889 -0.414764   1.49287
 0.804154  0.227094 -0.414055   1.48791
 0.805162  0.225509 -0.412384   1.48815
  0.80968  0.225528 -0.414813   1.49753
 0.811726  0.225476 -0.414155   1.50057
 0.810187  0.227051 -0.412419   1.49797
 0.810862  0.225941 -0.414246    1.4999
 0.807347  0.229175 -0.407438   1.49143
0.808728 0.226244 -0.41476  1.49598
 0.807924  0.227735 -0.410072   1.49361
  0.80961  0.227536 -0.412808   1.49727
 0.744114  0.307399 -0.354674   1.36107
  0.74086  0.297857 -0.364694   1.35541
 0.752252  0.295074 -0.355823   1.37393
 0.748092  0.302406 -0.362241   1.37108
  0.73861  0.288258 -0.373784    1.3516
 0.736799  0.279125 -0.381811   1.34856
 0.747306  0.277372 -0.373237   1.36566
 0.743252  0.283243 -0.379912    1.3625
 0.758266  0.287629 -0.360972   1.38762
 0.758845  0.280497 -0.364151   1.38781
 0.745534  0.292658 -0.371615   1.36659
 0.751851  0.282077 -0.370541   1.37559
 0.755255  0.290683 -0.362252    1.3817
 0.749312  0.285967 -0.365634   1.36906
0.942984 0.151694 0.186059  1.70418
0.939153 0.147133 0.181728  1.70169
0.937562 0.145618 0.192161  1.69832
0.887999 0.203127 0.268527   1.6106
0.889683 0.161376 0.245244  1.60441
 0.812859 -0.169264  0.141731   1.49445
0.904619 0.174498 0.258281  1.62698
0.879069 0.133399 0.314188  1.59574
0.887982 0.159761 0.253525  1.59816
0.937673 0.156228 0.225019  1.69041
0.891531 0.153031 0.251835  1.60359
0.937101  0.15563 0.229246  1.68845
0.936176 0.152365 0.230906  1.68649
0.872237 0.260224 0.245813  1.57981
0.871015 0.268226 0.239522  1.57755
0.876833 0.263656 0.237082  1.58696
 0.87348 0.266976  0.24159  1.58348
0.869861 0.276543 0.232668  1.57554
0.868462 0.284885 0.225146  1.57295
0.875003 0.278425 0.222297  1.58343
0.871259 0.283608 0.227599  1.57968
0.881728 0.266149 0.229289  1.59509
0.882305 0.269332 0.221328  1.59547
0.872484  0.27523 0.234744  1.58179
0.876811 0.276896 0.226124    1.588
0.878062 0.269811  0.23269  1.59055
0.875714 0.271643 0.229902  1.58503
0.935327 0.141365 0.223566  1.68369
0.930603 0.151468  0.24334  1.67666
0.935126 0.129386 0.219188  1.68299
0.939404 0.156031 0.225233  1.69291
0.934714 0.121212 0.231724   1.6844
0.932125 0.156823 0.231805  1.67985
 0.939479 0.0831874  0.199918   1.68846
0.948586 0.053678 0.185189  1.70736
 0.943321 0.0637564  0.194433   1.69606
 0.944708 0.0610263  0.197109   1.70016
 0.938182 0.0677715  0.216218   1.68813
 0.935476 0.0704403  0.218984   1.68236
 0.940823 0.0768256  0.210254   1.69384
0.937082  0.15073 0.223125  1.68746
0.884184 0.264599 0.231912  1.60082
0.887354 0.250901 0.242752  1.60723
0.878567 0.262122 0.239726  1.59114
0.880559 0.254011 0.245027  1.59506
0.874733 0.258828 0.247584  1.58573
 0.87777 0.256183 0.243006  1.58876
0.883344 0.253794 0.242309  1.59892
0.882864  0.25769 0.235795  1.59722
 0.934882 0.0880823  0.238545   1.68629
0.936325 0.103083 0.223619  1.68686
 0.932709 0.0993379  0.228434   1.67887
0.947067 0.194382 0.225958  1.70476
0.945166 0.188634 0.228185  1.70066
  0.9357 0.154093 0.215109  1.68935
0.935672 0.154606  0.19701  1.69345
0.934713 0.155514  0.23338  1.68414
0.933457 0.157957 0.228372  1.68252
 0.93937 0.150564 0.215282  1.69556
 0.91335 0.184746 0.254219  1.63795
0.887731 0.169759 0.256627  1.59024
0.930794 0.146352 0.239166  1.67605
0.937485 0.136258 0.193132  1.69299
 0.93592 0.157024 0.229668  1.68625
0.937958 0.137269 0.191021  1.69926
0.921556 0.161794 0.257677   1.6614
0.940831 0.137339 0.178853  1.70754
0.902808 0.186362 0.269776  1.61502
0.943024 0.143788 0.163517  1.71135
0.940749 0.148958 0.216205  1.69909
0.942341 0.101256 0.148401  1.71682
 0.924484  0.189374 0.0767738   1.66071
0.929178 0.121205 0.254375   1.6765
0.944069 0.175853 0.142793  1.69554
0.945605 0.132855 0.162389  1.71748
0.949181 0.141845 0.151633  1.71246
0.885531 0.236154 0.254638  1.60205
0.885877 0.239558 0.248242  1.60204
0.880995 0.232638 0.261196  1.59466
0.876496  0.22789 0.268181  1.58764
 0.87527 0.235882 0.263338  1.58531
0.877539 0.234532 0.264973  1.59075
 0.87918 0.247181 0.249668  1.59113
0.874222 0.243958 0.257886  1.58337
0.873184 0.251764 0.251953  1.58136
0.875586 0.250465 0.254055  1.58721
0.882018 0.238605 0.257771  1.59767
0.876586   0.2426 0.259681  1.58905
0.880757 0.245501 0.252831  1.59508
0.879813  0.24054 0.255616  1.59258
0.892166 0.155148 0.287703  1.61615
0.896084 0.163599 0.288987  1.62317
0.897802 0.154431 0.289539   1.6268
0.895587 0.156969 0.288673  1.62179
0.901026 0.166723 0.283429  1.62998
0.907171 0.149327 0.282731  1.64173
0.902956 0.151643 0.286807  1.63426
0.901126  0.15359 0.286189  1.63017
0.900887 0.161249 0.283546  1.63016
0.889857 0.156446 0.288388  1.61113
0.887669 0.165899 0.288849  1.60743
 0.89398 0.165771 0.288373  1.61848
0.890104 0.164405 0.288589  1.61284
0.885543   0.1754  0.28805  1.60377
0.883576 0.184675 0.286191   1.6003
0.890447 0.182742  0.28428  1.61196
0.886189 0.182936  0.28665  1.60625
0.898311 0.169337 0.282255  1.62384
0.898394 0.174305 0.277999  1.62373
0.888124 0.173732 0.288191  1.60959
0.892486 0.180278 0.286046   1.6166
0.894428 0.172346 0.287894  1.62049
0.891984 0.174751 0.286971  1.61506
 0.93283 0.137402 0.231944  1.67926
0.893701 0.269523 0.216371  1.61858
0.933913 0.147024 0.231866  1.68149
0.916101 0.196141 0.257838  1.64289
0.929432 0.133493 0.241944  1.67362
0.928259 0.197266 0.242471  1.66846
0.937121  0.15115 0.222903  1.68767
0.935201 0.156645 0.228035  1.68568
0.936245 0.192959 0.227944  1.68537
 0.93434 0.153706 0.217657  1.68599
0.932326 0.147569 0.201903  1.68456
0.930799 0.156123 0.208109  1.68292
0.922152 0.189249 0.248594  1.65539
0.933891 0.149053 0.197404  1.68793
0.942281 0.178408 0.212566  1.69829
0.938634 0.161257 0.191149  1.69755
0.932493 0.155093 0.217797  1.68282
0.940702 0.167055 0.196171  1.69932
0.934561 0.162536 0.208325  1.68668
0.946337 0.179549 0.213315  1.70335
0.938064 0.171213 0.198427  1.69315
 0.762046  0.120496 -0.438566   1.39305
 0.763341  0.123317 -0.439778   1.39717
 0.755966  0.123741 -0.443603    1.3836
  0.76002  0.116941 -0.437991   1.38758
 0.756418  0.118948 -0.441098   1.38202
 0.757141  0.114674 -0.437847   1.38055
 0.757686  0.116524 -0.439652   1.38348
 0.757413  0.121575 -0.441174   1.38487
 0.760656  0.119816 -0.439856   1.39072
0.769748 0.142734 -0.45026  1.41904
 0.751825  0.125954 -0.447213   1.37735
 0.747617  0.129564 -0.449427   1.37037
 0.749858  0.123821 -0.445836   1.37169
 0.747545  0.126038 -0.446975   1.36782
 0.747764  0.122906 -0.444489   1.36582
 0.748214  0.124214 -0.446216   1.36846
  0.74826  0.127634 -0.447914   1.37044
 0.750675  0.125803 -0.447344   1.37487
 0.764827  0.152922 -0.454486   1.41232
 0.770003  0.130846 -0.441794   1.41351
 0.770889  0.135352 -0.439052   1.41466
 0.740745  0.137363 -0.451687   1.35867
0.741485 0.135966 -0.45194  1.36011
 0.738646  0.135921 -0.450442   1.35288
 0.736939  0.135888 -0.448949   1.34791
 0.738057  0.134279 -0.448463   1.34966
 0.738369  0.135147 -0.448911   1.35074
  0.74074     0.133 -0.450076   1.35658
0.739171  0.13266 -0.44811  1.35151
 0.740201  0.131028 -0.447701   1.35315
 0.740441  0.131928 -0.448187    1.3541
 0.739633  0.135542 -0.450301    1.3548
 0.739424  0.133501 -0.448537   1.35244
  0.74051  0.134055 -0.450315   1.35644
 0.739704  0.134436 -0.450128   1.35463
 0.737372  0.136704 -0.449371   1.34921
 0.738649  0.137005 -0.450789   1.35332
 0.737878  0.138348 -0.451475   1.35244
 0.737648  0.137258 -0.451029   1.35143
 0.738985  0.140518 -0.454104    1.3572
 0.738636  0.139062 -0.452903   1.35537
 0.739616  0.138462 -0.452136    1.3568
 0.773815  0.158665 -0.432631   1.42192
 0.737001  0.144275 -0.454735   1.35424
 0.734999  0.148225 -0.454855   1.35092
 0.735143  0.143497 -0.452266   1.34828
 0.733974  0.145569 -0.452328   1.34625
 0.733518  0.143417 -0.450527   1.34314
 0.733876  0.144215 -0.451996   1.34556
 0.734579  0.146522 -0.454054   1.34914
 0.736043  0.145062 -0.453754    1.3517
 0.780315  0.174393 -0.408308   1.42618
 0.776699  0.161918 -0.417313   1.42085
 0.777467  0.166664 -0.416387   1.42276
 0.733442  0.151587 -0.455225   1.34866
  0.73222  0.155892 -0.454625   1.34662
 0.731462  0.151042 -0.452526    1.3423
 0.730671  0.153337 -0.452213   1.34089
 0.729807  0.151324 -0.451047   1.33729
 0.730241  0.151887 -0.452055   1.33958
 0.731311  0.154087 -0.454102   1.34396
 0.732492  0.152605 -0.453943   1.34599
 0.788806  0.193002 -0.445832    1.4624
  0.79046  0.194678 -0.448344   1.46685
 0.789936  0.201123 -0.444492   1.46641
 0.789593  0.202494 -0.440406    1.4644
 0.783749  0.194435 -0.451384   1.45527
 0.787455  0.198881 -0.449066   1.46294
 0.730424  0.169387 -0.451504   1.34402
  0.73128  0.174691 -0.448911   1.34534
 0.728111  0.169729 -0.448188   1.33667
 0.728419  0.172519 -0.446852   1.33705
 0.726447  0.171185 -0.447239   1.33221
 0.727083  0.170942 -0.447124   1.33407
 0.729129  0.172706 -0.449084   1.34045
 0.729478  0.171057 -0.449283   1.34091
 0.769162  0.159169 -0.437609   1.41472
 0.729559  0.178813 -0.446924   1.34157
 0.730165  0.176905 -0.447016   1.34241
 0.727425  0.179704 -0.443519   1.33466
 0.724762  0.181907 -0.442869   1.32857
 0.724812   0.17873 -0.444111   1.32868
 0.726521  0.180049 -0.444044   1.33246
 0.727323  0.173837 -0.446079   1.33464
 0.724838  0.175705 -0.445208    1.3287
  0.72494  0.172771 -0.446279   1.32888
 0.726504  0.173989 -0.446237   1.33235
 0.728634  0.178251 -0.444443   1.33735
 0.726459  0.176998 -0.445185   1.33231
 0.728328  0.175253 -0.445883   1.33694
 0.727216  0.176617 -0.444769   1.33422
 0.736342  0.150219 -0.458222   1.35655
 0.738823  0.147391 -0.457773   1.36085
 0.725085  0.197091 -0.436427   1.32916
 0.724813  0.192958 -0.438346   1.32869
 0.728502  0.193657 -0.436625   1.33616
 0.727196  0.194683 -0.438127   1.33388
0.724727 0.189076    -0.44  1.32852
 0.724655  0.185319 -0.441546   1.32837
 0.727872  0.186245 -0.440336   1.33521
0.726734 0.186907 -0.44142  1.33295
 0.731151  0.191956 -0.440351   1.34411
 0.731628  0.189591 -0.440572   1.34462
 0.726898  0.190704 -0.439847   1.33329
 0.729264     0.188 -0.439978   1.33833
 0.729963  0.191726 -0.437971   1.33946
 0.727961  0.189724 -0.438543   1.33514
 0.734892  0.169347 -0.456937   1.35711
 0.797354  0.225887 -0.414952   1.47449
  0.78642  0.226383 -0.409064   1.44897
 0.789268  0.229984 -0.408042   1.45535
 0.736246  0.179319 -0.452873   1.35985
 0.738367   0.20122 -0.439444   1.36183
 0.736876   0.19688 -0.440613   1.35831
 0.735279   0.20874 -0.430459   1.35132
 0.735648  0.205709 -0.430881   1.35149
 0.731806  0.211339 -0.425963   1.34143
 0.727289  0.216262 -0.426153   1.33286
0.726622 0.211205 -0.42906  1.33177
 0.729864  0.213242 -0.428541   1.33869
 0.730175  0.201986 -0.431659   1.33881
 0.725973  0.206259 -0.431701   1.33062
 0.725595  0.201523 -0.434174   1.33003
 0.728482  0.203425 -0.433757   1.33622
 0.733585   0.20882 -0.427911   1.34552
 0.729075  0.208316 -0.431278    1.3373
 0.732258  0.204131 -0.430967   1.34332
 0.730715  0.206408 -0.428921   1.33948
 0.747511  0.206814 -0.436822     1.381
 0.740595  0.229769 -0.415347   1.35988
 0.741346  0.225708 -0.416215   1.36072
 0.736196  0.233033 -0.410928   1.34816
 0.730132  0.239718 -0.411643   1.33745
  0.72944  0.233359 -0.415674   1.33633
 0.733624  0.235992 -0.414902   1.34533
 0.734262  0.221579 -0.418781   1.34523
 0.728809   0.22737 -0.419364   1.33532
 0.728095  0.221663 -0.422877   1.33418
 0.731869  0.223953 -0.422181   1.34221
 0.738506  0.229977 -0.413735   1.35358
 0.732741   0.22981 -0.418661   1.34374
 0.736882  0.224255 -0.417732   1.35088
 0.734968  0.226966 -0.415181   1.34612
  0.81598    0.2626 -0.352361    1.4974
 0.773247  0.244306 -0.392919   1.42017
  0.84368  0.244491 -0.338813   1.54624
  0.79914  0.244429 -0.383401   1.46935
 0.886259  0.236147 -0.269297   1.61578
 0.805408  0.274222 -0.348999   1.47906
  0.79938   0.35642 -0.240062   1.45515
0.799363 0.345187 -0.24893   1.4532
 0.789566  0.371189 -0.227931   1.43571
   0.7771  0.392423 -0.218018    1.4166
 0.772114  0.382438 -0.240079   1.40777
  0.78221   0.38773 -0.234324   1.43029
 0.780658  0.351494 -0.267612   1.42062
 0.768032  0.371491 -0.261218    1.4009
 0.763756  0.360356 -0.280677   1.39365
 0.773606  0.365639 -0.275584   1.41528
  0.79368  0.366079 -0.242703     1.447
 0.778153  0.376756 -0.255736   1.42325
 0.787523  0.357181 -0.261599   1.43595
 0.784701  0.361615 -0.249719   1.42765
 0.904903  0.224516 -0.231094   1.64467
 0.796272  0.425185 -0.105982   1.45015
 0.789065  0.420234 -0.136212   1.43697
 0.809652  0.402799 -0.125475   1.47028
 0.800755  0.424892 -0.127966   1.46351
 0.784576  0.412093 -0.165511   1.42907
 0.780799  0.402133 -0.191837    1.4222
 0.801013   0.38726 -0.177953   1.45459
 0.791766  0.407915 -0.184768   1.44717
  0.82132  0.383311 -0.141676   1.49042
 0.821842  0.370862 -0.156029   1.48897
0.796162 0.417306 -0.15773  1.45533
 0.808039  0.393679 -0.169307   1.47117
 0.814175  0.400718 -0.145299   1.48303
 0.804541  0.396717 -0.154644   1.46159
 0.935472  0.190919 -0.152671   1.69141
 0.821914  0.416646 0.0209955   1.49346
    0.81542    0.422374 -0.00892021     1.48218
   0.834914      0.4008 -0.00454519     1.51365
    0.826396     0.423557 -0.000338272      1.50716
  0.809549   0.425465 -0.0402599    1.47226
  0.803242   0.425993 -0.0723382    1.46146
  0.825444   0.403862 -0.0628014    1.49734
  0.815283   0.428257 -0.0635135    1.48846
  0.848063   0.381955 -0.0225626    1.53515
  0.850038   0.373213 -0.0431949    1.53723
  0.821126   0.427108 -0.0316053    1.49838
  0.833366   0.406932 -0.0519891    1.51571
  0.838768   0.405829 -0.0238783    1.52553
  0.830048   0.404552 -0.0342955    1.50573
  0.953378   0.136851 -0.0252484    1.71097
 0.84531 0.376543 0.117345  1.53388
 0.839695  0.387982 0.0982382   1.52406
 0.852309  0.372353 0.0970141   1.54424
0.846672 0.386697  0.10379  1.53997
 0.834002  0.398959 0.0757384   1.51428
 0.828006  0.407779 0.0504551   1.50349
 0.844608  0.387957 0.0533388   1.53035
 0.837138  0.408071 0.0585701   1.52468
 0.860266  0.367453 0.0796859   1.55786
 0.860957  0.366994 0.0615144   1.55813
 0.842169  0.398037 0.0823829   1.53293
 0.850158  0.388429 0.0634506   1.54377
 0.854517  0.380762 0.0836092   1.55181
 0.848221  0.382012 0.0756972   1.53734
0.950447 0.138062 0.081779  1.70561
0.953118 0.131999 0.105064  1.71325
0.871883 0.331582 0.147358  1.57784
0.872613 0.332989 0.133934  1.57812
0.865031 0.332472 0.160925  1.56599
0.858876 0.333169 0.176308  1.55664
0.856167 0.342986 0.163889  1.55184
0.860483  0.34167 0.167462  1.56194
0.860478 0.350297 0.132444  1.55801
0.853365 0.353383 0.149992  1.54718
0.849791 0.364082 0.134747  1.54107
0.855185 0.362549 0.138931  1.55344
0.866918 0.340184 0.151598  1.57179
0.858197 0.351865 0.153707  1.55831
0.864061 0.349143 0.138492  1.56663
0.862662 0.342196 0.146981  1.56206
0.936583 0.130461 0.217635  1.68663
0.890492 0.330399 0.121639    1.616
0.877629 0.298314 0.194143  1.58766
0.878167 0.300963 0.184263  1.58782
 0.87206 0.296701 0.204982  1.57836
0.867016 0.294444  0.21698  1.57067
0.865123 0.303735 0.208436  1.56733
 0.86829 0.302339 0.210862  1.57478
0.869232 0.313159 0.184975  1.57315
0.863173 0.313448  0.19878    1.564
0.861031 0.322747 0.188136   1.5601
 0.86477 0.321451 0.191364  1.56897
0.873512 0.303973 0.198545   1.5828
0.866672 0.311974 0.201415  1.57218
0.871623 0.311783  0.18968   1.5791
0.870448 0.305916  0.19519  1.57571
0.936274 0.141595 0.222553  1.68604
0.937752 0.129725 0.200192  1.68813
0.926752  0.13159 0.249071  1.67046
0.892305   0.2984 0.177692  1.61656
0.890478 0.205238  0.27287  1.61086
0.890457 0.208995 0.267708  1.61019
0.886337 0.200559 0.278871  1.60452
0.881834 0.194049 0.283757  1.59732
0.880238 0.202598  0.28066  1.59438
0.882565 0.201053 0.281632  1.59981
0.883744  0.21611 0.270493  1.59966
0.878931   0.2111 0.276923  1.59203
0.877657  0.21928 0.272702  1.58964
0.879962 0.217807 0.274067  1.59511
0.887102 0.206951 0.276291  1.60701
0.881257 0.209577 0.278014  1.59747
0.885359 0.214219 0.272932  1.60353
0.884695 0.209069 0.274943  1.60165
 0.91951 0.113936 0.271781  1.66191
0.922927 0.122325 0.259749   1.6663
0.918011 0.120725 0.272419  1.65826
 0.91404 0.110405 0.281221  1.65273
0.908339 0.112924 0.293771  1.64521
0.910115 0.118726 0.285159  1.64545
0.910577 0.111812 0.283652  1.64546
0.902355 0.116541 0.296269  1.63521
0.896359 0.119109 0.289548  1.62264
0.901058 0.127672  0.29344  1.63251
0.899801 0.120922 0.293222  1.62891
0.905012 0.133679 0.290749   1.6388
0.909048 0.130171 0.284284  1.64355
0.907705  0.13159 0.283942  1.64054
0.905572 0.116489 0.292337  1.63872
0.904075 0.127235 0.290789  1.63579
0.908455 0.122431 0.282984  1.64131
0.906167 0.123896 0.292682  1.64082
0.924168 0.146395 0.258479  1.66652
0.915091 0.114711 0.280046  1.65419
 0.91242 0.118054 0.279952   1.6482
0.913911  0.12474 0.273021  1.64923
0.911873 0.129129 0.281345  1.64872
0.924198 0.126005 0.257396  1.66606
 0.793929  0.204769 -0.438438    1.4732
0.794618 0.198679 -0.44327  1.47454
 0.801431  0.201185 -0.436439   1.48601
 0.796197  0.201504 -0.438865   1.47618
 0.793786  0.195392 -0.446966   1.47337
 0.790428  0.188527 -0.442168   1.46343
   0.7975   0.18745 -0.438788   1.47618
 0.793414   0.18934 -0.440803   1.46892
 0.810928   0.19603 -0.433217   1.50272
 0.807245  0.185731 -0.433948   1.49377
0.827317 0.185295 -0.42256  1.53107
 0.812423   0.18774 -0.429989   1.50271
 0.795764  0.196225 -0.444367   1.47626
0.801018 0.188307 -0.43711  1.48254
 0.803197  0.197231 -0.436905   1.48825
 0.800674  0.194611 -0.442069   1.48509
 0.739348  0.191299 -0.446523   1.36553
 0.956559  0.099354 0.0921349   1.71758
 0.954344   0.14531 0.0763859   1.71614
 0.954998  0.125746 0.0650082    1.7151
 0.961325 0.0722791 0.0674112   1.72622
 0.959069  0.106218 0.0555323   1.72358
 0.963222 0.0460324 0.0336094   1.73067
 0.961769 0.0961465  0.038949   1.72909
 0.956846  0.121399 0.0598271   1.71898
0.958844 0.110387 0.082697  1.72386
0.936335 0.139019  0.21091  1.68589
 0.759854  0.153652 -0.453747   1.40233
 0.759521  0.153165 -0.453971   1.40171
0.760274 0.153941 -0.45445  1.40351
 0.759316  0.153433 -0.454446   1.40156
 0.759256  0.153686 -0.454616   1.40156
 0.759382  0.153266 -0.454259   1.40158
 0.759328  0.153271 -0.454311    1.4015
 0.761132  0.152528 -0.451245   1.40344
 0.761802  0.151638 -0.449273    1.4037
 0.743224  0.138275 -0.455398   1.36667
  0.74666  0.135469 -0.454493   1.37279
 0.761809  0.157815 -0.453015   1.40653
 0.763088  0.152042 -0.450424   1.40686
 0.765698    0.1518 -0.456515   1.41492
 0.760979  0.151315 -0.451221   1.40292
 0.758026  0.127283 -0.445831   1.39005
 0.762727  0.126983 -0.444205   1.39904
 0.760873  0.152326 -0.453313    1.4039
 0.761502  0.150083 -0.449528   1.40294
0.767551 0.148971 -0.45612  1.41807
 0.748464  0.135338 -0.453716   1.37605
 0.768234  0.145352 -0.449856   1.41579
 0.759309  0.154525 -0.454218   1.40162
 0.759335   0.15477 -0.454427   1.40182
 0.759973  0.155081 -0.453857   1.40278
 0.759194  0.154693 -0.454645   1.40161
 0.762673  0.157779 -0.452981    1.4082
 0.760935  0.158141 -0.453314   1.40493
 0.759114  0.154122 -0.454727   1.40139
 0.760664  0.152599 -0.453359   1.40349
 0.759166  0.153786 -0.454622   1.40139
 0.760458  0.153538 -0.454689   1.40387
 0.760183  0.153707 -0.454514   1.40331
0.764022 0.149327 -0.46028   1.4129
 0.759833  0.153453 -0.453789   1.40227
 0.758955  0.153651 -0.454035   1.40068
 0.759689  0.153313 -0.453716   1.40194
 0.759447  0.153126 -0.453999   1.40156
 0.759197  0.153482 -0.454248   1.40123
 0.759449  0.153205 -0.454067   1.40162
 0.759599  0.153338 -0.453828   1.40183
 0.759351  0.153155 -0.454062    1.4014
0.773851 0.159558 -0.42454  1.41815
 0.733487  0.157664 -0.458308   1.35235
 0.735531  0.154805 -0.457999   1.35577
 0.740522  0.142543 -0.456868   1.36276
 0.742324  0.150123 -0.463754   1.37158
 0.761195  0.150939 -0.451165   1.40333
 0.735264  0.160687 -0.458923   1.35709
  0.76426  0.159274 -0.454053    1.4121
 0.759065   0.15415 -0.454575    1.4012
 0.762951  0.159425 -0.454585   1.40977
 0.759091  0.154561 -0.454768   1.40141
 0.759173  0.154826 -0.454785   1.40162
 0.757223  0.161585 -0.448468   1.39594
 0.760773  0.155725 -0.450764   1.40306
 0.760152  0.154817 -0.451015   1.40178
 0.759494  0.155061 -0.451858    1.4009
 0.758979  0.154278 -0.454559   1.40104
0.760203  0.15494 -0.45219  1.40244
 0.759462  0.155005 -0.454619   1.40215
 0.759763  0.154993 -0.454523   1.40269
 0.760161  0.156112 -0.450965   1.40197
  0.75959  0.154949 -0.454568   1.40238
 0.759557  0.155176 -0.454221   1.40215
 0.948348  0.161651 0.0827063   1.70367
  0.94989  0.158949 0.0858618   1.70724
 0.882455  0.355526 0.0597688   1.60214
0.904926 0.265141 0.192231  1.63549
 0.949903   0.15886 0.0729864   1.70609
 0.953325   0.15025 0.0257287   1.71175
  0.952771   0.145641 0.00083104    1.70966
    0.95446    0.142154 0.000990046     1.71382
  0.954355   0.143737 -0.0155759    1.71421
  0.951821   0.148184 -0.0549593    1.71023
 0.947154  0.169191 0.0346093   1.69805
   0.9496  0.168151 0.0316564   1.70416
 0.953164  0.132119 -0.056845   1.71176
 0.850518  0.347737 -0.178411   1.55046
  0.950445   0.159551 -0.0100135    1.70527
  0.948859   0.164289 0.00836459    1.70154
 0.938298  0.148978 -0.146356   1.68921
 0.943961  0.163222 -0.129675   1.70278
 0.928141  0.174094 -0.186243   1.67731
 0.828372  0.323919 -0.262702   1.51637
   0.85398   0.362088 -0.0847606    1.54585
 0.845984  0.345613 -0.115047    1.5254
 0.913485   0.19251 -0.225221    1.6558
 0.895965  0.209721 -0.262688   1.62951
 0.798411  0.302242 -0.326324   1.46586
 0.910187  0.249608 -0.177047   1.64942
  0.87726  0.226528 -0.293374   1.60056
 0.779154    0.2765 -0.369982   1.43438
 0.890082   0.26673 -0.221456   1.61832
 0.826708  0.238148 -0.368192     1.519
 0.838287  0.243119 -0.356523   1.54122
 0.840216   0.27485 -0.312022   1.53834
 0.809063  0.234303 -0.391829   1.49009
 0.818974  0.240387 -0.383344    1.5096
 0.801008  0.229838 -0.414184    1.4828
 0.797498  0.238358 -0.400173   1.47152
 0.805753  0.232857 -0.409431   1.49152
0.941142 0.137369 0.185423  1.70713
 0.936543 0.0885708  0.154411    1.6909
0.939432 0.135912 0.191105  1.69719
0.898895 0.158493 0.273279  1.61275
0.895764 0.172391 0.273839  1.60193
 0.91047 0.115915 0.268983  1.63807
 0.90823 0.144695 0.280252  1.63103
 0.93935 0.155239 0.223414  1.69372
0.902055  0.16528 0.279115  1.61416
0.938657 0.155491 0.226584  1.69125
0.937637 0.153435 0.227339  1.68903
0.936711 0.148838 0.225721  1.68706
0.896111 0.241922 0.242165   1.6223
 0.93924 0.154763 0.225357  1.69226
0.936155 0.135283 0.211567  1.68468
0.932023 0.153773   0.2372  1.67865
 0.949466 0.0747227  0.178763   1.70937
 0.947343 0.0766909  0.190778   1.70607
 0.941875 0.0947866  0.197408   1.69482
 0.946366 0.0995109  0.181807    1.7038
 0.945669 0.0873388  0.181689    1.7009
0.938607 0.154537 0.225166  1.69068
0.937302 0.152111 0.222109  1.68788
 0.93752 0.121755 0.200731  1.68631
 0.90478 0.290276 0.120902  1.63198
0.938898 0.113185 0.210147  1.69081
0.941126 0.185196 0.216282  1.69587
 0.93652 0.181275 0.218388  1.68797
0.932624 0.158071 0.203526  1.68633
 0.93118 0.186448 0.232431  1.67503
0.933036 0.157427 0.233999  1.68091
0.930141 0.158482 0.232213  1.67622
0.911226 0.186821 0.265346  1.63224
0.940002 0.153515 0.223397  1.69501
0.903053 0.178606 0.276466  1.61507
0.940861 0.148068 0.217723  1.69766
0.939345 0.127621 0.191781  1.69381
0.934375  0.14158 0.200622  1.68183
0.939568 0.118816 0.183891  1.70098
0.924566 0.155353 0.227896  1.66672
0.941848 0.112856 0.186524  1.70806
0.931472 0.124502 0.248694  1.67384
0.908228 0.162312 0.271018   1.6256
 0.923195 0.0338782  0.193007   1.66235
0.938969 0.110001 0.148177  1.70677
0.927491 0.142051 0.260565   1.6666
 0.90452  0.18497 0.269017  1.63438
0.907809 0.149282 0.280171  1.64046
0.905932 0.161929 0.275406  1.63684
0.899898 0.213317  0.26038  1.62826
0.928878 0.142847 0.248217  1.67405
0.939607 0.154658 0.225347  1.69336
0.901389 0.229156 0.231568  1.62563
0.931697 0.155805 0.238399  1.67863
0.921631 0.187518 0.239677  1.65664
0.92894 0.18433 0.22537 1.67365
0.926635 0.154007 0.251302  1.66999
0.931153 0.154184  0.22106  1.67968
0.929281 0.150249 0.207733  1.67858
0.927358 0.157232 0.214014  1.67544
0.916949 0.179154   0.2454  1.64692
0.930753 0.152188 0.203004  1.68168
 0.93343  0.16935 0.205079  1.68348
0.935939 0.165216 0.201245  1.68989
 0.92907 0.155599 0.221406  1.67592
0.936267 0.168684 0.203567  1.69021
0.932665 0.165283 0.210066   1.6818
 0.755217  0.130742 -0.448656   1.38634
 0.763893  0.150575 -0.457208   1.41128
 0.762601  0.150313 -0.451861   1.40622
 0.764815  0.139287 -0.452451   1.40919
 0.743606  0.140984 -0.456695   1.36877
 0.766043  0.162365 -0.438849   1.40947
 0.760238  0.151765 -0.453595   1.40261
 0.740473  0.146504 -0.458321   1.36435
 0.768989  0.163997 -0.426565   1.40979
 0.760402  0.162625 -0.444391   1.40062
 0.771066  0.184855 -0.444645   1.42493
 0.745695  0.143536 -0.461737   1.37612
 0.732083  0.166165 -0.456852    1.3505
 0.733474  0.163132 -0.456823   1.35268
 0.744977  0.185502 -0.453645   1.37879
  0.74046  0.167767 -0.462719   1.37082
 0.732292  0.175927 -0.453371   1.35113
0.733019 0.172639 -0.45366  1.35204
 0.74176 0.176046 -0.45946  1.37338
0.734014 0.187408 -0.44763  1.35408
 0.734126   0.18362 -0.448246   1.35376
0.762384 0.221654  -0.4158   1.4027
 0.755697  0.194915 -0.451209   1.40072
0.785948 0.206139 -0.44041  1.45853
 0.777203  0.199402 -0.449867   1.44367
 0.779623  0.205444 -0.439874   1.44501
0.745222 0.220883 -0.42749  1.37463
 0.744313  0.215144 -0.428893   1.37193
 0.757055  0.206882 -0.433963   1.39722
 0.753018   0.24449 -0.406464   1.38649
 0.752502  0.235959 -0.409797   1.38463
 0.766119   0.25048 -0.400957   1.41329
 0.763664  0.271095 -0.377572   1.40285
 0.761926  0.260787 -0.382969   1.39848
0.789332 0.253173 -0.38471   1.4535
 0.779634  0.299324 -0.337003   1.42813
 0.774894  0.287682 -0.345487   1.41754
0.802993 0.326504 -0.27886  1.46593
 0.794298   0.31436 -0.291307   1.44673
 0.866441  0.278771 -0.265874   1.58214
 0.855824  0.265396 -0.304111   1.56771
0.829573 0.351804 -0.19169  1.50732
0.824596 0.335667    -0.21   1.4946
  0.937117   0.204517 -0.0973756    1.68858
 0.896987  0.291134 -0.136779   1.62177
  0.948869   0.155593 -0.0561302    1.70352
0.918936 0.211384 -0.17217  1.65921
0.871473 0.353654 0.041753  1.57506
   0.873498    0.355577 -0.00697212     1.58171
0.879084  0.33538 0.112951  1.59023
0.878843 0.337551 0.083366  1.58805
 0.947091   0.16418 0.0995944   1.70119
 0.942272  0.199079 0.0491508   1.69067
 0.947909  0.172503 0.0572519    1.7013
0.885894 0.300867 0.168947   1.6009
0.887404 0.304782 0.146182  1.60231
0.900006 0.272169  0.16204  1.62078
 0.88839 0.272458 0.209661  1.60571
0.889605 0.280048 0.190008  1.60693
0.890761 0.245669 0.238542  1.61017
0.891073 0.252418 0.225096  1.60953
0.936393 0.146259 0.218234  1.68616
0.894516 0.217397 0.259217   1.6167
0.894073  0.22414 0.249165  1.61465
0.900465 0.187957  0.27299  1.62735
0.898376 0.194872 0.265764  1.62188
0.913415  0.14673 0.276263  1.65192
0.936248 0.147805 0.216956  1.68559
 0.778124  0.233073 -0.408403   1.43555
 0.790284  0.211048 -0.431899   1.46414
 0.794909  0.215916 -0.427023   1.47273
0.795876 0.220457 -0.42111    1.473
 0.798336  0.223948 -0.417729   1.47749
 0.788461  0.221959 -0.418018   1.45686
  0.79401  0.218588 -0.421806   1.46882
 0.768367  0.213356 -0.427686   1.41922
 0.786923  0.191088 -0.448307   1.45934
 0.777885  0.188314 -0.441791   1.43861
0.785187 0.192591 -0.45049  1.45731
 0.952681 0.0854713     0.121   1.70969
 0.952483 0.0731222  0.145801   1.71122
 0.949948 0.0557555  0.142752   1.70358
 0.947858 0.0872002  0.153605   1.70175
 0.950984 0.0900297  0.141639   1.70807
0.935351 0.150363 0.217643   1.6841
0.943343 0.115572 0.158058  1.69394
 0.949476  0.148024 0.0922137   1.70473
 0.759992  0.153388 -0.453937   1.40264
 0.759608  0.153104 -0.453845    1.4018
 0.759517  0.153056 -0.453954   1.40166
 0.760327  0.153589 -0.454805   1.40372
 0.760631  0.153352 -0.454904   1.40431
  0.75911  0.153796 -0.454401   1.40117
 0.762804  0.161068 -0.452976   1.40901
 0.759876  0.153122 -0.454163   1.40246
0.750065 0.138805 -0.45911  1.38277
 0.760102  0.153435 -0.454919   1.40327
0.761704  0.14954 -0.44988   1.4035
 0.756029  0.135702 -0.456118   1.39293
 0.758563  0.154383 -0.453645   1.39981
 0.762764  0.149484 -0.453721   1.40735
0.764418 0.146639 -0.45737  1.41173
 0.757979  0.148078 -0.452778   1.39706
 0.759907  0.136131 -0.455791   1.40058
 0.770841  0.137903 -0.442404   1.41646
 0.764095  0.136989 -0.454252   1.40867
 0.760479  0.148829 -0.450371   1.40105
0.759387 0.154911  -0.4547  1.40203
 0.759278  0.154953 -0.454698   1.40181
 0.759436  0.155033 -0.453404    1.4015
 0.759087  0.154715 -0.454699   1.40139
 0.761849  0.160075 -0.454972   1.40781
 0.758786  0.154204 -0.453901   1.40034
 0.759012  0.153926 -0.454395   1.40098
 0.760235  0.153046 -0.455088   1.40352
0.761071  0.15988 -0.45545  1.40651
 0.759079  0.153597 -0.454264   1.40101
 0.759726  0.152723 -0.455657   1.40272
 0.759198   0.15333 -0.454158   1.40116
 0.759349  0.153176 -0.454158   1.40144
 0.759317   0.15325 -0.454117   1.40138
 0.759712  0.153171 -0.453814   1.40201
 0.758933  0.153589 -0.454117   1.40065
 0.759833  0.153202 -0.454019   1.40231
 0.759548  0.153054 -0.454097   1.40178
 0.765345  0.162896 -0.433162   1.40541
 0.740995  0.160295 -0.464166   1.37118
 0.747914  0.151873 -0.470865    1.3865
 0.763498  0.161757 -0.443199    1.4063
 0.762377  0.161293 -0.450358   1.40716
 0.760322  0.150241 -0.451536   1.40156
 0.761644   0.16083 -0.454522   1.40741
 0.758838  0.154286 -0.453967   1.40046
 0.758993  0.154724 -0.454136   1.40092
 0.760274   0.16194 -0.451141   1.40332
0.760423 0.157943 -0.45346    1.404
 0.759806  0.155917 -0.451493   1.40151
 0.759134  0.154941 -0.453968   1.40116
 0.760157  0.161168 -0.455055   1.40467
 0.759753  0.155236 -0.451137    1.4011
 0.759614  0.155178 -0.452866   1.40162
 0.759448  0.155095 -0.454424   1.40202
 0.759067  0.155727 -0.452202   1.40034
 0.759273  0.155064 -0.454477   1.40168
 0.759168  0.155137 -0.453486   1.40101
 0.947098  0.173115 0.0794789   1.70071
 0.900561  0.312859 0.0800936   1.62685
 0.898035  0.322056 0.0271046   1.62185
0.896459 0.293786   0.1102  1.61288
  0.951014   0.164386 0.00350837     1.7074
 0.891062  0.310068 0.0492189   1.60191
   0.95131   0.166511 -0.0263421    1.70946
  0.946695   0.188759 -0.0146789    1.70065
 0.946559   0.19035 -0.050593   1.70386
 0.943535  0.196894 0.0137886   1.69327
  0.943377   0.177292 -0.0964728     1.6986
0.933058 0.189228  -0.1321  1.68075
 0.881226   0.33403 -0.139997    1.6046
  0.927561   0.244621 -0.0885205    1.67294
0.868319 0.316266 -0.20524  1.58192
  0.937081   0.218496 -0.0508753    1.68569
 0.901078  0.231572 -0.214465   1.63235
 0.879553  0.249503 -0.258505   1.60013
0.834254 0.307388 -0.26063  1.51886
 0.884601  0.273017 -0.200258   1.60121
  0.80483   0.28735 -0.317818   1.46833
 0.851566  0.297011 -0.250731   1.55091
 0.822156  0.242786 -0.370699   1.51146
 0.803842  0.240392 -0.393704   1.48262
 0.827465   0.29175 -0.304394    1.5152
 0.834239  0.263459 -0.342724   1.53441
0.940653 0.124882 0.194723  1.69678
  0.93911 0.0998433  0.207998   1.69032
0.939981 0.136457 0.236461  1.69237
0.941838 0.145262 0.221549  1.70019
0.940469 0.152523 0.224529  1.69653
0.907558 0.176082  0.26583  1.62472
 0.92848 0.156105 0.243988  1.67249
0.941464  0.14325 0.229487  1.69796
0.909573 0.166956 0.270092  1.63003
0.938248 0.154125 0.225529  1.68994
0.907326  0.22309 0.242531  1.64053
0.938577 0.153632  0.22585  1.69092
0.935721 0.141313  0.20905  1.68419
0.918132  0.16944 0.240895  1.65014
0.905054  0.24559 0.220371  1.63609
0.937823 0.154313 0.225517  1.68888
0.936434 0.132719 0.198369  1.68481
0.938943 0.121875 0.183809  1.68813
 0.94143 0.121843   0.1787  1.69329
0.935636 0.149875 0.216998  1.68474
 0.93438  0.18046 0.214883  1.68585
0.929965 0.175325 0.219146  1.67697
 0.93142 0.163268 0.214798   1.6792
0.924156 0.178497 0.229853  1.66352
0.929793 0.158823 0.238998  1.67499
 0.91587 0.170746  0.24513  1.64567
0.910957 0.175209 0.259961  1.63351
0.939296 0.151598 0.225457  1.69342
0.940952 0.146637 0.223698  1.69664
0.936575 0.153004 0.223013   1.6864
0.936334 0.152343 0.228316  1.68638
0.915032 0.154887  0.27249  1.64111
0.938384 0.152916 0.227323  1.69101
0.916802 0.141202 0.266631  1.64316
0.943112  0.11643 0.198174  1.70003
0.916448 0.158459 0.258178  1.64599
0.939444 0.121306  0.19685  1.69088
0.937192 0.139035 0.239063    1.687
0.916545 0.144246 0.263019  1.65212
0.907824 0.168221 0.275784  1.64076
0.921757 0.141917  0.26026  1.66339
0.915719 0.158334 0.266241  1.65224
0.926138 0.148898 0.248741  1.66853
0.936665 0.152805 0.222294  1.68661
0.928346 0.157499 0.243606   1.6725
0.918368 0.177643 0.240572  1.65106
0.928809 0.157526 0.235588   1.6736
 0.92463 0.177432 0.229672  1.66515
0.927764   0.1546 0.224788  1.67302
 0.92607 0.151758 0.213314  1.67203
0.928894  0.17051 0.219294  1.67339
0.926443 0.162136 0.243948  1.66903
0.927421 0.153654  0.20897  1.67482
0.929214 0.159477 0.209645  1.67873
0.932262 0.167076 0.211322  1.68078
0.924211 0.158623 0.219468  1.66814
0.930035 0.172729 0.213585  1.67594
0.926269 0.168015 0.221619  1.66595
 0.753966  0.138527 -0.457332   1.38982
 0.760504  0.148361 -0.456961   1.40411
 0.760158  0.144051 -0.460961    1.4045
 0.749341  0.142732 -0.460702   1.38291
 0.759581  0.161262 -0.453274   1.40288
 0.745939  0.148456 -0.463613   1.37862
 0.760199  0.149899 -0.451705   1.40141
 0.742946  0.153776 -0.464309   1.37393
 0.739365  0.155942 -0.463788   1.36671
 0.761267  0.186191 -0.462935   1.41525
 0.737557  0.163096 -0.462845   1.36393
 0.749215  0.186624 -0.460414   1.39044
 0.746543  0.161189 -0.472533   1.38647
 0.737393  0.171279 -0.460304   1.36383
 0.747653  0.174788 -0.469876   1.38997
 0.738943  0.180506 -0.455289   1.36614
  0.75089  0.182343 -0.465611   1.39574
 0.742301  0.191204 -0.447442   1.37099
 0.750162  0.197024 -0.445086   1.38734
 0.750625  0.204173 -0.436687   1.38518
 0.785755   0.26535 -0.360159   1.43806
 0.814828  0.255068 -0.372428   1.50188
 0.863156  0.316939 -0.168099   1.56171
 0.908134  0.252982 -0.160164   1.64142
  0.884473   0.331333 -0.0862538    1.60183
   0.9225  0.231827 -0.122368   1.66224
  0.897568   0.312863 -0.0844058     1.6243
  0.89004  0.319188 -0.019849   1.60356
 0.914145  0.294517 0.0511046   1.64924
 0.944991  0.199244 0.0442386   1.69763
0.942157 0.138612 0.149624  1.69148
 0.925614  0.267665 0.0436821   1.66741
0.936892 0.175005 0.159991  1.68374
0.906933 0.275299 0.153757  1.63621
  0.9173 0.239585 0.193066  1.65522
0.915978 0.247255 0.169968  1.64994
0.921749 0.262945 0.107072  1.65989
0.899725  0.25108 0.203627  1.62155
0.935035 0.145533 0.208981  1.68357
0.941191 0.189392 0.131073  1.69267
0.912108 0.165441 0.263032    1.644
0.916979 0.185599 0.252707  1.65385
0.905027 0.205117 0.251887  1.63306
0.909173 0.183694 0.263522  1.64121
  0.78748  0.211596 -0.433271   1.45938
 0.775042  0.208298 -0.428405   1.43015
  0.77983  0.216852 -0.425665   1.44115
 0.765446  0.197326 -0.447631   1.41964
 0.768585   0.19387 -0.457243   1.42866
  0.77112  0.180385 -0.447809   1.42678
0.948119 0.117018 0.124786  1.70161
0.947323 0.112391 0.156675  1.70313
0.935539 0.141313 0.198403  1.68422
0.949402 0.119691 0.119901  1.70386
0.932945 0.148214 0.201042  1.67984
 0.944992   0.16541 0.0899149   1.69489
0.928098 0.248268 0.102864  1.67051
 0.760141  0.153303 -0.455365   1.40355
 0.759138  0.153317 -0.454206   1.40105
 0.760266  0.152853 -0.455423   1.40374
0.758855  0.15398 -0.45397  1.40048
 0.760236   0.15149 -0.453621   1.40264
 0.754856  0.151813 -0.469494   1.39937
 0.754764   0.14638 -0.467054   1.39743
0.759549 0.157874 -0.45376  1.40232
 0.759155  0.150986 -0.453918   1.40054
 0.760172   0.14834 -0.451184    1.4008
0.761103 0.149115 -0.45435  1.40415
 0.761495  0.148984 -0.461189   1.40806
 0.760487   0.14797 -0.464811   1.40771
 0.764355  0.144952 -0.459439    1.4126
 0.759733  0.142363 -0.463188   1.40491
0.759164 0.149649 -0.45212  1.39942
 0.758801  0.154431 -0.453923   1.40039
 0.759348  0.157555 -0.453881   1.40199
 0.759939  0.159894 -0.455846   1.40437
 0.75844 0.160467 -0.45661  1.40184
   0.7588  0.153892 -0.453997   1.40037
 0.759802  0.153287 -0.455522   1.40292
 0.759616  0.153013 -0.454645   1.40213
0.759663 0.160693 -0.45618   1.4042
 0.756924  0.159262 -0.456932    1.3989
0.759128 0.153375 -0.45412  1.40102
 0.759381  0.153119 -0.454169   1.40148
 0.758536  0.154148 -0.454484   1.40011
 0.746039  0.167505 -0.471991    1.3864
0.760554 0.163665 -0.43503  1.39644
 0.743668  0.163364 -0.471809   1.38057
 0.759462  0.161606 -0.447622   1.40017
 0.759444  0.151158 -0.453954    1.4011
  0.75214  0.152277 -0.470634    1.3945
  0.75858  0.154518 -0.453261   1.39964
 0.75623 0.160488 -0.44389  1.39154
0.757863 0.150913 -0.45408  1.39804
 0.759608  0.159513 -0.456138   1.40386
 0.758777  0.154683 -0.453157   1.40003
 0.758365  0.155056 -0.453609    1.3995
 0.759202  0.156014 -0.451694   1.40038
 0.758967  0.154908 -0.454015   1.40083
 0.758657  0.156891 -0.454072   1.40059
 0.759102  0.155241 -0.451984   1.40019
0.942568 0.199482  0.10212  1.69467
 0.943755  0.201454 0.0718852   1.69589
  0.940295   0.225597 -0.0118266    1.69228
  0.91084  0.284327 0.0681662   1.63901
   0.945034    0.204242 -0.00839648     1.69962
  0.934937   0.225769 -0.0502364    1.68155
  0.943705   0.200368 -0.0503589     1.6981
   0.93477   0.207115 -0.0888313     1.6814
  0.926651   0.243726 -0.0753174    1.66855
  0.934799   0.228823 -0.0163403    1.67992
0.910188 0.290716 -0.12496  1.65096
  0.925104   0.266276 -0.0475829    1.66815
 0.915549  0.268125 -0.123143   1.65655
 0.895341  0.292935 -0.165964   1.62459
0.939254  0.15007 0.228249  1.69371
0.924227 0.150752 0.254656  1.66146
0.913624 0.173066 0.250502  1.63996
0.927535 0.142209 0.249808  1.66594
0.937727 0.154091 0.226503  1.68888
0.924871 0.161782 0.247625  1.66615
0.934153 0.152343 0.218067  1.68192
 0.92567 0.155996 0.225195  1.66917
0.934396 0.146176  0.20982  1.68218
0.934761 0.153464 0.225499  1.68269
0.916182 0.223663 0.219582  1.65355
0.936126 0.154159 0.227236  1.68537
0.935662 0.137584 0.189069  1.68335
0.916576 0.176349 0.254366  1.65147
0.912851 0.227157 0.205988  1.64396
 0.93247 0.149521 0.212375  1.67893
0.920859 0.172153  0.23406  1.65623
0.922932 0.153056 0.218733  1.66549
0.926858 0.159723 0.235913  1.67007
 0.91778 0.164402 0.243904   1.6491
0.913705 0.165833 0.254063  1.64079
0.936391 0.149305 0.230046  1.68673
0.912929 0.164338 0.257042   1.6373
0.917967 0.152589 0.257373  1.64667
  0.9359 0.146832  0.23552    1.686
0.922836 0.156431  0.22819  1.66346
0.933489 0.145278 0.243991   1.6798
0.935311 0.153443 0.229508  1.68402
 0.92052 0.158039 0.257214  1.65943
0.919652 0.172783 0.256747  1.65865
0.924209  0.16242 0.251304  1.66563
0.935276 0.153824 0.223563  1.68368
0.930837 0.152274 0.212953  1.67602
0.925641  0.15942 0.238395  1.66755
0.922015 0.171201 0.232978  1.65861
0.921716 0.169011 0.248315  1.66027
 0.92383 0.164952 0.227031  1.66128
0.929429 0.150949 0.209581  1.67384
0.924192 0.154882 0.214501  1.66804
0.925814 0.167475 0.224619  1.66631
0.921868 0.157927 0.220709  1.66269
0.925819 0.160463 0.215852  1.67089
 0.755514  0.142735 -0.464451    1.3969
 0.757374  0.148566 -0.460175   1.39933
 0.751145  0.146649 -0.468511   1.39085
 0.750999  0.150865 -0.470275   1.39231
0.758843 0.148349  -0.4517   1.3983
 0.748386  0.155633 -0.471945   1.38881
 0.745261  0.157274 -0.471923    1.3827
 0.756098  0.172379 -0.453946   1.39763
0.743544  0.17029 -0.47038  1.38088
 0.757789  0.149784 -0.452793   1.39701
 0.745574  0.178383 -0.467044   1.38474
 0.756412   0.16196 -0.440777   1.39052
  0.76226  0.177642 -0.451179   1.40941
 0.757168  0.169771 -0.454614   1.40009
 0.760405  0.189822 -0.460287   1.41236
0.754455 0.169946 -0.45679  1.39556
  0.910339   0.293165 -0.0865987    1.64624
  0.901832   0.314471 -0.0328374    1.62938
 0.916476  0.288319 -0.082748    1.6583
 0.908943  0.290939 0.0177989   1.63523
 0.926188  0.264632 0.0789213   1.66928
 0.929277  0.270809 0.0335421   1.67701
  0.91807  0.284655 0.0845437   1.65728
0.916816 0.273198  0.11065  1.65284
0.941085 0.140437 0.162268  1.69204
0.914504 0.256028 0.139311  1.64445
0.911581  0.24461 0.175454  1.63982
0.938457 0.135769 0.174353  1.68697
0.913328 0.209757 0.229079   1.6456
 0.92647 0.243912 0.128245  1.66774
0.909184 0.199704 0.259356  1.64334
0.913559 0.180351 0.262708  1.64997
0.933147 0.149728  0.21014  1.68023
0.934212 0.148976 0.185689  1.68049
 0.761801  0.175285 -0.451742   1.40894
 0.754432  0.181462 -0.465637   1.40155
 0.769254  0.197512 -0.452907   1.42817
 0.756109  0.190557 -0.458126   1.40433
0.937547 0.138384  0.18397  1.68707
 0.94528 0.149805 0.127421  1.69808
0.943792 0.151322 0.117843  1.69264
 0.92946 0.152181 0.203747  1.67389
 0.940071  0.198198 0.0796333   1.68647
0.933329 0.237556 0.101285  1.67974
0.922763  0.23265 0.161398  1.66042
0.931803 0.165167  0.18784  1.67559
 0.759681  0.153073 -0.454262   1.40209
 0.759502  0.153134 -0.454738   1.40197
 0.759719  0.153195 -0.456046     1.403
 0.758791   0.15375 -0.454807   1.40069
 0.759112  0.153446 -0.454812    1.4013
 0.759588  0.152565 -0.456054   1.40264
 0.757939  0.161179 -0.453869   1.39977
 0.758826  0.153759 -0.454548   1.40068
 0.759017  0.152646 -0.456285   1.40159
 0.758674  0.149439 -0.452459   1.39861
  0.75821  0.148784 -0.465629   1.40359
 0.748215  0.161473 -0.471758   1.38882
 0.752217   0.15537 -0.471493   1.39575
  0.75883  0.149028 -0.457614    1.4011
 0.758575  0.154749 -0.453478   1.39981
 0.758613  0.158636 -0.456576   1.40195
 0.758471  0.154519 -0.453973    1.3998
 0.758655  0.159142 -0.456463   1.40198
0.758608 0.154086 -0.45412  1.40009
 0.759338  0.153399 -0.456194   1.40233
 0.759115  0.153233 -0.454892   1.40126
 0.758259  0.154878 -0.454611   1.39974
  0.75915  0.153296 -0.455811   1.40178
 0.758629  0.152654 -0.456485   1.40094
 0.750721  0.159579 -0.472241   1.39392
 0.749977  0.164752 -0.471861   1.39319
 0.747974  0.166993 -0.470816   1.38885
 0.757059  0.160548 -0.450885   1.39667
 0.757839  0.160444 -0.455433   1.40025
 0.752565  0.157801 -0.448199   1.38566
 0.752661  0.155622 -0.462579   1.39243
 0.758383  0.159917 -0.457329   1.40205
 0.758368  0.155563 -0.453336   1.39945
 0.757076  0.151129 -0.454365   1.39659
 0.758602  0.157182 -0.454146    1.4005
 0.758568  0.155197 -0.452867   1.39957
 0.758686  0.154922 -0.452723   1.39965
0.759006 0.154994 -0.45262  1.40028
 0.758189  0.156228 -0.454499   1.39973
 0.758559  0.155634 -0.452372   1.39935
 0.936081  0.235566 0.0742609   1.68426
 0.938533  0.241234 0.0640174   1.69137
 0.935422  0.236762 0.0238539   1.68192
 0.940953  0.225251 0.0230755   1.69308
  0.910889   0.290578 -0.0361202    1.64173
   0.924631    0.264942 0.000597661     1.66437
0.939253 0.143202 0.231538  1.69149
0.932393 0.147066 0.237412  1.67759
0.934992 0.151054 0.231793  1.68402
0.922882 0.154987 0.246708  1.65965
0.918478 0.160036 0.247703  1.65063
0.925043 0.150288 0.244553   1.6626
0.923053 0.162804 0.238849  1.66243
0.929738 0.151231  0.24147  1.67374
 0.93312 0.154441 0.230506  1.67941
0.933658 0.152137 0.220037  1.68094
0.931985 0.147388 0.204814  1.67812
0.920658 0.158229 0.227007  1.65837
0.932445 0.146837  0.19627  1.67853
0.932927 0.154572 0.226318  1.67886
0.926729 0.155035 0.210091   1.6693
0.931999    0.154 0.220743  1.67773
0.927665 0.163453 0.221601  1.67121
0.929575 0.166866 0.216501  1.67517
0.920185 0.166336 0.236563   1.6539
0.920575 0.153129 0.221875  1.66007
0.922086 0.156638 0.229143  1.66161
0.928199 0.153804 0.216565   1.6711
0.916563  0.16422 0.246323  1.64623
0.932743 0.152655 0.232967   1.6793
0.919798 0.163293 0.239753  1.65287
0.918929 0.156994 0.247823  1.65046
 0.92994 0.150876 0.236909  1.67327
0.920703 0.160316 0.241124  1.65464
0.919027 0.188922  0.23352  1.65422
0.914386 0.191398 0.245329  1.64713
0.919425 0.179118 0.242762  1.65542
0.923399 0.167783 0.247383  1.66382
 0.92404 0.161953 0.238416  1.66481
0.921369 0.165259 0.234846  1.65679
0.922045  0.16082  0.23073  1.65839
0.921539 0.167351  0.23576  1.65916
0.921087  0.15393 0.219796  1.66122
0.920837 0.159408 0.226342  1.65874
0.920856 0.155895 0.223566  1.66097
0.923893 0.164295 0.228113   1.6628
 0.755663  0.148406 -0.468204   1.39968
0.755933 0.149077 -0.45408  1.39371
0.758312 0.151002 -0.45425  1.39896
 0.757173  0.149758 -0.453028    1.3959
0.749705 0.156488 -0.47181  1.39096
 0.754329  0.159124 -0.447545   1.38926
 0.754568  0.167653 -0.458313    1.3964
 0.756296  0.151306 -0.453672   1.39477
 0.751815  0.165605 -0.459365   1.39077
 0.752417   0.15894 -0.461726   1.39219
 0.750914  0.170314 -0.470383   1.39535
 0.749754  0.173219 -0.468323   1.39226
  0.915486   0.294733 0.00427698    1.65207
  0.931481   0.272239 -0.0197071    1.68371
0.922055  0.25356 0.132777  1.66074
0.935798 0.226582 0.124834  1.68518
0.922148 0.224226 0.184378  1.66067
0.936697 0.154506 0.173302  1.68366
0.922177 0.165243 0.238254  1.66127
0.915394 0.207131 0.234421  1.65027
0.922604 0.203195 0.220299  1.66302
0.916331 0.195853 0.243606  1.65224
0.925489 0.217478 0.180036  1.66562
0.921507 0.207638 0.204926  1.65826
0.933851 0.148797 0.189702  1.68093
0.933712  0.21366 0.162507  1.68214
0.930407 0.157015 0.197956  1.67479
0.936241 0.152341 0.175441  1.68406
  0.93765  0.237391 0.0955133   1.69001
  0.92951  0.258765 0.0779949   1.67488
0.938993 0.190411 0.115142  1.68526
0.932752  0.23129 0.124355  1.67907
0.759139 0.153394 -0.45708  1.40235
 0.758257  0.154425 -0.456022   1.40025
 0.758106  0.155137 -0.455302   1.39977
 0.758769  0.154004 -0.456021   1.40125
0.754362 0.152682 -0.46221  1.39509
 0.758629  0.153566 -0.455911   1.40079
 0.757161  0.149025 -0.453151   1.39574
 0.757967  0.155564 -0.456783   1.40025
 0.754554  0.150726 -0.461844   1.39482
 0.757542  0.153039 -0.456918   1.39906
0.758207 0.155501 -0.45433  1.39959
 0.757736  0.158923 -0.457979   1.40089
0.758283 0.153925 -0.45752  1.40091
 0.757894  0.158239 -0.456789   1.40048
 0.752796  0.153513 -0.454462   1.38836
 0.758359  0.154482 -0.455505   1.40029
 0.758728  0.153785 -0.457238   1.40166
 0.758083  0.154675 -0.457342   1.40057
0.752634 0.175782 -0.46773  1.39835
 0.755726  0.179415 -0.464248   1.40343
 0.750504  0.161266 -0.460673   1.38804
 0.754377  0.160562 -0.444741   1.38812
   0.7555  0.160128 -0.451457   1.39364
 0.755753  0.159176 -0.453406   1.39498
  0.75665  0.159952 -0.455857    1.3979
 0.756743  0.157746 -0.457963   1.39874
 0.757472  0.159376 -0.457642   1.40021
 0.758065  0.156843 -0.455345   1.39997
 0.756159  0.158441 -0.457214   1.39729
 0.758097  0.157441 -0.457273   1.40103
  0.919639   0.287022 -0.0452621    1.66176
   0.92943    0.25561 -0.0486615    1.67601
0.931815 0.153443 0.233309  1.67703
0.923359  0.15732 0.241551  1.66006
0.924493  0.15464 0.240318  1.66188
0.931933 0.153894 0.228979  1.67692
 0.92067 0.158958 0.241677  1.65415
0.931227 0.153361 0.223544  1.67621
0.920077 0.155231 0.227111  1.65735
0.930048 0.151653 0.215855  1.67454
0.920505 0.197202 0.224527  1.65757
0.928191 0.154292 0.227563  1.67017
0.930307  0.15212 0.205481  1.67533
0.924829 0.184264 0.216522   1.6652
0.920613 0.161854 0.237196   1.6548
0.919459 0.153166  0.22245  1.65737
0.928048 0.154573 0.233091  1.66895
0.920379 0.156586 0.226405  1.65811
0.927843  0.15419 0.238646  1.66932
0.920113 0.154349 0.222997  1.65775
0.928897 0.155163 0.234688  1.67084
0.924137 0.156046 0.236356  1.66097
0.921208 0.175613 0.247247  1.66018
0.926754 0.153083 0.214391  1.66911
0.927273 0.152966 0.219756  1.66934
0.921449 0.174819 0.229399  1.65847
0.920898 0.156557 0.228925  1.65946
0.921018 0.157956 0.233461  1.65663
0.919313 0.153298 0.222385  1.65681
0.920758 0.160866 0.232116  1.65618
 0.755949  0.150422 -0.454258   1.39416
  0.75653  0.150434 -0.460773   1.39829
 0.752215  0.153603 -0.462549   1.39098
 0.753461  0.156637 -0.450398   1.38843
 0.754347  0.152489 -0.454493   1.39143
 0.750848  0.156988 -0.462341   1.38876
 0.752587  0.163501 -0.459975   1.39252
 0.752555  0.156805 -0.453372   1.38794
0.927716 0.235855 0.155986  1.67228
0.931336 0.213337 0.143548  1.67354
0.925238 0.206717 0.201729  1.66654
0.933468 0.170556  0.17496  1.67829
0.920615  0.18477   0.2407  1.65897
0.925464 0.172638  0.20567  1.66461
0.928232  0.16384 0.199093  1.67071
0.921318 0.194316 0.230285  1.66012
 0.93049 0.154475 0.197117  1.67534
0.927538 0.188456 0.202878  1.66975
0.931654 0.161119 0.186892  1.67629
0.927144 0.192347 0.188597  1.66674
0.938885 0.162173 0.150405  1.68665
0.931447 0.204538 0.173345  1.67637
 0.93198 0.173936 0.175319   1.6741
0.937803 0.176455 0.145603   1.6837
 0.757998  0.153012 -0.456712   1.39982
0.755351 0.157422 -0.45524  1.39471
 0.754266  0.151228 -0.454444    1.3909
 0.757533  0.154616 -0.458283    1.3999
 0.757095  0.153492 -0.457055    1.3983
 0.756139  0.150566 -0.453317   1.39406
 0.758054  0.156069 -0.455744   1.40003
 0.757766  0.156331 -0.456515   1.39982
  0.75771  0.155458 -0.457222   1.39987
0.757615 0.157504 -0.45787  1.40034
 0.757902  0.154481 -0.457645    1.4003
 0.756969  0.156403 -0.458302   1.39914
0.754613 0.158284 -0.45384  1.39266
 0.754718  0.152277 -0.453232   1.39153
  0.75725  0.157956 -0.458265   1.39984
 0.752577  0.155529 -0.450927   1.38667
 0.757619  0.156855 -0.458188   1.40041
 0.755554  0.155048 -0.456201    1.3951
0.929756 0.155204 0.229958  1.67238
0.924448 0.154034 0.223129  1.66393
0.925116 0.155557 0.230775  1.66411
0.929301 0.155128 0.224403  1.67241
0.927623  0.15435 0.210418  1.67059
0.920603  0.15452 0.221437   1.6582
0.922288 0.172241  0.23395  1.66147
0.924302 0.154306  0.21905  1.66478
0.919817 0.154511 0.223187  1.65717
0.920026 0.157055 0.227875  1.65689
0.921601 0.159382 0.235792  1.65654
0.923495 0.157356 0.231183  1.66098
0.923032 0.157562 0.235996  1.65962
0.926331 0.156783 0.233799  1.66563
0.922852 0.159129 0.216925  1.66247
0.922448 0.182306 0.219074  1.65954
 0.92169 0.162799 0.223348  1.65938
0.921062 0.158738 0.226516  1.65939
0.754258 0.154104 -0.45243  1.39057
 0.756357  0.153791 -0.456712   1.39674
0.927456 0.160546 0.208139  1.67032
0.934893 0.177506 0.161588  1.67919
0.928743  0.17466 0.189544  1.66978
0.924795 0.187603 0.205794  1.66326
0.924108 0.156534 0.215828  1.66467
 0.92767 0.156983 0.204663  1.67068
 0.92794 0.169678 0.204142     1.67
0.922943 0.165996 0.217398  1.66201
0.930842 0.201647  0.17383  1.67495
0.931157 0.194672 0.184684  1.67616
 0.755652  0.155838 -0.456191   1.39547
 0.757589  0.155648 -0.458279   1.40017
 0.757189  0.156321 -0.458151   1.39939
  0.75575  0.151803 -0.453816   1.39381
 0.754818  0.153537 -0.453293   1.39203
0.754836 0.156508 -0.45544  1.39356
 0.75634 0.156954 -0.45807   1.3978
 0.756255  0.154567 -0.456728   1.39669
0.926226  0.15621 0.228469  1.66638
0.924867 0.155592 0.215327  1.66553
0.921878 0.155448 0.224396  1.65961
0.925689 0.154773 0.220264  1.66652
0.923278 0.168019 0.217278   1.6613
 0.92295 0.155456 0.219521  1.66202
0.921114 0.161467 0.223921  1.65936
0.922069 0.156545 0.220529  1.66101
0.923162  0.17935 0.226597  1.66278
0.925985 0.164059 0.209071  1.66736
0.921272 0.157186 0.229245  1.65798
0.922038  0.15585 0.229427  1.65965
0.923088 0.155389  0.22352   1.6623
0.921589 0.156023 0.220101  1.66048
 0.754054  0.154567 -0.452509   1.39029
 0.753592  0.155206 -0.454202    1.3903
0.925012 0.158545 0.211212  1.66613
0.922764 0.162429  0.22212  1.66203
0.925005 0.161774  0.21501  1.66613
0.925267 0.169651 0.215092  1.66605
 0.757302  0.155294 -0.458275   1.39955
 0.756745  0.155585 -0.458365   1.39854
