0.877252 0.329814 0.151218  1.59016
0.881836 0.314433 0.172989  1.59903
0.869351  0.33082 0.164975  1.57605
0.872828 0.321076 0.175652  1.58263
0.864567 0.331214 0.179002  1.56962
0.868499 0.323521 0.172129  1.57289
0.876384 0.318008 0.171267   1.5875
0.875692 0.321073 0.160162  1.58504
 0.759355  0.154742 -0.453873   1.40161
 0.759562  0.154648 -0.453892   1.40203
0.792132 0.131547 -0.40048  1.43974
 0.786544  0.132317 -0.407448   1.43124
 0.789652  0.135139 -0.406855   1.43824
 0.787523  0.118434 -0.407165    1.4308
 0.782894   0.12333 -0.415125   1.42573
 0.786259  0.122889 -0.412651   1.43171
 0.798884  0.120622 -0.387243   1.44634
 0.794531  0.112672 -0.394029   1.43871
 0.806764   0.10157 -0.368581   1.45289
  0.79993  0.115608 -0.391414   1.44986
0.787973  0.12721 -0.41123  1.43544
 0.791419  0.119909 -0.405358   1.43866
 0.794848  0.127953 -0.401994   1.44588
 0.79174 0.123412 -0.40291  1.43874
  0.957664    0.11275 -0.0492782    1.72151
 0.957602  0.114292 -0.043367   1.72127
  0.956796   0.117099 -0.0464672    1.71951
 0.957159  0.112952 -0.044807   1.72003
  0.957562   0.115677 -0.0375759    1.72112
  0.957484   0.116813 -0.0321094     1.7209
  0.956758   0.119681 -0.0352031    1.71923
  0.957086   0.115208 -0.0340506    1.71973
  0.955675   0.126409 -0.0436252    1.71731
  0.956139   0.125924 -0.0379298    1.71809
  0.957127   0.113975 -0.0395073    1.71987
   0.95655   0.117603 -0.0374856     1.7185
  0.956645    0.11735 -0.0416973    1.71889
   0.95686   0.117989 -0.0406915    1.71952
0.930914 0.157201 0.227431  1.67594
0.761805 0.153591 -0.45144  1.40517
 0.759472  0.154199 -0.454138   1.40187
 0.760207  0.154959 -0.454365   1.40356
  0.7606 0.155036 -0.45464  1.40447
 0.760881  0.154894 -0.454693   1.40504
   0.7613  0.154409 -0.453553   1.40527
 0.764791  0.156214 -0.453259   1.41235
0.763128 0.153625 -0.45019  1.40718
 0.762572  0.152805 -0.449399   1.40562
 0.763941  0.153131 -0.450444   1.40887
  0.76659  0.154336 -0.453759   1.41574
 0.768855  0.151256 -0.449279   1.41775
 0.781268  0.139211 -0.419745   1.42736
 0.777099  0.140363 -0.428283   1.42297
 0.779792  0.142913 -0.427916   1.42905
 0.759424  0.154915 -0.453786   1.40174
 0.759531  0.154946 -0.453789   1.40196
0.760612 0.155131 -0.45405  1.40423
 0.759305  0.155131 -0.453998   1.40163
 0.759288  0.155163 -0.454214   1.40171
 0.759285  0.155085 -0.454403   1.40178
 0.759282  0.155055 -0.454488    1.4018
 0.761342  0.153826 -0.451872   1.40445
 0.759276  0.154822 -0.454555   1.40177
 0.760942  0.154588 -0.453766   1.40465
 0.759545  0.154513 -0.453873   1.40195
 0.759422  0.154157 -0.454273   1.40182
 0.759407  0.154509 -0.453952    1.4017
  0.80036  0.221477 -0.417117   1.47972
 0.799126  0.216929 -0.421106   1.47811
 0.803946  0.217243 -0.418848   1.48608
  0.80153    0.2185 -0.420036   1.48297
 0.797021  0.212001 -0.425817   1.47472
 0.793413  0.207002 -0.433032   1.46969
 0.800312  0.205023 -0.429464   1.48074
   0.7977  0.207751 -0.431018   1.47786
 0.808617  0.212206 -0.417993   1.49346
 0.808106  0.203296 -0.423258   1.49288
 0.818212  0.203219 -0.407793   1.50629
 0.811689  0.207208 -0.421815   1.50088
 0.799971  0.213692 -0.424547   1.48088
 0.804517  0.206761 -0.427612   1.48926
 0.80549 0.214047 -0.42177   1.4901
 0.803018  0.211438 -0.422739   1.48462
 0.729639  0.158213 -0.453751   1.34127
 0.730553  0.156762 -0.453617   1.34276
  0.72777  0.158289 -0.450903   1.33516
 0.725509  0.159316 -0.449517   1.32915
0.726102 0.156907 -0.44999  1.33016
 0.727144  0.157915 -0.450151   1.33261
 0.728881  0.153845 -0.451787   1.33706
 0.726677  0.154613 -0.450288   1.33106
 0.72743 0.152336  -0.4505  1.33228
 0.728323  0.153336 -0.450753   1.33448
 0.728856  0.157339 -0.451289   1.33743
0.727635 0.155637 -0.45052  1.33339
 0.729278  0.155023 -0.451871   1.33821
 0.728156  0.155967 -0.451285   1.33567
 0.782838  0.144791 -0.419132   1.43152
0.777516 0.150298 -0.42726  1.42532
0.779486 0.149774 -0.41725   1.4242
 0.951797  0.128539 0.0539343   1.71056
 0.951326  0.138076 0.0589719   1.70973
  0.95197  0.137361 0.0525804   1.71052
 0.951698  0.138544 0.0570456   1.71077
 0.951464  0.144053 0.0466177   1.70799
 0.950667  0.149894 0.0555832   1.70801
 0.950507  0.151041 0.0637648   1.70819
 0.774849  0.150793 -0.431951   1.42208
 0.948929  0.160593 0.0753246   1.70391
 0.770161  0.154238 -0.443316   1.41833
   0.956758     0.12132 -0.00636673     1.71937
   0.956471    0.122248 -0.00115473      1.7188
   0.956141    0.124302 -0.00486872     1.71792
   0.956357    0.120579 -0.00459212     1.71826
  0.956192   0.123631 0.00445994    1.71833
 0.955905  0.124781 0.0101921   1.71788
  0.955436   0.128784 0.00589155    1.71664
 0.955708  0.123238 0.0055536   1.71708
   0.955426    0.128407 -0.00327735     1.71601
    0.95525    0.127422 -0.00135959     1.71534
     0.95603     0.121914 -0.000120824      1.71766
    0.955277     0.126759 -0.000775042      1.71594
  0.95592  0.124035 -0.003762   1.71725
    0.955879      0.12525 -0.000220058      1.71736
 0.766888  0.156625 -0.453635   1.41677
 0.761958  0.153134 -0.449832   1.40461
 0.765238  0.157296 -0.453927   1.41367
 0.759311  0.155211 -0.454346   1.40182
 0.761944  0.154058 -0.449837   1.40477
 0.759363  0.155258 -0.454158   1.40185
 0.760318   0.15535 -0.454647   1.40397
 0.759759  0.154891 -0.453821   1.40242
0.942959 0.192935 0.229368  1.69604
 0.925281  0.150736 -0.227655   1.67461
 0.926003  0.157387 -0.218803   1.67562
  0.92322  0.161081 -0.227516   1.67184
 0.924808  0.152517 -0.225488   1.67354
 0.920583  0.186435 -0.230944   1.67243
0.923146 0.160941 -0.22123  1.67045
0.923815 0.163601 -0.22008  1.67226
 0.943277  0.160811 0.0843802   1.69871
 0.947122  0.168148 0.0790194   1.70579
 0.946533  0.161331 0.0839291   1.70309
 0.945298  0.162171 0.0847247   1.70115
 0.950126  0.161747 0.0792807   1.70935
 0.951643  0.155226 0.0788583   1.71124
 0.948697  0.162574 0.0826181    1.7058
  0.94804  0.163361 0.0836243    1.7052
 0.948703  0.164454 0.0788396   1.70653
 0.948865   0.13293 0.0741651   1.70638
 0.947645  0.134063 0.0798987   1.70426
  0.94888  0.143677 0.0796019   1.70634
 0.948224  0.133817 0.0744238   1.70494
 0.945234  0.137488 0.0872493   1.69976
 0.941675  0.147206 0.0915515   1.69335
 0.946333   0.15422 0.0885196   1.70223
 0.944825  0.144334 0.0848548   1.69952
 0.948918  0.157344 0.0835994   1.70616
 0.948543  0.157808 0.0840004   1.70513
0.946844 0.136275 0.079771  1.70258
 0.947254  0.153376 0.0826028   1.70361
  0.94845  0.146822 0.0788029   1.70529
 0.947712  0.147102 0.0848855   1.70441
 0.950652  0.149984 0.0675231   1.70854
 0.950743  0.148872 0.0691047   1.70856
 0.951214  0.138497 0.0619211   1.71001
 0.951626  0.129479 0.0584073   1.71074
  0.95087   0.13051 0.0626567   1.70946
 0.951118   0.12984 0.0587262   1.70954
 0.950357  0.140689 0.0704218    1.7088
 0.950307  0.131684 0.0664849   1.70868
 0.949654  0.132191 0.0697217   1.70765
 0.949925   0.13208 0.0666893    1.7078
 0.950934  0.138897 0.0623419   1.70921
 0.950457  0.131399 0.0625558   1.70855
  0.95036  0.140846 0.0651707   1.70826
 0.950781  0.138994 0.0656524    1.7093
 0.952732   0.14271 0.0441691    1.7114
 0.952692   0.14127 0.0459825   1.71101
 0.953527  0.133741 0.0395769   1.71358
 0.954149  0.127143 0.0364906   1.71497
 0.953666  0.127055 0.0416341   1.71409
0.953628 0.126483 0.037702  1.71363
0.952501 0.137221 0.051517  1.71195
 0.953147  0.127667 0.0475236   1.71327
 0.952424  0.128453 0.0532582   1.71207
 0.952494  0.127565 0.0483471   1.71167
 0.953236  0.133651 0.0404559   1.71272
 0.953082  0.126986 0.0423605   1.71265
0.952423 0.136086 0.043974  1.71113
 0.953146   0.13393 0.0444341   1.71286
 0.951817  0.156378 0.0506283   1.70937
  0.956218    0.10747 -0.0791682    1.71918
 0.955482  0.115145 -0.073793   1.71748
  0.954723   0.114553 -0.0848972    1.71649
  0.955438    0.11441 -0.0834994    1.71819
   0.95444   0.128912 -0.0695546    1.71581
  0.952415   0.123925 -0.0938034    1.71243
   0.95309   0.123965 -0.0921943    1.71405
 0.954327  0.130369 -0.079283   1.71665
 0.733982  0.269724 -0.388671   1.34285
 0.732262  0.261687 -0.395061   1.33991
0.741228 0.260491 -0.38825  1.35488
 0.737905  0.265276 -0.393657   1.35207
 0.730998  0.253776 -0.400864   1.33777
 0.730092  0.246184 -0.406017   1.33624
 0.738334  0.245687 -0.399744   1.35021
0.735119  0.24947 -0.40497   1.3471
 0.746524  0.255546 -0.392412   1.36774
 0.747479  0.249938 -0.394209   1.36886
 0.736391  0.257245 -0.399642    1.3494
 0.741795  0.249463 -0.398046   1.35775
 0.743986  0.256792 -0.392449   1.36159
 0.739403   0.25278 -0.394674   1.35186
 0.937703  0.147564 -0.174871   1.69268
 0.940206  0.150267 -0.166706   1.69771
 0.939479  0.133604 -0.179115   1.69558
 0.940085  0.127847 -0.186409   1.69761
 0.942718  0.124899 -0.177102   1.70179
 0.940053  0.130712 -0.178916    1.6964
 0.944417  0.129426 -0.159074   1.70332
 0.945531  0.121604 -0.166596   1.70625
 0.947801  0.117356 -0.155229   1.70922
 0.945266  0.124619 -0.156777   1.70421
0.940207  0.13827 -0.17061  1.69641
  0.94258  0.127703 -0.168327   1.70013
 0.942849  0.135731 -0.159248   1.70043
 0.941877  0.132137 -0.170206   1.69951
 0.755237  0.225445 -0.422869   1.39438
  0.72591  0.182985 -0.442116   1.33073
 0.727791  0.180786 -0.442646   1.33518
  0.72857  0.184053 -0.440786   1.33637
 0.726703  0.182255 -0.441289   1.33237
 0.730456  0.179918 -0.446185   1.34331
 0.732361  0.186105 -0.442555   1.34645
0.729412 0.183886 -0.44312  1.34005
0.729414 0.182005  -0.4435  1.33983
 0.728528  0.167584 -0.451041   1.33938
 0.729225   0.16596 -0.451029   1.34044
 0.726607  0.168109 -0.447797   1.33297
  0.72428  0.169714 -0.446701   1.32713
 0.724472  0.166967 -0.447612   1.32748
  0.72586  0.168108 -0.447636    1.3306
 0.726982  0.163042 -0.449595   1.33373
 0.724746  0.164384 -0.448345   1.32793
 0.725025  0.161773 -0.449045   1.32838
 0.726291  0.162894 -0.449135   1.33127
0.727705 0.166906 -0.44847  1.33536
  0.72601  0.165481 -0.448418   1.33081
 0.727696  0.164297 -0.449529   1.33546
 0.726626  0.165458 -0.448645    1.3329
 0.732341  0.150059 -0.454606   1.34565
 0.733451  0.148742 -0.454365   1.34752
  0.73051   0.14971 -0.452154   1.33983
 0.728316  0.150232 -0.450513    1.3337
0.729243 0.148112 -0.45058  1.33524
0.729985 0.149029 -0.45088  1.33713
 0.732282  0.145887 -0.452224   1.34276
 0.730201  0.146157 -0.450464   1.33677
 0.731278  0.144262 -0.450296   1.33853
 0.731849  0.145106 -0.450656   1.34009
 0.731597  0.148997 -0.452283     1.342
  0.73083  0.147052 -0.450827   1.33846
 0.732406  0.146964 -0.452439   1.34339
 0.731247  0.147705 -0.452114   1.34089
 0.773853  0.152674 -0.440714    1.4246
0.941773 0.171105 0.204222   1.6899
0.946103 0.139594  0.13622  1.70077
0.926776 0.153236 0.199528  1.67423
0.924326 0.147964 0.201853  1.67029
 0.92745 0.146398 0.200556  1.67156
0.930083 0.153437 0.220157  1.67555
0.929976 0.153642 0.235011  1.67253
0.931481 0.157202 0.229998  1.67586
0.889676  0.23493 0.256333  1.61165
0.893148 0.221298  0.26352  1.61837
0.884332 0.231394 0.263356  1.60264
0.886347 0.223526 0.267036  1.60661
0.880439 0.226761 0.269691  1.59703
0.883619 0.225665 0.265801  1.60058
0.889096 0.224143 0.264292  1.61028
0.888433 0.227994 0.259289  1.60827
0.931873 0.154851 0.230678  1.67609
0.932282 0.138321 0.233257  1.67849
0.934777   0.1101 0.215189  1.68138
   0.921197 -0.00536821    0.277015     1.67029
 0.928921 0.0258076  0.265148   1.68008
    0.938368 -0.000583477     0.239247      1.69664
 0.929226 0.0102252  0.245587   1.67603
 0.932401 0.0519596  0.256061   1.68468
 0.932967 0.0642692  0.239116   1.68116
 0.939161 0.0604646  0.234059   1.69505
 0.934259 0.0612745  0.237595   1.68401
 0.946518 0.0251952  0.207329   1.70704
 0.943168 0.0476777  0.210877   1.69898
 0.949874 0.0501292  0.188771   1.71152
 0.947221 0.0388803   0.19089   1.70492
 0.932871 0.0389168  0.239164   1.68122
 0.940311 0.0462606  0.212947   1.69236
 0.941376 0.0180156  0.211113   1.69508
 0.938626 0.0322119  0.234924   1.69395
0.937221 0.191276 0.232575  1.68466
0.932711  0.18977 0.239893  1.67385
0.920475 0.152043 0.210238  1.66093
0.903702 0.146888 0.240643  1.62241
0.900597 0.133326 0.226575  1.61795
0.909745 0.149658 0.209355  1.63836
0.913642 0.159128 0.203903  1.64683
0.928608 0.153706 0.221526  1.67243
0.923749 0.170362 0.203695  1.67161
0.925741 0.145231 0.205177  1.66807
0.947152 0.178654 0.203312   1.7011
   0.88654 -0.0015519 0.00630776    1.61614
0.947668 0.187431 0.198503  1.70068
0.929145 0.126639 0.237098  1.67301
0.933596 0.155922 0.227554   1.6797
0.929444 0.134837 0.243117  1.67425
0.929583 0.144981  0.24111  1.67344
0.929548 0.151746 0.239623  1.67262
0.901575 0.155968 0.223255  1.61576
0.928125 0.156801  0.22973  1.67015
0.898941 0.165757 0.245345  1.60609
0.921662 0.159099 0.210453  1.66206
0.931905 0.177513 0.214733  1.67293
  0.78241  0.118849 -0.419423   1.42619
 0.781579  0.112262 -0.417013   1.42194
 0.786712    0.1142 -0.411559   1.43062
 0.784029  0.114936 -0.413326   1.42578
  0.77938   0.10593 -0.417489   1.41627
 0.774218  0.102463 -0.419141   1.40513
 0.780526 0.0991526 -0.411693   1.41454
 0.779278  0.102958 -0.415631   1.41434
 0.792865  0.106948 -0.401233    1.4377
 0.788727 0.0959748 -0.401159   1.42685
 0.799579 0.0932704   -0.3849   1.44289
 0.795062  0.100034 -0.392048   1.43698
 0.782581  0.108726 -0.413169   1.42139
 0.786285  0.100786 -0.406263    1.4246
 0.788592  0.109126 -0.404233   1.43009
  0.78575  0.104987 -0.410124   1.42624
  0.77479  0.144151 -0.440629   1.42507
 0.764541  0.159152 -0.452534   1.41201
 0.752694  0.124185 -0.445589   1.37786
 0.754861  0.122464 -0.444971    1.3818
 0.750275  0.122175 -0.444956   1.37172
 0.747501  0.121657 -0.443339   1.36433
 0.749548  0.119548 -0.442099    1.3676
 0.749719  0.120716 -0.442993   1.36867
 0.754766  0.118338 -0.441938   1.37885
 0.751674  0.117459 -0.440551   1.37087
 0.754145  0.115242 -0.438568   1.37463
 0.754225  0.116675 -0.439843   1.37575
 0.751669  0.122099 -0.444263   1.37424
 0.751805  0.118723 -0.441602   1.37195
0.754061 0.120045 -0.44276  1.37812
 0.752325  0.120192 -0.443457   1.37483
 0.769221  0.158515 -0.443684   1.41744
0.737867 0.210463 -0.42879  1.35627
0.742883 0.219794 -0.42127  1.36504
 0.733288  0.212993 -0.424367   1.34403
 0.735651  0.217921 -0.420458   1.34795
 0.730141  0.217927 -0.424677    1.3383
0.731905  0.21536 -0.42189  1.34026
 0.737076  0.216834 -0.423364   1.35313
 0.736257  0.214029 -0.424368   1.35122
 0.826821  0.225035 -0.396528   1.52466
0.831463 0.223464 -0.39121  1.53192
 0.826086  0.227466 -0.392471     1.523
 0.827448  0.225088 -0.393165   1.52443
 0.836399  0.221876 -0.385535   1.53978
 0.841647  0.219727 -0.379304   1.54803
 0.835721  0.224964 -0.381066   1.53828
 0.837148  0.221974 -0.381584   1.53964
 0.825618  0.231489 -0.386259   1.52134
 0.830068  0.233478 -0.382043   1.52983
 0.832078   0.22357 -0.387687   1.53164
 0.832843  0.227614 -0.382284   1.53314
 0.827669  0.228871 -0.388665   1.52514
 0.830785  0.226028 -0.387056    1.5303
0.744586 0.131985 -0.45105  1.36541
  0.74152  0.135658 -0.451771   1.36002
 0.742922  0.130718 -0.449091   1.36015
 0.741146   0.13279 -0.449565   1.35704
 0.741303  0.130233 -0.447491   1.35518
 0.741637  0.131283 -0.449049   1.35747
0.741701  0.13401 -0.45076  1.35945
 0.743711  0.132321 -0.450415   1.36313
 0.842376  0.219897 -0.375007   1.54775
0.843797 0.224901 -0.36825  1.55048
 0.837382  0.226702 -0.376619   1.54048
 0.841011  0.223041 -0.374539   1.54647
 0.845238  0.232786 -0.360054   1.55362
 0.832379  0.234196 -0.376189   1.53259
 0.835158  0.230112 -0.374765   1.53655
 0.841341  0.232896 -0.368826   1.54855
 0.868923  0.227355 -0.327202   1.59271
  0.85462  0.229283 -0.347435   1.56873
 0.866923  0.215215 -0.335718   1.58681
 0.859786  0.218611 -0.346669   1.57592
 0.864898   0.20835 -0.344809   1.58289
0.863432 0.212446 -0.34417  1.58143
 0.857589  0.223457 -0.345919   1.57291
 0.864129  0.227172 -0.338767   1.58601
 0.892546  0.182903 -0.305345   1.62618
 0.89815 0.178514 -0.29581  1.63518
 0.893094  0.187526 -0.296297   1.62605
 0.893848  0.184407 -0.298995   1.62736
 0.903617  0.173008 -0.285272   1.64352
0.908218 0.167158 -0.27515  1.65008
 0.904304  0.176757 -0.274757   1.64324
 0.904813  0.174464 -0.277838   1.64427
 0.891354  0.204535 -0.293284    1.6261
 0.897892  0.205878 -0.284279   1.63892
  0.8995 0.180004 -0.28816  1.63612
 0.902432  0.187188 -0.275743   1.64134
0.895345  0.19168  -0.2886  1.62971
 0.898553  0.184178 -0.286624   1.63495
 0.909851  0.187021 -0.255568    1.6535
  0.91552  0.188812 -0.245654    1.6647
 0.912243   0.16828 -0.257516   1.65505
 0.912447  0.162728 -0.265795   1.65646
 0.917093  0.158708 -0.255732   1.66391
 0.913108  0.164862 -0.258686   1.65633
0.921463 0.157679 -0.23438  1.66874
 0.921395  0.153644 -0.244701   1.67026
 0.924919  0.148469 -0.234484   1.67513
 0.921972  0.155689 -0.236792   1.66985
 0.913905  0.173115 -0.248668   1.65744
 0.917772  0.160879 -0.247212    1.6635
 0.919852   0.16879 -0.235019   1.66715
 0.916797  0.165314 -0.247056   1.66238
 0.925519  0.168387 -0.215105   1.67605
 0.929995   0.17066 -0.205309   1.68506
 0.927716  0.150219 -0.217164   1.67808
 0.928198  0.144473 -0.225207   1.68002
 0.931768  0.140777 -0.215346   1.68569
 0.928483  0.147077 -0.217795   1.67929
 0.934858  0.139264 -0.194271   1.68828
 0.934942  0.135956 -0.204736   1.69018
 0.937618  0.131361 -0.195212   1.69393
   0.9352  0.138264 -0.197007   1.68943
 0.928945   0.15534 -0.207947   1.67974
0.932096  0.14336 -0.20662  1.68482
 0.933672  0.151148 -0.194407   1.68744
 0.931258  0.147437 -0.206854   1.68373
 0.732734  0.193315 -0.439223   1.34713
 0.736715  0.200948 -0.433907   1.35418
 0.729422  0.195022 -0.435416    1.3377
 0.731128   0.19906 -0.432612   1.34053
 0.727086  0.198508 -0.435317   1.33295
 0.728292  0.196912 -0.433555   1.33465
 0.732229  0.198233 -0.435214    1.3448
 0.731512  0.196021 -0.435906   1.34315
 0.734047  0.242038 -0.409797   1.34516
 0.738332  0.235305 -0.408827    1.3521
 0.741237  0.241811 -0.403504   1.35705
 0.736451  0.238254 -0.405593    1.3471
 0.744179  0.231882 -0.413022   1.36675
 0.750238  0.243924 -0.402642   1.37729
 0.742999  0.240425 -0.405623   1.36247
 0.742423   0.23616 -0.407481   1.36096
 0.950496  0.117038 -0.114294   1.70933
 0.951048  0.118982 -0.113136   1.71078
 0.949448  0.115559 -0.131173   1.70902
 0.949698   0.11322 -0.144395   1.71156
0.951394 0.109992 -0.13448  1.71386
 0.949701  0.116965 -0.136208   1.71074
  0.95255  0.108877 -0.114072   1.71374
 0.952585  0.106923 -0.125475   1.71519
0.953496 0.104845 -0.11742  1.71619
 0.952773   0.11061 -0.119751    1.7153
 0.950388  0.120258 -0.124303   1.71095
 0.951427  0.113996 -0.127438   1.71339
 0.952069  0.118104 -0.116354   1.71384
 0.951251  0.112918 -0.122859   1.71206
 0.847864  0.231722 -0.335452   1.55046
 0.860122  0.237671 -0.321487   1.57464
 0.952878 0.0488747  0.150362   1.71177
 0.956502 0.0733349  0.140363   1.72056
 0.957928 0.0445028  0.139736   1.72306
 0.956282 0.0465319  0.141482   1.71895
 0.956533  0.093827 0.0872939     1.717
0.956489 0.087117 0.118262  1.71895
 0.962206 0.0345989 0.0954781   1.72898
 0.962212 0.0721885 0.0704102   1.72862
 0.964341  0.045885 0.0389029   1.73347
 0.963404 0.0272118 0.0645963   1.73008
 0.957409 0.0634941  0.115072   1.71931
 0.960456 0.0630689 0.0853515   1.72454
 0.960141 0.0320275  0.103409   1.72419
 0.959577 0.0679655  0.105091   1.72403
 0.888931  0.189023 -0.308369   1.62013
 0.890932  0.194702 -0.298546   1.62348
  0.88665  0.199965 -0.306451   1.61772
 0.888635  0.190968 -0.304017   1.61913
 0.885378    0.2214 -0.306421   1.62173
  0.88788  0.200333 -0.298255   1.61864
 0.888927  0.200952 -0.297483   1.62098
 0.954636  0.107665 -0.112423   1.71871
 0.955567  0.107177 -0.102948   1.71987
 0.953435  0.112646 -0.109308   1.71579
 0.954152  0.105882 -0.105777   1.71651
  0.956457   0.107464 -0.0941604    1.72119
  0.957013   0.107353 -0.0856379    1.72174
 0.954917  0.113978 -0.091799   1.71762
  0.955694   0.107128 -0.0874162    1.71857
 0.951822  0.123623 -0.107317   1.71257
  0.952708   0.124792 -0.0991367    1.71393
  0.954914   0.106468 -0.0967794    1.71748
  0.954056   0.112257 -0.0942944    1.71551
 0.953462   0.11201 -0.101966   1.71487
 0.954241  0.112417 -0.100518   1.71671
0.933642 0.146264 0.220831  1.67969
 0.949165  0.132806 0.0699401   1.70654
  0.94904  0.143898 0.0739701   1.70627
 0.950071  0.141471 0.0705651   1.70799
  0.94957  0.141538 0.0741089   1.70759
 0.950517  0.149773 0.0691355    1.7079
 0.949661  0.153791 0.0702213   1.70585
 0.950077  0.150899 0.0729348   1.70822
 0.949017  0.157684 0.0781199   1.70601
 0.949627  0.148877 0.0772453   1.70702
 0.832091  0.416464 0.0293408    1.5164
  0.842138   0.401108 0.00528518    1.53005
 0.848125  0.395653 0.0355787   1.54136
  0.83977  0.394949 0.0236249   1.52175
  0.855875   0.383277 -0.0127367    1.55333
 0.863416  0.380937 0.0412413   1.56913
  0.85424  0.382141 0.0326943   1.54831
  0.854864   0.379968 0.00507592    1.54892
0.931857 0.147466  0.23386  1.67694
 0.930236 0.0920063  0.243652   1.67671
0.928546   0.1093 0.233865   1.6709
0.927537 0.104041 0.250777  1.67279
0.942038 0.106139 0.183246  1.69405
0.939771  0.10704 0.188952  1.68903
 0.915671 0.0990874  0.281044   1.65502
 0.920718 0.0892505  0.270674   1.66289
 0.914981 0.0858378  0.289584   1.65641
0.917499 0.086699 0.278714  1.65756
 0.924874 0.0806053  0.260063   1.66871
 0.930115 0.0749284  0.241365   1.67565
  0.92739 0.0639542  0.260044   1.67442
 0.927882 0.0670424  0.256123   1.67395
0.913515 0.063846  0.29118  1.65437
 0.922307 0.0477654  0.270801   1.66681
 0.911602 0.0292951  0.285666   1.65089
 0.917957 0.0393502  0.286325   1.66186
 0.923004 0.0755965  0.269068    1.6666
 0.924902 0.0557293  0.273714    1.6724
 0.917607 0.0690368  0.286742   1.66029
 0.921121 0.0729857   0.27723   1.66566
0.872253 0.292596 0.218651  1.58266
0.876417 0.294898 0.207632  1.58845
 0.87881 0.285702 0.215564  1.59308
0.875576 0.287877 0.212767  1.58568
0.882905 0.296401 0.196441   1.5997
0.886203 0.281261 0.213505  1.60653
0.881934 0.284083 0.212112   1.5974
0.881628  0.28816  0.20274  1.59589
0.934008 0.157277 0.225986   1.6823
0.927713 0.118391 0.247708  1.67151
0.891659  0.11136 0.293218  1.61201
0.899698 0.107486 0.298641  1.62887
 0.892581 0.0918107  0.298216   1.61386
 0.89552 0.106088  0.29861  1.62232
0.906876 0.103199  0.29575  1.64131
  0.91322 0.0995293  0.283655   1.65015
 0.911245 0.0863047  0.293507   1.64905
0.910321 0.100519 0.295253  1.64888
 0.897082 0.0640662  0.300017   1.62281
 0.908553 0.0640822  0.296698   1.64477
 0.906742 0.0296382  0.293899   1.64187
 0.902754 0.0591902  0.300179   1.63612
0.903187 0.102553 0.301337  1.63726
 0.907142 0.0840208  0.299719   1.64407
 0.897752 0.0856639  0.302813   1.62711
  0.90275 0.0878446  0.299733   1.63428
 0.921403 0.0963973  0.272204   1.66437
 0.918782 0.0987015  0.272861   1.65853
 0.923541 0.0997526  0.257082   1.66444
 0.929235 0.0876926  0.254355   1.67708
 0.925827 0.0840491  0.259459   1.66995
 0.924034 0.0983637  0.263817   1.66821
 0.778857  0.114851 -0.419838    1.4179
 0.776128  0.121056 -0.426048    1.4165
 0.778639  0.118084 -0.421028   1.41873
 0.770591  0.116459 -0.430198   1.40594
 0.769747  0.122693 -0.435611   1.40837
 0.771148  0.119314 -0.430316   1.40783
0.776985 0.109731 -0.42037  1.41313
 0.772236  0.111124 -0.425992    1.4061
 0.773592  0.105379 -0.422191   1.40578
 0.773936  0.107738 -0.423542   1.40794
 0.774686  0.118114 -0.428227   1.41411
  0.77207  0.113343 -0.427431    1.4071
 0.776505  0.112526 -0.422423   1.41383
 0.774845  0.115127 -0.424746    1.4119
 0.771115  0.149385 -0.448536   1.42194
0.812921 0.225468 -0.41212  1.50213
 0.815593  0.226017 -0.409218   1.50665
 0.811245  0.226957 -0.410405   1.49922
 0.812704  0.225732 -0.410543   1.50093
  0.81876  0.226251 -0.405622   1.51182
 0.822501  0.225933 -0.401394    1.5178
 0.817091  0.228392 -0.402986   1.50876
 0.818781  0.226398 -0.403157   1.51068
  0.80832  0.229509 -0.405634   1.49273
 0.811469  0.231333 -0.402006   1.49833
   0.8154  0.226216 -0.407176   1.50525
   0.8145  0.228906 -0.404125   1.50379
 0.811429  0.227817 -0.408183   1.49886
0.813913 0.227676 -0.40709  1.50358
  0.81113  0.224494 -0.414079   1.49895
 0.808928  0.223843 -0.415124   1.49554
 0.810709  0.222866 -0.415034   1.49814
 0.810046  0.223333 -0.414556   1.49657
 0.806507  0.222667 -0.415291   1.49089
 0.802904  0.223751 -0.416111   1.48532
 0.805815  0.219796 -0.418211   1.49038
 0.805372  0.222001 -0.415837   1.48879
 0.811644  0.220054 -0.414581   1.49926
 0.809725  0.216632 -0.417864    1.4969
 0.815069  0.214985 -0.410708   1.50355
 0.812184  0.215622 -0.413894     1.499
 0.807951  0.222312 -0.415417   1.49325
0.808009 0.218625 -0.41657  1.49305
0.810221 0.220653 -0.41509  1.49658
 0.808776  0.221089 -0.416431   1.49521
0.932059 0.150131  0.22928   1.6765
   0.96621 -0.0250838  0.0240718    1.74018
  0.96033 -0.066938 0.0907961   1.73131
 0.961398 -0.013906 0.0923073   1.72781
  0.961961 -0.0147612  0.0877342    1.73129
  0.943167 -0.0701569   0.180215     1.7028
  0.919077 -0.0297265   0.248142    1.65841
  0.941538 -0.0228281   0.199438    1.69542
  0.935741 -0.0460844   0.240562     1.6977
0.956659 0.011912 0.139939  1.71964
   0.94988 0.00583576   0.166452    1.70678
0.951798 0.031715 0.150895  1.70868
 0.952686 0.0209071  0.164324    1.7134
  0.951557 -0.0488765   0.169334    1.71997
  0.948351 -0.0135314   0.193614    1.71059
  0.957482 0.00290135     0.1467    1.72405
  0.953591 -0.0309727   0.149564    1.71628
 0.88489 0.193207 0.285425  1.60482
0.888817 0.199517 0.281384  1.61069
0.891593 0.191332 0.283164  1.61614
0.888369 0.193722 0.282813  1.60921
0.893918  0.20415 0.274379  1.61878
0.899286 0.188547 0.277082  1.62857
0.894095  0.19198 0.279828  1.61859
0.892944 0.196234  0.27616   1.6157
0.892473  0.12381 0.288841  1.61382
0.893342 0.131796 0.287305  1.61615
0.897973 0.132454  0.29366  1.62607
0.894906 0.130154  0.28843     1.62
0.892739 0.139721 0.288051  1.61577
0.891182 0.148239 0.289296  1.61348
 0.89646 0.149325 0.291659  1.62364
0.893143 0.147019 0.288856   1.6178
0.901892 0.138196 0.291713  1.63241
0.901316 0.145975 0.288552  1.63081
0.906562 0.137998 0.284043  1.63881
0.902656 0.141449 0.291475  1.63418
0.894394 0.138593  0.28787  1.61948
0.898236 0.147021 0.292752  1.62771
0.899121 0.138394 0.293899  1.62935
 0.89744  0.14109 0.292293  1.62537
 0.759765  0.154737 -0.453832    1.4024
 0.759988  0.154648 -0.453843   1.40285
 0.760428   0.15486 -0.454442   1.40403
 0.759344  0.154339 -0.454485   1.40179
 0.759325  0.154507 -0.454563   1.40182
 0.759364   0.15424 -0.454366   1.40176
 0.759292  0.154925 -0.454535   1.40183
  0.75937  0.154216 -0.454398   1.40178
 0.767159  0.156231 -0.450465   1.41577
 0.759326  0.154366 -0.454497   1.40177
 0.745027  0.130682 -0.450176   1.36554
 0.746653  0.129266 -0.449772   1.36846
0.743221 0.129492 -0.44872  1.36033
 0.741149  0.129272 -0.446883   1.35432
 0.742539  0.127405 -0.446317    1.3566
   0.7428  0.128359 -0.446893   1.35765
 0.746249  0.125973 -0.447277   1.36523
 0.743985  0.125585 -0.445521   1.35886
 0.745623  0.123644 -0.444559   1.36141
  0.74582  0.124739 -0.445318   1.36246
 0.744277  0.129191 -0.448419    1.3623
 0.744193  0.126596 -0.446195   1.35986
 0.745863  0.127302 -0.447757   1.36494
 0.744578  0.127705 -0.447933   1.36237
 0.759308  0.154714 -0.454583   1.40184
 0.761444  0.153561 -0.453475   1.40538
 0.764818  0.154959 -0.453251   1.41214
 0.765964  0.154169 -0.454257   1.41482
0.768263  0.15308 -0.45411  1.41919
 0.767492  0.121456 -0.437018   1.40413
 0.763657  0.117447 -0.436052   1.39452
  0.76785  0.115532 -0.431831   1.40081
 0.766604  0.118231 -0.433972   1.39978
 0.761174  0.114345 -0.436366   1.38865
 0.757166  0.112966 -0.435961   1.37922
  0.76065  0.110597 -0.432941   1.38459
 0.760522  0.112286 -0.434674   1.38554
 0.769191  0.110013 -0.428336   1.40066
 0.764484  0.108201 -0.429198   1.39037
 0.769005  0.105499 -0.424695   1.39725
 0.768653  0.107837 -0.427205   1.39817
 0.763384   0.11513 -0.434527   1.39245
 0.764243  0.110161 -0.431327   1.39131
 0.767659  0.113173 -0.430565   1.39908
 0.764863  0.112282 -0.432636   1.39411
  0.75933  0.154338 -0.454465   1.40175
 0.762689    0.1512 -0.449444   1.40561
 0.772355  0.146615 -0.441418   1.42057
 0.776308  0.123996 -0.425519   1.41711
 0.774361  0.131979 -0.432074   1.41772
  0.76996   0.12477 -0.434304   1.40835
 0.774745  0.128341 -0.431842   1.41787
 0.764137  0.129497 -0.443827    1.4019
 0.778361  0.135956 -0.430395   1.42613
 0.781007  0.127141 -0.423577   1.42676
  0.78428  0.136421 -0.420169   1.43366
 0.780515  0.131125 -0.421098   1.42503
  0.76659  0.150361 -0.454797   1.41551
0.759314 0.155018 -0.45383  1.40155
 0.759402  0.155176 -0.453963   1.40182
 0.761336  0.154518 -0.451876   1.40458
  0.76058   0.15528 -0.454652   1.40448
   0.7637  0.156614 -0.452946   1.41009
 0.761875  0.155561 -0.450573    1.4052
 0.761116  0.153828 -0.453614   1.40479
 0.736556  0.152682 -0.459077   1.35806
 0.759295  0.154579 -0.454554   1.40177
 0.766436  0.158886 -0.450732   1.41496
 0.760785  0.154566 -0.454719   1.40478
 0.763061  0.154637 -0.450215   1.40726
0.760382 0.154667 -0.45445   1.4039
 0.759407  0.161142 -0.439653   1.39602
 0.759926  0.154452 -0.453846   1.40268
 0.759325  0.154826 -0.454718   1.40194
 0.759771  0.154433 -0.453845   1.40239
 0.761049  0.154369 -0.454848   1.40536
 0.759601  0.154116 -0.453955   1.40202
 0.759382  0.154228 -0.454224   1.40173
 0.759493  0.154022 -0.454178    1.4019
 0.759389  0.154303 -0.454085   1.40169
 0.759648  0.154234 -0.453853   1.40209
 0.759503  0.154325 -0.454025   1.40191
 0.788467   0.14111 -0.407716   1.43718
 0.794252  0.140209 -0.399693   1.44559
 0.789021  0.149491 -0.401694   1.43688
  0.79018  0.141797 -0.401489   1.43782
 0.803133  0.136949 -0.385593   1.45795
 0.818695  0.138909 -0.364744   1.48467
0.800701 0.153973 -0.37945  1.45369
 0.804908  0.141106 -0.375527   1.45893
 0.787873  0.155958 -0.396695   1.43339
 0.791822  0.160974 -0.389481   1.44006
 0.785373  0.166686 -0.397757   1.43091
 0.788208  0.159574 -0.394508   1.43433
 0.795977  0.139602 -0.389414   1.44436
 0.795204  0.152858 -0.386207    1.4445
 0.789839  0.149641 -0.394936   1.43551
 0.794594  0.149191 -0.390525   1.44373
 0.785422  0.144428 -0.406529    1.4305
 0.785335  0.148687 -0.407187   1.43149
 0.783642  0.156163 -0.399116   1.42539
 0.781791  0.162787 -0.403204     1.425
0.779761  0.15335 -0.41579  1.42485
0.782073 0.155802 -0.40757  1.42605
 0.736308  0.142818 -0.453933   1.35197
0.737591 0.141272 -0.45356   1.3541
 0.734465  0.142296 -0.451849   1.34637
 0.732368  0.142499 -0.449984   1.34026
 0.733517    0.1407 -0.449782   1.34219
 0.734027  0.141457 -0.450143   1.34361
 0.736396   0.13874 -0.451408   1.34939
 0.734543   0.13906 -0.449514   1.34385
 0.735522  0.137405 -0.449271   1.34543
0.736015 0.138111 -0.44961  1.34679
 0.735548  0.141707 -0.451835   1.34848
  0.73501  0.139772 -0.449886   1.34518
0.736563 0.139686 -0.45173  1.35015
 0.735376  0.140477 -0.451501   1.34766
 0.730383  0.159524 -0.453994   1.34329
 0.730216  0.164253 -0.452352   1.34291
 0.728244  0.159487 -0.450934   1.33643
 0.728017  0.162009 -0.450078   1.33592
 0.726594  0.160395 -0.449693   1.33171
 0.727123  0.160535 -0.450146   1.33378
  0.72869   0.16242 -0.452195   1.33918
 0.729426  0.160894 -0.452216   1.34037
 0.764217   0.16093 -0.447655    1.4095
 0.769631  0.155198 -0.448939   1.42002
 0.761938  0.152382 -0.451267   1.40517
 0.749205  0.132121 -0.451289   1.37553
  0.75323  0.129244 -0.450297    1.3829
  0.75934  0.155101 -0.454779   1.40205
 0.764056  0.151222 -0.451607   1.40931
 0.759385  0.155283 -0.454708   1.40214
 0.766324  0.158881 -0.446845   1.41305
 0.762297  0.154872 -0.450414   1.40586
 0.759456  0.155343 -0.454525   1.40222
 0.761381   0.15421 -0.450474   1.40395
 0.760918  0.154629 -0.452417     1.404
 0.760428  0.155119 -0.453023   1.40339
 0.759358  0.155203 -0.454732   1.40208
 0.760934  0.155041 -0.453774   1.40474
 0.759667  0.155278 -0.454199   1.40248
 0.760181  0.155118 -0.454375   1.40355
 0.761128  0.154866 -0.450571   1.40361
 0.759934  0.155188 -0.454228     1.403
 0.760232  0.155443 -0.454348   1.40367
   0.7595  0.154974 -0.453812   1.40192
 0.759847  0.155247 -0.454264   1.40286
 0.940114  0.162077 0.0785873    1.6913
 0.945334  0.167356 0.0421775   1.70307
 0.947093  0.165878 0.0663585   1.70469
0.944299 0.176123 0.068211  1.70318
    0.956887     0.141332 -0.000347161      1.72679
  0.966106  0.0856757 -0.0193017    1.74318
 0.958446  0.130724 0.0279996    1.7251
0.957992 0.112381 0.023144  1.72504
 0.951388  0.155621 0.0644846   1.71092
 0.954947   0.14266 0.0528839   1.71705
 0.952936  0.153729 0.0714738   1.71367
 0.952821  0.149773 0.0682308   1.71357
 0.949446  0.164576 0.0396855    1.7127
 0.954296  0.142747 0.0502167   1.71707
  0.94974  0.164555 0.0645618   1.71043
 0.951905  0.155398 0.0412935   1.71339
 0.866763  0.365725 0.0855763   1.57259
0.875512 0.348655 0.116599  1.58896
0.857513 0.370814 0.102999  1.55613
0.863399 0.359268 0.119182  1.56678
 0.85219 0.374238 0.121461  1.54918
0.856937 0.362128 0.114114   1.5525
0.867197 0.354177 0.113931  1.57174
 0.865525  0.356468 0.0986093   1.56716
  0.807675   0.426921 -0.0971496    1.47492
  0.81653  0.405922 -0.116513   1.48561
  0.829062   0.404528 -0.0879103    1.50878
  0.815689   0.405011 -0.0981129    1.48036
 0.829882  0.384067 -0.133653   1.50865
  0.851857   0.380892 -0.0829926    1.54938
  0.833448   0.391323 -0.0930705    1.51333
 0.827601  0.384417 -0.110759   1.49946
  0.869777   0.345277 -0.0766738    1.57431
 0.954014  0.126475 0.0325902   1.71426
 0.953507  0.133367 0.0366638   1.71315
0.953823 0.133157 0.029618  1.71346
 0.953776  0.134419 0.0341702   1.71401
  0.95299  0.137801 0.0225156   1.71046
 0.952481  0.143577 0.0313332   1.71064
   0.9525    0.1443 0.0399221   1.71098
  0.949028   0.134464 -0.0985878    1.70569
  0.951247    0.14909 -0.0764916    1.71085
 0.954092  0.137048 0.0201449   1.71356
 0.954073  0.135562 0.0220135    1.7132
 0.95495 0.130105 0.017367  1.71585
 0.955574  0.125308 0.0156519   1.71728
 0.955173  0.125656 0.0207417    1.7165
 0.955144  0.124749 0.0167807   1.71616
 0.954226  0.133411 0.0283625   1.71461
 0.954875  0.126571 0.0260933   1.71609
 0.954537  0.127081 0.0313991    1.7156
 0.954377  0.126291 0.0269226   1.71483
 0.954721  0.130052 0.0180551   1.71517
 0.954732  0.125742 0.0212039   1.71543
 0.954063  0.132307 0.0212861   1.71383
 0.954666   0.13046 0.0218577   1.71526
 0.955428  0.124119 0.0115779   1.71662
 0.954892  0.129463 0.0142785   1.71543
  0.955061   0.128483 0.00729339    1.71556
 0.955114  0.130348 0.0119725   1.71618
   0.954045    0.130835 -0.00145434     1.71248
  0.953735   0.137747 0.00802882     1.7128
 0.953842  0.138555 0.0160137   1.71317
   0.956566    0.119337 -0.00965249     1.71861
   0.956075     0.12289 -0.00752512     1.71749
  0.956228   0.120498 -0.0138714    1.71754
  0.956279   0.123511 -0.0102889    1.71816
  0.955775   0.128976 -0.0141674    1.71656
  0.955234   0.125471 -0.0148339    1.71537
   0.955257    0.128864 -0.00771197     1.71574
0.949792 0.156917 0.053275  1.70431
   0.95568   0.132068 -0.0209298    1.71715
  0.956176   0.130432 -0.0164293    1.71798
0.956691 0.121308 -0.02429  1.71903
  0.957404   0.117693 -0.0268302    1.72069
 0.957345  0.117948 -0.021685   1.72048
  0.957001   0.116893 -0.0234898    1.71949
  0.956543   0.120633 -0.0153266    1.71843
 0.957184  0.118397 -0.016639   1.72008
  0.956995   0.119954 -0.0115356    1.71978
  0.956769   0.117824 -0.0148087    1.71894
  0.956572   0.120454 -0.0203745    1.71847
  0.956954    0.11701 -0.0189393    1.71933
  0.956526   0.119738 -0.0170139    1.71821
  0.956718   0.120649 -0.0194199    1.71893
   0.95702   0.116314 -0.0287186    1.71957
  0.956487   0.121048 -0.0251897    1.71841
  0.956502   0.119653 -0.0315686    1.71839
  0.956652   0.121117 -0.0299612    1.71903
  0.955509   0.124705 -0.0351167    1.71607
  0.955256   0.126691 -0.0335282    1.71587
  0.955303   0.131329 -0.0268446    1.71632
  0.957165   0.111613 -0.0504827    1.72014
  0.956555   0.117195 -0.0469022    1.71886
 0.956438  0.115048 -0.053154   1.71854
  0.956704   0.115504 -0.0525851    1.71937
  0.955469   0.127172 -0.0548327    1.71705
  0.955359   0.116997 -0.0538782    1.71592
  0.955359   0.123519 -0.0494649    1.71648
 0.951317  0.152248 0.0284617   1.70679
  0.954739   0.122176 -0.0705271     1.7158
  0.955418   0.127031 -0.0626715     1.7175
  0.956056   0.114114 -0.0735641    1.71879
  0.957516   0.107837 -0.0773822    1.72234
  0.957797   0.107972 -0.0693456    1.72245
 0.956737  0.108303 -0.070421   1.71987
  0.956574   0.113257 -0.0584146    1.71902
  0.957824   0.108968 -0.0619683    1.72214
  0.957774   0.110872 -0.0553625    1.72186
  0.957135   0.109822 -0.0566092    1.72016
 0.955951  0.115615 -0.066279    1.7181
 0.957029  0.108727 -0.063063   1.72015
  0.956374   0.115681 -0.0579066    1.71867
 0.956386  0.114132 -0.066037   1.71913
 0.946818  0.188191 0.0148688   1.70017
 0.949614  0.149386 -0.123849   1.71365
 0.941812  0.149788 -0.154646    1.6994
 0.948721  0.130725 -0.132292   1.70962
 0.945131  0.133998 -0.148857   1.70398
 0.947617  0.120682 -0.146067   1.70764
 0.946794  0.124312 -0.147022   1.70632
 0.943646  0.139092 -0.152452   1.70187
 0.946742  0.147817 -0.143499   1.70934
0.945764 0.172767  0.06217  1.69612
0.937702 0.133923 -0.18832  1.69303
 0.938203  0.139667 -0.180094   1.69357
 0.936138  0.142557 -0.187731   1.69055
   0.9374  0.135129 -0.186365   1.69219
 0.934047  0.168609 -0.190301    1.6912
 0.936205  0.141048 -0.179964     1.689
  0.93666  0.143197 -0.179076   1.69027
  0.954644    0.14114 -0.0370969    1.71546
  0.78684  0.396259 -0.210967   1.43754
 0.795324  0.375179 -0.221084   1.44808
 0.805609  0.381059 -0.198205   1.46698
 0.793785  0.378295 -0.206969   1.44196
 0.807671   0.35809 -0.233011   1.47214
 0.825751  0.366727 -0.192304   1.50483
0.809895 0.370861 -0.20217  1.47356
 0.805003   0.36286 -0.213625   1.46227
  0.877563   0.349633 -0.0148239    1.58761
0.782706  0.32463  -0.3072  1.43018
 0.802161  0.335743 -0.275958   1.46506
 0.773681  0.336875 -0.299171   1.41128
 0.783734  0.343921 -0.281828   1.42917
 0.767732  0.353465 -0.294111   1.40413
 0.772842   0.34066 -0.288636   1.40677
 0.786627  0.336857 -0.285706   1.43482
  0.78094  0.330398 -0.293309   1.42267
  0.947034   0.167966 -0.0963314     1.7063
 0.925464  0.227852 -0.135059   1.67152
 0.909023  0.168937 -0.268624   1.65032
 0.910163   0.17548 -0.259544   1.65218
  0.90667  0.179798 -0.268229   1.64752
 0.908526  0.170997 -0.265909   1.64926
 0.903973  0.203534 -0.270648   1.64851
 0.906733  0.180168 -0.261847   1.64648
 0.907623  0.182496 -0.260651   1.64872
  0.75109  0.311052 -0.350751   1.37521
 0.756493  0.298519 -0.351885   1.38229
 0.763492  0.306642 -0.340118   1.39465
 0.754994  0.302378 -0.344911   1.37712
 0.764302  0.290328 -0.356693   1.39948
0.777811 0.304432 -0.33574  1.42376
0.765885 0.302204 -0.34245   1.4001
 0.762602  0.296009 -0.347502   1.39306
0.921291 0.208773 -0.19037  1.66919
 0.871194  0.218495 -0.326085   1.59515
 0.877527  0.221755 -0.319201   1.60812
 0.870087  0.209789 -0.334374   1.59223
 0.870087  0.204535 -0.341846   1.59269
 0.876213  0.199399 -0.332583   1.60194
0.871517 0.204926 -0.33542  1.59352
 0.883285  0.197026 -0.312485   1.61129
 0.881954  0.193945 -0.323358   1.61046
 0.887371  0.187871 -0.314162    1.6183
 0.883873  0.194686 -0.317028   1.61276
 0.873012  0.212858 -0.326885    1.5969
 0.877797  0.199927 -0.326235    1.6033
 0.881432  0.207488 -0.314299    1.6102
 0.876435  0.204167 -0.324164    1.6014
 0.740273  0.273482 -0.386855   1.35627
 0.745261  0.264169 -0.386164   1.36349
 0.749784  0.271806 -0.378318   1.37137
 0.743386   0.26764 -0.381526   1.35812
 0.752191  0.258912 -0.390005   1.37963
  0.76104  0.272647 -0.375656   1.39539
 0.751827  0.269258 -0.380114   1.37677
0.750407 0.263869 -0.38327  1.37355
 0.757955  0.348894 -0.298987   1.38319
0.753039 0.338523 -0.31449  1.37462
 0.767226  0.332494 -0.303745   1.39738
 0.761834  0.343631 -0.310511   1.39381
 0.749426    0.3276 -0.328817   1.36852
0.746236 0.316833 -0.34158   1.3631
 0.759609  0.312653 -0.330676   1.38452
 0.754373  0.321869 -0.338346    1.3808
 0.774303  0.321659 -0.312166   1.41267
 0.774183  0.312742 -0.317451   1.41108
 0.758004  0.332708 -0.325181   1.38719
 0.765368  0.318069 -0.326604   1.39719
 0.770444  0.327343 -0.313807   1.40627
 0.762853  0.322521 -0.318776   1.39012
  0.84724  0.226509 -0.359425   1.55613
 0.851713  0.228508 -0.354757   1.56485
 0.846779  0.221264 -0.367153   1.55576
 0.847206  0.217526 -0.372533   1.55687
 0.852721  0.214453 -0.365399   1.56538
  0.84814  0.217645 -0.367735   1.55688
 0.857731  0.216168 -0.352618   1.57301
 0.858305  0.211658 -0.358123   1.57422
 0.863999  0.207971 -0.350289   1.58299
 0.859239  0.211878 -0.352895   1.57419
 0.848903  0.223111 -0.361905   1.55883
0.853471 0.214667 -0.36068  1.56509
 0.854666  0.220215 -0.353905   1.56761
 0.852146   0.21815 -0.360172   1.56394
0.812695 0.231922 -0.39828  1.49944
 0.818006  0.229741 -0.399877   1.50965
  0.82282  0.226037 -0.398465   1.51709
0.823417 0.229707 -0.39355  1.51824
  0.82139  0.228212 -0.398119   1.51553
 0.823661  0.235031 -0.387193   1.51848
 0.815745  0.232057 -0.398184   1.50535
 0.821197  0.234751 -0.393391    1.5158
 0.865286  0.240111 -0.298165   1.57829
 0.806379  0.224155 -0.413778   1.49024
 0.803277  0.226292 -0.413139   1.48529
 0.804291  0.224768 -0.411476   1.48557
 0.808798  0.224836 -0.413791   1.49488
 0.810839  0.224841 -0.413105   1.49792
 0.809307  0.226373 -0.411436   1.49535
 0.809976  0.225287 -0.413223   1.49725
 0.806475  0.228411 -0.406563   1.48885
 0.807843  0.225526 -0.413761   1.49332
 0.807041  0.226998 -0.409163     1.491
 0.808713  0.226806 -0.411826   1.49459
 0.743113  0.306634 -0.353851    1.3582
 0.739906  0.297111 -0.363848   1.35263
 0.751228  0.294308 -0.355052   1.37104
 0.747083  0.301634 -0.361412   1.36818
0.737698 0.287534 -0.37292  1.34891
 0.735928  0.278424 -0.380933   1.34596
 0.746363  0.276635 -0.372423   1.36294
 0.742324  0.282514 -0.379046   1.35977
 0.757249  0.286822 -0.360242   1.38475
 0.757855  0.279692 -0.363396   1.38498
 0.744565  0.291907 -0.370765   1.36377
 0.750878  0.281306 -0.369756    1.3728
 0.754244  0.289896 -0.361485   1.37883
 0.748332  0.285216 -0.364838   1.36625
 0.93663 0.168056 0.210018  1.68306
0.930542 0.155902 0.192588  1.68007
0.926229 0.149884 0.195439  1.67475
0.912658 0.231673 0.288206  1.65637
0.925729 0.214984 0.242541  1.67305
  0.81805 -0.170376  0.156241   1.50792
0.921169 0.179655 0.204796  1.66216
0.901589  0.15737 0.338439  1.63681
0.923243  0.18318 0.257267  1.67074
0.930047 0.156837 0.229279  1.67405
0.927051  0.20153 0.217624  1.67379
0.930953 0.156159 0.232618  1.67488
 0.93151 0.153142 0.234039  1.67583
0.874501 0.260096 0.245526  1.58498
0.873318 0.268026 0.239177  1.58277
0.879056 0.263576 0.236671  1.59203
0.875723 0.266827 0.241246  1.58858
0.872162 0.276283 0.232287  1.58073
0.870721 0.284578 0.224747  1.57802
0.877201 0.278224 0.221822   1.5884
0.873485 0.283336 0.227179  1.58468
0.883941  0.26619 0.228705  1.60015
0.884494  0.26929 0.220735  1.60046
0.874738 0.275012 0.234352  1.58689
0.879018 0.276769 0.225593    1.593
 0.88029 0.269742 0.232182  1.59562
0.877948 0.271494 0.229454  1.59011
0.932348 0.142686 0.226275  1.67731
0.927318 0.151628  0.24622   1.6694
0.933023 0.130935 0.221696  1.67874
0.933631 0.157594 0.227546  1.68061
0.932889 0.122823 0.234332  1.68089
0.925824 0.155624 0.235571  1.66569
0.938675 0.084587 0.202146   1.6871
 0.948444 0.0548993  0.187093   1.70746
0.942877 0.064888 0.196274  1.69544
 0.944379 0.0621067  0.198965   1.69982
 0.937435 0.0689936  0.218531   1.68694
 0.934561 0.0714856  0.221356   1.68077
 0.940184 0.0781932  0.212412   1.69288
0.933533 0.152202 0.225324  1.67935
0.886382 0.264733 0.231259  1.60587
0.889486 0.251187 0.242197  1.61219
0.880773 0.262135 0.239278   1.5962
0.882715 0.254087 0.244636  1.60003
0.876925 0.258758 0.247309  1.59075
0.879953 0.256169 0.242657  1.59378
0.885515 0.253972 0.241838  1.60395
0.885062 0.257782 0.235277  1.60228
 0.933823 0.0894109  0.241178   1.68453
0.935162 0.104603 0.225984  1.68479
0.931397 0.100913 0.230907  1.67648
 0.91768 0.174059 0.242938  1.64895
0.909465 0.178925 0.253225  1.62626
0.926081 0.153504 0.221682  1.66778
0.921906 0.154059 0.204042  1.66413
0.929022 0.155362 0.236904  1.67122
 0.92592  0.15635 0.232845  1.66572
0.932634 0.153874 0.220318  1.67992
 0.92655  0.16541 0.243264  1.66446
  0.9275 0.181482 0.222185  1.67947
0.927725 0.146883 0.242215  1.66955
0.930259 0.142272 0.199383  1.67613
0.929387 0.156624 0.233379  1.67152
0.928887 0.145358  0.19319  1.68134
0.921058 0.162179 0.258943  1.66071
0.936198 0.154149 0.189333  1.69231
0.926913 0.168432 0.225821  1.67506
0.940644 0.160316 0.178362  1.69699
0.934657  0.15309 0.219566   1.6842
 0.94578 0.130006 0.151123  1.71508
0.933787 0.195661 0.120746  1.67141
0.935896 0.129976 0.257399  1.69907
0.946275 0.185924 0.174967  1.69658
0.944738 0.158656 0.176401  1.70554
0.949371 0.165111 0.181441  1.70404
0.887496 0.236443 0.254389  1.60667
 0.88794 0.239756 0.247867  1.60685
0.882797 0.232924 0.261187  1.59895
0.878199 0.228183 0.268375  1.59175
0.877168 0.236055 0.263376  1.58979
0.879333 0.234778 0.265072  1.59503
0.881273 0.247244 0.249402  1.59598
0.876281 0.244019 0.257791  1.58816
0.875366  0.25172 0.251749  1.58638
0.877684 0.250486 0.253884  1.59206
0.883928 0.238882 0.257632  1.60218
 0.87855 0.242731 0.259632  1.59366
0.882804 0.245666 0.252572  1.59985
0.881782 0.240715 0.255471   1.5972
0.891551 0.156331 0.289942  1.61558
0.895618 0.164761 0.291005  1.62289
0.897098 0.155617 0.291826  1.62604
0.894989 0.158172 0.290818  1.62124
0.900687 0.167736   0.2852   1.6299
0.906291 0.150555 0.285196  1.64059
0.902164 0.152759 0.289142  1.63328
0.900473 0.154707 0.288328  1.62947
 0.90041 0.162478 0.285528  1.62985
0.889364 0.157643 0.290486   1.6108
0.887436 0.167011  0.29069  1.60764
0.893626 0.166912 0.290257  1.61843
0.889737 0.165527 0.290584  1.61277
0.885596 0.176409 0.289621  1.60456
 0.88393 0.185575 0.287493  1.60169
0.890702 0.183668 0.285564  1.61313
0.886406 0.183884   0.2881  1.60737
0.898236  0.17021 0.283766  1.62428
0.898587 0.175233 0.279215  1.62473
0.888039 0.174773 0.289918   1.6101
0.892614 0.181262 0.287478  1.61753
0.894231 0.173414 0.289651  1.62076
0.891931 0.175783 0.288553   1.6156
0.929969 0.138537 0.234929  1.67332
0.895844 0.269921 0.215333  1.62352
0.930118 0.147671 0.235093   1.6731
0.918272 0.160395 0.234755  1.65048
0.927144 0.134582 0.244852   1.6691
0.907916 0.159948 0.248659  1.62316
0.934432 0.153164 0.224632  1.68165
0.927661 0.156157 0.232287   1.6692
0.905934 0.169611 0.255296  1.61664
0.925201  0.15332 0.223779   1.6659
0.921843  0.14773 0.210834  1.66078
0.917637 0.153093 0.217037  1.65347
0.916738 0.165041  0.24539  1.64072
0.923036 0.149029  0.20644  1.66308
0.922539 0.181968 0.249495  1.65114
0.924085 0.162049 0.203036  1.66632
0.923015 0.153008 0.224173  1.66164
0.928055 0.173539  0.22226  1.66719
0.917429 0.159116 0.218778  1.65118
0.924921 0.185138 0.244648  1.65526
0.921488 0.171774 0.226114  1.65169
 0.762009  0.120349 -0.438239   1.39271
 0.763302   0.12315 -0.439475   1.39685
 0.755901  0.123597 -0.443283    1.3832
 0.759974  0.116823 -0.437661   1.38722
 0.756362  0.118832 -0.440772   1.38163
 0.757094  0.114576 -0.437517   1.38019
 0.757635  0.116415 -0.439323   1.38311
0.757357 0.121445 -0.44085  1.38449
 0.760609  0.119685 -0.439525   1.39036
   0.7698  0.142413 -0.450099   1.41898
 0.751709  0.125824 -0.446911   1.37686
 0.747441  0.129433 -0.449157   1.36977
0.749733 0.123716 -0.44555  1.37119
  0.74739  0.125935 -0.446706   1.36727
 0.747627  0.122821 -0.444222    1.3653
 0.748075  0.124118 -0.445937   1.36794
 0.748108  0.127521 -0.447632   1.36989
 0.750547  0.125683 -0.447049   1.37436
 0.765118  0.152685 -0.454586   1.41292
 0.769984  0.130615 -0.441554   1.41326
 0.770891  0.135067 -0.438834   1.41447
 0.740326  0.137246 -0.451506   1.35764
 0.741096  0.135836 -0.451753   1.35914
 0.738198  0.135835 -0.450289   1.35182
 0.736469  0.135834 -0.448833   1.34684
 0.737638  0.134224 -0.448333   1.34868
 0.737921  0.135085 -0.448788    1.3497
 0.740385  0.132911 -0.449893   1.35568
 0.738804  0.132601 -0.447963   1.35062
 0.739885  0.130966 -0.447534   1.35235
  0.74009  0.131862 -0.448031   1.35323
  0.73921  0.135444 -0.450144   1.35378
 0.739025  0.133437 -0.448399   1.35149
 0.740128  0.133953 -0.450144    1.3555
 0.739302  0.134348 -0.449961   1.35365
 0.736876  0.136639 -0.449258   1.34809
 0.738184  0.136902 -0.450641   1.35223
 0.737371  0.138228 -0.451331   1.35126
 0.737155  0.137165 -0.450886   1.35029
 0.738467  0.140332 -0.453951   1.35598
  0.73815  0.138924 -0.452752   1.35422
0.739163 0.138345 -0.45197  1.35571
 0.773689  0.157992 -0.432659    1.4215
 0.736369  0.144057 -0.454596   1.35279
  0.73431  0.147965 -0.454699   1.34934
 0.734486  0.143343 -0.452126    1.3468
 0.733291  0.145399 -0.452172   1.34471
0.732843 0.143326 -0.45041  1.34166
 0.733203   0.14408 -0.451844   1.34405
 0.733904  0.146312 -0.453908   1.34761
 0.735383  0.144865 -0.453602    1.3502
 0.779925  0.173473 -0.408136   1.42499
 0.776412  0.161186 -0.417313   1.42004
 0.777097   0.16579 -0.416206   1.42164
 0.732694    0.1513 -0.455047   1.34695
 0.731475  0.155557 -0.454386   1.34487
 0.730702  0.150836 -0.452316   1.34057
 0.729916  0.153107 -0.451966   1.33915
 0.729047  0.151188 -0.450839   1.33559
 0.72948   0.1517 -0.45182  1.33784
 0.730561  0.153806 -0.453885   1.34223
 0.731727  0.152348 -0.453727   1.34423
 0.788247  0.191879 -0.444975   1.46045
 0.789863  0.193568 -0.447439   1.46478
 0.789268   0.20009 -0.443614   1.46422
 0.788884  0.201477 -0.439543   1.46213
 0.78312 0.193345 -0.45058   1.4532
 0.786828  0.197824 -0.448219   1.46084
 0.729693  0.168965 -0.451066   1.34217
  0.73059  0.174225 -0.448386    1.3435
 0.727384  0.169393 -0.447687   1.33481
 0.727719  0.172155 -0.446305   1.33521
 0.725737  0.170914 -0.446711   1.33039
 0.72637 0.170623 -0.44659  1.33223
 0.728426  0.172292 -0.448584   1.33862
 0.728741  0.170671 -0.448787   1.33902
 0.769147  0.158469 -0.437662   1.41456
 0.728867  0.178377 -0.446352    1.3397
 0.729463  0.176485 -0.446443   1.34053
  0.72674  0.179337 -0.442879   1.33279
  0.72411  0.181587 -0.442208   1.32676
 0.724151   0.17843 -0.443484   1.32688
 0.725842  0.179723 -0.443402    1.3306
 0.726625    0.1735 -0.445506   1.33279
 0.724169  0.175422 -0.444616   1.32691
  0.72426  0.172506 -0.445728   1.32711
 0.725808  0.173699 -0.445668   1.33052
 0.727948  0.177859 -0.443826   1.33548
 0.725772  0.176691 -0.444578   1.33047
  0.72763  0.174879 -0.445305   1.33509
0.726526 0.176266 -0.44416  1.33236
 0.735656  0.149905 -0.458071   1.35497
0.738179 0.147106  -0.4576  1.35934
 0.724446  0.196694 -0.435652   1.32726
 0.724175   0.19258 -0.437595   1.32682
  0.72783  0.193219 -0.435878   1.33421
 0.726533   0.19428 -0.437367   1.33195
 0.724088  0.188717 -0.439275   1.32668
 0.724011  0.184979 -0.440852   1.32655
 0.727201   0.18584 -0.439637   1.33331
  0.72607  0.186542 -0.440713   1.33107
  0.73047  0.191456 -0.439666   1.34217
 0.730943  0.189107 -0.439884   1.34267
 0.726235   0.19032 -0.439112   1.33139
 0.728588   0.18756 -0.439279   1.33641
  0.72929  0.191266 -0.437242   1.33752
 0.727292  0.189305 -0.437817   1.33322
 0.734165  0.168781 -0.456598   1.35529
 0.796488  0.225025 -0.414097   1.47191
 0.785557  0.225444 -0.408316   1.44644
 0.788419  0.229116 -0.407291   1.45287
 0.735539  0.178695 -0.452397   1.35796
 0.737635  0.200571 -0.438773   1.35974
 0.736145  0.196267 -0.439936   1.35623
0.734568 0.208154 -0.42971  1.34922
 0.734937  0.205143 -0.430126    1.3494
 0.73111 0.210816 -0.42515  1.33934
 0.726632  0.215776 -0.425303   1.33083
 0.725973  0.210741 -0.428226   1.32978
 0.729182  0.212752 -0.427703   1.33662
 0.729495  0.201505 -0.430876    1.3368
 0.725331  0.205817 -0.430884   1.32867
 0.724955  0.201103 -0.433378   1.32811
 0.727814  0.202978 -0.432953   1.33422
 0.732887  0.208276 -0.427114   1.34344
   0.7284  0.207848 -0.430456   1.33527
 0.731565  0.203611 -0.430189   1.34127
0.730028 0.205908 -0.42812  1.33744
  0.74674  0.206059 -0.436142   1.37878
 0.739825  0.229094 -0.414563   1.35759
 0.740582  0.225049 -0.415419   1.35844
 0.735441  0.232422 -0.410081   1.34589
  0.72942  0.239139 -0.410751   1.33524
0.728747 0.232803 -0.41479  1.33417
 0.732887  0.235409 -0.414018   1.34307
 0.733542  0.221009 -0.417949   1.34305
 0.728132  0.226837 -0.418489   1.33321
  0.72743  0.221153 -0.422015   1.33211
 0.731165  0.223416 -0.421316   1.34006
 0.737753  0.229343 -0.412904   1.35131
 0.732022   0.22925 -0.417785   1.34154
 0.736142  0.223646 -0.416911   1.34865
 0.734233  0.226377 -0.414338   1.34391
 0.815159  0.261703 -0.351752     1.495
  0.77234  0.243374 -0.392248   1.41757
 0.843026  0.243698 -0.338159   1.54424
 0.798302   0.24349 -0.382745    1.4669
 0.885831  0.235592 -0.268741   1.61443
 0.804475  0.273295 -0.348397    1.4764
 0.798107  0.355742 -0.239617   1.45184
0.798107 0.344485 -0.24846  1.44991
 0.788274  0.370515 -0.227514   1.43239
 0.775806  0.391704 -0.217614   1.41328
 0.770838  0.381681 -0.239608   1.40446
  0.78092  0.386995 -0.233872   1.42695
 0.779404  0.350748 -0.267083   1.41731
 0.766782  0.370708 -0.260679    1.3976
 0.762539  0.359557 -0.280074    1.3904
 0.772358  0.364845 -0.275006   1.41196
 0.792396  0.365388 -0.242249   1.44367
0.776878 0.375987 -0.25522   1.4199
 0.786258  0.356448 -0.261097   1.43263
 0.783424    0.3609 -0.249243   1.42433
 0.904601  0.224127 -0.230589   1.64371
 0.795105  0.424707 -0.105844   1.44729
 0.787832  0.419683 -0.136017   1.43393
 0.808451  0.402361 -0.125277   1.46732
 0.799553  0.424387 -0.127765   1.46055
0.783301 0.411478 -0.16525  1.42589
 0.779505  0.401463 -0.191509   1.41893
0.799723 0.386699 -0.17766  1.45136
 0.790479  0.407281 -0.184449   1.44393
  0.82009  0.382878 -0.141433   1.48736
 0.820585  0.370413 -0.155765   1.48583
 0.794905  0.416733 -0.157471    1.4522
 0.806767  0.393152 -0.169021   1.46799
 0.812944  0.400259 -0.145045   1.47999
 0.803283  0.396209 -0.154396   1.45847
 0.935393  0.190831 -0.152332   1.69114
 0.821356  0.416411 0.0209746    1.4921
  0.814658   0.422096 -0.0089139    1.48034
  0.834225   0.400613 -0.0045032    1.51199
    0.825715     0.423302 -0.000305133       1.5055
  0.808617   0.425132 -0.0402206    1.47001
  0.802175   0.425594 -0.0722584    1.45888
  0.824426   0.403586 -0.0627027    1.49489
  0.814272   0.427899 -0.0634112      1.486
  0.847223   0.381822 -0.0225242    1.53314
  0.849083   0.373101 -0.0430949    1.53495
  0.820263   0.426807 -0.0315393    1.49629
  0.832412   0.406684 -0.0518758    1.51341
  0.837975   0.405621 -0.0237872    1.52362
 0.829177  0.404321 -0.034224   1.50363
  0.953363    0.13742 -0.0251819    1.71102
0.845779 0.376313 0.117223  1.53486
 0.839895  0.387768 0.0981432   1.52443
 0.852573   0.37218 0.0969138   1.54477
0.846959 0.386471 0.103693  1.54054
 0.833936   0.39875 0.0756692   1.51405
 0.827684  0.407571 0.0504066   1.50267
 0.844362  0.387811 0.0533021   1.52973
 0.836909  0.407858 0.0585347   1.52408
 0.860308  0.367384 0.0795361   1.55792
  0.86081  0.366942 0.0614686   1.55776
 0.842193  0.397821 0.0823207    1.5329
 0.850016  0.388277 0.0633977   1.54338
 0.854628  0.380591 0.0835221     1.552
 0.848227   0.38185 0.0756349   1.53729
 0.950981   0.14012 0.0822891   1.70726
0.953699 0.134033 0.105498  1.71502
 0.87291 0.331506 0.146965  1.58015
0.873447 0.332912 0.133666  1.58001
0.866305 0.332232 0.160625  1.56882
0.860379 0.332838 0.176021  1.55995
0.857434 0.342682 0.163642  1.55462
0.861798 0.341354 0.167182  1.56483
0.861255 0.350101 0.132245  1.55972
0.854374 0.353106  0.14979  1.54938
0.850533 0.363836 0.134586  1.54267
0.855997 0.362286 0.138747   1.5552
0.868037 0.339959 0.151282  1.57427
0.859265 0.351574 0.153478  1.56064
0.864931 0.348946 0.138233  1.56854
0.863695 0.341969 0.146739  1.56435
0.934925 0.132405 0.219875  1.68343
0.891244 0.330375 0.121178  1.61771
0.879484 0.298241 0.193556  1.59187
0.879892 0.300841 0.183754  1.59173
0.874077 0.296445 0.204524  1.58289
0.869192 0.294105 0.216581  1.57553
0.867182 0.303381 0.208048  1.57192
0.870344 0.302003 0.210441  1.57936
0.870931 0.312893 0.184573  1.57695
0.865079  0.31309 0.198417  1.56823
0.862751 0.322401 0.187807  1.56391
0.866512 0.321104 0.190994  1.57282
0.875436 0.303739 0.198026  1.58712
0.868585 0.311626 0.201014  1.57643
0.873382  0.31155 0.189198  1.58303
0.872325 0.305642  0.19476  1.57991
0.933799 0.143406 0.224958  1.68084
0.937244 0.132113 0.201784  1.68757
0.924871  0.13263 0.251804  1.66686
 0.89393 0.298585 0.176764  1.62028
0.891617 0.205865 0.273349  1.61382
0.891802 0.209559 0.267956  1.61357
0.887179 0.201305 0.279655  1.60689
0.882488 0.194846 0.284806  1.59933
0.881177 0.203268 0.281472  1.59696
0.883377 0.201792 0.282564  1.60214
0.885126 0.216594 0.270828  1.60311
0.880147 0.211643 0.277511  1.59517
 0.87913 0.219688  0.27308  1.59329
0.881316  0.21829 0.274543  1.59852
0.888126 0.207674 0.276928  1.60977
 0.88235 0.210193 0.278709  1.60037
0.886649 0.214805 0.273349  1.60682
0.885819 0.209695 0.275496   1.6046
0.918233 0.115067 0.274734  1.65986
 0.92148 0.123395 0.262461  1.66373
0.916686  0.12177 0.275051  1.65601
0.912757 0.111496  0.28417  1.65069
0.907022  0.11405 0.296801  1.64318
0.908853 0.119893 0.288023  1.64347
0.909278 0.112947  0.28655  1.64339
0.900993 0.117714 0.299328  1.63312
0.894957 0.120338 0.292613  1.62047
0.899804 0.128899  0.29634  1.63063
0.898443  0.12215 0.296197   1.6268
 0.90388 0.134898 0.293482  1.63714
0.907887  0.13135 0.287022   1.6418
0.906608 0.132777 0.286575  1.63891
0.904246 0.117671 0.295293  1.63665
0.902845 0.128461 0.293597  1.63391
0.907212 0.123638 0.285789  1.63937
0.904915 0.125086 0.295571  1.63891
0.922647 0.147055 0.260662  1.66366
0.913819 0.115851 0.282944  1.65218
0.911167 0.119247 0.282796  1.64623
0.912692 0.125919 0.275538  1.64723
 0.91068 0.130354  0.28415   1.6469
0.922577 0.127181  0.26001  1.66309
 0.793213  0.203802 -0.437551   1.47091
 0.793964  0.197647 -0.442358   1.47236
 0.800741  0.200212 -0.435465   1.48373
   0.7955  0.200515 -0.437904   1.47389
 0.793204  0.194304 -0.446032   1.47133
 0.789909  0.187397 -0.441298   1.46157
 0.796971  0.186361 -0.437845   1.47426
  0.79286  0.188249 -0.439879   1.46695
 0.810275  0.195067 -0.432148   1.50049
  0.80669   0.18469 -0.432919   1.49177
 0.826701  0.184332 -0.421418    1.5289
0.811802 0.186763 -0.42887  1.50053
 0.795139  0.195168 -0.443391    1.4741
 0.800443  0.187259 -0.436102    1.4805
 0.802534  0.196239 -0.435854     1.486
0.800069 0.193569 -0.44107  1.48298
 0.738632  0.190624 -0.445924   1.36351
 0.957083  0.100984 0.0924895   1.71908
 0.954837  0.147458 0.0768956   1.71772
0.955478 0.127674 0.065366  1.71657
 0.961876 0.0739441 0.0676146   1.72772
 0.959572  0.108175 0.0556405   1.72505
 0.963807 0.0475967 0.0335517    1.7322
 0.962325 0.0979896 0.0389361   1.73066
 0.957353  0.123227 0.0599998   1.72048
 0.959382  0.112149 0.0829419   1.72541
 0.93515 0.141323 0.212509  1.68371
0.760123 0.154344 -0.45392   1.4031
 0.759616  0.154014 -0.454033   1.40208
 0.760611  0.154518 -0.454682   1.40444
 0.759374  0.154319 -0.454443   1.40183
 0.759338  0.154555 -0.454595   1.40186
 0.759434  0.154154 -0.454281   1.40185
 0.759396  0.154137 -0.454322   1.40179
 0.761535  0.152739 -0.451539   1.40449
 0.762191  0.151695 -0.449544   1.40468
 0.742866  0.138101 -0.455171   1.36573
  0.74639  0.135297 -0.454226     1.372
 0.762285  0.157477 -0.453191   1.40756
 0.763442  0.151951 -0.450636   1.40769
 0.765945  0.151558 -0.456586   1.41542
 0.761338  0.151512 -0.451489   1.40385
  0.75796  0.127121 -0.445524   1.38967
 0.762689  0.126798 -0.443892   1.39871
 0.761225  0.152603 -0.453594   1.40484
 0.761847  0.150143 -0.449761    1.4038
 0.767704  0.148654 -0.456061   1.41828
 0.748246  0.135146 -0.453446   1.37536
 0.768347  0.144992 -0.449763    1.4159
 0.759542  0.155227 -0.454243   1.40223
 0.759608  0.155425 -0.454443    1.4025
 0.760488   0.15542 -0.454105   1.40406
 0.759457  0.155387 -0.454643   1.40227
 0.763107  0.157402 -0.453168   1.40914
 0.761437  0.157766 -0.453509   1.40602
 0.759297  0.154902 -0.454703   1.40189
 0.761017  0.152936 -0.453627   1.40444
 0.759299  0.154604 -0.454599   1.40179
 0.760787  0.154021 -0.454936   1.40478
 0.760471  0.154325 -0.454726   1.40413
0.764212 0.149133  -0.4603  1.41326
 0.760066  0.154189 -0.453942   1.40296
 0.759178  0.154285 -0.454121   1.40131
 0.759867  0.154093 -0.453857   1.40251
 0.759545   0.15395 -0.454101   1.40197
 0.759323  0.154271 -0.454293   1.40166
 0.759517   0.15408 -0.454116   1.40193
 0.759735  0.154148 -0.453909   1.40229
 0.75946 0.153942 -0.45415  1.40181
 0.773637   0.15882 -0.424568   1.41752
0.732734 0.157263 -0.45811  1.35059
  0.73477  0.154445 -0.457795     1.354
  0.74001  0.142312 -0.456688   1.36152
 0.741762  0.149756 -0.463621   1.37025
0.761541 0.151085 -0.45143  1.40423
0.734516 0.160196  -0.4587   1.3553
 0.764599  0.158761 -0.454165   1.41277
0.759307  0.15486 -0.45461  1.40185
  0.76335  0.158933 -0.454703   1.41057
 0.759391  0.155222 -0.454815   1.40218
 0.759528  0.155446 -0.454856   1.40251
 0.757297  0.160679 -0.448559   1.39596
 0.761302  0.155579 -0.450999   1.40428
 0.760703  0.154869 -0.451272   1.40309
 0.760074  0.155159 -0.452076   1.40226
   0.7593  0.154903 -0.454602   1.40184
 0.760749  0.155111 -0.452485   1.40378
 0.759872  0.155533 -0.454729   1.40316
 0.760207  0.155482 -0.454699    1.4038
 0.760724  0.155929 -0.451216   1.40326
 0.759975  0.155513 -0.454671   1.40333
 0.760067  0.155564 -0.454419   1.40339
 0.948631  0.163483 0.0833843   1.70474
 0.950271  0.160899 0.0863401   1.70855
 0.882337  0.355471 0.0596457   1.60182
0.906879 0.265889 0.190862  1.64008
0.950036 0.160359 0.073584  1.70672
 0.953295  0.151272 0.0260477   1.71185
  0.952715   0.146545 0.00103927    1.70967
  0.954443   0.142938 0.00115616     1.7139
  0.954354   0.144443 -0.0154795    1.71432
  0.951843   0.148517 -0.0548892    1.71033
  0.94712  0.170502 0.0349373   1.69821
 0.949535  0.169278 0.0320252   1.70421
  0.953218   0.132496 -0.0568418    1.71195
 0.849368  0.347332 -0.177999    1.5475
   0.950329    0.160283 -0.00983992      1.7051
   0.94875    0.16532 0.00864788    1.70145
 0.938293  0.148904 -0.146111   1.68915
 0.943991  0.163254 -0.129436   1.70282
 0.928049   0.17392 -0.185876   1.67697
 0.827208  0.323242 -0.262217   1.51326
  0.852941   0.361835 -0.0845143    1.54326
  0.84485  0.345315 -0.114794   1.52257
  0.91329  0.192211 -0.224758   1.65514
 0.895651  0.209281 -0.262151    1.6285
 0.797302  0.301389 -0.325752    1.4628
  0.90976  0.249364 -0.176583   1.64822
 0.876828   0.22596 -0.292779   1.59919
 0.778137  0.275581 -0.369339    1.4315
0.889509  0.26627 -0.22095  1.61668
 0.826014  0.237408 -0.367474   1.51691
 0.837621  0.242362 -0.355806   1.53918
 0.839434  0.274053 -0.311453   1.53607
  0.80826  0.233508 -0.391074   1.48772
 0.818196  0.239596 -0.382576   1.50728
0.800143 0.229009 -0.41331  1.48022
 0.796664   0.23748 -0.399412   1.46906
 0.804872  0.232022 -0.408559    1.4889
0.932743 0.148065 0.183922  1.69014
 0.933985 0.0846844  0.134841   1.69031
0.932519 0.143678 0.193448  1.68108
0.927438 0.175036 0.246746  1.68133
0.929498 0.176931 0.229809   1.6846
0.925953 0.134461 0.264741  1.67635
0.925723 0.151738 0.259763  1.67816
0.932772 0.157292 0.227142  1.67963
0.927951 0.165663 0.237464  1.67976
0.932913 0.156974 0.229385  1.67901
0.933166 0.154776 0.229882  1.67901
0.933357 0.150398 0.228274  1.67952
0.898227 0.242608 0.241338  1.62727
0.934743 0.157288 0.227158  1.68309
0.934324 0.137171 0.213534  1.68096
 0.92794 0.153679 0.240597  1.66941
 0.949405 0.0762102   0.18055   1.70968
 0.947135 0.0782671  0.192468   1.70604
 0.941286 0.0966066  0.199487   1.69401
0.946305  0.10138 0.183377  1.70417
 0.945412 0.0889794  0.183335   1.70075
0.935048 0.156636 0.225732  1.68312
0.934656  0.15412 0.223155  1.68188
0.936465 0.123768 0.202622  1.68442
0.905634 0.290795 0.120207  1.63408
0.937947 0.115191 0.212213  1.68923
0.915095 0.180927 0.252415  1.63544
0.913306 0.176595  0.25675  1.63193
0.917994 0.154765 0.212399  1.65418
0.910455 0.168967 0.256824  1.62599
0.927492 0.156577 0.237719  1.66816
0.924524 0.156409 0.236024  1.66335
0.925245 0.165915 0.231569   1.6631
0.935495  0.15692 0.225955  1.68503
0.929107 0.167918 0.227177  1.67712
0.936647 0.152685 0.220286  1.68691
0.934164 0.134846 0.192715  1.68192
0.934649 0.144202 0.200811  1.68288
0.932711 0.132595 0.181473  1.68949
0.921683 0.152439 0.229574  1.65964
0.937496  0.13091 0.178963  1.70094
0.938468 0.131427 0.235402  1.69473
0.933043 0.163485 0.241641  1.68504
 0.923413 0.0145074  0.186728   1.66532
 0.93707 0.130025 0.154563  1.69924
0.937977 0.146533 0.241967  1.69425
0.905035 0.186052 0.269791  1.63606
0.906997 0.150243 0.282213  1.63931
0.905527 0.163098 0.277106  1.63661
0.901403 0.214269 0.260207    1.632
0.926453 0.143549 0.250849   1.6691
0.935597 0.157379 0.226346   1.6851
0.903644 0.230017  0.23046  1.63093
0.927207 0.155274 0.241597  1.66828
0.918259 0.164258 0.248775  1.64449
0.913211 0.167706  0.25033  1.63333
0.924648 0.154178 0.253471  1.66586
0.922824 0.152606 0.226416  1.66122
0.919126 0.148597 0.215935  1.65535
0.916438 0.152306 0.221919  1.64974
0.923791 0.164874 0.246549  1.65706
0.919483 0.149886 0.212195  1.65581
0.914217 0.164387 0.232013  1.63833
0.917969  0.16112  0.21344  1.65197
0.921294 0.152387 0.226788   1.6583
0.919685 0.170882 0.228792  1.65019
0.914787 0.157593  0.22107  1.64349
 0.755128  0.130556 -0.448363   1.38591
0.764132 0.150383 -0.45726  1.41175
  0.76291  0.150251 -0.452035   1.40694
0.764865 0.138997 -0.45228  1.40913
0.743187 0.140743 -0.45649   1.3677
 0.765989  0.161567 -0.438922   1.40921
 0.760553  0.152049 -0.453836   1.40346
 0.739889  0.146191 -0.458167   1.36296
 0.768729  0.163144 -0.426615   1.40905
 0.760419  0.161748 -0.444484   1.40052
 0.770597  0.183759 -0.444152   1.42338
  0.74531  0.143255 -0.461557   1.37514
 0.731336  0.165689 -0.456546   1.34868
  0.73269  0.162701 -0.456521   1.35079
 0.744278  0.184687 -0.453209   1.37688
 0.739763  0.167079 -0.462527   1.36911
 0.731575  0.175393 -0.452925   1.34927
 0.732265  0.172146 -0.453218   1.35011
 0.741072  0.175278 -0.459159   1.37159
0.733309 0.186824 -0.44705  1.35213
   0.7334   0.18307 -0.447667   1.35178
 0.761534  0.220758 -0.415105   1.40024
 0.754992  0.193986 -0.450636   1.39867
 0.785212  0.205158 -0.439607   1.45624
 0.776539  0.198372 -0.449136   1.44157
 0.778886  0.204444 -0.439108   1.44273
 0.744418  0.220134 -0.426788   1.37231
 0.743526  0.214432 -0.428176   1.36966
 0.756282  0.205965 -0.433289   1.39495
 0.752139  0.243671 -0.405749   1.38395
 0.751654  0.235163 -0.409053   1.38216
 0.765197  0.249576 -0.400269   1.41063
 0.762675  0.270235 -0.376887   1.40005
 0.760989   0.25993 -0.382242   1.39578
  0.78843  0.252201 -0.384065    1.4509
 0.778525  0.298483 -0.336383   1.42508
 0.773848  0.286815 -0.344819    1.4146
 0.801787  0.325769 -0.278341   1.46272
 0.793147  0.313564 -0.290741   1.44361
 0.865733  0.278124 -0.265338    1.5801
 0.855163  0.264706 -0.303546   1.56576
 0.82836 0.351291 -0.19128  1.50419
 0.823398  0.335062 -0.209568   1.49147
  0.936917   0.204672 -0.0970335    1.68808
 0.896178  0.290909 -0.136361   1.61968
  0.948796   0.156058 -0.0559943    1.70341
 0.918637  0.211232 -0.171753   1.65837
 0.871102  0.353683 0.0416578   1.57419
   0.872832    0.355553 -0.00685375     1.58011
0.879598 0.335461 0.112568  1.59142
0.878997 0.337642 0.083232  1.58842
0.947714 0.166252 0.099945  1.70312
 0.942289  0.200424 0.0492969     1.691
  0.94797  0.173914 0.0577095   1.70173
0.887303  0.30111  0.16824  1.60417
0.888478 0.304956 0.145747  1.60483
0.901619 0.272674 0.161113   1.6246
0.890444 0.272772 0.208849  1.61047
0.891471 0.280196 0.189322  1.61124
0.892912 0.246137 0.237872   1.6152
0.893255 0.252689 0.224354  1.61458
0.934489 0.148447 0.219981  1.68213
 0.89618 0.218025 0.259058  1.62074
0.895997 0.224591 0.248695  1.61919
0.901074 0.188778  0.27369  1.62918
 0.89946 0.195564 0.265956  1.62466
0.912356 0.147742 0.278648  1.65027
0.934352 0.149901 0.218223  1.68141
 0.777253  0.232132 -0.407713   1.43302
 0.789502  0.210113 -0.431044   1.46174
 0.794089  0.214997 -0.426155   1.47023
 0.795021  0.219603 -0.420251   1.47045
 0.797473    0.2231 -0.416858   1.47491
0.787615 0.221033 -0.41724  1.45435
 0.793149  0.217677 -0.420957   1.46625
0.767557 0.212429 -0.42701  1.41686
 0.786379  0.189937 -0.447502   1.45744
   0.7774  0.187192 -0.441271     1.437
 0.784606  0.191478 -0.449721   1.45535
 0.953083 0.0873041  0.122114   1.71098
 0.952645 0.0745998  0.146898    1.7119
 0.949975 0.0568943  0.143843   1.70388
 0.947985 0.0888657  0.154562   1.70239
 0.951203 0.0916702  0.142632   1.70891
0.934698 0.152794 0.217631  1.68266
0.943786 0.117789 0.158815  1.69542
 0.949971  0.150002 0.0926201    1.7063
 0.760244  0.154079 -0.454148    1.4034
 0.759744  0.153912 -0.453977   1.40229
 0.759645  0.153842 -0.454075   1.40212
 0.760631  0.154153 -0.455052   1.40459
0.760969 0.153773 -0.45518  1.40525
 0.759289  0.154547 -0.454432   1.40169
  0.76309  0.160422 -0.453079   1.40954
 0.760103  0.153787 -0.454382   1.40317
 0.749861  0.138589 -0.458869   1.38214
 0.760357  0.154027 -0.455142   1.40404
 0.762024  0.149564 -0.450097   1.40428
 0.755948  0.135494 -0.455844   1.39254
  0.75898  0.154752 -0.453757   1.40082
 0.763035  0.149401 -0.453879   1.40798
 0.764564  0.146362 -0.457298   1.41193
 0.758164  0.148019 -0.452894    1.3975
 0.759882  0.135885 -0.455561   1.40033
 0.770866  0.137588 -0.442264   1.41635
 0.764091   0.13674 -0.454015   1.40846
 0.760777  0.148866 -0.450554   1.40178
 0.759729  0.155515 -0.454785   1.40289
 0.759673  0.155513 -0.454782   1.40278
 0.759975  0.155329 -0.453592   1.40279
 0.759466  0.155285 -0.454763   1.40232
0.762259 0.159542 -0.45511  1.40865
0.759158  0.15468 -0.45398  1.40125
 0.759262  0.154595 -0.454428   1.40164
 0.760527  0.153484 -0.455332   1.40435
0.761535 0.159389 -0.45558  1.40746
 0.759263  0.154315 -0.454303   1.40154
 0.759996  0.153072 -0.455884   1.40348
  0.75933   0.15409 -0.454218   1.40161
 0.759488  0.153899 -0.454304   1.40194
 0.759412  0.154066 -0.454188   1.40176
 0.759879  0.153935 -0.453948   1.40256
0.759154 0.154188 -0.45422  1.40128
 0.760033  0.153921 -0.454218   1.40296
 0.759703  0.153785 -0.454274   1.40233
0.765203 0.162021 -0.43323  1.40494
0.740309 0.159712 -0.46404  1.36956
 0.747522  0.151509 -0.470856    1.3856
 0.763551  0.160952 -0.443279   1.40628
 0.762598   0.16057 -0.450447   1.40752
 0.76064 0.150395 -0.45176  1.40239
 0.762003  0.160207 -0.454627   1.40809
 0.759213  0.154825 -0.454053    1.4014
 0.759414  0.155219 -0.454239   1.40195
 0.760472  0.161167 -0.451247   1.40364
  0.76096  0.157624 -0.453631   1.40517
 0.760383  0.155804 -0.451703   1.40282
 0.759634  0.155333 -0.454096   1.40234
  0.76051  0.160516 -0.455181   1.40535
  0.76034  0.155254 -0.451411   1.40248
0.760184  0.15539 -0.45312  1.40299
 0.759899  0.155561 -0.454562   1.40313
 0.759662  0.155687 -0.452379   1.40168
 0.759736  0.155548 -0.454621   1.40282
 0.759724  0.155424 -0.453691   1.40234
 0.947398  0.174853 0.0799487   1.70181
 0.900709    0.3132 0.0798604    1.6273
  0.89762  0.322276 0.0271957   1.62093
0.897127 0.294206 0.109741  1.61454
 0.950926  0.165276 0.0037757   1.70733
 0.890942  0.310368 0.0491562   1.60171
  0.951239   0.167106 -0.0261681    1.70939
  0.946508   0.189551 -0.0144356    1.70033
  0.94642  0.190714 -0.050369   1.70358
 0.943362   0.19792 0.0140532   1.69305
  0.943269   0.177516 -0.0962197    1.69835
  0.93287   0.18925 -0.131745   1.68024
 0.880295  0.333774 -0.139523   1.60219
 0.927117  0.244828 -0.088107   1.67186
 0.867408  0.315752 -0.204721   1.57945
 0.936752  0.218877 -0.050557   1.68494
 0.900651  0.231227 -0.213999   1.63112
 0.87899 0.248969 -0.25799  1.59849
 0.833196  0.306664 -0.260089   1.51598
 0.883871  0.272613 -0.199804   1.59925
 0.803797  0.286481 -0.317231   1.46547
 0.850658   0.29642 -0.250206   1.54844
 0.821401   0.24195 -0.369991    1.5092
 0.803016   0.23948 -0.392959   1.48016
  0.82652  0.290943 -0.303834   1.51255
 0.833517  0.262642 -0.342104   1.53225
0.935602 0.135151 0.188428   1.6861
 0.936968 0.0980877  0.193645    1.6891
0.942752 0.142239 0.225008  1.70282
0.938584 0.150919  0.22133  1.69126
0.936892 0.156356 0.225933  1.68799
0.931797 0.167065 0.239994   1.6793
0.925717 0.156053 0.246867  1.66654
0.941206 0.148576 0.225402   1.6963
 0.93388 0.163609 0.242392  1.68217
0.934556 0.156086 0.226997  1.68202
0.909736 0.224251 0.241262  1.64622
 0.93629 0.157042 0.226237  1.68664
0.934508 0.143534 0.210219  1.68178
0.926469  0.16038  0.23638  1.66603
0.907436 0.246551 0.218837  1.64166
 0.93562 0.156807 0.225438  1.68464
0.935888 0.135088 0.199524  1.68405
0.938968 0.124176 0.184805  1.68869
0.941497 0.124188 0.179951    1.694
0.934733 0.152363 0.217743  1.68289
0.914582 0.175033 0.245659  1.63622
0.914206 0.169882 0.249551  1.63717
0.915828 0.156381  0.22345  1.64571
0.916642 0.165333 0.250099  1.64219
0.925934 0.157853 0.242226  1.66607
0.926962 0.161823 0.241439  1.66637
0.930759 0.165447  0.24243  1.67303
0.937833 0.155892 0.226183  1.68949
0.939747 0.151243 0.222589  1.69247
0.935426 0.155462 0.222451  1.68396
0.937386 0.156351 0.226821  1.68915
0.934649  0.15661 0.245749  1.68652
0.937193 0.156549 0.226601  1.68877
0.933858 0.147857  0.24373  1.68679
0.939072 0.120909 0.182051  1.69337
0.936355  0.15914 0.242631  1.68672
0.936243 0.124408  0.18906  1.68432
0.941558 0.145893 0.229726  1.69771
0.915485 0.145305 0.265146  1.65038
0.907697 0.169145 0.277026    1.641
 0.92028 0.142835 0.262786  1.66072
0.915112 0.159079 0.268035  1.65146
0.924113 0.149529 0.251339  1.66455
0.935161   0.1552 0.222754  1.68338
0.925576 0.156871 0.245993  1.66613
 0.92333 0.163376   0.2426  1.65757
0.924664  0.15593 0.238335  1.66391
  0.9172  0.16382 0.241435  1.64488
0.921678 0.152074 0.228588  1.65913
 0.91799 0.148476 0.219588  1.65302
0.915406 0.162821 0.233553  1.64255
0.924714  0.16144 0.246164  1.66515
0.917535 0.149446 0.217112  1.65171
0.915921 0.153786  0.21876  1.64832
0.915183 0.163127 0.231917  1.64209
0.917393  0.15189 0.224373  1.65078
0.914318 0.163309 0.233806  1.63909
0.915111 0.157943 0.234982  1.64202
  0.75385  0.138286 -0.457074   1.38935
 0.760712  0.148283 -0.457087   1.40457
 0.760217  0.143808 -0.460844    1.4045
  0.74907  0.142445 -0.460491   1.38215
 0.759863  0.160522 -0.453372   1.40338
 0.745486  0.148086 -0.463463    1.3775
 0.760501      0.15 -0.451914   1.40218
 0.742339  0.153304 -0.464196    1.3725
 0.738677  0.155478 -0.463665    1.3651
 0.760771  0.185041 -0.462563   1.41372
 0.736825  0.162535 -0.462674   1.36219
 0.748552  0.185714 -0.459995   1.38859
  0.74601  0.160589 -0.472568   1.38526
 0.736667  0.170637 -0.460031   1.36202
 0.747083  0.173889 -0.469758   1.38852
 0.738227  0.179809 -0.454876   1.36424
 0.750296  0.181357 -0.465343   1.39411
 0.741572  0.190463 -0.446898   1.36897
 0.749423  0.196167 -0.444523   1.38525
 0.749855  0.203371 -0.436061   1.38298
 0.784782  0.264413 -0.359526   1.43531
 0.814045  0.254179 -0.371754   1.49955
 0.862118  0.316488 -0.167654   1.55899
0.907582 0.252803 -0.15975  1.63995
  0.883544   0.331148 -0.0858924    1.59948
 0.922045  0.231913 -0.121973   1.66109
   0.89676   0.312911 -0.0839946    1.62232
  0.889391   0.319372 -0.0196302    1.60206
 0.913973  0.295044 0.0510544   1.64898
 0.944915  0.200357 0.0445007   1.69768
0.943269 0.141102 0.149654  1.69457
 0.925473  0.268429 0.0437004   1.66728
0.938602   0.1774 0.159266  1.68823
0.908213 0.275981 0.152771  1.63931
0.919661 0.240951  0.19155  1.66091
 0.91775 0.248526 0.168643  1.65429
  0.9225 0.263928  0.10651  1.66192
0.901883 0.251784  0.20246  1.62662
 0.93467 0.148108 0.209683  1.68316
0.942315 0.191444 0.130901  1.69579
0.912028 0.166378 0.264272  1.64435
0.919066  0.18681 0.252356  1.65904
0.906867 0.206011 0.251289  1.63748
0.910228 0.184568 0.263694  1.64395
 0.786696   0.21065 -0.432436   1.45698
 0.774247   0.20732 -0.427663   1.42778
 0.779029   0.21592 -0.424894   1.43875
0.764739  0.19635 -0.44704  1.41755
 0.768039  0.192748 -0.456678    1.4269
 0.770733  0.179254 -0.447467    1.4255
 0.94863 0.119169 0.125844  1.70326
0.947728 0.114583 0.157524  1.70453
0.935701 0.144003 0.199156  1.68516
0.950029 0.121638 0.120399  1.70571
0.934069 0.150997  0.20075  1.68289
 0.945499  0.167409 0.0901209   1.69651
0.928645 0.249425 0.102348  1.67209
 0.760414  0.153825 -0.455621   1.40436
 0.759308  0.153971 -0.454339    1.4016
 0.760571  0.153217 -0.455687    1.4046
 0.759154  0.154557 -0.454045   1.40125
 0.760549  0.151708 -0.453858   1.40347
  0.75477  0.151568 -0.469559   1.39917
 0.754663  0.146119 -0.466932   1.39708
0.760105  0.15754 -0.45395  1.40354
 0.759428  0.151105 -0.454099   1.40124
 0.760438  0.148341 -0.451345   1.40144
 0.761358   0.14906 -0.454485   1.40473
 0.761667  0.148815 -0.461201   1.40838
 0.760593    0.1478 -0.464802   1.40787
 0.764445  0.144694 -0.459317   1.41265
 0.759739   0.14213 -0.463012   1.40476
 0.759435  0.149723 -0.452291    1.4001
  0.75924  0.154881 -0.454019   1.40144
 0.759923  0.157298 -0.454037   1.40325
 0.760411  0.159383 -0.455996   1.40535
 0.758844  0.159857 -0.456745   1.40264
 0.759095  0.154426 -0.454079   1.40114
 0.760033  0.153813 -0.455747   1.40363
0.759827 0.153621 -0.45488  1.40281
 0.760081  0.160087 -0.456294   1.40502
 0.757278  0.158648 -0.457025   1.39957
 0.759291  0.154061 -0.454233   1.40155
 0.759535  0.153807 -0.454327   1.40201
 0.758855  0.154541 -0.454619   1.40093
 0.745468  0.166749 -0.471983   1.38505
 0.760374  0.162705 -0.435113   1.39589
 0.743058  0.162742 -0.471827   1.37919
 0.759576  0.160747 -0.447705   1.40027
 0.759723   0.15135 -0.454151   1.40183
 0.751941  0.151983 -0.470743   1.39408
  0.75908  0.154864 -0.453395   1.40083
 0.756203  0.159486 -0.443943    1.3913
 0.758087  0.150895 -0.454195   1.39857
0.760123 0.159066 -0.45627  1.40493
 0.759297  0.154966 -0.453287   1.40124
 0.758876  0.155203 -0.453742   1.40068
0.759802 0.155886 -0.45192  1.40174
 0.759469   0.15529 -0.454163   1.40203
 0.759234  0.156734 -0.454214   1.40186
 0.759704  0.155324 -0.452218    1.4016
0.943181 0.201227 0.102181  1.69655
 0.943941  0.202889 0.0721148   1.69667
  0.939973   0.226302 -0.0115586    1.69163
 0.910931  0.284931 0.0679833    1.6394
   0.944785     0.20485 -0.00817663     1.69912
  0.934534   0.226268 -0.0499309    1.68065
  0.943467   0.200846 -0.0500778    1.69759
 0.934447   0.20738 -0.088486   1.68062
  0.926126   0.244037 -0.0749702     1.6673
 0.934398  0.229417 -0.016095   1.67906
0.909489 0.290669 -0.12449  1.64917
  0.924573   0.266704 -0.0472217    1.66693
 0.914976  0.268072 -0.122733   1.65508
 0.894645  0.292652 -0.165499   1.62274
0.939158 0.154762 0.227401  1.69228
0.939123 0.154553 0.240523   1.6926
 0.93016 0.164043 0.241959  1.67261
0.939457 0.147385 0.236722  1.69312
0.936131 0.156796 0.225213  1.68598
0.924087 0.161392 0.248857  1.66445
  0.9347 0.154913 0.217436   1.6833
0.920971 0.152341 0.228731  1.65814
0.934196 0.148653 0.209925  1.68198
0.935781 0.156148 0.222896  1.68532
0.919095 0.225409 0.217746   1.6605
  0.9363 0.156977 0.225192  1.68659
0.936376 0.140269 0.189299  1.68551
0.917566 0.177077 0.254585  1.65411
0.915452  0.22871 0.204456   1.6502
0.933676 0.152085  0.21119  1.68184
0.920409 0.161192 0.240972  1.65285
0.918424 0.148618 0.221755  1.65416
0.923966 0.157684 0.238487  1.66316
0.929057 0.158649 0.235777  1.67222
0.932675 0.161699 0.241858  1.67858
0.939295 0.154239  0.22799  1.69206
0.934653 0.162238 0.241825    1.683
0.937116 0.155508 0.241181  1.68859
0.940259 0.152554 0.230867  1.69431
0.921843 0.153208  0.22937  1.66067
0.941415 0.150594 0.233567  1.69696
0.936716 0.156507 0.225997  1.68779
0.919672 0.158979 0.259172  1.65818
0.920195 0.173444 0.257619  1.66041
0.923066  0.16266 0.253282  1.66354
0.935544 0.156391 0.222308  1.68462
 0.93315 0.154789 0.211188  1.68152
 0.92415 0.157884 0.239651  1.66373
 0.92095 0.159667 0.234508  1.65439
0.922868 0.169176 0.248305  1.66311
0.918693 0.154698 0.230181  1.64994
0.932184 0.153422 0.207264  1.68034
0.917461  0.14924 0.220333  1.65174
0.916872 0.156506 0.229756   1.6461
0.917727  0.15102 0.224607  1.65138
0.916147 0.152637 0.223223  1.64764
 0.755445  0.142507 -0.464301   1.39661
 0.757471  0.148449 -0.460298   1.39956
 0.750928  0.146373 -0.468426   1.39028
 0.750727  0.150529 -0.470226   1.39164
 0.759077  0.148329 -0.451833   1.39885
0.747956 0.155179 -0.47196  1.38783
 0.744727  0.156788 -0.471958   1.38151
 0.755761  0.171236 -0.453797   1.39659
 0.742915  0.169536 -0.470311   1.37937
   0.758 0.149745 -0.45291  1.39751
 0.744932  0.177527 -0.466823   1.38308
 0.756292  0.160926 -0.440857   1.39009
0.761849 0.176517 -0.45088  1.40811
 0.756921  0.168601 -0.454534   1.39928
 0.759818  0.188734 -0.459773   1.41055
 0.754152  0.168799 -0.456725   1.39465
  0.909617   0.293208 -0.0861999    1.64445
 0.901116  0.314583 -0.032531   1.62766
 0.915848   0.28855 -0.082333   1.65679
 0.908581   0.29143 0.0179358    1.6345
 0.926277  0.265475 0.0785802    1.6697
 0.929003  0.271402 0.0336293   1.67651
 0.918313  0.285326 0.0842037   1.65803
0.917413 0.273962 0.110019  1.65442
0.941956 0.142987 0.162786  1.69464
0.915931 0.257097 0.138406  1.64803
0.913653 0.245811 0.174159  1.64484
 0.93947 0.138396 0.174453  1.68983
0.916194 0.211376 0.227578  1.65243
0.927669 0.245354 0.127607  1.67092
0.910956  0.20092 0.259045  1.64774
0.914223 0.181354 0.263558    1.652
0.933966 0.152409 0.209701  1.68242
0.936028 0.151841  0.18502  1.68521
0.761494 0.174121 -0.45156  1.40793
 0.753904  0.180368 -0.465323   1.40001
 0.768593   0.19647 -0.452208    1.4261
 0.755471  0.189557 -0.457671   1.40248
0.938154 0.141109  0.18465  1.68908
0.946207 0.152179  0.12777  1.70077
0.944691 0.153585 0.117867  1.69521
0.932222 0.154912 0.202006  1.68062
 0.940487  0.199885 0.0796659   1.68785
 0.93399 0.239052 0.100989  1.68169
0.924623 0.234366 0.160334  1.66512
0.934481 0.167971 0.186384  1.68227
 0.759873  0.153756 -0.454454   1.40273
 0.759686  0.153747 -0.454944   1.40258
 0.759978  0.153629 -0.456303   1.40377
 0.759036  0.154221 -0.454974   1.40138
 0.759309  0.154017 -0.454989   1.40192
 0.759866  0.152832 -0.456284   1.40341
 0.758194  0.160417 -0.453983   1.40021
 0.759078  0.154264 -0.454693   1.40138
 0.759267   0.15287 -0.456478   1.40227
 0.758918  0.149458 -0.452608   1.39921
 0.758268  0.148593 -0.465631   1.40366
 0.747782  0.160864 -0.471923    1.3879
 0.751983  0.155001 -0.471623   1.39526
 0.759001  0.148939 -0.457728   1.40148
  0.75906  0.155006 -0.453592   1.40094
 0.759152  0.158284 -0.456706   1.40309
 0.758877  0.154836 -0.454087   1.40078
 0.759167    0.1587 -0.456618   1.40306
 0.758939  0.154519 -0.454238   1.40094
 0.759581  0.153798 -0.456412   1.40303
 0.759325  0.153773 -0.455094   1.40191
 0.758686  0.155086 -0.454746   1.40076
 0.759375  0.153754 -0.456039   1.40246
 0.758886  0.152784 -0.456681   1.40162
 0.750379  0.159037 -0.472402    1.3932
 0.749583  0.164004 -0.471996    1.3923
 0.747503  0.166198 -0.470915   1.38777
 0.757221  0.159687 -0.450953   1.39687
 0.758167   0.15974 -0.455529   1.40085
  0.75252  0.156858 -0.448184   1.38537
 0.752508  0.155141 -0.462699   1.39208
 0.758837  0.159377 -0.457443   1.40296
 0.758929  0.155594 -0.453478   1.40071
 0.757276   0.15102 -0.454449   1.39705
 0.759183  0.156938 -0.454323   1.40179
 0.759141  0.155271 -0.453005   1.40087
 0.759264  0.155104 -0.452911   1.40101
0.759578 0.155174 -0.45279  1.40161
 0.758757  0.156151 -0.454645     1.401
  0.75916  0.155596 -0.452567   1.40072
 0.936229  0.236744 0.0741112   1.68491
 0.938505  0.242197 0.0640096   1.69155
 0.935222  0.237663 0.0240239   1.68165
 0.940695  0.226041 0.0232818   1.69263
  0.910266    0.29094 -0.0357707    1.64031
  0.924207   0.265527 0.00082481    1.66348
0.941347 0.148842 0.226485  1.69619
0.940012 0.152073 0.231446  1.69349
0.938089 0.155287 0.228511  1.69078
0.937004 0.157098 0.236289  1.68886
0.933635  0.15849 0.236613  1.68198
0.938423 0.154648 0.235287  1.69072
0.924172 0.161886 0.238473  1.66468
0.939259  0.15533 0.233886  1.69302
0.936573 0.157196 0.226197   1.6877
0.934736 0.154688 0.218349   1.6834
0.933385 0.150074 0.203817  1.68165
0.923971 0.157113 0.224606  1.66556
0.934099 0.149669 0.195551   1.6828
 0.93554 0.156953 0.222951  1.68517
0.930623 0.157362 0.207405  1.67854
0.934391 0.156277 0.218366  1.68321
0.916324 0.154966 0.228007  1.64579
0.915024 0.157395 0.224759  1.64295
0.923725 0.157579 0.234282  1.66081
0.920179 0.148863 0.221814  1.65814
0.922623 0.154191 0.228461  1.66217
0.932151 0.155757 0.213418  1.68021
0.931839 0.160372 0.236972  1.67747
0.938031 0.156471 0.228988  1.69072
0.928774 0.157586 0.231925   1.6717
0.935762 0.158217  0.23693  1.68563
0.938026 0.155553 0.230641  1.69053
0.930741 0.156792  0.23131   1.6762
0.922457 0.190587 0.231771  1.66243
 0.91669 0.192645 0.244408  1.65268
0.922083 0.180005 0.241667  1.66178
  0.9239 0.167749 0.248243  1.66523
0.924131 0.160592 0.239294  1.66474
0.924153 0.156322 0.230876  1.66186
0.922123 0.153006 0.228433  1.65778
0.924672 0.167358 0.234148  1.66628
0.918919 0.148844 0.222082  1.65526
0.921524 0.151828  0.22529  1.65865
0.919369 0.150408 0.224768  1.65556
0.919883 0.153949 0.228605  1.65294
 0.755624  0.148191 -0.468235   1.39956
 0.75602 0.148926 -0.45417   1.3939
 0.758555  0.151059 -0.454394   1.39957
  0.75734  0.149663 -0.453125   1.39629
 0.749361  0.156054 -0.471973   1.39025
 0.754335  0.158145 -0.447543   1.38908
  0.75434  0.166534 -0.458284   1.39569
 0.756456  0.151122 -0.453714    1.3951
 0.751532  0.164598 -0.459372   1.38999
 0.752225  0.158236 -0.461807    1.3917
 0.750505  0.169366 -0.470428   1.39433
0.749285 0.172259 -0.46829  1.39106
  0.914998   0.295128 0.00450676      1.651
  0.931023     0.2727 -0.0193835     1.6827
0.923158 0.254676 0.131927  1.66359
 0.93689 0.228316 0.124485  1.68819
0.924458 0.226089 0.182842  1.66635
0.938506 0.157266 0.172609  1.68837
0.924848 0.165054 0.237429  1.66736
0.918507 0.208977 0.232769  1.65771
0.926084 0.205501 0.218272  1.67142
0.919351 0.197505 0.242219  1.65946
0.927961 0.219577 0.178689  1.67177
0.924647  0.20981 0.203174  1.66588
0.935271 0.151718 0.189539  1.68478
0.935447 0.215723 0.161615  1.68664
 0.93317 0.159874 0.196396  1.68164
0.937818 0.155244 0.175235  1.68831
 0.938058  0.238603 0.0953143   1.69131
 0.929725  0.259745 0.0777567   1.67566
0.939942 0.192398 0.114931  1.68796
0.933685 0.232881 0.123768  1.68165
  0.75939  0.153699 -0.457307   1.40306
 0.758576  0.154671 -0.456198   1.40107
 0.758507  0.155298 -0.455449   1.40073
 0.759035  0.154372 -0.456209   1.40198
 0.754304   0.15239 -0.462336   1.39497
 0.758884  0.153915 -0.456134   1.40152
 0.757311  0.148916 -0.453245   1.39608
 0.758368  0.155617 -0.456941    1.4012
0.754522 0.150518 -0.46198  1.39477
  0.75778     0.153 -0.457064   1.39965
 0.758694  0.155589 -0.454463   1.40071
 0.758191  0.158482 -0.458092   1.40183
 0.758557  0.154068 -0.457735   1.40164
 0.758407  0.157898 -0.456947   1.40159
 0.752739  0.153013 -0.454499   1.38817
 0.758698  0.154768 -0.455663   1.40115
 0.758968   0.15404 -0.457428   1.40232
0.758405  0.15481 -0.45753  1.40138
 0.752205  0.174659 -0.467618   1.39715
 0.755298  0.178275 -0.464064   1.40218
0.750238 0.160472 -0.46075  1.38738
 0.754295  0.159514 -0.444779   1.38776
 0.755619   0.15926 -0.451532   1.39376
 0.755952  0.158379 -0.453454   1.39527
0.756946 0.159261 -0.45597  1.39845
 0.757104  0.157284 -0.458065   1.39947
 0.757902  0.158858 -0.457781   1.40109
 0.758595  0.156701 -0.455491   1.40115
0.756476 0.157877 -0.45733  1.39791
 0.758595  0.157203 -0.457413   1.40212
  0.919031   0.287301 -0.0448839    1.66033
  0.928947   0.256014 -0.0483397     1.6749
0.936876 0.156549 0.227597  1.68855
0.934286  0.15706 0.231303  1.68373
0.935964 0.156871 0.231451  1.68672
0.935705 0.156437 0.224052  1.68579
0.932929 0.157649 0.232001  1.68048
0.934436 0.155672 0.219835  1.68345
0.924953 0.152287 0.222294  1.66727
 0.93297 0.154021 0.213254  1.68129
0.924031 0.199287 0.222642  1.66604
0.933676 0.155855 0.221686  1.68245
0.932626 0.154717 0.203965  1.68099
0.928719 0.186618 0.214119  1.67457
 0.92642 0.155433 0.230515  1.66692
0.921272 0.149788 0.221398  1.66085
0.935009 0.156286 0.225815  1.68484
0.923253 0.151464 0.223303  1.66321
0.936724 0.156524 0.230846  1.68864
0.925319 0.153086 0.218569  1.66921
0.936178 0.157368  0.22803  1.68716
0.933457 0.156387  0.22773  1.68178
0.923596 0.176407 0.246723    1.666
0.930923 0.154964 0.210788   1.6787
 0.93199 0.154748 0.215771  1.68008
0.925445 0.176114 0.227208  1.66788
0.923336 0.154809 0.227712  1.66467
0.927809 0.154239 0.226336    1.671
0.922239 0.151017 0.219705  1.66294
0.925954 0.154582 0.226883  1.66682
 0.756021  0.150207 -0.454319    1.3943
 0.756585  0.150274 -0.460891   1.39842
 0.752061  0.153239 -0.462689   1.39066
 0.753501  0.155779 -0.450356   1.38833
 0.754365  0.152092 -0.454529   1.39142
  0.75061  0.156419 -0.462464   1.38823
0.752387  0.16256 -0.46001  1.39194
 0.752487  0.156094 -0.453378   1.38768
0.929269 0.237385 0.154998  1.67625
0.932877 0.215403 0.142841  1.67761
0.928128  0.20901 0.199969   1.6736
0.935815 0.173347 0.174009  1.68428
0.924121 0.186378 0.239099  1.66738
0.929384 0.174997 0.203306  1.67405
0.931594 0.166581 0.197216  1.67895
0.925093 0.196457 0.228207  1.66919
0.932908  0.15735 0.195975  1.68141
0.930802 0.190987 0.200855  1.67773
0.934112 0.164053 0.185875  1.68253
0.930098 0.194914 0.186989  1.67406
0.940426 0.164872 0.150225  1.69082
0.933618 0.206818 0.172173  1.68188
0.934375  0.17657 0.174038  1.68015
0.939314 0.178887 0.145009  1.68775
 0.758246  0.153068 -0.456872   1.40045
 0.755576  0.156757 -0.455281   1.39508
 0.754279   0.15094 -0.454515   1.39091
 0.757816  0.154565 -0.458453   1.40059
 0.757334  0.153361 -0.457169   1.39885
  0.75627  0.150397 -0.453399   1.39435
 0.758543  0.156047 -0.455889   1.40114
 0.758217   0.15626 -0.456664   1.40085
 0.758075  0.155466 -0.457389   1.40074
 0.758071  0.157215 -0.458004   1.40132
 0.758197  0.154547 -0.457817   1.40103
  0.75729  0.156106 -0.458405   1.39982
 0.754773  0.157532 -0.453898   1.39288
 0.754814  0.151884 -0.453232   1.39167
 0.757677  0.157575 -0.458405   1.40075
 0.752602  0.154771 -0.450884   1.38655
 0.758051   0.15668 -0.458327   1.40136
 0.755751  0.154625 -0.456274   1.39549
0.935052 0.156922  0.22428  1.68465
0.930628 0.154761 0.218075  1.67785
0.932316 0.155648 0.223432  1.68006
0.933738 0.156606 0.220003  1.68239
0.931247  0.15639 0.207591  1.67906
0.925498 0.153554 0.217426   1.6691
0.926431 0.173404 0.231759  1.67117
0.929546  0.15516 0.214511  1.67663
0.924238 0.151866 0.219575  1.66661
0.923096 0.151701 0.224958  1.66236
0.930136 0.156162 0.227684   1.6751
0.930974 0.155912 0.223729  1.67733
0.931579 0.155799 0.227054   1.6783
 0.93415 0.156858 0.226115  1.68318
0.927798 0.159938 0.213342  1.67388
0.926436 0.184312 0.216735  1.66907
0.926255 0.163474 0.220351  1.66989
0.925575 0.158585 0.223628  1.66957
 0.754325  0.153498 -0.452405   1.39059
 0.756568  0.153563 -0.456809    1.3972
0.931144  0.16314 0.205792  1.67921
0.936964 0.180162  0.16074  1.68456
0.931942 0.177351 0.187817  1.67766
0.928389 0.189984 0.203709  1.67198
0.928965 0.158094  0.21246    1.676
0.931135 0.159511 0.202534  1.67903
0.931465 0.172333 0.201937  1.67856
0.927517  0.16753 0.214331   1.6727
0.933163 0.204026 0.172688  1.68083
0.933727 0.197166 0.183335  1.68261
 0.755885  0.155336 -0.456239   1.39589
 0.757931  0.155556 -0.458445   1.40097
 0.757565  0.156117 -0.458314   1.40024
 0.755897  0.151502 -0.453833   1.39408
 0.754932  0.153029 -0.453268   1.39217
 0.755027  0.155914 -0.455497   1.39388
 0.756661  0.156554 -0.458202   1.39847
 0.756481  0.154244 -0.456796   1.39715
 0.93254 0.156262 0.222027  1.68033
0.929692 0.156629 0.211302  1.67652
0.928018 0.154215 0.219303  1.67312
0.931029 0.155676 0.215919   1.6786
0.927711 0.169747   0.2146   1.6718
0.928463 0.155357 0.214903  1.67437
0.925794  0.16188 0.220722     1.67
0.927137 0.156962 0.217037  1.67265
0.927442 0.181225 0.224116  1.67294
0.930087 0.166285  0.20652  1.67716
0.927279  0.15382 0.223396  1.67063
0.928782 0.154354  0.22264  1.67413
0.929108  0.15489 0.218192   1.6756
0.926873 0.156084 0.215635  1.67242
 0.754147  0.153877 -0.452478   1.39034
 0.753571  0.154591 -0.454204   1.39015
 0.92941 0.160393  0.20821  1.67648
0.927518 0.163642 0.219084   1.6731
0.929441 0.163827 0.212094  1.67662
 0.92942 0.171899 0.212443  1.67597
 0.757607  0.155146 -0.458418   1.40025
  0.75703  0.155344 -0.458501   1.39918
