0.873075 0.339911  0.15742  1.58924
0.877522 0.324467 0.180146   1.5978
0.864539  0.34147 0.171277  1.57393
0.868018 0.331707 0.182521  1.58051
 0.85925 0.342298 0.185546  1.56671
0.863441 0.334261 0.178494  1.57017
0.871784 0.328156  0.17801  1.58564
0.871227 0.331285 0.166494  1.58341
 0.760853  0.155221 -0.460661   1.40536
 0.760935  0.155072 -0.460775   1.40558
  0.79308  0.134219 -0.410497   1.44657
 0.787289  0.134845 -0.417757   1.43766
  0.79062  0.137852 -0.417163   1.44514
 0.788098  0.120685 -0.417023   1.43688
 0.783317  0.125585 -0.425375   1.43158
 0.786903  0.125274 -0.422863   1.43798
 0.800061  0.123207 -0.396816   1.45343
 0.795401  0.114954 -0.403583   1.44521
 0.808264  0.103788 -0.377567   1.46025
 0.801164  0.118166 -0.400915   1.45711
 0.788748  0.129665 -0.421429   1.44197
 0.792231  0.122343 -0.415205   1.44523
 0.795948  0.130603 -0.411923   1.45302
   0.7926  0.125864 -0.412866   1.44537
 0.965867  0.113086 -0.049419   1.73342
  0.965697   0.114432 -0.0434132    1.73303
  0.964823   0.117153 -0.0463364    1.73128
  0.965289   0.113249 -0.0447869    1.73185
  0.965531   0.115557 -0.0375371    1.73271
  0.965317   0.116461 -0.0320156    1.73232
  0.964514   0.119097 -0.0348993    1.73068
  0.964975   0.115017 -0.0338548    1.73124
  0.963424   0.126185 -0.0432143    1.72895
 0.963807  0.125654 -0.037383   1.72967
  0.965149   0.114046 -0.0393553    1.73155
  0.964379   0.117306 -0.0369588    1.73007
  0.964586   0.117353 -0.0413715    1.73058
   0.96478   0.117838 -0.0404638    1.73115
0.930551 0.151015 0.231782  1.67352
 0.761905  0.154262 -0.460808   1.40786
 0.760821    0.1543 -0.461058   1.40532
 0.761138  0.155616 -0.462501   1.40703
 0.761284  0.155808 -0.463413    1.4078
 0.761446  0.155642 -0.463703   1.40827
 0.761629  0.155164 -0.462867   1.40826
 0.764881  0.157409 -0.464194   1.41589
 0.763068  0.154401 -0.459957    1.4099
0.762511 0.153401 -0.45881  1.40814
 0.763906  0.153885 -0.460387   1.41174
 0.766897  0.156123 -0.465818   1.42037
0.769216 0.153327 -0.46174    1.423
 0.781858  0.141793 -0.430778   1.43363
 0.777554  0.142678 -0.439675   1.42886
 0.780455  0.145455 -0.439359   1.43542
 0.760873  0.155345 -0.460581   1.40536
 0.760865  0.155484 -0.460779    1.4055
  0.76116  0.155798 -0.462914   1.40735
0.760808 0.155538 -0.46085  1.40537
0.760787 0.155392 -0.46101  1.40534
 0.760773  0.155115 -0.461167   1.40532
 0.760577  0.154959 -0.461265   1.40492
  0.76151  0.154517 -0.461115   1.40718
 0.760559  0.154566 -0.461326   1.40483
 0.761372  0.155356 -0.462906   1.40774
 0.760914  0.154905 -0.460835   1.40555
 0.760744  0.154062 -0.461173   1.40516
0.760882 0.154824 -0.46079  1.40539
 0.802706  0.225622 -0.425497   1.48598
 0.801496  0.220757 -0.429424   1.48446
   0.8069  0.221414 -0.427484   1.49294
 0.804057  0.222542 -0.428419   1.48957
  0.79942  0.215544 -0.434169   1.48105
 0.795674  0.210186 -0.441462   1.47583
 0.803303  0.208459 -0.438119   1.48757
 0.800244  0.211139 -0.439457   1.48448
 0.812139  0.216366 -0.426701    1.5009
 0.811737  0.206979 -0.431954   1.50043
 0.822518  0.207313 -0.416343   1.51455
  0.8155 0.211199 -0.43053  1.50885
 0.802503  0.217406 -0.432893   1.48752
 0.807746  0.210419 -0.436257   1.49658
  0.80864  0.218112 -0.430397   1.49732
 0.806052  0.215261 -0.431328   1.49157
 0.729163  0.159925 -0.459891    1.3452
 0.730185  0.158484 -0.459748   1.34687
 0.72709 0.160089 -0.45663  1.33867
 0.724698  0.161176 -0.455011    1.3324
 0.725435  0.158753 -0.455547   1.33369
 0.726412  0.159727 -0.455693   1.33601
 0.728469  0.155622 -0.457678   1.34109
0.726143 0.156453 -0.45591  1.33484
 0.727022  0.154168 -0.456202   1.33631
0.727857 0.155126 -0.45643  1.33839
 0.728278  0.159061 -0.457064   1.34112
 0.727035   0.15744 -0.456126   1.33703
 0.728824  0.156731 -0.457759   1.34215
 0.727604  0.157754 -0.457068   1.33942
 0.783546  0.147567 -0.430173    1.4381
 0.777974  0.153052 -0.438755   1.43144
  0.77996  0.152616 -0.428371    1.4303
  0.95627  0.123501 0.0520443   1.71926
  0.95559  0.132127 0.0570513   1.71828
 0.956348  0.131794 0.0508273   1.71919
0.956041 0.132825 0.054971  1.71934
 0.955941  0.139061 0.0460791   1.71701
  0.95489  0.143701 0.0536992   1.71661
  0.95462  0.144783 0.0618055   1.71667
 0.775214  0.153414 -0.443964   1.42806
 0.952387  0.152549 0.0767659   1.71141
 0.770473  0.156605 -0.455827   1.42386
   0.963682    0.119824 -0.00629903     1.72985
   0.963184    0.120502 -0.00114779      1.7291
   0.962863    0.122513 -0.00467908     1.72832
    0.96317    0.118964 -0.00441239     1.72868
  0.962682   0.121597 0.00437976    1.72846
 0.962162  0.122443 0.0099928   1.72782
  0.961687   0.126367 0.00592641    1.72672
  0.962086    0.12104 0.00560107    1.72716
   0.961891    0.126443 -0.00295668      1.7264
    0.961595     0.125367 -0.000974826      1.72567
   0.962634    0.120014 1.26814e-05      1.7279
    0.961659     0.124471 -0.000484289      1.72616
  0.962513   0.122097 -0.0034456    1.72759
    0.962395      0.12321 -8.44844e-05      1.72761
 0.767174  0.158369 -0.465732   1.42135
 0.761925   0.15376 -0.459133    1.4071
 0.765442  0.159019 -0.465807   1.41798
 0.760636  0.155319 -0.461154   1.40507
 0.761916    0.1546 -0.459069   1.40721
 0.760715  0.155546 -0.461007   1.40523
 0.761138  0.156017 -0.463073   1.40735
 0.760931  0.155351 -0.461219    1.4059
 0.93254 0.159462 0.174358  1.67971
0.933561 0.153945 -0.23226  1.68784
 0.934076  0.160727 -0.222937   1.68876
 0.931134  0.164584 -0.231956   1.68493
  0.93287  0.155728 -0.229867   1.68666
 0.927833  0.190834 -0.235343   1.68551
 0.930749  0.164399 -0.225293   1.68332
 0.931401  0.167099 -0.224061   1.68514
 0.948509   0.14681 0.0789565   1.70906
 0.951894   0.15088 0.0760023   1.71467
 0.951119  0.147706 0.0796472     1.712
 0.950273  0.147875 0.0795243   1.71086
 0.954163  0.145659 0.0795071   1.71716
 0.955128  0.140606 0.0794992   1.71813
0.952794 0.150949 0.080928   1.7141
 0.952164  0.150231 0.0799405   1.71325
 0.952977  0.150314 0.0775816   1.71503
 0.953074  0.125823 0.0703296   1.71509
 0.951987  0.126084 0.0753547   1.71328
 0.953025  0.135003 0.0756451   1.71482
 0.952454  0.126019 0.0707829    1.7137
 0.949941  0.128243 0.0817663   1.70953
 0.947106  0.135771 0.0850676   1.70452
  0.95093  0.142244 0.0832191   1.71137
 0.949591  0.133629 0.0797979   1.70927
   0.9529   0.14823 0.0807361   1.71441
 0.952717  0.147823 0.0817887   1.71383
 0.951248  0.127379 0.0754679    1.7117
0.951666 0.141716 0.078679  1.71241
 0.952623  0.137106 0.0752719   1.71378
  0.95201  0.137152 0.0802902   1.71312
 0.954706  0.143643 0.0656783   1.71696
 0.954803  0.142259 0.0674523   1.71707
 0.955455  0.132401 0.0595702   1.71849
 0.956048  0.124283 0.0561102   1.71939
 0.955203  0.124886 0.0600245   1.71809
 0.955472  0.124371 0.0565518   1.71817
0.954468 0.133353 0.067176  1.71716
 0.954552  0.125547 0.0634369   1.71725
 0.953836  0.125593 0.0662878    1.7162
 0.954127  0.125577 0.0637603   1.71636
 0.955118  0.132406 0.0602693   1.71768
 0.954735  0.125382 0.0600875   1.71716
 0.954533   0.13358 0.0628542   1.71676
0.954956 0.132392 0.063026  1.71774
 0.957376  0.138413 0.0434952   1.72046
  0.95727  0.136792 0.0453871   1.72007
 0.958394  0.129383 0.0385183   1.72257
 0.959253  0.123333 0.0354046   1.72405
 0.958571  0.122942 0.0403058   1.72304
 0.958626  0.122488 0.0367094   1.72267
 0.956981  0.131837 0.0497225   1.72066
0.957857 0.123192 0.045875  1.72208
 0.956972  0.123627 0.0512866   1.72079
 0.957124  0.122881 0.0467757   1.72048
 0.957992  0.129006 0.0395786   1.72167
 0.957896  0.122636 0.0411376   1.72159
 0.957038  0.130877 0.0428536   1.72003
 0.957834  0.129182 0.0431247   1.72173
 0.956033  0.151998 0.0503803   1.71818
0.964799 0.108289 -0.07969  1.73177
 0.963871  0.115651 -0.073845   1.72993
   0.96317    0.11514 -0.0852181    1.72907
  0.963897   0.114957 -0.0838141    1.73071
  0.962435   0.129108 -0.0690907    1.72805
  0.960622   0.124221 -0.0939061    1.72501
  0.961311   0.124278 -0.0922424     1.7265
  0.962457   0.130677 -0.0792059    1.72902
 0.729992  0.273318 -0.393881   1.34128
 0.728367  0.265121 -0.400268   1.33843
 0.737533  0.263934 -0.393372   1.35365
  0.73415  0.268806 -0.398872   1.35092
 0.727238  0.257049 -0.406065   1.33646
  0.72649  0.249306 -0.411208   1.33515
 0.734895  0.248816 -0.404871   1.34931
 0.731614  0.252669 -0.410179   1.34625
0.743168 0.258908 -0.39759  1.36702
 0.744306  0.253212 -0.399352   1.36842
 0.732753  0.260605 -0.404858   1.34839
0.738436 0.252656 -0.40318  1.35705
 0.740512  0.260167 -0.397577   1.36077
 0.735823  0.256058 -0.399799   1.35078
 0.945842  0.150012 -0.177194   1.70585
 0.948372  0.152752 -0.168801   1.71097
 0.948051  0.135857 -0.181836   1.70899
0.948853 0.130046 -0.18951   1.7112
 0.951544  0.126942 -0.179885    1.7154
  0.94879  0.132965 -0.181774   1.70989
 0.953056  0.131411 -0.161117   1.71674
0.954412 0.123467 -0.16902  1.71988
 0.956718  0.118988 -0.157275    1.7228
 0.954109  0.126546 -0.158883    1.7177
 0.948757  0.140632 -0.173062   1.70978
 0.951371  0.129805 -0.170821   1.71362
 0.951445  0.137974 -0.161309   1.71381
 0.950495  0.134291 -0.172637   1.71294
 0.753353  0.228172 -0.428643   1.39582
 0.723965   0.18503 -0.447308     1.332
 0.725981  0.182722 -0.447964   1.33663
 0.726671  0.186022 -0.446048   1.33768
 0.724792  0.184254 -0.446544   1.33365
0.728851  0.18175 -0.45181  1.34512
 0.730577  0.188014 -0.448039   1.34798
 0.727592  0.185812 -0.448583   1.34151
 0.727654  0.183934 -0.448946   1.34137
0.727496 0.169355 -0.45687  1.34224
0.728314 0.167728 -0.45684   1.3435
 0.725363  0.169969 -0.453271   1.33541
 0.722906  0.171645 -0.452004   1.32935
 0.723242  0.168875 -0.452955   1.32996
 0.724571  0.169993 -0.452975   1.33297
 0.726024  0.164854 -0.455187    1.3367
 0.72366 0.166272 -0.45373  1.33067
 0.724077  0.163642 -0.454487   1.33137
 0.725286  0.164732 -0.454564   1.33416
 0.726573  0.168689 -0.453982   1.33801
 0.724861  0.167343 -0.453798   1.33344
 0.726697  0.166053 -0.455128   1.33836
 0.725517  0.167293 -0.454155   1.33559
 0.732347  0.151764 -0.461138   1.35057
 0.733529  0.150475 -0.460902   1.35256
 0.730338  0.151502 -0.458223   1.34434
 0.728023  0.152069 -0.456289   1.33795
 0.729064  0.149946 -0.456446   1.33972
  0.72975  0.150819 -0.456718    1.3415
  0.7323 0.147679 -0.45851  1.34768
0.730117 0.147997 -0.45642  1.34145
 0.731274  0.146105 -0.456361   1.34339
 0.731805    0.1469 -0.456681   1.34485
0.731503 0.150715 -0.45841  1.34667
 0.730693  0.148847 -0.456753   1.34303
 0.732398  0.148679 -0.458707   1.34825
 0.731164  0.149496 -0.458263   1.34559
 0.774351  0.155066 -0.453014   1.43049
0.931357 0.149358 0.176524  1.67632
0.895312 0.103161 0.160666  1.59893
0.932821 0.145421 0.205995   1.6773
0.925977 0.138852 0.199798  1.67097
0.925068 0.136201 0.198595  1.66537
 0.92922  0.14589 0.222231  1.67172
0.931539 0.149837 0.238767  1.67725
 0.93063 0.151671 0.235194  1.67415
0.885918 0.242854 0.265937  1.61103
0.890006 0.228646 0.273092  1.61883
0.880323 0.239585 0.273168  1.60169
0.882657 0.231364 0.276904  1.60625
0.876185 0.234598 0.279246  1.59566
0.879636  0.23374 0.275583  1.59962
0.885513 0.231863 0.273934  1.60994
0.884671 0.235892 0.268929  1.60757
0.930701 0.149659 0.236151  1.67456
0.931344 0.132651  0.24065  1.67794
0.932629 0.103997 0.225996   1.6794
  0.912438 -0.0100955   0.300064    1.65918
 0.922585 0.0200943  0.286621   1.67302
  0.932312 -0.0113537   0.262182     1.6901
  0.921861 0.00463393   0.269141    1.66676
 0.927544 0.0460465  0.275194   1.67985
 0.929095 0.0588234  0.256621   1.67773
 0.935418 0.0522914  0.251957   1.69173
0.929938 0.055578 0.255731  1.67963
 0.942463 0.0118967  0.227011   1.70292
 0.939565 0.0372936  0.228891    1.6954
 0.947132 0.0370265  0.205175   1.70897
 0.943719 0.0276573   0.20786    1.7009
 0.927386 0.0331195  0.259808   1.67494
 0.936315 0.0380299  0.231561   1.68816
  0.936311 0.00852694   0.231676    1.68896
 0.933913 0.0231803  0.255029   1.68913
0.937562 0.175957 0.170109  1.68757
0.940241  0.16027 0.174433   1.7001
0.928841   0.1439 0.200578  1.67828
0.944441 0.192719 0.208877  1.70006
0.943097 0.197077 0.218104  1.69781
0.941388 0.201617 0.228589  1.69518
0.940183 0.194214 0.231026  1.69342
0.929842 0.146191 0.221733  1.67275
0.936186 0.199665 0.244219  1.68607
0.926069 0.135208 0.200575  1.66724
0.921474 0.123761 0.175958  1.65651
   0.854755 0.000149047   0.0876345     1.55325
 0.91389 0.134073  0.17016  1.64165
0.928012 0.121895 0.246356  1.67337
0.929014 0.150028 0.235416  1.67026
0.929279 0.129961  0.25109  1.67622
0.930477 0.140554 0.246978  1.67688
0.931377 0.147532 0.243384  1.67777
0.942559 0.188927 0.219617  1.69847
0.932059 0.152531 0.231099  1.67828
0.943932 0.184066 0.209327  1.70232
0.935916 0.151317  0.20674  1.68617
0.940333 0.161118 0.192164  1.69521
 0.782744  0.121109 -0.429506   1.43192
 0.781727  0.114498 -0.426833    1.4273
 0.787211  0.116481 -0.421411   1.43661
  0.78434   0.11712 -0.423199   1.43141
 0.779321  0.108136 -0.427084   1.42123
 0.773893  0.104681 -0.428452   1.40957
 0.780527  0.101366 -0.421055   1.41952
 0.779157  0.105084 -0.424998   1.41913
 0.793615  0.109238 -0.410804   1.44405
 0.789205 0.0981821 -0.410498   1.43261
 0.800732 0.0954804 -0.394077   1.44976
0.795847 0.102155 -0.40137  1.44324
 0.782696  0.110868 -0.422781   1.42663
 0.786549    0.1029 -0.415657   1.43002
0.789077 0.111287 -0.41384  1.43594
 0.786051  0.107216 -0.419718    1.4318
 0.775314  0.146451 -0.452554   1.43103
 0.764716  0.161109 -0.464987   1.41675
 0.752294  0.126208 -0.454603   1.38238
0.754424 0.124547 -0.45403  1.38622
 0.749785  0.124275 -0.453397   1.37603
 0.746941   0.12377 -0.451368   1.36846
 0.748909  0.121672 -0.450319   1.37159
 0.749134  0.122788 -0.451139   1.37275
  0.75414  0.120449 -0.450783   1.38291
 0.750959  0.119602 -0.448952   1.37472
 0.753374   0.11739 -0.447166   1.37838
 0.753496  0.118762 -0.448361   1.37957
 0.751162  0.124134 -0.452807   1.37852
 0.751132  0.120813 -0.449933   1.37588
 0.753484  0.122077 -0.451549   1.38228
0.751738 0.122307 -0.45207  1.37896
  0.76949  0.160832 -0.456247    1.4229
0.735514 0.212811 -0.43416  1.35694
  0.74041  0.222361 -0.426572   1.36561
 0.730632  0.215431 -0.429519   1.34423
0.732935 0.220458 -0.42559   1.3481
 0.727302  0.220508 -0.429821   1.33831
 0.729111  0.217862 -0.427011   1.34023
 0.734469  0.219327 -0.428638   1.35343
 0.733707  0.216488 -0.429613   1.35157
 0.830652  0.230409 -0.405918   1.53241
 0.835463  0.228866 -0.400568   1.53991
 0.829526  0.232766 -0.401556   1.53052
 0.831267  0.230438 -0.402548   1.53212
 0.840588  0.227289 -0.394836   1.54802
 0.846062  0.225149 -0.388524   1.55659
 0.839509  0.230331 -0.390054    1.5463
 0.841337  0.227355 -0.390856   1.54782
  0.82865  0.236788 -0.394944   1.52855
 0.833294  0.238797 -0.390653   1.53739
 0.836071  0.228945 -0.397023   1.53956
 0.836517  0.232981 -0.391294   1.54096
 0.831125  0.234182 -0.397722   1.53268
0.834425 0.231378 -0.39612  1.53808
 0.744629  0.133834 -0.459182   1.37068
 0.741752  0.137417 -0.459381    1.3656
 0.742854  0.132658 -0.456699   1.36517
 0.741192   0.13467 -0.456943   1.36224
 0.741196  0.132206 -0.454714   1.36006
0.741587 0.133258  -0.4565   1.3625
 0.741787  0.135843 -0.458489   1.36479
 0.743684  0.134262 -0.458196   1.36825
 0.846801  0.225281 -0.384171   1.55626
 0.847946  0.230312 -0.377032   1.55899
 0.841202  0.232088 -0.385541   1.54854
  0.84507  0.228439 -0.383435   1.55483
 0.849014  0.238244 -0.368331   1.56201
 0.835578  0.239532 -0.384721    1.5401
 0.838578  0.235555 -0.383369   1.54428
 0.845091  0.238371 -0.377274   1.55688
 0.873629  0.232843 -0.334716   1.60258
0.858675 0.234699 -0.35542  1.57762
 0.872093  0.220524 -0.343798   1.59673
 0.864563   0.22395 -0.355015   1.58535
 0.870336  0.213561 -0.353356   1.59277
0.868474 0.217722 -0.35246  1.59115
 0.861892  0.228899 -0.353954   1.58202
 0.868783  0.232676 -0.346566   1.59578
  0.89937  0.187457 -0.312736   1.63786
 0.905249  0.182922 -0.302873   1.64723
 0.899665  0.192144 -0.303246    1.6376
 0.900718  0.188942 -0.306189   1.63905
 0.910973  0.177209 -0.291966   1.65589
 0.915789  0.171138 -0.281495   1.66266
 0.911375  0.180984 -0.280947   1.65546
 0.912208  0.178647 -0.284293   1.65662
 0.897294  0.209672 -0.299857   1.63745
 0.904164  0.210996 -0.290508   1.65091
 0.906651  0.184392 -0.294977   1.64817
 0.909423  0.191745 -0.281978   1.65351
 0.901996  0.196393 -0.295293   1.64138
 0.905392  0.188683 -0.293224   1.64687
 0.916735  0.191541 -0.260849   1.66587
 0.922658  0.193332 -0.250557   1.67757
 0.919753  0.172191 -0.263098   1.66764
 0.920212  0.166533 -0.271805   1.66925
 0.925064  0.162345 -0.261363   1.67695
 0.920881  0.168684 -0.264452   1.66904
 0.929346  0.161104 -0.239074   1.68176
 0.929544  0.157051 -0.249919   1.68347
 0.933209  0.151648 -0.239329   1.68845
 0.930124  0.159112 -0.241738     1.683
 0.921458   0.17716 -0.253927   1.67009
 0.925755  0.164534 -0.252544   1.67647
 0.927671  0.172644 -0.239748   1.68016
0.924513 0.169084 -0.25223  1.67523
 0.933146  0.172006 -0.218889   1.68904
 0.937776  0.174302 -0.208745   1.69839
 0.935903  0.153305 -0.221232   1.69128
 0.936613  0.147467 -0.229705   1.69344
 0.940311   0.14359 -0.219471   1.69922
 0.936884  0.150115 -0.222031   1.69261
 0.943277  0.141787 -0.197467   1.70166
 0.943579  0.138529 -0.208471   1.70377
 0.946327  0.133731 -0.198617   1.70752
  0.94382  0.140872 -0.200487   1.70292
 0.937144  0.158571 -0.211677   1.69295
 0.940628  0.146218 -0.210437   1.69826
 0.942051  0.154174 -0.197615   1.70087
 0.939579  0.150366 -0.210528   1.69706
   0.7307  0.195342 -0.444691   1.34824
 0.734607  0.203106 -0.439276   1.35523
 0.727163  0.197151 -0.440627   1.33845
0.728824 0.201245 -0.43778  1.34124
 0.724688  0.200763 -0.440455   1.33355
 0.725931    0.1991 -0.438717   1.33523
0.730019 0.200361 -0.44056  1.34565
 0.729321  0.198146 -0.441233     1.344
 0.730687  0.245084 -0.414999    1.3445
 0.735204  0.238191 -0.413968   1.35168
 0.738033  0.244858 -0.408639   1.35658
  0.73314  0.241217 -0.410721   1.34637
 0.741429  0.234703 -0.418315    1.3669
 0.747305   0.24707 -0.407862   1.37731
 0.739893   0.24344 -0.410824   1.36211
 0.739427  0.239096 -0.412656   1.36076
 0.959108  0.117828 -0.114586   1.72242
 0.959592   0.11948 -0.113455   1.72375
 0.958216  0.116651 -0.132217   1.72226
 0.958615  0.114595 -0.146102   1.72502
 0.960299  0.111216 -0.135964   1.72722
 0.958585  0.118381 -0.137735   1.72411
 0.961333  0.109847 -0.114997   1.72683
 0.961472  0.108067 -0.126812   1.72846
 0.962353  0.105939 -0.118644   1.72935
 0.961618   0.11176 -0.121009   1.72849
 0.959122  0.121362 -0.125226   1.72415
 0.960295  0.115237 -0.128811   1.72667
  0.96079   0.11898 -0.117254   1.72693
 0.960025  0.113856 -0.123765   1.72523
 0.851039  0.237135 -0.342619   1.55818
 0.863884  0.243164 -0.328227   1.58349
 0.950855 0.0349734  0.167448   1.71007
 0.955494 0.0589108  0.155334   1.72044
  0.95621 0.0276611  0.157312   1.72225
  0.95476 0.0317734  0.156879   1.71808
 0.956876 0.0791759 0.0977633   1.71848
 0.956491 0.0724911  0.130438   1.72022
    0.961 0.0129366  0.113407   1.72889
 0.962596 0.0514488 0.0841908   1.73043
  0.96458 0.0187074 0.0575936   1.73504
  0.963113 0.00437368  0.0783297    1.73136
 0.956825 0.0479127  0.127509   1.71954
 0.960537 0.0449714 0.0959981    1.7259
 0.959122 0.0138774  0.117416   1.72405
 0.959033 0.0509269  0.119026   1.72436
 0.895552  0.193703 -0.315866   1.63155
 0.897344    0.1995 -0.305567   1.63491
 0.892769  0.204911 -0.313674   1.62895
  0.89496   0.19569 -0.311217    1.6304
 0.890772  0.226775 -0.313278   1.63286
 0.893679  0.205308 -0.305087   1.62967
 0.894747  0.205974 -0.304251   1.63208
  0.96345  0.108756 -0.113589   1.73179
 0.964321  0.108165 -0.103931   1.73281
  0.96217  0.113563 -0.110226   1.72879
 0.962945  0.106917 -0.106767   1.72953
  0.965144   0.108369 -0.0949916    1.73399
  0.965638   0.108191 -0.0863216    1.73441
  0.963442   0.114597 -0.0922982    1.73029
  0.964343   0.108013 -0.0881122     1.7313
  0.96029  0.124014 -0.107699   1.72542
  0.961064    0.12516 -0.0994469    1.72666
  0.963638   0.107426 -0.0976086    1.73036
  0.962626   0.112967 -0.0947606    1.72827
 0.962132  0.112859 -0.102631   1.72779
 0.962881  0.113183 -0.101213   1.72955
0.930381 0.140757 0.228812  1.67349
 0.953328  0.125832 0.0666014   1.71511
 0.953145  0.135319 0.0704119   1.71464
 0.954158  0.133705 0.0674814   1.71635
 0.953668  0.133637 0.0703616   1.71593
 0.954595  0.142498 0.0676836   1.71646
 0.953748  0.146026 0.0687134   1.71444
 0.954126  0.142683 0.0697624   1.71655
 0.952974  0.148706 0.0749413   1.71416
 0.953694  0.140542 0.0740513   1.71545
 0.827622  0.426764 0.0306145   1.51525
  0.838463   0.410768 0.00630662    1.53015
  0.84433  0.405706 0.0374778   1.54129
 0.835637  0.404824 0.0248569   1.52081
  0.853072     0.3922 -0.0116198    1.55496
 0.860247  0.390739 0.0438005   1.57031
 0.850733  0.391753 0.0346818    1.5486
  0.85174  0.389356 0.0064317   1.54993
 0.93134 0.142111 0.239744   1.6768
 0.927209 0.0873295  0.257319   1.67432
0.926484 0.105355 0.245916  1.67026
 0.925053 0.0998146  0.264046    1.6718
0.939973 0.097759 0.194263  1.69128
 0.937437 0.0990509  0.200203   1.68604
 0.911296 0.0993693  0.297493   1.65187
 0.916417 0.0883395  0.287855   1.65968
0.909565 0.086009 0.308027   1.6517
 0.912758 0.0866485  0.295375   1.65344
 0.920453 0.0777482   0.27793   1.66487
0.926123 0.071024 0.258968  1.67214
 0.922244 0.0601628  0.279494   1.66927
 0.923461 0.0634462  0.273997   1.66992
 0.906587 0.0631082   0.31168   1.64694
0.915592 0.044328 0.292632  1.65929
 0.902323 0.0270757  0.309185   1.63922
0.910527 0.037535 0.307014  1.65297
 0.918333 0.0734604  0.286451   1.66234
 0.919273 0.0524898  0.293139   1.66658
 0.911682 0.0682337  0.305361   1.65417
 0.915631 0.0710665  0.296711   1.66045
0.866888 0.303072 0.226945  1.57953
0.871425 0.305178 0.215747  1.58589
 0.87393 0.295805 0.224078  1.59072
0.870451 0.298168 0.220932  1.58276
0.878375 0.306122 0.204388  1.59793
0.881791 0.290786 0.222129  1.60498
0.877211 0.293833 0.220462  1.59519
0.876939 0.298062 0.210814  1.59374
0.927797 0.149482 0.234209  1.66647
0.926289 0.113806 0.257095  1.67149
0.884972 0.115651 0.305983  1.60428
0.893703 0.111364 0.313647  1.62296
 0.884588 0.0956002  0.312913   1.60354
0.888947 0.109838 0.312539  1.61516
0.901527 0.105877 0.311758  1.63661
0.908661 0.100684 0.299259   1.6465
 0.905443 0.0876235  0.310913   1.64337
 0.90517 0.102176 0.312361  1.64481
 0.887711 0.0667238   0.31732   1.60977
 0.901077 0.0651695  0.315454   1.63583
 0.896113 0.0300124  0.314567   1.62635
0.894147 0.060287 0.319685  1.62543
0.897278 0.105416 0.317605   1.6318
 0.900605 0.0854916   0.31801   1.63744
 0.890144 0.0885148  0.319138   1.61811
 0.895917 0.0907041  0.316484   1.62667
0.917732 0.094592 0.286729  1.66173
 0.915199 0.0980562  0.286586   1.65604
  0.92095 0.0971242  0.269463   1.66329
 0.925629 0.0830057  0.269106   1.67386
 0.922072 0.0806324    0.2736   1.66645
 0.920652 0.0964058  0.278093   1.66595
 0.778862  0.116987 -0.429656     1.423
 0.776146  0.123197 -0.436206   1.42166
 0.778734  0.120295 -0.431139   1.42402
 0.770233  0.118541 -0.439927   1.41044
 0.769575  0.124772 -0.445821   1.41321
 0.770931  0.121405 -0.440455   1.41258
 0.776817  0.111846 -0.429951    1.4179
  0.77185  0.113239 -0.435508   1.41051
 0.773195  0.107515 -0.431479   1.41011
 0.773617  0.109935 -0.433081   1.41246
 0.774624   0.12028 -0.438355   1.41914
 0.771757  0.115503 -0.437178   1.41167
 0.776393  0.114696 -0.432228   1.41874
 0.774665  0.117211 -0.434536   1.41669
 0.771607  0.151441 -0.460878    1.4275
 0.816415  0.230568 -0.421447    1.5094
 0.819097  0.231208 -0.418595   1.51395
  0.81434  0.231943 -0.419496   1.50621
 0.816132   0.23085 -0.419912   1.50808
 0.822321   0.23152 -0.415028   1.51921
 0.826182   0.23128 -0.410805   1.52535
0.820206 0.233588 -0.41211  1.51584
 0.822292  0.231668 -0.412579   1.51795
 0.81083 0.234415 -0.41429  1.49916
0.814052 0.236264 -0.41064  1.50489
 0.818845  0.231418 -0.416578   1.51243
 0.817531  0.234047 -0.413249    1.5107
 0.814431  0.232829 -0.417282   1.50573
 0.817011  0.232783 -0.416216    1.5106
 0.814667  0.229512 -0.423334   1.50628
 0.812186   0.22867 -0.424147   1.50271
 0.814333  0.227762 -0.424179   1.50558
 0.813577   0.22826 -0.423763   1.50388
 0.809497  0.227306 -0.424129   1.49784
  0.80534  0.228065 -0.424521   1.49181
0.808846 0.224175 -0.42691  1.49743
 0.808262  0.226441 -0.424576   1.49559
 0.815428  0.224779 -0.423566   1.50692
 0.813269  0.221049 -0.426645   1.50446
 0.819163  0.219447 -0.419433    1.5116
 0.816044  0.220178 -0.422784   1.50672
  0.81118  0.227014 -0.424382   1.50036
 0.811352  0.223105 -0.425416   1.50028
 0.813863   0.22543 -0.424168   1.50402
 0.812135   0.22575 -0.425346   1.50252
0.930895  0.14511 0.235499    1.675
   0.96608 -0.0510844  0.0435938    1.74247
  0.956307 -0.0863423   0.115842    1.72745
  0.959331 -0.0344795   0.110815    1.72663
  0.959247 -0.0406486    0.11129    1.72991
  0.934909 -0.0818168   0.207115    1.69154
  0.908182 -0.0346386   0.273744    1.64245
  0.935057 -0.0331971   0.224637    1.68757
  0.927963 -0.0571358   0.266458    1.68914
   0.954164 -0.00434862    0.158104     1.71761
   0.946002 -0.00710737    0.187859     1.70259
 0.949313 0.0189812  0.168295   1.70616
  0.949674 0.00577714   0.185044    1.71096
  0.945971 -0.0679083   0.195212    1.71503
  0.943474 -0.0287437   0.217739    1.70627
  0.954342 -0.0166784   0.168288    1.72196
  0.949042 -0.0470386   0.172386    1.71147
 0.88128   0.1995 0.295008  1.60437
0.885578 0.206345 0.291573  1.61102
0.888641 0.197828  0.29344  1.61699
0.885108 0.200481 0.292976  1.60943
0.891015 0.210663 0.284175   1.6195
0.897005 0.194391  0.28681  1.63029
0.891298 0.198222 0.289712   1.6194
0.889999 0.202691 0.285989  1.61622
0.886889 0.128297 0.300268  1.60833
0.888586 0.136343 0.297872  1.61242
0.893515 0.137227 0.306346  1.62334
0.890052  0.13452 0.299503  1.61613
0.888504 0.144388 0.298139  1.61321
 0.88725 0.153075 0.299116  1.61168
0.892941 0.154581 0.303139  1.62293
0.889229 0.151743 0.298866  1.61604
0.898232 0.142792 0.304596  1.63125
0.898101 0.150839 0.300642   1.6305
0.903726 0.141723 0.295889  1.63879
 0.89937 0.145768 0.304032  1.63375
0.890112 0.143128  0.29826  1.61684
0.894684 0.151973 0.304587  1.62695
0.895128 0.143027 0.306364  1.62764
0.893536 0.146115 0.304264  1.62382
 0.760943  0.155272 -0.461283   1.40596
 0.761028   0.15513 -0.461447   1.40622
 0.761212   0.15549 -0.462783   1.40732
 0.760801  0.153993 -0.461256   1.40523
 0.760787  0.154127 -0.461306   1.40523
0.760821 0.154018 -0.46117  1.40527
 0.760772  0.154749 -0.461268   1.40528
 0.760668  0.153959 -0.461261   1.40499
 0.767422  0.158326 -0.462977   1.42077
  0.76061  0.154021 -0.461318   1.40488
 0.744988  0.132607 -0.458385   1.37069
 0.746537  0.131256 -0.458031   1.37345
 0.743111  0.131499 -0.456372   1.36527
 0.740999  0.131296 -0.454174   1.35914
 0.742297  0.129447 -0.453792   1.36127
 0.742612  0.130353 -0.454294   1.36241
 0.745941  0.128008 -0.455327   1.36985
 0.743639  0.127651 -0.453174   1.36336
0.745166 0.125726 -0.45241  1.36573
 0.745429  0.126767 -0.453087   1.36688
 0.744148  0.131137 -0.456173   1.36722
 0.743901  0.128613 -0.453775   1.36445
0.745626 0.129259 -0.45575  1.36969
 0.744354  0.129727 -0.455755   1.36712
 0.760778  0.154393 -0.461312   1.40525
0.761673 0.154378 -0.46305  1.40837
 0.764948  0.156234 -0.464174   1.41579
 0.766181  0.155439 -0.465464   1.41874
 0.768694  0.154859 -0.466344   1.42416
  0.76723  0.123585 -0.447179   1.40883
 0.763114  0.119562 -0.445618   1.39873
 0.767404  0.117647 -0.441528   1.40517
 0.766146  0.120258 -0.443627   1.40412
 0.760511  0.116494 -0.445583   1.39263
 0.756374  0.115138 -0.444731   1.38291
 0.759891  0.112776 -0.441889   1.38834
 0.759764  0.114393 -0.443555   1.38929
 0.768689  0.112194 -0.437804   1.40488
 0.763795  0.110401 -0.438293   1.39422
  0.76846  0.107712 -0.433915   1.40133
0.768066 0.109968 -0.43638  1.40219
 0.762752  0.117211 -0.443834   1.39647
 0.763531  0.112284 -0.440367   1.39512
 0.767129  0.115262 -0.439991   1.40326
 0.764245  0.114454 -0.441989   1.39814
 0.760218  0.154064 -0.461772   1.40442
 0.762639  0.151785 -0.459039   1.40831
 0.772761  0.148894 -0.453673   1.42627
 0.776474   0.12616 -0.436195   1.42256
 0.774541  0.134165 -0.443164   1.42313
 0.769957  0.126788 -0.445097   1.41351
 0.774897  0.130459 -0.442658   1.42328
 0.764163  0.131389 -0.454795   1.40704
 0.778815  0.138278 -0.441474   1.43205
 0.781448  0.129473 -0.434246   1.43273
 0.785034  0.139025 -0.431035   1.44024
 0.780966   0.13348 -0.431967   1.43097
 0.767012  0.152108 -0.466974   1.42047
 0.760825  0.155474 -0.460685   1.40534
 0.760804  0.155603 -0.460867   1.40539
 0.761516  0.155111 -0.461039   1.40727
 0.761271  0.155928 -0.463345   1.40775
 0.763756  0.157789 -0.463604   1.41346
 0.761802  0.156142 -0.460095   1.40772
 0.761422   0.15467 -0.463018   1.40782
 0.736787   0.15406 -0.466395   1.36339
 0.760573  0.154234 -0.461342   1.40483
 0.766669  0.160899 -0.463277   1.41989
 0.761341  0.155398 -0.463811   1.40808
 0.762985  0.155339 -0.459947   1.40991
 0.761156  0.155364 -0.462871   1.40724
 0.759189  0.162941 -0.451601   1.40095
 0.760967  0.154941 -0.461529   1.40612
 0.760406  0.154598 -0.461962   1.40492
 0.760964  0.154728 -0.461057   1.40579
 0.761488  0.155194 -0.464159   1.40854
  0.76076  0.154259 -0.461287   1.40542
 0.760844  0.154198 -0.461058   1.40532
 0.760441  0.153944 -0.461556   1.40484
 0.760867  0.154492 -0.460926   1.40537
 0.760882   0.15454 -0.461121   1.40563
0.760888 0.154598 -0.46091  1.40544
 0.789359   0.14392 -0.418083   1.44399
 0.795348  0.143078 -0.409711   1.45277
 0.789841  0.152482 -0.411859   1.44359
 0.791066  0.144706 -0.411605   1.44462
0.804581 0.139839 -0.39513  1.46567
 0.820984  0.141677 -0.373561    1.4936
  0.80213  0.156993 -0.388556   1.46093
 0.806495  0.144131 -0.384527   1.46657
 0.788574  0.158999 -0.406677   1.43985
 0.792867  0.163944 -0.398779   1.44652
 0.786166  0.169524 -0.407193   1.43675
 0.789074  0.162553 -0.403892   1.44052
 0.797072  0.142579 -0.399115   1.45144
0.796358 0.155926 -0.39544   1.4513
 0.790636  0.152716 -0.404865   1.44214
 0.795603  0.152257 -0.400291    1.4507
  0.78615  0.147277 -0.416957   1.43699
 0.786039  0.151637 -0.417552   1.43803
  0.78418  0.159273 -0.409109   1.43154
  0.78242  0.165586 -0.412863    1.4309
 0.780233  0.156297 -0.426679   1.43107
 0.78256 0.158873 -0.41802  1.43223
 0.736587  0.144577 -0.460975   1.35752
 0.737875    0.1431 -0.460632   1.35965
0.734615 0.144136 -0.45837  1.35159
0.732422 0.144362 -0.45615  1.34525
 0.733628  0.142572 -0.456064   1.34731
 0.734106  0.143282 -0.456382   1.34865
 0.736603  0.140608 -0.458178   1.35477
0.734683 0.140951 -0.45591  1.34905
 0.735669  0.139312 -0.455792   1.35066
 0.736148  0.139971 -0.456074   1.35198
0.735737 0.143485 -0.45842  1.35378
 0.735123  0.141617 -0.456236   1.35031
  0.73677  0.141483 -0.458469   1.35551
 0.735554  0.142333 -0.458125   1.35295
 0.729835  0.161151 -0.460151   1.34707
 0.729427  0.165893 -0.458273   1.34622
 0.727504  0.161226 -0.456669   1.33983
 0.727156   0.16375 -0.455711   1.33907
 0.725715  0.162223 -0.455177   1.33483
 0.726285  0.162341 -0.455784   1.33698
0.727909 0.164123 -0.45811  1.34252
 0.728726  0.162624 -0.458126   1.34385
 0.764312  0.163017 -0.460331   1.41457
 0.770022  0.157308 -0.461447   1.42532
 0.761984  0.153079 -0.460844   1.40792
 0.749172  0.133947 -0.460434   1.38074
 0.753026   0.13124 -0.459549   1.38775
 0.760449  0.155019 -0.462035    1.4051
 0.764117  0.151955 -0.461751   1.41249
 0.760538  0.155407 -0.461999   1.40535
 0.766492  0.161129 -0.459496   1.41827
 0.762242  0.155569 -0.459976   1.40846
0.760651  0.15563  -0.4618  1.40554
 0.761418  0.154757 -0.459598   1.40643
 0.761191  0.155228 -0.461451   1.40677
 0.760792  0.155605 -0.461838   1.40616
  0.76031  0.155202 -0.462035   1.40485
 0.761371  0.155697 -0.462831   1.40776
 0.760831   0.15581 -0.461523   1.40585
 0.761111  0.155669 -0.462439   1.40693
  0.76116  0.155302 -0.459628   1.40602
0.760999  0.15578 -0.46197  1.40647
 0.760869  0.155994 -0.462932   1.40676
 0.760817  0.155453 -0.460744   1.40536
 0.760877  0.155714 -0.461933   1.40617
  0.94636  0.146914 0.0720127   1.70399
 0.951514  0.147101 0.0377558   1.71544
 0.952211  0.148002 0.0627296   1.71447
 0.949836  0.156845 0.0640044   1.71358
   0.961433    0.116938 0.000578169     1.73602
 0.967318 0.0575241  -0.01138   1.74588
  0.96182  0.108638 0.0343181   1.73163
 0.961748 0.0828175 0.0300137   1.73237
 0.955561  0.138854 0.0642641   1.71909
  0.95841  0.124008 0.0558957   1.72372
 0.956217  0.138965 0.0744972   1.72033
 0.956575  0.130984 0.0703637    1.7207
 0.954563  0.139903 0.0389574     1.722
 0.958209  0.119378 0.0528009   1.72408
 0.954372   0.14382 0.0635564   1.71876
 0.956528  0.134393 0.0408506   1.72213
   0.8631  0.375707 0.0894232   1.57273
0.871789 0.358843 0.121609  1.58902
0.853158 0.381365 0.106882  1.55498
0.859068 0.369919 0.123759  1.56567
0.847284 0.385276 0.125597  1.54716
 0.85229 0.372793 0.118099  1.55064
0.863081 0.364397  0.11842  1.57091
0.861555 0.366669 0.102623  1.56658
  0.803569   0.435765 -0.0986916    1.47434
 0.813013   0.41423 -0.118147   1.48586
  0.825818   0.413268 -0.0889133    1.50964
  0.811873   0.413472 -0.0996796    1.47994
0.827145  0.39177 -0.13525  1.51019
   0.84953   0.389151 -0.0833576    1.55189
  0.830395   0.399459 -0.0940465     1.5143
 0.824467  0.392326 -0.112101   1.50016
  0.868559     0.3522 -0.0760177    1.57819
 0.959227  0.122787 0.0318037   1.72346
 0.958437  0.129131 0.0359431   1.72224
 0.958964  0.129262 0.0290586   1.72275
  0.95884  0.130368 0.0333264   1.72316
 0.958225  0.134372 0.0226474   1.72008
0.957397 0.139418 0.030728  1.71992
0.957247 0.140066 0.039216  1.72012
  0.956773    0.13444 -0.0983728    1.71797
  0.958724   0.149159 -0.0759293    1.72291
 0.959631  0.134073 0.0201584   1.72332
0.959498 0.132472 0.022083  1.72291
 0.960747  0.127137 0.0171443   1.72556
 0.961601  0.122695 0.0153214   1.72704
 0.960975  0.122758 0.0202647   1.72611
 0.961054  0.121968 0.0165633   1.72587
 0.959521  0.129676 0.0277411   1.72398
 0.960437  0.123355 0.0254311   1.72552
 0.959862  0.123555 0.0305284   1.72485
 0.959827  0.122889 0.0263635   1.72422
 0.960384  0.126863 0.0179845   1.72481
  0.96042  0.122642 0.0208475   1.72499
 0.959512  0.128703 0.0210783   1.72336
 0.960243  0.127184 0.0214942   1.72482
 0.961569  0.121634 0.0114846   1.72651
 0.960758  0.126601 0.0142904   1.72523
 0.961153  0.125921 0.0074131   1.72556
0.961127 0.127636 0.011872  1.72605
    0.960179     0.128421 -0.000962424      1.72273
  0.959582   0.134892 0.00813561     1.7228
 0.959507  0.135625 0.0160188   1.72303
   0.963587    0.117983 -0.00943317     1.72921
   0.962849    0.121208 -0.00720689     1.72797
  0.963189   0.119059 -0.0134932    1.72822
0.963189 0.121919 -0.01004  1.72873
  0.962577   0.127334 -0.0136754    1.72733
  0.961998   0.123682 -0.0143575      1.726
   0.961844    0.126937 -0.00737554     1.72622
 0.953649  0.151441 0.0537107   1.71261
  0.962819   0.130563 -0.0205188    1.72818
  0.963178   0.128914 -0.0160283    1.72888
  0.964172   0.120405 -0.0239993    1.73016
  0.965087    0.11713 -0.0267091    1.73193
  0.964862   0.117181 -0.0215523    1.73154
  0.964591   0.116253 -0.0232487    1.73064
  0.963644   0.119297 -0.0150453     1.7292
  0.964511   0.117391 -0.0165081    1.73094
  0.964124   0.118702 -0.0114254    1.73045
  0.963994   0.116716 -0.0145573    1.72973
  0.963937   0.119474 -0.0199985    1.72951
  0.964373   0.116145 -0.0186695     1.7303
  0.963717    0.11855 -0.0165763    1.72909
  0.964039   0.119595 -0.0191273    1.72989
  0.964767   0.115893 -0.0284967     1.7309
  0.963991   0.120214 -0.0248343    1.72961
  0.964139   0.118996 -0.0311759    1.72976
  0.964275   0.120345 -0.0296443    1.73032
   0.96302   0.124112 -0.0342425    1.72756
  0.962664   0.125396 -0.0328835    1.72716
0.962564 0.129863 -0.02635  1.72748
  0.965392    0.11208 -0.0505874    1.73211
  0.964579   0.117341 -0.0467346    1.73067
  0.964524   0.115284 -0.0530639    1.73047
  0.964815   0.115677 -0.0525111    1.73126
  0.963189   0.126712 -0.0544103    1.72883
  0.963273   0.116938 -0.0534642    1.72773
  0.963186   0.123318 -0.0490835    1.72819
 0.955815  0.148301 0.0289746   1.71588
  0.962726   0.121825 -0.0701749    1.72787
  0.963283   0.126605 -0.0623518    1.72942
  0.964397    0.11436 -0.0737474    1.73112
  0.966057   0.108556 -0.0779382    1.73484
  0.966267    0.10866 -0.0698001    1.73481
  0.965227   0.109007 -0.0708975    1.73229
  0.964751   0.113515 -0.0584253    1.73105
  0.966211   0.109574 -0.0623111    1.73436
  0.966073   0.111363 -0.0555998    1.73393
  0.965453   0.110409 -0.0568329    1.73228
    0.9642   0.115823 -0.0664103    1.73033
  0.965438     0.1094 -0.0634047    1.73242
  0.964548   0.115939 -0.0579345    1.73075
   0.96466   0.114421 -0.0661355    1.73132
 0.951108  0.189444 0.0172899   1.71026
 0.957922  0.151734 -0.124612   1.72705
 0.949919  0.152233 -0.156368    1.7126
 0.957458  0.132582 -0.133386   1.72302
 0.953736  0.136103 -0.150539   1.71734
 0.956499   0.12238 -0.147825   1.72111
 0.955517  0.125995 -0.148632   1.71967
 0.951934  0.141273 -0.154111   1.71509
 0.955065  0.150159 -0.144883   1.72271
 0.948874  0.168656 0.0645798   1.70339
 0.946385  0.136335 -0.191498   1.70653
 0.946703  0.142106 -0.182848   1.70695
 0.944554   0.14514 -0.190711   1.70393
0.945917  0.13748 -0.18931   1.7056
 0.941876   0.17215 -0.193222   1.70463
 0.944391  0.143479 -0.182464    1.7022
 0.944808  0.145581 -0.181522   1.70342
  0.96176  0.140168 -0.036145    1.7268
 0.783074  0.403293 -0.214401   1.43728
 0.792004  0.381784 -0.224474   1.44839
 0.802511  0.388086 -0.201226    1.4678
 0.790221  0.385023 -0.210327   1.44175
 0.804973  0.364385 -0.236375   1.47353
0.823413 0.373641 -0.19489  1.50709
 0.806962  0.377533 -0.205157   1.47455
 0.801982   0.36935 -0.216788     1.463
  0.876203   0.356683 -0.0128902    1.59117
 0.779574  0.329771 -0.311607    1.4305
 0.799598  0.341401 -0.279925   1.46664
 0.770138   0.34219 -0.303592   1.41093
 0.780501  0.349529 -0.286036   1.42947
 0.763953  0.359065 -0.298587   1.40357
 0.769178  0.346043 -0.293039   1.40617
 0.783495  0.342243 -0.289949   1.43523
 0.777591  0.335706 -0.297641    1.4226
  0.954487   0.170398 -0.0959104    1.71906
 0.930614  0.233224 -0.135892    1.6831
 0.916609  0.172918 -0.274752   1.66286
 0.917529  0.179622 -0.265208   1.66466
 0.913815   0.18409 -0.274183   1.65988
 0.915849  0.175019 -0.271806   1.66167
0.910409 0.208534 -0.27645  1.66079
 0.913522  0.184474 -0.267448   1.65859
0.914416 0.186881 -0.26616  1.66089
 0.747146  0.315584 -0.355764   1.37408
 0.752765  0.302837 -0.356816   1.38134
 0.759942  0.311203 -0.344952   1.39411
 0.751125  0.306761 -0.349841    1.3759
 0.760947  0.294543 -0.361624   1.39912
 0.774758  0.309102 -0.340472   1.42417
 0.762416  0.306636 -0.347312   1.39964
 0.759036  0.300371 -0.352394   1.39237
 0.927704  0.213714 -0.193008   1.68152
 0.875979  0.223863 -0.333567   1.60513
 0.882647  0.227204 -0.326405   1.61876
 0.875396  0.214991 -0.342402   1.60238
 0.875787  0.209711 -0.350292     1.603
 0.882213  0.204456 -0.340788   1.61264
  0.87727  0.210044 -0.343727   1.60384
 0.889255  0.201924 -0.319917   1.62224
0.888236 0.198847  -0.3313  1.62151
  0.89393  0.192586 -0.321834   1.62967
 0.890238  0.199535 -0.324792   1.62389
 0.878419  0.218099 -0.334717   1.60722
 0.883861  0.204928 -0.334277   1.61403
 0.887311  0.212628 -0.321781   1.62111
 0.882101  0.209267 -0.331928   1.61195
 0.736466  0.277183 -0.392058    1.3551
 0.741688  0.267688 -0.391278   1.36254
 0.746229  0.275531 -0.383402   1.37054
 0.739636  0.271234 -0.386638   1.35687
   0.749 0.262367 -0.39518  1.37927
 0.757845  0.276493 -0.380734   1.39524
 0.748356  0.272918 -0.385227   1.37604
 0.746981  0.267446 -0.388376   1.37285
 0.753774  0.354298 -0.303591   1.38178
 0.748766  0.343669 -0.319224   1.37297
 0.763415  0.337659 -0.308281   1.39645
0.757903 0.348968 -0.31516  1.39291
 0.745157  0.332475 -0.333674   1.36682
  0.74199  0.321455 -0.346538   1.36138
 0.755772  0.317312 -0.335457    1.3834
 0.75042 0.326658 -0.34325  1.37972
 0.770857  0.326639 -0.316697   1.41232
 0.770831  0.317586 -0.321999   1.41082
 0.754056  0.337765 -0.329969   1.38619
 0.761754  0.322876 -0.331303   1.39658
 0.766878   0.33244 -0.318376   1.40583
 0.759013  0.327421 -0.323455   1.38907
 0.851069  0.231896 -0.367699   1.56459
 0.855756   0.23392 -0.362901   1.57371
 0.851046   0.22662 -0.375911   1.56446
 0.851861   0.22292 -0.381638   1.56576
 0.857618   0.21981 -0.374379    1.5746
0.852812 0.222995 -0.37678  1.56573
 0.862453  0.221478 -0.361096   1.58236
 0.863448  0.216971 -0.366958   1.58377
 0.869412  0.213228 -0.358952   1.59291
 0.864401  0.217145 -0.361644    1.5837
 0.853222  0.228478 -0.370571   1.56761
 0.858379  0.219984 -0.369588   1.57425
 0.859255  0.225572 -0.362426   1.57673
 0.856669  0.223486 -0.368815   1.57297
  0.81518  0.236893 -0.406904   1.50584
 0.821107  0.234961 -0.408985   1.51669
0.826479 0.231368 -0.40787  1.52456
 0.826772  0.235016 -0.402638   1.52561
 0.824703  0.233506 -0.407248   1.52284
 0.826647  0.240321 -0.395866    1.5256
0.818509   0.2373 -0.40701  1.51207
0.824216 0.240023 -0.40214  1.52298
 0.869009  0.245649 -0.304402   1.58694
 0.809285  0.228834 -0.422643   1.49704
 0.805596  0.230672 -0.421573   1.49156
 0.806862  0.229424 -0.420141   1.49206
 0.811983  0.229687 -0.422845   1.50194
  0.81431  0.229879 -0.422405   1.50514
 0.812382  0.231327 -0.420508    1.5023
 0.813172  0.230212 -0.422309   1.50434
 0.808944  0.233232 -0.415205   1.49516
 0.810901  0.230357 -0.422739   1.50028
  0.80968  0.231722 -0.417808   1.49763
 0.811727  0.231671 -0.420821   1.50146
 0.738873  0.311017 -0.358921   1.35645
 0.735653  0.301295 -0.368964   1.35078
 0.747296  0.298515 -0.360035   1.36965
0.743073 0.305959  -0.3665  1.36686
 0.733517  0.291511 -0.378075   1.34712
  0.73185  0.282206 -0.386111   1.34428
 0.742547  0.280445 -0.377487   1.36161
0.738429 0.286413 -0.38422  1.35851
 0.753645  0.290907 -0.365229   1.38385
 0.754393  0.283677 -0.368366   1.38429
   0.7406  0.296013 -0.375904   1.36246
  0.74721  0.285219 -0.374794   1.37182
 0.750537  0.294041 -0.366481   1.37786
  0.74444  0.289217 -0.369874   1.36487
0.935563 0.144841 0.192602  1.68142
0.932627 0.146277 0.203622  1.67639
0.925707 0.139237 0.200324  1.66978
0.899308 0.232901 0.314263  1.63193
0.923458 0.223552 0.275771  1.66832
 0.808942 -0.114713  0.207647   1.45825
0.938572 0.207235  0.24037  1.69106
0.879281 0.175622 0.363571  1.59125
0.914225 0.202406 0.292412  1.64738
0.931028 0.150633 0.231946   1.6748
0.933549 0.214531 0.254823  1.68364
0.931091 0.150604 0.236362  1.67555
0.931194 0.147792 0.238614   1.6761
 0.86924 0.269578 0.254697  1.58181
0.867903 0.277818 0.248163  1.57933
0.874164 0.273173 0.245771   1.5895
0.870584 0.276495 0.250356  1.58577
0.866634  0.28636 0.241024  1.57711
0.865104 0.294903  0.23318  1.57425
0.872141 0.288252 0.230393  1.58557
0.868157 0.293559 0.235816  1.58158
0.879305 0.275424 0.237636  1.59799
0.879912 0.278646  0.22946  1.59837
0.869495 0.284972 0.243251  1.58392
0.874118 0.286629  0.23443  1.59056
0.875486 0.279411 0.241288  1.59335
0.872944 0.281349 0.238304  1.58739
0.931034 0.137511 0.233545  1.67574
0.930083 0.149067 0.250155  1.67692
0.931301   0.1254 0.230405  1.67699
0.928513 0.151058  0.23596  1.66857
 0.93126 0.116537 0.243831  1.67982
0.931886 0.153362 0.234882  1.67986
 0.936123 0.0772908  0.215099   1.68453
 0.945836 0.0430538  0.201877   1.70486
  0.94017 0.0557367  0.211953   1.69288
  0.94132 0.0524483  0.216119   1.69693
 0.934111 0.0615216  0.234309   1.68364
 0.931383 0.0660782  0.237493   1.67816
 0.937311 0.0697369  0.228196    1.6904
0.929656 0.146683 0.232989  1.67174
 0.88198 0.273752 0.240366   1.6042
0.885507  0.25978 0.251562  1.61129
0.876062 0.271546 0.248543  1.59406
0.878247 0.263208 0.254087  1.59834
0.871953 0.268094 0.256567  1.58822
0.875215 0.265516 0.251921  1.59151
0.881157 0.262888 0.251107  1.60233
0.880601 0.266874 0.244447  1.60044
 0.930867 0.0825027  0.254809     1.682
 0.932789 0.0976346  0.238534   1.68294
  0.92886 0.0945194  0.243286   1.67436
0.944276 0.189559  0.19974  1.69938
0.944803 0.177703 0.199481  1.70489
0.931159 0.148303 0.220284  1.67735
0.929332  0.14526 0.199088  1.67861
0.931829 0.151191 0.238954  1.67838
0.932356 0.154382 0.232206  1.68055
0.927034 0.144206 0.224262  1.66542
0.931685 0.183323 0.228174  1.68314
0.928954 0.204258 0.261903  1.67326
0.929421 0.144548 0.247536  1.67509
0.921771 0.128435 0.199945  1.65612
0.931864 0.152706 0.236065  1.67795
0.920647 0.129994 0.201956  1.65774
0.922628 0.163772 0.264633  1.66704
0.924498 0.130178 0.205774  1.65759
0.933323 0.196962 0.238024  1.68351
0.920222 0.131391 0.201761  1.65046
0.925659 0.142733  0.22712  1.66318
 0.907803 0.0980865  0.204187   1.63005
0.884008 0.116764 0.143832  1.58748
0.912048  0.14231 0.308441  1.64441
0.898956 0.110257 0.169663  1.61003
0.911852 0.116795 0.204104  1.63382
0.905333 0.119463 0.169708  1.61822
0.883471 0.244622 0.263943  1.60553
0.883879  0.24808 0.257317   1.6056
0.878598 0.241303 0.270924  1.59762
0.873673 0.236172 0.277944  1.58981
0.872428 0.244431 0.272917   1.5875
0.874856 0.243014 0.274624  1.59329
0.876722 0.256221 0.258885  1.59403
0.871348 0.252773 0.267253  1.58554
0.870258 0.260829 0.261086  1.58346
0.872853 0.259459 0.263293  1.58975
0.879754 0.247386 0.267392  1.60098
0.873892 0.251342 0.269135  1.59163
0.878432 0.254453 0.262206   1.5983
0.877384 0.249425 0.265091  1.59552
0.887881 0.161341 0.299743  1.61446
  0.8926  0.17041 0.301997  1.62334
0.893835 0.160784 0.303205  1.62594
0.891717 0.163663  0.30187  1.62112
0.898274 0.172456 0.295603  1.63108
0.903685 0.154864 0.297023  1.64137
0.899334 0.157246  0.30093  1.63374
0.897684 0.159533 0.299644  1.62998
0.897884  0.16789 0.296529  1.63104
0.885612 0.162749 0.300201  1.60953
0.883755 0.172424 0.300387  1.60666
0.890496 0.172775 0.301143  1.61866
0.886187 0.170853  0.30031  1.61205
0.881898 0.182105 0.299289  1.60367
0.880173 0.191589 0.297113   1.6008
0.887612 0.189941 0.295895  1.61357
0.882868 0.189782 0.297747  1.60695
0.895674 0.175183 0.293897  1.62513
0.896188 0.180489 0.289021  1.62593
0.884519 0.180371 0.299619  1.60959
0.889683 0.187281 0.298032  1.61831
0.891244 0.179205 0.300528  1.62139
0.888846 0.181836 0.299157  1.61601
0.929974 0.134271 0.241845  1.67519
0.892024 0.277888 0.223946  1.62266
0.931007 0.143811 0.240345  1.67633
 0.93683 0.191686 0.223904   1.6905
0.927347 0.131838 0.252154  1.67217
 0.93891 0.186286 0.211783  1.69528
0.929003 0.147762 0.232946  1.67051
0.932005 0.151694 0.232692  1.67854
0.940094 0.181276 0.200493  1.69826
0.931159 0.147939 0.221411  1.67732
0.928423  0.14016 0.202957  1.67403
0.929656 0.147811 0.203346  1.68091
0.935491 0.180882 0.214967  1.68959
0.928199 0.141688 0.199847  1.67366
0.936609 0.153491 0.181724  1.69263
0.937022 0.152782 0.205098  1.68757
0.931627 0.150546 0.220545  1.68007
0.939949  0.15557 0.202982  1.69203
0.935569 0.155066 0.207858  1.68771
0.936713 0.158166 0.175352  1.69402
0.940805 0.161747 0.203146   1.6951
 0.761474  0.122371 -0.447743   1.39694
 0.762965  0.125192 -0.449598   1.40143
 0.755468  0.125534 -0.452541   1.38765
 0.759319  0.118867 -0.446827   1.39122
 0.755722  0.120872 -0.449714   1.38566
 0.756315  0.116681 -0.446221   1.38391
 0.756946  0.118552 -0.448337   1.38704
 0.756804   0.12344 -0.450219   1.38873
 0.760058  0.121763 -0.448948   1.39457
0.770226 0.144331  -0.4621  1.42451
 0.751388  0.127768 -0.455844   1.38152
 0.747319  0.131302 -0.457584   1.37478
 0.749286  0.125742 -0.453943   1.37558
  0.74704  0.127919 -0.454854   1.37182
 0.747115  0.124883 -0.452181   1.36952
0.747636 0.126195 -0.45416  1.37233
 0.747827  0.129453 -0.456175   1.37463
 0.750171  0.127728 -0.455649    1.3789
 0.765373  0.153976 -0.465761   1.41694
 0.770126  0.132627 -0.452604   1.41859
 0.770996  0.137102 -0.449958   1.41968
 0.740518  0.139116 -0.458845   1.36309
 0.741302  0.137717 -0.459109    1.3646
 0.738339  0.137748 -0.457246   1.35711
 0.736581  0.137768 -0.455479   1.35203
 0.737706  0.136182 -0.455117   1.35382
 0.737998  0.136995 -0.455514   1.35484
 0.740447  0.134854 -0.457165   1.36088
 0.738822  0.134579 -0.454899   1.35569
 0.739826  0.132959 -0.454652   1.35731
  0.74008  0.133803 -0.455076   1.35827
 0.739344  0.137315 -0.457188   1.35908
 0.739065  0.135368 -0.455277   1.35659
 0.740245  0.135829 -0.457373   1.36079
 0.739404  0.136286 -0.457039    1.3589
 0.736984  0.138524 -0.455847   1.35325
  0.73835  0.138748 -0.457559   1.35755
 0.737573   0.14006 -0.458151   1.35663
 0.737338  0.139054 -0.457742   1.35564
 0.738794  0.142055 -0.461165   1.36163
 0.738429  0.140682 -0.460001   1.35981
 0.739378  0.140153 -0.459279   1.36121
 0.773985  0.160568 -0.444756   1.42737
 0.736634  0.145722 -0.461609   1.35828
 0.734469  0.149578 -0.461366   1.35456
 0.734605  0.145107 -0.458628   1.35195
 0.733354   0.14713 -0.458515   1.34972
0.732854 0.145141 -0.45654  1.34655
 0.73327 0.145899 -0.45822  1.34908
 0.734045  0.148004 -0.460608   1.35284
 0.735542   0.14663 -0.460323   1.35544
 0.780624  0.175965 -0.417908   1.43052
 0.776677  0.164006 -0.428289    1.4258
0.777701 0.168438 -0.42582  1.42697
 0.732643  0.152915 -0.461578   1.35174
 0.731215  0.157155 -0.460636   1.34922
 0.730476  0.152558 -0.458383   1.34498
 0.729582  0.154816 -0.457904   1.34333
 0.728688  0.152983 -0.456594   1.33971
  0.72917  0.153488 -0.457775   1.34208
 0.730308  0.155479 -0.460143   1.34662
 0.73154 0.154066 -0.45999  1.34873
 0.790677  0.194597 -0.454133   1.46612
 0.792436  0.196402 -0.456541   1.47051
 0.791557  0.202967 -0.452352   1.47005
0.790951 0.204381 -0.44808  1.46784
 0.785063  0.196014 -0.459443   1.45821
 0.789027   0.20065 -0.457058   1.46641
 0.728597  0.170666 -0.456923   1.34489
0.729274 0.175968 -0.45405  1.34583
 0.726091  0.171205 -0.453175   1.33717
 0.726317  0.173983 -0.451715   1.33737
 0.724309  0.172826 -0.452011   1.33252
 0.724978    0.1725 -0.451999    1.3344
 0.727101  0.174078 -0.454234   1.34094
 0.727489  0.172472 -0.454425   1.34145
 0.769293   0.16095 -0.449995   1.42015
 0.727303   0.18026 -0.451944   1.34159
 0.728018  0.178356 -0.452011   1.34261
 0.724962  0.181309 -0.448178   1.33429
   0.7222  0.183639 -0.447396   1.32808
 0.722375  0.180447 -0.448693   1.32842
 0.724023  0.181731 -0.448615   1.33207
 0.725117    0.1754 -0.450884   1.33476
 0.722529  0.177407 -0.449849   1.32868
 0.722757   0.17446 -0.450996   1.32911
 0.724258  0.175634 -0.450932   1.33244
 0.726287  0.179757 -0.449154   1.33719
 0.724085  0.178663 -0.449813   1.33216
 0.726094  0.176737 -0.450695   1.33701
 0.724876  0.178199 -0.449479   1.33408
 0.735929  0.151482 -0.465446   1.36047
 0.738515   0.14879 -0.465019   1.36494
 0.722041  0.198934 -0.440785   1.32782
 0.721883  0.194768 -0.442735   1.32754
 0.725571  0.195365 -0.441069   1.33494
 0.724231  0.196477 -0.442515   1.33268
 0.721923  0.190855 -0.444425   1.32759
 0.721971   0.18707 -0.446021   1.32766
 0.725183  0.187883 -0.444874   1.33442
 0.724008  0.188631 -0.445886   1.33216
 0.728438  0.193509 -0.445101   1.34327
 0.729019  0.191143 -0.445288   1.34394
 0.72405 0.192462 -0.44427  1.33228
 0.726561  0.189577 -0.444532   1.33752
 0.727158   0.19334 -0.442454   1.33847
 0.725145  0.191394 -0.443016   1.33412
 0.733436  0.170236 -0.463143   1.35865
 0.798105  0.229078 -0.422082    1.4774
 0.786318  0.229129 -0.415753   1.45053
 0.789326  0.233333 -0.414912   1.45742
 0.734337  0.180303 -0.458633   1.36043
 0.735727  0.202676 -0.444563     1.361
 0.734288  0.198349 -0.445693   1.35752
 0.732171   0.21049 -0.435044   1.34979
0.732657 0.207443 -0.43542  1.35014
 0.728431  0.213245 -0.430281   1.33946
 0.723754  0.218318 -0.430433   1.33074
 0.723218  0.213199 -0.433346   1.32985
 0.726451  0.215243 -0.432838   1.33677
  0.72705  0.203768 -0.436024   1.33726
 0.722698  0.208195 -0.435999   1.32891
 0.722447  0.203407 -0.438498   1.32852
 0.725318  0.205302 -0.438082   1.33469
 0.730367  0.210631 -0.432256   1.34384
 0.725787  0.210253 -0.435584   1.33558
 0.729143  0.205875 -0.435354    1.3418
 0.727463  0.208247 -0.433246   1.33772
 0.745067  0.208251 -0.441984   1.38048
 0.73698 0.231865 -0.41983  1.35753
   0.7379  0.227757 -0.420642   1.35862
  0.73226  0.235266 -0.415206   1.34532
 0.725976   0.24212 -0.415935   1.33437
 0.725452  0.235663 -0.419956    1.3335
 0.729652  0.238326 -0.419204   1.34256
 0.730643  0.223626 -0.423069   1.34288
 0.724988  0.229582 -0.423638   1.33275
 0.724427  0.223792 -0.427151   1.33185
0.728208   0.2261 -0.42647  1.33991
 0.734769  0.232113 -0.418036    1.3511
 0.728929  0.232047 -0.422954   1.34122
 0.733283  0.226289 -0.422051    1.3486
 0.731188  0.229097 -0.419453   1.34354
 0.815616   0.26679 -0.358249   1.49958
 0.771016  0.247108 -0.398347   1.41929
 0.845962  0.249122 -0.345356   1.55163
 0.798521  0.248084 -0.389753   1.47085
 0.890423  0.241249 -0.274058   1.62463
0.803554 0.277908 -0.35367   1.4796
 0.795051  0.361846 -0.243197   1.45243
 0.795188  0.350364 -0.252119   1.45066
 0.784669  0.376909 -0.231112   1.43203
 0.771563   0.39848 -0.221258   1.41196
 0.766609  0.388093 -0.243511    1.4031
 0.777108  0.393656 -0.237616   1.42653
 0.775834  0.356479 -0.271193    1.4169
 0.762612  0.376755 -0.264831   1.39629
 0.758396  0.365266 -0.284448   1.38908
 0.768605  0.370777 -0.279253    1.4115
 0.789145  0.371679 -0.245919   1.44406
 0.773119  0.382272 -0.259229   1.41951
 0.782959  0.362373 -0.265044   1.43284
 0.779838  0.366938 -0.253131   1.42396
 0.910179   0.22963 -0.234625   1.65517
 0.790372  0.433265 -0.107773    1.4453
  0.78311  0.427797 -0.138434   1.43189
0.804596 0.410411 -0.12729  1.46676
 0.795382  0.432814 -0.129877   1.45978
 0.778747  0.419119 -0.168126    1.4241
 0.775133  0.408655 -0.194773    1.4174
0.796119 0.393883 -0.18055  1.45111
 0.786579  0.414761 -0.187497   1.44349
 0.817014  0.390354 -0.143347   1.48809
 0.817757  0.377534 -0.157896   1.48692
 0.790877  0.424682 -0.160083   1.45162
 0.803439  0.400599 -0.171624   1.46843
 0.809575  0.408184 -0.147185   1.48047
 0.799532  0.403822 -0.156923   1.45804
 0.942434  0.194866 -0.153656   1.70399
 0.816301  0.426517 0.0217719   1.48959
   0.809669    0.431877 -0.00883271     1.47794
   0.830183    0.410157 -0.00398967     1.51122
   0.821318      0.4333 0.000207033     1.50447
  0.803736   0.434532 -0.0408232    1.46779
  0.797398   0.434578 -0.0735328    1.45681
  0.820653    0.41247 -0.0635032    1.49458
  0.810106   0.437164 -0.0642856    1.48534
  0.844081   0.390567 -0.0218765     1.5339
  0.846324   0.381465 -0.0428955    1.53635
  0.815985   0.436464 -0.0317267    1.49546
  0.828975    0.41578 -0.0522051    1.51392
  0.834414   0.415077 -0.0234122    1.52394
  0.825259   0.413563 -0.0343934    1.50308
  0.960117   0.136016 -0.0237043    1.72215
0.840459 0.387299 0.120914  1.53186
0.834591  0.39862 0.101174  1.52147
0.847984 0.382729 0.100312  1.54304
0.842081 0.397425  0.10718   1.5386
 0.828691  0.409411 0.0779831    1.5112
  0.82253  0.417966 0.0519905   1.49998
 0.840055  0.397962 0.0553594    1.5285
 0.832259   0.41844 0.0605926   1.52259
 0.856397  0.377292 0.0829082   1.55742
 0.857225   0.37669 0.0643292   1.55785
 0.837427  0.408618 0.0851108   1.53119
 0.845945  0.398518 0.0659958   1.54277
 0.850422  0.391069 0.0868318   1.55117
 0.843756  0.392252 0.0783469   1.53579
 0.952938   0.12747 0.0868629   1.71133
0.955131 0.120962 0.115379  1.71837
0.868545 0.341625 0.152744  1.57874
0.869354 0.342982 0.138969  1.57908
0.861328 0.342958 0.166499  1.56628
0.854721 0.343947 0.182207  1.55623
0.851843 0.353799 0.169272  1.55104
0.856535 0.352486  0.17319  1.56205
0.856538  0.36079  0.13696   1.5577
0.848893 0.364204 0.154807  1.54602
0.845151 0.374876 0.138964  1.53951
0.850977  0.37338 0.143552  1.55292
0.863385 0.350656 0.157078   1.5725
0.854132 0.362702 0.158898  1.55813
0.860384 0.359609 0.143426  1.56698
0.858832 0.352715 0.152016  1.56204
0.932494 0.125849 0.228835  1.67978
 0.88833 0.339113 0.126924  1.61901
0.874727 0.308112  0.20119  1.58958
0.875291 0.310776 0.191054  1.58971
0.868903 0.306884 0.212342  1.57991
0.863517 0.304689 0.224648  1.57169
0.861446 0.314156 0.215734  1.56799
 0.86491   0.3127 0.218387  1.57614
0.865818 0.323525 0.191529  1.57411
0.859327 0.324021 0.205656  1.56429
0.857026 0.333425 0.194551  1.56003
0.861103 0.332099 0.198075  1.56971
0.870457 0.314195  0.20582  1.58463
0.863152 0.322496 0.208553  1.57325
0.868418 0.322071 0.196547  1.58058
0.867151 0.316235  0.20215  1.57696
0.931313 0.137476 0.232704  1.67644
0.934152  0.12532 0.211596  1.68232
0.924005 0.129642 0.261257  1.66839
0.890318 0.306915 0.184385  1.61997
0.888451 0.212624 0.283137  1.61405
0.888595 0.216487 0.277625  1.61369
0.883766  0.20832 0.289755  1.60687
0.878633 0.201272 0.294411  1.59837
0.877179 0.210055 0.291088  1.59581
 0.87961 0.208458 0.292165  1.60147
 0.88138 0.224233 0.280725  1.60255
0.875993 0.218816  0.28712   1.5938
0.874796 0.227244 0.282674  1.59164
0.877238  0.22571 0.284131  1.59742
0.884767 0.214821 0.287041  1.60995
0.878444 0.217233 0.288304  1.59952
0.883085 0.222249 0.283362  1.60664
0.882233 0.217056 0.285488  1.60431
0.915106 0.115627 0.288323  1.65869
0.919438 0.122445 0.274818  1.66432
0.914141 0.121347  0.28705  1.65561
0.908765 0.113234 0.299475  1.64845
0.902367 0.116938 0.312464  1.64013
 0.90499 0.122255 0.302224  1.64144
0.904996 0.115507 0.301116  1.64043
0.895797 0.121519 0.313923  1.62903
0.889331 0.124521 0.304826  1.61508
0.895237 0.133172 0.309724  1.62775
0.893273 0.126638 0.309895  1.62261
0.900191  0.13894 0.306959  1.63599
0.904626  0.13413 0.299922  1.64091
0.903419 0.135924 0.298906  1.63809
0.899492 0.121375  0.31008  1.63323
0.898662 0.132632 0.307346  1.63164
0.903365 0.126861 0.299179  1.63724
0.900744 0.128683 0.309969  1.63677
0.923411 0.146291 0.267557  1.66837
0.910245 0.116795  0.29653   1.6502
0.907732 0.121062 0.295718  1.64453
0.910398 0.127037 0.286351  1.64738
  0.9076 0.132998    0.297   1.6463
0.921518 0.124928 0.268918  1.66433
 0.795524  0.206889 -0.446048   1.47714
 0.796652   0.20068 -0.451209   1.47867
 0.803819   0.20349 -0.444223   1.49077
 0.798253  0.203623 -0.446704   1.48031
 0.796032  0.197259 -0.455095   1.47756
 0.792403   0.19021 -0.450427   1.46751
 0.799921  0.189364 -0.446948   1.48094
  0.79557  0.191132 -0.449012   1.47317
0.814119 0.198487   -0.441  1.50853
 0.810259  0.187888 -0.441963   1.49941
 0.831482  0.187793 -0.430233   1.53853
 0.815758  0.190012 -0.437887   1.50863
 0.798074  0.198174 -0.452415   1.48049
 0.803662  0.190326 -0.445202   1.48748
 0.805911  0.199454 -0.444789   1.49316
  0.80332  0.196726 -0.450059   1.48995
 0.737051  0.192456 -0.451912   1.36531
  0.95817 0.0865576  0.102514   1.72194
 0.957522  0.132004 0.0815189   1.72305
  0.95812  0.109142 0.0692082   1.72163
 0.963128 0.0525178 0.0786086   1.73113
 0.962428 0.0848969 0.0642013   1.73093
 0.965053 0.0182313 0.0444906   1.73641
 0.964259 0.0757188  0.050281   1.73482
0.959778 0.106148  0.06833   1.7256
 0.961233 0.0944057 0.0944212   1.72964
0.931426 0.135536 0.221423  1.67675
 0.760991  0.154798 -0.461783   1.40631
 0.760625  0.154119 -0.461429    1.4052
 0.761255  0.155184 -0.463384   1.40769
  0.76044  0.154018 -0.461702   1.40483
 0.760402  0.154248 -0.461842   1.40482
 0.760516  0.153943 -0.461566   1.40495
 0.760306  0.153928 -0.461659   1.40457
 0.761612  0.153478 -0.460994    1.4072
 0.762121  0.152339 -0.459027   1.40724
 0.743208  0.139896 -0.463575   1.37156
 0.746567  0.137222 -0.462743    1.3775
 0.762316   0.15847 -0.463568   1.41073
 0.763426   0.15273 -0.460604   1.41063
 0.766328   0.15283 -0.468036   1.41979
 0.761357  0.152245 -0.461156   1.40663
 0.757705  0.129102 -0.455516   1.39444
 0.762409  0.128786 -0.453991   1.40336
  0.76138  0.153436 -0.463432   1.40789
 0.761796   0.15074 -0.459424   1.40656
 0.768243  0.150387 -0.468322   1.42359
 0.748453  0.136826 -0.462384   1.38097
0.768739 0.146917 -0.46205  1.42127
 0.760765  0.155679 -0.461536   1.40569
  0.76067  0.155787 -0.461771    1.4056
 0.761016  0.155957 -0.462893   1.40706
  0.76048  0.155597 -0.461974   1.40526
 0.763122  0.158438 -0.463823   1.41239
 0.761429  0.158584 -0.463869   1.40907
 0.760213  0.154747 -0.461989   1.40456
 0.761208  0.153813 -0.463297   1.40743
 0.760188  0.154351 -0.461888   1.40443
 0.761189  0.154915 -0.464334   1.40797
 0.761103  0.155035 -0.463501   1.40742
 0.764817  0.150375 -0.471906   1.41818
 0.760892  0.154645 -0.461887   1.40614
 0.759527  0.154135 -0.462206   1.40355
 0.760757   0.15435 -0.461588   1.40566
 0.760285  0.153936 -0.461869    1.4048
     0.76  0.154046 -0.461999   1.40424
 0.760637  0.154031 -0.461428   1.40518
  0.76079  0.154384 -0.461283   1.40551
 0.760049   0.15394 -0.461965   1.40437
 0.773799  0.161419 -0.435963    1.4232
 0.732601   0.15883 -0.465017   1.35521
 0.734793  0.156075 -0.464715   1.35889
 0.740458  0.144018 -0.464712   1.36747
0.742715  0.15127 -0.47259   1.3766
 0.761582  0.151745 -0.461219   1.40716
 0.734297  0.161577 -0.465594    1.3597
 0.764762  0.160355 -0.466064   1.41698
 0.760045  0.154729 -0.462358   1.40451
0.763488 0.160474 -0.46634  1.41463
 0.760194  0.155231 -0.462619   1.40499
 0.760416  0.155675 -0.462773   1.40559
 0.757283  0.162229 -0.461049   1.40101
 0.761284  0.156138 -0.460354   1.40681
 0.760818    0.1553 -0.460216   1.40557
 0.760255  0.155459 -0.460834   1.40471
 0.759926  0.154829 -0.462393   1.40431
 0.761014  0.155591 -0.461444   1.40646
 0.760708  0.155972 -0.462722   1.40623
 0.760992  0.156008 -0.463052   1.40701
 0.760681  0.156348 -0.460527    1.4057
  0.76088  0.156081 -0.462735   1.40663
 0.760656  0.155985 -0.462935   1.40631
 0.952101  0.154074 0.0830022   1.71206
 0.953547  0.149714 0.0897342   1.71551
 0.880003  0.364057 0.0634505   1.60425
0.903872 0.271881 0.199113  1.63984
0.953812 0.154335  0.07327  1.71498
 0.958249  0.148015 0.0262461   1.72134
 0.958119  0.143596 0.0015886   1.71957
 0.960368  0.140393 0.0015875   1.72413
  0.960737   0.142032 -0.0148991    1.72495
  0.959049   0.148495 -0.0538997    1.72212
0.950913 0.167801 0.036528  1.70681
 0.953817  0.167189 0.0332554   1.71354
  0.960594   0.131588 -0.0560143    1.72351
 0.848133  0.353669 -0.179705   1.55138
   0.955763    0.159572 -0.00797659     1.71573
  0.953257   0.163429 0.00981565    1.71096
 0.945862  0.151057 -0.147183   1.70175
  0.95155  0.165659 -0.129976   1.71566
 0.935028  0.177522 -0.188358   1.68955
 0.825727  0.328652 -0.265495   1.51657
  0.850965   0.368929 -0.0844811    1.54564
0.842857 0.351803 -0.11554  1.52465
0.919551 0.196721 -0.22859  1.66713
 0.900984   0.21441 -0.267244   1.63949
 0.795081  0.306086 -0.330187   1.46453
0.914117 0.255405  -0.1787  1.65906
 0.881157   0.23142 -0.298754   1.60893
 0.775683  0.279636 -0.374432   1.43253
 0.892697  0.272367 -0.224329   1.62609
0.828427  0.24274 -0.37528  1.52341
 0.840601  0.247748 -0.363322   1.54673
 0.840611  0.279598 -0.317108   1.54213
 0.810197  0.238502 -0.399202   1.49336
 0.820558  0.244706 -0.390541   1.51373
 0.801985  0.233363 -0.421393   1.48606
 0.797847  0.241922 -0.406894   1.47414
 0.806771  0.236446 -0.416639   1.49484
 0.91883 0.127734 0.207257  1.65383
 0.904341 0.0746736  0.202347   1.61876
0.919829 0.127923 0.200741  1.65241
0.917176 0.195923 0.280735  1.65344
0.927288 0.200742 0.256064  1.67231
0.904955 0.155702 0.307596   1.6287
0.911379 0.169196 0.297222  1.64192
0.928898  0.14975 0.232948  1.66886
0.921532 0.184761  0.26652  1.66044
0.929408 0.150593 0.235773  1.67085
0.929893 0.148886 0.236277  1.67253
0.930559 0.144662 0.235172  1.67422
0.894845 0.249706 0.250214  1.62696
0.927138 0.150915 0.236677  1.66513
0.931381 0.131333 0.222111  1.67589
0.931054  0.15157 0.243703  1.67767
 0.947411 0.0647057  0.194717   1.70807
 0.945014 0.0673097  0.207669   1.70446
 0.938869 0.0873276  0.212306   1.69137
 0.944532 0.0913054  0.196613   1.70253
 0.943254 0.0795753   0.19695   1.69852
0.926936 0.150852 0.236274  1.66533
0.927865 0.148809 0.232505  1.66773
0.933758 0.117199 0.212298  1.68029
0.903628 0.296781 0.126602  1.63567
 0.93559 0.107471  0.22299  1.68634
0.939417  0.17194 0.188365   1.6981
0.937945 0.168425 0.191806  1.69407
 0.93046 0.149436 0.200561  1.68205
 0.93737 0.176049  0.20382  1.69363
0.931996 0.154632  0.23893  1.67953
0.931674 0.156904 0.234682  1.68059
0.932965 0.185025 0.227889  1.68369
0.925881 0.149051 0.235506  1.66165
0.928757 0.187482  0.24406  1.67469
0.923192 0.142469 0.229614   1.6567
0.916223 0.120493  0.20259  1.64245
0.929695 0.139747 0.209956   1.6731
0.913975  0.11755 0.208107  1.64207
0.928849 0.155023 0.227525  1.67702
0.912198 0.108417 0.216365  1.63823
0.914016 0.141116 0.270736  1.64157
0.922174 0.180841 0.254945  1.66306
 0.892919 0.0296361  0.243034   1.59258
0.908167 0.108686 0.204257  1.62921
0.916481 0.154538 0.271087  1.65019
0.903455 0.190448 0.278213  1.63828
0.904833 0.152996 0.292378  1.64021
0.903742  0.16706 0.286546  1.63853
0.898936 0.220209 0.268838  1.63309
0.927532 0.140748 0.257415  1.67378
0.925894 0.150721 0.238062  1.66222
0.900592 0.236036 0.238895  1.63032
0.931437 0.152958 0.243147   1.6789
0.934964 0.179648 0.219189  1.68929
0.937819 0.175091 0.212226  1.69377
0.927263 0.153507 0.258309  1.67367
0.931187  0.14985 0.222748  1.67924
0.929172 0.144162 0.206674  1.67722
0.929545 0.151124 0.207798  1.68103
0.932496 0.176249 0.222664  1.68339
 0.92944 0.145895 0.202833  1.67778
 0.94176 0.166337 0.208709  1.69558
0.937198 0.155996 0.206297  1.68989
0.931015 0.152894  0.22235  1.68042
0.940622 0.159921 0.209094  1.69331
0.936029 0.159359 0.208103   1.6891
 0.755014  0.132347 -0.458179   1.39093
 0.764573  0.151634 -0.468647   1.41627
 0.763004  0.150966 -0.462187   1.41023
 0.765238  0.140815 -0.464183   1.41461
 0.743575  0.142328 -0.464735   1.37354
 0.766006   0.16387 -0.451298   1.41455
 0.760664  0.152915 -0.463772   1.40649
 0.740402  0.147627 -0.466094   1.36894
 0.768697  0.165538 -0.438079   1.41435
 0.760324  0.163688 -0.456986   1.40556
 0.771733  0.185742 -0.453478   1.42778
 0.746159  0.144874 -0.470998   1.38153
 0.730684  0.167299 -0.463077   1.35224
 0.732226   0.16434 -0.463046   1.35467
 0.743637  0.186234 -0.460406   1.37961
 0.739855  0.168207 -0.470507    1.3734
0.730401 0.177106 -0.45913  1.35181
 0.731267  0.173862 -0.459405   1.35295
 0.740743  0.176559 -0.466757   1.37497
  0.73168  0.188699 -0.452994   1.35386
 0.731918  0.184932 -0.453581   1.35372
 0.760459  0.223683 -0.421445    1.4022
0.754787 0.195833 -0.45814  1.40163
 0.786873   0.20806 -0.447846   1.46167
 0.777868  0.200902 -0.457411   1.44624
0.780146 0.207084 -0.44721   1.4475
  0.74224  0.222722 -0.432521   1.37316
  0.74151  0.216931 -0.433841   1.37071
0.755652  0.20831 -0.44013  1.39741
 0.749516  0.246858 -0.411219   1.38424
 0.749273   0.23817 -0.414473    1.3828
 0.762931  0.252979 -0.405754   1.41168
 0.759723  0.274031 -0.382062   1.40004
 0.758168  0.263548 -0.387405   1.39591
 0.787589  0.256285 -0.390108   1.45373
 0.775633  0.302912 -0.341057   1.42542
 0.770854  0.291077 -0.349554   1.41465
 0.799365  0.330927 -0.282118   1.46408
 0.790429   0.31851 -0.294706   1.44426
 0.867741  0.283938 -0.269886   1.58779
 0.857086  0.270354 -0.308917   1.57329
 0.826368  0.357464 -0.193502   1.50641
 0.821403  0.340806 -0.212119    1.4935
  0.942685   0.208962 -0.0966431        1.7
 0.897645  0.297093 -0.137128   1.62738
  0.955232   0.155865 -0.0549028     1.7148
 0.923791  0.216224 -0.173697   1.66976
  0.86846  0.361991 0.0445128   1.57568
   0.870835    0.363607 -0.00521995     1.58297
0.876224 0.344257 0.117542  1.59161
 0.876009  0.346333 0.0872502   1.58931
0.949725 0.159839 0.105783  1.70792
 0.945214  0.201196 0.0529197   1.69891
 0.951604  0.170862 0.0592048   1.71016
0.883425  0.30957 0.175172  1.60318
0.885003  0.31346 0.151834  1.60459
0.898554 0.279133 0.168018  1.62411
0.886272 0.281078 0.217054  1.60884
0.887474 0.288751 0.196972  1.60994
0.889034 0.253749  0.24668  1.61395
0.889266 0.260603 0.232945   1.6131
0.930062 0.142983  0.22844  1.67326
0.893094 0.224551 0.267926  1.62073
0.892623 0.231424 0.257546  1.61859
0.898926 0.193706 0.282525  1.63055
0.897004 0.200875 0.274649   1.6254
0.910615 0.149861 0.289354  1.65207
0.928857 0.144735 0.227169  1.67016
 0.776642  0.235482 -0.414018   1.43606
 0.79134 0.213357 -0.43921  1.46744
 0.796124  0.218403 -0.434218    1.4763
0.796845 0.223428 -0.42828  1.47629
 0.799343  0.227035 -0.424837   1.48085
  0.78891  0.224416 -0.424768   1.45946
 0.794901  0.221232 -0.428949   1.47183
 0.767322  0.214953 -0.433814   1.42012
 0.788632  0.192549 -0.456716   1.46278
0.778828 0.189319 -0.45057  1.44197
 0.786631  0.194048 -0.458863    1.4604
0.952659 0.074919 0.132561  1.71115
 0.951356 0.0616753  0.160216   1.71087
 0.948213 0.0451755  0.157876   1.70205
 0.946645 0.0780502  0.166453   1.70093
 0.950043 0.0800665  0.155347   1.70785
0.927112 0.148619 0.227441  1.66683
0.942277 0.109912 0.169113  1.69316
 0.952334  0.138345 0.0970261   1.71119
 0.760932  0.154509 -0.462396   1.40649
 0.760564   0.15409 -0.461775   1.40535
  0.76028  0.153986 -0.461953   1.40485
 0.761113  0.154873 -0.464051    1.4077
 0.761283  0.154647 -0.464813    1.4084
 0.759979   0.15433 -0.462149   1.40426
 0.763223  0.162207 -0.465543   1.41418
 0.760553  0.154216 -0.462788   1.40589
 0.750495  0.140365 -0.468829   1.38824
 0.760778  0.154791 -0.464226    1.4071
 0.762045  0.150079 -0.459868   1.40729
 0.756225  0.137383 -0.466313   1.39798
 0.759162  0.154673 -0.462122   1.40296
 0.763257  0.150061 -0.464188    1.4116
 0.765118   0.14803 -0.469466   1.41729
 0.758547  0.148297 -0.462922   1.40155
 0.760238  0.137645 -0.466749   1.40587
 0.771209  0.139632 -0.454123   1.42194
 0.764404  0.138639 -0.465324   1.41388
 0.760816  0.149366 -0.460386   1.40489
 0.760693  0.155886 -0.462719   1.40617
 0.760496  0.155794 -0.462748   1.40578
0.760408 0.155701 -0.46217  1.40551
 0.760155  0.155347 -0.462623   1.40494
 0.762357  0.160894 -0.466747   1.41259
  0.75948  0.154573 -0.462102   1.40343
 0.759823  0.154426 -0.462187   1.40398
 0.760795    0.1544 -0.465052   1.40748
 0.761654   0.16067 -0.466919   1.41131
 0.759793  0.154122 -0.462055   1.40385
 0.760169  0.153988 -0.465922   1.40662
0.759872 0.153956 -0.46199    1.404
 0.759915  0.153973 -0.462496   1.40447
0.760112 0.153915 -0.46191  1.40444
 0.760621  0.154192 -0.461742   1.40545
 0.759401   0.15415 -0.462394   1.40341
 0.760653  0.154343 -0.462541   1.40597
 0.760183  0.153968 -0.462504   1.40498
 0.765102  0.164245 -0.444975   1.41015
 0.740838  0.160805 -0.472431   1.37484
 0.748911  0.152759 -0.481163   1.39237
 0.763534  0.163128 -0.455781    1.4115
 0.762684  0.162555 -0.463114    1.4125
 0.760667   0.15106 -0.461638   1.40536
 0.762143   0.16191 -0.466921   1.41263
 0.759681  0.154753 -0.462178   1.40384
0.759961 0.155283 -0.46246  1.40459
 0.760528  0.162937 -0.463903   1.40852
 0.760996  0.158391 -0.463712   1.40818
 0.760408  0.156197 -0.460849   1.40529
 0.760145  0.155561 -0.462434   1.40502
 0.760634  0.162006 -0.467459   1.40982
 0.760434  0.155558 -0.460292   1.40486
 0.760519  0.155743 -0.461866   1.40564
 0.76059 0.156015 -0.46288  1.40613
 0.759715  0.155916 -0.461327   1.40405
 0.760414  0.155812 -0.462882   1.40572
0.760125 0.155641  -0.4622  1.40493
 0.950502  0.170262 0.0825967   1.70914
  0.89923  0.319509 0.0847758   1.63026
 0.896836  0.328432 0.0304788   1.62511
0.894757 0.300422 0.115074  1.61539
  0.956057   0.163834 0.00472486    1.71741
 0.889199  0.316639 0.0526724   1.60384
  0.957281    0.16684 -0.0247103    1.72052
  0.951201   0.191105 -0.0129026     1.7109
  0.952432   0.193677 -0.0486207    1.71556
 0.947033  0.199384 0.0164458   1.70229
 0.949578  0.180261 -0.095861   1.71051
  0.93879  0.193197 -0.132435   1.69218
  0.88053  0.340255 -0.139938   1.60861
  0.930908   0.250495 -0.0876236    1.68239
 0.868073  0.321685 -0.207042   1.58598
  0.941109   0.223442 -0.0490454    1.69577
  0.90484  0.236879 -0.217217   1.64149
 0.881924  0.254766 -0.262315   1.60737
 0.832636  0.312147 -0.263722   1.51995
 0.885731  0.278663 -0.202231   1.60713
 0.802389  0.291309 -0.322018    1.4677
 0.850836  0.302161 -0.253438   1.55395
 0.823624  0.247152 -0.377804   1.51534
  0.80419  0.243968 -0.400513   1.48523
 0.826089  0.296178 -0.308178   1.51693
 0.834793  0.268008 -0.348305   1.53857
0.914189 0.117205 0.207164  1.63871
 0.907398 0.0908434  0.232139   1.62251
0.916364 0.143403 0.264847  1.64741
0.921224 0.139497 0.235441  1.65361
 0.92422 0.148006 0.238219  1.65843
0.927581 0.185007 0.240082  1.67472
0.929121 0.155774 0.250286  1.67575
0.916668 0.138924 0.246807  1.64482
0.923797 0.175268 0.246463  1.66695
0.928042  0.15046 0.235746  1.66802
0.907193  0.22963 0.250052  1.64656
0.924853 0.151822 0.238707  1.65988
0.929984 0.138235 0.219215  1.67292
0.931684 0.171946 0.232383  1.67909
0.904316 0.252407 0.227671  1.64109
0.926188 0.152415 0.236647  1.66377
0.932168 0.129251 0.208545  1.67713
0.936193 0.117346 0.194679  1.68392
0.939276 0.116331 0.190828  1.69063
0.928324 0.147978 0.227048  1.66967
0.939751 0.168048 0.206349   1.6971
0.938525 0.167689 0.209431    1.692
0.934455 0.158023 0.210527  1.68694
0.936238 0.173453 0.215361  1.68876
0.931062 0.158018 0.243224  1.67899
0.931462 0.172563 0.231477  1.67902
0.928468 0.177314 0.232725  1.67628
0.922702 0.149283 0.239362  1.65518
0.919412 0.142585 0.238034  1.64933
0.926101 0.151176 0.233299  1.66408
0.923237   0.1538 0.241175  1.65683
0.918809 0.167608 0.262563  1.65642
0.923449 0.151101 0.240811  1.65684
0.916376 0.163264 0.268601  1.64917
0.911721  0.10512 0.220449  1.63357
0.923175 0.166799 0.247307  1.66396
0.910548 0.112081 0.210675   1.6286
0.916036 0.144143 0.252631  1.64456
0.914551 0.146312  0.27292  1.65239
0.906337 0.172408 0.285807  1.64345
0.919956 0.142479 0.271488   1.6641
0.914895 0.160837  0.27557  1.65512
0.925578 0.148796 0.257389  1.67042
0.927243 0.150893 0.232587  1.66676
0.929944 0.156624 0.248168  1.67729
0.933293 0.175553 0.228215  1.68413
0.930881 0.156043 0.237896  1.67909
0.936779 0.172708 0.223177  1.68941
0.930288 0.152175 0.225076  1.67893
0.928897 0.147636 0.210914  1.67789
0.938493 0.167766 0.219189  1.69014
0.929195 0.163516 0.248076  1.67679
0.929435 0.149272 0.207072  1.67901
0.930475 0.153179 0.204043  1.68263
 0.94023 0.165069 0.214679  1.69251
0.929328 0.154377 0.212638     1.68
0.939343 0.169083 0.215481  1.69181
0.937853 0.167583 0.220016  1.68872
 0.754308  0.139927 -0.467352   1.39514
 0.761179  0.148844 -0.467473   1.40877
  0.76101  0.145383 -0.472762   1.41046
 0.749808  0.143896 -0.470255   1.38834
 0.759967  0.162181 -0.465935   1.40823
 0.746447  0.149375 -0.472786   1.38391
 0.760601  0.150575 -0.461895   1.40542
0.743198 0.154461 -0.47304  1.37857
 0.739366  0.156931 -0.472143   1.37082
 0.761623  0.186237 -0.471588   1.41762
 0.737078  0.163976 -0.470706   1.36691
0.748444 0.187209 -0.46797   1.3916
  0.74719  0.161267 -0.482233   1.39119
 0.736433  0.172148 -0.467656   1.36566
 0.747582  0.174653 -0.478613    1.3927
 0.737549  0.181479 -0.462087   1.36695
 0.750534   0.18245 -0.473835   1.39765
  0.74058  0.192371 -0.453747   1.37105
 0.748667    0.1981 -0.451368   1.38776
 0.748907  0.205592 -0.442697   1.38512
 0.783088  0.268677 -0.365053   1.43681
 0.814864  0.259095 -0.378523    1.5048
 0.861732  0.322376 -0.169114   1.56367
 0.910839  0.258806 -0.161264   1.64981
  0.883435   0.337497 -0.0854333    1.60501
 0.925892  0.237379 -0.122442    1.6715
  0.897222   0.318978 -0.0831134    1.62871
   0.88856   0.325561 -0.0174598    1.60602
0.913942 0.300508 0.055415   1.6541
 0.948422  0.201623 0.0476751    1.7068
0.942513  0.13493 0.158668  1.69354
0.926271  0.27304 0.048001  1.67337
0.937561 0.176741 0.169341   1.6874
0.905911 0.281576 0.159806  1.64019
0.917137 0.245663 0.200549   1.6604
0.915675 0.253013 0.176927  1.65462
0.921864 0.268392 0.112967  1.66498
0.898489 0.258162 0.210429  1.62545
0.929468 0.143658 0.218974  1.67282
0.942766 0.190774 0.139674  1.69824
 0.91139 0.168915 0.271459  1.64716
0.918788 0.190793 0.258875  1.66205
0.904728 0.211374 0.259653  1.63846
0.909121 0.188739 0.271636  1.64662
 0.788308  0.213719 -0.440517   1.46237
 0.775025  0.210138 -0.435345   1.43177
  0.78003   0.21915 -0.432525   1.44333
 0.764861  0.198323 -0.454511   1.42114
 0.769202  0.194551 -0.465282   1.43123
 0.771667   0.18084 -0.457233   1.43011
0.948202 0.108973  0.13633  1.70313
0.946891 0.104635 0.169187  1.70398
0.931527 0.139066 0.208378  1.67718
0.950427 0.111056 0.129012  1.70701
0.928819  0.14791 0.210004  1.67257
 0.947789  0.161224 0.0947257   1.70187
0.928777  0.25301 0.108724  1.67625
 0.760734   0.15456 -0.464983   1.40737
 0.759591  0.154062 -0.462583   1.40387
  0.76079  0.154105 -0.465639   1.40777
  0.75954  0.154411 -0.462128   1.40354
 0.760686  0.152496 -0.463972    1.4067
 0.756048  0.152256 -0.480643   1.40528
 0.755721  0.147422 -0.478108   1.40349
 0.760106  0.158123 -0.464004   1.40644
 0.759605  0.151812 -0.464445   1.40476
 0.760604  0.148747 -0.461268   1.40491
0.761641 0.149664 -0.46478   1.4085
 0.762372      0.15 -0.472708   1.41352
 0.761528  0.148986 -0.476394   1.41352
 0.765091  0.146375 -0.471391   1.41831
 0.760491  0.143813 -0.474537   1.41073
0.759532 0.150276 -0.46236   1.4034
 0.75965 0.154847 -0.46219  1.40381
  0.75997  0.157838 -0.463812   1.40609
 0.760504  0.160452 -0.467317    1.4091
 0.759018   0.16105 -0.468755   1.40701
 0.759349  0.154309 -0.462205   1.40322
  0.76031  0.154549 -0.465187   1.40661
 0.760116  0.153989 -0.463597    1.4054
 0.760244   0.16149 -0.468339   1.40942
 0.757558  0.159743 -0.469078   1.40431
 0.759654  0.153995 -0.462366   1.40389
   0.7599  0.154032 -0.462604   1.40447
 0.758912  0.154625 -0.463247   1.40301
 0.746318  0.167399 -0.481226   1.39011
 0.760112  0.164687 -0.446878   1.40077
 0.744077  0.163741 -0.481166   1.38475
 0.759535  0.162544 -0.460243   1.40532
0.759836 0.152137 -0.46436  1.40508
 0.753395    0.1528 -0.481573   1.40049
 0.759337  0.154826 -0.461709   1.40306
 0.756073  0.160846 -0.455913   1.39625
 0.758354  0.151476 -0.464798   1.40253
 0.760251  0.160065 -0.467267    1.4086
 0.759557  0.154999 -0.461634   1.40351
 0.758959  0.155235 -0.462566   1.40299
 0.759793   0.15614 -0.461023   1.40409
  0.75991  0.155397 -0.462449    1.4045
  0.75927   0.15707 -0.463665   1.40448
  0.75985  0.155484 -0.460917   1.40392
0.945009 0.200994 0.108601  1.70213
 0.946734  0.203394 0.0762274   1.70436
    0.94344    0.230408 -0.00917274      1.7016
 0.910196  0.290256 0.0726168   1.64298
   0.949293    0.208232 -0.00567089     1.71007
  0.938037   0.230984 -0.0484823    1.69066
  0.948278   0.204299 -0.0486181    1.70885
  0.939043   0.211755 -0.0879963    1.69166
  0.929117   0.249538 -0.0741895    1.67691
  0.937586   0.234186 -0.0136958    1.68853
 0.911446  0.296893 -0.124677   1.65805
  0.926697   0.272303 -0.0455247    1.67544
 0.918208  0.274394 -0.123373   1.66508
0.896789 0.299025 -0.16705  1.63144
0.920745 0.147672 0.243118   1.6517
0.920011 0.159726 0.253569  1.65676
0.929402 0.176258 0.234736  1.67743
0.917843 0.153941 0.254466  1.65037
0.925061 0.152193 0.238084  1.66109
0.927511 0.163139 0.252397  1.67391
0.926704 0.152157 0.227383  1.66674
0.929719 0.155415 0.224982  1.67898
 0.92806 0.144502 0.219513  1.66953
0.924896 0.153751 0.234549  1.66185
0.916451 0.229843 0.227005  1.65949
0.924891 0.154872  0.23833  1.66107
0.932614 0.135595 0.198761  1.67837
0.917837 0.180427 0.260823  1.65812
0.912706 0.233582 0.213174  1.64914
0.926299 0.149536  0.22108  1.66676
 0.93505 0.171499 0.225672   1.6846
0.927921 0.151026 0.215372  1.67656
0.930314 0.160361 0.237802  1.67899
0.930175 0.168525 0.235276  1.67516
0.927304   0.1712 0.238876  1.67191
0.920387 0.151584 0.243675  1.65182
 0.92519 0.173591 0.242806  1.66898
0.921049 0.165534 0.250732  1.65929
0.919195 0.149704 0.247428  1.65023
0.928146 0.158123 0.227554  1.67644
0.918099 0.152257 0.254319    1.651
0.923971 0.154315 0.239996  1.65892
0.920514 0.160471 0.265364   1.6634
0.921423  0.17651 0.263254   1.6663
0.925707 0.164276 0.257759  1.67174
0.925821 0.153938 0.233345  1.66402
0.925894 0.153908 0.220991  1.66696
0.929248 0.160125 0.240629  1.67673
0.933983 0.170886 0.226133  1.68342
0.924657 0.172465 0.253486  1.66945
0.933094 0.164326 0.220602  1.68256
0.925651 0.152461 0.216419  1.66734
0.928771  0.15247 0.211546  1.67835
0.934533 0.166478 0.218855  1.68542
0.928737 0.156349 0.213403   1.6785
0.930133 0.156152 0.209325  1.68154
 0.756386  0.144107 -0.475668   1.40299
0.758258 0.148896 -0.47063  1.40442
 0.752151  0.147828 -0.479268   1.39698
 0.752016  0.151586 -0.480873   1.39827
 0.759285  0.148692 -0.461808   1.40246
 0.749304  0.156009 -0.482095   1.39432
 0.746046  0.157872 -0.481759   1.38788
  0.75611  0.172254 -0.463885   1.40056
0.743531  0.17056 -0.47923  1.38393
  0.75823   0.15013 -0.463163   1.40127
 0.745162  0.178717 -0.475358   1.38668
 0.756073   0.16246 -0.452761   1.39496
 0.762433  0.177944 -0.460668   1.41208
 0.757213  0.169373 -0.464832   1.40337
 0.760587  0.190316 -0.468442   1.41412
0.754541 0.169291  -0.4669  1.39877
 0.911261  0.299465 -0.085745   1.65262
  0.901395   0.320615 -0.0306966    1.63364
  0.91779  0.294814 -0.081588   1.66545
 0.908518  0.296907 0.0212552   1.63936
0.926756 0.269996 0.083966  1.67521
 0.930602  0.276635 0.0375032   1.68418
 0.917881   0.29049 0.0896948   1.66233
 0.91644 0.278922 0.116163  1.65746
0.940356 0.137004 0.173358  1.69213
0.914091 0.261984 0.145683  1.64876
0.911063 0.250874 0.182253  1.64418
0.937074 0.133278 0.184333  1.68555
0.913829 0.216043 0.236271  1.65194
0.926945  0.24901 0.135113   1.6731
0.909489 0.205707 0.267162   1.6499
0.913923 0.185211 0.270694  1.65597
0.927467  0.14963 0.219427  1.66933
0.932639 0.149412 0.194982  1.67894
 0.761921   0.17524 -0.461698   1.41203
 0.754556  0.181412 -0.474385   1.40355
 0.769604  0.198667 -0.460499   1.43008
 0.755552  0.191086 -0.465595   1.40583
0.935117 0.135747 0.194592  1.68363
0.946387 0.145471  0.13687  1.70168
0.945477 0.146775 0.125023  1.69729
0.926908 0.154015 0.211311  1.67032
 0.942465  0.199736 0.0845697    1.6936
0.934585 0.241838 0.107447  1.68605
0.922931  0.23824 0.168779  1.66541
0.931496 0.168189 0.196583  1.67727
 0.760281  0.154136 -0.462936   1.40541
 0.759976  0.154087 -0.463715   1.40521
 0.760177  0.154359 -0.465982   1.40673
 0.759127  0.154468 -0.463731   1.40362
0.759482  0.15422 -0.46372   1.4043
 0.760073  0.153684 -0.466624   1.40681
  0.75833  0.161854 -0.466504   1.40508
 0.759212  0.154308 -0.463285    1.4036
  0.75946  0.153719 -0.466896   1.40571
 0.759145  0.149903 -0.462772    1.4029
 0.759291  0.149635 -0.477108   1.40947
 0.749133  0.161308 -0.481967   1.39364
 0.753401  0.155404 -0.482267   1.40141
 0.759552  0.149399 -0.468077   1.40586
 0.759211  0.154997 -0.461984   1.40305
 0.759282  0.159023 -0.467329   1.40654
 0.758956  0.154827 -0.462573   1.40281
 0.759279  0.159496 -0.467583   1.40664
 0.759065  0.154453 -0.462697   1.40304
 0.759749  0.154549 -0.466157   1.40599
  0.75945   0.15412 -0.463935   1.40425
  0.75872  0.155146 -0.463725   1.40304
 0.759477   0.15419 -0.465422   1.40507
  0.75912  0.153595 -0.467306   1.40529
 0.751764  0.159243 -0.482663   1.39904
0.750771 0.164142 -0.48195  1.39756
 0.748566   0.16665 -0.480662   1.39274
 0.757287  0.161108 -0.463398   1.40193
 0.758356  0.161084 -0.467884   1.40566
 0.752762  0.157482 -0.459823   1.39065
 0.753499  0.154967 -0.472734   1.39727
 0.759041  0.160498 -0.469182   1.40723
 0.758972  0.155707 -0.462331   1.40297
 0.757525  0.151574 -0.465155   1.40104
 0.759194  0.157299 -0.464066   1.40451
 0.759204  0.155353 -0.461795   1.40313
 0.759442  0.155117 -0.461405   1.40321
 0.759811  0.155337 -0.461351     1.404
 0.758784  0.156373 -0.464091   1.40358
 0.759161  0.155707 -0.461483   1.40294
 0.937789  0.239993 0.0793632   1.69148
 0.940739  0.245999 0.0687701   1.69962
 0.937559  0.241592 0.0276048   1.68971
 0.943903   0.22995 0.0266577   1.70218
  0.911099   0.296727 -0.0336804    1.64689
  0.92582   0.27073 0.0038558   1.67097
0.917236 0.147192 0.247864  1.64691
 0.91945 0.153375 0.247254  1.65156
0.921928 0.152931 0.243161  1.65422
0.924095 0.162415 0.245606  1.66268
0.927129 0.166572 0.241146  1.66914
0.921885 0.159705 0.246547  1.65805
 0.92726 0.165652 0.241694  1.67341
0.921467 0.157137 0.247734  1.65635
0.924557 0.157949 0.239986  1.66089
0.925694  0.15213 0.228553  1.66446
0.927383 0.147276  0.21314  1.66964
0.925352 0.161974 0.228008  1.67051
 0.92938 0.146958 0.205042  1.67364
0.925133  0.15688 0.234433  1.66307
0.925313 0.158198 0.216023  1.66838
0.925615 0.155593 0.228434  1.66516
0.932997 0.159373 0.214617  1.68454
0.934455 0.161712 0.211462   1.6869
0.932548 0.167833 0.228627  1.67998
0.926676 0.153583 0.218685  1.67411
0.927176 0.158504  0.22894  1.67408
0.924957 0.156864  0.22264  1.66597
0.928496 0.170536 0.238074  1.67296
0.922836 0.157548 0.243395  1.65739
0.929881 0.167886 0.233345  1.67516
0.925066  0.16618 0.243148  1.66565
0.922574 0.157498 0.243265  1.65708
  0.9285 0.165021 0.235537  1.67198
0.920952 0.194862  0.23986  1.66216
0.915641 0.196764 0.251793  1.65431
0.922016 0.184221 0.248413  1.66445
0.926788 0.171193 0.251824  1.67368
0.928532 0.164802 0.240417  1.67633
0.931534 0.166978 0.227682  1.67954
0.930624 0.161392 0.223019  1.67893
0.925338 0.172021 0.239902  1.66989
0.927379 0.154262 0.216181  1.67568
0.928521 0.160104 0.219451  1.67659
0.927772 0.154958 0.216352  1.67634
0.932118 0.163714 0.221307  1.68216
 0.756866  0.149308 -0.479529   1.40579
  0.75662  0.149081 -0.464252   1.39849
 0.758699  0.151756 -0.464841    1.4031
 0.757723  0.149944 -0.463439   1.40047
 0.750868  0.156639 -0.482372   1.39652
 0.754408  0.159028 -0.459334   1.39414
 0.754756  0.166815 -0.468473    1.3999
 0.756878  0.151541 -0.464511   1.39962
 0.752127  0.164786 -0.469456    1.3945
 0.753061   0.15806 -0.471843   1.39663
 0.751443  0.169637 -0.480125   1.39892
 0.750071  0.172882 -0.477804   1.39531
  0.915789   0.300855 0.00739233    1.65761
   0.93332   0.278229 -0.0170557    1.69177
0.922113 0.258814 0.139198  1.66575
0.937137  0.23049 0.132124  1.69128
0.922282 0.229745 0.191934  1.66565
0.936443  0.15496 0.182487  1.68496
0.926619 0.169933 0.241069  1.67316
 0.91631 0.213225  0.24119  1.65698
0.923506 0.209112 0.227637  1.66912
0.917712 0.201752 0.250127  1.65985
0.925972  0.22293 0.188176  1.67076
 0.92218  0.21371 0.212517  1.66404
0.931259 0.148683 0.199075  1.67717
0.934575 0.217576 0.171167  1.68742
0.929062 0.159475 0.206415  1.67406
0.935187 0.152512 0.185163  1.68366
0.939418 0.241816  0.10149  1.69739
 0.930452  0.263837 0.0831359   1.68122
 0.94079 0.191768 0.122046  1.69127
0.933844 0.235378 0.131286  1.68512
 0.759613   0.15444 -0.467541    1.4064
0.758603 0.155067 -0.46568  1.40361
  0.75852  0.155551 -0.464678   1.40312
 0.759134  0.154748 -0.465635   1.40462
 0.755242   0.15239 -0.472478   1.40007
 0.758949  0.154358 -0.465558   1.40409
0.757741 0.149115 -0.46332  1.40027
 0.758445  0.155979 -0.466872   1.40411
0.755526 0.150767  -0.4722  1.40006
 0.758104  0.153731 -0.468095    1.4038
0.758721 0.155723 -0.46346    1.403
 0.758425  0.159422 -0.469545   1.40596
 0.758714  0.154777 -0.468199     1.405
 0.758508  0.158517 -0.467532   1.40494
 0.753482  0.152943 -0.465029    1.3934
 0.758727  0.154948 -0.464874   1.40355
 0.759109  0.154786 -0.467744   1.40555
0.758512  0.15527 -0.46766  1.40443
 0.752859  0.175167 -0.477129   1.40101
 0.755984  0.178977 -0.473548   1.40608
 0.751045  0.160415 -0.470809   1.39232
 0.754269  0.160519 -0.456627   1.39278
 0.755777  0.160436 -0.463897   1.39892
 0.756175  0.159466 -0.465693   1.40037
 0.757202  0.160405 -0.468262   1.40333
 0.757461  0.158164 -0.469763   1.40407
 0.758123  0.159818 -0.469476   1.40535
 0.758629   0.15705 -0.465148   1.40385
 0.756852  0.158801 -0.469305   1.40277
 0.758757  0.157705 -0.467997   1.40557
  0.920692   0.293281 -0.0432472    1.66846
  0.931842    0.26168 -0.0469263    1.68449
 0.92413 0.157453 0.241024  1.65992
0.926538 0.163219 0.240128    1.667
0.925127  0.16247 0.241554   1.6636
0.924623 0.156527 0.235496  1.66179
0.927625 0.166149 0.237978   1.6697
0.924965 0.155236 0.229739  1.66368
0.926079 0.157902 0.222489  1.67151
0.925076 0.153404 0.222818  1.66522
 0.92169 0.203462 0.231486   1.6643
0.924985 0.157848 0.230628  1.66453
0.926663 0.153515 0.213231  1.66928
0.925924 0.189789 0.223623  1.67074
0.929954 0.164483 0.229722  1.67607
0.926018 0.155601 0.219168  1.67283
0.925022 0.159071 0.236056  1.66321
0.927216  0.15828 0.221681  1.67417
0.924336 0.160249 0.242924  1.66145
0.924438 0.157898 0.221257  1.66873
0.924935 0.160639 0.240717  1.66241
0.926501  0.16264 0.235151  1.66701
0.924434 0.180558 0.252255  1.67037
0.924638 0.155949 0.219254  1.66642
0.924523 0.156257  0.22416  1.66504
0.924149 0.180524 0.234915  1.66731
0.926268 0.160338 0.228791  1.67299
0.927546 0.161322 0.227705  1.67221
0.925038 0.156006 0.219783  1.67057
0.928683 0.163854 0.225944  1.67479
 0.756532  0.150285 -0.464485   1.39876
 0.757388  0.150518 -0.471175   1.40328
0.753161 0.153276 -0.47278  1.39612
 0.753787  0.156325 -0.461947    1.3935
 0.754954  0.152086 -0.464886    1.3962
 0.751662  0.156358 -0.472469   1.39358
 0.752994   0.16251 -0.470153   1.39653
0.753088 0.156053 -0.46428  1.39287
0.928096 0.240762 0.163597  1.67758
0.932213 0.217235 0.151045  1.67864
0.925735 0.212114 0.209719  1.67175
0.933438  0.17359 0.183784  1.68052
0.923086 0.190549 0.246422  1.66796
0.926156 0.177857 0.212989  1.66902
0.927596 0.167657  0.20704  1.67182
0.922902 0.200368 0.236853  1.66739
0.928145 0.156233 0.205418  1.67232
0.928054 0.193303 0.210947    1.674
0.930567  0.16355 0.195785  1.67613
0.927679 0.197347 0.196795  1.67103
0.939265 0.162716 0.159141  1.68918
0.932076 0.208927 0.181539  1.68117
0.932097 0.177171 0.183986  1.67676
 0.93887 0.178399 0.153851  1.68825
 0.758429  0.153905 -0.467584   1.40409
 0.755929  0.157629 -0.467252   1.40014
  0.75497  0.150922 -0.464766   1.39581
 0.758122  0.155263 -0.469496   1.40461
 0.757641  0.154082 -0.468286   1.40302
0.756688 0.150561 -0.46379  1.39864
0.758616 0.156288 -0.46553   1.4039
0.758307 0.156726  -0.4666  1.40381
 0.758159  0.155986 -0.467568   1.40379
 0.758305  0.157898 -0.468881    1.4051
 0.758363  0.155264 -0.468334   1.40445
 0.757639  0.156881 -0.469943   1.40427
 0.755122  0.158443 -0.466037   1.39816
 0.755305  0.152211 -0.464259   1.39658
 0.757988  0.158343 -0.469803   1.40498
  0.75308  0.155258 -0.462325   1.39203
 0.758301  0.157278 -0.469172   1.40514
 0.756215   0.15529 -0.467871   1.40042
0.925283 0.159375 0.235187  1.66395
0.924686 0.158401 0.224452  1.66623
0.925825 0.160395 0.230474  1.66714
0.925246 0.158315 0.229514  1.66517
0.925202 0.157121 0.216505  1.66741
0.924461 0.158297 0.221612  1.66863
0.925642 0.177715 0.238313  1.67142
0.924408 0.158089 0.221501  1.66698
0.925157 0.157741 0.220952  1.67032
0.927484 0.158522 0.220923  1.67413
0.927868 0.164522 0.231517  1.67145
0.926485  0.16201 0.229822  1.66917
 0.92687 0.162254 0.233169  1.66922
0.926095   0.1624 0.235658  1.66632
0.924329  0.16329 0.220439    1.668
0.924095 0.188196 0.225702  1.66633
0.924822 0.167763 0.227355  1.66876
0.925287 0.163376 0.228013  1.67071
 0.754793  0.153865 -0.463729   1.39574
    0.757  0.154215 -0.468157   1.40184
0.926823 0.164315 0.215377  1.67136
0.935405 0.180905  0.17021  1.68273
0.928879 0.179096 0.197844  1.67276
0.925717 0.193291 0.213333  1.66858
0.924529 0.160588 0.219879  1.66785
0.926116 0.160088 0.211637  1.66959
0.928012 0.174024 0.212003  1.67285
0.924415 0.171014 0.222726  1.66783
0.931408 0.205827 0.182667  1.67915
0.931509  0.19901 0.193359  1.67993
0.756276 0.156115 -0.46793  1.40076
 0.758149  0.156125 -0.469269   1.40465
 0.757802  0.156721 -0.469172   1.40399
 0.756271   0.15189 -0.464759   1.39858
 0.755338  0.153429 -0.464441   1.39701
 0.755487  0.156678 -0.467371   1.39909
 0.757049  0.157335 -0.469838   1.40308
 0.756881  0.154923 -0.468235   1.40179
0.925749 0.160563 0.230173  1.66708
0.924488 0.159194 0.219236  1.66691
0.925274 0.159663  0.22334  1.66883
0.924673 0.158784 0.223849  1.66631
0.924855 0.173358 0.223461  1.66762
0.924563 0.159416 0.221186  1.66764
0.924429 0.166331 0.226094  1.66871
0.924356 0.161049 0.222826  1.66821
0.925164 0.185015 0.232635  1.67012
0.926144 0.168657 0.215836  1.67033
0.926938 0.160939 0.225369  1.67192
0.925928  0.15955 0.226378  1.66956
 0.92477 0.159256 0.223906  1.66774
0.923954 0.159857 0.221091  1.66763
  0.75452  0.154413 -0.463918   1.39541
0.754185 0.154595 -0.46489  1.39523
0.924803 0.162564 0.216505  1.66808
0.924791  0.16742 0.226769  1.66901
 0.92548 0.166339 0.220805  1.66966
0.926056 0.174702 0.221854  1.67057
 0.757907  0.155888 -0.469518    1.4043
 0.757435  0.156068 -0.469963   1.40368
