0.872801 0.338451 0.156433   1.5875
0.876934 0.323077 0.179125  1.59531
 0.86419 0.339935 0.170316  1.57206
0.867494 0.330196 0.181519  1.57823
  0.8588  0.34073 0.184607  1.56467
 0.86301  0.33272 0.177551  1.56813
0.871316  0.32669  0.17704  1.58343
0.870874 0.329792   0.1655  1.58147
 0.76087 0.154883 -0.46156  1.40594
 0.761054  0.154726 -0.461663   1.40636
 0.793632  0.134038 -0.409432   1.44782
 0.787882  0.134717 -0.416686   1.43897
 0.791205  0.137706 -0.416079   1.44642
 0.788611  0.120541 -0.416026   1.43808
 0.783856  0.125469 -0.424356   1.43279
 0.787439  0.125139 -0.421831   1.43919
0.800539 0.122987 -0.39579  1.45458
 0.795884  0.114775 -0.402588   1.44638
 0.808666  0.103582 -0.376625   1.46133
 0.801613  0.117936 -0.399917   1.45821
 0.789302   0.12952 -0.420389   1.44321
0.792734 0.122168  -0.4142  1.44641
 0.796455  0.130408 -0.410889    1.4542
 0.793126  0.125698 -0.411834   1.44659
  0.962809   0.111427 -0.0487476    1.72632
  0.962651   0.112738 -0.0428196    1.72604
 0.961784  0.115501 -0.045754   1.72437
  0.962262   0.111584 -0.0441721    1.72489
  0.962496   0.113846 -0.0370316    1.72584
  0.962297   0.114742 -0.0315929    1.72559
  0.961496   0.117437 -0.0345062    1.72402
  0.961973    0.11331 -0.0334178    1.72452
  0.960378   0.124554 -0.0427921     1.7222
   0.96077   0.124009 -0.0370457    1.72299
  0.962134   0.112353 -0.0388322     1.7247
 0.961358  0.115639 -0.036592   1.72337
  0.961551   0.115684 -0.0408914    1.72374
   0.96175   0.116164 -0.0399704    1.72434
0.938439 0.156174 0.225523  1.69245
0.763054 0.154349 -0.46243  1.41129
 0.761016  0.153991 -0.461856   1.40619
 0.761588  0.155422 -0.463666   1.40873
 0.761962  0.155709 -0.464736   1.41008
 0.762249  0.155525 -0.465051   1.41081
 0.762631  0.155162 -0.464407   1.41133
 0.766216  0.157362 -0.464415   1.41894
0.764305 0.154355 -0.46099  1.41317
 0.763741  0.153521 -0.460315   1.41168
 0.765138  0.153888 -0.461302   1.41494
 0.768059  0.155886 -0.465447   1.42276
 0.770276  0.153177 -0.460948   1.42507
 0.782578  0.141698 -0.429648   1.43511
 0.778305  0.142637 -0.438574   1.43038
0.781244 0.145424 -0.43823  1.43701
 0.76091 0.155036 -0.46145  1.40598
 0.760968  0.155252 -0.461741   1.40633
 0.761909  0.155879 -0.464373   1.40986
 0.760814  0.155442 -0.461908   1.40609
 0.760815  0.155402 -0.462127   1.40616
0.760831   0.1552 -0.46231  1.40621
 0.760747  0.155069 -0.462421   1.40605
  0.76259  0.154593 -0.462707   1.41044
 0.760773  0.154661 -0.462439   1.40602
 0.762271  0.155361 -0.464405   1.41058
 0.761046  0.154568 -0.461699   1.40634
 0.760984  0.153826 -0.461994   1.40613
 0.760929  0.154461 -0.461586   1.40595
 0.803045  0.225226 -0.423965   1.48641
 0.801902  0.220467 -0.427974   1.48511
 0.807273   0.22099 -0.426014   1.49336
 0.804405  0.222148 -0.426941   1.49004
 0.799919   0.21536 -0.432784   1.48194
 0.796256  0.210121 -0.440159   1.47696
  0.80384  0.208276 -0.436836   1.48849
 0.800752  0.210966 -0.438128   1.48541
 0.812549  0.215906 -0.425335   1.50136
 0.812217  0.206653 -0.430694   1.50112
 0.822943  0.206804 -0.415094   1.51501
  0.81591   0.21074 -0.429238   1.50934
 0.802926  0.217122 -0.431492   1.48823
 0.808203  0.210117 -0.434949   1.49729
 0.809026  0.217684 -0.428993    1.4978
   0.8065  0.214955 -0.429955   1.49223
 0.729963  0.160075 -0.459254   1.34726
 0.730902  0.158624 -0.459138   1.34877
 0.727946  0.160131 -0.456171   1.34094
 0.725557  0.161151 -0.454697   1.33477
 0.726196   0.15872 -0.455203   1.33584
 0.727251  0.159734 -0.455353   1.33834
 0.729114  0.155651 -0.457175   1.34289
 0.726801  0.156409 -0.455542   1.33676
  0.72757  0.154116 -0.455808   1.33798
 0.728486  0.155116 -0.456039   1.34024
 0.729074  0.159161 -0.456582   1.34327
0.727775 0.157437 -0.45576  1.33913
 0.729525  0.156823 -0.457241   1.34408
 0.728357  0.157787 -0.456596   1.34147
 0.784287  0.147467 -0.429027   1.43962
 0.778861  0.153049 -0.437592   1.43321
 0.780797  0.152587 -0.427178     1.432
 0.954282  0.123111 0.0517399   1.71527
 0.953745  0.131922 0.0566683   1.71444
 0.954405  0.131438 0.0504175   1.71519
 0.954126  0.132529 0.0546767   1.71541
 0.953999  0.138571 0.0453379   1.71296
  0.95308  0.143551 0.0532778   1.71276
 0.952889  0.144684 0.0614095   1.71293
 0.776228  0.153455 -0.442809   1.43006
 0.951167  0.153136 0.0753921   1.70856
 0.771651  0.156661 -0.454891    1.4262
   0.960783    0.118198 -0.00624951     1.72387
   0.960323    0.118931 -0.00116671     1.72328
   0.960003    0.120932 -0.00472767     1.72249
   0.960306    0.117382 -0.00444316     1.72282
  0.959864     0.1201 0.00428835     1.7228
 0.959396  0.121032 0.0098382   1.72233
  0.958929   0.124935 0.00572287    1.72122
  0.959311   0.119607 0.00541958    1.72163
   0.959069    0.124928 -0.00313164     1.72069
   0.958812     0.12388 -0.00123434     1.72006
     0.95981     0.118502 -9.50167e-05      1.72221
   0.958875     0.12303 -0.00072597     1.72058
   0.959673    0.120571 -0.00359812     1.72184
    0.959577     0.121684 -0.000208596      1.72193
  0.76847  0.158317 -0.465325   1.42403
 0.763126  0.153849 -0.460644   1.41056
 0.766776  0.158907 -0.465611   1.42082
 0.760763  0.155397 -0.462313   1.40612
 0.763154  0.154768 -0.460539   1.41074
 0.760804  0.155546 -0.462128   1.40618
 0.761655  0.155993 -0.464382   1.40929
 0.761155  0.155123 -0.462255   1.40704
0.950279 0.183073  0.20776  1.71085
 0.930932  0.152649 -0.230308   1.68102
 0.931381  0.159388 -0.221107   1.68196
 0.928492  0.163238 -0.230094   1.67827
 0.930203  0.154428 -0.227998    1.6799
 0.925215  0.189348 -0.233645   1.67913
 0.928069   0.16305 -0.223565   1.67678
 0.928686  0.165707 -0.222332   1.67851
 0.947096  0.148893 0.0795226   1.70607
 0.950613  0.153715 0.0759921   1.71202
0.949802 0.149631 0.079832  1.70917
  0.94892  0.149977 0.0800136   1.70798
 0.953057  0.148322 0.0787023   1.71476
 0.954145  0.143018 0.0785869   1.71595
 0.951522  0.152383 0.0804019   1.71125
0.950966  0.15213 0.080007  1.71063
 0.951796  0.152447 0.0771548   1.71242
 0.951509  0.126196 0.0704925   1.71174
 0.950489  0.126733 0.0756788   1.71004
 0.95155 0.135661 0.075718   1.7116
 0.950942  0.126616 0.0708661   1.71045
 0.948478  0.129239 0.0823054   1.70635
 0.945614  0.137277 0.0858667    1.7013
 0.949563  0.143765 0.0836452    1.7084
 0.948173  0.134978 0.0802196    1.7062
 0.951538  0.149035 0.0805256   1.71133
 0.951371   0.14883 0.0814209   1.71076
 0.949798  0.128295 0.0757023   1.70856
 0.950283   0.14316 0.0787145    1.7094
 0.951195   0.13805 0.0752167   1.71064
 0.950598  0.138154 0.0805081   1.71003
 0.953025  0.143578 0.0652465   1.71329
0.953157 0.142271 0.066956  1.71345
 0.953632  0.132237 0.0593149    1.7147
 0.954089  0.123945 0.0559153   1.71544
 0.953347    0.1247 0.0598947   1.71429
 0.953588  0.124138 0.0562936   1.71434
 0.952825  0.133574 0.0670923   1.71365
   0.9528  0.125543 0.0634019   1.71361
 0.952186  0.125772 0.0663547   1.71273
0.952439 0.125719 0.063663  1.71283
 0.953355  0.132375 0.0599055   1.71397
 0.952948  0.125337 0.0598854   1.71347
 0.952845   0.13378 0.0625266   1.71317
 0.953218  0.132387 0.0628114   1.71408
 0.955248  0.137654 0.0429269   1.71609
 0.955204  0.136098 0.0447509    1.7158
 0.956135  0.128595 0.0381312   1.71809
 0.956873  0.122442 0.0351081   1.71941
 0.956288  0.122173 0.0400126   1.71857
 0.956315  0.121684 0.0363398   1.71817
 0.954956  0.131395 0.0493876   1.71654
 0.955681  0.122568 0.0455993   1.71779
 0.954905  0.123148 0.0510429   1.71667
 0.955025  0.122354 0.0464297   1.71631
 0.955796  0.128334 0.0390815   1.71728
 0.955686  0.121971 0.0407654   1.71725
 0.954952  0.130388 0.0423492   1.71581
 0.955675  0.128529 0.0427358   1.71741
0.954226 0.151437 0.049546  1.71428
  0.961727   0.106927 -0.0787256    1.72437
  0.960778   0.114249 -0.0730427    1.72267
  0.960072   0.113792 -0.0842993    1.72175
  0.960802    0.11359 -0.0828939    1.72337
   0.95934   0.127673 -0.0685264    1.72107
  0.957513   0.122921 -0.0930816    1.71787
  0.958199   0.122922 -0.0914136    1.71932
 0.959333  0.129265 -0.078468   1.72187
 0.731711  0.273228 -0.393671   1.34532
 0.730055  0.265055 -0.400074   1.34245
0.739206 0.263784 -0.39297  1.35753
 0.735838  0.268737 -0.398662   1.35493
 0.728889  0.257004 -0.405895   1.34044
 0.728097  0.249283 -0.411057   1.33907
 0.736504  0.248731 -0.404501   1.35313
0.733233 0.252649 -0.41001   1.3502
 0.744763  0.258777 -0.397026   1.37071
0.745857 0.253092 -0.39883  1.37206
 0.734412  0.260559 -0.404668   1.35238
  0.74003  0.252585 -0.402776   1.36083
 0.742131  0.260054 -0.397173   1.36457
  0.73747  0.255942 -0.399424   1.35465
 0.942871  0.148696 -0.175765   1.69872
0.945363 0.151413 -0.16744  1.70378
 0.945118  0.134607 -0.180222   1.70169
 0.945944  0.128815 -0.187785   1.70379
0.948589 0.125712 -0.17822   1.7079
 0.945886  0.131723 -0.180088   1.70252
 0.950044  0.130136 -0.159644   1.70931
0.951412 0.122242 -0.16743   1.7123
 0.953684  0.117775 -0.155767   1.71517
 0.951125  0.125306 -0.157355    1.7102
 0.945811  0.139335 -0.171509   1.70247
 0.948427  0.128561 -0.169209   1.70618
 0.948462  0.136661 -0.159846   1.70645
 0.947524  0.133027 -0.171082   1.70557
 0.754641   0.22832 -0.427856    1.3989
 0.725317  0.185106 -0.447215   1.33558
 0.727341  0.182855 -0.447671    1.3401
 0.728035   0.18616 -0.445788   1.34119
  0.72616   0.18434 -0.446297   1.33715
 0.730209  0.182001 -0.451326   1.34848
 0.731944  0.188257 -0.447618   1.35141
 0.728965  0.186007 -0.448174   1.34494
 0.729034  0.184103 -0.448557   1.34482
 0.728633  0.169538 -0.456318   1.34506
 0.729395    0.1679 -0.456312   1.34622
 0.726532  0.170041 -0.452912   1.33841
 0.724057   0.17166 -0.451809   1.33243
 0.724331  0.168882 -0.452729   1.33289
 0.725721  0.170037 -0.452754   1.33604
 0.727051  0.164919 -0.454777   1.33937
 0.724678  0.166269 -0.453477   1.33343
 0.725019  0.163629 -0.454199   1.33395
 0.726294  0.164761 -0.454284   1.33689
 0.727698  0.168817 -0.453599   1.34092
 0.725946  0.167378 -0.453548   1.33635
 0.727763  0.166179 -0.454703   1.34112
 0.726619  0.167359 -0.453781   1.33844
 0.732689  0.151861 -0.460458   1.35161
 0.733772  0.150564 -0.460251   1.35343
 0.730751  0.151507 -0.457689   1.34563
  0.72846  0.152006 -0.455876   1.33937
  0.72938  0.149878 -0.456013   1.34087
 0.730151  0.150791 -0.456285   1.34284
 0.732465  0.147668 -0.457955   1.34843
 0.730313  0.147921 -0.455975   1.34233
 0.731349  0.146024 -0.455904     1.344
 0.731959  0.146857 -0.456222   1.34565
 0.731847  0.150772 -0.457861   1.34781
 0.730973   0.14881 -0.456305    1.3441
 0.732626  0.148726 -0.458136   1.34913
 0.731454  0.149491 -0.457725   1.34661
 0.775404  0.155146 -0.451971   1.43256
0.944732 0.152982 0.177715  1.70643
 0.931113 0.0971762 0.0886759   1.69609
0.939718 0.146151   0.1905  1.69989
0.936507 0.145448 0.196623  1.69586
 0.93665 0.142468 0.193788   1.6934
0.938445 0.151531 0.216031  1.69501
0.934235 0.153051 0.235589  1.68341
0.937418 0.156115 0.229684  1.68935
0.884138 0.241942 0.265289  1.60587
0.888144 0.227789 0.272571  1.61351
 0.87854 0.238668 0.272378  1.59656
0.880847 0.230501 0.276159  1.60107
0.874399 0.233806 0.278441  1.59059
0.877848 0.232881 0.274774  1.59449
0.883702 0.230979 0.273274  1.60472
0.882887 0.235016 0.268248  1.60241
0.936089 0.153328 0.231326  1.68658
 0.93377 0.135085 0.236993  1.68324
 0.93461 0.106082 0.221829  1.68324
   0.915454 -0.00878543    0.293755     1.66379
 0.924974 0.0217047  0.280708   1.67657
     0.9346 -0.00848455    0.255836     1.69344
  0.924531 0.00620004   0.262628     1.6709
 0.929576 0.0477698  0.269836    1.6829
 0.930915 0.0604711   0.25159   1.68053
 0.937229 0.0545831  0.246774   1.69455
 0.931875 0.0572771  0.250508   1.68266
 0.944217 0.0153451   0.22142    1.7056
 0.941288 0.0399983  0.223612   1.69815
 0.948544 0.0403441  0.200335   1.71125
 0.945355 0.0305937  0.202877   1.70363
 0.929585 0.0347906  0.254001   1.67836
 0.938167 0.0402979  0.226142   1.69113
 0.938369 0.0110808  0.225847   1.69226
 0.935903 0.0256307   0.24935   1.69215
 0.95103 0.185982 0.206897  1.71058
0.950838 0.183171 0.206752  1.71266
  0.9343 0.152918  0.20209  1.69099
0.944892 0.198132 0.231333  1.70108
0.940278 0.203979 0.240521  1.69325
0.931978 0.206743 0.251209  1.67859
0.925236 0.202138 0.257503  1.66249
0.937058 0.151909 0.216951  1.69131
0.908752 0.198023 0.270417  1.62986
 0.93505 0.141732 0.196984  1.68971
0.950711 0.157391 0.176348  1.71601
  0.877605  0.0236186 0.00551214    1.60704
0.947715 0.175408 0.168538  1.70286
0.929546 0.123934 0.242966  1.67625
0.937024  0.15353 0.229017  1.68797
0.930542 0.132294  0.24821   1.6787
0.931844 0.143195 0.244426     1.68
0.933093 0.150683 0.241141  1.68193
0.936072 0.199436 0.244005  1.68371
0.936284  0.15733 0.227337  1.68828
0.942378 0.194157 0.233433  1.69573
0.938603 0.159207 0.200777  1.69581
0.943432 0.171255 0.185889  1.70495
 0.783257  0.120971 -0.428525   1.43309
0.782216 0.114338 -0.42588  1.42845
  0.78771   0.11632 -0.420431   1.43778
 0.784844  0.116974 -0.422224   1.43259
 0.779787  0.107959 -0.426166   1.42234
0.774331 0.104495  -0.4276  1.41064
 0.781005  0.101169 -0.420161   1.42068
0.779623 0.104907 -0.42412  1.42026
 0.794093  0.109044 -0.409829   1.44521
 0.789684  0.097976 -0.409572   1.43379
 0.801162 0.0952658 -0.393134   1.45087
 0.796313  0.101967 -0.400423    1.4444
  0.78318  0.110706 -0.421843   1.42778
0.787034 0.102718 -0.41474   1.4312
 0.789568  0.111122 -0.412871   1.43712
0.786538  0.10703 -0.41877  1.43297
 0.776101  0.146417 -0.451487   1.43256
 0.766122  0.161259 -0.464544    1.4197
 0.751966  0.126099 -0.453945   1.38192
0.754187 0.124409 -0.45336  1.38594
  0.74939  0.124145 -0.452818   1.37547
0.746501 0.123647 -0.45086  1.36785
 0.748567  0.121544 -0.449783   1.37117
 0.748743  0.122662 -0.450617   1.37224
 0.753974  0.120312 -0.450136   1.38279
 0.750732  0.119468 -0.448384   1.37452
 0.753273  0.117252 -0.446555   1.37841
 0.753335  0.118627 -0.447772   1.37949
 0.750817  0.124004 -0.452215   1.37806
 0.750851  0.120681 -0.449381   1.37557
 0.753257  0.121945 -0.450917   1.38204
 0.751452  0.122171 -0.451464   1.37862
 0.770779  0.161116 -0.455304    1.4255
 0.736938  0.212975 -0.433685   1.36044
 0.741819  0.222465 -0.426089   1.36908
0.732084 0.215508 -0.42922  1.34786
 0.734389  0.220517 -0.425293   1.35174
 0.728767   0.22057 -0.429745   1.34209
 0.730581  0.217895 -0.426742    1.3439
 0.735919  0.219423 -0.428185   1.35697
 0.735159   0.21657 -0.429197   1.35514
 0.830403   0.22925 -0.403826   1.53081
 0.835096  0.227654 -0.398409   1.53801
 0.829185  0.231656 -0.399464   1.52889
0.830972 0.229293  -0.4004   1.5304
0.840097 0.226034 -0.39262  1.54583
0.845438 0.223848 -0.38626  1.55409
 0.838926  0.229119 -0.387854    1.5441
 0.840798  0.226116 -0.388593   1.54552
 0.828252  0.235694 -0.392861   1.52694
 0.832786  0.237697 -0.388574   1.53555
 0.835655  0.227748 -0.394815   1.53756
 0.836013  0.231823 -0.389096   1.53894
 0.830737  0.233084 -0.395583   1.53094
 0.833965  0.230211 -0.393969   1.53615
 0.744028  0.133782 -0.458587   1.36972
 0.741197    0.1374 -0.458792   1.36476
 0.742242  0.132576 -0.456173   1.36424
   0.7406    0.1346 -0.456423   1.36136
 0.740586  0.132108 -0.454256   1.35917
 0.740978  0.133163 -0.455988   1.36159
 0.741197  0.135785 -0.457911   1.36388
  0.74308  0.134189 -0.457632   1.36731
 0.846125  0.223999 -0.381871   1.55365
 0.847168   0.22906 -0.374767   1.55634
 0.840567  0.230887 -0.383309   1.54623
0.844352 0.227178  -0.3812   1.5523
 0.848183  0.237044 -0.366164   1.55946
 0.835025  0.238447 -0.382608   1.53819
 0.837938  0.234348 -0.381197   1.54208
 0.844313   0.23716 -0.375121   1.55441
 0.872227  0.231483 -0.332566   1.59881
 0.857581  0.233443 -0.353243   1.57452
 0.870747  0.219144 -0.341482   1.59284
 0.863378  0.222608 -0.352691   1.58181
 0.869104   0.21217 -0.350961   1.58892
0.867202 0.216338 -0.35014  1.58739
0.860705 0.227542 -0.35172  1.57863
 0.867444  0.231309 -0.344379   1.59209
 0.897496  0.186043 -0.310394    1.6326
 0.903243  0.181511 -0.300573   1.64169
   0.8977  0.190728 -0.300998   1.63231
 0.898793  0.187538 -0.303864   1.63369
 0.908841  0.175819 -0.289713   1.65009
 0.913548  0.169768 -0.279283   1.65663
 0.909154    0.1796 -0.278806   1.64967
 0.910034  0.177271 -0.282064   1.65074
 0.895298   0.20815 -0.297749   1.63231
 0.902029  0.209489 -0.288492    1.6455
 0.904597  0.182994 -0.292704   1.64255
0.907259  0.19032 -0.27984  1.64784
  0.89998  0.194959 -0.293077     1.636
 0.903303  0.187268 -0.291029   1.64133
 0.914314  0.190015 -0.258921   1.65983
 0.920124  0.191811 -0.248733   1.67131
 0.917354  0.170814 -0.261035   1.66143
 0.917871  0.165176 -0.269639     1.663
  0.92262  0.160999 -0.259259   1.67049
 0.918513  0.167328 -0.262319   1.66276
 0.926746  0.159785 -0.237165   1.67518
 0.927006  0.155733 -0.247882   1.67683
 0.930594  0.150353 -0.237344   1.68164
 0.927567  0.157799 -0.239738   1.67633
0.919022 0.175747 -0.25192  1.66382
 0.923287  0.163191 -0.250485   1.66998
 0.925117  0.171249 -0.237847   1.67367
 0.922015  0.167715 -0.250241   1.66883
 0.930391   0.17057 -0.217209   1.68233
 0.934943   0.17286 -0.207157   1.69152
 0.93318 0.152005 -0.21941   1.6844
 0.933928  0.146187 -0.227771   1.68648
 0.937555  0.142321 -0.217598   1.69212
  0.93419  0.148829 -0.220135   1.68566
 0.940417  0.140552 -0.195796   1.69454
 0.940762  0.137283 -0.206659   1.69655
 0.943461  0.132496 -0.196848    1.7002
    0.941  0.139625 -0.198707   1.69571
 0.934395  0.157226 -0.209919   1.68604
 0.937865  0.144944 -0.208611   1.69117
0.939221 0.152847 -0.19596  1.69381
 0.936788  0.149075 -0.208777   1.69005
0.732117 0.195563 -0.44425  1.35175
    0.736  0.203298 -0.438856   1.35872
 0.728583   0.19727 -0.440366   1.34207
 0.730237   0.20136 -0.437533   1.34485
   0.7261  0.200845 -0.440404   1.33727
 0.727356  0.199176 -0.438492   1.33886
 0.731435  0.200526 -0.440165   1.34918
 0.730755  0.198288 -0.440864   1.34757
  0.73227  0.245083 -0.414851   1.34841
  0.73674  0.238178 -0.413602    1.3554
 0.739589  0.244812 -0.408272   1.36032
 0.734718   0.24116 -0.410386   1.35017
0.742893 0.234746 -0.41777  1.37041
 0.748785  0.247021 -0.407319   1.38083
 0.741429  0.243402 -0.410314   1.36575
  0.74094  0.239061 -0.412187   1.36437
 0.956003  0.116622 -0.113595   1.71506
 0.95647 0.118272 -0.11245  1.71638
 0.955145  0.115469 -0.130968   1.71477
 0.955556  0.113404 -0.144673   1.71736
 0.957225  0.110031 -0.134596   1.71956
 0.955543  0.117171 -0.136358   1.71653
 0.958258  0.108651 -0.113802   1.71929
 0.958391  0.106882 -0.125488   1.72079
 0.959273  0.104744 -0.117351    1.7217
 0.958554  0.110559 -0.119716   1.72088
 0.956037  0.120125 -0.124029   1.71666
 0.957238  0.114036 -0.127482   1.71907
 0.957697  0.117754 -0.116073   1.71941
  0.95694  0.112676 -0.122551    1.7177
0.850074  0.23585 -0.34069  1.55562
 0.862642  0.241854 -0.326415   1.58037
 0.952001 0.0383724  0.162537   1.71196
 0.956257 0.0621927  0.150889   1.72161
 0.957136 0.0316921  0.152315   1.72358
 0.955687 0.0353094  0.152327   1.71954
 0.957071 0.0822263 0.0943916   1.71871
 0.956846 0.0755552  0.126538   1.72065
0.961639 0.018017 0.108317  1.72967
0.962711 0.056002 0.080173  1.73044
 0.964724   0.02483 0.0528361   1.73508
  0.963415 0.00972049  0.0743671    1.73159
 0.957397 0.0513626  0.123532   1.72043
 0.960789 0.0489517 0.0926143   1.72617
 0.959771 0.0181274  0.113176   1.72499
 0.959536 0.0546917  0.114787   1.72509
0.893745 0.192298 -0.31351  1.62645
 0.895426   0.19808 -0.303306   1.62974
 0.890945  0.203497 -0.311412   1.62403
 0.893099  0.194281 -0.308945   1.62535
 0.888974  0.225393 -0.311231   1.62827
 0.891812  0.203882 -0.302928   1.62482
 0.892825  0.204493 -0.302089    1.6271
 0.960363  0.107542 -0.112349   1.72414
 0.961224  0.106912 -0.102775    1.7252
 0.959087  0.112327 -0.109054   1.72126
 0.959874    0.1057 -0.105573   1.72197
 0.962041  0.107071 -0.093911   1.72641
  0.962534   0.106841 -0.0853135    1.72689
  0.960341   0.113284 -0.0912953    1.72289
  0.961268   0.106704 -0.0870655    1.72383
 0.957165  0.122778 -0.106702   1.71807
  0.957932   0.123892 -0.0985121    1.71936
  0.960564   0.106165 -0.0964924    1.72285
  0.959533   0.111674 -0.0937631    1.72088
  0.95904  0.111607 -0.101553   1.72032
 0.959786  0.111916 -0.100129   1.72208
0.934894 0.143016 0.223508  1.68359
 0.951738   0.12616 0.0666127   1.71174
 0.951641  0.135951 0.0703731   1.71137
 0.952569  0.134076 0.0673246   1.71292
 0.952111  0.134055 0.0703998   1.71258
 0.952994  0.142702 0.0671053   1.71291
 0.952221   0.14641 0.0681017   1.71104
  0.95258  0.143156 0.0696128   1.71315
 0.951567  0.149462 0.0747524     1.711
 0.952201   0.14106 0.0738896   1.71213
 0.828478  0.425327 0.0303346   1.51641
  0.839292   0.409328 0.00593599    1.53126
  0.84503  0.404197 0.0370029   1.54206
 0.836465  0.403342 0.0245294    1.5219
  0.853807   0.390807 -0.0121155    1.55593
 0.860774  0.389252 0.0431221   1.57066
 0.851421   0.39027 0.0341733   1.54935
   0.85248   0.387878 0.00594563    1.55084
0.934431 0.144935 0.236037   1.6839
 0.928824 0.0888909  0.253271   1.67693
0.927908 0.106992 0.242155  1.67259
0.926443 0.101514 0.260317  1.67394
 0.941572 0.0994509  0.190044   1.69438
0.939326 0.101139 0.196087  1.68982
 0.912759 0.0996375   0.29329   1.65359
 0.918043 0.0888988  0.283272   1.66178
 0.911435 0.0862307  0.303205    1.6541
 0.914433 0.0869415  0.291052   1.65566
 0.922248 0.0787889  0.273018   1.66742
 0.927924 0.0723467  0.253951   1.67486
 0.924312 0.0613935  0.274087   1.67232
 0.925326 0.0646345  0.269036   1.67268
0.908979 0.063481 0.306206   1.6503
  0.91805 0.0454031  0.286653    1.6629
 0.905456 0.0277624  0.302768   1.64392
 0.913141 0.0381225  0.301437   1.65689
 0.920146 0.0742706  0.281764   1.66491
 0.921427 0.0535229  0.287844   1.66973
 0.913792 0.0686396  0.300433   1.65716
 0.917677 0.0718134  0.291447   1.66329
0.865788 0.301697 0.225906  1.57598
0.870442 0.303795  0.21472  1.58253
0.872779 0.294475  0.22307  1.58699
0.869377 0.296805 0.219912  1.57921
0.877501 0.304804 0.203396  1.59476
0.880597 0.289546 0.221218  1.60109
0.876123 0.292506  0.21951  1.59154
 0.87597 0.296719 0.209801  1.59035
0.939591 0.154403 0.225556  1.69482
0.927527 0.115629 0.254132  1.67364
0.886647 0.114731 0.303157  1.60648
0.895332 0.110576 0.310138  1.62493
 0.886904 0.0947272  0.309368   1.60702
 0.89072 0.109068  0.30929  1.61746
0.903093 0.105446 0.307888  1.63845
0.910097 0.100697 0.295387  1.64821
 0.907346 0.0875043  0.306482    1.6459
0.906774 0.102043 0.308079  1.64665
 0.890665 0.0660865  0.312864    1.6145
 0.903561 0.0650085  0.310556   1.63951
 0.899603 0.0299578  0.309013   1.63212
 0.896946 0.0601025  0.314519    1.6296
0.898992 0.104918 0.313641  1.63386
 0.902711 0.0853115  0.313307   1.64024
 0.892453 0.0879101  0.315035   1.62141
 0.898019 0.0901201  0.312311   1.62959
0.919125 0.095466   0.2829  1.66357
 0.916436 0.0985671  0.283093   1.65755
 0.922128 0.0982372  0.266228   1.66494
 0.927295 0.0845958  0.264905   1.67647
 0.923683 0.0818097  0.269664   1.66892
 0.922068 0.0973062   0.27418   1.66789
 0.779343  0.116849 -0.428716   1.42414
 0.776631  0.123082 -0.435253   1.42277
  0.77923  0.120167 -0.430166   1.42515
 0.770593  0.118408 -0.439061   1.41132
 0.769923  0.124659 -0.444929   1.41403
 0.771317  0.121299 -0.439538   1.41349
 0.777264  0.111692 -0.429049   1.41898
 0.772235  0.113085 -0.434647   1.41146
  0.77361  0.107343 -0.430646   1.41114
 0.774032  0.109765 -0.432203   1.41347
 0.775066  0.120161 -0.437411   1.42015
 0.772145  0.115355 -0.436294   1.41261
 0.776845   0.11455 -0.431304   1.41981
 0.775093  0.117082 -0.433628   1.41771
 0.772537  0.151356 -0.459931   1.42927
 0.816574  0.229647 -0.419697   1.50887
 0.819166  0.230225 -0.416749   1.51318
0.814422 0.231095 -0.41772  1.50566
 0.816255  0.229933 -0.418086   1.50744
0.822293 0.230476 -0.41309  1.51817
 0.826046   0.23017 -0.408786   1.52403
 0.820093  0.232593 -0.410154   1.51478
 0.822224  0.230632 -0.410577    1.5168
 0.810868  0.233604 -0.412484   1.49866
 0.814004  0.235448 -0.408816   1.50421
 0.818875  0.230442 -0.414663   1.51155
 0.817496  0.233132 -0.411304   1.50982
 0.814482  0.231993 -0.415434    1.5051
 0.816997  0.231861 -0.414345   1.50979
 0.814908  0.228644 -0.421677   1.50598
 0.812422  0.227911 -0.422532   1.50256
 0.814655  0.226966 -0.422623   1.50553
 0.813854  0.227464 -0.422135   1.50369
 0.809751  0.226649 -0.422514   1.49784
 0.805611  0.227569 -0.422962   1.49205
 0.809167  0.223638 -0.425404   1.49768
 0.808564  0.225913 -0.423003   1.49578
  0.81582  0.224065 -0.422123   1.50711
 0.813634  0.220468 -0.425241   1.50477
 0.819601  0.218831 -0.418125   1.51201
 0.816451  0.219549 -0.421386     1.507
 0.811457  0.226342 -0.422797   1.50034
 0.811702  0.222535 -0.423933   1.50051
 0.814212  0.224711 -0.422649   1.50408
  0.81244  0.225069 -0.423828    1.5026
0.934951 0.148081 0.230892   1.6842
  0.966316 -0.0447581  0.0387057    1.74237
  0.957753 -0.0812222   0.109176    1.72944
0.960233 -0.02939  0.10559  1.72782
  0.960272 -0.0343489   0.105044    1.73106
 0.937701 -0.078621  0.199721   1.69598
  0.911814 -0.0332644   0.266708    1.64844
  0.937426 -0.0303885   0.217771    1.69122
  0.930668 -0.0541012   0.259344    1.69293
    0.955329 -0.000277396      0.15296      1.71936
   0.947659 -0.00370665    0.181937      1.7052
 0.950606 0.0222315   0.16331   1.70834
  0.951061 0.00962132    0.17931    1.71301
  0.947943 -0.0629036   0.188147    1.71753
  0.945356 -0.0247527    0.21117    1.70883
  0.955626 -0.0117718   0.162364    1.72361
  0.950761 -0.0428535   0.166125    1.71401
0.879863 0.198861 0.294177   1.6001
0.884022 0.205569 0.290714  1.60637
0.887211 0.197064 0.292524  1.61261
0.883646 0.199729 0.292072    1.605
0.889312 0.209949 0.283532  1.61455
0.895513 0.193671 0.286119  1.62582
0.889797 0.197535 0.288933   1.6149
  0.8884 0.201988 0.285303  1.61152
0.887981 0.127417 0.297986  1.60935
0.889176 0.135537 0.295993   1.6124
0.894207 0.136362 0.303825   1.6234
0.890825 0.133759 0.297391  1.61647
0.888671 0.143643 0.296552  1.61231
0.887049 0.152386 0.297754     1.61
0.892845  0.15376 0.301276  1.62137
0.889197 0.151062 0.297368  1.61471
0.898609 0.142037 0.302096  1.63065
0.898114 0.150063 0.298505  1.62916
0.903795 0.141224 0.293726  1.63767
0.899534 0.145134 0.301697  1.63272
0.890458 0.142406 0.296501   1.6163
0.894748 0.151206  0.30254   1.6257
0.895572  0.14227 0.303981  1.62719
0.893815 0.145263 0.302107  1.62303
 0.761164  0.155015 -0.462317   1.40708
0.761382 0.154842 -0.46249  1.40762
 0.761792  0.155275 -0.463955   1.40929
 0.760943   0.15393 -0.462177    1.4061
 0.760925  0.154155 -0.462308   1.40615
 0.760953  0.153851 -0.462022   1.40605
 0.760862  0.154861 -0.462396   1.40623
 0.760934  0.153816 -0.462138   1.40607
 0.768707  0.158293 -0.462335   1.42337
 0.760879  0.153975 -0.462273   1.40603
 0.744385  0.132532 -0.457793   1.36973
 0.745962  0.131162 -0.457442   1.37253
 0.742494    0.1314 -0.455853   1.36432
 0.740373  0.131186 -0.453719   1.35821
 0.74168 0.129337 -0.45333  1.36034
 0.741995  0.130252 -0.453834   1.36149
 0.745388  0.127898 -0.454787     1.369
 0.743057  0.127537 -0.452703   1.36249
 0.744644  0.125609 -0.451922   1.36497
 0.744878  0.126656 -0.452607   1.36607
0.743537 0.131049 -0.45565  1.36629
 0.743305  0.128506 -0.453308   1.36356
 0.745049  0.129162 -0.455212    1.3688
 0.743757  0.129621 -0.455233   1.36621
 0.760896  0.154485 -0.462389    1.4062
 0.762744  0.154356 -0.464641   1.41161
 0.766165  0.156014 -0.464445   1.41859
  0.76735  0.155289 -0.465513   1.42134
  0.76976  0.154702 -0.465754   1.42628
 0.767492  0.123473 -0.446296   1.40947
 0.763286  0.119425 -0.444826   1.39924
   0.7677  0.117515 -0.440681   1.40593
  0.76639  0.120135 -0.442805   1.40477
 0.760613  0.116345 -0.444838   1.39302
 0.756403  0.114991 -0.444074   1.38319
0.760045 0.112623 -0.44118  1.38886
 0.759866  0.114244 -0.442872   1.38971
 0.769023  0.112033 -0.436965   1.40572
 0.764065  0.110238 -0.437535   1.39496
 0.768826  0.107537 -0.433107   1.40226
 0.768398  0.109805 -0.435596   1.40306
 0.762922  0.117066 -0.443065   1.39699
 0.763757  0.112128 -0.439634   1.39578
 0.767418  0.115116 -0.439173   1.40402
 0.764472  0.114299 -0.441198   1.39878
 0.760784  0.154025 -0.462843   1.40626
 0.763757  0.151919 -0.460578   1.41164
 0.773685  0.148837 -0.452656   1.42806
  0.77699  0.126065 -0.435165   1.42367
 0.775126  0.134084 -0.442116   1.42433
 0.770342    0.1267 -0.444111   1.41433
 0.775412  0.130375 -0.441634   1.42437
 0.764329  0.131291 -0.453872   1.40739
 0.779464  0.138203 -0.440406   1.43339
 0.782011  0.129362 -0.433196   1.43394
 0.785671  0.138916 -0.429941   1.44158
  0.78159  0.133383 -0.430885   1.43228
 0.767887  0.151811 -0.466437    1.4222
  0.76082  0.155267 -0.461677   1.40597
 0.760867  0.155499 -0.461922   1.40623
 0.762597  0.155252 -0.462607   1.41053
 0.761918   0.15589 -0.464678   1.40998
 0.765078  0.157697 -0.464018   1.41657
 0.763102  0.156329 -0.461132   1.41115
  0.76244  0.154627 -0.464565   1.41092
 0.737158  0.154434 -0.465517   1.36442
 0.760823  0.154273 -0.462382   1.40601
 0.768047  0.161091 -0.462628   1.42271
 0.762184  0.155232 -0.465148   1.41069
 0.764305  0.155416 -0.460926   1.41334
 0.761782  0.155104 -0.464022   1.40928
0.760587 0.164044 -0.45075  1.40405
 0.761353  0.154619 -0.462547   1.40755
 0.760791  0.154694 -0.463163   1.40651
 0.761265  0.154371 -0.461986   1.40697
0.762429 0.155025 -0.46553  1.41137
 0.761115  0.153935 -0.462198   1.40668
 0.760952  0.153934 -0.461867   1.40601
0.761008 0.153709 -0.46249  1.40656
 0.760944  0.154157 -0.461722   1.40599
 0.761155  0.154189 -0.462053   1.40675
 0.761031  0.154249 -0.461707    1.4062
 0.789987  0.143761 -0.416979   1.44535
0.795897  0.14287 -0.40864  1.45401
 0.790487  0.152291 -0.410738   1.44499
 0.791671  0.144505 -0.410501   1.44595
 0.805034  0.139567 -0.394102   1.46676
 0.821299  0.141365 -0.372639   1.49447
 0.802645  0.156674 -0.387556   1.46211
 0.806939  0.143804 -0.383548   1.46765
 0.789261   0.15878 -0.405502    1.4413
 0.793513  0.163693 -0.397718   1.44792
 0.786931  0.169396 -0.406098   1.43836
 0.789766  0.162327 -0.402795   1.44199
 0.797604  0.142315 -0.398035   1.45266
 0.796935  0.155625 -0.394391   1.45258
0.791273 0.152471 -0.40371  1.44351
0.796179 0.151986 -0.39919  1.45199
 0.786838  0.147138 -0.415825   1.43845
 0.786739  0.151476 -0.416399    1.4395
 0.784925  0.159106 -0.407888   1.43309
 0.783206  0.165499 -0.411701   1.43254
 0.781082  0.156247 -0.425444   1.43278
 0.783333  0.158743 -0.416832   1.43384
 0.736427  0.144606 -0.460314   1.35751
 0.737618  0.143126 -0.460001   1.35946
 0.734532  0.144102 -0.457811    1.3518
  0.73238  0.144272 -0.455688   1.34561
  0.73347  0.142479 -0.455596   1.34741
 0.734018  0.143223 -0.455909   1.34891
 0.736294  0.140555 -0.457623    1.3545
 0.73442 0.140851 -0.45544  1.34892
  0.73531  0.139207 -0.455321   1.35033
  0.73584  0.139896 -0.455602   1.35176
 0.735588   0.14349 -0.457858   1.35386
 0.734922  0.141549 -0.455762   1.35032
 0.736507  0.141479 -0.457903   1.35534
 0.735353  0.142288 -0.457575   1.35292
0.730716 0.161386 -0.45949  1.34929
  0.73045  0.166152 -0.457691   1.34881
 0.728414  0.161329 -0.456192   1.34222
 0.728137  0.163868 -0.455279   1.34165
 0.726649  0.162238 -0.454866   1.33738
 0.727234  0.162389 -0.455359   1.33947
 0.728891  0.164301 -0.457536   1.34501
 0.72966  0.16278 -0.45757  1.34624
 0.765741  0.163558 -0.459577   1.41756
  0.77122  0.157329 -0.460627   1.42769
 0.763113  0.153169 -0.462522   1.41134
 0.748652  0.133891 -0.459757   1.37988
 0.752631  0.131125 -0.458869   1.38714
 0.760763  0.155146 -0.463289    1.4066
 0.765145  0.151941 -0.462583   1.41524
 0.760782  0.155515 -0.463267   1.40672
 0.767849  0.161395 -0.458721   1.42106
 0.763508  0.155622 -0.461053   1.41182
 0.760836  0.155667 -0.463032   1.40676
 0.76257 0.154918 -0.46107  1.40978
 0.76216 0.155376 -0.46299  1.40978
 0.761618  0.155833 -0.463336   1.40887
 0.760661  0.155351 -0.463312   1.40645
 0.762248  0.155763 -0.464327   1.41056
 0.761009   0.15574 -0.462674     1.407
 0.761534   0.15553 -0.463619    1.4086
 0.762315  0.155551 -0.461069   1.40937
 0.761297  0.155651 -0.463125   1.40786
  0.76147  0.156147 -0.464364   1.40897
 0.760902  0.155229 -0.461725   1.40617
 0.761155  0.155636 -0.463107   1.40754
   0.9448  0.149272 0.0729881   1.70068
 0.950031  0.150705 0.0385151   1.71237
 0.950905  0.151015 0.0630498   1.71177
 0.948443  0.160151 0.0644686   1.71077
    0.96035     0.12173 0.000377358     1.73378
  0.967051  0.0635512 -0.0131223    1.74528
 0.961027   0.11302 0.0326746   1.73002
 0.960874  0.088986 0.0283038   1.73063
 0.954476  0.141781 0.0637792   1.71678
 0.957553  0.127541 0.0548083   1.72194
 0.955344  0.141468 0.0731956   1.71837
0.955615 0.134454 0.069299  1.71869
 0.953326   0.14461 0.0388593   1.71962
 0.957262  0.123949 0.0518435   1.72225
 0.953195  0.147566 0.0632577   1.71642
 0.955397  0.138298 0.0406585   1.71985
0.863404 0.374212   0.0886  1.57246
0.871794 0.357346 0.120663  1.58799
0.853448 0.379791 0.106148  1.55468
0.859187 0.368327 0.122944  1.56495
0.847515  0.38367 0.124928  1.54676
0.852522  0.37119 0.117401  1.55021
0.863231 0.362857 0.117606  1.57024
0.861811 0.365105 0.101815  1.56617
  0.804851   0.434703 -0.0986288    1.47668
 0.814221  0.413099 -0.118147   1.48807
  0.826919   0.412013 -0.0890102    1.51156
   0.81311    0.41232 -0.0996281    1.48218
 0.828186  0.390612 -0.135301   1.51214
  0.850387   0.387854 -0.0836887    1.55331
  0.831453   0.398259 -0.0941847    1.51618
 0.825583   0.39116 -0.112181    1.5022
 0.869017  0.350923 -0.076686   1.57885
 0.956821  0.121859 0.0314417   1.71879
  0.95615  0.128314 0.0354607    1.7177
0.956582 0.128317 0.028593  1.71805
 0.956488  0.129468 0.0329473   1.71853
 0.955859  0.133352 0.0219834   1.71535
 0.955137  0.138591 0.0302144   1.71536
 0.955065  0.139275 0.0386926   1.71568
 0.953743  0.133191 -0.097824   1.71127
  0.955695    0.14777 -0.0755749    1.71628
 0.957089  0.132841 0.0196979   1.71825
 0.957012  0.131288 0.0215459   1.71795
 0.958115  0.125869 0.0168381   1.72038
 0.958896  0.121368 0.0151181   1.72172
 0.958337  0.121525 0.0200239   1.72095
 0.958398  0.120712 0.0162799   1.72067
  0.95707  0.128653 0.0273695   1.71916
 0.957876  0.122233 0.0251592   1.72053
 0.957388  0.122551 0.0302381   1.72004
 0.957328   0.12185 0.0260103   1.71937
 0.957794  0.125685 0.0175699   1.71973
 0.957837  0.121492 0.0205214   1.71996
 0.957013  0.127656 0.0206117   1.71846
 0.957686  0.126012 0.0211441    1.7198
0.958851 0.120284 0.011249  1.72115
 0.958104  0.125318 0.0139262      1.72
  0.958437   0.124548 0.00710318    1.72017
 0.958433   0.12629 0.0116139   1.72073
   0.957484    0.127075 -0.00136562     1.71734
  0.956944    0.13362 0.00776314    1.71755
 0.956922  0.134372 0.0156125   1.71788
   0.960691    0.116347 -0.00939034      1.7232
   0.959975     0.11962 -0.00728335      1.7221
  0.960283   0.117432 -0.0134988    1.72221
  0.960295   0.120305 -0.0100216    1.72277
0.959697 0.125827 -0.01375  1.72137
  0.959126    0.12216 -0.0144558    1.72012
   0.958997    0.125419 -0.00749896     1.72044
 0.952097  0.151294 0.0525524   1.70915
  0.959851   0.129017 -0.0203987    1.72192
  0.960236   0.127362 -0.0159657    1.72272
  0.961195   0.118735 -0.0237431    1.72374
  0.962086   0.115407 -0.0263604    1.72533
  0.96188  0.115462 -0.021277   1.72509
   0.96162   0.114543 -0.0229611    1.72419
  0.960717   0.117651 -0.0149528    1.72308
  0.961552    0.11569 -0.0163112    1.72464
 0.961192  0.117033 -0.011306   1.72431
  0.961069   0.115042 -0.0144371    1.72357
  0.960969   0.117814 -0.0198279    1.72318
  0.961422   0.114447 -0.0184647    1.72399
  0.960779   0.116909 -0.0164977    1.72291
  0.961083   0.117925 -0.0189464    1.72361
  0.961779   0.114181 -0.0281354    1.72431
  0.961003   0.118547 -0.0245955    1.72316
  0.961132   0.117327 -0.0308788     1.7232
 0.961278  0.118682 -0.029325   1.72379
  0.960024   0.122529 -0.0340942    1.72109
  0.959668   0.123861 -0.0327181    1.72076
   0.95958   0.128327 -0.0261994    1.72115
  0.962355   0.110462 -0.0498923    1.72504
  0.961534   0.115692 -0.0461644    1.72374
  0.961467   0.113704 -0.0524173    1.72349
  0.961764   0.114066 -0.0518551    1.72427
  0.960125   0.125285 -0.0539366    1.72206
  0.960228   0.115396 -0.0529564    1.72091
  0.960137    0.12172 -0.0486099    1.72141
 0.953857  0.147639 0.0279261   1.71178
  0.959624   0.120483 -0.0695627    1.72089
  0.960183   0.125226 -0.0617765     1.7225
  0.961303   0.112982 -0.0729078    1.72388
  0.962956   0.107158 -0.0770023    1.72737
  0.963173   0.107194 -0.0689301    1.72743
  0.962161   0.107598 -0.0699897    1.72496
  0.961688    0.11198 -0.0577092    1.72399
  0.963127   0.108036 -0.0615073    1.72706
  0.963002   0.109755 -0.0548614    1.72673
 0.962407  0.108859 -0.056063   1.72512
0.961111 0.114406 -0.06563  1.72317
  0.962381   0.107922 -0.0625655    1.72518
   0.96148   0.114438 -0.0572241    1.72368
  0.961581   0.112963 -0.0653517    1.72415
 0.949346  0.187959 0.0159157   1.70627
 0.954807  0.150234 -0.123579   1.71969
 0.946903  0.150872 -0.155123   1.70547
 0.954394  0.131249 -0.132149   1.71552
 0.950713  0.134766 -0.149161   1.70993
 0.953483  0.121149 -0.146381   1.71355
 0.952479   0.12474 -0.147255   1.71219
 0.948892  0.139891 -0.152812   1.70781
 0.951971  0.148702 -0.143661   1.71532
 0.947683  0.168378 0.0629457   1.70051
  0.94352  0.135094 -0.189759   1.69923
 0.943785  0.140832 -0.181237    1.6997
 0.941667  0.143873 -0.189082   1.69678
 0.943017  0.136246 -0.187665   1.69837
 0.938989  0.170722 -0.191771   1.69772
 0.941468   0.14223 -0.181009   1.69517
  0.94186  0.144306 -0.180059   1.69634
  0.958815   0.138716 -0.0361289    1.72054
 0.784526  0.402665 -0.214175   1.44027
 0.793366  0.381038 -0.224213    1.4512
 0.803809   0.38724 -0.201024   1.47044
0.791628 0.384269 -0.21005  1.44463
 0.806152  0.363566 -0.236078   1.47601
  0.82447  0.372653 -0.194778   1.50922
 0.808193  0.376656 -0.204935   1.47706
 0.803245  0.368509 -0.216546   1.46561
 0.876586  0.355442 -0.013738   1.59156
 0.780963  0.329235 -0.311112   1.43356
  0.80081   0.34073 -0.279527   1.46929
 0.771662  0.341712 -0.303193   1.41425
 0.781943  0.348992 -0.285673   1.43261
 0.765535  0.358705 -0.298319   1.40704
 0.770725   0.34556 -0.292649   1.40952
 0.784884  0.341668 -0.289491   1.43824
0.779044 0.335136 -0.29719  1.42575
  0.951549    0.16876 -0.0955067    1.71249
  0.92846   0.23135 -0.135706   1.67836
 0.914335  0.171555 -0.272566   1.65677
 0.915172  0.178218 -0.263129   1.65855
 0.911534  0.182691 -0.272077   1.65398
 0.913534  0.173646 -0.269695   1.65565
 0.908168  0.207073 -0.274526   1.65521
 0.911208   0.18306 -0.265452    1.6528
 0.912055  0.185405 -0.264169   1.65497
 0.748856  0.315373 -0.355496   1.37796
 0.754419  0.302539 -0.356367   1.38505
 0.761543  0.310863 -0.344524    1.3977
 0.752809  0.306448 -0.349413   1.37966
 0.762483  0.294223 -0.361041   1.40258
 0.776177  0.308674 -0.339937   1.42736
0.763975 0.306271 -0.34676  1.40311
 0.760633  0.300003 -0.351866   1.39594
 0.925202  0.211977 -0.191971   1.67576
 0.874479  0.222459 -0.331389   1.60113
 0.880992  0.225776 -0.324297   1.61443
 0.873968  0.213602 -0.340089   1.59831
 0.874464  0.208289 -0.347907   1.59894
 0.880743  0.203024 -0.338401   1.60827
 0.875888  0.208648 -0.341329   1.59966
0.887518 0.200514 -0.31763   1.6175
0.886625  0.19742 -0.32892  1.61683
 0.892185  0.191165 -0.319466   1.62469
 0.888557   0.19813 -0.322417   1.61907
  0.87692  0.216716 -0.332408   1.60301
 0.882326  0.203521 -0.331889   1.60952
0.885637  0.21122  -0.3195  1.61651
 0.880524  0.207854 -0.329624   1.60754
 0.738176  0.277086 -0.391832   1.35912
 0.743337  0.267544 -0.390848   1.36637
 0.747874  0.275346 -0.382978   1.37435
 0.741329  0.271057 -0.386235   1.36077
 0.750545  0.262239 -0.394588   1.38285
0.759363 0.276262 -0.38016  1.39873
 0.749969  0.272722 -0.384668   1.37972
 0.748587  0.267255 -0.387852   1.37654
0.755434 0.353975 -0.30331  1.38541
 0.750468  0.343381 -0.318944   1.37672
  0.76501   0.33721 -0.307873   1.39992
 0.759536  0.348651 -0.314886   1.39652
0.746884 0.332221  -0.3334  1.37066
 0.743733  0.321234 -0.346267   1.36529
0.757425 0.316951 -0.33503  1.38707
 0.752109  0.326416 -0.342979   1.38352
 0.772359  0.326141 -0.316181   1.41561
 0.772332  0.317104 -0.321503   1.41415
 0.755723  0.337484 -0.329697   1.38991
 0.763343  0.322494 -0.330874   1.40011
 0.768433  0.332001 -0.317973   1.40925
 0.760646  0.327021 -0.323044   1.39266
 0.850146  0.230629 -0.365501   1.56182
 0.854719  0.232649 -0.360726   1.57071
  0.85019  0.225338 -0.373645   1.56164
   0.8511  0.221591 -0.379337   1.56296
  0.85672  0.218449 -0.372044   1.57148
 0.852002  0.221686 -0.374441   1.56281
 0.861326  0.220129 -0.358782   1.57894
 0.862413  0.215585 -0.364596   1.58035
 0.868235  0.211814 -0.356572   1.58917
 0.863317   0.21578 -0.359254   1.58018
  0.85231  0.227209 -0.368278   1.56468
 0.857431  0.218642 -0.367222   1.57103
 0.858211  0.224259 -0.360108   1.57349
0.855679 0.222167 -0.36652  1.56983
 0.815104  0.236091 -0.405014    1.5051
 0.820953  0.233977 -0.406976   1.51553
 0.826296  0.230271 -0.405794   1.52312
 0.826503   0.23396 -0.400554   1.52415
0.824478 0.232439 -0.40522  1.52148
 0.826337  0.239332 -0.393825   1.52423
 0.818355  0.236315 -0.405024   1.51101
 0.823942  0.239026 -0.400151   1.52167
 0.867784  0.244303 -0.302678   1.58394
 0.809507  0.228178 -0.420985   1.49696
 0.805838  0.230184 -0.419964   1.49172
 0.807062  0.228756 -0.418427   1.49198
  0.81219  0.228939 -0.421165   1.50171
 0.814509  0.229013 -0.420679   1.50471
 0.812519  0.230509 -0.418738   1.50187
 0.813334  0.229392 -0.420609   1.50398
0.809074 0.232525 -0.41342   1.4949
 0.811103  0.229636 -0.421059   1.50008
 0.809806  0.231017 -0.416087   1.49739
 0.811901  0.230957 -0.419097   1.50118
 0.740631  0.310826 -0.358655   1.36042
 0.737423  0.301128 -0.368706   1.35481
 0.749003  0.298226 -0.359599   1.37347
 0.744806  0.305778 -0.366235   1.37082
  0.73528  0.291369 -0.377832   1.35117
 0.733593  0.282091 -0.385882   1.34834
  0.74425  0.280229 -0.377062    1.3655
 0.740154   0.28629 -0.383979   1.36253
 0.755268  0.290604 -0.364652   1.38749
 0.755992  0.283384 -0.367822   1.38791
 0.742338  0.295859 -0.375651   1.36646
 0.748873  0.285001 -0.374347   1.37561
 0.752197  0.293775 -0.366044   1.38163
 0.746154  0.288967 -0.369451   1.36875
0.942591 0.149954 0.182626  1.70495
0.940412 0.147756 0.182632  1.70364
 0.93838 0.145738 0.193534  1.70024
0.876354 0.183084 0.275974    1.587
0.884987 0.160199 0.261763  1.59426
 0.812355 -0.153259  0.154892   1.48092
0.917471 0.198282 0.260829  1.65198
0.865909 0.130675 0.318176  1.56603
0.879473 0.165807 0.273409  1.57766
0.937328 0.155577 0.227399  1.68982
0.898796 0.175739 0.264003  1.61753
0.936429 0.154751 0.232384  1.68752
0.935315 0.151245 0.234921  1.68547
 0.86767 0.268474 0.253704  1.57722
0.866449 0.276634 0.247143    1.575
0.872694 0.272009 0.244802  1.58505
0.869085 0.275336 0.249362  1.58132
0.865311   0.2851 0.239988  1.57307
0.863925 0.293568  0.23214  1.57053
0.870923 0.286962 0.229382  1.58169
0.866911 0.292253 0.234781   1.5777
0.877956 0.274236 0.236743  1.59375
0.878653 0.277448 0.228521  1.59434
0.868115 0.283739 0.242231  1.57974
0.872839 0.285364 0.233435  1.58653
0.874074 0.278203 0.240323  1.58903
0.871591 0.280119 0.237307   1.5832
0.934156 0.140014 0.229196  1.68266
0.929903 0.151514 0.249048  1.67677
0.933761 0.127646 0.226316  1.68215
0.938439 0.155264 0.228294  1.69107
0.933236 0.118812 0.240162  1.68377
0.931999 0.156851 0.234659  1.68022
 0.937907 0.0794116  0.210713   1.68781
  0.94727 0.0460485  0.197332   1.70728
 0.941769 0.0581675  0.206935   1.69558
 0.942928 0.0550027  0.211011   1.69957
 0.935874 0.0636341  0.229518   1.68659
0.933107  0.06774 0.232639  1.68094
 0.939011 0.0721601  0.223339   1.69328
0.935706 0.149457 0.227182  1.68528
 0.88055 0.272621  0.23953  1.59978
0.883829 0.258744 0.250872  1.60634
0.874544 0.270397 0.247615  1.58949
0.876606 0.262127 0.253215  1.59351
0.870345 0.267015 0.255612  1.58353
 0.87363 0.264416 0.250988  1.58682
0.879563 0.261781 0.250304  1.59755
0.879101 0.265764 0.243582  1.59587
 0.932551 0.0846146  0.250723   1.68485
 0.934563 0.0999189  0.234436   1.68618
 0.930492 0.0965795  0.239417   1.67726
0.946931 0.193959 0.222376  1.70448
0.946061 0.187452  0.22414  1.70288
0.935836  0.15389 0.216405  1.68977
0.936386 0.154587 0.197489  1.69521
0.934219 0.154966 0.236918  1.68386
0.933401 0.158149 0.230793  1.68293
0.939027 0.149926 0.217195  1.69504
0.918211 0.189539 0.247989  1.65011
0.890842  0.18451 0.274307  1.59537
0.929839 0.146531 0.245451  1.67592
0.937234 0.135168 0.193843  1.69299
0.935449 0.156687 0.232736  1.68589
0.938441 0.136744 0.192863  1.70049
0.920288 0.164298 0.264915  1.66148
0.941519 0.135519 0.180025  1.70865
0.911476  0.19789 0.265975  1.63475
 0.94313 0.141839 0.163555    1.713
0.940374 0.148411 0.218495  1.69877
 0.939992 0.0903786   0.15827    1.7111
 0.916297  0.168427 0.0729196   1.65251
0.921126 0.123491 0.269066  1.65777
0.940877 0.171856 0.135982  1.69203
0.945043 0.125583 0.163484  1.71843
0.946643 0.135205  0.14474  1.71171
0.881732 0.243694 0.263217  1.60045
0.882178 0.247157 0.256574  1.60062
0.876829 0.240395 0.270084  1.59252
0.871879 0.235378 0.277089  1.58472
0.870651 0.243567 0.272024  1.58244
0.873078 0.242156 0.273779  1.58824
0.875049 0.255208 0.257987  1.58914
0.869615 0.251835 0.266324  1.58059
0.868594 0.259813 0.260124  1.57866
0.871164 0.258461 0.262371  1.58489
0.877992 0.246424 0.266573  1.59589
0.872145 0.250416 0.268251  1.58664
0.876728 0.253445 0.261347  1.59333
0.875649 0.248462 0.264219   1.5905
0.887502 0.160674 0.298451   1.6124
0.891975  0.16961 0.300493  1.62065
 0.89355 0.160051 0.301446  1.62398
0.891278  0.16287 0.300286  1.61884
0.897404 0.172039 0.294344  1.62798
0.903545 0.154265 0.294869  1.63972
0.899096 0.156749 0.298934   1.6319
0.897248 0.158967 0.297955  1.62775
0.897201 0.167085 0.295027  1.62824
0.885081 0.162089 0.299003  1.60715
0.882932  0.17179 0.299311  1.60366
0.889753 0.171971 0.299736  1.61573
  0.8855 0.170194 0.299167  1.60933
0.880821 0.181507 0.298318  1.60013
0.878873 0.191005 0.296228  1.59679
 0.88633  0.18926 0.294893  1.60953
0.881656 0.189168 0.296829  1.60311
0.894587  0.17484 0.292877   1.6216
0.894867 0.180046 0.288254  1.62191
0.883555 0.179741 0.298594  1.60627
0.888483 0.186602 0.296926  1.61442
0.890341 0.178484  0.29919  1.61811
 0.88781 0.181108 0.297968  1.61248
0.931671 0.136464 0.238551  1.67873
0.890742 0.276825  0.22327  1.61854
0.933043 0.146411 0.237077  1.68098
0.924254    0.201  0.24963  1.66116
0.927996 0.133386 0.249694  1.67313
0.933126 0.197703 0.234558  1.67937
0.935449 0.149622 0.227018  1.68476
0.934989 0.156208 0.230528  1.68559
0.938359 0.191892 0.221458  1.69049
0.934414 0.153303  0.21908  1.68623
0.932497 0.146994 0.201988  1.68519
0.931274 0.155629  0.20737  1.68443
0.927684 0.190837 0.239291  1.66812
0.934111 0.148699 0.197473  1.68877
0.941538 0.175836 0.206105  1.69938
 0.94009 0.162211 0.192253  1.69995
0.932712  0.15513 0.219054  1.68352
0.940987 0.166905 0.193901  1.70065
0.935907 0.162571 0.208823   1.6892
0.945628 0.177237 0.207818  1.70376
0.938425 0.170621 0.196032  1.69472
 0.761579  0.122236 -0.446975   1.39732
 0.763109  0.125087 -0.448762   1.40184
 0.755294  0.125422 -0.451855   1.38749
 0.759359  0.118734 -0.446101   1.39149
 0.755623  0.120739 -0.449046   1.38567
 0.756287  0.116538 -0.445587   1.38408
 0.756916  0.118411 -0.447647   1.38718
 0.756729  0.123346 -0.449489   1.38875
 0.760097  0.121641 -0.448185   1.39482
 0.770813  0.144199 -0.461088   1.42557
0.750991  0.12766 -0.45521  1.38092
 0.746766  0.131219 -0.456994   1.37391
0.748848  0.12562 -0.45337  1.37494
 0.746519   0.12781 -0.454307   1.37104
 0.746637  0.124763 -0.451682   1.36884
 0.747155  0.126073 -0.453606   1.37162
 0.747316  0.129363 -0.455572   1.37383
 0.749731  0.127604 -0.455041   1.37824
 0.766366  0.153682 -0.465874   1.41919
 0.77052 0.132558  -0.4516  1.41938
 0.771541  0.137009 -0.448942   1.42078
 0.740012   0.13906 -0.458271   1.36238
 0.740762  0.137673 -0.458542   1.36382
 0.737866  0.137665 -0.456724    1.3565
  0.73614  0.137659 -0.455015   1.35152
  0.73719  0.136073 -0.454659   1.35315
 0.737524  0.136903 -0.455051   1.35426
 0.739868  0.134768 -0.456646   1.36003
 0.738248  0.134473 -0.454443   1.35489
 0.739214  0.132853 -0.454196   1.35642
 0.739498   0.13371 -0.454616   1.35745
 0.738839  0.137253 -0.456664    1.3584
  0.73853  0.135276 -0.454816   1.35588
 0.739695  0.135768 -0.456841   1.36001
 0.738873  0.136201 -0.456524   1.35816
 0.736587  0.138437 -0.455379   1.35284
 0.737903  0.138692 -0.457029     1.357
 0.737206  0.140029 -0.457606   1.35625
 0.736937  0.138981 -0.457204   1.35518
 0.738466  0.142105 -0.460523   1.36127
0.738033 0.140662 -0.45938  1.35931
 0.738921    0.1401 -0.458685   1.36059
 0.775129  0.160858 -0.443589   1.42968
 0.736566  0.145824 -0.460917   1.35846
  0.73464  0.149726 -0.460685   1.35527
 0.734583  0.145124 -0.458052    1.3523
 0.733453  0.147161 -0.457955   1.35034
 0.732889  0.145087 -0.456073   1.34708
  0.73331  0.145871 -0.457672   1.34957
 0.734134  0.148069 -0.459948   1.35336
0.735535 0.146685 -0.45969  1.35579
 0.781504  0.176056 -0.416758   1.43234
 0.777657   0.16416 -0.427013   1.42778
 0.778661  0.168623 -0.424661   1.42894
 0.73308 0.153096 -0.46087  1.35298
 0.731862  0.157373 -0.459978   1.35096
 0.730954  0.152623 -0.457831    1.3464
 0.730167  0.154895 -0.457387     1.345
  0.72921  0.152961 -0.456181   1.34132
 0.729703  0.153499 -0.457265   1.34363
0.730887 0.155609  -0.4595   1.3482
0.732039 0.154179 -0.45937  1.35016
 0.791578  0.194686 -0.453215   1.46786
 0.793312  0.196484 -0.455545   1.47218
 0.792305  0.203049 -0.451217   1.47156
 0.791667   0.20446 -0.446855    1.4693
 0.78602 0.196343 -0.45842  1.46021
0.789849 0.200751   -0.456  1.46807
0.729791 0.170925 -0.45635  1.34784
 0.730529  0.176237 -0.453562   1.34898
 0.727297  0.171332 -0.452798   1.34025
 0.727553  0.174123 -0.451383   1.34055
0.725517 0.172876 -0.45182  1.33573
 0.726203  0.172576 -0.451674   1.33755
 0.728345  0.174281 -0.453752   1.34405
0.728719 0.172647 -0.45396  1.34453
 0.770536  0.161267 -0.448942   1.42267
 0.728631   0.18045 -0.451482   1.34488
 0.729315  0.178534 -0.451572   1.34585
 0.726303  0.181394 -0.447906   1.33771
  0.72351  0.183687 -0.447302   1.33156
 0.723653  0.180489 -0.448577   1.33182
 0.725345  0.181803 -0.448501   1.33558
 0.726383  0.175489 -0.450572     1.338
 0.723769  0.177442 -0.449711   1.33198
 0.723954  0.174487 -0.450827   1.33231
 0.725504  0.175697 -0.450771   1.33576
 0.727598  0.179896 -0.448862   1.34056
 0.725374  0.178729 -0.449677   1.33558
 0.727378   0.17688 -0.450366    1.3403
 0.726181  0.178284 -0.449199   1.33743
 0.736111  0.151686 -0.464619   1.36109
 0.738505  0.148969 -0.464249   1.36519
0.723424 0.198998 -0.44074  1.33148
  0.72325  0.194832 -0.442683   1.33117
 0.726984  0.195446 -0.440834   1.33854
0.725629 0.196562 -0.44246  1.33637
 0.723273  0.190914 -0.444365   1.33118
 0.723304  0.187126 -0.445943    1.3312
 0.726566  0.187976 -0.444626   1.33795
 0.725373  0.188715 -0.445809   1.33578
 0.729847  0.193684 -0.444684   1.34676
 0.730416  0.191304 -0.444898   1.34743
 0.725435  0.192545 -0.444207   1.33595
 0.727949  0.189715 -0.444264   1.34106
 0.728551  0.193468 -0.442208   1.34204
 0.726544   0.19148 -0.442788    1.3377
 0.734605  0.170737 -0.462304   1.36142
 0.798446  0.228729 -0.420572   1.47794
 0.786926  0.229017 -0.414393   1.45184
 0.789772  0.232892 -0.413372   1.45819
 0.735689  0.180783 -0.457876   1.36364
 0.737159   0.20295 -0.443905   1.36442
 0.735744  0.198598 -0.445083   1.36101
 0.733605  0.210622 -0.434599   1.35332
 0.734083  0.207561 -0.435009   1.35367
 0.729884  0.213293 -0.430014   1.34311
 0.725193  0.218369 -0.430371   1.33447
 0.724637  0.213259 -0.433291   1.33355
 0.727894  0.215316 -0.432773   1.34053
 0.728479  0.203845 -0.435779   1.34089
 0.724102  0.208257 -0.435954    1.3326
 0.723838  0.203473 -0.438453   1.33219
 0.726734  0.205386 -0.438031   1.33841
 0.731793  0.210723 -0.431986   1.34745
 0.727218  0.210331 -0.435529   1.33933
 0.730566  0.205986 -0.435082   1.34542
 0.728903  0.208308 -0.433003   1.34136
 0.746414  0.208548 -0.441289   1.38374
 0.73847 0.231889 -0.41932   1.3611
 0.739358  0.227782 -0.420174   1.36216
 0.733801  0.235235 -0.414876   1.34906
  0.72754  0.242116 -0.415808   1.33825
 0.726975  0.235679 -0.419844   1.33732
 0.731195  0.238348 -0.419076   1.34642
 0.732129  0.223645 -0.422769   1.34656
 0.726477  0.229611 -0.423546   1.33653
 0.725888  0.223835 -0.427073    1.3356
 0.729689  0.226153 -0.426378   1.34371
 0.736265  0.232127 -0.417703   1.35478
 0.730442  0.232083 -0.422845   1.34505
 0.734762  0.226334 -0.421717   1.35225
0.732702 0.229092 -0.41915  1.34725
 0.815681  0.265906 -0.356786   1.49961
 0.772045  0.246838 -0.397261   1.42161
  0.84522  0.247988 -0.343492   1.54963
 0.798864  0.247491 -0.388252   1.47149
0.888734 0.239711 -0.27249   1.6206
 0.804066  0.277252 -0.352683   1.48078
 0.796357  0.361089 -0.242841   1.45519
 0.796488  0.349644 -0.251762   1.45345
 0.786107  0.376224 -0.230808   1.43503
  0.77312  0.397919 -0.220999   1.41519
 0.768192  0.387604 -0.243244   1.40644
 0.778599  0.393111 -0.237374   1.42967
  0.77733  0.355928 -0.270826   1.42012
 0.764216  0.376332 -0.264562   1.39973
 0.760023  0.364897 -0.284172   1.39261
  0.77015  0.370366 -0.278992   1.41486
 0.790527  0.371004 -0.245628   1.44697
 0.774636  0.381797 -0.258978   1.42275
 0.784379  0.361778 -0.264701   1.43588
  0.78131  0.366332 -0.252797   1.42708
 0.908039  0.227927 -0.233317   1.65016
 0.791811  0.432292 -0.107623     1.448
  0.78461  0.426941 -0.138244   1.43479
 0.805898  0.409365 -0.127185   1.46921
 0.796744   0.43187 -0.129754   1.46236
 0.780274  0.418375 -0.167906   1.42713
 0.776674  0.408008 -0.194528   1.42054
 0.797488  0.393025 -0.180319   1.45384
 0.788008  0.414041 -0.187292   1.44637
 0.818178  0.389273 -0.143292   1.49034
 0.818911  0.376508 -0.157804    1.4892
 0.792277  0.423854 -0.159916   1.45435
 0.804728  0.399671 -0.171462   1.47096
  0.81082   0.40715 -0.147112   1.48283
0.800882 0.402882 -0.15675  1.46066
 0.939656   0.19319 -0.152856   1.69766
 0.817333  0.425127 0.0216042   1.49116
   0.810833    0.430573 -0.00890808     1.47985
   0.831129    0.408746 -0.00422807     1.51262
   0.822309     0.43194 2.70032e-05     1.50598
  0.805009   0.433329 -0.0408158       1.47
   0.79876   0.433484 -0.0734448    1.45929
  0.821792   0.411197 -0.0635458    1.49653
  0.811302   0.435991 -0.0642932    1.48743
  0.844964   0.389186 -0.0222281    1.53524
  0.847222   0.380111 -0.0431944    1.53778
  0.817088   0.435191 -0.0318209    1.49728
  0.830004   0.414452 -0.0523731     1.5156
  0.835351   0.413681 -0.0236992    1.52535
  0.826316   0.412222 -0.0345343    1.50479
  0.957318   0.134639 -0.0241149    1.71636
0.840834   0.3857 0.120343  1.53181
0.835146 0.397052 0.100697  1.52185
 0.848378  0.381147 0.0996902   1.54301
0.842484 0.395841   0.1066  1.53862
 0.829418   0.40789 0.0776067   1.51201
 0.823415  0.416501 0.0517199   1.50118
 0.840745  0.396433 0.0549252   1.52922
 0.832976  0.416941 0.0602136   1.52339
 0.856838  0.375769 0.0822145   1.55749
 0.857737  0.375159 0.0636663   1.55811
 0.837991  0.407071 0.0846257   1.53161
 0.846523  0.396983 0.0654385   1.54321
 0.850856  0.389506 0.0861672   1.55124
 0.844305  0.390695 0.0778177   1.53615
 0.952451  0.129639 0.0851135   1.71018
0.954851 0.123277  0.11224  1.71755
0.868396 0.340098 0.151828  1.57731
0.869302 0.341429 0.138048  1.57788
0.861066 0.341395 0.165601  1.56463
0.854383 0.342361 0.181324  1.55446
0.851683 0.352193 0.168453   1.5497
0.856257 0.350892 0.172306  1.56042
0.856601 0.359185 0.136183  1.55685
0.848909 0.362589 0.154062   1.5451
0.845344  0.37326 0.138302  1.53902
0.851037 0.371766 0.142806  1.55211
0.863189 0.349094 0.156153    1.571
0.854022 0.361094 0.158077  1.55691
0.860352 0.358026 0.142566  1.56589
0.858733 0.351129 0.151176   1.5608
0.935265 0.127808 0.224568  1.68568
0.888138 0.337884 0.125807  1.61752
 0.87396 0.306721 0.200204  1.58665
0.874629 0.309362 0.190034  1.58703
0.867991 0.305472 0.211322  1.57672
0.862494 0.303283 0.223615  1.56833
 0.86059 0.312692 0.214719    1.565
0.863969 0.311263 0.217352  1.57295
0.865224 0.322021 0.190547  1.57167
 0.85864 0.322507 0.204673   1.5617
0.856512 0.331869 0.193613  1.55785
0.860487 0.330565 0.197092  1.56728
0.869621 0.312765 0.204785  1.58161
0.862371 0.321007 0.207536  1.57043
0.867745 0.320599  0.19553  1.57794
0.866395 0.314773 0.201142  1.57414
0.934987 0.139625 0.228082  1.68461
0.936526 0.126597 0.207222  1.68725
0.924759 0.131421 0.258471  1.66942
0.889599 0.305771 0.183406  1.61716
0.886715 0.211955 0.282464  1.60903
0.886797 0.215821 0.277025  1.60856
 0.88217 0.207572 0.288897  1.60215
0.877151 0.200658 0.293573  1.59397
0.875563 0.209418 0.290266  1.59112
0.878048 0.207798 0.291361  1.59689
0.879614 0.223453 0.279925  1.59747
 0.87428  0.21814 0.286301  1.58889
0.873025 0.226523 0.281845  1.58661
 0.87549 0.224981 0.283337  1.59243
0.883087 0.214031 0.286231  1.60504
0.876768 0.216543 0.287515  1.59469
0.881331 0.221454 0.282573  1.60157
0.880532 0.216285 0.284665  1.59936
0.916098 0.115912 0.284914  1.65959
0.920241 0.123397 0.271705  1.66504
0.914806 0.122235 0.284388  1.65606
0.909927 0.113159 0.295749  1.64953
0.903612 0.116524 0.308764  1.64126
0.905889 0.122034 0.299002    1.642
0.906137 0.115188 0.297715  1.64151
0.897073 0.120833 0.310606  1.63023
0.890581 0.123722  0.30223  1.61637
0.896092 0.132437 0.306917  1.62813
 0.89442 0.125766 0.306923  1.62359
0.900702 0.138334 0.304204  1.63564
0.905099 0.133945   0.2972  1.64062
0.903739 0.135644 0.296497  1.63752
0.900657 0.120726 0.306727  1.63425
0.899428 0.131923 0.304441  1.63185
 0.90416 0.126387 0.296262  1.63762
0.901619 0.128124 0.306796  1.63717
0.922613 0.147611  0.26659  1.66618
0.911225 0.117027 0.293311  1.65108
0.908498 0.120996 0.292836  1.64496
0.910646 0.127333 0.284337  1.64694
0.908122 0.132764 0.294163   1.6461
0.921961 0.126261 0.266789  1.66466
 0.796137  0.206827 -0.444793   1.47835
 0.797352  0.200625 -0.450058   1.47999
 0.804383  0.203312 -0.442999   1.49176
 0.798908  0.203561 -0.445499   1.48152
 0.796813  0.197207 -0.454087   1.47901
 0.793247  0.190161 -0.449498   1.46909
  0.80064  0.189148 -0.445959    1.4822
 0.796374  0.191052 -0.448041   1.47463
 0.81461 0.198163 -0.43981  1.50926
 0.810841  0.187524 -0.440889   1.50032
  0.83185  0.187293 -0.429062   1.53894
 0.81628 0.189672 -0.43673  1.50937
 0.798812  0.198121 -0.451346   1.48184
 0.804337  0.190109 -0.444151   1.48861
 0.806509   0.19927 -0.443621   1.49415
  0.80397  0.196532 -0.448965   1.49107
 0.738461  0.192866 -0.451222    1.3687
0.958066 0.089513 0.099381  1.72155
 0.956831  0.134702 0.0797992    1.7215
 0.957491  0.112819 0.0677913   1.72033
 0.962958 0.0572314 0.0754095   1.73059
 0.961789 0.0897369 0.0618309   1.72955
 0.964861 0.0248219 0.0416681   1.73564
 0.963872 0.0803947 0.0472823   1.73397
 0.959243  0.109566 0.0659586    1.7244
 0.960871 0.0980824 0.0910581   1.72872
0.934836 0.136777 0.216638  1.68413
 0.761524  0.154452 -0.462823   1.40806
  0.76113  0.153812 -0.462339   1.40678
 0.762012  0.154906 -0.464562   1.41001
 0.760913  0.153949 -0.462737   1.40645
 0.760846  0.154273 -0.462963   1.40646
0.760984 0.153774 -0.46253   1.4065
 0.760894  0.153788 -0.462648   1.40638
 0.762736  0.153526 -0.462646   1.41059
 0.763275   0.15241 -0.460582   1.41064
 0.742673  0.139899 -0.462885    1.3707
  0.74599  0.137188 -0.462086   1.37655
 0.763633  0.158538 -0.464123   1.41392
 0.764524  0.152636 -0.461585   1.41358
 0.767212  0.152633 -0.467899   1.42171
 0.762437  0.152339 -0.462868   1.40997
 0.757569  0.129009 -0.454729   1.39428
0.762486 0.128651 -0.45318  1.40364
 0.762442  0.153471 -0.465073   1.41115
  0.76281  0.150869 -0.461015   1.40971
 0.768971  0.150188 -0.467576   1.42494
 0.747898  0.136816 -0.461721   1.38005
 0.769476  0.146721 -0.461153   1.42264
 0.760921  0.155605 -0.462691   1.40679
0.760906 0.155828   -0.463  1.40693
 0.761744  0.156099 -0.464351   1.40955
 0.760762  0.155721 -0.463252   1.40672
 0.764505  0.158533 -0.464203   1.41564
 0.762763  0.158834 -0.464404   1.41232
 0.760644  0.154871 -0.463224   1.40628
 0.762284  0.153789 -0.464898   1.41069
 0.760698  0.154406 -0.463048   1.40623
  0.76217   0.15473 -0.465697   1.41088
0.761916 0.154737 -0.46466  1.40984
 0.765317  0.150204 -0.471567   1.41921
 0.761493  0.154297 -0.462903   1.40801
  0.76041   0.15418 -0.463361   1.40611
 0.761301  0.154003 -0.462574   1.40738
 0.761016  0.153692 -0.462869   1.40691
 0.760731  0.154008 -0.463114   1.40644
0.761065  0.15377 -0.46235  1.40661
 0.761206  0.154037 -0.462205   1.40692
 0.760888   0.15374 -0.462976   1.40671
 0.774886  0.161677 -0.434679   1.42538
 0.733273  0.159123 -0.464169   1.35686
 0.735289  0.156344 -0.463918   1.36022
 0.740155  0.144127 -0.463947   1.36708
 0.742675  0.151602 -0.471572   1.37658
 0.762602  0.151916 -0.462945   1.41041
 0.735126  0.162042 -0.464707    1.3617
0.766173 0.160457 -0.46585  1.42001
 0.760608   0.15488 -0.463646   1.40652
  0.76488  0.160534 -0.466337    1.4177
0.760657 0.155421 -0.46396  1.40686
 0.760801  0.155845 -0.464133   1.40732
 0.758686  0.163474 -0.460612   1.40426
 0.762485  0.156316 -0.461473   1.41007
 0.761854  0.155553 -0.461659   1.40867
 0.761156  0.155793 -0.462254   1.40754
 0.760497  0.155029 -0.463711   1.40637
 0.761969   0.15581 -0.462966   1.40945
 0.761102  0.156056 -0.464035   1.40795
 0.761488  0.156043 -0.464374   1.40894
 0.761884  0.156653 -0.461618   1.40896
 0.761256  0.156121 -0.464037   1.40829
 0.761253  0.156186 -0.464365   1.40852
 0.950986  0.155094 0.0821953   1.70947
 0.952554  0.151183 0.0880808   1.71316
 0.880239  0.362734 0.0624414   1.60394
0.902862 0.270903 0.198255  1.63636
  0.95238  0.154354 0.0723813   1.71169
 0.956022  0.147024 0.0255141   1.71676
    0.95573    0.142582 0.000840684     1.71474
0.957758 0.139128 0.001148  1.71883
  0.957977   0.140769 -0.0151505     1.7193
  0.956124    0.14703 -0.0538124    1.71582
 0.949392  0.167097 0.0350981   1.70336
 0.952014  0.166216 0.0320473   1.70957
  0.957614   0.130248 -0.0558362    1.71712
 0.848716   0.35255 -0.179813   1.55256
   0.953427    0.158285 -0.00894522     1.71087
  0.951339   0.162438 0.00864521    1.70687
  0.94294  0.149739 -0.146303   1.69512
 0.948535  0.164165 -0.129277   1.70883
 0.932292  0.176056 -0.187269   1.68328
 0.826443  0.327849 -0.265193    1.5182
 0.851686  0.367709 -0.084907   1.54693
 0.843653  0.350693 -0.115789   1.52621
  0.91711  0.195184 -0.227263   1.66146
  0.89894   0.21288 -0.265682   1.63465
 0.796116  0.305538 -0.329575    1.4669
 0.912289  0.253548 -0.178223     1.655
 0.879556  0.229968 -0.297066   1.60506
 0.776904  0.279305 -0.373664   1.43533
 0.891355   0.27073 -0.223575    1.6231
 0.827963  0.241628 -0.373337    1.5219
 0.839877  0.246623 -0.361442    1.5447
 0.840252  0.278434 -0.315807   1.54127
 0.810175  0.237667 -0.397356   1.49284
 0.820298  0.243796 -0.388713   1.51271
 0.802234  0.232881 -0.419837   1.48633
 0.798078  0.241379 -0.405383   1.47447
 0.806928  0.235961 -0.415054   1.49491
0.941804 0.136221 0.188732  1.70875
 0.933797 0.0871003  0.171468    1.6843
0.939148 0.134832 0.192339  1.69733
0.891176 0.165976  0.28682  1.59519
0.897947 0.185845 0.279387  1.60714
0.898266 0.117831 0.283559  1.61009
0.899338 0.150494 0.295981  1.61196
0.938751 0.154486 0.225953  1.69248
0.898886 0.173938 0.288698  1.60874
0.937711 0.154489 0.229667  1.68952
0.936467 0.152146  0.23101  1.68712
0.935464 0.147261 0.230215  1.68528
0.893078 0.248805 0.249903  1.62183
0.937864 0.153795 0.228703  1.68944
0.934755 0.133303 0.217396  1.68325
0.931429 0.154002 0.242012   1.6787
 0.948687 0.0675154  0.190346   1.71025
 0.946391 0.0699666  0.202807   1.70675
 0.940615 0.0896718  0.207961   1.69465
 0.945833 0.0934467  0.192082   1.70483
 0.944741 0.0818702  0.192358   1.70121
0.936869 0.153519 0.228844  1.68728
0.935441 0.150849 0.226023  1.68447
0.936227 0.119018 0.207962  1.68545
0.903249 0.295715 0.125255  1.63378
0.937649  0.10944 0.218782  1.69044
0.941325 0.183265 0.210008  1.69795
0.937221 0.179431 0.211713  1.69111
0.933229 0.157607 0.203291  1.68803
 0.93417 0.186218 0.224843  1.68237
0.932691 0.157655 0.237542  1.68111
0.930134 0.159344 0.235071  1.67703
0.918083 0.191521  0.25669  1.64787
0.938887 0.152764 0.226455  1.69271
0.906979 0.186617 0.274876  1.62488
0.939878 0.147355 0.220528  1.69613
0.938414 0.126051 0.193577  1.69262
0.932565 0.140038 0.205714  1.67919
 0.93964 0.116994 0.187859  1.70109
0.924621 0.156514 0.230288  1.66765
0.941357 0.109115 0.193268  1.70664
0.923779 0.126467 0.260091  1.65757
0.905286 0.170359 0.274774  1.62115
 0.918172 0.0388214  0.208362   1.65004
0.938996 0.105854 0.153785  1.70584
0.919934 0.145184 0.271359  1.65191
0.901669 0.190036 0.278014  1.63334
0.904413 0.153127 0.290965  1.63827
 0.90277 0.166726 0.285604  1.63532
0.896935 0.219486 0.268785  1.62754
0.927664 0.142809 0.255685  1.67386
0.938121 0.153904 0.228914  1.69029
0.898753 0.235075 0.238579  1.62502
  0.9313 0.155866 0.242595  1.67887
0.925885 0.189153 0.233229  1.66703
0.931521 0.184094  0.22021  1.68007
0.925753 0.155067 0.257987  1.67028
0.931303 0.154071 0.222559  1.68026
0.929548 0.149776 0.207647  1.67943
0.927916  0.15704 0.212856  1.67724
0.920967 0.181629 0.238583  1.65674
0.931055 0.151856 0.202877  1.68267
0.935196  0.16945 0.203464   1.6869
 0.93738  0.16521 0.202342  1.69248
0.929346 0.156161 0.222825  1.67698
0.937213 0.167495 0.202213  1.69229
0.934247  0.16551  0.21023  1.68507
 0.754709  0.132261 -0.457451   1.39045
 0.765242  0.151335 -0.468579   1.41776
0.763864 0.150894 -0.46309  1.41265
 0.765548  0.140626 -0.463243   1.41512
 0.743153  0.142453 -0.464016   1.37292
 0.767361  0.164508 -0.450261   1.41736
 0.761719  0.153004 -0.465424   1.40976
 0.740295  0.147888 -0.465265   1.36896
0.769944 0.166177 -0.43679  1.41691
 0.761761  0.164658 -0.456203   1.40869
 0.772934  0.186532 -0.452544   1.43035
 0.745783  0.145046 -0.470078   1.38083
 0.731752  0.167648 -0.462265   1.35476
 0.733171  0.164664 -0.462276   1.35697
0.745049  0.18695 -0.45936   1.3828
 0.740957  0.169028 -0.469322   1.37581
 0.731718  0.177468 -0.458394   1.35492
 0.732525  0.174199 -0.458704   1.35595
0.742097  0.17737 -0.46562  1.37796
 0.733106  0.189029 -0.452329   1.35725
 0.733329  0.185238 -0.452956    1.3571
0.761601 0.223768 -0.42043  1.40485
0.756095 0.196499 -0.45707   1.4046
 0.787582  0.208152 -0.446617   1.46318
 0.778779  0.201259 -0.456346   1.44827
 0.780966  0.207373 -0.446038   1.44934
 0.743671  0.222869 -0.431771   1.37651
 0.742929  0.217073 -0.433166   1.37408
 0.756856  0.208668 -0.439114    1.4002
 0.750961   0.24679 -0.410449   1.38756
 0.750663  0.238141 -0.413787   1.38608
 0.764203  0.252882 -0.404945   1.41465
 0.761178  0.273755 -0.381296   1.40331
 0.759596  0.263315 -0.386706   1.39919
 0.788283  0.255888 -0.388957    1.4553
 0.776971  0.302443 -0.340384   1.42841
0.772245 0.290644 -0.34892  1.41779
0.800469 0.330237 -0.28166  1.46653
 0.791633  0.317876 -0.294243   1.44696
 0.866936  0.282565 -0.268857   1.58597
 0.856277  0.269075 -0.307652   1.57138
0.827238 0.356442 -0.19344  1.50825
 0.822296  0.339913 -0.211988   1.49547
   0.94028   0.207112 -0.0967587    1.69477
 0.897109  0.295532 -0.137431   1.62613
  0.952542   0.154532 -0.0552116    1.70919
 0.921599  0.214553 -0.173207   1.66496
 0.868916   0.36064 0.0437425   1.57595
   0.871362    0.362277 -0.00591976     1.58351
0.876265 0.342918 0.116601   1.5907
 0.876224  0.344946 0.0863157   1.58885
0.948998 0.160257 0.103546  1.70598
 0.944096  0.200042 0.0511179   1.69604
 0.950178  0.170257 0.0578296   1.70679
0.882919 0.308275 0.174213  1.60086
0.884697 0.312114 0.150797  1.60276
0.897798 0.278111 0.167011  1.62125
0.885183 0.279866 0.216243  1.60514
0.886608 0.287531 0.196005  1.60675
0.887438 0.252734 0.246129  1.60916
0.887858 0.259603 0.232243  1.60871
0.934773 0.144431 0.223043  1.68369
0.891217 0.223799 0.267604  1.61541
 0.89082  0.23072 0.257164  1.61343
0.897255 0.193304 0.282144  1.62581
0.895167 0.200513  0.27446  1.62033
0.910413 0.150038 0.287448  1.65054
0.934423 0.146305 0.221338  1.68254
 0.777441  0.235385 -0.412947   1.43797
 0.791925  0.213281 -0.437879   1.46861
  0.79662  0.218285 -0.432878   1.47729
 0.797269  0.223125 -0.426815   1.47703
  0.79968  0.226694 -0.423375   1.48141
 0.789452  0.224357 -0.423492   1.46067
 0.795411  0.221098 -0.427542   1.47282
 0.768299  0.215223 -0.432774   1.42245
 0.789598  0.192721 -0.455807   1.46467
0.779878 0.189801 -0.44962  1.44418
 0.787647  0.194412 -0.457969   1.46251
 0.953201 0.0774377  0.129016   1.71205
   0.9523 0.0645524  0.156086   1.71253
0.949374 0.048046 0.153611  1.70417
 0.947692 0.0804288  0.162513   1.70289
 0.950941 0.0825886  0.151384   1.70948
0.932984 0.149123 0.221867  1.67971
0.943261 0.111284 0.165438  1.69502
 0.951617  0.140006 0.0950683   1.70948
 0.761678  0.154152 -0.463447   1.40868
 0.761231  0.153766 -0.462768   1.40732
 0.761078  0.153697 -0.462947   1.40709
  0.76203  0.154576 -0.465235   1.41035
  0.76231  0.154491 -0.466205   1.41142
 0.760639  0.154398 -0.463352    1.4064
 0.764674  0.162604 -0.465115   1.41727
 0.761464   0.15387 -0.463843   1.40842
 0.749987  0.140365 -0.467993   1.38726
 0.761749  0.154512 -0.465398   1.40985
 0.762958  0.150304 -0.461419   1.41023
 0.755931  0.137275 -0.465483   1.39741
 0.759994  0.154941 -0.463357    1.4055
  0.76399    0.1501 -0.464904   1.41368
   0.7656  0.147746 -0.468784   1.41815
 0.759008   0.14892 -0.464362   1.40359
 0.760125  0.137513 -0.465835   1.40557
 0.771832  0.139547 -0.453097   1.42313
 0.764535  0.138503 -0.464373   1.41407
0.761626 0.149638 -0.46198  1.40765
 0.761011   0.15598 -0.464035   1.40773
 0.760908   0.15599 -0.464117   1.40757
 0.761104  0.155988 -0.463638   1.40794
 0.760642  0.155572 -0.463982   1.40687
 0.763776  0.161174 -0.466744   1.41575
0.760241 0.154796 -0.46338  1.40585
 0.760496  0.154547 -0.463427   1.40618
0.761859 0.154273 -0.46644  1.41058
 0.763006  0.160917 -0.467121   1.41443
 0.760562  0.154139 -0.463204   1.40617
 0.761237  0.154019 -0.467324   1.40977
 0.760703   0.15386 -0.463056   1.40637
 0.760873  0.153788 -0.463545   1.40709
  0.76087  0.153769 -0.462952   1.40664
 0.761325  0.153832 -0.462727    1.4075
 0.760367  0.154156 -0.463499   1.40611
 0.761449  0.154001 -0.463584   1.40826
0.761096 0.153694 -0.46354   1.4075
 0.766402  0.164949 -0.443841   1.41287
 0.741545  0.161532 -0.471262   1.37639
0.748825 0.153183 -0.48003  1.39206
 0.764925  0.163777 -0.454943   1.41445
 0.764123  0.163071 -0.462576   1.41559
 0.761632  0.151285 -0.463393   1.40852
 0.763568   0.16227 -0.466715   1.41576
 0.760351  0.154999 -0.463515   1.40612
 0.760546  0.155568 -0.463853   1.40674
 0.761981  0.163726 -0.463414   1.41171
 0.762228  0.158622 -0.464405   1.41128
 0.761492  0.156495 -0.462011   1.40834
 0.760746  0.155861 -0.463866   1.40723
 0.762054  0.162602 -0.467287   1.41299
0.761461 0.155892 -0.46171  1.40795
0.761335 0.156032 -0.46335  1.40832
  0.76109  0.156216 -0.464302   1.40813
0.760678   0.1563 -0.46252  1.40687
 0.760925  0.156046 -0.464287   1.40774
 0.760825  0.155967 -0.463651   1.40736
 0.949374   0.17015 0.0809843   1.70632
 0.899142  0.318348 0.0834143   1.62919
 0.896885  0.327186 0.0292248   1.62459
0.894522   0.2993 0.113878  1.61392
  0.953818   0.162577 0.00384553    1.71274
 0.889307  0.315429 0.0515423   1.60336
  0.954689   0.165391 -0.0252742    1.71509
  0.949226   0.189547 -0.0139408    1.70656
  0.94992  0.191865 -0.049129   1.71013
 0.945597   0.19801 0.0149333    1.6989
  0.946912   0.178688 -0.0958916    1.70476
 0.936298  0.191586 -0.132232   1.68679
  0.88048  0.338858 -0.140442   1.60831
  0.929326   0.248567 -0.0881778    1.67885
0.867814 0.320395 -0.20692  1.58542
   0.93929   0.221618 -0.0498705    1.69175
 0.903045  0.235209 -0.216437   1.63751
 0.880647  0.253268 -0.261301    1.6045
 0.832963  0.311104 -0.263215   1.52076
 0.884911  0.277132 -0.201974   1.60533
 0.803103  0.290547 -0.321181   1.46934
 0.850718  0.300927 -0.253049   1.55368
 0.823359  0.246229 -0.375924   1.51433
 0.804345  0.243452 -0.398923   1.48539
 0.826293  0.295247 -0.307447   1.51742
 0.834365  0.266946 -0.346891   1.53749
0.939592 0.122928 0.197977  1.69542
 0.935532 0.0985398  0.217453   1.68285
0.934679 0.137635 0.247472  1.68202
 0.94063 0.144523 0.225202  1.69849
0.939184  0.15193  0.22802  1.69407
 0.91008 0.183905  0.26313  1.63221
0.927811 0.157264  0.24972  1.67287
  0.9386 0.142715 0.235172    1.693
0.908565 0.172496 0.269756  1.62982
0.936644 0.152877 0.229163   1.6869
0.905021 0.228718  0.25004  1.64056
0.936522 0.152881 0.229788  1.68655
0.934022 0.139536 0.214088  1.68178
  0.9198 0.172605 0.239877  1.65445
0.902752 0.251438 0.227241  1.63637
0.935651 0.153327 0.229451  1.68445
0.935008 0.130442 0.204114  1.68322
0.938042  0.11861 0.190626   1.6877
 0.94079 0.117745 0.186753   1.6936
0.933532 0.148386 0.221412  1.68103
0.935551 0.178609 0.210709  1.68944
0.931817 0.174504 0.214343   1.6815
0.932764   0.1636 0.214469  1.68217
0.927296  0.17934 0.224092  1.67097
0.929492  0.15986  0.24324   1.6756
0.918192 0.173746 0.241919  1.65146
0.913838 0.179575 0.254564  1.64123
0.937227 0.151044 0.229445  1.68931
 0.93876 0.146078 0.228003  1.69289
0.934113 0.151962 0.227072  1.68155
 0.93335 0.152179 0.233032   1.6801
0.909311 0.159972 0.278932  1.63096
0.936025 0.152375 0.231687  1.68605
0.908945 0.146391 0.276098  1.62727
0.941243 0.114042 0.206258  1.69701
0.913241 0.162378 0.260485  1.64077
0.937155 0.119805 0.201107  1.68684
0.931939 0.139406  0.24663  1.67683
0.914001 0.146755 0.271891  1.65046
0.904985 0.172348 0.285245  1.63953
0.919695 0.143431 0.269688  1.66275
0.913525 0.161236 0.274899  1.65136
0.924866 0.150085 0.256155  1.66844
0.934446 0.151537 0.226336  1.68236
0.927926 0.158436 0.248614  1.67305
0.921519 0.180268 0.237053  1.65898
0.928701 0.158276 0.239034  1.67431
0.927456 0.178282 0.226867  1.67162
0.927932 0.155049 0.226614  1.67391
 0.92642 0.151733 0.213321  1.67319
 0.93119 0.170731 0.218199  1.67769
0.926045 0.164145 0.249016  1.66981
0.927846 0.153755 0.208739  1.67618
0.929893 0.159319 0.208694  1.68077
0.934247 0.167038 0.210429  1.68423
0.924872  0.15891  0.21838  1.67021
0.932232 0.173022 0.212352  1.68029
0.929166 0.169535 0.220064  1.67165
 0.753917  0.139892 -0.466524   1.39439
 0.761589   0.14902 -0.468026   1.41013
 0.761033  0.145206 -0.471957   1.41036
 0.749382  0.144055 -0.469394   1.38756
 0.761386  0.162935 -0.465689   1.41145
0.746262 0.149738 -0.47181  1.38361
 0.761452  0.150912 -0.463635   1.40836
 0.743432  0.155029 -0.471949   1.37914
 0.739812   0.15741 -0.471038    1.3718
 0.763007  0.187448 -0.470614   1.42066
 0.737994  0.164569 -0.469569   1.36888
 0.749888  0.188101 -0.466837   1.39477
 0.747788  0.162215 -0.480958   1.39234
 0.737702  0.172785 -0.466556   1.36843
  0.74889  0.175894 -0.477308   1.39543
 0.738995  0.182083 -0.461069   1.37016
 0.751958  0.183575 -0.472623   1.40071
  0.74204  0.192877 -0.452817   1.37438
 0.750011  0.198646 -0.450397   1.39088
  0.75023  0.205988 -0.441776   1.38822
 0.784043   0.26816 -0.364037   1.43896
 0.814799  0.258301 -0.377051   1.50454
 0.861936  0.321199 -0.169313   1.56412
 0.909432  0.257068 -0.161182   1.64671
  0.883543   0.336179 -0.0861154    1.60504
 0.924255  0.235586 -0.122675   1.66792
 0.897075  0.317541 -0.084006   1.62809
  0.888745   0.324241 -0.0185388    1.60593
 0.913685  0.299235 0.0538926   1.65283
 0.947061  0.200295 0.0459908   1.70344
0.942625 0.135431 0.155715   1.6934
 0.925797  0.271772 0.0463755   1.67169
  0.9371 0.175983 0.166707  1.68567
0.905311 0.280566 0.158605  1.63773
0.915881 0.244478 0.199458  1.65637
0.914778 0.251844  0.17561  1.65147
0.921319 0.267254 0.111229  1.66285
0.897196  0.25713  0.20976  1.62132
0.933146 0.143894 0.213989  1.68069
0.942158 0.190092 0.137025  1.69627
0.909695 0.169054 0.271284  1.64269
0.915485 0.189842 0.259774  1.65391
 0.90249 0.210575 0.259596  1.63238
0.906849 0.188324 0.271685  1.64066
 0.788956   0.21377 -0.439241   1.46374
 0.775902  0.210379 -0.434129   1.43374
 0.780737  0.219134 -0.431249   1.44486
 0.765961  0.198894 -0.453431   1.42369
 0.770333  0.195358 -0.464307   1.43377
 0.772938  0.181769 -0.456325   1.43284
0.948694 0.110827 0.132776  1.70395
0.947616 0.106431 0.165327  1.70519
0.934015 0.139361 0.204068  1.68235
 0.95049  0.11287 0.126021  1.70692
0.930989  0.14722 0.206089  1.67686
 0.946893  0.161509 0.0927044   1.69958
0.928182 0.251878 0.106894  1.67412
 0.761761  0.154313 -0.466171   1.41025
0.760603 0.153948 -0.46364  1.40662
 0.761834  0.154052 -0.467044   1.41085
 0.760319  0.154567 -0.463372   1.40596
 0.761669  0.152677 -0.465661   1.40986
 0.756057  0.152675 -0.479973   1.40526
 0.755447  0.147504 -0.477161    1.4028
 0.761327  0.158512 -0.464686   1.40953
 0.760471  0.152229 -0.466139   1.40773
 0.761272  0.149141 -0.462792   1.40737
  0.76222  0.149699 -0.465553    1.4103
 0.76268 0.149794 -0.47242  1.41417
 0.761604  0.148947 -0.475839    1.4136
 0.765383  0.146199 -0.470531   1.41873
 0.760362  0.143696 -0.473593   1.41031
 0.760344  0.150721 -0.464114    1.4063
  0.76032  0.155146 -0.463554   1.40611
 0.761081  0.158201 -0.464637   1.40903
 0.761844    0.1609 -0.467531   1.41223
 0.760334  0.161801 -0.468851   1.41012
 0.760223  0.154433 -0.463389   1.40579
 0.761386   0.15436 -0.466368    1.4096
 0.761156  0.153732 -0.464662   1.40821
   0.7616  0.162045 -0.468392   1.41256
 0.758748  0.160777 -0.469464    1.4074
 0.760602   0.15392 -0.463453   1.40652
 0.760896  0.153812 -0.463639   1.40717
 0.759917  0.154789 -0.464349   1.40582
 0.747334  0.168545 -0.479899   1.39216
 0.761507  0.165763 -0.445784   1.40375
 0.744872  0.164627 -0.479868   1.38629
 0.760962  0.163499 -0.459713   1.40853
 0.760823  0.152422 -0.466049   1.40828
 0.753389  0.153323 -0.480803   1.40041
 0.760083  0.155168 -0.463062   1.40551
 0.757438  0.162281 -0.455462   1.39951
 0.759097  0.152198 -0.466468   1.40531
 0.761499  0.160478 -0.467675   1.41163
 0.760288   0.15537 -0.463024   1.40596
 0.759822   0.15561 -0.463697   1.40556
0.760868 0.156537 -0.46216  1.40713
0.760549 0.155705 -0.46386  1.40678
0.760274 0.157518 -0.46462  1.40727
 0.760747  0.155879 -0.462315   1.40673
0.944128 0.200184 0.106312  1.69961
0.945642  0.20233 0.074326  1.70146
  0.942068   0.228753 -0.0104871    1.69829
 0.909988  0.289054 0.0711707   1.64176
   0.947423    0.206492 -0.00684194     1.70587
   0.93662   0.229278 -0.0494257     1.6874
  0.946209   0.202648 -0.0494406    1.70432
  0.937079   0.210085 -0.0884946    1.68742
  0.927923   0.247761 -0.0749524    1.67415
  0.936358   0.232392 -0.0149562     1.6856
  0.91065  0.295244 -0.125216   1.65611
  0.925886   0.270639 -0.0466659    1.67335
 0.916885  0.272465 -0.123543   1.66209
0.895874  0.29736 -0.16703  1.62935
0.936708 0.149661 0.232965  1.68884
0.918526 0.153642 0.260583  1.65097
 0.91564 0.177639 0.247918  1.64599
0.920964 0.144802 0.256948  1.65323
0.935336 0.153308 0.230709  1.68393
0.924274 0.163806 0.253431  1.66673
0.931513 0.151355 0.222348  1.67692
0.925902 0.157232 0.227034   1.6704
0.932239 0.144822 0.214491  1.67858
0.931686 0.152893 0.229818  1.67644
0.914544 0.228576 0.226533  1.65403
0.933292 0.153737 0.231712  1.67945
0.934416 0.135868 0.194951  1.68199
0.914977 0.180152 0.261484  1.65115
0.911077 0.232225 0.212447  1.64425
0.929822 0.148716 0.216907  1.67414
0.923795 0.174055 0.230926  1.66271
0.923238  0.15364 0.219138  1.66671
0.926798 0.161406 0.239426  1.67106
0.918365 0.167357 0.243567  1.65077
0.913811 0.169731 0.252762  1.64233
0.932857 0.149548  0.23525  1.67986
0.911888 0.169882 0.257399  1.63701
  0.9132 0.157315 0.261695  1.63827
0.931759 0.147183 0.241319  1.67806
0.922826 0.158373 0.230687  1.66441
0.927733 0.146784 0.251426  1.66897
0.932178  0.15322 0.234304  1.67743
0.918876 0.160745 0.265032  1.65916
0.918371 0.176217 0.263938  1.65894
0.923277 0.164758 0.257961  1.66606
0.932466 0.153046 0.227772  1.67807
0.928061 0.151994 0.217468  1.67098
0.925423 0.161059 0.242586  1.66831
0.924245 0.173189 0.231616  1.66368
0.920826 0.172126 0.254702   1.6606
0.925723  0.16666 0.225888  1.66557
0.926807 0.150876 0.214205  1.66924
 0.92468 0.155588 0.214467  1.66967
0.927851  0.16886 0.223623  1.67077
0.922649 0.158924 0.219583  1.66511
0.926652 0.160893 0.214635  1.67336
 0.756071  0.144086 -0.474718    1.4022
 0.758427  0.149304 -0.471011   1.40524
 0.751826     0.148 -0.478243   1.39618
  0.75186  0.151966 -0.479817   1.39784
  0.75989  0.149183 -0.463352   1.40483
 0.749467  0.156697 -0.480921   1.39456
 0.746374  0.158547 -0.480528   1.38844
0.757623 0.173813 -0.46308  1.40388
 0.744719  0.171587 -0.477932   1.38634
   0.7589  0.150852 -0.464859   1.40391
 0.746614  0.179762 -0.474147   1.38974
0.757472 0.163913 -0.45201  1.39816
  0.76388  0.179174 -0.459765   1.41519
0.758683 0.171012 -0.46418  1.40669
 0.761951  0.191345 -0.467459   1.41713
 0.755973  0.171091 -0.466321   1.40207
  0.910645   0.297778 -0.0864798    1.65104
 0.901287  0.319219 -0.031783   1.63303
  0.917022   0.293016 -0.0824208    1.66345
0.908351 0.295583 0.019869  1.63842
 0.926272  0.268758 0.0823284   1.67339
 0.929916  0.275145 0.0359052    1.6821
 0.917545  0.289352 0.0881238   1.66073
0.916027 0.277827 0.114675  1.65562
 0.94103 0.137522 0.169719  1.69318
0.913361 0.260795 0.144181  1.64605
0.909975  0.24966 0.181115  1.64055
0.937986 0.133618 0.180927  1.68715
0.911478  0.21473 0.236044   1.6455
 0.92622 0.247836 0.133172  1.67054
0.906962 0.204838 0.267366  1.64323
0.911547 0.184691 0.270766   1.6498
0.930785 0.148748  0.21481  1.67617
 0.93323 0.148777 0.191987  1.67963
 0.763375  0.176587 -0.460868   1.41522
 0.756066  0.182791 -0.473405   1.40682
   0.7707  0.199295 -0.459483   1.43254
 0.75686 0.191945 -0.46446  1.40876
0.936627 0.136086 0.190657  1.68654
0.946263 0.146052 0.133859  1.70105
0.945024  0.14732 0.122557  1.69596
0.927381 0.152558 0.209097  1.67062
 0.941555  0.198848 0.0825526    1.6911
0.933875  0.24071 0.105414  1.68371
0.921988 0.236861 0.167136  1.66219
0.930951 0.166869 0.194472   1.6752
 0.761238  0.153843 -0.463984   1.40803
 0.761036    0.1539 -0.464796   1.40808
 0.761244  0.154253 -0.467151   1.40971
 0.760203  0.154513 -0.464803   1.40655
 0.760553  0.154154 -0.464801   1.40721
 0.761077  0.153815 -0.468056   1.40986
 0.759709  0.162844 -0.466327   1.40829
 0.760241  0.154364 -0.464378   1.40643
   0.7605   0.15397 -0.468314   1.40885
 0.759821  0.150481 -0.464476   1.40552
 0.759313  0.149678 -0.476557   1.40946
  0.74986  0.162501 -0.481051   1.39514
 0.753622   0.15622 -0.481497   1.40185
 0.759899  0.149643 -0.468656   1.40712
0.760026 0.155321 -0.46325  1.40558
 0.760402  0.159547 -0.467928   1.40942
 0.759869  0.155091 -0.463741   1.40549
 0.760495  0.160071 -0.468008   1.40964
 0.760002  0.154629 -0.463845   1.40573
 0.760833  0.154547 -0.467325   1.40902
 0.760536  0.154012 -0.465004   1.40719
 0.759662  0.155478 -0.464794   1.40574
 0.760578  0.154146 -0.466508   1.40806
 0.760045  0.153993 -0.468691   1.40821
 0.752318  0.160436 -0.481803    1.4002
 0.751738  0.165606 -0.481021    1.3996
 0.749701   0.16808 -0.479683   1.39511
0.758651  0.16231 -0.46324  1.40522
 0.759679  0.162021 -0.467956   1.40886
 0.753896  0.159371 -0.460039   1.39382
 0.754059  0.156387 -0.472949   1.39903
 0.760281  0.161197 -0.469489   1.41028
0.759869  0.15612 -0.46348  1.40563
  0.75831  0.152471 -0.466783   1.40392
 0.760281  0.157785 -0.464879   1.40741
 0.760077  0.155765 -0.462993   1.40577
 0.760245  0.155527 -0.462785   1.40581
 0.760599  0.155715 -0.462755   1.40658
0.759735 0.156821 -0.46503  1.40625
  0.76013  0.156147 -0.462653   1.40578
 0.937023  0.238716 0.0774909   1.68913
 0.939817  0.244593 0.0669109   1.69697
 0.936639  0.240125 0.0259244   1.68721
 0.942658   0.22833 0.0250655   1.69905
  0.910775   0.295186 -0.0349216    1.64578
  0.925173   0.269211 0.00240407    1.66911
0.935312 0.143637 0.237717  1.68423
0.927431 0.148418 0.243342  1.66798
0.931449 0.151174 0.236877  1.67664
0.919077 0.157606 0.250863  1.65242
0.916871 0.163209 0.249437  1.64793
0.920277 0.152929 0.249563  1.65352
0.922555 0.165363  0.24386  1.66286
0.924991 0.152791 0.247185   1.6645
0.929726 0.154913 0.235459  1.67234
 0.93074 0.151345 0.224262  1.67526
0.929727 0.146594 0.209621  1.67439
0.919817 0.160735 0.231026  1.65779
0.930754 0.146304 0.201803  1.67614
0.929649 0.154514 0.230722   1.6722
0.924431  0.15614 0.215198  1.66553
0.928921 0.153664  0.22499  1.67172
0.929091 0.164096 0.220488  1.67467
0.931173 0.167247  0.21591  1.67882
0.921981  0.16864 0.235279   1.6579
0.920559 0.154376 0.223025  1.66078
0.921816 0.158553 0.232285  1.66206
0.925224 0.154221 0.220893  1.66558
0.916431 0.168263 0.246792  1.64707
0.928889 0.153578 0.238228  1.67144
0.919881 0.166336 0.240479  1.65361
0.916191 0.160873 0.250643  1.64583
0.925699 0.152207 0.241976  1.66466
0.919721 0.162805 0.242647  1.65293
0.917638 0.193312 0.240368  1.65384
0.912677 0.195916 0.252344  1.64684
0.918213 0.183108 0.249439  1.65531
0.922757 0.170762 0.253249  1.66448
0.923757 0.164488 0.242724  1.66558
0.922453 0.167626 0.234576  1.65959
0.922998 0.162582 0.230109  1.66101
0.920635 0.170707 0.241572  1.65896
0.921375 0.155299 0.220285  1.66256
0.921224 0.161134 0.226071  1.66029
0.921248 0.156811 0.222865  1.66246
0.925224 0.165982  0.22745  1.66614
 0.756739  0.149478 -0.478845   1.40543
 0.756962   0.14996 -0.465577   1.40029
 0.759584  0.152326 -0.466518   1.40614
  0.75828  0.150794 -0.465039   1.40285
 0.751174  0.157524 -0.481515   1.39711
 0.755661  0.160707 -0.459374   1.39744
 0.756121  0.168649 -0.468062   1.40314
  0.75751  0.152608 -0.466105   1.40222
 0.753416  0.166687 -0.469127   1.39762
 0.753909  0.159822 -0.471933   1.39901
 0.752712  0.171268 -0.479152   1.40163
 0.751476  0.174408 -0.476823    1.3983
  0.915424   0.299382 0.00604715     1.6563
  0.932429   0.276614 -0.0183449     1.6894
0.921462  0.25773 0.137519  1.66332
 0.93638 0.229465 0.129881  1.68882
0.921111 0.228384 0.190639  1.66191
0.936436 0.154383 0.179802  1.68432
0.921482 0.168484 0.243421  1.66138
0.913694 0.211901 0.241434   1.6501
0.921327 0.207507 0.227292  1.66315
0.914712 0.200442 0.250615  1.65216
0.924749 0.221498 0.186566  1.66691
0.920276 0.212111 0.211638   1.6586
0.932491 0.148037 0.195521  1.67931
0.933789 0.216524 0.168984  1.68477
0.928961 0.158099 0.204218  1.67301
0.935655 0.151886 0.181956  1.68408
 0.938624  0.240583 0.0994303    1.6949
 0.929855   0.26262 0.0813491   1.67915
0.940027 0.191033 0.119743  1.68899
0.933114  0.23432 0.129222  1.68267
0.760663 0.154539 -0.46874   1.4094
 0.759649  0.155335 -0.466725   1.40652
 0.759515  0.155915 -0.465715   1.40592
 0.760216  0.154877 -0.466701    1.4076
 0.755586    0.1534 -0.472789   1.40134
 0.760036  0.154464 -0.466609   1.40706
 0.758202  0.149867 -0.464759   1.40234
  0.75943  0.156438 -0.467808   1.40687
 0.755688  0.151493 -0.472489   1.40089
  0.75893  0.154435 -0.469422   1.40655
  0.75966  0.156134 -0.464533   1.40571
 0.759552  0.160185 -0.470071    1.4089
 0.759695  0.155146 -0.469297   1.40785
 0.759614  0.159145 -0.468151   1.40782
 0.754091   0.15455 -0.466013   1.39574
 0.759743  0.155193 -0.465922   1.40638
 0.760197  0.155002 -0.468933   1.40864
 0.759521  0.155651 -0.468659   1.40727
 0.754316  0.176816 -0.476187   1.40416
 0.757466  0.180506 -0.472618   1.40931
 0.752065    0.1622 -0.470788     1.395
 0.755571  0.162266 -0.456335   1.39604
 0.757063  0.161865 -0.463851   1.40214
 0.757414  0.160825 -0.465929   1.40361
 0.758448  0.161515 -0.468409   1.40643
 0.758511  0.159176 -0.470432     1.407
 0.759306  0.160647 -0.469825   1.40832
 0.759638  0.157582 -0.466054   1.40665
 0.757935  0.159924 -0.469765   1.40569
0.759772 0.158305 -0.46866  1.40828
   0.92007   0.291612 -0.0443646    1.66675
  0.930694   0.259824 -0.0478402    1.68171
0.928207 0.154134 0.238296  1.66951
0.920706 0.159554 0.244964  1.65479
0.921099 0.157125  0.24444  1.65519
0.928459 0.154056 0.233373  1.66976
0.919023 0.162166 0.244022  1.65126
0.927932 0.153204 0.227713  1.66965
0.919137  0.15687  0.22846  1.65609
0.927032  0.15149 0.220268  1.66888
0.919101 0.201762 0.231392  1.65741
0.924889   0.1549 0.231428   1.6636
0.927952 0.151946 0.210235  1.67139
 0.92357 0.187989 0.223361   1.6645
0.920944 0.164096 0.237293  1.65592
0.919217 0.154984 0.223791  1.65767
0.924606 0.155589 0.237176  1.66187
0.920069 0.158236 0.227401  1.65828
0.924033 0.155838 0.243428  1.66155
0.918614 0.156119 0.225537   1.6554
 0.92535 0.156537 0.239591   1.6636
0.921538 0.158246 0.239455  1.65582
0.920225 0.179378 0.253707  1.66045
0.923996 0.153693 0.218775  1.66417
0.924178 0.153495 0.223851  1.66346
0.920215 0.178662 0.235796  1.65774
0.920353 0.159056 0.232253  1.65944
0.920074 0.159893 0.234629   1.6552
0.918655 0.155056 0.224318  1.65624
0.920586  0.16316 0.232758  1.65647
 0.757012  0.151381 -0.465815    1.4009
0.757632 0.151114 -0.47156   1.4043
 0.753516  0.154408 -0.472981   1.39738
 0.754878  0.158128 -0.462484   1.39672
 0.755555  0.153509 -0.466107   1.39861
 0.752309  0.157867 -0.472559   1.39547
 0.754171  0.164382 -0.470063   1.39953
 0.753956  0.157872 -0.464994   1.39568
0.927299  0.23963 0.161728  1.67479
0.931406 0.216122 0.149012    1.676
0.924272 0.210616 0.208523  1.66735
0.932965 0.172265 0.181381  1.67863
0.919342 0.188996 0.247461  1.65879
0.924082 0.175778 0.212181  1.66328
0.926708 0.165756 0.205259  1.66882
0.919937   0.1987 0.237219  1.65979
0.928699 0.154784 0.202589  1.67275
0.926569 0.191786 0.209829  1.66969
0.930523  0.16218 0.193127  1.67519
0.926352  0.19575 0.195305  1.66703
0.939103 0.162093 0.156348  1.68825
0.931147 0.207689 0.179668  1.67814
 0.93145 0.175944 0.181898   1.6745
0.938265 0.177501 0.151495  1.68622
 0.759382  0.154452 -0.468947   1.40709
 0.757007   0.15901 -0.467863   1.40323
 0.755408  0.152157 -0.466003   1.39784
 0.759038  0.155907 -0.470513   1.40734
 0.758525  0.154937 -0.469567   1.40591
 0.757257  0.151568 -0.465355   1.40107
0.759569  0.15677 -0.46645  1.40657
 0.759302  0.157282 -0.467509   1.40659
 0.759165  0.156524 -0.468527   1.40664
 0.759325  0.158627 -0.469575   1.40787
 0.759357  0.155752 -0.469425   1.40735
 0.758618  0.157798 -0.470818   1.40714
 0.756234  0.159926 -0.466382   1.40121
 0.755978  0.153605 -0.465617   1.39922
 0.759036   0.15915 -0.470369   1.40777
 0.753935   0.15703 -0.463012   1.39482
 0.759268  0.157934 -0.469917   1.40781
 0.757056  0.156536 -0.468872   1.40317
0.926361 0.155978 0.234294  1.66548
 0.92168 0.155253 0.226572  1.65874
0.922371 0.157026  0.23395  1.65878
0.926068 0.155553 0.228503  1.66607
0.925027 0.154916  0.21495  1.66607
0.919078 0.156363 0.224776  1.65597
0.921152 0.175895 0.239966  1.66081
0.921741 0.155506 0.222957  1.66022
0.918759 0.156356 0.225382  1.65579
0.919941 0.158672   0.2279  1.65738
0.920326 0.161891 0.237657  1.65439
0.921305  0.15917 0.234028  1.65695
0.920953 0.159514 0.238586  1.65567
0.923314 0.158571 0.237697  1.65963
0.920862 0.161237 0.221613  1.65938
0.921134  0.18627 0.225762  1.65874
0.920341 0.165773 0.228841  1.65795
0.919868 0.161439 0.230856  1.65807
 0.755568  0.155501 -0.464779    1.3985
 0.757798  0.155217 -0.469378   1.40456
0.925704 0.162413 0.214265  1.66793
0.934785 0.179575  0.16787  1.68052
0.927712 0.177337 0.196101  1.66913
0.923656 0.191448 0.212581  1.66289
0.921883 0.158239 0.220631  1.66104
0.925588 0.158062 0.209923  1.66743
0.926653 0.172262 0.210798  1.66882
0.921238 0.168876 0.223211   1.6598
0.930537 0.204658 0.180568  1.67628
0.930616 0.197688 0.191444  1.67697
 0.757224  0.157385 -0.468852   1.40371
0.759122 0.156777 -0.47013   1.4074
0.758803 0.157495 -0.46997  1.40679
 0.757018  0.153131 -0.466265   1.40141
 0.756139  0.154914 -0.465703    1.3999
 0.756409  0.158077 -0.468086    1.4019
 0.758003   0.15837 -0.470569   1.40584
 0.757772   0.15603 -0.469391   1.40469
0.923339 0.157467 0.232105  1.66083
0.922333  0.15676 0.219528  1.66112
0.919948 0.157163 0.227148  1.65631
0.922818 0.155825  0.22421   1.6612
0.921738 0.171206 0.223617  1.65963
0.920682 0.156977 0.223184  1.65812
0.919671 0.164279  0.22849  1.65751
0.920198 0.158678 0.224908  1.65814
0.921806 0.183158 0.233209  1.66179
0.924259 0.166471 0.215084  1.66506
  0.9201  0.15917 0.230983  1.65624
0.920166  0.15744 0.231663  1.65633
0.920697 0.156885 0.226777    1.658
0.919579 0.157861 0.223785  1.65719
 0.755444  0.156041 -0.464851   1.39843
 0.754909  0.156307 -0.465825   1.39783
0.922843 0.160272 0.216208  1.66268
0.921101 0.165212 0.227811   1.6599
0.923134 0.164141  0.22087  1.66348
0.923746 0.172646 0.221571   1.6644
 0.758849  0.156663 -0.470496    1.4071
 0.758349  0.156949 -0.470882   1.40643
