0.874474 0.335925 0.154699  1.58854
0.878932 0.320324 0.176979  1.59698
0.866136 0.337049 0.168526  1.57359
0.869598   0.3272 0.179487  1.58006
0.861007   0.3376 0.182714  1.56664
0.865125 0.329734 0.175731  1.57002
0.873313 0.323991 0.175061  1.58514
0.872711 0.327113 0.163746  1.58287
0.760792 0.156485 -0.46364  1.40744
 0.76092 0.156329 -0.46373  1.40773
  0.79296  0.133159 -0.405142   1.44644
 0.787265  0.133857 -0.412239   1.43752
 0.790529  0.136797 -0.411639   1.44487
 0.788034  0.119722 -0.411831   1.43695
 0.783349   0.12464 -0.419929   1.43156
  0.78686  0.124266 -0.417427   1.43785
 0.799792  0.122126 -0.391733   1.45331
 0.795218  0.113959 -0.398575   1.44527
0.807821 0.102776 -0.37281  1.46013
 0.800843  0.117043 -0.395925   1.45692
 0.788672   0.12865 -0.416001   1.44178
 0.792093  0.121292 -0.410011   1.44516
 0.795732  0.129512 -0.406642   1.45275
0.792472  0.12485 -0.40757  1.44527
  0.962502   0.110668 -0.0483862    1.72932
  0.962242   0.112095 -0.0425514    1.72897
  0.961388   0.114958 -0.0455896    1.72733
  0.961891   0.110844 -0.0439334    1.72784
   0.96199   0.113359 -0.0368462    1.72869
  0.961704   0.114403 -0.0314707    1.72835
  0.960936   0.117266 -0.0344964    1.72681
   0.96141   0.112871 -0.0333502    1.72729
  0.959949   0.124293 -0.0428085    1.72514
 0.960295  0.123808 -0.037158   1.72584
  0.961663   0.111752 -0.0387033    1.72756
  0.960826   0.115313 -0.0366817    1.72617
  0.961111   0.115176 -0.0408325    1.72667
  0.961273   0.115739 -0.0398845    1.72722
0.930328 0.151603 0.229477  1.67258
 0.762466  0.155613 -0.462044   1.41053
 0.760879  0.155584 -0.464164   1.40772
 0.761184  0.156643 -0.464589   1.40882
 0.761448  0.156816 -0.465121   1.40967
 0.761712  0.156644 -0.465158   1.41022
 0.762038  0.156315 -0.464195   1.41054
 0.765604  0.157869 -0.461842   1.41701
 0.763778  0.155434 -0.459819   1.41218
 0.763214  0.154844 -0.459651     1.411
 0.764703  0.154945 -0.459705   1.41396
 0.767589  0.155738 -0.461274   1.42045
 0.769808  0.152631 -0.455991   1.42266
 0.782004   0.14081 -0.424924   1.43342
0.777786 0.141808 -0.43366  1.42856
  0.78064  0.144515 -0.433339   1.43502
 0.760819  0.156636 -0.463564   1.40748
 0.760783  0.156707 -0.463635   1.40748
 0.761259  0.157115 -0.464854    1.4093
 0.760661  0.156747 -0.463846   1.40733
 0.760628  0.156661 -0.464124   1.40738
 0.760618  0.156465 -0.464411   1.40747
 0.760422  0.156403 -0.464582   1.40713
  0.76198  0.155862 -0.462617   1.40977
 0.760442  0.156064 -0.464741   1.40718
 0.761679  0.156514 -0.464475   1.40992
 0.760923  0.156156 -0.463767   1.40773
   0.7608  0.155409 -0.464401   1.40764
0.760869 0.156121 -0.46382  1.40761
 0.804077  0.223316 -0.420557   1.48813
0.802688 0.218705 -0.42452   1.4863
 0.808096   0.21907 -0.422335   1.49438
 0.805234  0.220311 -0.423481   1.49131
 0.800483  0.213702 -0.429239    1.4826
 0.796686  0.208653 -0.436429   1.47724
 0.804191  0.206719 -0.432929    1.4884
 0.801127  0.209443 -0.434439   1.48561
 0.813126  0.214032 -0.421515   1.50163
 0.812487  0.205051 -0.426759   1.50071
   0.8231  0.205052 -0.411319   1.51426
 0.816175  0.209024 -0.425327   1.50892
 0.803511  0.215446 -0.427967   1.48897
 0.808513  0.208509 -0.431081   1.49714
 0.809621  0.215855 -0.425252   1.49831
 0.807052    0.2132 -0.426208   1.49265
 0.728866  0.159099 -0.456765   1.34464
 0.729776  0.157646 -0.456634   1.34612
 0.726935  0.159248 -0.453864   1.33853
 0.724658  0.160364 -0.452594   1.33265
  0.72522  0.157949 -0.453091   1.33363
 0.726275  0.158953 -0.453242    1.3361
 0.728026  0.154787 -0.454817   1.34043
0.725781 0.155646 -0.45342  1.33452
  0.72653  0.153363 -0.453666   1.33576
 0.727426  0.154352 -0.453905   1.33795
 0.728028  0.158267 -0.454271   1.34082
 0.726747  0.156663 -0.453639   1.33685
 0.728436  0.155945 -0.454893   1.34159
 0.727303  0.156916 -0.454278   1.33903
 0.783688  0.146571 -0.424336    1.4379
 0.778273  0.152157 -0.432775   1.43128
 0.780236  0.151669 -0.422513   1.43033
 0.953856  0.125425 0.0526855   1.71541
0.953343 0.134586 0.057688   1.7144
 0.954054  0.134025 0.0513638   1.71541
 0.953747  0.135147 0.0557184   1.71554
 0.953611  0.140927 0.0458107    1.7131
 0.952724  0.146291 0.0543306   1.71277
 0.952512  0.147384 0.0624546   1.71278
0.775626 0.152563 -0.43794  1.42793
 0.950347  0.155908 0.0756904   1.70697
 0.771004  0.155836 -0.449911   1.42356
   0.959996    0.118708 -0.00626083     1.72613
    0.95955    0.119628 -0.00116418     1.72542
  0.959278   0.121624 -0.0048394    1.72468
   0.959527    0.117981 -0.00455515     1.72501
  0.959123   0.121002 0.00432682     1.7248
  0.958701   0.122138 0.00993786     1.7242
  0.958299   0.126067 0.00568363    1.72313
  0.958592   0.120622 0.00536789    1.72355
   0.958482     0.12571 -0.00335694     1.72282
    0.95823    0.124778 -0.00151662     1.72206
    0.959053      0.11931 -0.000192635      1.72427
    0.958217     0.124074 -0.000919937      1.72255
  0.958983   0.121366 -0.0038083    1.72397
    0.958882      0.12256 -0.000304167      1.72399
0.767866 0.158152 -0.46127  1.42147
 0.762545  0.155182 -0.460307   1.40991
 0.766072  0.158787 -0.461946   1.41817
 0.760461  0.156686 -0.464342   1.40715
 0.762447  0.156171 -0.460408   1.40993
 0.760542  0.156835 -0.464059    1.4072
 0.761109  0.157191 -0.465138   1.40904
 0.760863  0.156573 -0.463832   1.40777
0.932935 0.162155 0.175493  1.68055
  0.93218  0.151172 -0.227952    1.6848
 0.932418  0.158052 -0.219016    1.6858
 0.929519  0.161849 -0.227951   1.68208
 0.931275  0.153058 -0.225883   1.68375
 0.926025  0.188037 -0.231769   1.68283
 0.928919  0.161755 -0.221718   1.68063
 0.929542   0.16447 -0.220515   1.68242
 0.945471  0.153353 0.0814411   1.70291
  0.94904  0.159012 0.0773458   1.70905
 0.948448  0.154082 0.0816126   1.70664
 0.947369  0.154567 0.0819163   1.70499
 0.951638  0.153157 0.0792849   1.71193
 0.952826  0.147343 0.0791235   1.71322
 0.950406  0.156281 0.0815572   1.70913
  0.94971  0.156303 0.0816377   1.70822
 0.950388  0.156875 0.0780489   1.70961
 0.950714  0.128927 0.0719923   1.71049
 0.949525  0.129653 0.0773787   1.70834
 0.950718  0.138949 0.0773809   1.71024
  0.95007  0.129495 0.0723379   1.70898
 0.947261  0.132455 0.0842655   1.70403
 0.944023  0.141056 0.0880728   1.69814
 0.948291  0.147838 0.0856612   1.70603
 0.946848  0.138564 0.0820845   1.70365
 0.950687  0.152319 0.0818944   1.70982
 0.950359  0.152362 0.0826171   1.70887
 0.948734  0.131422 0.0773648    1.7066
 0.94915 0.147155 0.080419  1.70735
 0.950288   0.14158 0.0767936    1.7091
 0.949578  0.141744 0.0823553   1.70822
 0.952618  0.146294 0.0662374   1.71303
 0.952689   0.14508 0.0678965   1.71299
 0.953205  0.134947 0.0604624    1.7146
 0.953656  0.126299 0.0569918   1.71549
  0.95285  0.127157 0.0610745   1.71405
 0.953117  0.126553 0.0573418   1.71421
  0.95225  0.136611 0.0685618   1.71302
 0.952229  0.128115 0.0647035   1.71308
  0.95152  0.128416 0.0677492   1.71186
 0.951821  0.128348 0.0649572   1.71211
 0.952901  0.135182 0.0609865   1.71372
 0.952409  0.127882 0.0610318   1.71305
 0.952302  0.136799 0.0637123   1.71263
0.952725 0.135234 0.064065  1.71372
    0.955  0.139716 0.0433071   1.71683
 0.954911  0.138264 0.0451237   1.71632
 0.955797  0.130756 0.0386914   1.71898
 0.956449  0.124366 0.0356699   1.72044
 0.955891  0.124218 0.0406869   1.71938
 0.955903  0.123679 0.0368668   1.71905
 0.954625  0.133939 0.0503125   1.71695
   0.9553  0.124736 0.0464205   1.71837
0.954512  0.12541 0.052002    1.717
 0.954623  0.124579 0.0472448   1.71672
0.955477 0.130599 0.039582  1.71806
 0.955287  0.124097 0.0414134    1.7179
 0.954607  0.132869 0.0430013   1.71629
 0.955347  0.130845 0.0434275   1.71809
 0.953895  0.153468 0.0499202   1.71437
  0.961892   0.105882 -0.0779132    1.72762
  0.960771   0.113523 -0.0725149    1.72592
  0.960176   0.113038 -0.0836203    1.72509
  0.960877   0.112823 -0.0822597    1.72667
  0.959168   0.127442 -0.0684017    1.72424
  0.957529   0.122497 -0.0926804    1.72122
  0.958183   0.122516 -0.0910365    1.72267
  0.959256   0.128915 -0.0781071    1.72516
 0.734066  0.272055 -0.392009    1.3484
 0.732444  0.263892 -0.398362   1.34562
0.741479 0.262625 -0.39137   1.3606
 0.738131  0.267548 -0.396982   1.35791
 0.731275  0.255857 -0.404129   1.34363
 0.730456  0.248152 -0.409238   1.34224
 0.738761   0.24759 -0.402774   1.35622
 0.735522  0.251497 -0.408219   1.35322
 0.746934  0.257565 -0.395355    1.3737
 0.748002  0.251867 -0.397125   1.37502
 0.736714  0.259387 -0.402932    1.3554
0.742244 0.251426 -0.40109  1.36383
 0.744354  0.258879 -0.395554   1.36756
 0.739751  0.254795 -0.397763   1.35775
0.943482 0.147659 -0.17436  1.70251
 0.945904  0.150391 -0.166123   1.70748
 0.945966  0.133449 -0.178557   1.70543
 0.946979  0.127517 -0.185859   1.70748
 0.949566  0.124442 -0.176388   1.71156
 0.946891   0.13044 -0.178214   1.70621
0.950738 0.129111 -0.15821  1.71298
0.952323 0.121016  -0.1657  1.71593
 0.954532  0.116573 -0.154127   1.71875
 0.951995  0.124104 -0.155673   1.71381
 0.946615  0.138185 -0.169899   1.70621
0.949369 0.127307 -0.16744  1.70983
 0.949176  0.135547 -0.158388   1.71012
  0.94831  0.131906 -0.169511   1.70927
  0.75623  0.226946 -0.425625   1.40111
  0.72575   0.18419 -0.445067   1.33551
 0.727595   0.18189 -0.445433   1.33973
 0.728498  0.185177 -0.443571   1.34118
 0.72655 0.183369 -0.44408  1.33701
 0.730271  0.180953 -0.448937   1.34776
 0.732396   0.18719 -0.445284   1.35138
 0.729347  0.184952 -0.445871   1.34479
 0.729248  0.183074 -0.446255   1.34436
 0.727926   0.16852 -0.453902   1.34304
 0.728582  0.166894 -0.453894   1.34402
 0.725984   0.16912 -0.450643    1.3367
0.723672 0.170813 -0.44969  1.33105
 0.723785  0.168054 -0.450613   1.33126
0.725214 0.169203 -0.45063  1.33445
 0.726237   0.16402 -0.452488   1.33724
 0.723996  0.165455 -0.451366    1.3316
0.724219 0.162831 -0.45209  1.33195
0.725517 0.163953 -0.45217   1.3349
 0.727065  0.167892 -0.451331   1.33907
 0.725297  0.166557 -0.451429   1.33455
 0.726993  0.165269 -0.452416   1.33905
 0.725935  0.166451 -0.451514   1.33652
 0.731598   0.15093 -0.457803   1.34915
 0.732735  0.149615 -0.457566   1.35108
  0.72967  0.150648 -0.455267   1.34326
 0.727422  0.151256 -0.453717   1.33721
 0.728365  0.149136 -0.453818   1.33881
 0.729096  0.150038 -0.454105   1.34067
 0.731504  0.146824 -0.455424   1.34637
 0.729351  0.147178 -0.453741   1.34042
 0.730461  0.145284 -0.453616   1.34227
 0.731015  0.146107 -0.453959   1.34379
 0.730782    0.1499 -0.455422    1.3455
 0.729966  0.148056 -0.454088   1.34207
  0.73162   0.14787 -0.455628   1.34696
 0.730429   0.14864 -0.455267    1.3444
 0.774813  0.154295 -0.446923   1.43014
0.931558 0.150207 0.175437  1.67717
0.894791 0.102429 0.159262  1.59833
0.932864 0.146491 0.204909  1.67724
0.925965 0.139863 0.198787  1.67066
 0.92499 0.136958 0.197155  1.66494
 0.92902 0.146441 0.220332  1.67098
0.931404 0.150604 0.234942  1.67599
0.930428 0.152375 0.232384  1.67306
0.887636 0.238853 0.260846  1.61067
0.891674 0.224735 0.267703  1.61841
0.882262 0.235269 0.267855  1.60169
0.884571 0.227131 0.271394  1.60621
0.878343 0.230349 0.273968  1.59609
0.881652 0.229405 0.270234  1.59981
0.887334 0.227838 0.268622  1.60982
0.886471 0.231776 0.263765  1.60741
0.930544 0.150527 0.232814  1.67339
0.931475 0.134201 0.235919  1.67685
0.933039 0.106071 0.220223  1.67864
   0.916532 -0.00777932    0.287356     1.66356
 0.925412 0.0226985  0.274825   1.67533
   0.934792 -0.00620351    0.249857     1.69171
 0.925165 0.0072711  0.256426   1.67012
 0.929589 0.0485191  0.264649   1.68102
0.930667 0.060967 0.246984   1.6783
 0.936707 0.0557472  0.242279   1.69176
0.931672 0.057879 0.245844  1.68054
  0.94377 0.0181536  0.216549   1.70302
 0.940663 0.0420164  0.219484   1.69536
 0.947662 0.0430297  0.196549   1.70806
 0.944712 0.0327859  0.198902   1.70094
 0.92971 0.035665 0.248707  1.67682
 0.937695 0.0416823  0.221808   1.68863
 0.938235 0.0129458  0.220713   1.69033
  0.93571 0.0273414  0.244266   1.68995
0.937852 0.177515  0.17118  1.68808
0.940338 0.162306 0.175031  1.70024
0.928629 0.144926 0.199683  1.67751
0.944092 0.193656 0.210133   1.6994
0.942678 0.198001 0.219258  1.69705
0.940897 0.202555 0.229643  1.69431
0.939626 0.195293 0.232026  1.69234
0.929592 0.146833 0.219628  1.67185
0.935545  0.20071 0.245169  1.68487
0.925907 0.135969 0.199093  1.66661
0.922257 0.125291 0.174815  1.65862
   0.854185 0.000673161   0.0892719     1.55187
0.914632 0.136685 0.169053  1.64323
0.928588 0.123304 0.240582  1.67283
0.928826 0.150905 0.232594  1.66914
0.929654 0.131306 0.245628  1.67536
0.930597 0.141638 0.242173  1.67577
0.931295 0.148429 0.239126   1.6765
0.942074 0.190047 0.220714  1.69747
0.931762 0.153019 0.228402  1.67709
 0.94353 0.185234 0.210546  1.70139
0.935699 0.152515 0.205999  1.68553
0.940102 0.162554 0.190934  1.69496
 0.782777  0.120102 -0.424194   1.43197
 0.781794  0.113462 -0.421733   1.42759
 0.787162  0.115459 -0.416255   1.43669
 0.784355  0.116151 -0.418033    1.4316
 0.779429  0.107086 -0.422202   1.42173
 0.77406 0.103616 -0.42387  1.41034
0.780602 0.100297 -0.41641  1.42015
 0.779264   0.10408 -0.420367   1.41981
 0.793461  0.108185 -0.405848   1.44416
 0.789125 0.0971075 -0.405804   1.43301
 0.800408 0.0943933 -0.389355   1.44979
 0.795663   0.10117 -0.396613   1.44349
  0.78275  0.109875 -0.417867   1.42706
  0.78654  0.101905 -0.410959   1.43053
  0.78901  0.110316 -0.408877   1.43619
 0.786046  0.106163 -0.414808   1.43215
 0.775647   0.14561 -0.446382   1.43055
 0.765208  0.160641 -0.460274   1.41639
  0.75229  0.125233 -0.449902   1.38227
 0.754468  0.123527 -0.449313   1.38623
0.749738 0.123247 -0.44912  1.37607
  0.74686  0.122771 -0.447506    1.3687
 0.748904   0.12067 -0.446352   1.37196
 0.749089  0.121816 -0.447211   1.37306
 0.754248  0.119428 -0.446286   1.38324
 0.751032  0.118588 -0.444891   1.37524
 0.753515  0.116375 -0.442996   1.37902
 0.753603  0.117783 -0.444234   1.38015
 0.751142  0.123146 -0.448476   1.37862
 0.751174  0.119829 -0.445906   1.37634
 0.753549  0.121106 -0.447075   1.38251
 0.751782  0.121273 -0.447708   1.37919
 0.770033  0.160203 -0.450421   1.42264
 0.738447  0.211814 -0.431535   1.36233
 0.743571  0.221265 -0.424055   1.37139
 0.733813  0.214425 -0.427203   1.35008
 0.736237  0.219416 -0.423327   1.35416
 0.730655  0.219502 -0.427738   1.34449
 0.732426  0.216817 -0.424753   1.34632
0.737678 0.218267 -0.42615   1.3593
 0.736827  0.215428 -0.427139    1.3573
0.832289 0.227179 -0.40021  1.53394
 0.836993  0.225602 -0.394854   1.54127
 0.830952  0.229677 -0.396101   1.53228
 0.832891  0.227237 -0.396817   1.53366
 0.841997  0.224013 -0.389128   1.54921
  0.84732  0.221837 -0.382829   1.55753
 0.840697  0.227185 -0.384603   1.54771
  0.84272  0.224115 -0.385127     1.549
 0.829933  0.233773 -0.389763   1.53053
 0.834436  0.235808 -0.385491   1.53914
 0.837577  0.225715 -0.391296   1.54093
  0.83778  0.229857 -0.385827   1.54248
 0.832506  0.231116 -0.392249    1.5344
 0.835744  0.228239 -0.390658   1.53964
0.744183 0.132937 -0.45496  1.36978
 0.741076  0.136555 -0.455476   1.36435
 0.742394  0.131711 -0.452871   1.36448
 0.740617  0.133756 -0.453253   1.36135
 0.740695  0.131288 -0.451294   1.35954
 0.741091  0.132291 -0.452772   1.36177
 0.741227  0.134955 -0.454517   1.36376
0.743229  0.13329  -0.4542  1.36744
 0.848016  0.222013 -0.378479   1.55717
  0.84886  0.227147 -0.371647   1.55997
 0.842328  0.228962 -0.380096   1.54989
 0.846099  0.225249 -0.378023   1.55595
 0.849691  0.235176 -0.363297    1.5631
 0.836669   0.23655 -0.379573   1.54185
 0.839632  0.232433 -0.378192   1.54588
 0.845895  0.235279 -0.372163   1.55805
 0.873553  0.229793 -0.329989   1.60257
 0.859064  0.231701 -0.350492   1.57835
 0.872285  0.217369 -0.338608   1.59664
 0.864996  0.220826 -0.349728   1.58567
 0.870878  0.210294 -0.347794   1.59265
 0.868812  0.214536 -0.347215   1.59124
 0.862234  0.225792 -0.348996   1.58259
 0.868865    0.2296 -0.341702   1.59589
 0.899096  0.184288 -0.307467   1.63641
  0.90479  0.179779 -0.297712   1.64548
 0.899114  0.189095 -0.298327   1.63625
 0.900376  0.185826 -0.300965   1.63752
 0.910333  0.174134 -0.286926   1.65388
 0.915003  0.168121 -0.276563   1.66043
0.910423 0.178049 -0.27629  1.65357
 0.911502  0.175628 -0.279309   1.65454
 0.896546  0.206602 -0.295353   1.63632
  0.90316  0.207971 -0.286166   1.64934
0.906118 0.181305 -0.28988  1.64635
 0.908523   0.18873 -0.277301   1.65167
 0.901355  0.193355 -0.290431   1.63992
 0.904651  0.185652 -0.288423   1.64522
 0.915359  0.188615 -0.256811    1.6638
 0.921059  0.190439 -0.246707   1.67513
 0.918589  0.169319 -0.258639   1.66534
 0.919291  0.163558 -0.266988    1.6668
 0.923984  0.159405 -0.256687   1.67426
 0.919915  0.165744 -0.259702   1.66659
 0.927829  0.158377 -0.234962   1.67902
0.928316 0.154184  -0.2454  1.68059
 0.931866  0.148847 -0.234945   1.68541
0.928851 0.156282  -0.2373   1.6801
 0.920216  0.174273 -0.249562   1.66772
 0.924627  0.161629 -0.247962   1.67377
   0.9262  0.169795 -0.235617   1.67747
 0.923182  0.166241 -0.247928   1.67269
0.931221 0.169335 -0.21544  1.68622
 0.935677  0.171648 -0.205483   1.69528
 0.934226  0.150659 -0.217352   1.68824
 0.935163  0.144713 -0.225454   1.69024
 0.938735  0.140873 -0.215372   1.69585
 0.935401   0.14738 -0.217862   1.68943
 0.941312  0.139296 -0.193959   1.69831
 0.941886  0.135886 -0.204537   1.70026
 0.944541  0.131156 -0.194828   1.70391
 0.942091  0.138248 -0.196648   1.69943
 0.935398  0.155896 -0.207907   1.68987
 0.939016  0.143521 -0.206446   1.69491
  0.94012   0.15154 -0.194094   1.69754
  0.93777  0.147751 -0.206811   1.69385
0.732954 0.194479 -0.44195  1.35242
 0.737169   0.20218 -0.436634   1.35998
 0.729635  0.196257 -0.438205   1.34309
0.731464 0.200327 -0.43541  1.34618
 0.727335  0.199858 -0.438295   1.33855
 0.728543  0.198159 -0.436357   1.34012
 0.732573  0.199436 -0.437962   1.35038
 0.731755  0.197219 -0.438652   1.34852
 0.734524  0.243948 -0.413007    1.3514
 0.738891  0.237039 -0.411794   1.35833
  0.74177  0.243662 -0.406523   1.36328
 0.736947  0.240038 -0.408598   1.35322
 0.744863  0.233521 -0.415849   1.37313
 0.750849  0.245783 -0.405561   1.38365
0.743559 0.242219 -0.40852  1.36868
 0.743046  0.237868 -0.410359   1.36727
0.956276  0.11591 -0.11282  1.71854
  0.95671  0.117639 -0.111686   1.71988
 0.955695   0.11452 -0.129766   1.71833
 0.956336  0.112232 -0.143128   1.72091
 0.957944  0.108891 -0.133143   1.72307
  0.95627  0.116015 -0.134875   1.72004
 0.958753  0.107622 -0.112673   1.72276
 0.959052  0.105736 -0.124102   1.72427
 0.959878  0.103599 -0.116042   1.72514
 0.959155  0.109415 -0.118388   1.72432
 0.956511  0.119204 -0.122882   1.72018
 0.957901  0.112915 -0.126074   1.72254
 0.958147  0.116885 -0.114948    1.7229
  0.95745  0.111746 -0.121426   1.72122
 0.851508  0.234252 -0.338297   1.55957
0.863924 0.240313  -0.3241  1.58412
 0.950959 0.0414004  0.158751    1.7086
  0.95502 0.0655488  0.147892   1.71803
 0.956161 0.0356467  0.148497   1.72033
 0.954586 0.0386955   0.14919   1.71616
 0.955735 0.0858072 0.0925717   1.71527
 0.955486 0.0791125  0.124425   1.71704
 0.960717 0.0234106  0.104343   1.72662
 0.961506 0.0612231 0.0772966   1.72721
 0.963634 0.0319195 0.0483592   1.73201
  0.96236 0.0154457 0.0714716   1.72842
 0.956143 0.0551148  0.121349   1.71697
 0.959564 0.0534142 0.0906868   1.72285
 0.958715 0.0225086  0.110415   1.72179
 0.958367 0.0588726  0.112083    1.7218
 0.895355  0.190561 -0.310555   1.63026
 0.896829  0.196477 -0.300614   1.63365
 0.892326  0.201855 -0.308709    1.6279
 0.894531  0.192626 -0.306245   1.62927
 0.890167  0.223849 -0.308791   1.63203
 0.893062  0.202268 -0.300469   1.62876
 0.894096  0.202939 -0.299656   1.63113
 0.960902  0.106374 -0.111105   1.72754
0.961657 0.105789 -0.10166  1.72855
0.959522 0.111331 -0.10795   1.7247
 0.960366  0.104572 -0.104418   1.72537
  0.962374    0.10599 -0.0929077    1.72975
  0.962762   0.105774 -0.0844145    1.73017
  0.960516   0.112493 -0.0905167    1.72626
  0.961544   0.105646 -0.0861176    1.72715
 0.957364  0.122195 -0.105948   1.72156
  0.958054   0.123336 -0.0978787     1.7228
  0.960945    0.10507 -0.0954605     1.7262
  0.959751   0.110814 -0.0929908    1.72426
 0.959388   0.11066 -0.100598   1.72376
   0.96009   0.111004 -0.0991979    1.72548
0.930319 0.142122 0.225174  1.67226
 0.951013  0.128864 0.0680068   1.71067
 0.950885  0.139214 0.0719586   1.71022
 0.951946   0.13719 0.0687809   1.71213
 0.951419  0.137188 0.0720025   1.71162
  0.95245  0.145696 0.0680311   1.71225
  0.95155  0.149446 0.0691495   1.71003
 0.951962  0.146399 0.0711166   1.71232
 0.950813  0.152737 0.0763203   1.70977
 0.951488  0.144317 0.0754138   1.71103
 0.829378  0.423151 0.0300427   1.51603
 0.840021  0.407462 0.0056925   1.53061
 0.845861  0.402134 0.0365521   1.54156
0.837317 0.401365 0.024251  1.52151
  0.854407   0.389363 -0.0124151    1.55512
 0.861563  0.387367 0.0425067   1.57005
  0.85221  0.388489 0.0336842   1.54883
  0.853129   0.386187 0.00565492    1.55006
0.931312 0.143356 0.235518  1.67561
 0.928521 0.0889388  0.249388   1.67472
0.927457 0.106521 0.238904  1.67017
0.926261 0.101095  0.25625  1.67186
0.939756 0.101242 0.189044   1.6896
0.937461 0.102043 0.194585  1.68468
 0.913743 0.0986253  0.287775   1.65352
 0.918659 0.0882369  0.277914   1.66104
 0.912432 0.0854051  0.297358   1.65388
  0.91529 0.0861273  0.285605   1.65538
 0.922586 0.0785934  0.267824   1.66622
 0.927876 0.0724077  0.249213   1.67302
 0.924586 0.0615805   0.26871   1.67093
 0.925477 0.0647324  0.263965   1.67112
0.910107 0.063066 0.300029  1.65022
 0.918776 0.0456976  0.280564   1.66219
   0.9069 0.0279828  0.296116   1.64435
 0.914156 0.0381502  0.295349   1.65669
 0.920647 0.0739855   0.27647   1.66399
 0.921915 0.0536872  0.282229   1.66866
 0.914686 0.0681717  0.294665   1.65681
 0.918336 0.0715361  0.285704   1.66249
0.868734  0.29832 0.223148  1.57942
0.873108 0.300584 0.212055  1.58549
0.875599 0.291204  0.22013  1.59025
0.872212 0.293511   0.2172  1.58254
0.879874 0.301959 0.200824  1.59721
0.883286  0.28651 0.218138  1.60416
0.878821 0.289501 0.216638  1.59466
0.878504 0.293685 0.207175  1.59314
0.927602 0.150092 0.232287  1.66567
0.927109 0.115194 0.251051  1.67134
 0.88897  0.11282 0.297738  1.60893
0.897225 0.108795 0.304396  1.62644
 0.889107 0.0931561  0.303752    1.6092
0.892784 0.107312 0.303733  1.61928
0.904616 0.103942  0.30212  1.63929
 0.911265 0.0995043  0.289896   1.64853
 0.908589 0.0864439  0.300682    1.6462
0.908076 0.100765 0.302233    1.647
  0.89271 0.0650221  0.306979   1.61634
 0.904976 0.0642266  0.304553   1.64007
 0.901469 0.0296388  0.302758    1.6336
 0.898642 0.0593818  0.308354   1.63057
0.900667 0.103385 0.307768  1.63485
 0.904138 0.0842538  0.307281   1.64073
 0.894346 0.0865738  0.309221   1.62282
 0.899701 0.0887555  0.306446   1.63067
 0.919721 0.0948128  0.278026   1.66294
 0.917256 0.0977417  0.278179   1.65742
 0.922412 0.0977378  0.261864   1.66385
 0.927264 0.0846078  0.260557   1.67471
0.923904 0.081697 0.265209   1.6677
 0.922419 0.0967387  0.269604   1.66684
 0.778975  0.116012 -0.424558   1.42336
 0.776296   0.12224 -0.430852   1.42183
0.778855 0.119312 -0.42581  1.42421
 0.770433  0.117563 -0.434888   1.41086
 0.769765  0.123817 -0.440416   1.41329
0.771137 0.120469 -0.43511  1.41281
 0.776949  0.110858 -0.425079   1.41843
 0.772039  0.112237 -0.430678    1.4111
 0.773376  0.106504 -0.426918    1.4109
 0.773795  0.108884 -0.428244   1.41306
 0.774782  0.119294 -0.433012   1.41931
0.771947 0.114484 -0.43214  1.41211
 0.776532   0.11369 -0.427146   1.41912
 0.774812  0.116258 -0.429463   1.41707
 0.77211 0.150754 -0.45483  1.42701
  0.81821   0.22749 -0.415786   1.51108
 0.820912  0.228074 -0.412903   1.51571
  0.81601     0.229 -0.414025   1.50821
 0.817979  0.227761 -0.414223   1.50987
 0.824118  0.228347 -0.409319   1.52096
 0.827909  0.228054 -0.405093     1.527
 0.821839  0.230521 -0.406647    1.5179
0.824108 0.228504 -0.40685  1.51977
 0.812442  0.231542 -0.409137   1.50164
 0.815604  0.233395 -0.405498   1.50731
 0.820693  0.228284 -0.410868   1.51427
0.819215 0.231003 -0.40778  1.51283
  0.81613  0.229867 -0.411806   1.50785
 0.818682  0.229754 -0.410744   1.51265
 0.816378  0.226483 -0.417722   1.50777
 0.813714    0.2258 -0.418727    1.5043
 0.815883  0.224818 -0.418646   1.50679
 0.815233  0.225296 -0.418182   1.50529
 0.810927  0.224583 -0.418824   1.49956
 0.806704  0.225643 -0.419556   1.49392
 0.810071  0.221674 -0.421716   1.49886
 0.809657  0.223906 -0.419331   1.49736
 0.816714  0.221969 -0.418162   1.50769
  0.81432  0.218508 -0.421404   1.50523
 0.820018  0.216857 -0.414254   1.51168
 0.817177  0.217509 -0.417458   1.50727
 0.812663  0.224244 -0.418993   1.50192
 0.812628  0.220512 -0.420117    1.5015
 0.815321  0.222579 -0.418684    1.5051
 0.813475  0.223006 -0.419999   1.50379
0.930824 0.146182 0.231682  1.67381
   0.96526 -0.0383091  0.0339247    1.73903
 0.957528 -0.076523  0.103192    1.7273
  0.959506 -0.0244016    0.10142    1.72499
   0.95975 -0.0279294    0.09943    1.72836
 0.938431 -0.075765  0.193194   1.69547
  0.913341 -0.0320174   0.260026    1.64934
 0.937703 -0.028087  0.211484    1.6898
  0.931304 -0.0515533   0.252693    1.69173
  0.95455 0.0035029   0.14896   1.71642
    0.947191 -0.000917047     0.176779      1.70269
 0.949699 0.0248991  0.159389   1.70523
 0.950352 0.0129674  0.174373      1.71
  0.948016 -0.0583628   0.181884    1.71546
   0.94519 -0.0213424   0.205195    1.70643
   0.955074 -0.00709557    0.157343      1.7208
 0.950553 -0.039093  0.160771   1.71186
 0.88365  0.19569 0.289059  1.60533
0.887673 0.202389 0.285427   1.6114
0.890697 0.193978 0.287077   1.6173
0.887288 0.196482 0.286794  1.61002
0.892842 0.207057 0.278359  1.61951
0.898742 0.190981 0.280692  1.63024
0.893241 0.194651 0.283654   1.6197
0.891922 0.198981 0.280096  1.61648
0.890409 0.125285 0.292692  1.61204
0.891734 0.133257 0.290751  1.61535
0.896448 0.134092 0.298216  1.62562
0.893197  0.13155 0.292112  1.61901
0.891427 0.141219 0.291302  1.61565
0.890044 0.149816 0.292484   1.6138
0.895484 0.151181  0.29568  1.62439
0.891981 0.148574 0.292087  1.61805
0.900768 0.139787  0.29643  1.63278
0.900455 0.147699 0.292891  1.63171
0.905846  0.13919 0.288242   1.6398
0.901731  0.14292 0.296036  1.63496
0.893017 0.140055 0.291239  1.61921
0.897218  0.14876 0.296919  1.62837
0.897839 0.139973 0.298348  1.62943
 0.89624 0.142831 0.296512  1.62562
 0.760923  0.156424 -0.463852   1.40788
 0.761088  0.156271 -0.463921   1.40824
 0.761365  0.156499 -0.464685   1.40923
 0.760776  0.155492 -0.464678   1.40773
 0.760725  0.155643 -0.464771    1.4077
 0.760822  0.155466 -0.464499   1.40773
0.760638 0.156181 -0.46463  1.40756
 0.760699   0.15538 -0.464608   1.40753
 0.768022  0.157714 -0.457688    1.4205
0.760595 0.155501 -0.46475  1.40741
 0.744609  0.131672 -0.454122   1.36993
 0.746239   0.13027 -0.453743   1.37285
 0.742688  0.130515 -0.452527   1.36465
 0.740536  0.130351 -0.450718   1.35869
0.741924 0.128493 -0.45023  1.36097
 0.742193  0.129425 -0.450773   1.36203
 0.745718  0.127018 -0.451256   1.36958
 0.743364  0.126681 -0.449514   1.36324
 0.744992  0.124747 -0.448639   1.36579
 0.745204  0.125819 -0.449361   1.36685
 0.743754   0.13019 -0.452272   1.36666
 0.743583  0.127669 -0.450153   1.36426
 0.745345  0.128316 -0.451705   1.36931
 0.744038  0.128738 -0.451819   1.36671
 0.760677  0.155887 -0.464755   1.40764
 0.762238  0.155357 -0.463962   1.41076
 0.765673  0.156473 -0.461725   1.41684
 0.766968  0.155702 -0.462294   1.41962
 0.769371  0.154494 -0.461211   1.42404
 0.767434  0.122588 -0.441786   1.40891
 0.763334  0.118547 -0.440663   1.39913
 0.767619  0.116651 -0.436503    1.4056
0.766342 0.119312 -0.43862  1.40449
 0.760721  0.115456 -0.440896   1.39317
 0.756569  0.114107 -0.440472   1.38366
 0.760111  0.111743 -0.437529   1.38914
  0.75997  0.113403 -0.439233   1.39007
 0.768908  0.111149 -0.433003   1.40551
  0.76403  0.109353 -0.433853   1.39506
 0.768675  0.106654 -0.429399   1.40216
 0.768285   0.10896 -0.431893   1.40303
 0.762973  0.116213 -0.439101   1.39704
 0.763763  0.111281 -0.435957   1.39597
  0.76734  0.114269 -0.435204   1.40385
 0.764477  0.113407 -0.437242   1.39875
 0.760229  0.155504 -0.465105   1.40691
 0.763414  0.153103 -0.459348   1.41108
 0.773219  0.148068 -0.447525   1.42589
 0.776639  0.125241 -0.430501   1.42251
 0.774801  0.133263 -0.437235   1.42298
 0.770159  0.125927 -0.439324   1.41334
 0.775095  0.129557 -0.436875   1.42315
 0.764381  0.130599 -0.448889   1.40663
 0.778981  0.137348 -0.435575   1.43175
 0.781531  0.128485 -0.428563   1.43255
 0.785078  0.138002 -0.425253    1.4399
   0.7811   0.13253 -0.426164    1.4308
 0.767654   0.15161 -0.461789   1.42025
 0.760705  0.156708 -0.463627   1.40731
 0.760637  0.156838 -0.463808   1.40728
 0.761878  0.156605 -0.462704   1.40973
0.761332 0.157092 -0.46517   1.4095
0.764361 0.158237 -0.46192  1.41461
 0.762252  0.157517 -0.460719   1.40983
  0.76191  0.155643 -0.464195   1.41016
 0.735953  0.153357 -0.462482   1.36155
 0.760505  0.155744 -0.464799   1.40729
 0.767238  0.160436 -0.458092    1.4196
0.761676 0.156231 -0.46515  1.41007
 0.763652  0.156561 -0.459943   1.41218
0.761374 0.156229 -0.46469   1.4092
 0.759458  0.162907 -0.446644   1.40088
 0.761073  0.156017 -0.463949   1.40818
 0.760281  0.156128 -0.465321   1.40721
  0.76106  0.155966 -0.463874   1.40808
 0.761927  0.156007 -0.465242   1.41063
 0.760905  0.155463 -0.464138   1.40781
 0.760854  0.155575 -0.464266    1.4077
 0.760623  0.155165 -0.464593   1.40742
 0.760864  0.155799 -0.464026   1.40765
 0.760962  0.155731 -0.463917   1.40786
0.760923 0.155852 -0.46395  1.40775
 0.789339  0.142872 -0.412546   1.44383
0.795199  0.14198 -0.40436  1.45258
 0.789902  0.151441 -0.406436   1.44374
  0.79103  0.143612 -0.406204   1.44459
 0.804227  0.138687 -0.390064   1.46537
 0.820285  0.140491 -0.368892   1.49286
 0.802067  0.155863 -0.383705    1.4612
 0.806177  0.142875 -0.379717   1.46643
0.788771 0.158019 -0.40138  1.44038
 0.793116  0.162972 -0.393841   1.44724
  0.78666  0.168707 -0.402219   1.43779
 0.789384   0.16161 -0.398909   1.44129
 0.796917  0.141424 -0.393942   1.45143
 0.796409  0.154818 -0.390509    1.4517
 0.790713  0.151644 -0.399578   1.44246
 0.795572  0.151155 -0.395088   1.45091
 0.786227  0.146259 -0.411384   1.43699
 0.786161  0.150633 -0.412044   1.43817
  0.78447  0.158347 -0.403776    1.4322
 0.782871  0.164813 -0.407729   1.43183
 0.780543  0.155431 -0.421006   1.43135
 0.782847  0.157949 -0.412488   1.43268
 0.73572 0.143715 -0.45735  1.35587
 0.737039  0.142183 -0.456989   1.35808
 0.733761  0.143246 -0.455153   1.35016
0.731583 0.143523 -0.45335  1.34409
 0.732769   0.14173 -0.453192   1.34612
  0.73326  0.142465 -0.453536   1.34749
 0.735775  0.139713 -0.454824   1.35341
 0.733834  0.140095 -0.452973   1.34788
 0.734846  0.138447 -0.452783   1.34956
 0.735325  0.139128 -0.453098   1.35087
 0.734877  0.142624 -0.455167   1.35236
 0.734284  0.140784 -0.453325   1.34916
 0.735932  0.140619 -0.455126   1.35413
 0.734711  0.141436 -0.454856   1.35157
  0.72963  0.160387 -0.456997   1.34667
 0.729565  0.165124 -0.455255   1.34649
 0.727431  0.160431 -0.453889   1.33984
 0.727267  0.162952 -0.452995   1.33944
 0.725767   0.16144 -0.452756   1.33526
 0.726322  0.161496 -0.453079   1.33721
 0.727968  0.163306 -0.455128   1.34266
 0.728647  0.161794 -0.455161   1.34374
 0.764763  0.162557 -0.454937   1.41414
0.770612 0.156708 -0.45577    1.425
 0.762664  0.154284 -0.461618   1.41063
 0.748962  0.133068 -0.455537   1.37997
 0.752973  0.130245 -0.454607   1.38732
0.760254 0.156511 -0.46528   1.4072
0.764931  0.15285 -0.46035  1.41441
 0.760299  0.156825 -0.465082   1.40725
 0.766997  0.160504 -0.453967   1.41792
 0.762781  0.156783 -0.460459   1.41068
 0.760408  0.156963 -0.464715   1.40731
 0.761835  0.156325 -0.461232   1.40903
0.761444 0.156726 -0.46335  1.40911
0.760823 0.157223  -0.4641  1.40823
  0.76008  0.156726 -0.465212   1.40684
 0.761569  0.157009 -0.464547   1.40981
 0.760671  0.157041 -0.464228   1.40763
 0.761077  0.156823 -0.464608   1.40864
 0.761456  0.156988 -0.461424   1.40845
 0.760907  0.156938 -0.464386   1.40819
 0.760778  0.157434 -0.465213   1.40852
0.760708 0.156711 -0.46363  1.40732
 0.760726  0.156968 -0.464423   1.40784
 0.942814  0.154021 0.0751104   1.69664
0.947914   0.1567 0.039872  1.70797
 0.949151  0.156439 0.0644093   1.70832
 0.946571  0.165963 0.0659518   1.70714
   0.958521    0.128583 0.000146965     1.72974
  0.965934  0.0711717 -0.0152695    1.74243
 0.959408  0.119055 0.0311718   1.72648
  0.95917 0.0970812 0.0266126   1.72685
 0.952911   0.14669 0.0643215   1.71354
 0.956004  0.132753 0.0544507   1.71864
 0.953944  0.145747 0.0730121   1.71534
 0.954076  0.139776 0.0693139    1.7155
 0.951414  0.151666 0.0392827   1.71581
 0.955582  0.130449 0.0515671   1.71883
 0.951495  0.153629 0.0639926   1.71315
 0.953611  0.144338 0.0410413    1.7162
  0.86448  0.372104 0.0876574   1.57237
0.873088 0.354961  0.11938  1.58827
 0.85472  0.37733 0.105193  1.55494
0.860573 0.365736 0.121772  1.56541
0.848986 0.380952 0.123884  1.54734
0.853934 0.368638 0.116418  1.55077
0.864552 0.360527 0.116463  1.57063
0.863004 0.362823 0.100864  1.56631
  0.805506   0.433038 -0.0983308    1.47603
 0.814859  0.411666 -0.117857   1.48746
   0.82747   0.410491 -0.0888273    1.51071
   0.81376   0.410841 -0.0993465    1.48159
0.828808 0.389464 -0.13506  1.51162
  0.850874   0.386617 -0.0836289    1.55236
   0.83204   0.396988 -0.0940338    1.51547
 0.826215  0.389924 -0.111954   1.50163
  0.869494   0.350283 -0.0767436    1.57824
 0.956372  0.123728 0.0318584   1.71987
 0.955817  0.130415 0.0358703   1.71866
  0.95622   0.13028 0.0288978   1.71918
 0.956125  0.131503 0.0333968    1.7196
 0.955479  0.135111 0.0219666   1.71643
 0.954857  0.140626 0.0305911   1.71633
 0.954817  0.141308 0.0390983   1.71652
  0.953633   0.133242 -0.0976896    1.71446
  0.955536   0.147858 -0.0755477    1.71936
 0.956722  0.134282 0.0196378   1.71979
  0.95664  0.132841 0.0214639   1.71932
 0.957587  0.127338 0.0169343   1.72201
 0.958253  0.122651 0.0152839   1.72344
 0.957748  0.122981 0.0202627   1.72251
 0.957789  0.122095 0.0163721    1.7223
  0.95667   0.13054 0.0276901   1.72042
  0.95735  0.123869 0.0254969   1.72192
 0.956921  0.124346 0.0306915   1.72126
 0.956828  0.123585 0.0262998   1.72064
 0.957316  0.127274 0.0175821   1.72128
 0.957281  0.123063 0.0206944   1.72142
0.956576 0.129475 0.020722  1.71979
 0.957211  0.127661 0.0213178   1.72127
 0.958185  0.121486 0.0112745   1.72293
 0.957577  0.126718 0.0138959   1.72169
  0.957857   0.125775 0.00701003    1.72199
 0.957853  0.127608 0.0116503   1.72249
   0.956936    0.128251 -0.00164894     1.71913
  0.956495   0.134995 0.00771697    1.71926
  0.95653  0.135767 0.0155875    1.7195
   0.959901    0.116748 -0.00950934      1.7255
   0.959264     0.12023 -0.00747261     1.72433
 0.959566  0.117867 -0.013719   1.72454
  0.959557   0.120856 -0.0101502    1.72506
 0.959117  0.126515 -0.014023    1.7237
  0.958472   0.122849 -0.0147106    1.72237
   0.958388    0.126165 -0.00768886     1.72263
 0.951642  0.153492 0.0529077   1.70866
  0.959282   0.129445 -0.0205597    1.72451
  0.959661   0.127858 -0.0161796    1.72522
  0.960518    0.11877 -0.0237981    1.72635
   0.96142   0.115206 -0.0262878    1.72801
  0.961156   0.115401 -0.0212463    1.72766
  0.960917   0.114394 -0.0229907    1.72679
  0.959988   0.118001 -0.0150826    1.72548
  0.960788    0.11581 -0.0163113    1.72711
  0.960408   0.117354 -0.0113188    1.72668
  0.960288   0.115248 -0.0145571    1.72597
  0.960287   0.117905 -0.0199557    1.72575
  0.960671   0.114463 -0.0185541    1.72649
  0.960063   0.117166 -0.0167081    1.72535
   0.96037   0.118071 -0.0190448    1.72612
  0.961138   0.113887 -0.0281177      1.727
  0.960358   0.118541 -0.0246614    1.72581
  0.960537   0.117212 -0.0309449    1.72592
  0.960648   0.118638 -0.0293611    1.72648
  0.959482   0.122611 -0.0343957    1.72376
  0.959082   0.124192 -0.0329244    1.72342
  0.959005   0.128729 -0.0263474    1.72378
  0.962084    0.10961 -0.0495487    1.72805
  0.961164   0.115102 -0.0459972    1.72673
  0.961166   0.113045 -0.0521976    1.72653
  0.961442   0.113453 -0.0516424    1.72729
   0.95981   0.125226 -0.0539746    1.72509
  0.959849   0.115009 -0.0529924    1.72389
  0.959729   0.121434 -0.0486097    1.72438
 0.953576   0.14951 0.0279889   1.71228
  0.959414   0.120301 -0.0694584    1.72409
 0.959938  0.125089 -0.061684   1.72566
   0.96126   0.112322 -0.0723809    1.72712
  0.963079   0.106138 -0.0762096    1.73061
  0.963185    0.10619 -0.0682393     1.7306
  0.962217   0.106597 -0.0692601    1.72816
  0.961447   0.111301 -0.0574067    1.72707
  0.963027   0.107086 -0.0609311    1.73017
  0.962797   0.108895 -0.0543986    1.72979
 0.962239  0.107918 -0.055607   1.72819
  0.961001    0.11378 -0.0651676    1.72637
  0.962325   0.106931 -0.0619749    1.72831
  0.961276   0.113791 -0.0568748    1.72679
  0.961446    0.11228 -0.0649433    1.72731
0.949192 0.188531  0.01542  1.70663
 0.955063  0.149505 -0.122768   1.72309
 0.947333  0.149914 -0.154004   1.70905
 0.954946  0.130281 -0.130916   1.71906
 0.951342  0.133757 -0.147801   1.71356
0.954283 0.119967  -0.1448  1.71711
 0.953125  0.123745 -0.145939   1.71581
 0.949347  0.139045 -0.151743   1.71145
 0.952357  0.147918 -0.142639   1.71888
 0.947155  0.170185 0.0629514    1.6995
 0.944568  0.133773 -0.187796   1.70294
 0.944623  0.139662 -0.179538   1.70345
 0.942502  0.142628 -0.187319   1.70051
 0.943895  0.135049 -0.185934   1.70212
 0.939593  0.169583 -0.190277   1.70134
 0.942106  0.141108 -0.179542    1.6989
 0.942494  0.143258 -0.178617   1.70013
  0.958398   0.139189 -0.0364443    1.72318
0.785365 0.401283 -0.21348  1.44018
 0.794261  0.379823 -0.223564    1.4513
 0.804552  0.385996 -0.200449   1.47019
0.792483 0.383043 -0.20941  1.44464
 0.807079  0.362493 -0.235445   1.47629
 0.825148  0.371598 -0.194308   1.50889
 0.808989  0.375573 -0.204375   1.47698
 0.804152  0.367399 -0.215952   1.46578
  0.877037    0.35471 -0.0141446    1.59081
 0.782405  0.328101 -0.310125   1.43497
  0.80191  0.339655 -0.278717   1.46996
 0.773075  0.340525 -0.302219   1.41548
0.783149 0.347815 -0.28477  1.43341
 0.766866  0.357416 -0.297284   1.40801
 0.772073  0.344391 -0.291681   1.41061
 0.786132  0.340592 -0.288578   1.43918
 0.780467  0.333993 -0.296243   1.42706
  0.951511   0.168347 -0.0953104    1.71543
 0.928765  0.230721 -0.135099   1.68066
  0.91577  0.169945 -0.269879   1.66059
   0.9164  0.176741 -0.260704   1.66245
 0.912747  0.181166 -0.269614   1.65783
 0.914793  0.172129 -0.267252   1.65955
  0.90918  0.205601 -0.272316   1.65895
 0.912267  0.181599 -0.263266   1.65672
 0.913128  0.183999 -0.262014   1.65897
 0.750744  0.314125 -0.354143   1.38007
 0.756346  0.301347 -0.355086   1.38736
 0.763299   0.30968 -0.343307   1.39966
 0.754704  0.305282 -0.348135   1.38189
 0.764381  0.293014 -0.359727   1.40496
 0.777805  0.307511 -0.338789   1.42915
 0.765749   0.30514 -0.345524   1.40517
 0.762555  0.298807 -0.350595   1.39828
 0.925708  0.211012 -0.190661   1.67903
 0.875856  0.220847 -0.328849   1.60508
 0.882295  0.224197 -0.321797   1.61829
 0.875509  0.211878 -0.337231   1.60218
 0.876205   0.20642 -0.344772   1.60266
 0.882442  0.201173 -0.335315     1.612
 0.877617  0.206819 -0.338209   1.60342
 0.888962  0.198836 -0.314883   1.62142
 0.888289  0.195609 -0.325889   1.62061
 0.893819  0.189383 -0.316484   1.62849
 0.890195  0.196368 -0.319408   1.62285
 0.878418  0.215026 -0.329573   1.60687
 0.884004  0.201714 -0.328829   1.61328
 0.887059  0.209533 -0.316732   1.62033
 0.882025  0.206128 -0.326821   1.61142
 0.740416  0.275887 -0.390211   1.36198
 0.745547  0.266366 -0.389291   1.36931
 0.750003  0.274166 -0.381483   1.37711
 0.743561  0.269903 -0.384689   1.36372
 0.752648  0.260996 -0.392966   1.38572
 0.761361  0.275035 -0.378702   1.40133
 0.752084  0.271548 -0.383145   1.38253
 0.750771   0.26604 -0.386294   1.37949
 0.756911  0.352709 -0.302214   1.38668
 0.752109  0.342122 -0.317777   1.37833
 0.766524  0.336033 -0.306846   1.40136
  0.76104  0.347363 -0.313773   1.39784
 0.748659  0.330977 -0.332155   1.37254
 0.745637  0.320001 -0.344943   1.36743
 0.759188  0.315777 -0.333845   1.38903
 0.753873  0.325156 -0.341707   1.38538
 0.773912   0.32501 -0.315117   1.41723
 0.773966  0.315932 -0.320407   1.41595
 0.757358  0.336212 -0.328505    1.3915
 0.765004  0.321309 -0.329744   1.40186
 0.769963   0.33081 -0.316921   1.41073
 0.762288  0.325847 -0.321935   1.39437
 0.851711  0.228853 -0.362667   1.56566
  0.85624  0.230902 -0.357914   1.57452
 0.851889  0.223483 -0.370536   1.56535
 0.852958   0.21962 -0.375974   1.56647
 0.858554  0.216499 -0.368735   1.57506
 0.853868  0.219741 -0.371101    1.5664
 0.862971  0.218328 -0.355788   1.58278
 0.864226  0.213666 -0.361343   1.58399
 0.870014  0.209905 -0.353373   1.59285
 0.865134   0.21389 -0.356018   1.58389
 0.853987  0.225371 -0.365196   1.56842
 0.859271  0.216719 -0.363941   1.57468
 0.859855  0.222427 -0.357094   1.57727
 0.857357  0.220319 -0.363467    1.5736
0.816727 0.234017 -0.40177  1.50833
 0.822713  0.231902 -0.403524   1.51875
 0.828195  0.228168 -0.402153   1.52623
 0.828245  0.231914 -0.397184   1.52741
 0.826243  0.230385 -0.401796   1.52471
  0.82795  0.237309 -0.390684   1.52759
 0.820057  0.234247 -0.401785   1.51436
 0.825574   0.23701 -0.396933   1.52496
 0.868891  0.242841 -0.300512   1.58745
0.810805 0.226105 -0.41731  1.49895
 0.807108  0.228224 -0.416564   1.49397
 0.808375  0.226686 -0.414973   1.49428
 0.813573  0.226809 -0.417403   1.50368
 0.816088  0.226837 -0.416764   1.50676
 0.814041  0.228389 -0.415057   1.50425
 0.814798  0.227296 -0.416845   1.50614
 0.810569  0.230404 -0.410048   1.49766
 0.812465  0.227499 -0.417356    1.5021
 0.811172  0.228962 -0.412646   1.49985
 0.813357  0.228807 -0.415407   1.50343
 0.742664  0.309605 -0.357249   1.36281
0.739578 0.299913 -0.36724  1.35746
 0.751024   0.29705 -0.358267   1.37597
 0.746831  0.304533 -0.364814    1.3732
 0.737516  0.290169 -0.376301   1.35399
 0.735891  0.280905 -0.384286    1.3513
 0.746417  0.279062 -0.375591   1.36832
 0.742337  0.285077 -0.382423   1.36526
 0.757267  0.289417 -0.363273   1.39006
  0.75803  0.282164 -0.366409   1.39057
 0.744448  0.294631 -0.374162   1.36904
 0.750958  0.283817 -0.372926   1.37827
 0.754207  0.292581 -0.364693   1.38411
  0.74826  0.287797 -0.368049   1.37142
0.935534 0.145819   0.1912  1.68168
0.932784  0.14736 0.202272  1.67669
0.925827 0.140264 0.199226  1.66976
0.898135 0.232571 0.314582  1.62973
0.922576 0.224173 0.276634  1.66675
 0.808521 -0.112796  0.208363   1.45662
0.938008 0.208185 0.241359  1.69008
0.878146 0.176201 0.363587  1.58901
0.913219 0.203261 0.293263  1.64549
0.930782 0.151363 0.229318  1.67375
0.932878  0.21545 0.255782  1.68248
0.930886 0.151471 0.233173  1.67438
0.931055 0.148828 0.234881  1.67489
0.871328 0.264962  0.25022  1.58215
0.869965  0.27315 0.243868  1.57964
0.876026 0.268573 0.241372  1.58939
0.872546  0.27185 0.245938  1.58581
0.868664 0.281648 0.236929  1.57737
0.867105 0.290169   0.2293  1.57449
 0.87393 0.283638 0.226403  1.58537
0.870046 0.288838 0.231785  1.58152
 0.88099 0.271186 0.233406  1.59759
0.881519 0.274381 0.225399  1.59784
0.871417 0.280282 0.239023  1.58389
0.875855 0.282065 0.230262   1.5902
0.877252 0.274834 0.236908  1.59301
0.874771 0.276718 0.234109  1.58723
0.931088 0.138841 0.229309  1.67462
0.930105 0.149652 0.245451  1.67566
0.931522 0.127028 0.225571  1.67602
 0.92831 0.151777 0.233615  1.66758
0.931639 0.118526 0.238232  1.67895
0.931524 0.153806 0.231349  1.67834
 0.936641 0.0801368  0.208217   1.68386
 0.946288 0.0483622  0.194211     1.704
 0.940741 0.0597348  0.203994    1.6922
0.942081 0.056702  0.20729  1.69642
 0.935217 0.0645489  0.225785   1.68377
0.932543 0.068162 0.228736  1.67824
 0.938042 0.0731295  0.219835   1.68978
0.929519  0.14777 0.229705  1.67053
0.883595  0.26956 0.235998  1.60361
0.887091 0.255588 0.246855  1.61061
0.877865 0.267004 0.244009  1.59379
0.880032 0.258714 0.249344  1.59802
0.873935 0.263514 0.251979  1.58828
0.877093 0.260944  0.24735  1.59142
0.882872 0.258608 0.246513  1.60193
0.882287 0.262527 0.240008      1.6
 0.931973 0.0850903  0.246991   1.68207
0.933421 0.100081 0.231594  1.68229
 0.929849 0.0966867  0.236201   1.67447
0.943942 0.190688 0.200972  1.69872
0.944495 0.178924  0.20076  1.70408
0.930843 0.148781  0.21815  1.67628
0.929212 0.146316 0.198129  1.67803
0.931612 0.151945 0.235255  1.67706
0.931984 0.154696 0.229065  1.67908
0.926856 0.144833 0.222418  1.66473
0.930994 0.184383 0.227986   1.6815
0.928173 0.205248 0.262853  1.67181
0.929599 0.145145  0.24268  1.67403
 0.92172 0.129087 0.198503  1.65576
0.931631 0.153315 0.232791  1.67669
0.920811 0.130846 0.200854  1.65784
0.922993 0.163145 0.259624  1.66598
0.924801 0.131032  0.20438  1.65826
0.932671 0.198042 0.238523  1.68206
0.920733 0.132339      0.2  1.65178
0.925525 0.143274  0.22549  1.66263
 0.907421 0.0975035  0.203773   1.62921
0.883032 0.114586 0.143367  1.58603
0.911184 0.143154 0.308941  1.64253
0.899096 0.111097 0.168229   1.6106
0.912293 0.116969  0.20258  1.63494
0.905856 0.119739 0.167811  1.61989
0.885254 0.240566 0.258972  1.60532
0.885581 0.243974  0.25252  1.60525
0.880591 0.236916 0.265737  1.59775
0.875933 0.231876 0.272759  1.59048
0.874652  0.24005  0.26789  1.58809
0.876987 0.238667 0.269495  1.59366
0.878628 0.251747 0.254086  1.59399
0.873527 0.248308 0.262399  1.58605
0.872392   0.2563 0.256418  1.58388
 0.87489 0.254958 0.258504  1.58992
0.881645 0.243004 0.262232  1.60087
0.875973 0.246912 0.264174  1.59189
0.880292 0.250043 0.257246  1.59813
0.879338  0.24497   0.2601  1.59557
0.890519 0.158034  0.29315  1.61618
0.894885 0.166889   0.2949  1.62422
0.896245 0.157474 0.295814  1.62709
0.894144 0.160146 0.294699  1.62231
0.900236 0.169574 0.288911  1.63163
 0.90572 0.152103 0.289423  1.64205
0.901505 0.154365 0.293376  1.63461
0.899848 0.156453 0.292363  1.63085
0.899907  0.16451 0.289432  1.63154
0.888316 0.159361 0.293715  1.61139
0.886398 0.168913 0.294031  1.60834
0.892841 0.169108 0.294163  1.61967
0.888752 0.167412 0.293855  1.61356
0.884492 0.178491 0.293088  1.60521
0.882709 0.187867 0.291091  1.60218
0.889808 0.186151 0.289465  1.61424
0.885303 0.186124 0.291604  1.60808
0.897674 0.172163 0.287446  1.62577
0.898039 0.177295 0.282823  1.62626
0.887022 0.176823 0.293305   1.6109
0.891825 0.183642 0.291392  1.61885
0.893487 0.175645 0.293582  1.62214
0.891117 0.178109 0.292448  1.61684
0.930201 0.135447 0.237004  1.67424
0.893264 0.274485 0.220031  1.62153
0.931021 0.144755 0.236024  1.67517
0.936241 0.192797 0.224352  1.68915
0.927845 0.132541 0.246736  1.67151
 0.93836 0.187425 0.212168  1.69397
0.928818 0.148961 0.229778   1.6692
0.931697 0.152327 0.229617  1.67725
0.939574 0.182433  0.20079  1.69701
0.930808 0.148519 0.219022  1.67613
0.928122 0.140917 0.201421  1.67305
0.929287 0.148749 0.202454  1.67976
 0.93492  0.18196 0.215294  1.68824
0.927959 0.142426 0.198397  1.67283
0.936127 0.154667 0.181758  1.69178
0.936893 0.154055 0.204095  1.68717
0.931202 0.150893  0.21813  1.67868
0.939587 0.156893 0.202003  1.69148
0.935175 0.156102 0.207239  1.68661
0.936426 0.159168 0.176064  1.69339
0.940221 0.162673 0.202291  1.69397
0.761673 0.121403 -0.44281  1.39728
 0.763181  0.124248 -0.444222   1.40149
 0.755534  0.124617 -0.447721   1.38768
0.759507 0.117895 -0.44216   1.3917
0.755862 0.119889 -0.44517  1.38606
 0.756493  0.115688 -0.441995   1.38463
 0.757127  0.117514 -0.443763   1.38753
  0.75696  0.122503 -0.445345   1.38895
 0.760243  0.120764 -0.444047   1.39488
 0.770614  0.143582 -0.455851   1.42388
 0.751326  0.126837 -0.451181   1.38129
 0.747044   0.13039 -0.453213   1.37421
 0.749205  0.124757 -0.449683   1.37556
 0.746864  0.126952 -0.450734   1.37165
 0.746999  0.123911 -0.448353   1.36969
 0.747525  0.125174 -0.450006   1.37228
 0.747664  0.128522 -0.451747   1.37429
 0.750092  0.126713 -0.451197   1.37874
0.766102 0.154016 -0.46252  1.41765
 0.770351   0.13177 -0.446665   1.41822
 0.771287  0.136259 -0.444006   1.41946
 0.739827  0.138202 -0.455075   1.36184
0.740624 0.136779 -0.45534   1.3634
 0.737607   0.13683 -0.453813   1.35598
 0.735813  0.136884 -0.452403   1.35103
 0.736997  0.135284 -0.451959   1.35293
 0.737271  0.136123 -0.452389   1.35392
 0.739843  0.133909 -0.453531   1.35995
 0.738181  0.133666 -0.451649   1.35492
  0.73927  0.132036 -0.451292   1.35669
 0.739478   0.13291 -0.451758   1.35757
  0.73864  0.136419 -0.453697   1.35799
 0.738398  0.134482 -0.452059   1.35578
 0.739591  0.134927 -0.453759   1.35976
0.738735 0.135345 -0.45353  1.35787
  0.73621  0.137663 -0.452801   1.35225
 0.737593  0.137865 -0.454143   1.35637
 0.736777  0.139169 -0.454773   1.35535
 0.736553  0.138148 -0.454361    1.3544
 0.737955  0.141197 -0.457454   1.36006
 0.737633  0.139839 -0.456291   1.35836
 0.738643  0.139286 -0.455531   1.35987
0.774478 0.159908  -0.4388  1.42742
 0.735762  0.144904 -0.457998   1.35661
 0.733625  0.148777 -0.457961   1.35299
 0.733766  0.144258 -0.455417   1.35055
 0.732542  0.146297 -0.455402   1.34839
  0.73204  0.144329 -0.453757   1.34545
 0.732453  0.145019 -0.455094   1.34774
 0.733213  0.147176 -0.457198    1.3513
 0.734707  0.145745 -0.456904   1.35392
  0.78127  0.175224 -0.412751   1.43159
 0.777168  0.163369 -0.422654   1.42641
 0.778383  0.167838 -0.420587     1.428
 0.731939  0.152132 -0.458235    1.3504
 0.730714  0.156377 -0.457455    1.3483
 0.729858  0.151747 -0.455423   1.34399
 0.729077   0.15401 -0.455023   1.34256
 0.728148  0.152198 -0.454028   1.33909
 0.728621  0.152635 -0.454894   1.34123
 0.729766  0.154663 -0.456982   1.34563
  0.73092  0.153218 -0.456835   1.34762
 0.791731  0.193543 -0.448561    1.4666
 0.793515  0.195238 -0.450925   1.47108
 0.792539  0.201749 -0.446995   1.47103
0.791986 0.203076 -0.44291  1.46919
 0.786173  0.195014 -0.453914   1.45921
 0.790051    0.1995 -0.451612    1.4673
 0.729148  0.169899 -0.453915   1.34592
 0.730233  0.175188 -0.451169   1.34764
0.726809 0.170403 -0.45053  1.33863
 0.727253  0.173174 -0.449127   1.33924
 0.725181  0.172023 -0.449689   1.33441
  0.72583  0.171644 -0.449424   1.33613
 0.727975   0.17325 -0.451395    1.3426
 0.728197   0.17164 -0.451608   1.34282
 0.769788  0.160309 -0.444211   1.42009
 0.728604  0.179399 -0.449116   1.34401
 0.729135  0.177503 -0.449207   1.34471
 0.726482  0.180431 -0.445666   1.33722
 0.723885  0.182772 -0.445163    1.3314
 0.723823  0.179593 -0.446436   1.33132
 0.725571  0.180906 -0.446353   1.33516
 0.726182  0.174546 -0.448312   1.33686
 0.723746  0.176561 -0.447575   1.33117
 0.723744  0.173624 -0.448697    1.3312
 0.725346  0.174829 -0.448631   1.33472
 0.727661  0.178935 -0.446619   1.33987
 0.725407  0.177845 -0.447532   1.33485
 0.727247  0.175932 -0.448106   1.33927
 0.726174  0.177334 -0.446957   1.33661
 0.735083  0.150676 -0.461511   1.35859
 0.737657  0.147904 -0.461069   1.36307
0.724623 0.198014 -0.43863  1.33271
 0.724251  0.193864 -0.440557   1.33206
 0.727977  0.194435 -0.438664   1.33945
 0.726674  0.195593 -0.440334   1.33734
0.724068 0.189964 -0.44223  1.33173
 0.723889  0.186194 -0.443804    1.3314
 0.727156   0.18699 -0.442414   1.33817
 0.726013   0.18778 -0.443664   1.33606
 0.730607  0.192598 -0.442401   1.34729
 0.731011   0.19024 -0.442613   1.34766
 0.726282  0.191593 -0.442069   1.33658
 0.728608  0.188725 -0.442056    1.3414
 0.729412  0.192464 -0.440026   1.34272
 0.727344  0.190485 -0.440601   1.33828
 0.733688  0.169564 -0.459574   1.35892
 0.799702  0.226878 -0.417421   1.48027
 0.788189   0.22716 -0.411421   1.45419
 0.791197  0.231038 -0.410537   1.46097
 0.735394  0.179606 -0.455205   1.36225
 0.738134  0.201722 -0.441496    1.3654
 0.736458   0.19741 -0.442658    1.3615
  0.73507  0.209474 -0.432455   1.35512
 0.735404  0.206436 -0.432854   1.35521
 0.731581  0.212219 -0.427978   1.34527
 0.727085  0.217313 -0.428353   1.33688
 0.726378  0.212218 -0.431245   1.33571
 0.729646  0.214266 -0.430735    1.3427
  0.72984  0.202803 -0.433671   1.34246
 0.725676  0.207235 -0.433883   1.33447
 0.725227   0.20247 -0.436361   1.33375
 0.728151  0.204377 -0.435943   1.34001
 0.733366  0.209651 -0.429933   1.34939
  0.72881  0.209301 -0.433464   1.34122
 0.731972  0.204935 -0.432988   1.34707
 0.730445  0.207254 -0.430933   1.34325
 0.747453  0.207289 -0.438846   1.38486
 0.740445  0.230688 -0.417378   1.36382
 0.741239  0.226589 -0.418206   1.36472
 0.735962  0.234112 -0.413035   1.35202
 0.729849  0.240999 -0.413939   1.34134
 0.729211  0.234573 -0.417934   1.34031
 0.733396  0.237226 -0.417185   1.34933
 0.734087  0.222544 -0.420825   1.34918
 0.728615  0.228521 -0.421598   1.33936
  0.72791  0.222761 -0.425088   1.33823
 0.731698  0.225066 -0.424408   1.34631
 0.738335  0.230996 -0.415843   1.35757
 0.732556  0.230978 -0.420914   1.34782
0.736729 0.225219  -0.4198  1.35488
 0.734779  0.227984 -0.417261   1.35006
 0.817186  0.264414 -0.354697   1.50289
 0.773748  0.245273 -0.395025   1.42456
  0.84655  0.246289 -0.341011    1.5532
 0.800515  0.245726 -0.385869   1.47489
 0.889665  0.238461 -0.270555   1.62401
0.805708 0.275958 -0.35103  1.48362
 0.797379  0.360005 -0.242134   1.45567
 0.797576   0.34854 -0.251026   1.45409
 0.787084  0.375022 -0.230108   1.43532
  0.77408  0.396568 -0.220245   1.41537
 0.769271   0.38628 -0.242415   1.40688
 0.779561  0.391755 -0.236597   1.42984
  0.77853   0.35475 -0.269964   1.42091
  0.76541  0.375034 -0.263647   1.40042
 0.761347  0.363618 -0.283171   1.39358
 0.771342  0.369061 -0.278048   1.41554
 0.791512  0.369801 -0.244899   1.44728
 0.775703  0.380471 -0.258118   1.42317
 0.785486  0.360591 -0.263894   1.43647
 0.782391  0.365143 -0.252012    1.4276
  0.90876  0.226824 -0.231658   1.65352
  0.79258  0.430683 -0.107247   1.44764
 0.785415  0.425414 -0.137775   1.43455
 0.806599   0.40797 -0.126826   1.46877
 0.797445  0.430286 -0.129348   1.46185
 0.781108  0.416922 -0.167339   1.42699
 0.777556  0.406614 -0.193874   1.42053
 0.798263  0.391761 -0.179794   1.45366
 0.788782  0.412606 -0.186693   1.44611
 0.818861  0.388139 -0.142985   1.48998
0.819601 0.375414 -0.15745   1.4889
 0.793002  0.422353 -0.159409   1.45395
 0.805437  0.398374 -0.170995   1.47061
 0.811475  0.405776 -0.146724   1.48231
 0.801608  0.401552 -0.156293   1.46033
 0.939937  0.192383 -0.151973    1.7008
  0.81832  0.423031 0.0214264   1.49103
   0.811732    0.428618 -0.00893612      1.4796
  0.831905   0.406933 -0.0043531    1.51212
    0.823116     0.429907 -9.87443e-05      1.50547
  0.805831   0.431507 -0.0407051    1.46965
  0.799534   0.431781 -0.0732029    1.45889
  0.822436   0.409636 -0.0634246    1.49589
 0.811974  0.434217 -0.064133   1.48676
  0.845589   0.387817 -0.0224267    1.53454
   0.84776   0.378844 -0.0432788    1.53695
  0.817813   0.433292 -0.0317986    1.49666
  0.830603   0.412832 -0.0523499     1.5148
  0.836009    0.41192 -0.0238099    1.52461
  0.827011   0.410534 -0.0345281    1.50419
  0.956823   0.135436 -0.0246412    1.71856
0.842359 0.383035 0.119435  1.53256
 0.836534  0.394515 0.0999742   1.52237
 0.849661  0.378721 0.0988757   1.54333
0.843821 0.393236 0.105744  1.53897
 0.830665  0.405491 0.0770721   1.51229
 0.824526  0.414259 0.0513603   1.50124
 0.841739  0.394303 0.0544498   1.52906
 0.834021   0.41461 0.0597292   1.52324
 0.857903  0.373741 0.0813989   1.55744
 0.858653  0.373211 0.0630189   1.55779
 0.839176  0.404597 0.0839603   1.53169
 0.847512  0.394793 0.0648163   1.54298
 0.851984  0.387147 0.0853653   1.55123
 0.845438  0.388398 0.0771848   1.53621
 0.951155  0.133175 0.0847397   1.70723
0.953497 0.126889 0.110641  1.71434
 0.87004 0.337645 0.150249  1.57834
0.870767 0.339037 0.136679  1.57857
0.863006 0.338524 0.163975  1.56618
0.856635 0.339267 0.179575  1.55658
0.853749 0.349201 0.166911  1.55146
0.858286 0.347851 0.170619  1.56205
0.858173  0.35654 0.134963  1.55771
0.850781 0.359701 0.152735   1.5465
0.847034 0.370493 0.137183  1.54009
0.852687 0.368937 0.141541  1.55302
0.864945 0.346288 0.154554  1.57216
0.855854 0.358154 0.156606  1.55816
0.861934 0.355347 0.141178  1.56672
0.860486 0.348354 0.149767    1.562
0.932555 0.127949 0.224172  1.67854
0.889313 0.336067 0.124356  1.61771
0.876322 0.303913 0.197802  1.58912
0.876815 0.306575 0.187842  1.58915
 0.87066 0.302242 0.208821  1.57971
 0.86549 0.299917 0.221002  1.57191
0.863413 0.309379 0.212314  1.56824
 0.86675 0.307928 0.214804  1.57605
0.867527 0.318968 0.188474  1.57394
0.861282 0.319253 0.202482  1.56458
0.858963 0.328701 0.191638  1.56035
0.862899 0.327358 0.194966  1.56965
0.872116   0.3096 0.202305  1.58422
0.864968 0.317727 0.205201  1.57316
0.870061 0.317541 0.193275  1.58019
0.868886 0.311607 0.198865  1.57677
 0.93129 0.139071 0.228597  1.67519
0.933996 0.127753 0.207154  1.68074
0.924864 0.130365 0.255058  1.66818
0.891434 0.303727 0.181074  1.61872
0.890337  0.20895 0.277448  1.61417
0.890391 0.212728 0.272136  1.61365
0.885912 0.204268 0.283758  1.60737
 0.88111 0.197399 0.288557  1.59958
0.879607 0.206081 0.285391  1.59689
0.881946 0.204531 0.286364  1.60233
0.883423 0.220043 0.275152  1.60281
0.878362 0.214733 0.281592  1.59474
 0.87711 0.223072 0.277319  1.59245
0.879458 0.221579 0.278666  1.59799
0.886798 0.210771 0.281078  1.61016
0.880716 0.213197 0.282674  1.60023
0.885083 0.218146 0.277618  1.60678
0.884333 0.212904 0.279708  1.60469
 0.91702 0.114734 0.279974  1.65959
0.920826 0.122271 0.267183  1.66444
0.915884 0.120839 0.279477  1.65639
 0.91116 0.111754 0.290225  1.64993
0.905171 0.114866 0.302967  1.64211
0.907448 0.120434 0.293459  1.64307
0.907606 0.113601 0.292197  1.64241
0.898959 0.118946 0.304858  1.63167
0.892797 0.121689 0.296853  1.61855
0.898175 0.130319 0.301243  1.62999
0.896491 0.123689 0.301262  1.62546
  0.9027 0.136234 0.298495  1.63743
0.906885 0.132066 0.291792   1.6422
0.905685 0.133661 0.291034  1.63943
0.902416 0.118874 0.300991  1.63555
0.901395 0.129862 0.298754   1.6336
0.905865 0.124604 0.290797  1.63903
0.903417 0.126225 0.301064  1.63854
0.924031 0.146251 0.262057  1.66775
0.912463 0.115657 0.288131  1.65164
0.909975 0.119511  0.28758  1.64603
0.912172 0.125806 0.279226  1.64821
0.909729 0.131044 0.288911  1.64739
0.922566 0.125305 0.262805  1.66443
0.796428 0.205458 -0.44094  1.47827
 0.797536  0.199315 -0.445814   1.47931
 0.804558  0.201903 -0.438927   1.49121
 0.799189  0.202175 -0.441368   1.48113
  0.79698  0.195991 -0.449533   1.47791
0.793377  0.18913 -0.44493  1.46787
 0.800708  0.188106 -0.441512   1.48096
 0.796549   0.18998 -0.443536   1.47354
 0.814608  0.196791 -0.435672   1.50817
 0.810788  0.186407 -0.436606   1.49894
 0.831419  0.185967 -0.425057   1.53694
  0.81627  0.188461 -0.432563   1.50812
 0.799036  0.196844 -0.446898   1.48094
 0.804461  0.189002 -0.439781   1.48751
 0.806699  0.197928 -0.439391   1.49337
 0.804096  0.195286 -0.444588   1.49004
 0.738878   0.19168 -0.448645   1.36862
  0.95671 0.0931583 0.0976755   1.71819
 0.955458  0.139128 0.0793031    1.7185
 0.956047  0.117808 0.0674179   1.71717
 0.961639 0.0626359 0.0732327   1.72723
 0.960228 0.0958828 0.0600019   1.72599
 0.963648 0.0324781 0.0391856   1.73219
 0.962459 0.0862478 0.0447282   1.73059
  0.95777  0.114066 0.0642452   1.72099
0.959461 0.102667 0.088793  1.72535
0.931324 0.137358 0.217581  1.67532
 0.761212  0.155842 -0.464082   1.40853
 0.760829  0.155259 -0.464304   1.40772
 0.761571  0.156038 -0.464929    1.4097
 0.760489  0.155468 -0.465023   1.40739
 0.760365  0.155761 -0.465228   1.40728
 0.760636  0.155306 -0.464747   1.40753
 0.760413  0.155253 -0.464871   1.40714
  0.76224  0.154656 -0.462063   1.40991
  0.76286   0.15361 -0.459706   1.41008
 0.742594  0.138993 -0.459083   1.37006
 0.746123  0.136231 -0.458194   1.37635
 0.762709  0.159126 -0.462631   1.41179
 0.764201  0.153578 -0.459803   1.41273
  0.76706  0.152904 -0.464047   1.42021
0.762049 0.153265 -0.46177  1.40926
 0.757824  0.128173 -0.450157   1.39419
   0.7626  0.127849 -0.448599    1.4033
 0.762011  0.154255 -0.463906    1.4102
 0.762543  0.151872 -0.459582   1.40919
 0.768812  0.149902 -0.462624    1.4231
 0.748039  0.136004 -0.457601   1.37981
 0.769241  0.146193 -0.455961   1.42076
 0.760541  0.156929 -0.464305   1.40737
 0.760446  0.157136 -0.464603   1.40736
 0.761001  0.157399 -0.464971   1.40888
 0.760228  0.157039 -0.464979   1.40708
 0.763672  0.159094 -0.462254    1.4135
 0.761724  0.159418 -0.463057   1.41001
 0.760039  0.156306 -0.465303   1.40674
 0.761809  0.154604 -0.464061    1.4098
0.760099 0.155877 -0.46526  1.40677
 0.761671  0.155541 -0.465302   1.41005
  0.76144   0.15574 -0.464975   1.40941
 0.765379   0.15027 -0.467155   1.41792
 0.761163  0.155597 -0.464139   1.40842
 0.75953 0.155465 -0.46516  1.40574
 0.761023  0.155455 -0.464078   1.40808
 0.760558  0.155057 -0.464603   1.40736
  0.76006  0.155444 -0.465181    1.4067
 0.760785  0.155303 -0.464438   1.40769
  0.76099  0.155547 -0.464053   1.40797
0.760293 0.154984 -0.46475  1.40689
  0.77429   0.16084 -0.430357   1.42367
 0.732057  0.158023 -0.461329   1.35394
0.734092 0.155225 -0.46104  1.35736
 0.739646  0.143154 -0.460415   1.36559
 0.741807  0.150409 -0.467563   1.37398
 0.762272  0.152821 -0.461508   1.40968
 0.733871  0.160896 -0.461883   1.35866
0.765347 0.160313 -0.46231  1.41713
0.759853 0.156328 -0.46563   1.4066
 0.763947  0.160428 -0.463215   1.41475
 0.759919  0.156813 -0.465726   1.40684
 0.760095  0.157176 -0.465641   1.40721
 0.757234   0.16216 -0.456392       1.4
 0.761588  0.157515 -0.461412   1.40882
 0.760995   0.15699 -0.462269   1.40787
 0.760209  0.157228 -0.463255   1.40672
  0.75967  0.156479 -0.465599   1.40624
 0.761143  0.157208 -0.463499   1.40864
 0.760479  0.157353 -0.465224    1.4078
 0.760876  0.157307 -0.465224   1.40862
  0.76087  0.157844 -0.461726   1.40753
 0.760713  0.157363 -0.465143   1.40825
 0.760473  0.157514 -0.465336   1.40796
 0.949978   0.15814 0.0829923   1.70742
 0.95138 0.154633 0.087869  1.71065
 0.88098 0.361326 0.061559  1.60337
0.904628 0.269724 0.195655  1.63826
 0.951773  0.156687 0.0730174   1.71069
 0.955751  0.148739 0.0255208   1.71779
   0.955418    0.144143 0.000637413     1.71614
  0.957354   0.140437 0.00092039    1.72064
   0.95755   0.141956 -0.0153958    1.72147
  0.955851   0.147268 -0.0540699    1.71859
 0.949076  0.168661 0.0350878   1.70315
0.951768  0.16772 0.031976  1.70987
  0.957241   0.130601 -0.0561319    1.71997
  0.84936  0.351859 -0.179408   1.55249
   0.953213    0.159267 -0.00948465     1.71228
   0.95115   0.163835 0.00849753    1.70753
0.943192 0.149126 -0.14555  1.69861
 0.948701  0.163636 -0.128647   1.71217
 0.932773  0.175185 -0.186091   1.68681
 0.827473  0.326981 -0.264433   1.51903
  0.852208   0.366924 -0.0849241    1.54639
 0.844256  0.349955 -0.115673   1.52594
 0.917816  0.194125 -0.225722   1.66509
0.899869 0.211654 -0.26385  1.63837
0.797623 0.304442 -0.32844  1.46873
 0.912796  0.252828 -0.177269   1.65739
 0.880703  0.228604 -0.294998   1.60885
 0.778728   0.27802 -0.372167   1.43788
   0.8921  0.269911 -0.222393   1.62552
 0.829578  0.239837 -0.370656   1.52578
 0.841329  0.244879 -0.358836   1.54838
 0.841466  0.277209 -0.314059   1.54414
 0.811777  0.235654 -0.394449    1.4963
 0.821832  0.241902 -0.385844   1.51617
 0.803577  0.230952 -0.416688   1.48883
0.799604 0.239537 -0.40259  1.47755
 0.808386  0.234041 -0.411888   1.49771
0.919141   0.1286 0.206113  1.65429
 0.903869 0.0749543  0.202677   1.61761
0.919852 0.128579 0.199368  1.65223
0.916252 0.196845 0.281307  1.65149
0.926526 0.201771 0.256612  1.67067
0.903896 0.156529 0.308092  1.62645
0.910457 0.170147 0.297758  1.63992
0.928686 0.150489 0.230723  1.66796
0.920726 0.185772 0.267045  1.65866
0.929204 0.151472 0.233057  1.66979
0.929718 0.149943 0.233046  1.67135
0.930448 0.145939 0.231468  1.67298
0.896155 0.246394 0.245787  1.62604
0.926889 0.151738 0.234437  1.66406
0.931381 0.133053 0.218137  1.67467
0.930978 0.152088 0.239375  1.67635
0.947454 0.069752 0.187452  1.70647
 0.945146 0.0720495  0.200038   1.70293
 0.939124 0.0910172  0.205607   1.69024
 0.944267 0.0956211  0.190202    1.7005
 0.943316 0.0835078   0.19024   1.69712
0.926682 0.151676 0.233968  1.66416
0.927655 0.149822  0.22975  1.66645
0.933784  0.11942 0.207672  1.67905
 0.90421 0.294899 0.123757  1.63405
0.935702 0.110289 0.217448  1.68505
0.938962 0.173034 0.188486  1.69709
0.937361 0.169427 0.191848   1.6929
0.930138 0.150366 0.199713    1.681
0.936804 0.177124 0.204047  1.69234
0.931744 0.155041 0.235155  1.67808
 0.93125 0.156981 0.231087  1.67889
0.932361 0.186095 0.228292  1.68226
0.925636 0.149744 0.233683  1.66076
0.928074 0.188532 0.244527  1.67312
0.922999 0.143041 0.228085  1.65602
0.916151 0.120957 0.201274  1.64204
0.929445 0.141246 0.206839  1.67144
0.914118 0.117985 0.207022  1.64212
0.928329 0.155083 0.224149  1.67516
0.912232 0.108657 0.215634   1.6381
0.913235 0.141896 0.270923  1.63971
0.921371 0.181847 0.255021  1.66115
  0.89215 0.0302562  0.243338    1.5908
  0.9083 0.108921 0.203204  1.62939
0.915676 0.155381 0.271246  1.64828
0.904804 0.188058 0.272765  1.63799
0.906664 0.151104 0.285728  1.64093
0.905387 0.164554 0.280287  1.63874
0.900283 0.217223 0.263917  1.63245
0.927897 0.141413 0.252092  1.67288
0.925627 0.151401 0.236176  1.66118
0.901633 0.233567 0.235003  1.62943
 0.93123 0.153469 0.238981  1.67745
0.934275 0.180704 0.218847  1.68772
0.937121 0.176107 0.211718  1.69226
0.927432 0.153611 0.253283  1.67246
0.930748 0.150306 0.220025  1.67777
0.928755  0.14485 0.205002  1.67593
0.929084 0.152017 0.206858  1.67964
0.931758 0.177201 0.222303  1.68175
0.929056 0.146537 0.201325  1.67657
0.941113  0.16721 0.207919  1.69417
0.936827 0.157044 0.205633  1.68888
0.930515 0.153088 0.219598  1.67877
0.940046 0.160827 0.208256  1.69212
0.935556 0.160349 0.207511  1.68781
 0.754997  0.131525 -0.452908    1.3904
 0.765188  0.151492 -0.464618    1.4164
 0.763728  0.151631 -0.460687   1.41189
0.765584 0.140056 -0.45794  1.41386
 0.742871  0.141516 -0.460329   1.37189
 0.766508  0.163426 -0.445637   1.41453
 0.761275  0.153547 -0.464105   1.40867
 0.739485  0.146897 -0.461844   1.36686
  0.76928  0.165193 -0.432565     1.415
  0.76062  0.163453 -0.451769   1.40514
 0.772872  0.185178 -0.447999   1.42885
  0.74546  0.144022 -0.465736   1.37928
 0.730747  0.166486 -0.459564   1.35215
 0.732015  0.163514 -0.459566    1.3541
 0.744795  0.185593 -0.456107   1.38145
 0.739616  0.167641 -0.465895   1.37232
 0.731265  0.176277 -0.455772   1.35326
 0.731801  0.173041 -0.456086   1.35381
 0.741207  0.175991 -0.462272   1.37534
 0.733382  0.187833 -0.449794   1.35691
 0.733299   0.18408 -0.450419    1.3562
0.762975 0.222217 -0.41787  1.40705
 0.756291  0.195059 -0.453504   1.40406
 0.787986  0.206733 -0.442881   1.46335
 0.779043  0.199913 -0.452236   1.44784
 0.781407  0.205908 -0.442278   1.44955
 0.745219  0.221541 -0.429538   1.37861
  0.74427  0.215786 -0.430886    1.3758
0.757646 0.207216 -0.43613  1.40113
 0.752899  0.245472 -0.408521   1.39037
 0.752525  0.236812 -0.411774   1.38875
  0.76608  0.251504 -0.403082   1.41738
 0.763134  0.272509 -0.379694   1.40607
 0.761638  0.261993 -0.385019   1.40213
 0.789994  0.254342 -0.386888   1.45836
 0.778644  0.301337 -0.339113   1.43051
  0.77414  0.289407 -0.347567   1.42033
0.801669 0.329297 -0.28075  1.46764
 0.793108  0.316792 -0.293248   1.44864
 0.867905  0.281609 -0.267449   1.58849
  0.85752  0.268022 -0.306035   1.57451
 0.82802 0.355641 -0.19292  1.50846
 0.823244  0.339016 -0.211411   1.49608
  0.940366   0.206666 -0.0965701    1.69696
0.897601 0.295129 -0.13709  1.62677
   0.9523  0.155185 -0.055552   1.71146
 0.922071  0.213865 -0.172339   1.66772
 0.869619    0.3594 0.0430911   1.57541
   0.871877    0.361146 -0.00625557      1.5826
 0.87744 0.341208 0.115364  1.59096
0.877168 0.343347 0.085422  1.58867
0.948006 0.162436 0.102867  1.70367
 0.94378 0.200593 0.050654  1.69525
 0.949751  0.171917 0.0579408   1.70617
0.884683 0.306368 0.172205  1.60235
 0.88615 0.310287  0.14922  1.60362
0.899429 0.276877 0.165126  1.62289
0.887649 0.277608 0.213391  1.60806
0.888747 0.285234 0.193642    1.609
0.890504 0.250321 0.242408  1.61337
0.890662 0.257086  0.22897  1.61238
0.929936 0.144445 0.224921  1.67189
0.894624 0.221416 0.263102  1.62042
0.894089  0.22815 0.253024  1.61815
0.900518 0.191103 0.277107  1.63063
0.898538 0.198053 0.269602  1.62536
0.912211 0.148374 0.282328  1.65231
0.928706 0.145997 0.224063  1.66881
 0.778942  0.233816 -0.410517   1.44051
 0.792506  0.211748 -0.434382   1.46932
 0.797219  0.216686 -0.429472   1.47811
 0.798189  0.221372 -0.423605   1.47862
 0.800721  0.224925 -0.420187   1.48328
0.790326 0.222684 -0.42036  1.46217
 0.796262  0.219358 -0.424273   1.47423
 0.769213  0.213804 -0.429825   1.42371
 0.789689  0.191567 -0.451088   1.46321
 0.779759  0.188611 -0.445134    1.4427
 0.787659  0.193206 -0.453218   1.46096
 0.951802 0.0804178  0.127473   1.70838
0.951006 0.067554 0.153621  1.70889
0.948137 0.050432 0.150867  1.70057
 0.946167 0.0827541  0.160838   1.69883
0.949551 0.085182  0.14915   1.7057
 0.92688 0.149721 0.224812  1.66535
 0.94157  0.11306 0.164582  1.69071
0.950456 0.143501 0.094778  1.70695
 0.761278  0.155435 -0.464362   1.40876
 0.760848  0.155119 -0.464299   1.40779
 0.760625  0.154955 -0.464489   1.40742
 0.761569  0.155535 -0.465287   1.40981
 0.761837  0.155274 -0.465486   1.41049
0.759907 0.155857 -0.46544  1.40657
 0.763626  0.161906 -0.460966   1.41369
0.761044 0.155003 -0.46466  1.40838
 0.750114  0.139458 -0.463315   1.38655
 0.761245  0.155277 -0.465386   1.40915
 0.762778  0.151279 -0.459627   1.40974
 0.756213  0.136462 -0.460553   1.39698
 0.758912  0.156166 -0.464951   1.40461
 0.763972   0.15079 -0.462046   1.41296
 0.765604  0.147448 -0.463754   1.41661
 0.758852  0.149262 -0.461613   1.40267
 0.760328  0.136866 -0.460635    1.4048
 0.771574  0.138843 -0.447922    1.4215
 0.764623  0.137804 -0.459182   1.41308
 0.761453  0.150367 -0.460006   1.40706
 0.760416  0.157257 -0.465334   1.40771
 0.760205  0.157322 -0.465505    1.4074
 0.760258  0.157392 -0.464754   1.40737
0.759854 0.156984 -0.46563  1.40669
 0.76272 0.161033 -0.46375  1.41257
 0.759231  0.156123 -0.465241   1.40528
 0.759659   0.15598 -0.465457   1.40609
 0.761338   0.15484 -0.465619   1.40946
 0.761857  0.160808 -0.464557   1.41122
 0.759766  0.155516 -0.465251   1.40615
 0.760665  0.154265 -0.466077    1.4083
  0.75999  0.155167 -0.465008   1.40643
 0.760204  0.154896 -0.464864   1.40682
 0.760291  0.155162 -0.464893   1.40698
0.760977 0.155205 -0.46424  1.40804
 0.759458  0.155207 -0.465097    1.4055
 0.761022  0.155176 -0.464462   1.40824
 0.760584  0.154863 -0.464672   1.40745
 0.765589  0.163955 -0.439618   1.41051
 0.740091  0.160199 -0.467667   1.37268
 0.748128  0.152069 -0.475445   1.38933
0.763932 0.162705 -0.45039  1.41124
 0.763016  0.162098 -0.458102   1.41188
 0.761298   0.15195 -0.461777   1.40767
 0.762411  0.161607 -0.462871   1.41202
 0.759419  0.156444 -0.465403   1.40576
 0.759662  0.156976 -0.465531   1.40638
 0.760726  0.162638 -0.459065   1.40768
 0.761127  0.159227 -0.463489   1.40904
 0.760464  0.157698 -0.462424   1.40702
 0.759884  0.157271 -0.465291   1.40678
 0.760762  0.161858 -0.463569   1.40898
 0.760485  0.157328 -0.462496   1.40698
 0.760434  0.157445 -0.464269   1.40754
 0.760374  0.157522 -0.465459   1.40781
 0.759573  0.157487 -0.463329   1.40557
 0.760131  0.157374 -0.465564   1.40732
 0.759885  0.157384 -0.464903   1.40666
 0.948638  0.172048 0.0809649   1.70474
 0.899817  0.317673 0.0823877   1.62883
 0.897345  0.326744 0.0286306   1.62398
0.895545 0.298518 0.112688  1.61432
 0.953596  0.163883 0.0036314   1.71396
 0.889969  0.314871 0.0508712   1.60307
  0.954443   0.166147 -0.0257158      1.717
  0.949138   0.190053 -0.0143072    1.70741
  0.949798     0.1918 -0.0495212    1.71204
  0.94542  0.198476 0.0145807    1.6988
  0.946927   0.178553 -0.0958176    1.70721
 0.936525  0.191076 -0.131719   1.68944
0.881078 0.338363 -0.14011  1.60846
  0.929579   0.248166 -0.0880432    1.67998
 0.868617  0.319737 -0.206159   1.58656
  0.939367   0.221353 -0.0501196    1.69279
 0.903737   0.23439 -0.215309   1.64037
 0.881618  0.252343 -0.259962   1.60744
  0.83394   0.31018 -0.262177   1.52222
 0.885661  0.276544 -0.201218   1.60706
 0.804544  0.289357 -0.319742    1.4717
 0.851798  0.300246 -0.252076   1.55549
 0.824875   0.24434 -0.373155   1.51787
 0.805909  0.241615 -0.396143    1.4886
 0.827649  0.294218 -0.306167    1.5197
 0.835843  0.265597 -0.344951   1.54089
0.914129 0.117631 0.206067  1.63835
 0.906941 0.0910691  0.231875   1.62127
0.915777 0.144132 0.264945  1.64598
 0.92104 0.139979  0.23419  1.65298
0.923963 0.148591 0.236697  1.65757
0.926851 0.186053 0.240032  1.67297
0.929147 0.155891 0.245551  1.67441
0.916294 0.139405 0.246057  1.64379
0.923021 0.176225 0.246402   1.6651
0.927809 0.151458 0.233037  1.66682
0.908005 0.227359  0.24574   1.6452
0.924496 0.152573  0.23693  1.65865
0.929861 0.139791  0.21586  1.67151
0.930924 0.172835 0.231692  1.67728
0.905146 0.250091 0.223787  1.63964
0.925862 0.153324 0.234455  1.66246
0.931992 0.131182 0.204925  1.67563
0.935841 0.119912 0.190536   1.6821
0.938884 0.119369 0.185889  1.68863
0.928118 0.149248 0.224053  1.66819
0.939077 0.169039 0.205747  1.69573
0.937788 0.168621 0.208808  1.69051
0.933968 0.159023 0.209927  1.68559
0.935489 0.174385 0.214835  1.68717
0.930818 0.158121 0.239002  1.67739
0.930662 0.173451 0.230835  1.67721
0.927727 0.178277  0.23252  1.67456
0.922331 0.149929 0.237956  1.65407
0.919092 0.143139 0.236926  1.64839
0.925797 0.152084 0.231051  1.66268
0.922723 0.154515 0.239824  1.65535
0.917984 0.168529 0.262633  1.65445
0.923041 0.151734 0.239359  1.65557
0.915514 0.164193 0.268779  1.64714
0.911527 0.105409 0.219932  1.63293
0.922318 0.167644 0.246874  1.66196
0.910283 0.112442 0.209714  1.62777
0.915416  0.14475 0.252279  1.64299
0.915812 0.145383 0.267267  1.65274
0.907752 0.170554 0.280071  1.64345
0.920908 0.142264 0.265361  1.66378
0.915882  0.15987 0.270057  1.65487
0.926002 0.148862 0.252078  1.66955
0.926973  0.15197 0.229947  1.66535
0.929778 0.156756 0.243642  1.67575
0.932521 0.176498 0.227573   1.6824
0.930491 0.156201  0.23395  1.67738
0.936039 0.173646 0.222478  1.68776
0.929792 0.152459 0.222007  1.67724
0.928417 0.148252 0.209047  1.67637
0.937826 0.168675 0.218469  1.68857
0.928985 0.163209 0.243519  1.67508
0.928964  0.14983 0.205413  1.67753
0.930037 0.154055 0.203174   1.6813
0.939608 0.165945 0.213917  1.69107
0.928827 0.155267 0.211591  1.67846
0.938662 0.169992  0.21473  1.69028
0.937176 0.168509 0.219304  1.68708
 0.754074  0.139108 -0.461669   1.39371
 0.761683  0.149414 -0.464629   1.40936
 0.761185   0.14473 -0.466728    1.4091
 0.749248  0.143133 -0.464827   1.38633
 0.760016  0.161876 -0.461538   1.40719
 0.745579  0.148642 -0.467569   1.38131
 0.761182  0.151536 -0.461701   1.40751
 0.742247  0.153794 -0.468071   1.37591
 0.738521    0.1561 -0.467362   1.36842
 0.762495  0.185882 -0.466106   1.41815
 0.736611  0.163169 -0.466116   1.36533
 0.749543  0.186552 -0.463042   1.39298
 0.746318  0.160837 -0.476761   1.38815
 0.736612  0.171351 -0.463214   1.36543
 0.747609  0.174333 -0.473331   1.39165
 0.738491  0.180658 -0.457818   1.36831
 0.751248  0.182059 -0.468638   1.39809
 0.742219   0.19148 -0.449689    1.3739
 0.750318  0.197288 -0.447319   1.39069
 0.750967  0.204571 -0.438799   1.38891
 0.785788  0.266734 -0.362215   1.44191
 0.816426  0.256723 -0.374789   1.50804
 0.862599  0.320643 -0.168875   1.56456
 0.909967  0.256547 -0.160582   1.64847
  0.883969   0.335708 -0.0861109    1.60471
 0.924613  0.235179 -0.122294   1.66946
 0.897491  0.317279 -0.083972   1.62786
  0.889188   0.323887 -0.0188406    1.60537
 0.914042  0.298882 0.0530562   1.65216
 0.946791  0.200812 0.0455464   1.70295
 0.94143 0.137328 0.154834  1.69044
 0.925999  0.271576 0.0455845   1.67095
0.936625 0.176572 0.165044  1.68422
0.906491  0.27976 0.156835   1.6385
0.917435 0.243953 0.196785  1.65837
0.915924 0.251445 0.173494  1.65257
0.921819 0.266959 0.109994  1.66262
0.899488 0.255712 0.207031  1.62441
0.929281 0.145129 0.215723  1.67125
0.941561 0.190745 0.135601  1.69451
0.912478 0.167453  0.26628  1.64709
0.919073 0.189371 0.254302  1.66059
0.905743 0.209098 0.255253  1.63768
0.910071 0.186855 0.266774  1.64593
  0.78954  0.212233 -0.435704   1.46442
 0.776626  0.208745 -0.430767   1.43473
 0.781542  0.217512 -0.428054   1.44612
 0.766299  0.197582 -0.449889   1.42353
 0.770288  0.193913 -0.459875   1.43239
 0.772512  0.180466 -0.451788   1.43064
0.947227 0.113326 0.131326  1.70021
0.946054 0.108835 0.163768  1.70114
0.931264 0.140789 0.204863  1.67547
0.949135 0.115717 0.125063  1.70361
0.928525 0.149131 0.206964  1.67078
 0.946123   0.16369 0.0922932   1.69786
0.928431 0.251813 0.105739  1.67354
 0.761262  0.155055 -0.465828   1.40939
0.759828 0.154924 -0.46499  1.40612
0.761357 0.154563 -0.46589  1.40967
  0.75939  0.155948 -0.465286   1.40559
 0.761258  0.153192 -0.463984   1.40869
 0.755701  0.152011 -0.475255   1.40291
   0.7554  0.146797 -0.472016   1.40123
 0.760124  0.159093 -0.463908   1.40713
 0.759999  0.152407 -0.464033   1.40623
 0.761182  0.149833 -0.460472    1.4068
0.762203 0.150155 -0.46256  1.40949
  0.76276  0.149708 -0.467945   1.41286
 0.761792  0.148741 -0.471048   1.41239
 0.765461  0.145775 -0.465316   1.41735
  0.76051  0.143081 -0.468311   1.40916
  0.75999  0.151048 -0.462029   1.40516
 0.759356  0.156579 -0.465335   1.40563
 0.759855  0.158802 -0.464256   1.40676
 0.760581  0.160753 -0.465094   1.40882
 0.758848  0.161023 -0.465587   1.40583
  0.75924  0.155626 -0.465176   1.40518
 0.760759  0.154891 -0.465973   1.40842
0.760598 0.154694 -0.46519  1.40771
 0.760223  0.161333 -0.465006   1.40847
 0.757057  0.159614 -0.466064    1.4026
 0.759818  0.155098 -0.465025   1.40618
 0.760272  0.154807 -0.464802   1.40688
 0.758854   0.15549 -0.465395   1.40454
 0.745767  0.167045 -0.475867   1.38781
0.760557 0.164614 -0.44167  1.40106
0.743378 0.163153 -0.47581   1.3821
 0.759672  0.162314 -0.455369   1.40462
 0.760309  0.152667 -0.464244    1.4068
 0.752904  0.152505 -0.476222   1.39786
0.759023 0.156595 -0.46478   1.4048
 0.755978  0.161004 -0.451497   1.39556
0.758455 0.152019 -0.46392  1.40325
 0.760174  0.160356 -0.465669   1.40827
 0.759273  0.156806 -0.464617   1.40528
 0.758609  0.156614 -0.464745   1.40408
 0.759741  0.157707 -0.462724   1.40566
 0.759592   0.15714 -0.465394   1.40619
 0.758998   0.15812 -0.464729   1.40512
   0.7597  0.157302 -0.463468   1.40578
0.943607 0.200845 0.105381  1.69808
0.945218 0.202932 0.073853  1.70033
  0.942092   0.228619 -0.0109171    1.69837
  0.91049  0.288659 0.0702635   1.64131
   0.947376    0.206542 -0.00738573     1.70657
   0.93675   0.229017 -0.0496829    1.68789
  0.946274   0.202589 -0.0497336    1.70554
  0.937253   0.209786 -0.0884439    1.68889
  0.928176    0.24746 -0.0749924    1.67471
  0.936365   0.232207 -0.0153575    1.68566
 0.911154  0.294923 -0.124907   1.65672
  0.926115   0.270352 -0.0469009    1.67329
0.917243 0.272029 -0.12312  1.66333
 0.896505  0.296838 -0.166399    1.6307
0.920321 0.148237  0.24201  1.65053
0.919173 0.160515 0.253231  1.65478
0.928606 0.177206 0.234187   1.6756
0.917035 0.154724  0.25419   1.6484
0.924694 0.152948 0.236269  1.65976
 0.92741 0.162769 0.247672  1.67232
0.926422 0.153245 0.224856  1.66515
0.929179 0.155428 0.221885  1.67711
0.927865 0.145803 0.216598  1.66797
0.924481  0.15457 0.232757  1.66028
0.916751 0.228077 0.222962  1.65756
0.924442  0.15571 0.236621  1.65957
0.932195  0.13723  0.19525  1.67643
0.918309 0.179113 0.256182  1.65715
 0.91317 0.231719 0.209441  1.64751
0.926044 0.150584 0.218508  1.66508
0.934294 0.172407 0.224973  1.68288
0.927418  0.15155 0.213301  1.67487
0.929865  0.16014 0.233807   1.6771
0.929406 0.169385 0.234589   1.6733
 0.92647 0.172071 0.238329     1.67
 0.91982 0.152254 0.242679  1.65035
0.924365 0.174527 0.242369  1.66704
0.920201  0.16642 0.250402  1.65726
0.918582 0.150317 0.246679  1.64869
0.927587 0.157943 0.224156  1.67442
 0.91738 0.152974 0.253985  1.64925
0.923461 0.155028 0.238605  1.65735
0.921157 0.159653 0.260045  1.66269
0.921716 0.175503 0.258285  1.66496
0.925874 0.163828 0.252749  1.67042
0.925454 0.154901 0.231204  1.66248
0.925607 0.154828 0.218489  1.66519
0.928851 0.159912 0.236383  1.67489
0.933289 0.171803 0.225456  1.68171
0.924612  0.17156 0.248775  1.66781
0.932477 0.165282  0.21997  1.68092
0.925341 0.153273 0.213812  1.66549
0.928259 0.152951 0.209682  1.67668
0.933927 0.167419 0.218234  1.68383
0.928208 0.157118 0.212353  1.67684
0.929634 0.157001 0.208398  1.68003
 0.756234  0.143385 -0.469484   1.40106
 0.758389  0.149343 -0.467281   1.40401
 0.751676    0.1471 -0.473317   1.39446
 0.751354  0.150996 -0.475005    1.3954
 0.759695  0.149564 -0.460889   1.40394
 0.748402  0.155503 -0.476449    1.3911
 0.745157  0.157233 -0.476254   1.38475
 0.756664  0.172279 -0.458733   1.40052
 0.743318  0.170003 -0.473983   1.38235
0.758403 0.150823 -0.46236  1.40227
 0.745639  0.178149 -0.470213   1.38658
 0.756161  0.162624 -0.448017   1.39459
 0.763369  0.177711 -0.455266   1.41272
 0.757474  0.169506 -0.459898   1.40287
 0.761763   0.18972 -0.463017   1.41535
0.754641 0.169507 -0.46209  1.39796
     0.911   0.297504 -0.0863869    1.65122
  0.901626   0.318927 -0.0320146    1.63253
  0.917375   0.292744 -0.0824216    1.66367
 0.908703  0.295307 0.0193157   1.63784
 0.926495  0.268549 0.0812854   1.67262
 0.930004  0.274864 0.0352357   1.68138
 0.917996  0.288914 0.0870018   1.66013
0.916634 0.277379 0.113354  1.65537
0.939543 0.139331  0.16885  1.68944
0.914367 0.260329  0.14256  1.64685
0.911531  0.24906 0.178885  1.64254
0.936373 0.135145  0.18041  1.68311
 0.91429 0.214214 0.232231  1.65045
0.926672 0.247678 0.131762  1.67043
0.910303 0.203678 0.262361  1.64875
0.914721 0.183566 0.265659  1.65513
0.927227 0.150794 0.216599  1.66765
0.932005 0.150163 0.191254  1.67656
 0.762573  0.175156 -0.456446   1.41222
 0.755321  0.181077 -0.468931   1.40377
 0.770965  0.197756 -0.455266   1.43195
  0.75675  0.190536 -0.460659    1.4075
0.934649 0.137705  0.19057  1.68155
 0.94511 0.148192 0.132775  1.69823
0.944089 0.149495 0.121659   1.6937
 0.92648 0.154548 0.208138  1.66825
 0.941171  0.199532 0.0819241   1.68997
 0.93393 0.240799 0.104315  1.68297
 0.92286 0.236762 0.165167  1.66301
0.930818 0.167845 0.192561  1.67468
 0.760735  0.154852 -0.464775   1.40779
 0.760349  0.154696 -0.465279   1.40726
 0.760653  0.154703 -0.466472   1.40846
 0.759261  0.155075 -0.465534   1.40531
 0.759741  0.154911 -0.465464   1.40622
0.760502 0.154025 -0.46637  1.40819
   0.7582  0.161685 -0.462302   1.40375
  0.75927  0.155225 -0.465399   1.40534
 0.759733  0.153916 -0.466558   1.40671
 0.759503  0.150768 -0.462089   1.40434
 0.759308  0.149283 -0.471776   1.40783
 0.74841 0.161129  -0.4768  1.39072
 0.752756  0.155247 -0.476981   1.39852
 0.759841  0.149739 -0.465171   1.40596
 0.758883  0.156472 -0.464796   1.40453
 0.758977  0.159416 -0.466474   1.40607
 0.758736  0.156001 -0.465099   1.40429
 0.759085   0.15992 -0.466121   1.40614
 0.758958  0.155668 -0.465204   1.40473
 0.760105  0.154751 -0.466602   1.40743
0.759834 0.154697 -0.46549  1.40632
 0.758468  0.156191 -0.465529   1.40405
 0.759838  0.154662 -0.466307   1.40674
 0.759325  0.153828 -0.466656   1.40606
 0.750955  0.159183 -0.477462   1.39592
0.750129 0.164124 -0.47676  1.39484
 0.748145  0.166517 -0.475443   1.39047
 0.757091  0.161021 -0.459131    1.4007
   0.7581   0.16089 -0.464159   1.40421
 0.752158   0.15801 -0.456324   1.38922
 0.752831  0.155398 -0.469084   1.39522
 0.758752  0.160449 -0.466562     1.406
 0.758652  0.157031 -0.464466    1.4041
 0.757453  0.152014 -0.464152   1.40134
 0.758985  0.158352 -0.464625   1.40504
 0.758952  0.156952 -0.464087   1.40455
 0.759174  0.156945 -0.464254   1.40496
 0.759603  0.157141 -0.464086   1.40581
 0.758424  0.157496 -0.465208   1.40406
 0.758958  0.157307 -0.463574   1.40438
 0.936969  0.238703 0.0766059   1.68821
 0.939704  0.244487 0.0661524   1.69605
 0.936582  0.240021 0.0253411   1.68658
 0.942581  0.228253 0.0244707   1.69873
  0.911066   0.294953 -0.0351627    1.64538
 0.925309   0.26895 0.0019331   1.66861
0.916739  0.14786 0.247231   1.6456
0.918731 0.154075  0.24657  1.64978
0.921334  0.15356 0.242077  1.65262
0.923257 0.163188 0.244959  1.66069
0.926306 0.167388 0.240477  1.66718
0.921057 0.160461  0.24592  1.65606
0.926867 0.165028 0.237286  1.67146
0.920696  0.15785 0.247062  1.65449
0.923979 0.158761 0.238679   1.6592
0.925377 0.153078 0.226352  1.66284
 0.9271 0.14839 0.21032 1.66787
0.924842 0.161536  0.22434  1.66845
0.928954 0.147941 0.201773  1.67163
0.924664 0.157765 0.232732  1.66139
0.924876 0.158422 0.212905  1.66628
0.925257 0.156543  0.22632  1.66346
0.932456 0.160338 0.214021  1.68305
0.933924 0.162686  0.21087  1.68545
 0.93185 0.168736 0.227949  1.67823
0.926191 0.153993 0.216383  1.67231
0.926647 0.158303 0.225371  1.67209
0.924621 0.157612 0.220395  1.66412
0.927682 0.171399   0.2374  1.67105
 0.92218 0.158293 0.242384  1.65568
0.929173 0.168746 0.232602  1.67332
 0.92422 0.167003  0.24251  1.66365
0.921839 0.158178   0.2424  1.65522
0.927796 0.165851 0.234789  1.67011
0.920908 0.193304 0.235484  1.66036
0.916047 0.195119 0.247482  1.65304
0.921999 0.182882 0.243885  1.66277
0.926618 0.170431 0.247097  1.67186
 0.92807 0.164238  0.23614  1.67428
0.930891 0.167885 0.226938  1.67779
0.930042 0.162276 0.222253  1.67726
 0.92495 0.171041  0.23547  1.66785
0.926866 0.154631 0.214112  1.67386
0.927997 0.160954 0.218352  1.67491
0.927265 0.155727  0.21521  1.67468
0.931532 0.164688 0.220527   1.6805
 0.756718  0.148956 -0.474069   1.40379
 0.756543  0.149928 -0.462538   1.39866
 0.758954  0.152191 -0.464304   1.40421
0.757765 0.150727 -0.46229  1.40109
0.750134 0.156418 -0.47713  1.39349
 0.753967  0.159346 -0.455553   1.39293
 0.754597  0.167076 -0.463905   1.39866
 0.756607  0.152104 -0.463193   1.39948
 0.751852  0.165145 -0.465046   1.39306
 0.752291  0.158546 -0.468053   1.39439
 0.751166  0.169664 -0.474861   1.39699
 0.750174  0.172748 -0.472492   1.39414
 0.915679  0.299105 0.0055757   1.65571
  0.932599   0.276301 -0.0187559    1.68911
0.922095 0.257446 0.136043  1.66337
0.936309 0.229605 0.128615  1.68795
0.922285 0.228274 0.188142  1.66337
0.935599 0.155567 0.178535  1.68214
0.926154 0.169056  0.23665  1.67099
0.916581 0.211509 0.236956  1.65533
0.923351 0.207557 0.223394  1.66687
0.917956 0.200161 0.245854  1.65821
  0.9257 0.221503 0.184162  1.66822
 0.92211  0.21207 0.208481  1.66189
0.930795  0.14977 0.195632   1.6751
0.933882 0.216696 0.167049  1.68425
0.928483 0.159557 0.202683  1.67171
0.934469 0.153386 0.181306  1.68112
 0.938505  0.240564 0.0984682   1.69384
 0.930006  0.262513 0.0804073   1.67838
0.939641 0.191723 0.118638  1.68772
0.933228 0.234403 0.127894  1.68202
 0.759862  0.154656 -0.467373   1.40734
 0.758576  0.155449 -0.466574   1.40449
 0.758298   0.15617 -0.466026   1.40387
 0.759206  0.155167 -0.466538   1.40571
 0.754824  0.152765 -0.468927    1.3985
 0.759182  0.154784 -0.466438   1.40549
 0.757827  0.149868 -0.461895   1.40087
 0.758132  0.156443 -0.467187   1.40414
 0.755289  0.151133 -0.468656   1.39884
  0.75799  0.153932 -0.466872   1.40369
  0.75839  0.156709 -0.465266   1.40385
 0.757944  0.159399 -0.467521   1.40458
 0.758795  0.154902 -0.467755   1.40546
 0.758156   0.15895 -0.466787   1.40442
 0.752792  0.153684 -0.462622   1.39208
 0.758634  0.155657 -0.466193   1.40455
 0.759236  0.154854 -0.467512   1.40619
 0.758383   0.15558 -0.467667   1.40467
 0.753057  0.175135 -0.471802   1.40007
 0.756487  0.178879 -0.468159   1.40579
0.750444 0.160815 -0.46689  1.39038
  0.75397  0.160875 -0.452473   1.39178
 0.755386  0.160492 -0.459861   1.39739
 0.755689  0.159485 -0.462079   1.39874
 0.756779  0.160331 -0.464732   1.40162
   0.7568  0.158128 -0.467453   1.40228
 0.757725  0.159852 -0.467006   1.40396
 0.758263  0.157785 -0.465883   1.40405
 0.756205  0.158802 -0.466476   1.40085
0.758275 0.158224 -0.46732  1.40481
  0.920338    0.29134 -0.0445724    1.66657
  0.930903   0.259511 -0.0480534    1.68205
0.923498 0.158174  0.23994  1.65817
0.925794 0.164005 0.239354  1.66507
0.924347 0.163233 0.240763  1.66164
0.924102 0.157295 0.234081  1.66005
0.926864 0.166959 0.237219  1.66777
0.924561  0.15607 0.227911  1.66194
0.925625 0.158452 0.220915  1.66974
0.924762 0.154243 0.220521  1.66341
0.921642 0.201802 0.227292  1.66231
0.924503 0.158609 0.229124  1.66269
0.926353 0.154385 0.210471  1.66744
0.925484 0.188464 0.219335  1.66838
0.929313 0.165347  0.22898   1.6743
0.925503  0.15582 0.216856  1.67088
0.924405 0.159811 0.234938  1.66134
0.926728 0.159054 0.220069  1.67238
0.923595    0.161 0.242096  1.65955
0.924001 0.158178 0.219032  1.66682
0.924243 0.161428 0.239696  1.66055
 0.92583 0.163399 0.234206   1.6651
0.924294 0.179396 0.247563  1.66846
0.924296 0.156545 0.216802  1.66451
0.924145 0.156952 0.222086  1.66314
0.923789 0.179244 0.230542  1.66522
0.925714 0.159964 0.225224  1.67084
0.926985 0.162084 0.226718  1.67042
0.924563 0.156172 0.217386  1.66867
0.928105 0.164714 0.224951  1.67301
 0.756249  0.150992 -0.462673   1.39847
 0.757292  0.150849 -0.467765   1.40238
 0.752623  0.153657 -0.469137   1.39429
 0.753113  0.156819 -0.458832   1.39201
  0.75438  0.152731 -0.462819   1.39523
 0.750942  0.156774 -0.468706    1.3914
 0.752483  0.162891 -0.466088   1.39475
 0.752331  0.156685 -0.461458   1.39127
0.927839 0.239514 0.159925  1.67483
0.931596  0.21636 0.147413  1.67573
0.925494 0.210743  0.20562  1.66926
0.932694 0.173212 0.179883  1.67782
0.922951 0.189113 0.241922  1.66596
0.925648  0.17688  0.20896  1.66672
0.927037  0.16732 0.203339   1.6695
0.922748 0.198799 0.232493  1.66531
  0.9277 0.156782 0.202192  1.67025
0.927544 0.192123 0.206686  1.67145
0.929952 0.163622 0.192101  1.67374
0.927179 0.196124 0.192642  1.66851
0.938266 0.163302 0.155432  1.68612
0.931526 0.207877  0.17757  1.67831
0.931439  0.17652 0.179835  1.67412
0.937888 0.178168 0.149875  1.68494
 0.758493   0.15398 -0.466837    1.4045
 0.755244  0.157724 -0.464309   1.39832
 0.754554   0.15168 -0.462808    1.3952
 0.757825  0.155347 -0.468283   1.40398
 0.757357  0.154208 -0.466954   1.40252
0.756531 0.151244 -0.46254  1.39881
 0.758208  0.157101 -0.466303   1.40403
   0.7579  0.157096 -0.466911   1.40365
 0.757916  0.156213 -0.467527   1.40377
 0.757748  0.158075 -0.467796   1.40397
0.758243   0.1553 -0.46784  1.40447
 0.757002  0.156854 -0.467987   1.40267
 0.754471  0.158595 -0.462638   1.39628
 0.754725  0.152827 -0.462485   1.39569
 0.757369  0.158456 -0.467918   1.40339
 0.752205  0.155774 -0.459422    1.3902
  0.75772   0.15748 -0.468177   1.40399
 0.755531  0.155491 -0.465701   1.39887
0.924722 0.160201 0.233842  1.66215
0.924253 0.159018 0.222558  1.66428
0.925288 0.161145 0.229205  1.66527
0.924811 0.159178 0.227758  1.66338
0.924877 0.157744  0.21394  1.66553
0.924046 0.158552 0.218951  1.66671
0.925175 0.176549 0.233902  1.66914
0.924027 0.158573 0.219183  1.66504
0.924712 0.158179 0.218697  1.66845
0.926965 0.159287 0.219828  1.67241
0.927234 0.165344 0.230592  1.66959
0.925937 0.162808 0.228589  1.66731
0.926253 0.163042 0.232228  1.66737
0.925466  0.16323 0.234586  1.66447
0.923874 0.163108 0.217246  1.66593
0.923748 0.186803 0.221431   1.6642
0.924311 0.166994 0.223391  1.66656
0.924723 0.162853 0.224337  1.66848
 0.753982   0.15441 -0.461398   1.39419
 0.756552  0.154442 -0.466423   1.40091
 0.92627 0.164025  0.21161  1.66903
0.934616 0.180218 0.166136  1.67981
 0.92828 0.178296 0.193858   1.6703
0.925321 0.191898 0.209135  1.66627
0.924071 0.160599 0.216723  1.66573
0.925674 0.160306 0.208489  1.66749
 0.92743 0.173275 0.207941  1.67039
0.923932 0.170258 0.218849  1.66566
0.930751 0.204811 0.178459  1.67632
0.930899 0.198009 0.189158  1.67719
 0.755562  0.156189 -0.465591   1.39907
 0.757763  0.156318 -0.468343   1.40392
0.757323 0.156913 -0.46817  1.40305
 0.755837  0.152396 -0.463298   1.39805
 0.754635   0.15386 -0.462452   1.39577
 0.754704  0.156853 -0.464621   1.39714
0.756397  0.15737 -0.46767  1.40137
 0.756286  0.155054 -0.466372    1.4005
0.925252  0.16138 0.228723  1.66525
0.924138 0.159683 0.216815  1.66502
0.924831 0.160282 0.221425  1.66693
0.924284 0.159452  0.22181  1.66441
0.924394 0.172432  0.21935  1.66544
 0.92418 0.159901 0.218893  1.66575
0.923907 0.165662 0.222465  1.66655
0.923894 0.160958 0.219567  1.66614
0.924739  0.18372 0.228265  1.66786
0.925603 0.168123 0.212084  1.66803
 0.92644 0.161684 0.223984   1.6701
0.925449 0.160191 0.224986  1.66773
0.924365 0.159808 0.221975  1.66588
0.923556 0.159927 0.218461   1.6657
  0.75374  0.154828 -0.461385   1.39383
 0.753375  0.155191 -0.462334   1.39361
0.924363 0.162524 0.213379    1.666
 0.92428  0.16678 0.222808  1.66678
0.924952 0.165845 0.217013  1.66738
0.925525 0.173805 0.217746  1.66821
 0.757476  0.155884 -0.468222   1.40336
 0.756859  0.156129 -0.468125   1.40227
