0.877904 0.333367 0.153105  1.59385
  0.8826 0.317552 0.174953  1.60278
0.869856 0.334298  0.16688  1.57942
0.873421 0.324327 0.177594   1.5861
0.864987 0.334628 0.180936  1.57285
0.868992 0.326888 0.174042  1.57618
0.877022 0.321291 0.173215  1.59104
0.876294 0.324457  0.16209  1.58853
 0.760027  0.155621 -0.461625   1.40609
 0.760134  0.155568 -0.461529   1.40629
 0.791799  0.132116 -0.403372   1.44198
 0.786167  0.132802 -0.410261   1.43332
 0.789314  0.135649 -0.409664   1.44041
 0.787145  0.118963 -0.410048   1.43293
 0.782489  0.123809 -0.417921   1.42774
 0.785883  0.123402 -0.415453   1.43379
 0.798606  0.121287 -0.390251   1.44873
0.794209 0.113269 -0.39701  1.44099
 0.806598  0.102236 -0.371593   1.45546
 0.799683  0.116289 -0.394391   1.45232
 0.787615  0.127702 -0.414032   1.43756
 0.791082  0.120473 -0.408241   1.44089
 0.794551  0.128533 -0.404872   1.44819
 0.791398  0.123969 -0.405796   1.44095
 0.958915  0.112465 -0.049153    1.7248
  0.958876   0.114031 -0.0432655    1.72462
  0.958067   0.116827 -0.0463656    1.72286
  0.958426   0.112675 -0.0447067    1.72337
  0.958858   0.115437 -0.0374965    1.72452
  0.958798   0.116597 -0.0320492    1.72435
   0.95807    0.11944 -0.0351419    1.72267
  0.958394   0.114976 -0.0339939    1.72316
  0.956963   0.126159 -0.0435468     1.7207
  0.957439   0.125679 -0.0378553     1.7215
  0.958415   0.113722 -0.0394295    1.72326
 0.957854  0.117355 -0.037421   1.72192
  0.957928   0.117085 -0.0416154    1.72227
   0.95815   0.117733 -0.0406086    1.72291
0.924779 0.153142 0.235584  1.66187
 0.761196  0.153938 -0.454519    1.4063
 0.760117  0.154821 -0.461757   1.40623
 0.760262  0.155557 -0.460033   1.40626
 0.760438  0.155507 -0.459342   1.40647
 0.760641  0.155423 -0.459045   1.40681
 0.760865  0.154829 -0.457174   1.40662
 0.764209  0.156308 -0.455564   1.41317
0.762436 0.153833 -0.45269  1.40812
 0.761857  0.153096 -0.452085   1.40665
  0.76329  0.153342 -0.452813   1.40985
 0.766206  0.154464 -0.455988   1.41681
 0.768491  0.151402 -0.451587   1.41903
 0.780844  0.139612 -0.422465   1.42926
 0.776677  0.140666 -0.430906   1.42472
 0.779372  0.143227 -0.430551   1.43083
 0.760151  0.155853 -0.461651   1.40634
 0.760112  0.155748 -0.461322   1.40618
 0.760301  0.155555 -0.458378   1.40592
 0.760003   0.15588 -0.461698   1.40607
 0.759993  0.155838 -0.461939   1.40613
 0.759994  0.155656 -0.462117   1.40617
 0.759904  0.155572 -0.462104     1.406
  0.76077  0.154157 -0.455187   1.40566
 0.759892  0.155274 -0.462173   1.40595
 0.760563  0.154978 -0.457676   1.40616
 0.760114  0.155299 -0.461427   1.40619
 0.760058  0.154686 -0.461873   1.40613
0.760131 0.155287 -0.46175  1.40627
 0.800478   0.22164 -0.417516   1.48037
 0.799278     0.217 -0.421505   1.47883
 0.804264  0.217236 -0.419058   1.48673
 0.801706  0.218595 -0.420443   1.48372
 0.797185  0.211923 -0.426225   1.47542
 0.793577  0.206818 -0.433471    1.4704
0.800672 0.204737 -0.42967   1.4814
 0.797915  0.207591 -0.431451   1.47865
 0.809149  0.212045 -0.418004   1.49414
 0.808679  0.202964 -0.423231   1.49357
 0.819006  0.202887 -0.407486   1.50696
 0.812284  0.206985 -0.421809   1.50165
  0.80017  0.213689 -0.424963   1.48168
 0.804923  0.206543 -0.427822   1.49003
 0.805869  0.213975 -0.421976   1.49086
 0.803378  0.211301 -0.422927   1.48532
 0.728942   0.15851 -0.455256   1.34182
 0.729884  0.157065 -0.455122   1.34337
 0.72704 0.158673 -0.45234  1.33562
 0.724782  0.159781 -0.450981   1.32963
 0.725399  0.157381 -0.451498   1.33074
 0.726418  0.158364 -0.451642   1.33312
 0.728218  0.154241 -0.453314   1.33774
 0.726006  0.155094 -0.451842   1.33175
 0.726794  0.152825 -0.452102   1.33308
 0.727661  0.153796 -0.452336    1.3352
 0.728156  0.157685 -0.452756   1.33796
 0.726939  0.156091 -0.452057     1.334
0.728602 0.155379 -0.45339  1.33883
 0.727459  0.156357 -0.452766   1.33623
  0.78243    0.1452 -0.421859   1.43348
 0.777041  0.150596 -0.429921   1.42705
 0.779014  0.150119 -0.420008   1.42603
 0.952789  0.128111 0.0537919   1.71299
0.952266 0.137518 0.058817  1.71202
 0.952979  0.136883 0.0524513     1.713
 0.952676   0.13803 0.0568747   1.71316
 0.952509  0.143618 0.0465696    1.7106
 0.951635  0.149294 0.0554545   1.71039
 0.951425  0.150389 0.0635896   1.71043
 0.774321  0.151043 -0.434607   1.42364
 0.949424  0.159506 0.0757061    1.7051
 0.769654  0.154326 -0.445753   1.41954
   0.958114    0.121175 -0.00636352     1.72288
   0.957823     0.12211 -0.00115918     1.72229
    0.9575   0.124137 -0.0048784    1.72142
   0.957713    0.120438 -0.00459969     1.72177
  0.957535   0.123493 0.00444708    1.72178
 0.957234  0.124641 0.0101711   1.72128
  0.956781   0.128614 0.00586585    1.72008
  0.957049     0.1231 0.00553579    1.72052
   0.956789    0.128212 -0.00330663     1.71951
   0.956608    0.127233 -0.00139523     1.71883
   0.957381    0.121778 -0.00013287     1.72114
     0.95663     0.126593 -0.000796136      1.71941
   0.957278    0.123872 -0.00378265     1.72075
    0.957232     0.125088 -0.000237216      1.72084
 0.766432  0.156666 -0.455892   1.41768
0.761253 0.153419  -0.4527  1.40566
 0.764722  0.157331 -0.456193   1.41447
 0.759927  0.155803 -0.461958   1.40602
 0.761208  0.154358 -0.452776   1.40578
  0.75999  0.155959 -0.461773   1.40611
 0.760243  0.155881 -0.459853   1.40625
 0.760079  0.155744 -0.460618   1.40597
0.907922 0.142049 0.221053  1.62597
 0.926202  0.150592 -0.227226   1.67632
 0.926846  0.157451 -0.218483   1.67748
 0.924019  0.161189 -0.227256   1.67363
0.925641 0.152508 -0.22522  1.67534
 0.921277   0.18698 -0.230941   1.67439
  0.92389  0.161134 -0.221125   1.67237
 0.924567   0.16385 -0.219999   1.67423
 0.943743  0.158776 0.0836438   1.69954
 0.947461  0.165581 0.0786889   1.70624
 0.946964  0.159407 0.0834461   1.70387
 0.945727  0.160111 0.0840395   1.70188
 0.950315  0.159291 0.0794934   1.70953
  0.95171  0.152933 0.0791746   1.71119
0.949132 0.160973  0.08255   1.7067
 0.948381   0.16144 0.0832421   1.70578
 0.948985   0.16236 0.0787757   1.70697
 0.949532  0.132074 0.0737012   1.70793
 0.948246  0.133042 0.0793199   1.70562
 0.949507   0.14262 0.0791604   1.70777
 0.948853  0.132832 0.0739991   1.70638
0.945793 0.136238  0.08652  1.70097
 0.942236  0.145585 0.0906506   1.69448
 0.946824  0.152591 0.0878621    1.7032
 0.945336  0.142837 0.0841998   1.70057
  0.94949  0.156154 0.0833027   1.70744
 0.949071  0.156496 0.0837952    1.7063
 0.947405  0.135089 0.0792399   1.70382
0.947775 0.151807 0.082176  1.70468
  0.94904  0.145586 0.0784317    1.7066
 0.948267  0.145822 0.0843447   1.70561
 0.951533  0.149315 0.0673382   1.71069
 0.951588  0.148178 0.0689411   1.71062
 0.952129  0.137916 0.0617119   1.71223
 0.952591   0.12902 0.0582073   1.71309
 0.951767  0.129972 0.0624045   1.71163
 0.952044   0.12933 0.0585428   1.71179
 0.951138  0.139909 0.0701094   1.71066
  0.95113  0.131051 0.0661683   1.71065
 0.950395  0.131451 0.0693329    1.7094
 0.950708  0.131363 0.0664014   1.70967
 0.951815  0.138252 0.0621641   1.71135
 0.951316   0.13079 0.0623295   1.71062
 0.951184  0.140084 0.0649704   1.71024
0.951634 0.138333 0.065409  1.71136
 0.953883  0.142338 0.0440552   1.71427
 0.953805  0.140892 0.0458811   1.71379
  0.95469  0.133428 0.0394816   1.71648
 0.955335  0.126911 0.0364133   1.71793
 0.954806  0.126787 0.0415369   1.71692
 0.954794  0.126229 0.0376304   1.71653
  0.95355  0.136781 0.0513748   1.71454
 0.954235  0.127348 0.0473993   1.71595
 0.953454  0.128067 0.0531017    1.7146
 0.953553  0.127208 0.0482394   1.71427
 0.954377  0.133307 0.0403688   1.71556
   0.9542  0.126686 0.0422767   1.71542
  0.95351  0.135675 0.0438867   1.71382
 0.954261  0.133575 0.0443235   1.71563
 0.952861  0.156022 0.0505865   1.71201
  0.957366   0.107072 -0.0788683    1.72216
  0.956645   0.114795 -0.0735377    1.72054
  0.955857   0.114191 -0.0845974    1.71946
 0.956585  0.114051 -0.083219   1.72119
  0.955633   0.128661 -0.0693569    1.71897
  0.953532    0.12362 -0.0935417    1.71538
 0.954232  0.123677 -0.091968   1.71706
   0.95549    0.13011 -0.0790556    1.71973
 0.733086  0.270681 -0.389997   1.34279
  0.73135   0.26257 -0.396342   1.33978
   0.7404   0.26142 -0.389492   1.35488
  0.73706  0.266215 -0.394953   1.35209
 0.730082  0.254589 -0.402101   1.33759
 0.729186  0.246933 -0.407212   1.33604
  0.73749  0.246469 -0.400901   1.35011
 0.734259  0.250264 -0.406182   1.34702
 0.745735  0.256458 -0.393559   1.36778
 0.746712  0.250804 -0.395343   1.36892
 0.735534  0.258108 -0.400896   1.34936
0.740988 0.250298 -0.39921  1.35774
 0.743188  0.257712 -0.393658   1.36164
 0.738563  0.253633 -0.395875    1.3518
0.938605 0.147615 -0.17459    1.695
 0.941123  0.150349 -0.166401   1.70009
 0.940438  0.133411 -0.178661   1.69778
 0.941096  0.127498 -0.185838    1.6997
 0.943741  0.124528 -0.176514   1.70396
 0.941063  0.130393 -0.178317   1.69853
0.945405 0.129222  -0.1586  1.70569
 0.946565  0.121214 -0.165993   1.70851
 0.948843  0.116923 -0.154608   1.71156
 0.946301   0.12426 -0.156135   1.70651
 0.941171  0.138121 -0.170122   1.69866
 0.943601   0.12736 -0.167711   1.70234
 0.943827  0.135557 -0.158755   1.70275
  0.94285  0.131935 -0.169737   1.70178
 0.754644  0.225992 -0.423844   1.39465
0.725119   0.1834 -0.44326  1.33077
 0.726998  0.181118 -0.443764   1.33519
 0.727801  0.184381 -0.441871    1.3364
 0.725909  0.182611 -0.442382   1.33236
0.729681 0.180162 -0.44734  1.34337
 0.731626  0.186354 -0.443643   1.34653
 0.728643  0.184164 -0.444227   1.34009
 0.728623  0.182293 -0.444609   1.33982
 0.727756   0.16786 -0.452362   1.33962
 0.728469  0.166242 -0.452349   1.34071
 0.725814  0.168471 -0.449059   1.33313
 0.723497  0.170154 -0.447994   1.32734
 0.723696  0.167415 -0.448943   1.32775
 0.725071  0.168535 -0.448953   1.33081
 0.726219   0.16341 -0.450938   1.33403
 0.723984  0.164836 -0.449717   1.32827
 0.724279  0.162231 -0.450461   1.32879
  0.72553  0.163328 -0.450535   1.33163
0.726934 0.167233 -0.44976  1.33558
 0.725234  0.165911 -0.449775   1.33109
 0.726932  0.164631 -0.450865   1.33574
 0.725847  0.165824 -0.449946   1.33313
 0.731789  0.150389 -0.456302   1.34666
 0.732936   0.14908 -0.456062   1.34862
 0.729917  0.150126 -0.453779   1.34073
 0.727715   0.15073 -0.452165   1.33461
 0.728682   0.14862 -0.452279   1.33628
 0.729392  0.149508 -0.452561   1.33809
 0.731781  0.146321 -0.453945   1.34394
 0.729685  0.146673 -0.452211   1.33794
 0.730807  0.144787 -0.452094   1.33984
 0.731347    0.1456 -0.452434   1.34131
0.731038 0.149374 -0.45394  1.34299
 0.730282  0.147539 -0.452555   1.33955
 0.731886  0.147354 -0.454149   1.34451
 0.730699   0.14813 -0.453786   1.34192
 0.773395  0.152779 -0.443178   1.42596
0.913868 0.167856 0.235939  1.62797
0.936819 0.142861  0.15894  1.68005
0.913117 0.151215  0.22207  1.63868
0.911919 0.143162 0.213072   1.6425
0.915809 0.141133 0.209955  1.64493
0.922008 0.148937 0.229473   1.6563
0.927978 0.150346 0.238762  1.66823
0.926556 0.153669 0.236472  1.66539
0.891332  0.23552 0.257193  1.61626
0.894939 0.221533  0.26398  1.62308
0.886012 0.231915 0.264063  1.60727
0.888096 0.223873 0.267544   1.6113
0.882134 0.227169 0.270201  1.60167
0.885339 0.226096 0.266414  1.60526
0.890837 0.224516  0.26488  1.61495
0.890117 0.228447 0.260008  1.61287
0.928124 0.151849 0.235706  1.66816
0.930573 0.136116 0.236204  1.67472
0.933151 0.108064 0.217952  1.67796
   0.918962 -0.00626285    0.280327      1.6663
 0.927064 0.0245733  0.268324   1.67673
    0.93643 -0.00262567    0.242774      1.6931
  0.927159 0.00908676    0.24919    1.67225
  0.93076 0.0504949  0.259015   1.68165
 0.931474 0.0627652  0.241988   1.67836
  0.93755 0.0585473  0.237061   1.69196
 0.932658 0.0597645  0.240593   1.68099
 0.944813 0.0226697  0.210501   1.70372
0.941521 0.045568 0.214047  1.69576
 0.948315 0.0475723   0.19157   1.70832
 0.945576 0.0366135  0.193762   1.70158
 0.931095 0.0375619   0.24247   1.67794
 0.938641 0.0444402  0.216195   1.68913
 0.939556 0.0161113  0.214413   1.69156
0.936892 0.030362  0.23817   1.6907
0.900895 0.130577 0.227868  1.61752
0.899779 0.142708 0.230791  1.60782
0.913401 0.142165 0.215406  1.64495
0.924299 0.164262 0.184574   1.6655
0.933864 0.185392 0.191329  1.68325
0.937698 0.195486 0.205221  1.68986
0.938635 0.180735 0.207096  1.69644
0.922336 0.149332 0.229661  1.65737
0.937851 0.188428 0.224038    1.693
0.916645 0.140017 0.213619  1.64698
0.917481  0.17419 0.232765  1.63932
   0.880626 -0.00219751   0.0300777     1.60629
0.922697 0.172503 0.221171  1.65403
0.927993 0.124467 0.239457  1.67064
0.928519 0.153777 0.233379  1.66903
0.928523 0.132456  0.24528  1.67228
0.928613 0.142299 0.243432  1.67117
0.928303 0.148595 0.242228  1.66974
0.936285 0.170582 0.191487  1.69393
0.924542 0.151868 0.235969  1.66217
0.928923 0.157706 0.181071  1.67906
0.913743 0.146963   0.2214  1.64044
0.910125 0.150515  0.24271  1.62198
 0.782005  0.119349 -0.422202   1.42822
0.781154 0.112822 -0.41986  1.42398
 0.786324  0.114759 -0.414425   1.43274
0.783616 0.115471 -0.41619  1.42784
 0.778935  0.106552 -0.420376    1.4183
  0.77376   0.10314 -0.422061   1.40717
 0.780085 0.0998349 -0.414667   1.41662
  0.77883  0.103601 -0.418587    1.4164
 0.792526  0.107579 -0.404193   1.43996
 0.788353  0.096662 -0.404173   1.42906
 0.799341 0.0939654 -0.387921   1.44535
 0.794739  0.100676 -0.395089   1.43928
 0.782154  0.109305 -0.416087   1.42345
 0.785876  0.101427 -0.409272   1.42674
 0.788206  0.109709 -0.407191   1.43224
  0.78534  0.105611 -0.413056   1.42835
 0.774433  0.144374 -0.443089   1.42672
  0.76394  0.159045 -0.454837   1.41268
 0.752497  0.124705 -0.447997   1.38016
  0.75465  0.122996 -0.447389   1.38407
 0.750078  0.122756 -0.447357   1.37404
 0.747308  0.122296 -0.445794   1.36671
 0.749332  0.120192 -0.444603   1.36996
 0.749516  0.121342 -0.445477   1.37104
 0.754512   0.11893 -0.444436   1.38111
 0.751426  0.118107 -0.443108    1.3732
 0.753858  0.115893 -0.441181    1.3769
  0.75396  0.117307 -0.442431   1.37805
 0.751469  0.122657 -0.446693   1.37657
 0.751575  0.119353 -0.444137    1.3743
 0.753829  0.120613 -0.445239   1.38041
 0.752103   0.12078 -0.445909   1.37714
 0.768636   0.15846 -0.446131   1.41847
 0.737137  0.210885 -0.429786   1.35628
0.742165 0.220317 -0.42228  1.36508
0.732508 0.213471 -0.42538  1.34394
 0.734879  0.218442 -0.421484   1.34789
 0.729334  0.218468 -0.425748   1.33821
 0.731103  0.215861 -0.422909   1.34013
 0.736311  0.217328 -0.424368   1.35308
0.735502 0.214495 -0.42536  1.35117
0.827107 0.225291 -0.39686  1.52479
 0.831745  0.223729 -0.391554   1.53206
 0.826148  0.227881 -0.392941   1.52321
 0.827702   0.22536 -0.393496   1.52451
  0.83669  0.222156 -0.385885   1.53995
 0.841953  0.220003 -0.379652   1.54824
  0.8358 0.225407 -0.38155  1.53855
 0.837415  0.222268 -0.381924   1.53977
 0.825527  0.232059 -0.386812    1.5216
 0.829997  0.234096 -0.382589   1.53015
 0.832328  0.223851 -0.388029   1.53174
 0.832912  0.228069 -0.382747   1.53337
 0.827716  0.229329 -0.389126   1.52534
 0.830859  0.226445 -0.387533   1.53051
 0.744413   0.13243 -0.453266   1.36762
  0.74133  0.136056 -0.453896   1.36213
 0.742732  0.131231 -0.451286   1.36235
 0.740952  0.133281 -0.451702   1.35918
 0.741104  0.130822 -0.449723   1.35739
 0.741441  0.131819 -0.451207   1.35963
0.741507 0.134466 -0.45292  1.36159
 0.743522  0.132792 -0.452587   1.36529
 0.842655  0.220189 -0.375348   1.54792
 0.843902  0.225381 -0.368711    1.5508
 0.837452  0.227188 -0.377091   1.54076
 0.841118   0.22348 -0.375022   1.54676
 0.845224  0.233462 -0.360582    1.5541
 0.832293  0.234855 -0.376726   1.53293
0.835107 0.230703 -0.37532  1.53688
 0.841328  0.233544 -0.369358   1.54897
 0.869086  0.228115 -0.327675   1.59364
 0.854664  0.230038 -0.347956   1.56941
0.867187 0.215715 -0.33609   1.5875
  0.85999  0.219138 -0.347083   1.57652
  0.86532  0.208624 -0.345058    1.5834
 0.863683  0.212896 -0.344587   1.58205
 0.857674  0.224117 -0.346454   1.57359
 0.864266  0.227907 -0.339262   1.58682
  0.89323  0.183002 -0.305364   1.62721
 0.898879  0.178582 -0.295772   1.63632
 0.893639   0.18782 -0.296431    1.6272
0.894529 0.184536 -0.29897   1.6284
0.904389 0.173042 -0.28517  1.64477
 0.909027  0.167138 -0.274984   1.65141
0.904936 0.176989 -0.27477  1.64461
 0.905582  0.174528 -0.277678   1.64553
 0.891755  0.205188 -0.293601   1.62743
 0.898352   0.20657 -0.284531   1.64039
 0.900226  0.180101 -0.288068   1.63727
 0.90305 0.187512 -0.27574  1.64268
 0.895908  0.192044 -0.288667   1.63092
 0.899145  0.184454 -0.286694    1.6362
0.910447 0.187529 -0.25568  1.65519
0.916163 0.189359  -0.2457  1.66651
  0.91297  0.168416 -0.257415   1.65657
 0.913288   0.16267 -0.265577   1.65788
 0.917966  0.158617 -0.255458   1.66543
0.913944 0.164838 -0.25842  1.65776
 0.922255  0.157734 -0.234156   1.67047
 0.922297  0.153515 -0.244368   1.67187
 0.925845   0.14829 -0.234096   1.67682
 0.922869  0.155593 -0.236403   1.67148
 0.914643  0.173321 -0.248496   1.65902
  0.91864   0.16082 -0.246881   1.66503
 0.920632  0.168951 -0.234775   1.66885
0.917559 0.165427 -0.24689    1.664
 0.926284  0.168698 -0.215003   1.67808
 0.930792  0.171011 -0.205152   1.68719
  0.92858  0.150185 -0.216845   1.67995
 0.929146  0.144258 -0.224775    1.6818
 0.932737  0.140528 -0.214869   1.68755
 0.929428  0.146898 -0.217318   1.68109
0.935768 0.139132 -0.19385  1.69033
 0.935926   0.13567 -0.204216   1.69213
 0.938616  0.131039 -0.194662   1.69595
 0.936181  0.138009 -0.196448    1.6914
 0.929816  0.155371 -0.207561   1.68167
  0.93306  0.143146 -0.206094    1.6867
 0.934573  0.151132 -0.193964   1.68947
0.932147 0.147377 -0.20648  1.68568
 0.731978  0.193608 -0.440272   1.34713
 0.736017  0.201275 -0.434916   1.35426
 0.728643   0.19539 -0.436447   1.33765
 0.730377  0.199439 -0.433625   1.34052
 0.726303  0.198951 -0.436382   1.33292
 0.727508  0.197301 -0.434572   1.33458
  0.73148  0.198566 -0.436237   1.34479
  0.73074  0.196355 -0.436926    1.3431
 0.733196  0.242765 -0.410972   1.34506
 0.737528   0.23599 -0.409921   1.35203
 0.740434  0.242579 -0.404636   1.35702
 0.735613  0.238963 -0.406715   1.34698
 0.743438  0.232536 -0.414048   1.36677
 0.749494  0.244763 -0.403737   1.37738
0.742206 0.241185  -0.4067  1.36243
  0.74166  0.236862 -0.408547   1.36096
 0.951558  0.116702 -0.113852   1.71205
 0.952119  0.118627 -0.112734   1.71354
 0.950484  0.115174 -0.130627   1.71155
 0.950746  0.112752 -0.143775   1.71396
 0.952451   0.10951 -0.133882   1.71634
 0.950759  0.116519 -0.135591    1.7132
 0.953628  0.108436 -0.113578   1.71642
 0.953655  0.106438 -0.124906   1.71775
 0.954583  0.104372 -0.116889   1.71884
 0.953857  0.110136 -0.119206   1.71793
 0.951437  0.119892 -0.123772   1.71355
 0.952497  0.113533 -0.126853   1.71593
 0.953138  0.117698 -0.115852   1.71651
 0.952308  0.112501 -0.122337   1.71467
 0.847787  0.232657 -0.336102   1.55118
  0.86016  0.238717 -0.322078   1.57563
 0.951416 0.0462192  0.153297   1.70866
 0.955211 0.0706653  0.143096   1.71775
 0.956573 0.0414918  0.142832   1.72023
  0.95492 0.0438254  0.144274   1.71604
 0.955572 0.0911561 0.0893089   1.71471
 0.955413 0.0844355  0.120586   1.71649
 0.961018 0.0309285 0.0985861   1.72643
  0.96133 0.0686429 0.0728903   1.72652
  0.96349 0.0414526 0.0421052   1.73139
 0.962402 0.0233811 0.0670723   1.72786
 0.956224 0.0606804  0.117451   1.71665
 0.959474 0.0599011 0.0873787   1.72227
 0.958935 0.0288461  0.105978   1.72157
 0.958447 0.0649561   0.10766   1.72148
 0.889565  0.189192 -0.308402   1.62109
 0.891446  0.195103 -0.298688   1.62461
 0.887093  0.200425 -0.306664    1.6188
 0.889128  0.191289 -0.304214   1.62018
 0.885696   0.22224 -0.306818   1.62305
 0.888255  0.200875 -0.298571   1.61985
 0.889308  0.201542 -0.297823   1.62224
 0.955737  0.107198 -0.111911   1.72143
 0.956675  0.106732 -0.102494   1.72266
 0.954522  0.112211 -0.108838   1.71852
 0.955249   0.10543 -0.105309   1.71925
  0.957578   0.107042 -0.0937656    1.72406
 0.958149  0.106947 -0.085298   1.72469
  0.956038   0.113604 -0.0914621    1.72054
  0.956821   0.106714 -0.0870592    1.72147
 0.952905  0.123281 -0.106942   1.71538
  0.953806   0.124462 -0.0988026     1.7168
  0.956023   0.106033 -0.0963725    1.72031
  0.955165   0.111865 -0.0939474    1.71839
 0.954552  0.111595 -0.101547   1.71765
 0.955342  0.112008 -0.100119   1.71953
0.930669 0.144522 0.224921  1.67311
 0.949867  0.131978 0.0695774   1.70819
 0.949706   0.14286 0.0736128    1.7078
 0.950816  0.140604 0.0702851   1.70975
 0.950271  0.140634 0.0737145   1.70923
 0.951325  0.148989 0.0690161   1.70986
0.950401 0.152895 0.070154  1.70763
 0.950816  0.149965 0.0726476   1.70996
 0.949649  0.156539 0.0778508   1.70746
  0.95031  0.147912 0.0769568   1.70862
 0.832134  0.420804 0.0298162   1.51935
  0.842446   0.405293 0.00562982     1.5334
 0.848461  0.399911 0.0362481   1.54478
 0.839952   0.39917 0.0240725    1.5248
  0.856473   0.387288 -0.0124267    1.55716
0.864025 0.385145 0.042099  1.57306
 0.854686  0.386326 0.0333623   1.55185
  0.855386   0.384096 0.00553415     1.5526
0.929752 0.145065 0.237313  1.67224
 0.928966 0.0904092  0.245986   1.67426
0.927451 0.107493 0.236169  1.66879
0.926493 0.102234 0.252908  1.67081
0.940276 0.104364 0.185913  1.69017
 0.93795 0.105044 0.191541  1.68502
 0.914786 0.0983582   0.28307   1.65367
 0.919613 0.0883797   0.27303   1.66107
 0.913771 0.0852486  0.291952   1.65448
 0.916418 0.0860338   0.28083   1.65577
 0.923569 0.0794564  0.262708   1.66641
 0.928699 0.0735966  0.244206   1.67305
 0.925814 0.0627769  0.263002    1.6716
0.926458 0.065859 0.258824  1.67137
 0.911903 0.0632787  0.293899   1.65166
  0.92051 0.0467952  0.273982   1.66366
 0.909433 0.0286986  0.288988   1.64714
 0.916118 0.0387471  0.289139   1.65861
 0.921723 0.0746383  0.271502   1.66436
  0.92331 0.0547362  0.276502   1.66958
 0.916176 0.0684113  0.289194   1.65785
 0.919677 0.0721032  0.279977    1.6632
0.873063 0.294981 0.220486  1.58629
0.877229 0.297403 0.209535  1.59209
0.879752 0.287938 0.217355  1.59689
 0.87643 0.290245 0.214623  1.58935
0.883765 0.299017 0.198408  1.60346
 0.88727 0.283363 0.215269  1.61053
0.882882 0.286385  0.21395  1.60121
0.882493 0.290583 0.204662  1.59958
0.926324 0.154819 0.234673  1.66443
0.926804 0.116455 0.249639  1.66971
0.890892 0.111482 0.293885   1.6109
0.898894 0.107524 0.299889  1.62776
 0.891301 0.0919984  0.299385    1.6117
0.894627 0.106117 0.299577  1.62099
0.906041 0.102985 0.297388  1.64012
 0.912402 0.0989892  0.285423   1.64893
 0.910077 0.0859589  0.295564   1.64718
0.909396 0.100092 0.297205  1.64754
 0.895257 0.0642196  0.301852   1.61953
 0.906953 0.0638874  0.298968   1.64201
  0.90441 0.0295372  0.296565   1.63757
0.900957 0.059049 0.302545  1.63305
0.902259 0.102391 0.302921  1.63592
 0.905846 0.0837338  0.301845   1.64201
0.896404 0.085683  0.30439  1.62489
0.901529 0.087835 0.301459   1.6323
 0.920489 0.0952407   0.27411   1.66281
 0.918034 0.0978051  0.274519   1.65734
 0.922737 0.0983987   0.25882   1.66301
 0.927963 0.0861071  0.256671   1.67467
 0.924659 0.0827854  0.261542   1.66778
 0.923052 0.0971687   0.26588    1.6665
 0.77843 0.115371 -0.42266  1.41992
 0.775717  0.121512 -0.428763   1.41848
 0.778215  0.118593 -0.423804   1.42072
 0.770186  0.116972 -0.432908   1.40796
 0.769378  0.123132 -0.438196   1.41036
 0.770745  0.119806 -0.432992    1.4098
 0.776543  0.110309 -0.423233   1.41515
 0.771802  0.111701 -0.428792   1.40812
 0.773141  0.106022 -0.425088   1.40782
 0.773488  0.108357 -0.426372   1.40995
 0.774274  0.118617 -0.430918   1.41608
 0.771642  0.113899 -0.430181    1.4091
 0.776068  0.113084 -0.425223   1.41583
 0.774413   0.11565 -0.427524   1.41389
 0.770794  0.149524 -0.450867   1.42336
 0.813373  0.225573 -0.412277   1.50244
 0.815977  0.226171 -0.409437   1.50689
 0.811473  0.227188 -0.410707    1.4996
 0.813111  0.225857 -0.410734   1.50118
0.819096 0.226449 -0.40589  1.51201
 0.822802  0.226157 -0.401699   1.51794
 0.817186  0.228728 -0.403411   1.50901
 0.819073  0.226617 -0.403441    1.5108
 0.808317  0.229883 -0.406089   1.49312
 0.811432  0.231749 -0.402482   1.49868
0.815737 0.226392 -0.40742  1.50543
 0.81461  0.22922 -0.40452  1.50404
 0.811601  0.228081 -0.408519   1.49919
 0.814069  0.227957 -0.407459   1.50388
 0.811661  0.224551 -0.414162   1.49936
0.809332 0.223937  -0.4153  1.49609
 0.811318   0.22287 -0.415033   1.49865
 0.810605  0.223356 -0.414602   1.49702
  0.80681  0.222785 -0.415537   1.49151
0.803044 0.223972 -0.41653  1.48604
 0.806151  0.219852 -0.418443   1.49109
 0.805657  0.222117 -0.416067   1.48942
0.812327 0.219991 -0.41448  1.49986
  0.81026  0.216566 -0.417909   1.49761
 0.815828  0.214819 -0.410469   1.50421
 0.812893  0.215475 -0.413745   1.49961
 0.808367  0.222373 -0.415559   1.49383
 0.808485  0.218599 -0.416647   1.49369
 0.810853  0.220609 -0.415048   1.49711
 0.809245  0.221119 -0.416541   1.49585
0.929317 0.147588 0.233466  1.67047
   0.96524 -0.0294903  0.0273497    1.73814
  0.958699 -0.0702029  0.0950265    1.72819
  0.960066 -0.0174303  0.0954843    1.72508
  0.960542 -0.0191393  0.0917321    1.72856
  0.940845 -0.0720737   0.184663    1.69849
  0.916447 -0.0305035   0.252089    1.65358
  0.939509 -0.0247097   0.203491    1.69164
  0.933519 -0.0480181   0.244608    1.69384
   0.95519 0.00902092   0.143117    1.71665
    0.9482 0.00340999   0.169953    1.70344
 0.950282 0.0292404  0.153856   1.70549
 0.951117 0.0181016   0.16774   1.71027
   0.94964 -0.0521325   0.173629    1.71661
  0.946532 -0.0162916   0.197512    1.70726
     0.95594 -0.000488423     0.150377      1.72109
  0.951836 -0.0337759   0.153427    1.71293
 0.88652 0.193093 0.285326  1.60901
0.890536 0.199466 0.281511  1.61509
0.893224  0.19121 0.283198   1.6203
0.890042 0.193651 0.282871  1.61349
0.895696 0.204041 0.274634   1.6233
 0.90091 0.188304 0.277132  1.63264
0.895771 0.191782 0.279917   1.6228
0.894676 0.196104 0.276283  1.62007
0.892156 0.123841 0.289148  1.61366
0.893411 0.131739  0.28736  1.61681
0.897943 0.132433 0.294245  1.62658
0.894822 0.130062 0.288639  1.62034
0.893148 0.139596 0.287942  1.61717
0.891893 0.148058 0.289083  1.61554
 0.89708 0.149216  0.29187  1.62553
0.893717  0.14683 0.288714  1.61956
0.902082 0.138039 0.292423  1.63337
0.901806 0.145801 0.289064   1.6324
0.906937 0.137625 0.284643  1.64008
0.903001 0.141165 0.292101  1.63545
0.894656 0.138448 0.287865  1.62056
0.898704 0.146848  0.29308  1.62927
 0.89927 0.138244 0.294415  1.63023
0.897747 0.141027 0.292658  1.62659
0.760096 0.155455 -0.46052  1.40595
 0.760201  0.155455 -0.460246    1.4061
 0.760396  0.155526 -0.459773   1.40647
 0.760048  0.154787 -0.462178   1.40618
 0.760032  0.154935 -0.462267    1.4062
 0.760061  0.154741 -0.462053   1.40616
 0.760002  0.155428 -0.462254   1.40621
 0.760002  0.154678 -0.461997   1.40605
0.766673 0.156264 -0.45277  1.41674
 0.759951  0.154784 -0.462102   1.40599
  0.74486   0.13117 -0.452411   1.36779
 0.746499  0.129762 -0.452013   1.37074
0.743036  0.13004 -0.45093  1.36255
 0.740962  0.129886 -0.449136   1.35658
0.742362 0.128026 -0.44862  1.35891
 0.742613  0.128959 -0.449176   1.35992
  0.74608   0.12654 -0.449578   1.36754
 0.743812  0.126213 -0.447873   1.36121
 0.745445  0.124277 -0.446962   1.36379
0.745644 0.125351  -0.4477  1.36482
 0.744104  0.129713 -0.450658   1.36456
 0.744015  0.127202 -0.448527   1.36219
 0.745696  0.127839 -0.450044   1.36725
0.744404 0.128263 -0.45019  1.36465
 0.760017  0.155163 -0.462298   1.40621
 0.760952  0.153909 -0.456745   1.40658
 0.764294    0.1551 -0.455516   1.41308
 0.765523   0.15431 -0.456464   1.41585
  0.76795  0.153201 -0.456344    1.4204
  0.76714  0.121933 -0.439584   1.40614
 0.763307  0.117982 -0.438672   1.39662
 0.767455  0.116076 -0.434516   1.40285
  0.76623  0.118739 -0.436626   1.40184
 0.760831  0.114945 -0.438992   1.39079
 0.756837  0.113621 -0.438633   1.38143
 0.760277  0.111256 -0.435674   1.38674
 0.760172  0.112923 -0.437381   1.38772
 0.768764  0.110625 -0.431104   1.40269
  0.76407  0.108864 -0.431995   1.39246
  0.76856  0.106169 -0.427555    1.3993
 0.768223  0.108477 -0.430038   1.40024
 0.763025  0.115694 -0.437192   1.39457
 0.763849  0.110798 -0.434095   1.39343
 0.767256  0.113741 -0.433299   1.40114
 0.764474  0.112886 -0.435334   1.39619
 0.759572  0.154687 -0.461195   1.40504
 0.761999  0.151443 -0.451914   1.40666
 0.771962  0.146824 -0.443868   1.42207
 0.775903   0.12444 -0.428206   1.41904
 0.773983  0.132335 -0.434666   1.41959
 0.769604    0.1252 -0.436884    1.4103
 0.774366  0.128719 -0.434444   1.41978
  0.76391   0.12988 -0.446258   1.40396
 0.777972  0.136288 -0.432997   1.42797
0.780614 0.127568 -0.42627  1.42872
   0.7839  0.136837 -0.422876   1.43565
 0.780109  0.131532 -0.423805   1.42695
 0.766343   0.15054 -0.457005   1.41685
 0.760016  0.155902 -0.461544   1.40604
 0.760003  0.155954 -0.461558   1.40606
 0.760747  0.154893 -0.455272   1.40577
 0.760408  0.155862 -0.459453   1.40649
 0.763058  0.156697 -0.455329   1.41086
 0.761072  0.155719 -0.453343   1.40598
 0.760669  0.154162 -0.457156   1.40611
 0.736025  0.152768 -0.460879   1.35911
 0.759913  0.154994 -0.462166   1.40595
 0.765874  0.158792 -0.453055   1.41574
 0.760519  0.154989 -0.458987   1.40649
0.762326 0.154835 -0.45277  1.40813
 0.760326  0.155198 -0.459686   1.40627
  0.75851  0.160883 -0.442251   1.39691
  0.76012  0.155132 -0.460147   1.40588
0.759652 0.155242 -0.46157  1.40536
 0.760165  0.155313 -0.460888   1.40618
 0.760723  0.154818 -0.458792   1.40688
 0.759981  0.154692 -0.460767   1.40568
 0.760075  0.154802 -0.461914   1.40616
 0.759787  0.154461 -0.460878   1.40535
 0.760074  0.154957 -0.461807   1.40614
 0.760012  0.154915 -0.460775   1.40578
 0.760168  0.155041 -0.461736   1.40635
 0.788112  0.141605 -0.410531   1.43933
 0.793945  0.140766 -0.402584    1.4479
 0.788663   0.14999 -0.404588   1.43909
 0.789833  0.142354 -0.404379   1.44005
 0.802908  0.137585 -0.388594   1.46047
 0.818721  0.139398 -0.367658   1.48751
 0.800564   0.15441 -0.382243   1.45609
 0.804768  0.141716 -0.378377   1.46144
 0.787507  0.156419 -0.399674   1.43561
 0.791612  0.161276 -0.392171   1.44221
 0.785107  0.166779 -0.400328   1.43278
 0.787945  0.159905 -0.397165   1.43638
 0.795682  0.140249 -0.392413   1.44674
  0.79499  0.153345 -0.388961   1.44676
  0.78949  0.150214 -0.397927   1.43779
 0.794284   0.14977 -0.393525   1.44608
 0.785027  0.144904 -0.409359   1.43258
 0.784949  0.149178 -0.410029   1.43363
 0.783262  0.156652 -0.402034   1.42758
 0.78149 0.162938 -0.40583    1.427
0.779291 0.153759  -0.4186  1.42679
 0.781652  0.156252 -0.410429   1.42813
 0.735934    0.1432 -0.455827   1.35352
 0.737255   0.14167 -0.455458   1.35574
 0.734049  0.142755 -0.453674    1.3478
 0.731938  0.143035 -0.451833    1.3417
  0.73313  0.141248 -0.451681   1.34376
 0.733609  0.141974 -0.452023   1.34509
 0.736074  0.139232 -0.453336    1.3511
 0.734199   0.13962 -0.451462   1.34555
 0.735218  0.137977 -0.451269   1.34725
 0.735686  0.138652 -0.451586   1.34854
 0.735167   0.14213 -0.453689   1.35001
 0.734638  0.140301 -0.451814    1.3468
 0.736223   0.14013 -0.453641   1.35181
 0.735008  0.140952 -0.453376   1.34924
 0.729667  0.159767 -0.455489   1.34377
 0.729495  0.164468 -0.453738   1.34329
 0.727504  0.159832 -0.452364   1.33685
  0.72728  0.162337 -0.451454   1.33629
 0.725848  0.160835 -0.451139   1.33214
 0.726374  0.160908 -0.451538   1.33415
0.727953  0.16269 -0.45361  1.33957
 0.728683  0.161184 -0.453639   1.34076
 0.763521  0.160712 -0.450064   1.41022
 0.769191  0.155236 -0.451268   1.42112
 0.761306  0.152667 -0.454063   1.40623
 0.749058  0.132518 -0.453564   1.37779
 0.753071  0.129668 -0.452586   1.38516
 0.759682  0.155586 -0.461641    1.4055
 0.763502  0.151401 -0.453822    1.4104
 0.759735  0.155833 -0.461559   1.40561
 0.765703  0.158804 -0.449249   1.41395
0.761544 0.155057 -0.45312  1.40673
 0.759844  0.156023 -0.461455   1.40581
 0.760675  0.154493 -0.453618   1.40501
 0.760384  0.154979 -0.456075   1.40531
  0.75994  0.155466 -0.457053   1.40482
 0.759636  0.155697 -0.461485   1.40539
 0.760548  0.155504 -0.457772   1.40624
 0.760075  0.155951 -0.461085   1.40615
  0.76023  0.155848 -0.460147   1.40625
 0.760382  0.155149 -0.453795    1.4046
  0.76013  0.155855 -0.460509   1.40612
 0.760002   0.15588 -0.459109   1.40559
0.760119 0.155896 -0.46141  1.40623
 0.760076  0.156021 -0.460643   1.40605
 0.940683  0.159845 0.0776401   1.69235
 0.945776  0.164271 0.0415209   1.70373
 0.947426  0.163198 0.0658838   1.70512
 0.944694  0.173224 0.0676351    1.7037
    0.956949     0.137498 -0.000195672      1.72659
  0.965516  0.0811939 -0.0180722    1.74155
0.958257 0.127134 0.029038  1.72432
0.957873 0.107697 0.024267  1.72437
 0.951516  0.152999 0.0645809   1.71093
 0.954837   0.13964 0.0535037   1.71649
0.952867 0.151352 0.072137  1.71331
  0.95282   0.14676 0.0687494   1.71325
 0.949657  0.160746 0.0396352    1.7127
 0.954254  0.139017 0.0507696   1.71654
 0.949936  0.161365 0.0645353   1.71046
0.952037 0.152124 0.041297  1.71331
 0.867324  0.369831 0.0868782   1.57633
0.876175 0.352544  0.11822  1.59282
0.857859 0.374943 0.104364  1.55947
0.863825 0.363271 0.120728  1.57022
0.852387 0.378388  0.12293  1.55228
0.857231   0.3662 0.115536  1.55567
0.867695 0.358169 0.115443  1.57528
 0.86601 0.360512 0.100014  1.57068
  0.807573   0.430738 -0.0978209    1.47751
 0.816624  0.409554 -0.117225   1.48842
  0.829315   0.408365 -0.0883694    1.51197
  0.815711   0.408711 -0.0987961    1.48302
 0.830198  0.387488 -0.134349   1.51178
  0.852475   0.384639 -0.0832212    1.55321
  0.833771   0.394973 -0.0935447    1.51652
 0.827849  0.387968 -0.111377   1.50245
  0.870661   0.348648 -0.0766321     1.5784
 0.955224  0.126256 0.0325323   1.71729
 0.954691  0.133065 0.0365846    1.7161
 0.955052  0.132894 0.0295536   1.71655
 0.954982  0.134138 0.0340929   1.71702
 0.954248  0.137546 0.0224749   1.71364
 0.953694  0.143241 0.0312679   1.71367
 0.953679  0.143934 0.0398214   1.71393
  0.950182   0.134318 -0.0984767    1.70876
  0.952457   0.149024 -0.0763796    1.71407
 0.955402  0.136815 0.0200758   1.71687
 0.955364  0.135331 0.0219469   1.71647
 0.956258  0.129914 0.0173231   1.71917
 0.956885  0.125161 0.0156227   1.72062
 0.956462  0.125499 0.0207032   1.71977
 0.956449  0.124596 0.0167486   1.71948
 0.955476  0.133165 0.0282967   1.71776
0.956135 0.126395 0.026043  1.71927
 0.955763  0.126879 0.0313371   1.71868
 0.955626  0.126101 0.0268775   1.71798
  0.95602  0.129851 0.0180078   1.71846
 0.956014  0.125574 0.0211679   1.71867
 0.955337  0.132076 0.0212418   1.71704
 0.955951  0.130253 0.0218062   1.71851
 0.956754  0.123975 0.0115527   1.72001
0.956211 0.129276 0.014236  1.71879
    0.9564   0.128308 0.00726224    1.71898
0.956442 0.130166 0.011939  1.71956
   0.955397    0.130638 -0.00148402     1.71594
  0.955075   0.137528 0.00799593    1.71621
 0.955167  0.138322 0.0159572   1.71653
   0.957924    0.119187 -0.00965349     1.72213
   0.957436    0.122722 -0.00753923       1.721
  0.957589   0.120321 -0.0138755    1.72107
   0.95764   0.123341 -0.0102893    1.72168
  0.957135   0.128768 -0.0141749    1.72009
  0.956602   0.125282 -0.0148373     1.7189
   0.956624    0.128669 -0.00772798     1.71925
 0.950688  0.156338 0.0533745   1.70656
  0.957031   0.131844 -0.0209134    1.72065
 0.957529  0.130213 -0.016424   1.72149
  0.958032   0.121105 -0.0242577    1.72253
  0.958735   0.117494 -0.0267847    1.72417
  0.958688   0.117764 -0.0216518    1.72399
  0.958339     0.1167 -0.0234599    1.72298
  0.957901   0.120453 -0.0153189    1.72195
  0.958534   0.118228 -0.0166173    1.72359
  0.95835  0.119799 -0.011524    1.7233
  0.958124   0.117661 -0.0148025    1.72246
  0.957919   0.120257 -0.0203583    1.72198
 0.958302  0.116834 -0.018922   1.72284
   0.95788   0.119554 -0.0170082    1.72173
  0.958068   0.120457 -0.0194008    1.72244
  0.958346   0.116104 -0.0286755    1.72304
  0.957825   0.120836 -0.0251606     1.7219
 0.957826   0.11942 -0.031526   1.72186
  0.957982   0.120899 -0.0299152    1.72251
  0.956832   0.124467 -0.0350627    1.71953
  0.956596   0.126455 -0.0334922    1.71936
  0.956652     0.1311 -0.0268169    1.71983
  0.958409   0.111309 -0.0503563    1.72342
   0.95782   0.116909 -0.0468011    1.72219
  0.957683   0.114741 -0.0530285    1.72182
  0.957955   0.115213 -0.0524637    1.72267
 0.956722  0.126892 -0.054726   1.72036
  0.956624   0.116715 -0.0537905    1.71925
  0.956638   0.123259 -0.0493842    1.71984
 0.952501  0.151957 0.0284606   1.70979
  0.955949   0.121875 -0.0703725      1.719
  0.956645   0.126745 -0.0625344    1.72074
  0.957229   0.113762 -0.0733298    1.72188
  0.958671   0.107451 -0.0770973    1.72536
  0.958974   0.107609 -0.0691105    1.72554
 0.957907  0.107925 -0.070174   1.72293
  0.957802   0.112944 -0.0582648    1.72226
  0.959025   0.108631 -0.0617777     1.7253
     0.959   0.110561 -0.0552088     1.7251
  0.958354   0.109491 -0.0564506    1.72337
  0.957142   0.115271 -0.0660769    1.72124
 0.958223  0.108371 -0.062864   1.72329
  0.957592   0.115352 -0.0577497    1.72189
  0.957586   0.113797 -0.0658474    1.72229
 0.948208  0.189007 0.0151468   1.70393
 0.950651  0.149454 -0.123494    1.7164
 0.942751  0.149878 -0.154346   1.70188
 0.949752  0.130501 -0.131735   1.71215
 0.946126  0.133833 -0.148352   1.70641
 0.948665  0.120276 -0.145426   1.71002
 0.947808  0.124038 -0.146524   1.70876
 0.944614  0.139065 -0.152163   1.70439
0.947734 0.147878 -0.14318  1.71195
 0.946535  0.172531 0.0627031   1.69816
 0.938698  0.133632 -0.187742   1.69508
 0.939149  0.139542 -0.179631   1.69575
 0.937053  0.142463 -0.187294   1.69266
 0.938339  0.134952 -0.185931   1.69432
 0.934887  0.168958 -0.190108   1.69346
 0.937091  0.141016 -0.179659   1.69123
0.937554 0.143205  -0.1788  1.69255
  0.955965   0.140959 -0.0370417    1.71892
 0.786616  0.399144 -0.212328   1.43961
 0.795239  0.377913 -0.222379   1.45027
 0.805641  0.384037 -0.199395   1.46948
 0.793644  0.381095 -0.208291   1.44406
 0.807726  0.360707 -0.234216   1.47452
0.826046 0.369743  -0.1933  1.50782
 0.809973  0.373705 -0.203316   1.47606
0.805024 0.365598 -0.21484  1.46461
0.878552 0.353108 -0.01434  1.59194
 0.782414  0.326549 -0.308545   1.43163
 0.802128  0.338009 -0.277267   1.46715
0.773326 0.338845 -0.30063  1.41268
 0.783505  0.346082 -0.283273   1.43088
 0.767317  0.355519 -0.295668   1.40553
 0.772471  0.342667 -0.290144   1.40816
 0.786414  0.338939 -0.287094    1.4365
 0.780649  0.332404 -0.294725   1.42416
   0.94816   0.168318 -0.0961209     1.7094
 0.926504  0.229359 -0.135141   1.67479
 0.909826   0.16895 -0.268414   1.65167
 0.910863   0.17572 -0.259448   1.65368
 0.907314  0.180088 -0.268202   1.64896
0.909212 0.171157 -0.26587   1.6507
  0.90449  0.204228 -0.270848   1.65014
 0.907304  0.180551 -0.261966   1.64805
 0.908201  0.182937 -0.260792   1.65034
 0.750437  0.312497 -0.352247   1.37588
 0.755883  0.299921 -0.353276   1.38294
 0.762965  0.308189 -0.341542   1.39552
 0.754368  0.303803 -0.346357   1.37776
 0.763738  0.291716 -0.357973   1.40017
 0.777415  0.306097 -0.337075    1.4249
 0.765365  0.303716 -0.343809   1.40094
 0.762042  0.297458 -0.348865    1.3938
  0.92207  0.209755 -0.190418   1.67164
 0.871373  0.219231 -0.326596   1.59612
 0.877769  0.222567 -0.319667   1.60925
 0.870381  0.210277 -0.334756     1.593
 0.870574  0.204791 -0.342086   1.59333
 0.876752  0.199621 -0.332771   1.60269
 0.871998  0.205201 -0.335614   1.59416
0.883706 0.197421 -0.31274  1.61229
 0.882543   0.19414 -0.323492   1.61132
 0.888011   0.18801 -0.314235   1.61925
 0.884462  0.194906 -0.317111   1.61363
0.873324 0.213409 -0.32721  1.59774
0.878328 0.200171 -0.32638  1.60404
 0.881836  0.207983 -0.314543   1.61118
 0.876795  0.204602 -0.324484   1.60226
 0.739457  0.274504 -0.388194    1.3564
 0.744488   0.26516 -0.387407   1.36362
  0.74905  0.272906 -0.379606   1.37163
 0.742588  0.268651 -0.382814   1.35823
 0.751469  0.259898 -0.391154   1.37982
 0.760396  0.273852 -0.376884   1.39583
   0.7511  0.270346 -0.381339   1.37701
 0.749678    0.2649 -0.384488   1.37377
 0.757384  0.350822 -0.300574   1.38423
   0.7524  0.340293 -0.316064   1.37546
 0.766769   0.33435 -0.305243   1.39853
 0.761332  0.345519 -0.312069   1.39497
 0.748741  0.329217 -0.330372    1.3692
 0.745509  0.318312 -0.343106   1.36364
0.759039  0.31422 -0.33214  1.38532
0.753766 0.323451 -0.33987  1.38162
 0.773897  0.323452 -0.313551   1.41385
0.773768 0.314462 -0.31884   1.4122
 0.757448  0.334438 -0.326727   1.38818
 0.764884   0.31974 -0.328044   1.39821
 0.770024  0.329176 -0.315262   1.40748
 0.762336  0.324224 -0.320264   1.39109
 0.847235  0.227174 -0.359992   1.55665
 0.851746  0.229227 -0.355303   1.56547
 0.846905  0.221741 -0.367629   1.55615
 0.847537  0.217814 -0.372875   1.55716
 0.853083  0.214731 -0.365723   1.56574
 0.848454  0.217946 -0.368056   1.55713
 0.857931  0.216645 -0.353063   1.57358
 0.858705  0.211936 -0.358426   1.57467
 0.864439  0.208226 -0.350563   1.58352
 0.859626  0.212171 -0.353169   1.57462
 0.849033  0.223634 -0.362353   1.55925
 0.853814  0.214961 -0.360986   1.56542
 0.854843  0.220714 -0.354334   1.56811
 0.852312  0.218608 -0.360632   1.56439
 0.812584  0.232398 -0.398781   1.49969
 0.818063  0.230119 -0.400314   1.50985
 0.823078  0.226282 -0.398784   1.51716
0.823473 0.230112   -0.394  1.51841
 0.821469  0.228576 -0.398574   1.51572
 0.823568  0.235594 -0.387708   1.51872
0.815678 0.232518  -0.3987  1.50557
 0.821136  0.235274 -0.393899   1.51605
 0.865414  0.241213 -0.298701   1.57949
 0.806628  0.224326 -0.414032   1.49077
0.803368 0.226584 -0.41355  1.48592
 0.804416  0.224994 -0.411864   1.48615
0.809149 0.224957   -0.414  1.49537
 0.811326  0.224915 -0.413229   1.49827
 0.809569  0.226571 -0.411715   1.49577
0.810307 0.225456 -0.41346  1.49771
 0.806488  0.228747 -0.406978   1.48925
0.808126 0.225677 -0.41402   1.4938
  0.80713  0.227274 -0.409564   1.49153
 0.808952  0.227002 -0.412087   1.49499
 0.742343  0.307985 -0.355348    1.3586
 0.739084  0.298352 -0.365304   1.35287
 0.750538  0.295622 -0.356457    1.3715
 0.746366  0.302961 -0.362873   1.36866
 0.736844  0.288673 -0.374333   1.34903
0.735053 0.279469  -0.3823  1.34599
 0.745594  0.277746 -0.373748   1.36314
 0.741532   0.28363 -0.380426      1.36
 0.756591   0.28811 -0.361538   1.38522
 0.757198  0.280928 -0.364684   1.38542
 0.743807  0.293123 -0.372187   1.36412
 0.750172  0.282493 -0.371077   1.37316
 0.753579  0.291201 -0.362847   1.37932
 0.747597  0.286424 -0.366207   1.36658
0.915142 0.165418 0.241706  1.63351
0.913581 0.152388 0.220935  1.63629
0.911183 0.144506 0.210023  1.64019
0.913952  0.23419 0.301036  1.65844
 0.93023 0.217064 0.259027  1.68004
 0.818891 -0.157053  0.173816   1.49915
0.937966 0.201589 0.220737  1.69047
0.899234 0.165235 0.351424  1.63011
0.925326 0.192117 0.274267  1.66986
0.925185 0.153086 0.235983  1.66312
0.935852 0.207941 0.237365  1.68765
0.927081  0.15296 0.237786  1.66678
0.928637 0.150372 0.238109  1.66971
0.875732 0.261491 0.246922   1.5891
0.874417 0.269686 0.240738  1.58672
0.880278 0.265126 0.238171  1.59616
0.876907 0.268389 0.242691  1.59267
0.873128 0.278213  0.23399  1.58451
0.871556 0.286789 0.226567  1.58163
0.878184 0.280303 0.223585  1.59223
0.874417 0.285441 0.228906  1.58846
0.885103 0.267924 0.230333   1.6042
0.885585 0.271148 0.222452   1.6044
0.875796 0.276841 0.235951  1.59082
0.880059 0.278728 0.227297  1.59691
0.881453 0.271436 0.233742  1.59968
0.879042 0.273311 0.231097  1.59407
0.930206 0.140404 0.229794  1.67256
0.927445  0.14866 0.247477  1.66939
0.931205 0.128767 0.224655  1.67479
0.927316 0.155245 0.234948  1.66687
0.931379  0.12068 0.236892  1.67768
0.926041 0.151394 0.237031  1.66621
 0.937038 0.0826262  0.204829   1.68367
 0.946879 0.0524839  0.189822   1.70422
 0.941281 0.0628568  0.199408   1.69221
 0.942768 0.0600159  0.202108    1.6966
 0.935881 0.0671217  0.221374   1.68386
 0.933096 0.0699296  0.224233   1.67795
 0.938597 0.0760623  0.215355   1.68967
0.929682 0.150331 0.230156  1.67104
0.887632 0.266295 0.232806  1.61003
0.890976 0.252252 0.243359  1.61665
0.882044 0.263571 0.240696  1.60038
0.884122 0.255275 0.245854  1.60439
0.878238 0.260059 0.248579  1.59499
0.881291 0.257475 0.243989  1.59805
0.886904  0.25523 0.243129  1.60828
0.886352 0.259147 0.236714  1.60645
 0.932437 0.0874933  0.243543   1.68177
0.933668 0.102486 0.228538  1.68169
 0.930089 0.0989153  0.233267   1.67383
0.913631 0.132397 0.193054  1.64321
0.917796 0.148207 0.184941  1.65286
0.921429 0.147486 0.229323  1.65638
0.911494 0.143087 0.214292  1.64051
0.927215 0.151617 0.240067  1.66741
0.925309  0.15178 0.236208   1.6646
0.923961  0.15132 0.229446  1.65973
0.936879 0.173503 0.225176  1.69389
0.934258  0.19388 0.243508  1.68553
0.927415  0.14438 0.244201  1.66883
0.918096 0.139709 0.208414   1.6492
0.926583 0.152582  0.23815  1.66573
0.914296 0.145676 0.207603  1.64825
0.922521 0.160529 0.258618  1.66384
0.920617 0.158049 0.217416  1.65207
0.935995 0.184865 0.221726  1.69432
0.922144 0.161054 0.211189   1.6517
0.924536 0.150666 0.228392  1.66079
0.937644 0.133292 0.174739  1.69454
0.927314 0.194398 0.140567  1.66225
0.932294   0.1359 0.274505  1.68894
 0.93385 0.187794 0.199298  1.67388
0.930061 0.165254 0.206696  1.67079
0.931633  0.17141 0.210483  1.66643
0.889095 0.237177 0.255346  1.61122
0.889473 0.240598 0.248936  1.61131
0.884454 0.233534 0.261984  1.60359
 0.87985  0.22865 0.269016  1.59633
0.878741 0.236726 0.264212  1.59431
 0.88096  0.23538 0.265776  1.59962
 0.88274 0.248288 0.250557  1.60041
0.877754 0.244912  0.25882  1.59258
0.876723 0.252857 0.252966  1.59066
0.879117 0.251536 0.254968  1.59645
0.885535 0.239604  0.25851  1.60676
0.880088 0.243545 0.260529  1.59816
0.884314 0.246605 0.253638  1.60433
0.883346 0.241535  0.25645  1.60174
0.892412  0.15612 0.289719  1.61797
0.896664 0.164567 0.291095  1.62569
0.897849 0.155397 0.292009   1.6282
 0.89589  0.15802 0.290896  1.62374
0.901898 0.167222 0.285388  1.63298
0.906831 0.150164 0.285859  1.64226
0.902848 0.152304 0.289609  1.63525
0.901334 0.154348 0.288576   1.6318
0.901449 0.162271 0.285728  1.63261
0.890347 0.157431 0.290229  1.61346
0.888651  0.16679 0.290443  1.61082
0.894794 0.166766 0.290302  1.62151
0.890853 0.165313 0.290338  1.61573
0.886998 0.176192 0.289418  1.60817
0.885476 0.185391 0.287361  1.60566
0.892266 0.183498 0.285559  1.61711
0.887908 0.183696 0.287926  1.61123
 0.89964 0.169708 0.283789  1.62777
0.900127 0.174842 0.279166  1.62854
0.889368 0.174561 0.289695  1.61355
0.894105 0.181029 0.287508  1.62133
0.895501 0.173181 0.289722  1.62407
 0.89332 0.175605  0.28855  1.61918
0.928747 0.136187 0.237639  1.67069
0.897016 0.271692 0.217039  1.62759
0.928672 0.144947  0.23827  1.66984
0.937959 0.177536 0.211331  1.69868
0.926673 0.132603 0.246746  1.66824
0.937822 0.168169 0.207539  1.69708
0.930423 0.152263 0.229439  1.67315
0.925295 0.151632  0.23646  1.66399
0.933349  0.15781 0.213321   1.6836
0.922254 0.147745 0.229089  1.65845
0.917318 0.140267 0.215999  1.64957
0.917164 0.143018 0.216227  1.65264
0.937214 0.169435 0.208255  1.69395
0.915934 0.141022 0.214261  1.64629
0.920437 0.160844 0.234818  1.64672
0.911582 0.147104 0.223489  1.63387
0.922372 0.147225 0.228436  1.65975
0.915648 0.152417 0.236911  1.63404
0.917992  0.14742 0.219968  1.65097
0.913667 0.161916 0.226782  1.63572
0.920368 0.157228 0.235536  1.64556
 0.761707  0.120845 -0.440815   1.39489
    0.763  0.123605 -0.442005   1.39895
 0.755682   0.12408 -0.445754   1.38549
 0.759658  0.117389 -0.440264    1.3894
 0.756099   0.11939 -0.443305   1.38389
 0.756787  0.115209 -0.440163   1.38243
 0.757336  0.117009 -0.441887   1.38531
 0.757093  0.121963 -0.443375   1.38672
 0.760316  0.120218 -0.442067   1.39254
 0.769572  0.142616 -0.452418   1.42068
 0.751538  0.126311 -0.449289   1.37919
   0.7473  0.129885 -0.451449   1.37211
  0.74955  0.124269 -0.447934   1.37353
 0.747228  0.126473 -0.449038   1.36962
 0.747442   0.12344 -0.446655   1.36768
 0.747896  0.124691 -0.448292   1.37027
 0.747949  0.128022 -0.449965   1.37223
 0.750376  0.126199 -0.449394   1.37668
0.764723 0.152841 -0.45676  1.41404
 0.769682   0.13097 -0.444023   1.41518
 0.770561  0.135364 -0.441333   1.41634
 0.740087  0.137707 -0.453528   1.35959
 0.740888  0.136282 -0.453786   1.36116
 0.737933  0.136358 -0.452308   1.35373
 0.736194  0.136418 -0.450883   1.34876
 0.737389  0.134819 -0.450431    1.3507
 0.737652  0.135654 -0.450865   1.35165
0.740173 0.133437 -0.45199  1.35776
 0.738582  0.133201 -0.450108   1.35273
 0.739685  0.131571 -0.449732   1.35454
 0.739875  0.132443 -0.450207   1.35537
 0.738964  0.135944 -0.452185   1.35575
 0.738784  0.134014 -0.450524   1.35354
  0.73991   0.13445 -0.452229   1.35755
 0.739066  0.134875 -0.452013   1.35565
 0.736582  0.137191 -0.451284   1.34995
 0.737912  0.137387 -0.452642    1.3541
 0.737081  0.138686 -0.453281   1.35306
 0.736868  0.137672 -0.452866   1.35212
 0.738176  0.140682 -0.455918   1.35775
0.737878  0.13934 -0.45476  1.35607
 0.738898  0.138792 -0.453992    1.3576
 0.773076  0.158061 -0.435318   1.42287
 0.735965  0.144377 -0.456474   1.35425
 0.733839  0.148241 -0.456463   1.35057
 0.734049  0.143757 -0.453938   1.34818
 0.732825  0.145791 -0.453924   1.34598
 0.732383  0.143831 -0.452239   1.34302
 0.732745  0.144525 -0.453617   1.34535
 0.733445  0.146656 -0.455703    1.3489
 0.734943  0.145229 -0.455405   1.35154
 0.779657  0.173176 -0.410605   1.42665
0.775855 0.161381 -0.42011  1.42173
 0.776766  0.165772 -0.418391   1.42311
 0.732111  0.151573 -0.456732   1.34787
 0.730848  0.155794 -0.455958   1.34561
 0.730089  0.151209 -0.453934   1.34141
 0.729286   0.15346 -0.453526    1.3399
 0.728417  0.151657 -0.452473   1.33643
  0.72885  0.152105 -0.453398   1.33863
 0.729934  0.154106 -0.455488   1.34301
  0.73111  0.152667 -0.455338   1.34504
 0.788531  0.191128 -0.445397   1.46065
 0.790191  0.192868 -0.447713   1.46498
 0.789454  0.199686 -0.444023   1.46471
 0.789014  0.201125 -0.440015   1.46272
 0.783188  0.192826 -0.451031   1.45333
    0.787  0.197342 -0.448667   1.46122
 0.728918  0.169197 -0.452378   1.34237
 0.729845  0.174441 -0.449603   1.34368
 0.726592  0.169722 -0.448944   1.33496
 0.726947  0.172472 -0.447516   1.33535
 0.724946  0.171334 -0.447988   1.33057
 0.725576  0.170978 -0.447815   1.33236
 0.727652  0.172551 -0.449828   1.33878
 0.727946  0.170949 -0.450037   1.33914
0.768497 0.158496 -0.44026  1.41578
 0.728084  0.178655 -0.447514   1.33977
 0.728689  0.176764 -0.447602   1.34062
  0.72594  0.179694 -0.443998    1.3328
 0.723319  0.182017 -0.443362   1.32682
  0.72336  0.178862 -0.444666   1.32697
 0.725045   0.18014 -0.444574   1.33066
 0.725833  0.173854 -0.446688   1.33288
0.723382 0.175855 -0.44583  1.32704
 0.723476  0.172942 -0.446979   1.32728
 0.725018  0.174115 -0.446905   1.33066
 0.727167  0.178185 -0.444968   1.33554
0.724979 0.177107 -0.44578  1.33057
 0.726845  0.175205 -0.446482   1.33517
 0.725731  0.176621 -0.445309   1.33241
 0.735174  0.150113 -0.459908   1.35618
 0.737757  0.147342 -0.459447   1.36069
 0.723654  0.197141 -0.436722   1.32723
 0.723382  0.193021 -0.438677    1.3268
 0.727037    0.1936 -0.436906   1.33414
 0.725742  0.194715 -0.438446   1.33192
 0.723298  0.189151 -0.440375   1.32669
 0.723222   0.18541 -0.441977   1.32659
0.726412 0.186203  -0.4407  1.33329
 0.725281  0.186961 -0.441829   1.33109
 0.729699  0.191768 -0.440717   1.34215
  0.73018  0.189415 -0.440927   1.34267
 0.725447  0.190746 -0.440207   1.33138
  0.72781  0.187904 -0.440341    1.3364
 0.728518  0.191619 -0.438284   1.33749
0.726502 0.189675 -0.43886  1.33317
0.733434 0.168825 -0.45803  1.35561
0.796409 0.225363 -0.41462  1.47245
 0.785293  0.225802 -0.408863   1.44674
 0.788175  0.229611 -0.407917   1.45327
 0.734814  0.178765 -0.453651   1.35815
  0.73693  0.200829 -0.439802   1.35979
 0.735407  0.196514 -0.440957   1.35622
0.733812 0.208567  -0.4307  1.34918
 0.734204  0.205533 -0.431101   1.34939
 0.730313  0.211285 -0.426155   1.33922
 0.725807  0.216303 -0.426367   1.33071
 0.725161  0.211242 -0.429279   1.32968
 0.728381  0.213262 -0.428762   1.33654
 0.728716  0.201917 -0.431877   1.33673
 0.724531  0.206295 -0.431934    1.3286
 0.724164  0.201563 -0.434433   1.32806
 0.727032  0.203438 -0.434008   1.33418
 0.732123  0.208719 -0.428119   1.34338
 0.727611  0.208331 -0.431509   1.33521
 0.730803  0.204022 -0.431194   1.34123
0.729243 0.206345 -0.42912  1.33734
 0.746144  0.206324 -0.437151   1.37903
 0.739038  0.229706 -0.415581   1.35751
0.739829 0.225621 -0.41642  1.35841
 0.734606   0.23307 -0.411166   1.34574
0.728529  0.23983 -0.41191  1.33504
 0.727871  0.233445 -0.415916   1.33398
 0.732042   0.23608 -0.415159   1.34295
 0.732731  0.221557 -0.418978   1.34292
 0.727274  0.227435 -0.419588   1.33303
 0.726589  0.221713 -0.423091   1.33196
 0.730345  0.223995 -0.422404   1.33995
 0.736955  0.229973 -0.413974   1.35124
  0.73119  0.229873 -0.418897   1.34142
 0.735352  0.224218 -0.417951   1.34857
  0.73341  0.226971 -0.415396   1.34377
 0.814866  0.262901 -0.352593   1.49569
 0.771805  0.244177 -0.393059   1.41778
 0.842924  0.244667 -0.338753   1.54493
   0.7979   0.24438 -0.383535   1.46725
 0.886189  0.236781 -0.269171   1.61613
 0.804179  0.274716 -0.349326   1.47734
 0.798025  0.358214 -0.240905   1.45389
 0.798031  0.346848 -0.249777   1.45192
 0.788071  0.373112 -0.228894   1.43429
 0.775389  0.394436 -0.219054    1.4149
 0.770381  0.384198 -0.241108   1.40592
 0.780635   0.38966 -0.235316   1.42883
 0.779107  0.352952 -0.268554    1.4189
 0.766298  0.373015 -0.262223   1.39894
  0.76202  0.361666 -0.281644    1.3916
0.771995 0.367092 -0.27654  1.41353
 0.792272  0.367936 -0.243607   1.44572
 0.776561  0.378437 -0.256719   1.42164
 0.786068  0.358783 -0.262507   1.43448
 0.783173  0.363289 -0.250683   1.42607
 0.905179  0.225261 -0.230836   1.64581
 0.794749  0.428383 -0.106676    1.4493
 0.787418  0.423135 -0.137047   1.43576
 0.808397   0.40586 -0.126146   1.46978
 0.799368  0.427996 -0.128666   1.46292
0.782885 0.414686 -0.16645  1.42765
0.779095 0.404429 -0.19284  1.42062
 0.799625  0.389746 -0.178845   1.45359
 0.790265  0.410407 -0.185693   1.44609
 0.820252  0.386164 -0.142268   1.49012
 0.820783  0.373552 -0.156684    1.4886
 0.794705  0.420103 -0.158562   1.45447
 0.806791  0.396346 -0.170088   1.47053
 0.813018  0.403695 -0.145945   1.48271
 0.803197  0.399481 -0.155454    1.4608
 0.936339  0.191566 -0.152237   1.69389
 0.821167  0.420699 0.0212758   1.49452
    0.81442    0.426293 -0.00891161     1.48266
   0.834378     0.40476 -0.00434382     1.51497
    0.825714     0.427576 -0.000134728      1.50837
  0.808345   0.429189 -0.0405071    1.47225
   0.80187   0.429473 -0.0728251    1.46101
  0.824533   0.407486 -0.0630884    1.49775
  0.814216   0.431904 -0.0638126    1.48872
  0.847659   0.385778 -0.0223921    1.53658
  0.849604   0.376925 -0.0431239    1.53851
  0.820236   0.430968 -0.0316576     1.4991
   0.83267    0.41068 -0.0520754    1.51663
 0.838261  0.409746 -0.023705   1.52693
 0.829302  0.408366 -0.034348   1.50656
  0.954728   0.137248 -0.0251308    1.71457
0.845823 0.380506 0.118594  1.53763
 0.839862  0.392054 0.0992985   1.52709
  0.85282  0.376353 0.0981561   1.54789
 0.84709 0.390739 0.104969  1.54357
 0.833841  0.403085 0.0765673   1.51663
 0.827539  0.411903 0.0510226   1.50517
 0.844561  0.392062 0.0540644   1.53281
 0.836965  0.412223 0.0593101   1.52704
 0.860748  0.371526 0.0807094    1.5614
  0.86131  0.371069 0.0624846   1.56135
 0.842285   0.40216 0.0833637    1.5359
 0.850324  0.392529 0.0643297   1.54671
 0.854961  0.384811 0.0846961   1.55536
 0.848437  0.386089 0.0766413   1.54038
  0.95056  0.137953 0.0833012   1.70614
0.953048 0.131777 0.107375  1.71343
0.873468 0.335167 0.148796  1.58366
0.874028 0.336633  0.13541  1.58357
0.866743 0.335801 0.162483  1.57207
0.860682 0.336341 0.177947  1.56295
0.857663 0.346391 0.165486  1.55756
0.862144 0.344988 0.169055    1.568
 0.86161 0.354025 0.133862  1.56294
0.854544 0.356998 0.151513  1.55226
0.850645  0.36789 0.136152   1.5455
0.856244 0.366285 0.140386  1.55832
0.868515 0.343633   0.1531  1.57767
0.859561 0.355401 0.155252  1.56379
0.865362 0.352801 0.139937  1.57192
 0.86408 0.345733 0.148485  1.56757
0.932826 0.130633  0.22296  1.67884
 0.89216 0.333893 0.122939  1.62191
0.880248 0.301018  0.19554  1.59547
0.880625 0.303731 0.185747  1.59529
0.874827 0.299068 0.206456  1.58644
  0.8699 0.296598 0.218491  1.57899
0.867769 0.306143 0.210018  1.57523
0.871033 0.304662 0.212357  1.58285
0.871509 0.316015 0.186538  1.58032
0.865559  0.31611 0.200409  1.57141
0.863136  0.32567 0.189784  1.56699
0.867008 0.324279 0.192958  1.57612
0.876165 0.306504 0.199975  1.59069
0.869172 0.314547 0.202974  1.57981
0.874021 0.314563 0.191176  1.58651
0.872975 0.308529 0.196724  1.58335
0.931305 0.141706 0.228631  1.67534
0.935054  0.13065 0.204745  1.68273
 0.92437 0.130503  0.25361  1.66596
 0.89486 0.301312 0.178786   1.6242
0.893411 0.205834 0.273645  1.61842
0.893598 0.209611 0.268311  1.61821
0.888927 0.201311 0.279825  1.61139
0.884136 0.194746 0.284785  1.60358
0.882882 0.203268 0.281592   1.6014
 0.88508 0.201769  0.28259  1.60655
0.886897 0.216838  0.27127  1.60781
0.881868 0.211772 0.277789  1.59972
0.880831  0.21997 0.273534  1.59789
0.883049 0.218525 0.274878  1.60315
0.889889 0.207729 0.277169  1.61433
0.884087 0.210286 0.278879  1.60493
0.888424 0.214972 0.273729  1.61148
0.887593 0.209814 0.275794  1.60922
0.917683 0.114193 0.276353  1.65912
0.921011 0.121938 0.264129  1.66307
0.916422 0.120394 0.276247  1.65573
0.912151  0.11093 0.285845  1.64994
0.906432 0.113744 0.298328  1.64253
0.908525 0.119386 0.289314  1.64328
0.908752 0.112561 0.287963  1.64279
0.900448 0.117606 0.300456  1.63256
 0.89449 0.120315 0.293135  1.62001
0.899617 0.128773 0.297125   1.6308
0.898043 0.122178 0.297074  1.62653
 0.90393 0.134619 0.294372  1.63781
0.907929 0.130714 0.288002  1.64235
0.906795 0.132243 0.287308  1.63975
 0.90377 0.117536 0.296563  1.63622
0.902715 0.128318  0.29457   1.6342
0.906998 0.123311 0.286876   1.6394
 0.90466 0.124826 0.296736  1.63895
0.923232 0.145041   0.2612  1.66496
0.913354 0.115012  0.28433   1.6516
0.910914 0.118626 0.283934  1.64611
0.912813 0.124994 0.276278  1.64781
0.910632 0.129747 0.285297  1.64728
0.922358 0.125463 0.261251   1.6628
 0.793398  0.203553 -0.438019   1.47165
0.794265 0.197165 -0.44271   1.4729
 0.801134  0.199831 -0.435724   1.48445
 0.795823  0.200123 -0.438177   1.47447
  0.79362  0.193636 -0.446289   1.47172
  0.79025  0.186623 -0.441736   1.46193
 0.797435  0.185649 -0.438184   1.47479
 0.793283  0.187552 -0.440224   1.46739
 0.810903  0.194593 -0.432213   1.50129
0.807294 0.184017 -0.43313  1.49246
 0.827538  0.183684 -0.421412    1.5299
 0.812511  0.186181 -0.428914   1.50127
0.795572 0.194566 -0.44358  1.47452
0.800996  0.18662 -0.43632  1.48108
 0.803065  0.195734 -0.435945    1.4866
 0.800588   0.19298 -0.441236   1.48356
 0.737938  0.190761 -0.447034   1.36364
 0.956319 0.0984031 0.0944056   1.71725
 0.954578  0.144952 0.0778766   1.71691
 0.955163  0.124575 0.0662187   1.71557
 0.961187 0.0702858   0.06963   1.72604
 0.959247  0.104301 0.0571512   1.72403
 0.963191 0.0427914 0.0354885   1.73072
 0.961791 0.0942787 0.0409183   1.72919
0.956943 0.120297  0.06148  1.71932
 0.958816  0.109084 0.0850108   1.72396
0.932563 0.140145 0.215959  1.67801
 0.760193  0.155095 -0.459842   1.40597
 0.759934  0.154537 -0.460755   1.40561
 0.760447  0.155112 -0.459483    1.4065
 0.759705  0.154698 -0.461262    1.4053
 0.759661  0.154932 -0.461431    1.4053
 0.759781  0.154575 -0.461083   1.40538
  0.75966   0.15451 -0.461039   1.40515
 0.760926  0.153023 -0.454547    1.4056
 0.761491  0.151946 -0.452171   1.40572
 0.742668  0.138438 -0.457298   1.36777
 0.746215  0.135666 -0.456367   1.37411
 0.761543   0.15748 -0.455724   1.40818
0.762819 0.152141 -0.45296  1.40871
 0.765655  0.151701 -0.458723   1.41666
  0.76069  0.151708 -0.454228   1.40486
0.757752 0.127557 -0.44793  1.39188
 0.762438  0.127203 -0.446328   1.40084
 0.760672  0.152841 -0.456553   1.40589
 0.761151  0.150313 -0.452186   1.40482
 0.767527  0.148814 -0.458281   1.41978
 0.748098  0.135452 -0.455673   1.37757
0.768098 0.145206 -0.45207  1.41747
 0.759928  0.155973 -0.461214   1.40587
 0.759959  0.156101 -0.461268   1.40601
 0.760166  0.155907 -0.458525   1.40575
 0.759744  0.155931 -0.461396   1.40561
 0.762404  0.157423 -0.455598   1.40977
 0.760634  0.157707 -0.456095   1.40651
 0.759541  0.155316 -0.461455   1.40513
0.760496 0.153178 -0.45683  1.40557
0.759533 0.154967 -0.46134  1.40504
  0.76043  0.154337 -0.458801   1.40623
 0.760257  0.154769 -0.459445   1.40607
0.764068 0.149227 -0.46239   1.4147
 0.760105  0.154779 -0.459776   1.40575
 0.758765  0.154475 -0.459253   1.40307
 0.760029  0.154764 -0.459957   1.40561
 0.759581  0.154338 -0.460012   1.40474
 0.759267  0.154564 -0.460239   1.40423
 0.75987 0.154571 -0.46091   1.4055
 0.760099  0.154837 -0.460691   1.40595
0.759407 0.154253 -0.45999  1.40441
 0.773002  0.158959 -0.427329   1.41905
 0.732089  0.157425 -0.459766   1.35131
0.734168 0.154634 -0.45946  1.35482
 0.739709  0.142596 -0.458702   1.36325
 0.741443  0.149739 -0.465483   1.37158
 0.760884  0.151266 -0.453986   1.40523
 0.733849  0.160246 -0.460321   1.35592
 0.764011  0.158694 -0.456462   1.41341
 0.759258  0.155215 -0.460577   1.40437
 0.762712  0.158852 -0.457028   1.41114
 0.759388  0.155662 -0.460778   1.40475
 0.759519  0.155933 -0.460724   1.40503
 0.756373  0.160217 -0.451021   1.39644
 0.760504  0.155719 -0.453942    1.4051
 0.760003  0.155131 -0.454721   1.40418
 0.759392  0.155391 -0.455859    1.4034
 0.759185  0.155255 -0.460466   1.40421
 0.76019 0.155492 -0.45623  1.40505
 0.759927  0.156151 -0.460564   1.40582
 0.760139  0.156111 -0.459999   1.40611
 0.759872  0.156037 -0.454231   1.40398
 0.760037  0.156058 -0.460417     1.406
 0.759826  0.156042 -0.459271   1.40529
 0.948951  0.162082 0.0834955   1.70543
0.950391 0.159166 0.087025  1.70874
 0.883256  0.359348 0.0608458    1.6062
 0.90776 0.267717 0.192822  1.64342
  0.95076  0.159654 0.0736303   1.70851
0.954556 0.151068 0.026001  1.71507
   0.954053    0.146366 0.000974709     1.71309
  0.955799   0.142736 0.00111223    1.71738
  0.955722   0.144232 -0.0154922    1.71785
  0.953113   0.148469 -0.0547813     1.7137
 0.948255  0.170583 0.0351708   1.70118
 0.950769  0.169455 0.0321726   1.70743
  0.954501    0.13228 -0.0568046    1.71532
 0.849951  0.350181 -0.178658    1.5509
    0.95174    0.160524 -0.00974435      1.7088
  0.950079   0.165499 0.00868823    1.70491
 0.939248  0.149123 -0.145988   1.69178
 0.945011   0.16358 -0.129305   1.70565
 0.928852  0.174503 -0.185943   1.67935
 0.827422  0.325506 -0.263237   1.51574
  0.853582   0.365154 -0.0846801    1.54686
 0.845372  0.348395 -0.115248   1.52582
 0.913909  0.193016 -0.225008    1.6572
 0.896064  0.210237 -0.262583   1.63019
 0.797084  0.303145 -0.326895   1.46424
 0.910608    0.2511 -0.176861   1.65122
 0.877036  0.227017 -0.293342   1.60054
  0.77765  0.276905 -0.370434   1.43223
 0.890117  0.268086 -0.221475   1.61929
 0.825783  0.238226 -0.368117   1.51726
 0.837475  0.243274 -0.356419   1.53973
 0.839415  0.275522 -0.312281   1.53741
 0.808003  0.234107 -0.391668   1.48792
0.817968 0.240323 -0.38316  1.50758
 0.800118  0.229401 -0.413838   1.48084
 0.796446  0.238103 -0.400026   1.46954
 0.804802  0.232527 -0.409066   1.48944
0.917176 0.147094 0.200683  1.65328
 0.926209 0.0825101  0.154452   1.67217
0.918644  0.14127 0.201704  1.65043
0.927388 0.184606 0.259299  1.67692
0.932613 0.189461 0.237482   1.6872
0.923069 0.142807 0.280296  1.66741
0.924359  0.15937 0.273209   1.6722
0.926131 0.154959 0.235339  1.66447
  0.9284 0.174319 0.246575  1.67954
0.927479  0.15487 0.235994   1.6675
0.928906 0.152819 0.235051  1.67013
0.930174 0.148631 0.232612  1.67263
0.899761 0.243407 0.242375  1.63168
0.928527 0.156505 0.234404  1.66964
0.931883 0.135411 0.216925  1.67557
0.927671 0.150658 0.242745  1.66869
 0.947885 0.0738636  0.183205   1.70646
 0.945589 0.0759784  0.195538   1.70285
 0.939586 0.0944579  0.202165   1.69036
 0.944706 0.0993504   0.18626   1.70073
 0.943784 0.0869088  0.186238   1.69728
0.929318 0.155635 0.231775  1.67101
0.930074  0.15317 0.228137  1.67214
0.934385 0.121959 0.205525  1.67984
 0.90658 0.293482 0.121991   1.6378
0.936127 0.113279 0.215032  1.68531
0.923799 0.154864 0.227659   1.6574
0.930898 0.161338 0.223914  1.67038
0.915154 0.143975 0.215576  1.64832
0.936462 0.164011 0.210466  1.68768
0.927035 0.152892 0.240266  1.66733
0.926409 0.153103 0.236603  1.66777
0.935153 0.174174 0.214351  1.69254
0.928059 0.156085 0.234285  1.66787
0.932194 0.176856 0.226913  1.68725
0.926882 0.151658 0.228447  1.66504
0.921158 0.133774 0.200064  1.65444
0.931931 0.143465 0.203714   1.6768
0.919655 0.136068 0.197788  1.65882
0.925955  0.15039 0.226916  1.66909
0.926145  0.13413  0.19437  1.67257
0.932117 0.136496 0.243508  1.68214
0.930847 0.171047   0.2404  1.68365
0.917521 0.018803 0.203838  1.65002
0.926662  0.13315 0.180333  1.67036
0.931844  0.15041 0.247182  1.68415
0.906695 0.185431 0.269781  1.64007
0.907758 0.149355 0.282539  1.64127
0.906714 0.162517 0.277264  1.63958
0.903186 0.214265 0.260532  1.63656
0.926358  0.14106 0.252211  1.66884
0.928832  0.15647 0.233759     1.67
0.905038 0.230698 0.231653  1.63493
0.927386 0.151762 0.242834  1.66853
0.938694 0.169417 0.223728  1.69421
0.936917 0.164813 0.226762  1.68599
0.925665 0.151756 0.253759  1.66786
0.923322 0.147317 0.228237  1.66185
0.919527 0.141272 0.216872   1.6554
0.921474 0.145036 0.216523  1.66143
0.938563 0.169949 0.225053  1.69222
 0.91807 0.141935 0.215957   1.6521
0.926985  0.15769 0.230632  1.66243
0.916042 0.148317 0.221014  1.64559
0.924058 0.148239  0.22743  1.66448
0.922855 0.156507 0.233074  1.65207
0.921392 0.149644 0.219141  1.65832
 0.754969  0.130931 -0.450719   1.38818
 0.763867  0.150498 -0.459371   1.41305
 0.762361  0.150363 -0.454216   1.40803
 0.764711  0.139247 -0.454568   1.41099
 0.742947  0.140963 -0.458573    1.3696
 0.765259  0.161433 -0.441509   1.41026
 0.759959  0.152164 -0.456742    1.4044
 0.739532  0.146336 -0.460143   1.36451
 0.768017  0.163107 -0.429347    1.4104
 0.75958 0.161443   -0.447  1.40126
 0.770501  0.183105 -0.445304   1.42381
 0.745123  0.143361 -0.463565    1.3769
 0.730593  0.165825 -0.458014   1.34903
 0.731959  0.162863 -0.457998   1.35119
 0.743682  0.184524 -0.454358   1.37704
 0.739114  0.166826 -0.464047   1.36944
 0.730806  0.175531 -0.454211   1.34941
0.731482 0.172304 -0.45451  1.35025
 0.740416  0.175049 -0.460494   1.37176
 0.732556  0.187003 -0.448181   1.35218
  0.73263  0.183255 -0.448796    1.3518
  0.76105  0.221154 -0.415882   1.40046
 0.754598  0.193793 -0.451552   1.39892
  0.78523  0.204967 -0.440219   1.45688
 0.776471  0.198072 -0.449751   1.44196
 0.778801   0.20424 -0.439729   1.44323
 0.743719   0.22061 -0.427752   1.37235
0.742863 0.214839 -0.42911  1.36974
 0.755845  0.206025 -0.434121   1.39519
 0.751431  0.244475 -0.406725   1.38403
 0.751007  0.235839 -0.410011   1.38233
0.764583 0.250521 -0.40127  1.41095
0.762043 0.271377 -0.37799  1.40043
  0.76035  0.260961 -0.383338   1.39611
 0.787987  0.253238 -0.384907   1.45136
 0.778118  0.300026 -0.337578   1.42607
 0.773364  0.288241 -0.346027    1.4154
0.801726 0.327802  -0.2795  1.46458
 0.792942  0.315457 -0.291961   1.44512
 0.866055  0.279852 -0.266057    1.5822
 0.855267  0.266289 -0.304368   1.56736
 0.828661  0.353955 -0.192141   1.50694
 0.823611  0.337532 -0.210547   1.49396
  0.938099   0.205803 -0.0970065    1.69152
 0.897209  0.293405 -0.136662   1.62354
  0.950125   0.156211 -0.0560291    1.70693
 0.919507  0.212582 -0.172042   1.66121
 0.871858  0.357542 0.0425736   1.57816
   0.873719    0.359342 -0.00635798     1.58438
0.880335 0.339154 0.114184  1.59528
 0.879773  0.341407 0.0845994   1.59236
0.947587  0.16531  0.10109  1.70289
 0.943408  0.201244 0.0499894   1.69414
 0.948923  0.173935 0.0580239   1.70425
0.888105 0.304107 0.170231  1.60789
0.889294 0.308144 0.147635  1.60861
0.902554  0.27489 0.163017  1.62816
0.891483 0.274882 0.210693  1.61436
0.892411 0.282558 0.191274    1.615
0.894334  0.24727  0.23915  1.61951
0.894516 0.254056 0.225881  1.61865
0.931351 0.147458 0.224097  1.67527
0.897931 0.218254  0.25962  1.62535
0.897637 0.224999 0.249506  1.62366
0.902774 0.188305 0.273754  1.63334
0.901251 0.195214  0.26608  1.62909
0.912825 0.146746 0.279398  1.65165
0.930764 0.148921 0.222496  1.67353
 0.776845  0.232756 -0.408536   1.43346
 0.789561  0.210021 -0.431574   1.46243
 0.794169  0.215003 -0.426652   1.47097
 0.795041  0.219785 -0.420782   1.47115
 0.797486  0.223361 -0.417375   1.47562
  0.78751   0.22124 -0.417818   1.45496
 0.793147  0.217758 -0.421452   1.46686
 0.767235  0.212623 -0.427822   1.41735
 0.786563  0.189099 -0.447995   1.45744
 0.777312   0.18642 -0.442467   1.43745
 0.784662  0.190894 -0.450265   1.45531
 0.951874 0.0849593  0.124215   1.70821
0.951257 0.072162 0.149407  1.70884
 0.948495 0.0545183  0.146427   1.70064
 0.946483 0.0866481  0.157016   1.69903
 0.949804 0.0893756  0.145078   1.70577
0.930816 0.152656  0.22165  1.67425
0.942164  0.11606 0.161121  1.69174
0.949801 0.148129 0.093583  1.70582
 0.760126  0.154714 -0.459434   1.40575
 0.759784  0.154386 -0.459887    1.4051
 0.759649  0.154269 -0.459875   1.40485
 0.760357  0.154619 -0.459423   1.40632
 0.76056  0.15411 -0.45873  1.40653
 0.759221  0.154853 -0.460389   1.40421
 0.762417  0.160188 -0.455401   1.41005
 0.759918  0.154302 -0.459355   1.40532
 0.749762  0.138789 -0.460978   1.38419
 0.760052  0.154308 -0.459426   1.40568
  0.76136  0.149707 -0.452398   1.40537
0.755847  0.13575 -0.45802  1.39465
 0.758291  0.154867 -0.458252   1.40198
 0.762581  0.149491 -0.455972   1.40917
  0.76444  0.146543 -0.459495   1.41354
  0.75754  0.147829 -0.454987   1.39858
 0.759774   0.13614 -0.457794   1.40235
0.770569 0.137878  -0.4447  1.41812
 0.763944   0.13699 -0.456266   1.41041
 0.760087    0.1489 -0.452824   1.40278
  0.75984  0.156117 -0.460734   1.40567
0.759642 0.155994 -0.46054  1.40525
 0.759541  0.155653 -0.458027   1.40436
  0.75941  0.155748 -0.460605   1.40477
0.761554 0.159362 -0.45747  1.40906
 0.758674  0.154873 -0.459034   1.40285
 0.759119  0.154883 -0.460289     1.404
 0.760069  0.153678 -0.458815   1.40551
  0.76079   0.15919 -0.457995   1.40784
 0.759122  0.154576 -0.460159   1.40394
 0.759436   0.15311 -0.459043   1.40437
 0.759222  0.154361 -0.460068   1.40409
 0.759194  0.154148 -0.459415   1.40392
 0.759391  0.154385 -0.460122   1.40442
 0.759977  0.154561 -0.459943   1.40552
  0.75871   0.15433 -0.459258   1.40297
 0.759917  0.154389 -0.459398   1.40528
0.759518 0.154192 -0.45942  1.40452
 0.764436  0.161937 -0.435897   1.40614
 0.739742  0.159484 -0.465731    1.3702
 0.747353  0.151299 -0.472778   1.38695
 0.762786  0.160785 -0.445805   1.40718
 0.761872  0.160329 -0.452819   1.40812
 0.759945  0.150465 -0.454276   1.40328
 0.761297  0.159957 -0.456947   1.40851
 0.758806    0.1551 -0.459196   1.40314
 0.759089  0.155563 -0.459339    1.4038
  0.75968  0.160798 -0.453625   1.40409
 0.760136  0.157546 -0.456349   1.40567
 0.759556  0.155894 -0.454912   1.40361
  0.75927  0.155669 -0.458981   1.40409
  0.75974  0.160153 -0.457523   1.40562
 0.759596  0.155513 -0.454946   1.40349
 0.759664  0.155763 -0.457244   1.40436
 0.759744  0.155967 -0.459706   1.40526
 0.758827  0.155739 -0.455873   1.40248
 0.759532  0.156027 -0.459874   1.40487
 0.759244  0.155794 -0.458227   1.40383
 0.947916  0.174486 0.0805191   1.70321
 0.901808  0.316409 0.0813279   1.63161
  0.89882  0.325555 0.0281317    1.6255
0.898098 0.297166 0.111431  1.61844
 0.952291   0.16545 0.0038007   1.71089
 0.891973  0.313644 0.0502586   1.60585
  0.952622   0.167333 -0.0261172    1.71304
  0.947937   0.190371 -0.0144006     1.7042
  0.947753    0.19154 -0.0502228    1.70727
 0.94471 0.198865 0.014331  1.69674
  0.944464   0.178243 -0.0962647    1.70171
0.933911 0.190261 -0.13187  1.68333
 0.881229  0.336694 -0.139801    1.6062
  0.928406   0.246779 -0.0881178    1.67586
 0.868027  0.318078 -0.205345   1.58253
  0.938142   0.220412 -0.0504555    1.68896
 0.901301  0.232772 -0.214505   1.63363
 0.879388  0.250601 -0.258698   1.60061
 0.833383  0.308576 -0.260971   1.51808
 0.884561  0.274742 -0.200421   1.60221
 0.803577  0.288005 -0.318216   1.46662
 0.850984  0.298537 -0.251047   1.55084
 0.821155  0.242751 -0.370576   1.50951
 0.802717  0.240214 -0.393589    1.4805
 0.826509  0.292733 -0.304759    1.5142
 0.833352  0.263993 -0.342955   1.53325
0.922294 0.134151 0.194595  1.65783
0.926977  0.09746 0.202209  1.66862
0.934578 0.145148 0.233994  1.68749
0.927988 0.150057 0.228312  1.66789
 0.92878 0.155561 0.233804  1.66909
0.933816 0.175196 0.231084  1.68949
0.926667 0.153649 0.247625  1.66844
 0.93099 0.148386 0.231162  1.67523
0.932321 0.168553 0.236189  1.68481
 0.92941 0.155216 0.232747  1.67136
0.911075 0.224565 0.242098  1.64991
 0.93013 0.157514 0.233275  1.67293
0.931583 0.142402  0.21383  1.67529
0.936366 0.166774 0.230432  1.68813
0.908492 0.247616 0.220347  1.64507
 0.93026  0.15711 0.231235  1.67346
0.933426 0.133741 0.202511  1.67854
0.936909 0.122603 0.187457  1.68408
 0.93966 0.122488 0.182608   1.6899
0.931197 0.152158 0.221902  1.67526
0.930592 0.161025 0.231178  1.66951
0.935219 0.162522 0.228854   1.6793
0.922916 0.148716 0.218535  1.66202
0.938739 0.166755 0.226051  1.68921
0.927314 0.155081 0.242803  1.66904
0.937601 0.167679 0.231891  1.68977
0.935769 0.170945 0.228482  1.68951
0.930482 0.156292 0.233449  1.67261
0.930077 0.151116 0.228863  1.67197
0.930626 0.155524 0.227112  1.67385
0.931961 0.158034 0.232937  1.67673
0.930046 0.161182 0.246009  1.68133
0.930816 0.157042 0.233237  1.67415
0.929491 0.154318 0.247924  1.67898
0.927138 0.118031 0.191403  1.66927
0.934696 0.163349 0.239836  1.68549
0.924069 0.122668  0.19465  1.65962
0.933217 0.148492 0.233708  1.68189
0.916109 0.144098 0.265552  1.65193
0.909044 0.168293 0.277087  1.64426
0.920567 0.141186 0.263813  1.66158
0.916231 0.157728 0.268213  1.65407
 0.92461 0.147446 0.252334   1.6657
0.930737  0.15525 0.227548  1.67416
 0.92711 0.154113 0.245837  1.66917
0.938137 0.169347 0.230347  1.69133
0.926795 0.152758 0.237729  1.66854
0.936825  0.16578 0.229037  1.68699
0.924781 0.148229  0.22752  1.66586
0.922243 0.143188 0.217099  1.66206
0.932104 0.159177 0.226915  1.67673
0.927027 0.159685 0.245427  1.67003
  0.9211 0.143794 0.216505  1.65961
0.919886 0.145965 0.215948  1.65822
 0.92777 0.156881 0.228783  1.66578
0.925527 0.148174  0.21716  1.66944
0.931813 0.160164  0.22794  1.67507
 0.9338 0.15981 0.22548 1.68176
0.753742 0.138456 -0.45923  1.39142
 0.760348  0.148233 -0.459085   1.40583
 0.760182  0.143943 -0.463025   1.40632
 0.748918  0.142498 -0.462559   1.38402
 0.759047   0.16013 -0.455729   1.40373
0.745225 0.147995 -0.46541    1.379
 0.759817  0.150032 -0.454294   1.40312
 0.741926  0.153133 -0.466031   1.37358
 0.738178   0.15541 -0.465395   1.36596
 0.760499  0.184268 -0.463628   1.41385
 0.736186  0.162426 -0.464239   1.36262
 0.748074  0.185352 -0.461077    1.3887
0.745598 0.160075  -0.4743  1.38589
 0.735965   0.17052 -0.461406   1.36218
 0.746567  0.173295 -0.471152   1.38866
 0.737533   0.17972 -0.456059   1.36427
 0.749848  0.180841 -0.466561   1.39427
 0.740925  0.190459 -0.447902   1.36897
 0.748895  0.196148 -0.445507   1.38545
  0.74932    0.2035 -0.436937   1.38313
 0.784327   0.26558 -0.360469   1.43585
 0.813717  0.255282 -0.372557   1.50011
 0.862779  0.319039 -0.168256   1.56227
 0.90854 0.254848 -0.16011  1.64334
  0.884582   0.334154 -0.0859326     1.6037
 0.923199  0.233735 -0.122171   1.66474
 0.897946  0.315888 -0.083919   1.62675
  0.890504   0.322638 -0.0190885    1.60641
 0.915253  0.297886 0.0521911   1.65345
 0.946139  0.201292 0.0450469   1.70108
0.942046 0.139803 0.151544  1.69179
  0.92681  0.270823 0.0447048   1.67161
0.937703 0.176971 0.161185  1.68636
0.909101 0.278339   0.1548  1.64281
 0.92015 0.242097  0.19337  1.66294
0.918331 0.250112 0.170716   1.6567
0.923382 0.266027 0.108209   1.6651
0.902975 0.253249 0.204188  1.63028
0.931747 0.147646 0.213254  1.67676
 0.94197 0.191417 0.132588  1.69527
0.913398 0.165281 0.264168  1.64753
0.920548 0.186184 0.251865  1.66243
0.908512 0.205989 0.251813  1.64171
0.911893 0.183931 0.263762  1.64796
  0.78671  0.210592 -0.432983   1.45764
 0.774053  0.207227 -0.428266   1.42815
 0.778897  0.216012 -0.425511    1.4393
 0.764472  0.196215 -0.447941   1.41806
0.767972  0.19211 -0.45751  1.42731
 0.770424  0.178486 -0.448902   1.42587
 0.94739 0.117161 0.127979  1.70037
0.946327 0.112576 0.159936  1.70138
 0.93322 0.143151 0.202127  1.67964
0.949071 0.119695 0.122208  1.70347
0.931458 0.150742 0.203555  1.67713
0.945728 0.166612 0.091119  1.69717
0.929544 0.251298 0.104048  1.67521
 0.760032  0.154151 -0.459527   1.40575
 0.758945  0.154161 -0.459372   1.40343
 0.760076  0.153408 -0.458897   1.40564
 0.758728  0.154773 -0.459187   1.40298
 0.759925  0.151805 -0.456545   1.40436
 0.754631   0.15121 -0.471515   1.40039
  0.75461   0.14607 -0.469016   1.39882
 0.759224  0.157411 -0.456729   1.40393
 0.758729  0.151021 -0.456607     1.402
0.759799 0.148335 -0.45352  1.40254
 0.760883  0.149038 -0.456555   1.40585
 0.761516  0.148837 -0.463273    1.4098
 0.760565  0.147795 -0.466859   1.40946
 0.764379  0.144851 -0.461519   1.41442
0.759706 0.142266 -0.46517  1.40665
 0.758699  0.149621 -0.454648   1.40091
0.758798  0.15515 -0.45906  1.40311
  0.75904  0.157153 -0.456979   1.40369
 0.759606  0.159101 -0.458452   1.40559
 0.757998  0.159389 -0.459136   1.40274
 0.758613  0.154576 -0.459127   1.40275
 0.759575   0.15397 -0.459585   1.40485
 0.759463  0.154018 -0.459364   1.40449
 0.759283  0.159707 -0.458657   1.40523
 0.756349  0.158043 -0.459424   1.39959
 0.758929   0.15426 -0.459345    1.4034
0.759268 0.154091 -0.45941  1.40403
 0.758165  0.154519 -0.458923   1.40198
 0.744954  0.166177 -0.473555   1.38534
 0.759524  0.162492 -0.437754   1.39692
 0.742592  0.162329 -0.473453   1.37967
 0.758709  0.160408 -0.450176   1.40088
 0.759032  0.151319 -0.456807   1.40257
 0.751816  0.151624 -0.472659   1.39531
0.758442  0.15509 -0.45799  1.40212
 0.755208  0.159057 -0.446481   1.39194
 0.757311  0.150616 -0.456557   1.39921
 0.759288  0.158766 -0.458813   1.40516
 0.758699   0.15517 -0.457788    1.4026
0.757984 0.155174 -0.45755  1.40134
 0.758925  0.155952 -0.455207   1.40244
 0.759092  0.155668 -0.459129   1.40376
 0.758323  0.156553 -0.457423    1.4023
 0.758976  0.155565 -0.456092   1.40266
0.943547 0.201646 0.103501  1.69781
 0.944822  0.203643 0.0729813   1.69922
  0.941446   0.227934 -0.0112979    1.69589
 0.912115  0.287679 0.0693042   1.64359
   0.946244    0.206104 -0.00789119      1.7032
   0.93598   0.228034 -0.0498328     1.6849
  0.944874   0.202047 -0.0500659    1.70154
 0.935746  0.208819 -0.088567   1.68441
  0.927504   0.246155 -0.0749343    1.67158
  0.935879   0.231216 -0.0157504     1.6834
0.910667 0.293265 -0.12468  1.65338
  0.926004   0.269063 -0.0470331    1.67146
 0.916118  0.270261 -0.122872   1.65893
  0.89554  0.295019 -0.165878   1.62623
 0.93138  0.15531 0.233673  1.67457
0.934165 0.157779 0.240595  1.68466
0.936933 0.170266 0.233166  1.69037
0.933287 0.151023 0.238373  1.68268
0.930505  0.15703 0.230988  1.67389
0.926166 0.159542 0.247971  1.66871
0.931103 0.155475 0.221214  1.67567
0.925665 0.150295 0.226696   1.6688
0.930998 0.148262 0.213469  1.67494
0.931328 0.157224 0.226858    1.676
0.919615  0.22582 0.219119  1.66232
0.931404  0.15847 0.230612  1.67618
0.934081 0.139265 0.191862  1.68035
0.919169 0.176044 0.254067  1.65768
0.916163 0.229498  0.20606  1.65263
0.930501 0.152445 0.214338  1.67495
0.937243 0.165377 0.228923  1.68837
0.924532 0.145996 0.217402  1.66756
0.927232 0.155861 0.237136  1.67046
 0.93578 0.164166 0.231863  1.68697
0.936289 0.167074 0.235893  1.68791
0.932673 0.156001 0.233429  1.67756
0.934847 0.167491 0.236967  1.68713
0.933335  0.15997  0.23984  1.68397
0.933367 0.154601 0.234853   1.6797
0.926733 0.152987 0.226131  1.67173
0.934259 0.153062 0.236324  1.68412
 0.93188 0.158007  0.23109  1.67713
0.920817 0.157608 0.259292  1.66081
0.921915 0.172355 0.257024   1.6642
0.924643 0.160996  0.25311   1.6669
0.931207 0.157389 0.226656   1.6757
0.930348 0.155697 0.214098   1.6756
0.927107 0.155976 0.237967  1.67005
0.934957 0.164347 0.226228  1.68535
0.924805  0.16807 0.247339   1.6672
0.931535 0.156962 0.221186  1.67947
0.929689 0.153889 0.209266  1.67491
0.924012 0.146575 0.216643   1.6665
0.930858 0.158073 0.221138  1.67777
0.927305 0.150999 0.216475  1.67344
0.924554 0.149178 0.216603  1.66759
 0.755444  0.142613 -0.466436   1.39856
 0.757152  0.148227 -0.462222   1.40078
 0.750882  0.146327 -0.470465   1.39201
 0.75059 0.150281 -0.47221  1.39308
0.758391 0.148184 -0.45399  1.39982
 0.747683  0.154777 -0.473831   1.38887
 0.744406  0.156457 -0.473743   1.38242
 0.755203  0.170476 -0.455396   1.39678
 0.742377  0.169076 -0.471762   1.37956
0.757222 0.149449 -0.45516  1.39823
 0.744392  0.177076 -0.468083   1.38311
 0.755325  0.160543 -0.443432   1.39083
  0.76148  0.175809 -0.452294   1.40837
  0.75623  0.167779 -0.456246    1.3994
 0.759591  0.188099 -0.460638   1.41066
 0.753468  0.167924 -0.458395   1.39472
 0.910878  0.295885 -0.086214   1.64885
 0.902387  0.317623 -0.032122   1.63228
  0.917167    0.29118 -0.0823251    1.66125
0.909856 0.294289 0.018762  1.63893
  0.92749  0.267788 0.0799848   1.67375
 0.930395  0.273801 0.0344918   1.68097
 0.919475  0.287938 0.0856745   1.66213
0.918431 0.276394 0.111771  1.65814
0.940375 0.141685 0.165119  1.69107
0.916658 0.258971 0.140319   1.6508
0.914346 0.247223 0.176102  1.64744
0.937631 0.137187 0.176706  1.68567
0.917124 0.211505  0.22863  1.65509
0.928196 0.246796 0.129445    1.673
0.912568  0.20063 0.259231  1.65172
0.915816 0.180621 0.263473  1.65577
0.930943 0.152661 0.213101  1.67589
0.934045 0.151139 0.187142  1.68078
  0.76096  0.173323 -0.453186   1.40816
 0.753526  0.179612 -0.466408   1.39995
 0.768462  0.196053 -0.452813   1.42632
 0.755134  0.189194 -0.458719   1.40284
0.936086 0.139996 0.187282  1.68445
0.945304 0.150915 0.129596  1.69871
0.944186  0.15241 0.119336  1.69409
0.929967 0.154921 0.203856  1.67566
 0.941165  0.200394 0.0807474   1.68986
0.934713 0.240474 0.102491  1.68415
0.924945 0.235541 0.162251  1.66668
 0.93296 0.167549 0.188121  1.67897
 0.759628  0.154118 -0.459342   1.40473
 0.759233  0.153945 -0.459327   1.40403
 0.759466  0.153785 -0.459841   1.40481
 0.758426  0.154227 -0.459253   1.40253
 0.758776  0.154112 -0.459314   1.40322
 0.759259  0.152859 -0.459163   1.40416
 0.757327  0.159916 -0.456351   1.40044
  0.75844  0.154318 -0.459059   1.40254
  0.75857  0.152755 -0.459329   1.40283
 0.758208  0.149306 -0.454862    1.4001
 0.758176  0.148467 -0.467677    1.4051
  0.74738  0.160193 -0.473598   1.38834
 0.75174 0.154432 -0.47348  1.39616
 0.758585  0.148738 -0.459706   1.40259
 0.758346  0.155071 -0.458016   1.40204
 0.758252   0.15791 -0.459422   1.40323
 0.758153  0.154834 -0.458453   1.40182
 0.758284  0.158344 -0.459208   1.40318
 0.758259  0.154585 -0.458668   1.40207
 0.758993  0.153787 -0.459899   1.40391
 0.758853  0.153937 -0.459389   1.40332
 0.757815  0.154991 -0.458513   1.40137
 0.758804  0.153851 -0.459761   1.40347
 0.758191  0.152609 -0.459384    1.4022
 0.749999  0.158309 -0.474147   1.39371
 0.749107  0.163173 -0.473614    1.3925
0.747015 0.165463 -0.47244   1.3879
 0.756279  0.159197 -0.453382   1.39725
 0.757283  0.159221 -0.457894     1.401
0.751479 0.156184  -0.4506  1.38584
 0.751899  0.154332 -0.464502   1.39255
 0.757969  0.158898 -0.459877   1.40301
 0.758048  0.155519 -0.457217    1.4014
 0.756429  0.150627 -0.456812   1.39752
 0.758255   0.15676 -0.457336   1.40214
 0.758317  0.155299 -0.456767   1.40171
 0.758581  0.155338 -0.457153   1.40217
 0.758924  0.155388 -0.456932   1.40282
 0.757806  0.155987 -0.457915   1.40136
0.758286 0.155642 -0.45613  1.40144
  0.93733  0.238352 0.0753446   1.68833
 0.939723  0.243958 0.0650371   1.69529
 0.936573  0.239431 0.0246671   1.68569
0.942118 0.227687 0.023841  1.69678
  0.911598   0.293712 -0.0353924    1.64485
  0.925615   0.267879 0.00140761    1.66794
0.932474 0.151009 0.231609  1.67908
0.934008 0.154618 0.234799  1.68147
0.932767 0.157206 0.233605  1.67833
0.935403 0.161039 0.237437  1.68521
0.935706 0.163549 0.235693  1.68636
0.934848 0.158158 0.236863  1.68388
0.926867 0.161005 0.236705   1.6704
0.934862 0.158158 0.236639  1.68342
0.932699 0.159731  0.23087  1.67923
0.930967 0.155383 0.221705  1.67536
0.930627 0.149955 0.206395  1.67554
0.926495  0.15746  0.22254  1.67123
 0.93171 0.149202 0.197878  1.67748
0.931817 0.158836 0.226515  1.67761
0.928815 0.157804 0.208518  1.67464
0.931153 0.157562 0.221385  1.67651
 0.92709 0.151725 0.218564  1.67095
0.926091 0.152682 0.217835  1.66875
0.934904 0.162148  0.22699  1.68556
0.926053 0.148788 0.217623  1.67123
0.926554 0.153697 0.225604   1.6709
0.929975 0.157253 0.215504   1.6758
0.936203 0.166277 0.234089   1.6876
 0.93367 0.159142 0.233633  1.68057
0.934686 0.163313 0.228506  1.68538
0.935493 0.162844 0.236565  1.68575
0.934221 0.158722 0.233942  1.68173
0.934206 0.161362 0.229453  1.68438
0.923122 0.190201 0.231879  1.66406
0.918062 0.192046 0.244397  1.65596
0.923436 0.179403 0.241116  1.66477
0.926231 0.166771 0.246972  1.67015
 0.92748 0.159965 0.237134  1.67204
0.933543 0.161079 0.224681  1.68372
0.931442 0.155562 0.220887  1.67992
0.926337  0.16715 0.233082  1.66988
0.925971 0.149173 0.217164  1.67117
 0.92945 0.154314 0.218763  1.67711
0.927384 0.150496 0.217442  1.67354
0.930844 0.156152 0.221109  1.67872
 0.755593  0.148056 -0.470251   1.40109
 0.755376  0.148546 -0.456214   1.39489
 0.757789  0.150835 -0.456885   1.40017
  0.75659  0.149313 -0.455312   1.39709
   0.7491  0.155517 -0.473773   1.39109
 0.753288  0.157546 -0.449992   1.38953
 0.753583  0.165604 -0.459986   1.39568
 0.755611  0.150658 -0.456001   1.39569
 0.750822  0.163714 -0.461062   1.39009
 0.751478  0.157332 -0.463588   1.39187
 0.749996  0.168516 -0.471902   1.39435
 0.748816  0.171509 -0.469666   1.39111
  0.916372   0.297946 0.00518876    1.65566
  0.932515   0.275098 -0.0190252     1.6874
 0.92388 0.256541 0.133901  1.66635
0.937121 0.229271   0.1262  1.68932
0.924654 0.226958 0.184827  1.66757
0.937014 0.156489 0.174528  1.68505
0.927219 0.165104 0.235467  1.67245
0.919226 0.208793 0.233281  1.65965
0.925928 0.205429 0.219328  1.67141
0.920307 0.197245 0.242512   1.6619
0.927843 0.220095 0.180472  1.67205
0.924695 0.209962 0.204657  1.66648
0.933046 0.151145 0.192034  1.67983
0.935184  0.21621 0.163543  1.68654
0.931224 0.159551 0.198195  1.67736
0.936042 0.154502 0.177428  1.68435
 0.938877  0.240139 0.0968024   1.69404
 0.930827  0.261848 0.0790973   1.67931
0.940042 0.192547 0.116472  1.68854
0.934203 0.234092 0.125614  1.68361
  0.75873  0.153665 -0.460388   1.40368
 0.757803   0.15449 -0.459758   1.40167
  0.75765  0.155079 -0.459093   1.40125
 0.758296  0.154269 -0.459823   1.40265
 0.753798  0.151762 -0.464181    1.3957
 0.758244  0.153918 -0.459807    1.4024
 0.756623  0.148569 -0.455326   1.39699
 0.757457  0.155312 -0.460111   1.40142
 0.754151  0.150075 -0.463861   1.39582
 0.757006  0.152642 -0.459566   1.40006
 0.757799  0.155429 -0.458178   1.40127
 0.757273  0.157939 -0.460616   1.40178
 0.757849  0.153837 -0.460678   1.40212
 0.757477  0.157488 -0.459711   1.40167
  0.75191  0.152261 -0.456603   1.38874
 0.757888  0.154649 -0.459342   1.40176
 0.758245  0.153843 -0.460465   1.40278
 0.757587  0.154566 -0.460635   1.40171
 0.75169 0.173761 -0.46895  1.39702
  0.75487  0.177416 -0.465367   1.40221
 0.749516  0.159576 -0.462521   1.38759
0.753262 0.158942 -0.44728   1.3883
 0.754643  0.158665 -0.453955   1.39406
0.754969 0.157769 -0.45585  1.39548
0.756031 0.158664 -0.45835  1.39853
 0.756154  0.156671 -0.460526    1.3994
 0.757005  0.158321 -0.460248   1.40108
 0.757655  0.156402 -0.458691   1.40142
 0.755537  0.157246 -0.459749   1.39791
 0.757645   0.15682 -0.460209   1.40215
   0.92044   0.289962 -0.0446218      1.665
  0.930372   0.258201 -0.0481766    1.67932
0.933254 0.159193 0.231695   1.6803
0.934471  0.16125 0.232302  1.68415
0.934748 0.161032 0.233338  1.68381
0.932142 0.158435 0.227078  1.67839
0.934969 0.162945 0.231528  1.68512
0.931246 0.157157 0.222218  1.67681
 0.92906 0.154253 0.218469  1.67668
0.930191 0.155096 0.215664  1.67539
0.924213 0.199123 0.223473  1.66677
0.931587 0.158121 0.222956  1.67836
0.930133 0.155013 0.206367  1.67558
0.928063 0.186345  0.21492  1.67324
0.933282 0.159507  0.22537  1.68312
0.926841 0.151075 0.217069  1.67338
 0.93287 0.159129 0.227708  1.68052
0.928974 0.153618 0.218937  1.67647
0.934298 0.160086 0.233759  1.68289
0.927508 0.154667 0.216136  1.67423
0.933742 0.160741  0.23154  1.68167
0.933584 0.160686 0.227905  1.68245
0.925305 0.175864 0.245652  1.66967
0.929087 0.155987 0.211992  1.67484
 0.93004 0.156533 0.217057  1.67611
0.925984 0.175962 0.226993  1.66911
0.926951 0.155644 0.224734  1.67283
0.931757 0.157554 0.222787   1.6806
0.926323 0.152007 0.216219  1.67209
0.931895 0.158743 0.222274  1.68103
 0.755236  0.149674 -0.456362   1.39498
 0.756163  0.149864 -0.462789   1.39938
 0.751581  0.152585 -0.464525   1.39143
 0.752449  0.155097 -0.452737   1.38869
0.753497 0.151392  -0.4566  1.39191
 0.750002  0.155621 -0.464252   1.38869
 0.751597    0.1616 -0.461775     1.392
 0.751557  0.155243 -0.455565   1.38806
0.929545 0.238666 0.157048  1.67773
0.932911 0.216019 0.144665  1.67822
0.927843 0.209312 0.201703  1.67348
0.934452 0.172959  0.17579  1.68133
0.924964 0.185987 0.238726  1.66929
0.928378 0.174881 0.204428  1.67201
0.929917 0.166457 0.198857  1.67535
 0.92523 0.196146 0.228596  1.66966
0.930706  0.15722  0.19817  1.67659
0.929886 0.190746 0.202253  1.67591
0.932276  0.16367 0.187882  1.67851
0.929352 0.194789 0.188551  1.67268
0.939244  0.16421  0.15205  1.68819
0.933209 0.207127 0.174106  1.68142
0.933232 0.176221 0.175845  1.67774
0.938775 0.178653 0.146733  1.68675
 0.757488  0.152746 -0.459549   1.40088
 0.754582    0.1561 -0.457667   1.39519
0.753537 0.150337 -0.45658  1.39167
 0.756985   0.15417 -0.461109   1.40077
 0.756476  0.152904 -0.459667   1.39908
 0.755465  0.149914 -0.455595   1.39501
 0.757588  0.155799 -0.459136   1.40139
  0.75728  0.155874 -0.459808   1.40102
  0.75721  0.155093 -0.460466   1.40097
 0.757119  0.156715 -0.460726   1.40127
 0.757402    0.1542 -0.460728   1.40133
 0.756333  0.155525 -0.460895   1.39973
 0.753787   0.15687 -0.456292   1.39309
 0.753884  0.151282 -0.455543   1.39215
 0.756733  0.157044 -0.460965   1.40066
 0.751585   0.15408 -0.453236   1.38699
 0.757092  0.156213 -0.461077    1.4013
 0.754809  0.154002 -0.458684   1.39566
0.932484  0.15962  0.22683  1.67962
 0.93007 0.157246 0.217897  1.67703
0.931976 0.158896 0.223333  1.67996
 0.93133 0.158653 0.221992  1.67766
0.929211 0.157206  0.20935  1.67478
0.927228  0.15501 0.215892  1.67327
0.927342 0.173292  0.23084  1.67307
0.928788 0.156766 0.214607  1.67526
0.927613  0.15382 0.216673   1.6744
0.929583 0.153951 0.218929  1.67731
0.933141 0.160787 0.225652  1.68258
0.931972 0.159401 0.223088  1.68036
0.932836 0.159528 0.226273  1.68185
0.933219 0.160733 0.227572  1.68173
0.927471 0.160508 0.213266  1.67333
0.926247 0.184089  0.21729   1.6688
 0.92693 0.163798 0.219874  1.67153
0.927368 0.159337 0.221835  1.67364
 0.753312  0.152806 -0.454751   1.39094
 0.755696  0.153055 -0.459222   1.39747
0.929484 0.163118  0.20704  1.67562
0.936031 0.179958 0.162503  1.68265
0.930659 0.177085 0.189398  1.67497
0.927805 0.189787 0.204878  1.67093
0.928067 0.158894 0.212598  1.67417
0.929213 0.159752 0.204198  1.67492
0.930094 0.172053 0.203254  1.67564
0.927002 0.167735 0.214617   1.6717
0.932411 0.203965 0.174476  1.67944
 0.93278  0.19712 0.185086  1.68077
   0.7549  0.154687 -0.458641   1.39597
 0.757037  0.155137 -0.461219   1.40102
 0.756646  0.155638 -0.461071   1.40025
  0.75496   0.15095 -0.456145   1.39446
0.753921 0.152364 -0.45559  1.39246
 0.754057  0.155247 -0.457884   1.39405
 0.755739  0.155946 -0.460686   1.39846
0.755529 0.153663 -0.45921  1.39724
 0.93166 0.159186 0.222752  1.67913
0.928605 0.157913 0.212152  1.67447
0.929444  0.15686 0.217732  1.67677
0.929815 0.157793 0.216891   1.6764
0.927241 0.169854 0.215112  1.67094
0.928581 0.157171 0.214643  1.67506
0.926725 0.162489 0.219431   1.6721
0.927407 0.158095 0.216151  1.67343
0.927309 0.180993 0.224223  1.67266
0.928787 0.166399 0.207617  1.67445
0.930744 0.157117  0.22055  1.67909
0.930571 0.156928 0.220566  1.67861
0.929374 0.156967 0.217537  1.67659
0.927387 0.157139 0.214621  1.67375
 0.753104  0.153213 -0.454832   1.39062
 0.752637  0.153781 -0.456331   1.39051
0.928109 0.160935 0.209088   1.6738
0.927381 0.164065 0.218951  1.67293
0.928358 0.164092 0.212629  1.67433
0.928437 0.171816  0.21322  1.67392
 0.756719  0.154647 -0.461058   1.40031
 0.756121  0.154818 -0.461007    1.3992
