0.876121 0.330384 0.152009  1.58808
0.880262 0.315041 0.173979  1.59596
0.867993 0.331531 0.165666   1.5735
0.871252 0.321828 0.176445  1.57959
0.863001 0.332064 0.179645  1.56665
0.866981 0.324286 0.172787  1.56997
0.874893 0.318578 0.172126   1.5846
0.874381  0.32167 0.160875  1.58253
 0.759053  0.154139 -0.455329   1.40227
 0.759201  0.154061 -0.455329   1.40256
 0.792598  0.131983 -0.400817   1.44113
 0.786922  0.132756 -0.407812   1.43245
0.790085 0.135609  -0.4072  1.43956
 0.787902  0.118739 -0.407623   1.43204
 0.783213  0.123667 -0.415602   1.42684
 0.786623  0.123227 -0.413102   1.43291
 0.799415  0.120952 -0.387528   1.44784
 0.794993  0.112937 -0.394407   1.44009
  0.80734  0.101756 -0.368805   1.45445
 0.800456  0.115887 -0.391763   1.45138
 0.788365  0.127582 -0.411666    1.4367
  0.79185  0.120227 -0.405793   1.44001
 0.795332  0.128343 -0.402372   1.44733
  0.79218  0.123766 -0.403302   1.44009
   0.95795   0.112701 -0.0493008    1.72233
  0.957892   0.114206 -0.0433754     1.7221
  0.957101   0.116995 -0.0464845    1.72038
  0.957461   0.112889 -0.0448159    1.72089
  0.957857   0.115544 -0.0375766    1.72195
  0.957783   0.116639 -0.0321058    1.72174
  0.957077   0.119475 -0.0352109    1.72011
  0.957398   0.115058 -0.0340439     1.7206
  0.955992   0.126227 -0.0436647    1.71819
  0.956464   0.125714 -0.0379687    1.71898
  0.957434   0.113871 -0.0395029    1.72074
  0.956868   0.117431 -0.0374992    1.71939
  0.956952   0.117222 -0.0417251    1.71976
   0.95717   0.117847 -0.0407014    1.72039
0.938964 0.156244 0.223267  1.69338
 0.761245  0.153569 -0.451687   1.40452
0.759206 0.153436 -0.45559  1.40257
 0.759681  0.154445 -0.455317   1.40344
 0.760022   0.15463 -0.455331   1.40405
 0.760291  0.154565 -0.455262   1.40453
 0.760712  0.154221 -0.453925   1.40463
 0.764413  0.156709 -0.453439   1.41202
 0.762654  0.153889 -0.450392   1.40667
 0.762065  0.152958 -0.449589   1.40505
  0.76352  0.153437 -0.450603   1.40845
 0.766364  0.154866 -0.454001   1.41571
 0.768776  0.151834 -0.449577   1.41803
 0.781577  0.139715 -0.420114   1.42844
 0.777308  0.140873 -0.428668   1.42384
  0.78006  0.143451 -0.428279   1.43005
  0.75911  0.154304 -0.455286    1.4024
 0.759153  0.154345 -0.455232   1.40245
 0.759965  0.154858 -0.454644   1.40361
 0.759002  0.154495 -0.455498   1.40231
 0.758991  0.154496 -0.455744   1.40241
 0.759001   0.15436 -0.455942   1.40249
0.758967 0.154318 -0.45601  1.40243
 0.760758  0.153734 -0.452202   1.40379
 0.758985  0.154035 -0.456078   1.40244
 0.760345  0.154326 -0.454242   1.40406
 0.759209  0.153854 -0.455304   1.40252
 0.759173  0.153352 -0.455737   1.40255
 0.759133   0.15381 -0.455434   1.40242
 0.801434  0.222494 -0.418416    1.4831
0.800179  0.21797 -0.42241  1.48145
 0.804994  0.218244 -0.420225   1.48943
 0.802588   0.21951 -0.421344   1.48632
  0.79805  0.213086 -0.427112   1.47801
 0.794385  0.208126 -0.434315   1.47287
 0.801272  0.206134 -0.430838   1.48393
 0.798682  0.208854 -0.432308   1.48106
  0.80962  0.213198 -0.419456   1.49675
 0.809046  0.204368 -0.424733   1.49606
0.819143 0.204224 -0.40939  1.50946
 0.812647  0.208209 -0.423288   1.50408
0.801001 0.214737 -0.42585  1.48417
 0.805485  0.207827 -0.428991   1.49246
  0.80651  0.215046 -0.423156    1.4934
 0.804028  0.212488 -0.424124   1.48791
 0.730655   0.15862 -0.454318   1.34384
  0.73157  0.157151 -0.454186   1.34533
  0.72879  0.158615 -0.451509   1.33774
   0.7265  0.159573 -0.450094   1.33163
 0.727099  0.157144 -0.450529   1.33263
  0.72816  0.158178 -0.450706   1.33514
 0.729894  0.154137 -0.452326   1.33958
 0.727672  0.154835 -0.450791    1.3335
  0.72842  0.152543 -0.450969   1.33469
 0.729334  0.153567 -0.451236   1.33694
0.729871 0.157691 -0.45187  1.33999
  0.72865  0.155883 -0.451039   1.33588
 0.730295  0.155354 -0.452416   1.34075
 0.729174  0.156275 -0.451856   1.33822
0.783208 0.145355 -0.41948  1.43274
0.777793 0.150941 -0.42761  1.42636
 0.779825  0.150426 -0.417543   1.42533
 0.952077  0.127313 0.0534436   1.71113
  0.95161  0.136703 0.0584487   1.71024
 0.952278   0.13608 0.0521294   1.71112
 0.951989  0.137214 0.0565165   1.71132
 0.951822  0.142812 0.0463183   1.70869
  0.95099  0.148439 0.0550906   1.70857
 0.950811  0.149544 0.0631991   1.70868
  0.77506  0.151472 -0.432241   1.42295
 0.949045  0.158561 0.0750614    1.7038
 0.770178  0.154932 -0.443586    1.4188
   0.957085     0.12093 -0.00638128     1.72025
  0.956804   0.121807 -0.0011843    1.71968
    0.95649    0.123848 -0.00489469     1.71883
     0.9567    0.120166 -0.00459878     1.71918
  0.95653  0.123129 0.0044055   1.71921
 0.956246  0.124219 0.0101093   1.71875
  0.955802   0.128195 0.00581716    1.71755
  0.956063   0.122706 0.00550818    1.71799
  0.955791   0.127884 -0.0033368    1.71694
   0.955626    0.126866 -0.00142397     1.71628
     0.95638     0.121443 -0.000139793      1.71857
    0.955645     0.126208 -0.000816772      1.71688
   0.956273    0.123555 -0.00379552     1.71817
    0.956234     0.124743 -0.000260906      1.71828
 0.766661  0.157225 -0.453854   1.41674
 0.761413  0.153228 -0.450082   1.40399
0.764929 0.157888 -0.45414  1.41348
0.758971 0.154528 -0.45586  1.40241
 0.761359  0.154229 -0.450072   1.40408
 0.759014  0.154632 -0.455656   1.40243
 0.759711  0.154935 -0.455484    1.4036
0.759288 0.154345 -0.45505   1.4026
0.950851 0.182664 0.209674  1.71156
  0.92576  0.151236 -0.228444   1.67612
 0.926464  0.157875 -0.219563    1.6771
 0.923706  0.161605 -0.228319   1.67341
  0.92528  0.153014 -0.226269   1.67505
 0.921101  0.186998 -0.231772   1.67411
 0.923624  0.161455 -0.221991   1.67199
 0.924271  0.164082 -0.220818   1.67374
 0.943579   0.15825 0.0832434   1.69892
 0.947326  0.165156 0.0781539   1.70568
 0.946758  0.158764 0.0828942    1.7031
 0.945561  0.159522 0.0835917   1.70124
 0.950208  0.158824 0.0787242   1.70901
 0.951628  0.152371 0.0783544    1.7107
 0.948874  0.160185 0.0819031   1.70575
 0.948196  0.160756 0.0826509   1.70504
 0.948844  0.161732 0.0781169   1.70634
 0.949077  0.131334 0.0732801   1.70664
 0.947865  0.132346 0.0788948   1.70449
   0.9491  0.141817 0.0786603   1.70653
  0.94844  0.132127 0.0735575   1.70518
 0.945498  0.135592 0.0860966   1.70004
 0.942034  0.144998 0.0902691   1.69377
 0.946576  0.151878 0.0873517   1.70234
 0.945087  0.142236 0.0837519   1.69975
0.949132 0.155297 0.082738  1.70626
 0.948759  0.155656 0.0832001   1.70522
  0.94707  0.134434 0.0787903    1.7028
 0.947484  0.151083 0.0816337   1.70371
 0.948671  0.144809 0.0779113   1.70545
 0.947935  0.145052 0.0838296   1.70455
 0.950942  0.148472 0.0669431   1.70898
 0.951026  0.147323 0.0685397   1.70898
 0.951487  0.137091 0.0613224   1.71049
 0.951891  0.128214 0.0578283   1.71126
 0.951123  0.129161 0.0620043   1.70992
0.951381 0.128525 0.058161  1.71005
   0.9506  0.139067 0.0696471   1.70913
 0.950542  0.130246 0.0657512   1.70907
 0.949871  0.130674 0.0689151   1.70797
 0.950158  0.130582 0.0659692   1.70816
 0.951202  0.137426 0.0617715   1.70966
 0.950707  0.129984 0.0619231   1.70899
 0.950623  0.139242 0.0645488   1.70866
 0.95104 0.137498 0.064992  1.70972
 0.953091  0.141623 0.0438601   1.71215
 0.953049  0.140146 0.0456767   1.71175
 0.953864   0.13272 0.0392766   1.71432
 0.954471  0.126222 0.0362005    1.7157
 0.953976  0.126058 0.0412861   1.71478
 0.953954  0.125519 0.0374273   1.71436
 0.952814  0.135987 0.0510672   1.71258
 0.953444  0.126581 0.0471003   1.71391
 0.952705  0.127274 0.0527559   1.71266
 0.952794  0.126427 0.0479395    1.7123
  0.95357   0.13258 0.0401661   1.71344
 0.953397  0.125934 0.0420314   1.71335
 0.952756  0.134899 0.0436425   1.71181
 0.953472   0.13283 0.0440831   1.71356
 0.952186  0.155001 0.0502522   1.71004
  0.956515   0.107567 -0.0793137    1.72004
  0.955785   0.115166 -0.0739562    1.71836
  0.955029   0.114608 -0.0850851    1.71739
  0.955738   0.114464 -0.0836539    1.71907
   0.95477   0.128822 -0.0697216    1.71675
  0.952751   0.123965 -0.0940306    1.71341
  0.953407   0.123962 -0.0923783    1.71496
   0.95464   0.130327 -0.0794617    1.71756
 0.735117  0.270528 -0.389753   1.34627
 0.733356  0.262467 -0.396155   1.34324
   0.7424  0.261324 -0.389303   1.35835
 0.739054  0.266085 -0.394741   1.35553
 0.732055   0.25453 -0.401966   1.34101
 0.731119  0.246911 -0.407123    1.3394
 0.739436  0.246478 -0.400823   1.35352
0.736197 0.250227 -0.40607  1.35038
 0.747705   0.25644 -0.393442   1.37122
0.748638 0.250823 -0.39526  1.37229
 0.737503  0.258028 -0.400736   1.35277
 0.742927  0.250292 -0.399104   1.36113
 0.745149  0.257645 -0.393495   1.36505
 0.740536   0.25359 -0.395742   1.35524
 0.938081  0.147925 -0.175433   1.69388
 0.940585  0.150613 -0.167248    1.6989
 0.939865  0.133957 -0.179665   1.69678
0.940479 0.128212 -0.18698  1.69881
 0.943096  0.125238 -0.177629   1.70294
0.940442 0.131071 -0.17946  1.69759
  0.94478  0.129703 -0.159534   1.70443
 0.945895  0.121915 -0.167081   1.70735
  0.94815  0.117646 -0.155673   1.71028
 0.945631  0.124921 -0.157239    1.7053
 0.940586  0.138612 -0.171136   1.69758
 0.942957  0.128035 -0.168827   1.70127
 0.943222  0.136036 -0.159729   1.70156
 0.942251   0.13246 -0.170714   1.70066
 0.756364  0.226435 -0.423877    1.3977
 0.726842   0.18343 -0.443026   1.33338
 0.728746    0.1813 -0.443554   1.33788
 0.729508  0.184596 -0.441729   1.33907
 0.727645  0.182753 -0.442223   1.33505
 0.731422  0.180519 -0.447053   1.34602
 0.733306  0.186756 -0.443491   1.34919
 0.730357  0.184479 -0.444036   1.34276
 0.730382  0.182573 -0.444414   1.34257
 0.729519  0.168066 -0.451753   1.34201
 0.730226  0.166425 -0.451741   1.34308
 0.727593   0.16851 -0.448558    1.3356
 0.725229  0.170049 -0.447445   1.32966
 0.725434  0.167281 -0.448316   1.33001
  0.72684  0.168449 -0.448358   1.33317
0.727982 0.163407 -0.45028  1.33633
 0.725716  0.164679 -0.449008   1.33044
 0.726005  0.162049 -0.449665   1.33087
 0.727287  0.163198 -0.449774   1.33382
  0.72869  0.167333 -0.449205   1.33797
 0.726998  0.165803 -0.449099   1.33338
 0.728695  0.164703 -0.450222   1.33807
 0.727618  0.165841 -0.449368   1.33551
 0.733316   0.15039 -0.455075   1.34807
 0.734407  0.149061 -0.454842   1.34991
 0.731506   0.14997 -0.452634   1.34227
0.729298 0.150424 -0.45095  1.33607
  0.73021   0.14829 -0.450993   1.33757
 0.730977  0.149228 -0.451302   1.33952
0.733222 0.146119 -0.45267  1.34508
 0.731142  0.146325 -0.450857   1.33903
 0.732188   0.14442 -0.450675   1.34072
0.732789 0.145284 -0.45104  1.34235
 0.732576  0.149281 -0.452747   1.34441
 0.731799  0.147241 -0.451227   1.34079
 0.733362  0.147229 -0.452884   1.34574
 0.732217   0.14795 -0.452573   1.34327
 0.773977  0.153326 -0.441034    1.4253
0.945713  0.15386 0.180516   1.7066
 0.935149  0.105299 0.0926227    1.7014
0.938957 0.145532 0.189359   1.6991
0.936439 0.145198 0.195955  1.69548
  0.9369 0.142551 0.193274  1.69357
0.938772 0.151513 0.214503  1.69552
0.935033 0.153178 0.231299   1.6841
0.938193 0.156365 0.226712  1.69053
0.887897 0.234968 0.257136  1.60791
0.891758  0.22109 0.264021  1.61539
0.882686 0.231506 0.263925  1.59919
0.884916 0.223526  0.26745  1.60359
0.878931 0.226889 0.270014  1.59387
0.882103 0.225771 0.266245   1.5974
0.887588 0.224113 0.264794  1.60708
0.886773  0.22804  0.25995  1.60478
0.937032 0.153783 0.227584  1.68782
0.934992 0.136508 0.230477  1.68406
0.936193 0.108296  0.21324  1.68421
   0.921766 -0.00560988    0.275415     1.67128
 0.929555 0.0250887  0.263584   1.68125
   0.938636 -0.00145494    0.238129      1.6971
  0.929726 0.00970278   0.244347    1.67702
 0.933131 0.0508799  0.254357   1.68603
 0.933857 0.0630691  0.237435   1.68291
 0.939763 0.0590224   0.23253   1.69614
0.935018 0.060094 0.235973  1.68547
 0.946673 0.0237634  0.206284   1.70723
 0.943541 0.0462152  0.209753   1.69965
  0.94999 0.0483269  0.187688   1.71156
 0.947418 0.0374335   0.18979    1.7052
 0.933489 0.0380444  0.237798   1.68245
 0.940794 0.0450423  0.211818   1.69332
 0.941665 0.0170217  0.210026   1.69561
 0.939077 0.0311244  0.233627   1.69478
0.951298 0.185984 0.209492   1.7109
0.951052  0.18302 0.210329  1.71222
0.934272 0.152908 0.201887  1.69063
0.944242 0.198714 0.233855      1.7
0.937949 0.203632 0.243858  1.68897
0.926362 0.201088 0.254215  1.66786
0.918326  0.19878 0.262177  1.64802
0.937423 0.152068 0.215308  1.69197
0.900505 0.189467 0.269393   1.6127
0.935347 0.141979  0.19642  1.69007
0.951503 0.159404 0.179262  1.71564
 0.880028 0.0234069 -0.010782   1.61074
0.949008 0.175671 0.171938   1.7045
0.931301 0.125032 0.234532  1.67737
 0.93821 0.154127 0.225611  1.68994
0.931985 0.133348 0.240429  1.67943
 0.93293 0.143834 0.238055  1.68059
0.933919 0.151053 0.236099  1.68248
0.932394 0.199079 0.248734  1.67597
0.936697 0.157203 0.224916  1.68882
0.940918 0.194599 0.236658  1.69257
0.937934 0.158597 0.199703  1.69484
0.943632 0.170673 0.188191  1.70455
0.782726 0.119136 -0.41996  1.42733
 0.781891  0.112501 -0.417565   1.42307
 0.787079  0.114465 -0.412059   1.43185
 0.784364    0.1152 -0.413841   1.42694
 0.779671  0.106123 -0.418066   1.41736
 0.774471  0.102628 -0.419746   1.40616
 0.780839 0.0993079  -0.41225   1.41567
  0.77957   0.10313 -0.416212   1.41543
 0.793303  0.107166 -0.401679   1.43905
 0.789127 0.0961168  -0.40164   1.42812
 0.800093 0.0933957 -0.385254   1.44436
 0.795519  0.100206 -0.392457   1.43835
 0.782902   0.10894 -0.413714   1.42253
0.786648 0.100955 -0.40678  1.42581
 0.788978  0.109357 -0.404706   1.43134
 0.786107  0.105183 -0.410647   1.42744
 0.774936  0.144657 -0.441052   1.42584
0.764298 0.159885 -0.45274  1.41195
 0.752939  0.124391 -0.446236   1.37889
0.755086 0.122677 -0.44563   1.3828
 0.750537  0.122361 -0.445575   1.37277
 0.747769  0.121824 -0.443924   1.36537
 0.749788  0.119718 -0.442706    1.3686
0.749978 0.120886 -0.44359   1.3697
 0.754981  0.118529 -0.442587   1.37982
 0.751891  0.117632 -0.441176   1.37184
 0.754344  0.115418 -0.439208   1.37556
 0.754436  0.116852 -0.440476    1.3767
 0.751917  0.122293 -0.444888   1.37527
 0.752037  0.118897 -0.442219   1.37294
 0.754285  0.120241 -0.443401   1.37911
  0.75256   0.12038 -0.444091   1.37584
0.769274 0.159303 -0.44393    1.418
 0.738887  0.211237 -0.429818    1.3593
 0.743932  0.220624 -0.422318   1.36817
 0.734284  0.213682 -0.425429   1.34702
0.736657 0.218641 -0.42153  1.35099
 0.731111  0.218557 -0.425757   1.34125
 0.732894  0.216032 -0.422969   1.34324
 0.738097    0.2176 -0.424413   1.35619
 0.737278  0.214774 -0.425427   1.35426
0.827853 0.225823 -0.39784  1.52787
 0.832466  0.224245 -0.392505   1.53505
0.827076   0.2283 -0.39375  1.52613
 0.828447  0.225884 -0.394459   1.52756
 0.837371  0.222651 -0.386814   1.54282
 0.842589  0.220496 -0.380565   1.55099
 0.836649  0.225785 -0.382316   1.54125
 0.838087  0.222757 -0.382846    1.5426
 0.826585  0.232374 -0.387473    1.5244
 0.831018  0.234372 -0.383261   1.53286
 0.833047   0.22436 -0.388965   1.53469
 0.833791  0.228465 -0.383523   1.53615
 0.828641  0.229729 -0.389925   1.52822
 0.831745  0.226855 -0.388322   1.53335
 0.745019  0.132202 -0.451607   1.36677
 0.742075  0.135887 -0.452268    1.3616
 0.743374  0.130906 -0.449607   1.36153
  0.74166  0.132976 -0.450056   1.35853
 0.741778  0.130385 -0.447958   1.35657
 0.742114  0.131457 -0.449555   1.35889
 0.742207  0.134209 -0.451276   1.36094
 0.744166  0.132531 -0.450949   1.36453
 0.843285  0.220673 -0.376251   1.55063
 0.844691  0.225735 -0.369449   1.55334
 0.838293  0.227546 -0.377848    1.5434
0.841912 0.223854 -0.37577  1.54935
  0.84613  0.233693 -0.361195   1.55648
 0.833307  0.235119 -0.377379   1.53557
  0.83606  0.230987 -0.375955   1.53944
 0.842241   0.23378 -0.370009   1.55144
 0.869698  0.228199 -0.328274   1.59523
 0.855437   0.23016 -0.348559    1.5714
 0.867693     0.216 -0.336841   1.58932
 0.860576   0.21941 -0.347824    1.5785
 0.865684  0.209087 -0.345976   1.58542
 0.864209  0.213216 -0.345323   1.58396
 0.858375  0.224282 -0.347035   1.57548
 0.864909  0.227999 -0.339877   1.58856
  0.89321  0.183554 -0.306404   1.62831
 0.898789  0.179148 -0.296841   1.63724
 0.893725  0.188189 -0.297327   1.62812
 0.894489  0.185053 -0.300037   1.62943
0.904232 0.173622 -0.28627  1.64549
 0.908806  0.167748 -0.276113   1.65196
 0.904891  0.177379 -0.275723   1.64515
 0.905408  0.175073 -0.278814   1.64618
 0.891975  0.205222 -0.294282   1.62816
 0.898509  0.206566 -0.285268   1.64096
0.900119 0.180633 -0.28917  1.63811
 0.903039  0.187841 -0.276717   1.64331
 0.895966  0.192347 -0.289609   1.63174
 0.899164  0.184827 -0.287627   1.63695
0.910379 0.187593 -0.25644  1.65524
 0.916045  0.189378 -0.246515   1.66642
  0.91278   0.16885 -0.258418   1.65679
 0.913008  0.163298 -0.266725   1.65825
 0.917631   0.15926 -0.256628   1.66563
 0.913651  0.165426 -0.259597   1.65806
  0.92196  0.158209 -0.235208   1.67034
 0.921911  0.154176 -0.245558    1.6719
 0.925411  0.148974 -0.235297   1.67668
 0.922475  0.156215 -0.237622   1.67145
0.914432 0.173681 -0.24955  1.65915
 0.918295  0.161425 -0.248084   1.66517
 0.920366  0.169339 -0.235862    1.6688
 0.917315  0.165868 -0.247926   1.66406
 0.925964  0.168854 -0.215829   1.67749
 0.930439  0.171117 -0.206017   1.68649
 0.928169  0.150694 -0.217909   1.67952
 0.928667  0.144955 -0.225978    1.6815
 0.932218  0.141236 -0.216073    1.6871
 0.928941  0.147553 -0.218541   1.68073
 0.935279  0.139698 -0.194927   1.68961
 0.935374  0.136389 -0.205413   1.69153
 0.938031  0.131757 -0.195833    1.6952
 0.935625  0.138694 -0.197648   1.69074
0.929389 0.155806 -0.20867  1.68115
 0.932536  0.143814 -0.207318    1.6862
 0.934105  0.151594 -0.195086    1.6888
0.931696 0.147895 -0.20756  1.68511
 0.733705  0.193991 -0.440196   1.34997
 0.737697   0.20168 -0.434924    1.3571
 0.730378  0.195617 -0.436425   1.34052
 0.732083  0.199685 -0.433643   1.34338
 0.728019   0.19904 -0.436334   1.33573
 0.729238   0.19749 -0.434584   1.33746
 0.733194  0.198901 -0.436221   1.34765
 0.732485  0.196667 -0.436916   1.34601
0.735096 0.242768  -0.4109  1.34837
 0.739404  0.236088 -0.409899   1.35532
 0.742333  0.242622 -0.404574   1.36035
0.737521 0.239018 -0.40668  1.35033
 0.745278  0.232747 -0.414064   1.37002
 0.751386  0.244835 -0.403676    1.3807
 0.744109  0.241274 -0.406673   1.36577
 0.743519  0.236996 -0.408547   1.36424
 0.950829   0.11721 -0.114625   1.71032
 0.951372  0.119132 -0.113433   1.71174
 0.949785  0.115796 -0.131546   1.71004
 0.950036  0.113493 -0.144798   1.71257
 0.951721  0.110239 -0.134834   1.71483
 0.950041  0.117232 -0.136583   1.71175
 0.952868  0.109074 -0.114347   1.71468
 0.952903  0.107149 -0.125781   1.71613
 0.953804  0.105046 -0.117675   1.71709
 0.953093  0.110834 -0.120031   1.71625
  0.95072  0.120471 -0.124655   1.71195
 0.951757  0.114237 -0.127766   1.71436
 0.952388  0.118293 -0.116656    1.7148
 0.951576   0.11313 -0.123182   1.71303
 0.848695  0.232601 -0.336507   1.55311
 0.860927  0.238547 -0.322546   1.57723
 0.952851 0.0471089  0.150093   1.71162
 0.956332 0.0711827  0.140055   1.71999
 0.957719 0.0425767  0.139557    1.7225
 0.956144 0.0446891  0.141178   1.71852
 0.956229 0.0912114 0.0868712   1.71601
 0.956203 0.0845292  0.117829     1.718
 0.961844 0.0323538 0.0956417   1.72811
 0.961856 0.0693648 0.0704326    1.7276
  0.96396  0.042919 0.0398396   1.73244
 0.963015 0.0248913 0.0647032   1.72913
 0.957175 0.0612286  0.114653   1.71858
 0.960127 0.0605374 0.0849648   1.72359
 0.959856 0.0300342  0.103215   1.72346
 0.959288 0.0655734  0.104867   1.72319
 0.889598  0.189689 -0.309438   1.62229
 0.891576  0.195385 -0.299579   1.62558
 0.887322  0.200683 -0.307507   1.61993
 0.889292   0.19165 -0.305067   1.62127
 0.886079  0.222198 -0.307472   1.62405
 0.888545  0.201064 -0.299262   1.62081
 0.889566  0.201647 -0.298482   1.62309
 0.954935  0.107866 -0.112669    1.7196
 0.955859  0.107344 -0.103164   1.72073
0.953747 0.112823 -0.10956  1.71671
 0.954462  0.106065 -0.106002   1.71742
  0.956743   0.107601 -0.0943473    1.72203
  0.957294   0.107465 -0.0857966    1.72257
  0.955221   0.114066 -0.0919877    1.71851
  0.955995    0.10725 -0.0875887    1.71944
 0.952142  0.123745 -0.107591   1.71352
  0.953028   0.124885 -0.0993876    1.71488
  0.955218   0.106619 -0.0969762    1.71837
0.954365 0.112363 -0.09451  1.71642
 0.953773  0.112159 -0.102216   1.71579
 0.954547  0.112554 -0.100739   1.71761
0.936211 0.144174 0.218654  1.68519
 0.949383  0.131231 0.0691426   1.70683
 0.949269  0.142054 0.0731244    1.7065
  0.95031  0.139774 0.0698085   1.70829
 0.949795  0.139812 0.0732398   1.70785
 0.950797  0.148114 0.0686005   1.70829
 0.949934  0.152006 0.0696845   1.70618
 0.950329  0.149082 0.0721483    1.7085
 0.949249  0.155664 0.0772993   1.70618
 0.949868  0.147043 0.0764289   1.70726
 0.832658  0.416977 0.0293846   1.51814
   0.84288   0.401549 0.00527508    1.53217
 0.848613  0.396116 0.0356624   1.54291
 0.840363  0.395386 0.0236675   1.52351
  0.856774   0.383669 -0.0127447     1.5558
 0.863826  0.381392 0.0413926    1.5705
 0.854794  0.382523 0.0328392   1.54997
  0.855621   0.380318 0.00506161    1.55104
0.935459 0.145933 0.230735  1.68483
 0.931482 0.0905829  0.241536   1.67913
0.930146 0.107899 0.231759  1.67418
0.928988 0.102637 0.248738   1.6757
0.942342 0.103745 0.182093  1.69432
0.940412 0.104743 0.187578  1.69011
 0.916975 0.0980978  0.278935   1.65754
 0.921947 0.0882848  0.268639    1.6653
 0.916205 0.0849688  0.287483   1.65874
 0.918743 0.0857655  0.276633   1.65997
 0.925987 0.0795291  0.258173   1.67089
 0.931119 0.0738406  0.239635   1.67766
 0.928297 0.0629841  0.258263   1.67617
 0.928881 0.0660252  0.254302   1.67591
 0.914618 0.0631298  0.289188   1.65645
 0.923164 0.0470294  0.269127   1.66847
0.912498  0.02888 0.283883  1.65257
 0.918869 0.0387576  0.284433   1.66355
 0.924132 0.0745858  0.267077   1.66878
 0.925821 0.0548411   0.27183   1.67413
 0.918716 0.0681885  0.284687   1.66239
 0.922187 0.0720783  0.275283    1.6677
0.870081 0.293462 0.219526  1.57832
0.874365 0.295632 0.208603  1.58434
0.876665 0.286425 0.216591  1.58875
0.873442 0.288662 0.213677  1.58138
0.880999 0.296951 0.197556  1.59588
0.884086 0.281772 0.214721  1.60222
0.879832 0.284635 0.213192  1.59311
0.879614 0.288787 0.203748  1.59182
0.940347 0.154603 0.223184   1.6963
0.929592 0.116801   0.2452  1.67522
 0.89314  0.11043 0.290837   1.6148
0.901112 0.106601 0.296391  1.63155
 0.894063 0.0910264   0.29579   1.61664
0.896969 0.105205 0.296191  1.62501
0.908227 0.102293 0.293574  1.64388
  0.91454 0.0985609  0.281511   1.65269
 0.912513 0.0854521  0.291357   1.65146
 0.911635 0.0996166  0.293091   1.65137
0.898397 0.063493 0.297683  1.62524
  0.90974 0.0634187  0.294565   1.64699
 0.907698 0.0292831  0.291863   1.64359
 0.903974 0.0586332  0.297974   1.63838
0.904559 0.101691 0.299089  1.63983
 0.908427 0.0832453  0.297535   1.64649
 0.899152 0.0849293  0.300412    1.6297
 0.904107 0.0870686  0.297489   1.63684
 0.922708 0.0952225  0.269961   1.66686
 0.920129 0.0975776  0.270554    1.6611
 0.925028 0.0984553    0.2549    1.6674
 0.930369 0.0863339  0.252257   1.67923
 0.927042 0.0828119  0.257214   1.67226
0.925345 0.097192 0.261572  1.67073
 0.779138  0.115102 -0.420408   1.41897
 0.776375  0.121346 -0.426629   1.41751
 0.778915  0.118364 -0.421578   1.41979
 0.770805  0.116696 -0.430831    1.4069
0.769944 0.122973 -0.43624   1.4093
  0.77136   0.11958 -0.430923   1.40877
 0.777251  0.109941 -0.420964   1.41418
 0.772466  0.111331 -0.426617   1.40709
 0.773835  0.105555 -0.422811   1.40679
 0.774181   0.10793 -0.424157   1.40896
 0.774925  0.118376 -0.428824   1.41511
 0.772297  0.113567 -0.428052   1.40808
 0.776766  0.112757 -0.423012   1.41487
 0.775088   0.11537 -0.425349   1.41291
 0.771122  0.149928 -0.448895    1.4224
 0.814032  0.226276 -0.413513   1.50557
 0.816693  0.226822 -0.410588   1.51005
  0.81232  0.227821 -0.411766   1.50259
  0.81379   0.22655 -0.411912   1.50429
 0.819841  0.227052 -0.406971   1.51517
 0.823559  0.226729 -0.402724   1.52108
 0.818126  0.229247 -0.404303   1.51202
 0.819829   0.22721 -0.404488   1.51394
 0.80937 0.230433 -0.40691  1.49602
  0.81251  0.232275 -0.403276   1.50161
  0.81647  0.227033 -0.408525   1.50858
 0.815548  0.229797 -0.405429   1.50708
  0.81249   0.22871 -0.409514   1.50219
 0.814971  0.228537 -0.408428    1.5069
 0.812239  0.225303 -0.415497    1.5024
 0.810008  0.224704 -0.416533   1.49894
 0.811804  0.223686 -0.416482   1.50157
 0.811133  0.224163 -0.415978   1.49998
  0.80758  0.223583 -0.416654   1.49427
 0.803978  0.224731 -0.417414   1.48869
 0.806871  0.220748 -0.419587   1.49374
 0.806446  0.222965 -0.417199   1.49219
 0.812704  0.220897 -0.416071   1.50264
 0.810746  0.217555 -0.419322   1.50021
0.816058 0.215876 -0.41227  1.50682
   0.8132  0.216523 -0.415402    1.5023
 0.809023  0.223212 -0.416825   1.49665
 0.809059   0.21956 -0.418004   1.49642
 0.811285  0.221505 -0.416546   1.49995
 0.809836  0.221969 -0.417862   1.49859
0.936004 0.148765 0.226234  1.68536
  0.965797 -0.0268819   0.025293    1.73921
  0.959895 -0.0676021  0.0915251    1.73043
  0.961041 -0.0154373  0.0925542    1.72705
 0.961515 -0.016647 0.0884234    1.7304
  0.943028 -0.0701736   0.179999    1.70253
  0.919517 -0.0296534   0.247029    1.65927
  0.941634 -0.0233523   0.199043     1.6957
  0.935866 -0.0463015   0.239675    1.69786
 0.956482 0.0104326  0.139789   1.71924
    0.9499 0.00475126   0.166225    1.70686
 0.951823 0.0302735  0.150617    1.7087
 0.952635 0.0194482  0.164106   1.71328
  0.951298 -0.0496781   0.169271    1.71946
  0.948312 -0.0145243   0.193275    1.71055
  0.957215 0.00133522   0.146688     1.7235
  0.953377 -0.0318665   0.149579     1.7159
0.884493 0.192771 0.284865  1.60387
0.888217 0.199123  0.28113  1.60933
0.891294 0.190828 0.282663   1.6154
0.887949   0.1933 0.282421  1.60823
 0.89309 0.203753 0.274374  1.61695
0.899054 0.187879 0.276581  1.62793
0.893693  0.19151 0.279439  1.61762
0.892308 0.195793  0.27601  1.61426
0.893846 0.122815 0.286582  1.61641
0.894552 0.130793 0.285203  1.61842
 0.89924 0.131498 0.291612  1.62847
0.896185 0.129178 0.286239   1.6224
0.893774 0.138744 0.286132  1.61769
0.892016 0.147315 0.287591    1.615
0.897404 0.148434 0.289962   1.6254
0.894087 0.146116 0.287022  1.61954
0.903073 0.137249 0.289812  1.63466
0.902354 0.145038 0.286788  1.63276
0.907675  0.13701 0.282161  1.64091
0.903763 0.140508 0.289646  1.63627
0.895519 0.137641 0.285843  1.62158
0.899265 0.146124 0.290953  1.62964
0.900304 0.137461 0.291927  1.63158
0.898562  0.14015 0.290404  1.62748
 0.759336  0.154145 -0.455042   1.40265
 0.759506  0.154114 -0.454963   1.40294
 0.75987 0.154416 -0.45528  1.40378
 0.759103  0.153501 -0.455993   1.40255
  0.75908  0.153669 -0.456089   1.40258
  0.75912  0.153418 -0.455854   1.40251
 0.759022   0.15415 -0.456079   1.40256
 0.759129  0.153388 -0.455881   1.40253
 0.767004  0.156899 -0.450704   1.41589
 0.759079  0.153531 -0.455999   1.40251
 0.745423   0.13088 -0.450752   1.36685
 0.747009  0.129472 -0.450366   1.36969
0.743647 0.129669 -0.44925  1.36166
 0.741589  0.129422 -0.447364   1.35565
 0.742929  0.127558 -0.446825   1.35784
 0.743221  0.128515 -0.447387   1.35894
  0.74658  0.126152 -0.447856   1.36639
 0.744329  0.125743 -0.446056   1.36002
 0.745925  0.123806 -0.445121   1.36251
 0.746147  0.124901 -0.445867    1.3636
 0.744679  0.129377 -0.448958   1.36359
 0.744565  0.126755 -0.446716   1.36108
 0.746215  0.127487 -0.448324   1.36615
 0.744952  0.127881 -0.448486   1.36361
 0.759052  0.153897 -0.456122   1.40259
 0.760918  0.153375 -0.453776   1.40481
 0.764456  0.155377 -0.453451   1.41184
  0.76567  0.154606 -0.454448   1.41464
 0.768118  0.153602 -0.454382   1.41932
 0.767691  0.121712 -0.437654   1.40506
 0.763852  0.117672 -0.436705   1.39545
0.768055 0.115757 -0.43247  1.40176
 0.766804  0.118469 -0.434616   1.40072
 0.761371   0.11454 -0.437023   1.38959
 0.757355  0.113144 -0.436609   1.38013
 0.760836  0.110774 -0.433593   1.38551
 0.760715  0.112466 -0.435325   1.38647
 0.769406  0.110208 -0.428973   1.40162
 0.764677  0.108377 -0.429846    1.3913
 0.769219  0.105671 -0.425328   1.39821
 0.768864  0.108016 -0.427846   1.39913
 0.763579  0.115337 -0.435179   1.39338
 0.764438  0.110342 -0.431978   1.39224
 0.767865   0.11338 -0.431208   1.40003
 0.765062  0.112478 -0.433287   1.39505
 0.759022  0.153575 -0.455774   1.40225
 0.762249   0.15133 -0.449623   1.40514
  0.77243  0.147172 -0.441768   1.42116
 0.776548  0.124321 -0.426036   1.41807
 0.774557  0.132368 -0.432573    1.4186
 0.770142  0.125083 -0.434864   1.40921
 0.774962  0.128685 -0.432386   1.41881
 0.764288  0.129825 -0.444392   1.40271
 0.778601  0.136384 -0.430878    1.4271
   0.7813  0.127491 -0.424077   1.42784
 0.784622  0.136873 -0.420589   1.43482
 0.780797  0.131527 -0.421535   1.42606
 0.766439  0.150818 -0.455092   1.41562
 0.759014   0.15443 -0.455312   1.40224
 0.759041  0.154575 -0.455432   1.40237
 0.760704  0.154499 -0.452194   1.40384
 0.759947  0.154945 -0.455344   1.40397
 0.763254  0.157075 -0.453156   1.40965
 0.761283  0.155924 -0.450807   1.40452
 0.760578  0.153568 -0.454002   1.40425
 0.737502  0.153179 -0.459553   1.36047
 0.75903 0.153758 -0.45607  1.40248
 0.766293  0.159624 -0.450948    1.4151
 0.760245  0.154163 -0.455297   1.40437
 0.762559  0.154983 -0.450398   1.40671
 0.759873  0.154145 -0.455288   1.40372
 0.759608  0.162273 -0.439906   1.39696
 0.759487  0.153846 -0.454959   1.40284
 0.758981  0.154081 -0.456052   1.40238
 0.759387  0.153822 -0.455134   1.40278
  0.76051  0.154038 -0.455318   1.40488
 0.759291  0.153369 -0.455212   1.40251
 0.759129  0.153437 -0.455694   1.40246
 0.759216  0.153247 -0.455444   1.40244
 0.759122  0.153553 -0.455549    1.4024
 0.759294  0.153544 -0.455123   1.40251
  0.75922  0.153611 -0.455491   1.40259
 0.788909  0.141635 -0.408063   1.43854
 0.794762  0.140718 -0.400015    1.4471
 0.789525  0.150112 -0.401991   1.43838
 0.790656  0.142331 -0.401799   1.43925
 0.803727  0.137409 -0.385856   1.45961
 0.819388  0.139402 -0.364956   1.48658
0.801347 0.154652 -0.37974  1.45555
  0.80553  0.141617 -0.375777   1.46068
 0.788434  0.156672 -0.396948   1.43502
 0.792448  0.161784 -0.389833   1.44192
 0.785991  0.167627 -0.398174    1.4328
 0.788801  0.160381 -0.394876   1.43612
 0.796521  0.140101 -0.389664   1.44591
  0.79581  0.153536 -0.386519   1.44627
 0.790374  0.150265 -0.395182   1.43706
0.795173 0.149793 -0.39077  1.44538
  0.78584  0.145012 -0.406833    1.4318
 0.785796  0.149317 -0.407489    1.4329
 0.784156  0.156908 -0.399363   1.42692
 0.782345  0.163692 -0.403572   1.42672
 0.780181  0.154067 -0.416075   1.42617
 0.782542  0.156519 -0.407863   1.42749
  0.73713  0.143081 -0.454382   1.35407
 0.738368  0.141532 -0.454026   1.35612
  0.73533  0.142506 -0.452276   1.34852
 0.733241   0.14265 -0.450352   1.34238
 0.734349  0.140843 -0.450148   1.34422
  0.73489  0.141617 -0.450508   1.34571
 0.737153  0.138928 -0.451836   1.35132
 0.735326  0.139199 -0.449882   1.34579
 0.736252   0.13754 -0.449647   1.34727
 0.736773   0.13826 -0.449981   1.34868
 0.736382  0.141937 -0.452257   1.35058
 0.735823  0.139927 -0.450252   1.34718
 0.737343  0.139902 -0.452155   1.35213
 0.736188  0.140676 -0.451926    1.3497
 0.731402  0.159982 -0.454573   1.34588
 0.731199  0.164766 -0.453014    1.3455
 0.729266  0.159852 -0.451545   1.33903
 0.729014  0.162404 -0.450736    1.3385
 0.727601   0.16068 -0.450289   1.33425
 0.728133  0.160881 -0.450787   1.33636
 0.729687  0.162874 -0.452826   1.34176
 0.730456  0.161319 -0.452841   1.34301
 0.764177  0.161806 -0.447861   1.40987
 0.769572  0.155848 -0.449213   1.42033
 0.761443  0.152354 -0.451474    1.4046
 0.749527  0.132357 -0.451923   1.37671
 0.753496  0.129489 -0.450957   1.38399
 0.758955   0.15441 -0.456112   1.40242
 0.763705  0.151478 -0.451769     1.409
 0.758962  0.154645 -0.456029   1.40244
 0.766262  0.159686 -0.447068   1.41337
 0.761743  0.155163 -0.450659   1.40524
 0.759013  0.154769 -0.455853   1.40249
0.760762 0.154311 -0.45079  1.40323
 0.760268  0.154533 -0.452839   1.40327
 0.759728  0.154997 -0.453559   1.40264
 0.758911  0.154582 -0.456038   1.40231
 0.760285   0.15485 -0.454242   1.40404
 0.759213  0.154719 -0.455492   1.40272
 0.759605  0.154668 -0.455337   1.40334
 0.760461  0.155035 -0.450879   1.40281
 0.759413  0.154665 -0.455356     1.403
 0.759564  0.155139 -0.455076    1.4031
 0.759117   0.15443 -0.455262   1.40242
 0.759302  0.154772 -0.455399   1.40283
0.940553 0.159372 0.077378  1.69182
 0.945682  0.164113 0.0414352   1.70335
 0.947321  0.162836 0.0655028   1.70467
 0.944596  0.172927 0.0673103   1.70326
     0.95692     0.137881 -0.000270948      1.72642
   0.96572  0.0823275 -0.0184497    1.74199
0.958336 0.127512 0.028369  1.72443
 0.957934  0.108652 0.0236364   1.72449
 0.951457  0.152675 0.0639643   1.71057
 0.954883  0.139691 0.0528001   1.71645
 0.952859  0.150845 0.0711528     1.713
 0.952812  0.146699 0.0678986   1.71304
 0.949625  0.160927 0.0393448    1.7125
 0.954289  0.139323 0.0501283   1.71653
 0.949873  0.161238 0.0639949   1.71014
 0.952006  0.152126 0.0409459   1.71311
0.866651  0.36621 0.085931  1.57278
0.874895 0.349226 0.117133  1.58803
0.857189 0.371382 0.103303  1.55587
0.862809 0.359884 0.119586  1.56593
0.851651 0.374899 0.121766  1.54847
0.856434 0.362726 0.114424  1.55184
0.866691 0.354676 0.114397  1.57104
 0.865234  0.356953 0.0989223   1.56693
  0.809011   0.427526 -0.0973413    1.47843
 0.81793 0.406485 -0.11678  1.48928
  0.830365   0.405014 -0.0881278    1.51221
  0.817034   0.405551 -0.0983127    1.48388
 0.831327  0.384608 -0.133978   1.51245
 0.853121  0.381293 -0.083266   1.55273
   0.83477   0.391809 -0.0933037    1.51681
 0.828993  0.384907 -0.111026    1.5031
 0.871003  0.345544 -0.076976   1.57752
 0.954354  0.125588 0.0323668   1.71504
 0.953853  0.132376 0.0364053   1.71391
 0.954186  0.132241 0.0294068   1.71428
0.954126 0.133462 0.033917  1.71479
 0.953395  0.136893 0.0223526   1.71138
 0.952863  0.142544 0.0310857   1.71146
 0.952868  0.143232 0.0396256   1.71176
  0.949417   0.134416 -0.0988501    1.70678
  0.951627   0.148956 -0.0767328     1.7119
 0.954477  0.136271 0.0199932   1.71445
 0.954463  0.134748 0.0218605   1.71411
 0.955315    0.1294 0.0172442   1.71673
0.955916 0.124685  0.01554  1.71813
 0.955516  0.124969 0.0205968   1.71734
  0.9555 0.124091 0.016682  1.71703
 0.954589  0.132535 0.0281573   1.71545
 0.955215  0.125806 0.0259039    1.7169
  0.95487  0.126236 0.0311605   1.71638
 0.954728  0.125481 0.0267507   1.71566
 0.955088  0.129309 0.0179335   1.71605
 0.955088  0.125009 0.0210775   1.71629
 0.954438  0.131471 0.0211442    1.7147
 0.955031  0.129688 0.0217085   1.71613
 0.955785  0.123526 0.0115049   1.71752
 0.955259  0.128783 0.0141681   1.71633
  0.955432   0.127861 0.00720655    1.71648
 0.955481  0.129694 0.0118738   1.71708
   0.954446    0.130193 -0.00153303     1.71346
  0.954127   0.137023 0.00790993    1.71374
 0.954229    0.1378 0.0158686   1.71408
   0.956904    0.118976 -0.00964925     1.71952
   0.956423    0.122456 -0.00755695      1.7184
  0.956574    0.12011 -0.0138906    1.71847
  0.956624   0.123098 -0.0103023    1.71908
  0.956145   0.128503 -0.0142386    1.71752
  0.955597   0.125009 -0.0148646    1.71631
   0.955619    0.128363 -0.00776277     1.71667
 0.950103   0.15531 0.0529798   1.70478
  0.956022   0.131675 -0.0209809    1.71805
  0.956525   0.130012 -0.0164878    1.71889
  0.957017   0.121031 -0.0242987    1.71992
  0.957708   0.117482 -0.0268242    1.72154
  0.957654   0.117703 -0.0216802    1.72134
  0.957321   0.116667 -0.0234826    1.72038
  0.956883   0.120276 -0.0153376    1.71935
  0.957498    0.11811 -0.0166385    1.72094
  0.957316   0.119615 -0.0115412    1.72066
  0.957102   0.117514 -0.0147998    1.71985
  0.956901   0.120157 -0.0204067    1.71936
   0.95728   0.116747 -0.0189299    1.72023
  0.956864   0.119404 -0.0170391    1.71912
  0.957049   0.120341 -0.0194303    1.71983
  0.957337   0.116123 -0.0287108    1.72045
  0.956812   0.120775 -0.0252222     1.7193
  0.956827   0.119418 -0.0315913    1.71929
  0.956975   0.120867 -0.0299652    1.71992
  0.955858   0.124434 -0.0351586    1.71701
  0.955598   0.126366 -0.0335536    1.71679
  0.955645    0.13096 -0.0268852    1.71723
  0.957464   0.111589 -0.0505088    1.72099
  0.956859   0.117093 -0.0469413    1.71972
  0.956744   0.114981 -0.0532064    1.71941
  0.957007   0.115431 -0.0526125    1.72023
  0.955802   0.127011 -0.0549204    1.71798
  0.955676    0.11688 -0.0539256    1.71681
  0.955673   0.123364 -0.0495043    1.71736
 0.951748  0.150992 0.0282323   1.70766
  0.955055   0.122098 -0.0706417     1.7167
  0.955735   0.126917 -0.0627728    1.71839
  0.956356   0.114138 -0.0736883    1.71966
 0.957795  0.107924 -0.077513   1.72316
  0.958076   0.108032 -0.0694483    1.72326
  0.957033   0.108375 -0.0705373    1.72073
  0.956877   0.113222 -0.0584703    1.71989
  0.958105   0.108996 -0.0620413    1.72295
  0.958058   0.110861 -0.0554073    1.72268
  0.957433   0.109836 -0.0566603    1.72101
  0.956254   0.115604 -0.0664002    1.71897
  0.957325   0.108772 -0.0631474      1.721
  0.956678   0.115637 -0.0579995    1.71955
  0.956686   0.114123 -0.0661239    1.71999
 0.947416  0.187349 0.0147384   1.70146
 0.949969  0.149541 -0.124225   1.71471
 0.942198  0.150104 -0.155149    1.7006
 0.949066  0.130944 -0.132693   1.71066
0.945489  0.13425  -0.1493  1.70507
 0.947969  0.120961 -0.146491   1.70869
 0.947143  0.124559 -0.147436   1.70737
 0.944005  0.139314 -0.152885   1.70296
 0.947093  0.148004 -0.143908   1.71041
 0.945935  0.170919 0.0621054   1.69616
0.938109 0.134314 -0.18891  1.69428
 0.938594  0.140044 -0.180664   1.69479
 0.936549  0.142981 -0.188356   1.69184
 0.937801  0.135516 -0.186961   1.69344
 0.934489  0.169049 -0.190974   1.69261
 0.936612  0.141458 -0.180573   1.69028
 0.937047  0.143575 -0.179656   1.69149
  0.955034   0.140781 -0.0372018    1.71647
 0.788425  0.397076 -0.211436   1.44175
  0.79691  0.375952 -0.221591    1.4523
 0.807197  0.381762 -0.198651   1.47117
 0.795375  0.379049 -0.207424   1.44617
0.809244 0.358856 -0.23357  1.47636
 0.827317  0.367342 -0.192776   1.50898
 0.811474  0.371558 -0.202648   1.47775
 0.806575   0.36359 -0.214125   1.46645
  0.878546   0.349889 -0.0148935    1.59022
 0.784207  0.325556 -0.307965   1.43434
 0.803723  0.336583 -0.276625   1.46931
 0.775197  0.337786 -0.299919   1.41546
  0.78529    0.3448 -0.282522   1.43342
0.769259 0.354398 -0.29487  1.40835
 0.774376  0.341553 -0.289359   1.41097
 0.788176   0.33773 -0.286408   1.43905
 0.782453  0.331297 -0.294039   1.42682
  0.947485   0.168006 -0.0967062    1.70757
 0.926198  0.228079 -0.135739   1.67353
 0.909591  0.169522 -0.269568   1.65215
 0.910711  0.176066 -0.260455   1.65395
 0.907245  0.180422 -0.269172   1.64939
 0.909086  0.171587 -0.266838   1.65108
  0.90458   0.20423 -0.271606   1.65051
 0.907301  0.180791 -0.262741   1.64832
0.908166 0.183081 -0.26153   1.6505
 0.752455  0.311969 -0.351716   1.37914
 0.757856  0.299445 -0.352812   1.38618
 0.764901   0.30757 -0.341012   1.39864
 0.756372  0.303284 -0.345837   1.38103
 0.765663    0.2913 -0.357608   1.40337
 0.779251  0.305385 -0.336588   1.42782
 0.767295   0.30314 -0.343334   1.40408
 0.763973  0.296955 -0.348413   1.39696
 0.921866  0.209201 -0.191138   1.67094
 0.871929   0.21928 -0.327154   1.59756
 0.878243  0.222535 -0.320271   1.61048
 0.870836  0.210543 -0.335502   1.59468
 0.870873  0.205257 -0.343007   1.59521
  0.87697  0.200108 -0.333719   1.60437
 0.872275   0.20565 -0.336564   1.59597
 0.88397 0.197738 -0.31356  1.61353
 0.882679  0.194638 -0.324468   1.61279
 0.888065  0.188542 -0.315246   1.62053
 0.884571  0.195375 -0.318121   1.61501
 0.873745  0.213625 -0.327993   1.59931
 0.878525  0.200635 -0.327354   1.60564
  0.88214  0.208235 -0.315377   1.61252
 0.877151  0.204904 -0.325268   1.60375
 0.741464  0.274316 -0.387926   1.35983
 0.746463  0.265038 -0.387194   1.36703
 0.751025  0.272695 -0.379332   1.37501
 0.744593   0.26849 -0.382566   1.36168
0.753408 0.259851 -0.39101  1.38319
 0.762329  0.273611 -0.376624   1.39913
0.753077 0.270173 -0.38111  1.38041
 0.751627  0.264781 -0.384287   1.37713
 0.759447   0.34983 -0.299772   1.38733
 0.754488  0.339459 -0.315333   1.37868
 0.768726  0.333404 -0.304522   1.40153
0.763321 0.344573 -0.31133  1.39796
 0.750832  0.328527 -0.329715   1.37251
 0.747596  0.317748 -0.342526     1.367
 0.761033  0.313568 -0.331556   1.38852
 0.755781    0.3228 -0.339269   1.38482
  0.77579  0.322586 -0.312963   1.41679
  0.77564  0.313678 -0.318278   1.41515
 0.759453  0.333648 -0.326055   1.39128
 0.766816  0.318998 -0.327452   1.40126
  0.77193  0.328264 -0.314608    1.4104
 0.764315  0.323435 -0.319608   1.39419
 0.848095  0.227355 -0.360573   1.55888
  0.85255   0.22936 -0.355908   1.56757
 0.847652  0.222067 -0.368364   1.55857
 0.848118  0.218287 -0.373775   1.55976
 0.853602  0.215205 -0.366622   1.56818
 0.849021  0.218412 -0.368959   1.55968
 0.858539  0.216949 -0.353793   1.57564
 0.859154  0.212401 -0.359328   1.57692
 0.864816  0.208704 -0.351473    1.5856
 0.860056  0.212626 -0.354084   1.57681
  0.84976  0.223933 -0.363095   1.56159
  0.85432  0.215425 -0.361887    1.5678
 0.855495  0.221025 -0.355072   1.57029
 0.852986  0.218942 -0.361366   1.56666
 0.813723  0.232895 -0.399515   1.50268
 0.819028  0.230623 -0.401169   1.51287
 0.823846  0.226843 -0.399777   1.52029
 0.824426  0.230576 -0.394815   1.52141
 0.822406  0.229057 -0.399416   1.51873
 0.824661  0.235977 -0.388399   1.52163
 0.816758  0.232968 -0.399429   1.50854
 0.822209  0.235668 -0.394636   1.51899
 0.866118  0.240992 -0.299168   1.58091
 0.807457  0.225083 -0.415133   1.49363
 0.804358  0.227286 -0.414434   1.48868
 0.805363  0.225706 -0.412765   1.48892
 0.809882  0.225718 -0.415174   1.49828
  0.81193   0.22566 -0.414499   1.50131
 0.810386  0.227245 -0.412786   1.49872
 0.811063  0.226136 -0.414608   1.50065
 0.807547  0.229373 -0.407821   1.49219
 0.808928  0.226436 -0.415126   1.49673
 0.808124  0.227933 -0.410453   1.49438
  0.80981  0.227729 -0.413175   1.49802
 0.744426  0.307531 -0.354837   1.36201
 0.741171  0.297988 -0.364865   1.35634
 0.752565  0.295208 -0.356008   1.37487
 0.748401  0.302536 -0.362411   1.37201
 0.738918  0.288388 -0.373963   1.35252
 0.737105  0.279254 -0.381998   1.34948
 0.747616  0.277506 -0.373439   1.36659
 0.743557  0.283371 -0.380097   1.36342
 0.758582  0.287765 -0.361189   1.38857
 0.759159  0.280634 -0.364369   1.38875
 0.745841  0.292788 -0.371792   1.36751
 0.752162  0.282208 -0.370743   1.37652
 0.755567  0.290813 -0.362445   1.38264
 0.749624  0.286101 -0.365826   1.36999
0.942998 0.150889 0.184813  1.70482
0.939746  0.14711 0.181878  1.70278
0.938117 0.145506 0.192491  1.69953
0.883969 0.195925 0.269983  1.60252
0.887106 0.158275 0.250611  1.59895
 0.812797 -0.165353  0.144644   1.49074
0.908914 0.183247 0.259872  1.63532
0.874702 0.131393 0.314456  1.58602
0.884367 0.160491 0.259542  1.58954
0.937886 0.155865 0.224909  1.69077
 0.89294  0.15905 0.256589  1.60617
0.937202 0.155234 0.229065  1.68859
0.936224 0.151961 0.230687  1.68652
0.872251 0.260773 0.246338  1.58038
0.871015 0.268781 0.240027  1.57808
0.876857 0.264201 0.237598  1.58753
0.873495 0.267527 0.242111  1.58405
0.869848 0.277101  0.23315  1.57604
0.868439 0.285442   0.2256  1.57342
0.875006 0.278971  0.22277  1.58395
0.871252 0.284164 0.228075  1.58019
0.881755 0.266665 0.229789  1.59566
 0.88233 0.269852 0.221817  1.59603
0.872488 0.275785 0.235243  1.58234
0.876824 0.277436 0.226617  1.58855
0.878085 0.270353 0.233205  1.59113
0.875727 0.272191 0.230397  1.58558
0.935353 0.141028 0.223515  1.68368
0.930799 0.151263  0.24309  1.67705
0.935162 0.129096 0.219317  1.68309
0.939439 0.155635 0.225423  1.69291
0.934777 0.120882  0.23194  1.68462
0.932378 0.156523 0.231343  1.68033
 0.939526 0.0828517   0.20048   1.68874
 0.948645 0.0530773   0.18592   1.70768
 0.943373 0.0633087  0.195163   1.69637
 0.944747 0.0605429   0.19796   1.70048
 0.938212 0.0674129  0.216962   1.68844
 0.935519 0.0701988  0.219754   1.68272
 0.940865 0.0764208  0.210997   1.69416
0.936978 0.150294 0.223099  1.68714
0.884223 0.265108 0.232427  1.60142
0.887425 0.251408 0.243288   1.6079
0.878602 0.262662 0.240256  1.59175
0.880612 0.254544 0.245575   1.5957
0.874763 0.259372 0.248122  1.58633
0.877808 0.256723  0.24354  1.58937
0.883397 0.254314 0.242839  1.59956
0.882908 0.258215 0.236319  1.59784
  0.93493 0.0877341  0.239146   1.68662
0.936377 0.102744 0.224124  1.68715
 0.932764 0.0990294  0.228929   1.67918
0.947186 0.194053 0.224635  1.70496
0.945675 0.188109 0.226672  1.70181
0.936064 0.153764 0.214907  1.69007
0.936216 0.154487 0.197007  1.69465
0.934869 0.155161 0.233046  1.68442
0.933735 0.157646  0.22799  1.68306
0.939595 0.150217 0.215428  1.69608
0.915029 0.186576   0.2521  1.64213
0.887566 0.174012 0.263503  1.58922
0.930968 0.146211 0.239028  1.67642
0.937727 0.135755 0.193074  1.69368
0.936082 0.156665 0.229418  1.68655
0.938411 0.136949  0.19149  1.70027
0.921779 0.161919 0.257652    1.662
0.941237  0.13651 0.179069  1.70839
0.905496 0.190631 0.269061  1.62112
0.943206 0.142894 0.163359  1.71231
0.940957 0.148599 0.216554  1.69968
 0.941871 0.0973795  0.151148   1.71573
 0.922302  0.183913 0.0742086   1.65884
0.926888 0.121336 0.258221  1.67083
0.943332 0.174592 0.140307   1.6949
0.945614 0.130271 0.162519  1.71833
0.948603  0.13949 0.149264  1.71272
 0.88561  0.23665 0.255192  1.60274
 0.88595 0.240058 0.248788  1.60271
0.881075  0.23315 0.261776  1.59536
0.876569 0.228389 0.268767  1.58834
0.875328 0.236396 0.263913  1.58597
0.877609 0.235041 0.265555  1.59144
0.879232 0.247711  0.25022  1.59177
0.874265 0.244485 0.258447    1.584
0.873212 0.252302 0.252497  1.58196
0.875629 0.250999 0.254611  1.58784
0.882095 0.239121 0.258347  1.59837
0.876642 0.243122 0.260252  1.58972
 0.88082 0.246025 0.253395  1.59575
 0.87988 0.241063 0.256183  1.59325
0.892281 0.155488 0.288333  1.61689
0.896226  0.16398 0.289656  1.62397
0.897932 0.154782  0.29023  1.62757
0.895719 0.157334 0.289349  1.62257
0.901184 0.167053 0.284018  1.63078
0.907313 0.149635  0.28338  1.64249
0.903095 0.151956  0.28748  1.63503
0.901271 0.153918 0.286844  1.63095
0.901048 0.161617 0.284182  1.63098
0.889973  0.15679 0.289016  1.61187
 0.88779 0.166264 0.289478   1.6082
0.894119 0.166158  0.28904  1.61928
0.890228 0.164766 0.289218   1.6136
0.885666 0.175783 0.288676  1.60455
0.883697 0.185077 0.286812  1.60107
0.890592 0.183153 0.284915  1.61278
0.886317 0.183333 0.287272  1.60704
0.898467 0.169674 0.282836  1.62464
 0.89856 0.174658 0.278561  1.62455
0.888252 0.174112 0.288818  1.61037
0.892637  0.18068  0.28669  1.61744
0.894574 0.172737 0.288557  1.62131
0.892128 0.175151 0.287624  1.61587
0.932942 0.137161 0.231912   1.6795
0.893744 0.269959  0.21685  1.61915
0.934024 0.146746  0.23168  1.68167
0.919162  0.19828 0.255086  1.64973
0.929588 0.133372 0.241997  1.67405
0.930296 0.197587 0.239556  1.67297
0.936916 0.150705  0.22294  1.68712
0.935439 0.156286 0.227721   1.6861
0.937261 0.192534 0.225539  1.68772
0.934677 0.153353 0.217351  1.68661
0.932707 0.147212 0.201502  1.68539
0.931272 0.155831 0.207618  1.68404
0.924329 0.189935 0.245211  1.66031
0.934286 0.148751 0.197073  1.68884
0.942268 0.177521  0.21034  1.69911
0.939346 0.161447 0.191332  1.69885
0.932867 0.154765 0.217406  1.68354
0.940981  0.16685   0.1952   1.7002
0.935293 0.162445  0.20832  1.68811
0.946314 0.178707 0.211484  1.70385
0.938377   0.1709 0.197393  1.69413
 0.762199  0.120585 -0.438896   1.39364
 0.763491  0.123409 -0.440112   1.39776
 0.756111  0.123829 -0.443936   1.38417
 0.760173  0.117025 -0.438315   1.38816
 0.756567  0.119033 -0.441424   1.38259
 0.757291  0.114755 -0.438162   1.38112
 0.757836  0.116608 -0.439977   1.38405
  0.75756  0.121662 -0.441506   1.38544
 0.760808  0.119904 -0.440187   1.39131
 0.769869  0.142847 -0.450564   1.41959
 0.751973  0.126041 -0.447547   1.37793
 0.747773  0.129651 -0.449755   1.37096
 0.750009  0.123906 -0.446159   1.37227
 0.747699  0.126124 -0.447294    1.3684
 0.747915  0.122989 -0.444796   1.36638
 0.748365    0.1243 -0.446536   1.36903
 0.748413  0.127719 -0.448243   1.37103
 0.750825  0.125891 -0.447674   1.37545
 0.764829  0.153046 -0.454801   1.41275
 0.770152  0.130946 -0.442117   1.41411
0.771036 0.135461 -0.43937  1.41526
  0.74094  0.137448 -0.451996   1.35933
 0.741676  0.136055 -0.452249   1.36077
 0.738846  0.136005 -0.450734   1.35354
0.737141 0.135969 -0.44922  1.34857
 0.738252  0.134359 -0.448739   1.35031
 0.738567  0.135227 -0.449184   1.35139
 0.740926  0.133085 -0.450377   1.35721
 0.739359  0.132741 -0.448391   1.35214
 0.740381   0.13111 -0.447988   1.35377
 0.740625  0.132009 -0.448471   1.35473
 0.739829  0.135626 -0.450596   1.35545
 0.739615  0.133581 -0.448816   1.35308
   0.7407  0.134139 -0.450615   1.35709
 0.739896  0.134521 -0.450423   1.35528
0.737576 0.136784 -0.44964  1.34987
0.738851 0.137088 -0.45108  1.35399
 0.738086  0.138433 -0.451765   1.35312
 0.737854  0.137342 -0.451317   1.35211
 0.739194  0.140607 -0.454411   1.35789
 0.738842  0.139146 -0.453208   1.35605
 0.739816  0.138546 -0.452443   1.35747
 0.773963  0.158816 -0.432927   1.42254
 0.737225  0.144363 -0.455038   1.35496
 0.735233  0.148316 -0.455152   1.35165
  0.73537  0.143583 -0.452549     1.349
 0.734205  0.145656 -0.452607   1.34698
 0.733746  0.143496 -0.450781   1.34384
 0.734106  0.144301 -0.452275   1.34628
 0.73481  0.14661 -0.45435  1.34987
  0.73627  0.145153 -0.454051   1.35242
 0.780504  0.174549 -0.408597   1.42684
 0.776872  0.162075 -0.417608   1.42149
 0.777653  0.166826 -0.416672   1.42342
0.733684 0.151679 -0.45552  1.34941
 0.732468   0.15599 -0.454914   1.34738
 0.731706  0.151131 -0.452799   1.34304
 0.730917  0.153427 -0.452483   1.34163
  0.73005  0.151405 -0.451289   1.33802
 0.730485  0.151977 -0.452325   1.34032
 0.731558  0.154181 -0.454389   1.34472
0.732736   0.1527 -0.45423  1.34674
 0.789009  0.193175 -0.446173   1.46314
 0.790667  0.194852 -0.448699   1.46761
  0.79015  0.201299 -0.444862    1.4672
  0.78981  0.202671 -0.440782   1.46519
 0.783958  0.194616 -0.451748   1.45605
0.787665  0.19906 -0.44943  1.46372
 0.730686  0.169498 -0.451792   1.34482
 0.731543  0.174809 -0.449196   1.34614
 0.728372  0.169833 -0.448454   1.33745
 0.728679  0.172626 -0.447117   1.33783
 0.726702  0.171277 -0.447474   1.33298
 0.727342  0.171046 -0.447388   1.33486
 0.729391  0.172818 -0.449366   1.34125
 0.729739  0.171169 -0.449564   1.34171
 0.769292  0.159323 -0.437906   1.41531
0.729826  0.17893 -0.44721  1.34238
  0.73043  0.177023 -0.447302   1.34322
 0.727691  0.179814 -0.443784   1.33547
 0.725021  0.182005 -0.443103   1.32935
 0.725071  0.178826 -0.444346   1.32946
 0.726782  0.180146 -0.444279   1.33324
 0.727585  0.173942 -0.446345   1.33543
 0.725095  0.175799 -0.445443   1.32947
 0.725196  0.172863 -0.446514   1.32965
 0.726761  0.174083 -0.446472   1.33312
 0.728898  0.178362 -0.444707   1.33815
0.726717 0.177094 -0.44542  1.33308
 0.728591   0.17536 -0.446149   1.33774
 0.727479  0.176724 -0.445033   1.33501
 0.736572  0.150312 -0.458544    1.3573
 0.739045  0.147486 -0.458096   1.36158
 0.725349  0.197198 -0.436661   1.32996
 0.725077  0.193062 -0.438581   1.32949
 0.728774  0.193777 -0.436889   1.33698
 0.727462  0.194789 -0.438362   1.33469
 0.724989  0.189178 -0.440234   1.32932
 0.724915  0.185419 -0.441781   1.32916
 0.728139  0.186359 -0.440601   1.33603
 0.726996  0.187009 -0.441655   1.33375
 0.731424  0.192082 -0.440636   1.34495
 0.731899  0.189718 -0.440858   1.34545
 0.727161  0.190808 -0.440082   1.33409
 0.729533  0.188117 -0.440244   1.33915
 0.730233  0.191845 -0.438234   1.34028
  0.72823  0.189841 -0.438806   1.33596
 0.735148  0.169466 -0.457251   1.35792
 0.797567  0.226076 -0.415332   1.47527
 0.786653  0.226563 -0.409451   1.44979
 0.789492  0.230171 -0.408428   1.45616
 0.736508   0.17945 -0.453187   1.36068
 0.738645  0.201362 -0.439757   1.36269
  0.73715  0.197023 -0.440928   1.35916
 0.735561  0.208874 -0.430743   1.35218
 0.735926  0.205845 -0.431166   1.35234
 0.732087  0.211467 -0.426221   1.34228
0.727563 0.216378 -0.42638   1.3337
 0.726894  0.211318 -0.429291    1.3326
 0.730138  0.213357 -0.428771   1.33953
  0.73045   0.20211 -0.431921   1.33965
 0.726242   0.20637 -0.431933   1.33144
 0.725862  0.201632 -0.434407   1.33084
0.728751 0.203535 -0.43399  1.33703
0.733863 0.208948 -0.42817  1.34637
0.729345 0.208429 -0.43151  1.33813
 0.732534  0.204257 -0.431229   1.34416
0.730991 0.206534 -0.42918  1.34033
 0.747784  0.206961 -0.437139   1.38185
0.740891 0.229909 -0.41562  1.36078
0.741637  0.22585 -0.41649   1.3616
0.736489 0.233167 -0.41117  1.34905
 0.730421   0.23984 -0.411858   1.33833
 0.729726   0.23348 -0.415893    1.3372
 0.733911  0.236113 -0.415119    1.3462
 0.734548  0.221709 -0.419033    1.3461
 0.729091  0.227489 -0.419586   1.33617
 0.728373   0.22178 -0.423103   1.33502
 0.732149  0.224071 -0.422406   1.34307
 0.738798  0.230109 -0.413979   1.35447
 0.733024  0.229931 -0.418882   1.34461
  0.73717  0.224386 -0.417983   1.35175
 0.735257  0.227097 -0.415426     1.347
 0.816256  0.262769 -0.352753   1.49829
0.773525 0.244465 -0.39328  1.42106
0.843938 0.244679 -0.33922  1.54712
0.799393  0.24461 -0.38379   1.4702
 0.886581  0.236343 -0.269697    1.6168
 0.805703  0.274361 -0.349338   1.47997
 0.799691  0.356545 -0.240192   1.45609
 0.799679  0.345306 -0.249062   1.45415
 0.789866  0.371319 -0.228034   1.43663
 0.777393  0.392555 -0.218099    1.4175
 0.772417  0.382568 -0.240171   1.40869
 0.782506  0.387858 -0.234416   1.43121
 0.780971   0.35162 -0.267735   1.42156
0.768342 0.371621 -0.26132  1.40183
  0.76407  0.360485 -0.280789    1.3946
 0.773914  0.365765 -0.275696   1.41621
 0.793985  0.366202 -0.242818   1.44793
 0.778456  0.376883 -0.255838   1.42417
 0.787833  0.357305 -0.261724   1.43689
 0.785008  0.361743 -0.249832   1.42859
 0.905261   0.22472 -0.231469   1.64577
 0.796488  0.425355 -0.106023   1.45091
 0.789305  0.420391 -0.136264   1.43778
 0.809893  0.402964 -0.125531   1.47109
 0.800988  0.425055 -0.128018   1.46431
 0.784838  0.412238 -0.165572   1.42992
 0.781079   0.40227 -0.191908   1.42307
0.801292 0.387398 -0.17803  1.45547
0.792039 0.408054 -0.18484  1.44804
  0.82159  0.383458 -0.141739   1.49128
 0.822128  0.370991 -0.156101   1.48987
 0.796416  0.417455 -0.157792   1.45617
 0.808313  0.393822 -0.169384   1.47204
  0.81443  0.400874 -0.145366   1.48388
 0.804802  0.396867 -0.154711   1.46244
0.935896  0.19111 -0.15295  1.69263
 0.822007  0.416916 0.0210239   1.49401
   0.815544    0.422613 -0.00891268     1.48278
   0.835052    0.401054 -0.00452097     1.51429
    0.826522     0.423815 -0.000318134      1.50778
  0.809706   0.425676 -0.0402698    1.47292
   0.80343    0.42618 -0.0723642    1.46218
  0.825641   0.404059 -0.0628205    1.49808
  0.815468   0.428458 -0.0635341    1.48918
  0.848251   0.382167 -0.0225215    1.53588
  0.850253   0.373399 -0.0431855    1.53801
  0.821281   0.427335 -0.0316064    1.49905
  0.833557   0.407145 -0.0519952    1.51645
   0.83893   0.406072 -0.0238575    1.52622
  0.830215   0.404776 -0.0342939    1.50642
   0.95381   0.136926 -0.0252834    1.71215
0.845306 0.376948 0.117489  1.53429
 0.839708  0.388356 0.0983509   1.52449
 0.852343  0.372737 0.0971591   1.54472
0.846694 0.387087 0.103929  1.54044
 0.834038  0.399299 0.0758203   1.51475
 0.828068  0.408083 0.0505091   1.50399
 0.844687  0.388278 0.0534214    1.5309
 0.837205  0.408395 0.0586461   1.52521
 0.860338   0.36779 0.0798454    1.5584
 0.861053  0.367318 0.0616401   1.55871
 0.842211  0.398395 0.0824898   1.53342
 0.850235  0.388765 0.0635627   1.54432
  0.85457  0.381131 0.0837567   1.55234
 0.848275  0.382365 0.0758091   1.53785
0.950719 0.137441 0.082097  1.70621
0.953359 0.131358 0.105623   1.7138
0.871897 0.332016  0.14765  1.57831
0.872641 0.333417 0.134197  1.57861
0.865017 0.332954 0.161211  1.56641
 0.85883 0.333677 0.176598  1.55701
0.856126 0.343472 0.164142  1.55222
0.860456 0.342165 0.167746  1.56236
0.860483 0.350735  0.13266  1.55845
0.853333 0.353844 0.150209  1.54755
0.849772 0.364516 0.134928  1.54146
0.855177 0.362997 0.139142  1.55387
0.866917 0.340652 0.151885  1.57225
0.858179 0.352338 0.153954  1.55873
 0.86407 0.349589 0.138742  1.56709
0.862655 0.342658  0.14723  1.56249
 0.93657 0.130073 0.217768  1.68658
0.890566 0.330757 0.121968  1.61657
0.877628 0.298809 0.194553  1.58815
0.878171 0.301458 0.184653   1.5883
0.872046  0.29724 0.205399  1.57883
0.866983 0.294999 0.217405  1.57111
0.865082 0.304284  0.20883  1.56775
0.868266  0.30289 0.211282  1.57524
0.869212 0.313676 0.185331  1.57359
0.863127 0.313987 0.199142   1.5644
0.860983 0.323272 0.188463  1.56048
0.864738 0.321981  0.19172   1.5694
0.873502 0.304502 0.198963  1.58328
0.866643 0.312517 0.201803  1.57263
0.871611 0.312299 0.190065  1.57956
0.870429 0.306445 0.195575  1.57616
0.936233 0.141188 0.222522  1.68586
0.937683 0.129336  0.20045  1.68797
 0.92688 0.131473 0.249326   1.6709
0.892344 0.298795 0.178123  1.61708
0.890611 0.205673 0.273446  1.61165
0.890586 0.209437 0.268276  1.61097
0.886466  0.20101 0.279491  1.60532
 0.88195 0.194475 0.284373   1.5981
0.880345 0.203042 0.281271  1.59514
0.882682 0.201492 0.282245  1.60059
0.883854 0.216589 0.271092  1.60042
0.879029 0.211562 0.277528  1.59278
0.877744 0.219759 0.273298  1.59037
 0.88006 0.218281 0.274667  1.59586
0.887233 0.207413 0.276905  1.60782
0.881365 0.210035 0.278621  1.59824
0.885478 0.214692 0.273538  1.60432
0.884815 0.209537 0.275553  1.60244
0.919596 0.114023 0.272455  1.66247
0.923039 0.122345 0.260311  1.66686
0.918116 0.120758 0.272989  1.65883
0.914095  0.11055 0.282031  1.65327
 0.90837  0.11313 0.294643  1.64574
0.910182 0.118903 0.285923  1.64602
0.910623 0.111994 0.284435  1.64599
0.902366 0.116795 0.297112  1.63571
0.896354 0.119378 0.290281  1.62309
0.901108 0.127956 0.294226  1.63309
0.899817 0.121209 0.294024  1.62941
0.905103 0.133957 0.291516  1.63947
0.909147 0.130376 0.284977  1.64419
0.907812 0.131811 0.284611  1.64119
0.905602 0.116735 0.293168  1.63924
0.904138 0.127511  0.29157  1.63638
0.908526 0.122654 0.283706  1.64189
0.906227 0.124143 0.293493  1.64141
0.924374 0.146381 0.258556   1.6671
0.915163 0.114808 0.280745  1.65474
0.912501 0.118199 0.280618  1.64876
0.914039 0.124857 0.273538  1.64986
0.911974 0.129332 0.282013  1.64935
0.924339 0.125918 0.257657  1.66656
 0.794146  0.204946 -0.438814     1.474
  0.79483  0.198853 -0.443638   1.47532
 0.801649  0.201359 -0.436808    1.4868
 0.796412  0.201677 -0.439234   1.47697
 0.793993  0.195564 -0.447321   1.47413
 0.790629  0.188693 -0.442503   1.46416
 0.797709  0.187611 -0.439125   1.47692
  0.79362  0.189502 -0.441141   1.46965
 0.811153  0.196198 -0.433574   1.50352
 0.807464  0.185888 -0.434286   1.49454
 0.827561  0.185452 -0.422893   1.53188
  0.81265  0.187894 -0.430328   1.50349
 0.795975  0.196394 -0.444725   1.47703
0.801232 0.188465 -0.43745  1.48329
 0.803415  0.197398 -0.437265   1.48904
 0.800888   0.19478 -0.442426   1.48587
 0.739618   0.19144 -0.446838   1.36637
 0.956792 0.0986378 0.0926927   1.71814
0.954663 0.144551 0.076699  1.71683
0.955316 0.124827 0.065279  1.71579
 0.961574 0.0711699 0.0680077   1.72683
 0.959403  0.105016 0.0560223   1.72432
 0.963482 0.0444824  0.034213   1.73135
 0.962054 0.0949906 0.0395658   1.72975
 0.957154  0.120543 0.0603056   1.71967
 0.959122  0.109498 0.0833291    1.7245
0.936209  0.13863 0.211011  1.68553
 0.759642    0.1538 -0.454918   1.40311
 0.759315  0.153265 -0.455283   1.40257
 0.760083  0.154069 -0.455384   1.40415
0.759097 0.153516 -0.45576  1.40239
 0.759033  0.153772 -0.455926   1.40238
 0.759166  0.153351 -0.455577   1.40242
 0.759116  0.153357 -0.455614   1.40233
 0.761016  0.152645 -0.451808   1.40391
 0.761713  0.151773 -0.449759   1.40415
 0.743407  0.138364 -0.455733   1.36733
 0.746829  0.135561 -0.454831   1.37342
 0.761749  0.157953 -0.453437   1.40698
 0.763037  0.152175 -0.450821   1.40729
 0.765724  0.151926 -0.456813   1.41537
 0.760876  0.151429 -0.451727   1.40335
 0.758168  0.127374 -0.446171   1.39063
 0.762872  0.127076 -0.444544   1.39962
 0.760754  0.152438 -0.453852   1.40434
0.761427 0.150214 -0.44997  1.40337
  0.76763   0.14909 -0.456406   1.41857
 0.748624  0.135429 -0.454055   1.37666
 0.768335  0.145473 -0.450145   1.41632
 0.759079   0.15467 -0.455558   1.40248
 0.759118  0.154904 -0.455738   1.40267
 0.759796  0.155209 -0.454697   1.40337
  0.75897  0.154807 -0.455938   1.40243
 0.762635   0.15793 -0.453362   1.40865
  0.76087  0.158292 -0.453743   1.40538
 0.758892  0.154221 -0.456018    1.4022
 0.760534  0.152694 -0.453953   1.40396
 0.758946  0.153876 -0.455915    1.4022
  0.7603 0.153623 -0.45542   1.4044
 0.759991  0.153804 -0.455436   1.40393
 0.764066   0.14944 -0.460571   1.41335
 0.759626  0.153572 -0.454946   1.40304
 0.758732  0.153754 -0.455061    1.4013
 0.759484  0.153447 -0.454923   1.40275
 0.759238   0.15322 -0.455172   1.40233
 0.758975  0.153573 -0.455417   1.40196
 0.759233  0.153296 -0.455389   1.40246
 0.759396  0.153465 -0.455154   1.40272
 0.759142  0.153246 -0.455222   1.40215
0.774013 0.159717 -0.42484  1.41878
 0.733733  0.157765 -0.458623   1.35312
 0.735772  0.154906 -0.458316   1.35654
 0.740727  0.142633 -0.457198   1.36346
 0.742528  0.150218 -0.464103    1.3723
0.761104 0.151067 -0.45163  1.40376
 0.735512  0.160792 -0.459239   1.35787
 0.764281  0.159416 -0.454358   1.41256
 0.758838  0.154251 -0.455726   1.40191
 0.762948  0.159559 -0.454914   1.41022
0.758866 0.154673 -0.45591  1.40212
 0.758944  0.154939 -0.455906    1.4023
0.757307 0.161727 -0.44879  1.39649
 0.760665  0.155871 -0.451313   1.40355
0.760013 0.154955 -0.45168  1.40229
 0.759335  0.155196 -0.452596   1.40144
 0.758756  0.154387 -0.455692   1.40173
 0.760051  0.155079 -0.452901   1.40297
 0.759252  0.155136 -0.455738   1.40289
0.759562 0.155128 -0.45554  1.40337
 0.760046  0.156273 -0.451524   1.40246
 0.759382  0.155059 -0.455673    1.4031
 0.759366  0.155301 -0.455146   1.40276
 0.948704  0.161228 0.0828102   1.70447
 0.950235  0.158435 0.0861483     1.708
 0.882593  0.355813 0.0599748   1.60279
0.904975 0.265465 0.192698  1.63598
 0.950276  0.158629 0.0731054   1.70697
 0.953728  0.150217 0.0257843   1.71278
   0.953186     0.14562 0.000867181     1.71073
  0.954876   0.142197 0.00098403    1.71492
  0.954779   0.143794 -0.0156072    1.71536
  0.952266   0.148285 -0.0550808    1.71145
 0.947548  0.169057 0.0347869   1.69898
  0.95001  0.168077 0.0317845   1.70515
  0.953601   0.132231 -0.0569471    1.71297
 0.850829  0.347853 -0.178553    1.5514
   0.950889     0.15956 -0.00998008      1.7064
  0.949279   0.164216 0.00845544    1.70256
  0.93872  0.149149 -0.146618   1.69043
0.944396 0.163391 -0.12991  1.70402
 0.928542  0.174291 -0.186558   1.67849
 0.828696  0.324021 -0.262908   1.51733
   0.85424   0.362241 -0.0847821    1.54668
 0.846269  0.345728 -0.115098   1.52627
 0.913854  0.192721 -0.225577   1.65692
 0.896297  0.209938 -0.263074   1.63056
0.798725 0.302357 -0.32657   1.4668
 0.910588  0.249799 -0.177364   1.65056
 0.877558  0.226739 -0.293777   1.60153
 0.779459  0.276629 -0.370258    1.4353
  0.89045  0.266906 -0.221806   1.61938
 0.826938  0.238348 -0.368589   1.51983
0.838529 0.243316 -0.35692  1.54207
 0.840522  0.275012 -0.312406   1.53929
 0.809279  0.234501 -0.392218   1.49089
 0.819196  0.240582 -0.383735   1.51042
 0.801216  0.230028 -0.414563   1.48358
  0.79772  0.238543 -0.400563   1.47233
 0.805961  0.233048 -0.409812    1.4923
0.941634 0.136811 0.186368  1.70822
 0.936065 0.0881355   0.15966   1.68957
0.939653 0.135378 0.191264   1.6979
0.895636 0.159958 0.278128  1.60515
0.895583 0.176418 0.276512  1.60151
0.906567  0.11546 0.273246  1.62885
0.905103 0.145919 0.285511  1.62402
0.939499 0.154881 0.223543  1.69396
0.900338 0.167766 0.283155  1.61077
0.938685 0.155087 0.226617  1.69123
0.937584    0.153 0.227266  1.68884
0.936647 0.148405 0.225621  1.68681
0.896192  0.24236 0.242649  1.62295
 0.93915 0.154376 0.225669  1.69198
0.936095 0.134928 0.211652   1.6845
0.932208 0.153568 0.236897    1.679
 0.949545 0.0741344  0.179466   1.70973
 0.947412 0.0761312  0.191483    1.7064
0.941916 0.094316  0.19796  1.69505
 0.946426 0.0989856  0.182398   1.70405
 0.945725 0.0868686    0.1823   1.70117
  0.9384  0.15411 0.225502  1.69017
0.937048 0.151662 0.222274  1.68723
0.937496 0.121416 0.200989  1.68629
0.904889 0.290538   0.1213  1.63253
0.938913 0.112778  0.21049  1.69093
0.941425 0.184428 0.214054  1.69704
 0.93701 0.180577  0.21596  1.68958
0.933138 0.157787 0.203247  1.68751
0.932517 0.186375 0.229582  1.67818
0.933242 0.157158  0.23362  1.68131
0.930423 0.158284  0.23171  1.67679
0.913559 0.188629 0.262629  1.63754
0.939999 0.153169 0.223833  1.69498
0.903886 0.181348 0.276795  1.61732
0.940885 0.147707 0.218233   1.6979
0.939377 0.126962 0.192106  1.69414
 0.93411 0.141263  0.20082  1.68115
  0.9399 0.117991 0.185015  1.70163
0.924845 0.155272 0.227303   1.6673
0.941999 0.111367 0.188531  1.70821
 0.92922 0.124632 0.252088   1.6689
0.906769 0.164587 0.272693  1.62294
 0.922071 0.0357394   0.19731   1.65943
0.939248 0.108328 0.149628  1.70706
0.925118 0.142636 0.263996  1.66183
0.904692 0.185307 0.269408  1.63515
0.907956 0.149504 0.280693  1.64117
0.906103 0.162225 0.275888  1.63763
0.900034 0.213727  0.26083  1.62901
0.929058 0.142696 0.248206  1.67449
0.939492 0.154282 0.225858  1.69306
0.901464 0.229552 0.232008   1.6262
0.931903 0.155548 0.237996  1.67902
 0.92331 0.188224 0.237258  1.66066
0.930079 0.184247 0.223338   1.6764
0.926865 0.153949 0.251156  1.67051
0.931496 0.153852 0.220576  1.68032
0.929681 0.149879 0.207161  1.67942
0.927845 0.157015 0.213311   1.6766
0.918435  0.18006  0.24292  1.65049
0.931169 0.151846 0.202517  1.68259
0.934236 0.169264 0.204255  1.68515
0.936683  0.16513 0.201419  1.69131
0.929441 0.155364 0.220862  1.67667
 0.93679 0.168169 0.202846  1.69141
0.933476  0.16526 0.209937  1.68347
 0.755357  0.130833 -0.448997   1.38692
 0.763913  0.150688 -0.457507   1.41171
 0.762566  0.150437 -0.452224   1.40664
 0.764924  0.139395 -0.452761   1.40973
 0.743794  0.141075 -0.457027   1.36944
 0.76617 0.162523 -0.43915  1.41007
 0.760122  0.151858 -0.454125   1.40304
 0.740687  0.146595 -0.458649   1.36506
  0.76915   0.16417 -0.426871   1.41043
 0.760508   0.16278 -0.444702   1.40119
 0.771259  0.185031 -0.444962   1.42563
 0.745873  0.143629 -0.462085   1.37679
 0.732339  0.166278 -0.457164    1.3513
 0.733727  0.163242 -0.457137   1.35347
 0.745228  0.185653 -0.453995   1.37961
 0.740697  0.167887 -0.463065    1.3716
 0.732556  0.176051 -0.453683   1.35195
  0.73328  0.172761 -0.453972   1.35285
 0.742004  0.176183 -0.459806   1.37418
 0.734285  0.187543 -0.447942   1.35492
0.734394 0.183753 -0.44856  1.35459
 0.762651  0.221818 -0.416162   1.40356
 0.755937  0.195074 -0.451568   1.40154
  0.78617  0.206316 -0.440786   1.45933
 0.777422  0.199582 -0.450237   1.44446
 0.779849  0.205621 -0.440253   1.44582
 0.745508  0.221029 -0.427804   1.37551
 0.744592  0.215292 -0.429211    1.3728
0.757306 0.207042 -0.43433  1.39805
 0.753316  0.244633 -0.406764    1.3874
  0.75279   0.23611 -0.410101   1.38552
 0.766414  0.250618 -0.401256   1.41419
 0.763973  0.271233 -0.377847   1.40378
 0.762227  0.260933 -0.383246   1.39939
 0.789606  0.253323 -0.385069   1.45438
 0.779949  0.299454 -0.337248   1.42907
 0.775202   0.28782 -0.345733   1.41847
 0.803311  0.326625 -0.279065   1.46688
 0.794612  0.314487 -0.291513   1.44767
 0.866776  0.278928 -0.266244   1.58314
 0.856135  0.265556 -0.304488   1.56867
 0.829882  0.351932 -0.191828   1.50824
 0.824914  0.335784 -0.210143   1.49554
  0.937567   0.204698 -0.0975737     1.6898
 0.897374  0.291281 -0.136954   1.62283
 0.949318  0.155655 -0.056225   1.70472
 0.919346  0.211574 -0.172474   1.66037
 0.871623  0.353894 0.0418967   1.57572
   0.873696    0.355799 -0.00690327     1.58247
0.879152  0.33571 0.113217  1.59076
 0.878944  0.337866 0.0835677   1.58864
0.947355 0.163862 0.100012  1.70179
 0.942637  0.199067 0.0494347   1.69154
  0.94829   0.17236 0.0574496   1.70219
0.885927 0.301253 0.169324  1.60139
0.887455 0.305166 0.146508  1.60283
0.900063 0.272501 0.162448  1.62127
 0.88842 0.272902 0.210112  1.60624
0.889635 0.280498 0.190434  1.60745
0.890825 0.246124 0.239031  1.61079
0.891122 0.252881 0.225578  1.61011
0.936219 0.145833 0.218256  1.68565
0.894631 0.217825 0.259705  1.61742
0.894168 0.224576 0.249659  1.61532
0.900627 0.188307 0.273456  1.62814
 0.89852 0.195234 0.266232  1.62263
0.913568 0.146935 0.276778  1.65263
0.936013 0.147377 0.217046  1.68495
 0.778382  0.233233 -0.408764    1.4364
 0.790503  0.211227 -0.432276   1.46494
 0.79513 0.216096  -0.4274  1.47353
 0.796091  0.220643 -0.421489   1.47379
  0.79855  0.224136 -0.418108   1.47828
 0.788691  0.222139 -0.418403   1.45768
 0.794228  0.218771 -0.422185   1.46962
 0.768619  0.213517 -0.428054   1.42006
 0.787124  0.191264 -0.448645   1.46007
 0.778083  0.188496 -0.442108   1.43933
 0.785392  0.192772 -0.450835   1.45806
 0.952825 0.0848429  0.121534   1.71008
 0.952595 0.0724574  0.146466   1.71158
 0.950042 0.0551633  0.143458   1.70392
 0.947943 0.0866584  0.154175   1.70203
 0.951092 0.0894347  0.142273   1.70841
0.934943  0.14995 0.217899  1.68308
0.943381 0.115188 0.158528  1.69407
 0.949768  0.147475 0.0925594   1.70537
 0.759787  0.153527 -0.454987   1.40334
 0.759396  0.153206 -0.455021   1.40256
 0.759316   0.15316 -0.455109   1.40243
 0.760146  0.153704 -0.455651   1.40431
 0.760482  0.153458 -0.455564   1.40481
 0.758884  0.153891 -0.455561   1.40188
 0.762851  0.161206 -0.453266    1.4095
 0.759684  0.153252 -0.455154   1.40315
 0.750217  0.138898 -0.459458   1.38339
 0.759926  0.153515 -0.455751   1.40385
 0.761644  0.149681 -0.450293   1.40393
 0.756162  0.135797 -0.456463    1.3935
 0.758346  0.154505 -0.454544   1.40036
  0.76275  0.149613 -0.454057   1.40778
0.764487 0.146751 -0.45766   1.4122
  0.75796    0.1482 -0.453144    1.3975
 0.760028  0.136231 -0.456124   1.40113
 0.770975  0.138016 -0.442707   1.41703
  0.76422   0.13709 -0.454581   1.40923
 0.76042 0.148954 -0.45078  1.40147
 0.759169  0.155041 -0.455837   1.40276
 0.759059  0.155068 -0.455802    1.4025
 0.759256  0.155147 -0.454261   1.40208
0.758869 0.154838 -0.45582  1.40209
 0.761842  0.160214 -0.455304   1.40826
 0.758566   0.15432 -0.454902   1.40095
  0.75879  0.154028 -0.455536   1.40169
 0.760087  0.153127 -0.455738     1.404
  0.76104  0.160009 -0.455813   1.40695
 0.758859  0.153694 -0.455415   1.40173
  0.75959    0.1528 -0.456234   1.40315
 0.758983  0.153423 -0.455315    1.4019
 0.759138  0.153271 -0.455185    1.4021
 0.759099   0.15334 -0.455291   1.40212
 0.759514  0.153302 -0.455002   1.40282
 0.758718  0.153689 -0.455129   1.40129
 0.759638  0.153312 -0.455052   1.40301
 0.759349  0.153168 -0.455127   1.40247
 0.765489  0.163068 -0.433477   1.40603
  0.74122  0.160401 -0.464513   1.37194
 0.748081  0.151964 -0.471197   1.38715
 0.763608  0.161913 -0.443504   1.40687
0.762447 0.161435 -0.45065  1.40767
 0.760232  0.150354 -0.451994   1.40198
 0.761668  0.160962 -0.454827   1.40787
 0.758613  0.154399 -0.454973   1.40107
  0.75878  0.154841 -0.455122   1.40153
  0.76034  0.162077 -0.451437   1.40383
 0.760336  0.158078 -0.453936   1.40445
 0.759675  0.156059 -0.452107     1.402
 0.758932  0.155055 -0.454913   1.40176
 0.760176  0.161298 -0.455365   1.40512
 0.759605  0.155391 -0.451816   1.40161
 0.759442  0.155316 -0.453656   1.40217
 0.759252  0.155197 -0.455412   1.40267
 0.758913  0.155866 -0.452883   1.40084
 0.759061   0.15519 -0.455481   1.40232
0.758974 0.155273 -0.45436  1.40158
 0.947439  0.172888 0.0797554   1.70149
 0.900722  0.313086 0.0803887   1.62751
 0.898267  0.322236 0.0272818   1.62262
0.896563 0.294029 0.110512  1.61341
  0.951441   0.164377 0.00354493    1.70848
 0.891232  0.310268 0.0494135   1.60256
  0.951756   0.166573 -0.0263841    1.71063
  0.947146   0.188817 -0.0146465    1.70177
  0.947019   0.190497 -0.0506857    1.70509
 0.943953  0.196917 0.0139464   1.69427
  0.943831   0.177433 -0.0966544    1.69984
 0.933495  0.189405 -0.132348   1.68196
 0.881571  0.334166 -0.140138    1.6056
0.928006 0.244795 -0.08867  1.67411
 0.868671  0.316397 -0.205499   1.58293
  0.937538   0.218657 -0.0509373    1.68686
 0.901456  0.231767 -0.214807   1.63344
0.879897 0.249685 -0.25887  1.60116
 0.834587   0.30753 -0.260912   1.51983
 0.884978  0.273172 -0.200534   1.60226
 0.805142  0.287497 -0.318134   1.46927
   0.8519  0.297134 -0.251018   1.55189
 0.822388  0.242975 -0.371098   1.51229
 0.804073  0.240575 -0.394094   1.48344
 0.827782   0.29188 -0.304709   1.51615
 0.83452 0.263627 -0.34311  1.53531
0.940642 0.124047 0.195587  1.69705
 0.938372 0.0993939  0.210802   1.68873
0.938583 0.136496 0.239611  1.68956
0.941782 0.144855 0.222378  1.70036
0.940412 0.152183 0.225188  1.69647
0.908098  0.17872 0.265239  1.62653
0.928709 0.156053 0.243723  1.67297
0.940887 0.142904 0.230964  1.69708
0.908892  0.16866 0.270402   1.6292
0.938068 0.153698 0.225682  1.68947
0.907406 0.223475 0.242946   1.6411
0.938279 0.153299 0.226503   1.6902
0.935532 0.140935 0.209162  1.68366
0.918773 0.170483 0.240395  1.65174
0.905103 0.245953 0.220839   1.6366
0.937475 0.153948 0.225972  1.68804
0.936304 0.132377 0.198556  1.68447
0.938887 0.121523 0.184142  1.68803
0.941429 0.121425 0.179128  1.69334
0.935303 0.149469  0.21714  1.68388
0.935005 0.179749 0.213218  1.68758
0.930832 0.174968 0.217223  1.67906
0.932158 0.163268 0.214498  1.68077
0.925456 0.178789 0.227595  1.66655
0.930034 0.158695 0.238572  1.67548
0.916691 0.171738 0.243927   1.6477
0.911799   0.1767 0.258273  1.63581
0.938988 0.151302  0.22628  1.69284
0.940589 0.146319 0.224721  1.69616
0.936135 0.152594 0.223432  1.68536
0.935717  0.15216 0.229338  1.68502
0.912886 0.156214 0.274971   1.6371
0.937991 0.152604 0.228208  1.69013
0.914035 0.142265  0.26987  1.63732
0.942872  0.11554 0.200645  1.69979
0.915249 0.159548 0.259052  1.64393
0.939073 0.120721 0.198012  1.69036
0.935787 0.138844 0.241228  1.68427
0.916719 0.144364 0.263263  1.65276
0.908004  0.16848 0.276209  1.64153
0.921935 0.141979 0.260522  1.66401
0.915912 0.158511 0.266462  1.65291
0.926347 0.148895 0.248711  1.66907
0.936291 0.152397 0.222542   1.6857
0.928584 0.157381 0.243225  1.67298
0.919558 0.178599 0.239195  1.65401
0.929066 0.157346 0.235065  1.67411
0.925802 0.177719 0.228457  1.66781
0.928092 0.154372 0.224199  1.67367
0.926479 0.151494 0.212639  1.67289
0.929907 0.170474 0.218652  1.67537
0.926687 0.162167 0.243563  1.66955
0.927863  0.15341 0.208327  1.67578
0.929746 0.159267 0.209065  1.67999
0.933163 0.166922 0.210745  1.68248
 0.92471 0.158574 0.218714   1.6693
0.931013 0.172738 0.212879  1.67795
0.927483 0.168456 0.220804  1.66837
 0.754101  0.138625 -0.457678    1.3904
 0.760512  0.148477 -0.457278   1.40454
 0.760244  0.144155 -0.461265     1.405
 0.749499  0.142827 -0.461049   1.38354
 0.759627  0.161393 -0.453579   1.40336
 0.746124  0.148551 -0.463961    1.3793
 0.760123  0.150022 -0.452132   1.40182
 0.743154  0.153874 -0.464657   1.37466
 0.739589  0.156043 -0.464136   1.36746
 0.761467   0.18636 -0.463257   1.41598
 0.737794  0.163209 -0.463191   1.36471
  0.74945  0.186774 -0.460757   1.39124
  0.74673  0.161283 -0.472864   1.38716
  0.73764  0.171407 -0.460649   1.36464
 0.747865  0.174911 -0.470205   1.39071
 0.739198  0.180648 -0.455637   1.36697
 0.751111   0.18249 -0.465942    1.3965
 0.742562  0.191357 -0.447795   1.37184
0.750417  0.19718 -0.44544  1.38818
 0.750892  0.204329 -0.437044   1.38604
 0.786049  0.265506 -0.360499   1.43896
 0.815085  0.255242 -0.372817   1.50274
 0.863489  0.317063 -0.168263   1.56267
 0.908546  0.253152 -0.160418   1.64254
  0.884797   0.331476 -0.0863028    1.60277
 0.922938   0.23199 -0.122571    1.6634
   0.89791   0.312998 -0.0844479    1.62527
  0.890296   0.319345 -0.0197643    1.60437
 0.914393  0.294685 0.0513717   1.65001
  0.94539  0.199268 0.0444817   1.69858
0.942216 0.138318 0.150098  1.69163
 0.925898  0.267792 0.0439433   1.66822
0.936919 0.174974  0.16052  1.68387
0.907016 0.275558 0.154181  1.63672
0.917332 0.239874 0.193559   1.6556
0.916047 0.247492 0.170462  1.65037
0.921909 0.263128 0.107502  1.66047
0.899775 0.251453  0.20407  1.62206
0.934769  0.14517  0.20912  1.68286
0.941342 0.189342 0.131614  1.69306
0.912293 0.165661 0.263243  1.64466
0.917116 0.185914 0.252791  1.65434
0.905149 0.205507 0.252281  1.63372
0.909343 0.184018 0.263846  1.64192
 0.787703  0.211773 -0.433649   1.46019
 0.775276  0.208478 -0.428788   1.43098
 0.780061   0.21703 -0.426047   1.44197
 0.765681  0.197491 -0.447992   1.42045
  0.76879  0.194051 -0.457588   1.42942
 0.771304  0.180563 -0.448118   1.42747
0.948246 0.116502 0.125328  1.70195
0.947416 0.111887  0.15723  1.70341
0.935349 0.140983 0.198599  1.68373
0.949573 0.119182 0.120393  1.70427
0.932621  0.14795 0.201251  1.67902
 0.945279  0.165105 0.0902923   1.69554
0.928298  0.24838 0.103294  1.67113
 0.759971   0.15341 -0.456111   1.40408
 0.758931  0.153413 -0.455217   1.40171
 0.760129  0.152953 -0.456007   1.40419
 0.758631  0.154088 -0.454988    1.4011
  0.76013  0.151599 -0.454101   1.40305
 0.754948  0.151903 -0.469791   1.39989
 0.754883  0.146478 -0.467379   1.39798
 0.759453  0.158021 -0.454245   1.40277
 0.759066  0.151091 -0.454357   1.40093
0.760131 0.148472 -0.45157  1.40123
 0.761088  0.149229 -0.454686   1.40456
 0.761536  0.149089 -0.461482    1.4085
 0.760552  0.148072 -0.465104   1.40818
 0.764445  0.145059 -0.459741   1.41311
  0.75984  0.142462 -0.463513   1.40544
 0.759091  0.149758 -0.452543   1.39983
 0.758584  0.154552 -0.454909   1.40099
 0.759232  0.157684 -0.454419   1.40245
 0.759901  0.160027 -0.456215    1.4048
 0.758428  0.160585 -0.456944   1.40227
 0.758581  0.154001 -0.455005     1.401
  0.75963  0.153366 -0.456258   1.40343
 0.759426  0.153145 -0.455534   1.40275
0.759658 0.160813 -0.45651  1.40463
 0.756909  0.159361 -0.457276   1.39931
  0.75891  0.153472 -0.455147   1.40167
 0.759182   0.15322 -0.455189   1.40216
 0.758332  0.154251 -0.455348   1.40066
 0.746241   0.16761 -0.472321   1.38712
 0.760694  0.163841 -0.435352   1.39707
 0.743872  0.163463 -0.472141    1.3813
  0.75955  0.161755 -0.447938   1.40071
 0.759339  0.151253 -0.454429    1.4015
 0.752258  0.152363 -0.470934   1.39506
 0.758367  0.154648 -0.454169    1.4002
0.756337 0.160647 -0.44424  1.39213
 0.757795  0.151014 -0.454483   1.39843
 0.759545  0.159633 -0.456546   1.40428
 0.75858 0.154812 -0.45405   1.4006
 0.758167  0.155181 -0.454362   1.39998
0.759062 0.156172 -0.45232  1.40087
 0.758762   0.15504 -0.454973   1.40144
 0.758515  0.157015 -0.454682   1.40106
 0.758932  0.155394 -0.452737   1.40072
0.942829 0.199439  0.10258  1.69531
 0.944097   0.20144 0.0722234   1.69671
   0.94073   0.225709 -0.0117449    1.69336
 0.911037  0.284501 0.0684491   1.63968
   0.945491     0.20436 -0.00834002     1.70077
  0.935385   0.225894 -0.0502567    1.68268
  0.944171   0.200486 -0.0504164    1.69929
  0.935228   0.207261 -0.0889746    1.68259
  0.927086   0.243864 -0.0753945    1.66967
  0.935228   0.228955 -0.0162643    1.68099
 0.910593  0.290864 -0.125116   1.65206
  0.925505   0.266417 -0.0475648    1.66919
 0.915974  0.268303 -0.123353   1.65769
 0.895732  0.293093 -0.166217   1.62567
0.938786 0.149785 0.229357  1.69288
 0.92237 0.151401  0.25658  1.65798
0.914252 0.174617 0.249597  1.64185
0.925473 0.142646 0.252011  1.66185
0.937319  0.15373 0.227185  1.68793
0.925103 0.161823 0.247342  1.66667
0.933646  0.15201 0.218381  1.68069
0.926006 0.155904 0.224582  1.66987
0.934053 0.145808 0.210022  1.68129
0.934115 0.153168 0.226185  1.68122
0.916199 0.223966 0.220016  1.65388
0.935559 0.153942  0.22804  1.68408
0.935486 0.137309 0.189341  1.68293
0.916764 0.176603 0.254427  1.65205
0.912889 0.227476 0.206441  1.64435
0.931965 0.149206 0.212699  1.67768
0.922016 0.172775 0.232749  1.65878
0.923309 0.152962 0.218067  1.66627
0.927119 0.159673 0.235379  1.67062
0.918021 0.165308 0.243679  1.64973
0.913635 0.167045 0.253671  1.64106
0.935568 0.149206 0.231327  1.68516
0.912382 0.166021 0.257258  1.63671
0.916236 0.153791 0.258868  1.64346
0.934857 0.146721 0.237065  1.68403
0.923077 0.156491 0.227612  1.66396
0.931832 0.145455 0.246162  1.67666
0.934641 0.153238 0.230535  1.68252
0.920735 0.158196 0.257262  1.66006
0.919855 0.173029 0.256723  1.65924
0.924444 0.162537 0.251148  1.66619
0.934712 0.153521  0.22407  1.68238
0.930278  0.15207 0.213301  1.67466
0.925872 0.159388 0.237911  1.66803
0.922945 0.171849 0.232298  1.66068
0.921896 0.169186 0.248174  1.66073
0.924692 0.165461 0.226411  1.66315
0.928903 0.150758 0.209894  1.67256
0.924636  0.15481 0.213791    1.669
0.926744 0.167868 0.224059   1.6683
0.922392 0.158084 0.219928  1.66392
0.926385 0.160452 0.215111  1.67223
 0.755632  0.142831 -0.464777   1.39746
 0.757407  0.148671 -0.460481   1.39979
 0.751286  0.146742 -0.468842   1.39145
 0.751143  0.150959 -0.470604   1.39292
 0.758804  0.148467 -0.452082   1.39873
 0.748554  0.155723 -0.472276   1.38946
 0.745449  0.157365 -0.472256   1.38339
 0.756264  0.172538 -0.454256   1.39829
 0.743761  0.170403 -0.470709   1.38163
 0.757737  0.149889 -0.453187   1.39742
 0.745799  0.178515 -0.467374   1.38551
 0.756535  0.162128 -0.441117   1.39113
 0.762442  0.177812 -0.451489   1.41009
 0.757319  0.169926 -0.454926   1.40072
 0.760616  0.189989 -0.460627   1.41311
  0.75461  0.170086 -0.457103    1.3962
  0.910731    0.29332 -0.0866802     1.6473
   0.90215   0.314621 -0.0327851     1.6303
  0.916878   0.288478 -0.0828189    1.65937
  0.90921  0.291088 0.0179744   1.63603
 0.926437   0.26476 0.0792768   1.67002
 0.929611  0.270965 0.0337772   1.67792
 0.918266  0.284843 0.0848982   1.65796
0.916971 0.273385 0.111044  1.65343
0.941093 0.140122 0.162749  1.69209
0.914596 0.256275 0.139769  1.64492
0.911636 0.244902 0.175925  1.64024
0.938388 0.135509  0.17475  1.68682
0.913385 0.210092 0.229463  1.64602
0.926598 0.244071 0.128732  1.66821
0.909321 0.200085 0.259676    1.644
0.913748 0.180679 0.262921  1.65068
0.932728 0.149425 0.210374  1.67917
 0.93402 0.148831  0.18604  1.68007
 0.761968  0.175454 -0.452051    1.4096
 0.754633  0.181612 -0.465956   1.40228
 0.769473  0.197685 -0.453277   1.42896
 0.756336  0.190718 -0.458472   1.40511
0.937445 0.138072 0.184297  1.68684
0.945417 0.149469 0.127939  1.69841
0.943971 0.150996 0.118315  1.69305
0.929043 0.152036 0.203999  1.67289
 0.940358  0.198153 0.0800156   1.68715
0.933538 0.237641 0.101729  1.68034
0.922827 0.232861 0.161897  1.66079
 0.93163  0.16518 0.188245  1.67526
 0.759488  0.153179 -0.455239   1.40276
 0.759303  0.153232 -0.455613   1.40254
 0.759556  0.153296 -0.456709   1.40348
 0.758593  0.153842 -0.455663   1.40124
 0.758912  0.153541 -0.455677   1.40187
0.759463 0.152663 -0.45656  1.40304
 0.757979  0.161303 -0.454179   1.40024
 0.758614  0.153861 -0.455426   1.40123
 0.758888  0.152728 -0.456788   1.40197
 0.758619  0.149555 -0.452856   1.39903
 0.758278  0.148883 -0.465924   1.40406
 0.748373  0.161555 -0.472061   1.38946
 0.752333  0.155453 -0.471791   1.39631
 0.75884 0.149132 -0.45793  1.40153
  0.75837   0.15487 -0.454363   1.40037
 0.758518  0.158744 -0.457036   1.40236
0.758265 0.154633 -0.45485  1.40035
 0.758585  0.159268 -0.456878    1.4024
0.758393   0.1542 -0.45501  1.40064
0.759174 0.153475 -0.45685  1.40278
  0.75893   0.15334 -0.455746   1.40185
 0.758062  0.154994 -0.455354   1.40021
 0.758977  0.153404 -0.456527   1.40228
 0.758519  0.152744 -0.456947   1.40132
 0.750857  0.159661 -0.472541   1.39451
 0.750132   0.16484 -0.472161   1.39381
 0.748148  0.167088 -0.471118   1.38951
 0.757123  0.160683 -0.451213   1.39719
 0.757856   0.16056 -0.455756    1.4007
 0.752645  0.157931 -0.448565   1.38623
 0.752739  0.155707 -0.462887   1.39294
 0.758347  0.160024 -0.457688   1.40246
 0.758187  0.155688 -0.454074   1.39994
 0.757012  0.151223 -0.454765   1.39698
 0.758476  0.157322 -0.454694   1.40095
 0.758393  0.155329 -0.453609   1.40009
 0.758495  0.155073 -0.453555    1.4002
 0.758825  0.155126 -0.453435   1.40083
 0.758029  0.156353 -0.455118   1.40017
 0.758397  0.155785 -0.453063   1.39985
 0.936372  0.235652 0.0746255   1.68502
 0.938872  0.241347 0.0643511   1.69224
 0.935786  0.236864 0.0240738   1.68284
 0.941364  0.225361 0.0232653   1.69411
   0.91123   0.290718 -0.0360632    1.64268
   0.924988     0.26507 0.000742996     1.66531
0.938305 0.143096 0.233174  1.68979
0.931008 0.147234 0.239038   1.6749
0.934168  0.15092 0.233027  1.68227
0.921681 0.155645 0.247974  1.65734
0.917942 0.160947 0.248222   1.6497
0.923551  0.15086 0.246036   1.6597
0.923204 0.162908 0.238497  1.66277
0.928379 0.151515 0.243105  1.67109
0.932327 0.154477 0.231619  1.67767
0.933066 0.151799 0.220483  1.67954
0.931579 0.147118 0.205066   1.6771
0.920641 0.158385 0.226717  1.65833
 0.93214 0.146626 0.196527  1.67779
0.932188 0.154454  0.22707   1.6772
0.926246 0.154969 0.210317  1.66816
0.931337 0.153805 0.221235  1.67618
0.928417 0.163567 0.221012  1.67291
0.930393 0.166901 0.216097  1.67696
0.920928 0.167052 0.235935   1.6555
0.920836 0.153216 0.221333   1.6606
0.922251 0.156703 0.228659  1.66195
0.927555 0.153738 0.216989  1.66958
  0.9165 0.165471 0.246397  1.64643
0.931775 0.152786 0.234283  1.67729
0.919927  0.16422 0.239808  1.65326
0.917985 0.158061 0.248688  1.64879
0.928778 0.151079 0.238261  1.67087
0.920482 0.161015 0.241461  1.65422
0.919038 0.189196 0.233678  1.65439
0.914509 0.191703 0.245524  1.64763
0.919518 0.179381 0.242775  1.65574
0.923598  0.16795 0.247115  1.66429
0.924229 0.162044 0.237951  1.66521
0.921902  0.16599  0.23452  1.65802
0.922578 0.161298 0.230254  1.65962
0.921564 0.167556 0.235607  1.65925
0.921447 0.154035 0.219145  1.66197
0.921203 0.159855 0.225838  1.65959
0.921244 0.156018 0.222896  1.66184
0.924571 0.164795 0.227609  1.66432
 0.755754    0.1485 -0.468502   1.40019
 0.755937  0.149189 -0.454434   1.39417
 0.758227  0.151092 -0.454685   1.39935
 0.757139  0.149868 -0.453407   1.39633
 0.749844  0.156569 -0.472111   1.39156
 0.754414  0.159264 -0.447906   1.38983
 0.754706  0.167784 -0.458628   1.39701
 0.756255  0.151406 -0.454056   1.39518
 0.751955   0.16572 -0.459679   1.39139
0.752511  0.15903 -0.46204  1.39273
 0.751085  0.170422 -0.470685     1.396
  0.74994  0.173337 -0.468626   1.39294
  0.915806    0.29489 0.00441831    1.65297
   0.93188   0.272393 -0.0196295    1.68476
 0.92218 0.253736 0.133247  1.66125
0.935956 0.226649 0.125333  1.68564
0.922177 0.224435 0.184877  1.66097
0.936625 0.154401 0.173746  1.68353
0.922233  0.16543 0.237949  1.66141
0.915428 0.207443 0.234699  1.65058
0.922546 0.203428 0.220636  1.66307
0.916391  0.19618 0.243839  1.65259
  0.9255 0.217664 0.180527  1.66583
 0.92149 0.207884 0.205339  1.65842
0.933626 0.148578 0.189971  1.68038
0.933777 0.213731 0.163042  1.68242
0.930107 0.156947 0.198263  1.67412
 0.93613 0.152178 0.175831  1.68382
 0.937908   0.23749 0.0959513   1.69071
 0.929758  0.258895 0.0783705   1.67561
0.939186 0.190363 0.115622  1.68575
0.932925 0.231365 0.124851   1.6796
 0.758989  0.153488 -0.457633   1.40274
 0.758083  0.154517 -0.456707   1.40072
 0.757924  0.155233 -0.456013   1.40024
  0.75858  0.154093 -0.456719   1.40169
 0.754419  0.152771 -0.462515   1.39557
 0.758457  0.153674 -0.456616   1.40128
 0.757145  0.149134 -0.453514   1.39618
 0.757805  0.155661 -0.457367   1.40065
0.754612  0.15082 -0.46215  1.39531
 0.757458  0.153128 -0.457324   1.39943
 0.758022  0.155616 -0.455062   1.40007
 0.757672  0.159014 -0.458371   1.40128
 0.758153   0.15401 -0.458033   1.40131
 0.757794  0.158351 -0.457256    1.4009
 0.752838  0.153611 -0.454814   1.38886
 0.758169  0.154585 -0.456224   1.40075
 0.758585  0.153857 -0.457783   1.40205
 0.757929  0.154774 -0.457903   1.40096
 0.752813  0.175918 -0.468036   1.39903
 0.755911  0.179563 -0.464557   1.40412
 0.750623  0.161358 -0.460988   1.38863
 0.754481  0.160712 -0.445097   1.38872
0.755559 0.160254 -0.45179  1.39415
  0.75579  0.159293 -0.453745   1.39547
  0.75666  0.160061 -0.456184   1.39834
 0.756688  0.157835 -0.458334   1.39911
 0.757429  0.159481 -0.458006   1.40061
 0.757919  0.156956 -0.455945   1.40042
 0.756133  0.158539 -0.457564   1.39769
 0.757977  0.157552 -0.457748   1.40142
  0.920024   0.287177 -0.0452455    1.66279
   0.92986   0.255768 -0.0486838    1.67712
0.930924 0.153506 0.234536  1.67511
0.922603 0.157898 0.242497  1.65851
0.923495 0.155254 0.241461  1.65986
0.931117 0.153799 0.229855  1.67509
0.920193 0.159868 0.242286  1.65327
0.930488 0.153171 0.224146   1.6745
0.920016   0.1555  0.22695  1.65719
 0.92941 0.151441  0.21628  1.67301
0.920476 0.197476 0.224816  1.65768
  0.9274 0.154309 0.228232  1.66839
0.929859 0.151944 0.205739  1.67423
0.924664  0.18443 0.216783  1.66493
0.920874 0.162497 0.237015   1.6554
0.919626 0.153355 0.221963  1.65768
0.927163 0.154728 0.234023    1.667
0.920519 0.156963 0.226107  1.65843
0.926789 0.154551 0.239952  1.66712
0.919885 0.154541 0.222924  1.65718
0.927964 0.155462 0.235929  1.66887
0.923445 0.156584 0.237078  1.65949
0.921316 0.175865 0.247144  1.66049
0.926171 0.153006 0.214727  1.66772
0.926576 0.152907 0.220201  1.66769
0.921369  0.17504 0.229441  1.65837
0.920959 0.156711 0.228497  1.65957
0.920896 0.158424 0.233516  1.65638
0.919357 0.153453 0.222045  1.65684
0.920889 0.161516 0.231981  1.65652
 0.755946  0.150525 -0.454613    1.3946
 0.756564   0.15053 -0.461078   1.39873
 0.752297  0.153688 -0.462856   1.39151
 0.753517   0.15676 -0.450764   1.38896
 0.754363  0.152586 -0.454846    1.3919
  0.75095  0.157073 -0.462652   1.38932
 0.752703  0.163606 -0.460292    1.3931
 0.752614  0.156905 -0.453727   1.38847
0.927801 0.236013 0.156508  1.67267
0.931435 0.213407 0.144046  1.67388
0.925205 0.206911 0.202181  1.66665
0.933364 0.170565 0.175383  1.67811
0.920623 0.185042 0.240768   1.6591
 0.92523 0.172765 0.205946  1.66416
0.927924  0.16384 0.199373  1.67004
0.921259 0.194571   0.2305  1.66014
 0.93015 0.154336 0.197365  1.67453
0.927409 0.188574 0.203255  1.66957
 0.93143 0.161049 0.187227   1.6758
0.927069 0.192469 0.189017  1.66668
0.938897 0.162065 0.150865   1.6867
0.931462 0.204644 0.173841  1.67655
0.931902 0.173976 0.175786  1.67399
0.937885 0.176435 0.146118  1.68395
 0.757895  0.153084 -0.457169    1.4002
0.755354 0.157525 -0.45559  1.39515
 0.754285  0.151326 -0.454797   1.39138
 0.757425  0.154706 -0.458714   1.40026
0.757012 0.153576 -0.45746  1.39866
 0.756113  0.150667 -0.453693   1.39449
 0.757887  0.156185 -0.456354   1.40045
 0.757615  0.156421 -0.457094   1.40023
 0.757568  0.155545 -0.457777   1.40028
 0.757506  0.157597 -0.458323   1.40071
 0.757772  0.154555 -0.458153   1.40068
 0.756891  0.156485 -0.458687   1.39949
 0.754641  0.158393 -0.454183   1.39314
0.754706 0.152381 -0.45361  1.39197
  0.75717  0.158056 -0.458662   1.40021
 0.752623  0.155642 -0.451297   1.38718
 0.757493  0.156945 -0.458648   1.40075
0.755518  0.15514 -0.45657   1.3955
0.928924 0.155315 0.230855  1.67055
0.923816 0.154163 0.223468  1.66246
0.924449 0.155846 0.231344  1.66264
0.928552 0.155131 0.225021  1.67071
0.927095 0.154287 0.210721  1.66932
0.920379  0.15473 0.221388  1.65766
0.922192 0.172437 0.233882   1.6613
0.923758 0.154371 0.219327  1.66349
 0.91973 0.154799 0.222989  1.65693
0.920225 0.157421 0.227477  1.65735
0.921332 0.160073 0.236116  1.65602
0.922986 0.157786 0.231667   1.6599
0.922522  0.15804 0.236554  1.65854
0.925552 0.157223   0.2347  1.66397
 0.92247 0.159239 0.217021  1.66158
0.922327 0.182514 0.219277  1.65937
0.921499 0.162947 0.223332  1.65897
0.920899 0.158887 0.226328  1.65901
 0.754269   0.15421 -0.452803   1.39104
0.756296 0.153883 -0.45709  1.39711
0.927084 0.160537 0.208384  1.66949
0.934873  0.17755 0.162064  1.67922
0.928559 0.174738 0.189921  1.66944
0.924679 0.187781 0.206121  1.66312
0.923643 0.156564 0.215973  1.66357
0.927248 0.156926 0.204894  1.66968
 0.92769 0.169749 0.204461   1.6695
 0.92264 0.166117 0.217508  1.66135
0.930822 0.201715 0.174317  1.67501
0.931086 0.194764 0.185132  1.67611
 0.755622  0.155928 -0.456556   1.39587
 0.757467  0.155744 -0.458741   1.40053
 0.757077  0.156414 -0.458609   1.39976
 0.755713  0.151903 -0.454199   1.39422
 0.754808  0.153636 -0.453669   1.39247
 0.754831  0.156606 -0.455794   1.39399
 0.756281  0.157042 -0.458446   1.39817
 0.756195  0.154655 -0.457105   1.39706
0.925539 0.156457 0.229098  1.66487
0.924345 0.155661 0.215621   1.6643
0.921499 0.155755 0.224518  1.65873
0.925046 0.154874 0.220681  1.66503
0.923033 0.168169 0.217444  1.66081
0.922495 0.155639 0.219732  1.66095
0.920889 0.161599 0.223811  1.65884
0.921723 0.156685 0.220517  1.66019
0.922997 0.179545 0.226723  1.66248
0.925634 0.164117 0.209281  1.66659
0.921109 0.157655 0.229295  1.65764
0.921658 0.156131 0.229641   1.6588
0.922583 0.155594 0.223793  1.66113
 0.92122  0.15614 0.220177   1.6596
 0.754072  0.154678 -0.452878   1.39076
 0.753629  0.155304 -0.454556   1.39079
0.924571 0.158579 0.211399   1.6651
0.922467 0.162554 0.222171  1.66137
0.924618 0.161821 0.215175  1.66526
0.924984  0.16976 0.215309  1.66547
 0.757198  0.155372 -0.458704    1.3999
 0.756663  0.155674 -0.458752   1.39889
