0.876032 0.331162  0.15214  1.58812
0.880538 0.315598 0.173972  1.59672
0.868009 0.332205 0.165866  1.57375
0.871471 0.322382 0.176574  1.58024
0.863146 0.332673 0.179897  1.56718
0.867111 0.324886    0.173  1.57046
0.875055 0.319241 0.172206  1.58516
0.874395 0.322363 0.161062  1.58278
 0.759079  0.154637 -0.454439   1.40171
 0.759163   0.15455 -0.454436   1.40186
 0.792533  0.131966 -0.400525   1.44077
 0.786821  0.132712 -0.407535     1.432
 0.790005  0.135587 -0.406923   1.43917
0.787806  0.11868 -0.40733   1.4316
 0.783084  0.123587 -0.415318   1.42634
 0.786515  0.123163 -0.412817   1.43245
 0.799372  0.120934 -0.387211   1.44752
 0.794926  0.112895 -0.394104   1.43972
  0.80731  0.101712 -0.368463   1.45416
 0.800409   0.11586 -0.391456   1.45105
 0.788264  0.127536 -0.411381   1.43626
0.791771 0.120185  -0.4055  1.43961
  0.79527  0.128327 -0.402075   1.44697
 0.792102  0.123729 -0.403006    1.4397
  0.959791   0.113147 -0.0494767    1.72696
  0.959687   0.114655 -0.0435302    1.72662
  0.958897   0.117455 -0.0466478    1.72489
 0.959267  0.113331 -0.044977   1.72544
  0.959602   0.115993 -0.0377057    1.72634
  0.959474   0.117081 -0.0322095    1.72599
  0.958774   0.119942 -0.0353164    1.72437
  0.959105   0.115502 -0.0341513    1.72489
  0.957749   0.126717 -0.0437929     1.7226
  0.958187   0.126216 -0.0380833     1.7233
  0.959194   0.114317 -0.0396383    1.72516
  0.958586   0.117896 -0.0376042     1.7237
  0.958723   0.117683 -0.0418552    1.72421
  0.958923    0.11831 -0.0408381     1.7248
 0.93347 0.150556 0.226334  1.67917
 0.760701  0.153717 -0.450816   1.40268
  0.75918  0.153709 -0.454717   1.40187
 0.759437  0.154891 -0.454355   1.40223
 0.759656  0.155026 -0.454374   1.40258
 0.759877  0.154924 -0.454307   1.40296
 0.760215  0.154483 -0.452997   1.40288
 0.763878   0.15655 -0.452976   1.41041
 0.762101  0.153895 -0.449734   1.40491
0.761511  0.15299 -0.44882  1.40322
 0.762985  0.153378 -0.450011   1.40676
 0.765879  0.154692 -0.453638    1.4143
 0.768367   0.15161 -0.449301   1.41685
0.781429 0.139639 -0.41989   1.4279
 0.777091  0.140726 -0.428433   1.42313
 0.779875  0.143336 -0.428052   1.42942
  0.75912  0.154808 -0.454431   1.40183
 0.759099  0.154851 -0.454367   1.40173
  0.75952  0.155189 -0.453715   1.40198
 0.759008  0.154949 -0.454674   1.40173
 0.758986   0.15488 -0.454932    1.4018
 0.758988  0.154659 -0.455135   1.40186
 0.758847  0.154559 -0.455188   1.40155
 0.760228  0.153941 -0.451303   1.40198
 0.758861  0.154198 -0.455255   1.40154
0.759881 0.154637  -0.4533  1.40238
 0.759183  0.154286 -0.454412   1.40182
 0.759122  0.153533 -0.454869   1.40178
0.759164 0.154218 -0.45457  1.40187
 0.801825  0.222428 -0.418834   1.48411
 0.800492  0.217896 -0.422761   1.48225
 0.805321  0.218246 -0.420598    1.4903
 0.802928  0.219478 -0.421714    1.4872
  0.79829  0.213008 -0.427398   1.47862
 0.794579  0.208048 -0.434489   1.47332
 0.801453  0.206136 -0.431039   1.48439
 0.798881   0.20882 -0.432515   1.48154
 0.809871  0.213275 -0.419784   1.49745
 0.809213   0.20446 -0.424978   1.49653
 0.819296  0.204396 -0.409723   1.50997
 0.812837  0.208333 -0.423555   1.50463
0.801263 0.214697 -0.42615  1.48484
 0.805677  0.207872 -0.429217   1.49296
 0.806781  0.215086 -0.423474   1.49412
 0.804273  0.212485 -0.424423   1.48856
 0.730686  0.158254 -0.453889   1.34358
 0.731602  0.156791 -0.453742   1.34506
 0.728832  0.158331 -0.451027   1.33749
 0.726578  0.159346 -0.449602   1.33145
 0.727176  0.156921 -0.450042   1.33246
  0.72821   0.15794 -0.450219   1.33491
 0.729946  0.153857 -0.451852   1.33936
0.727754 0.154616 -0.45031  1.33335
 0.728508  0.152328 -0.450497   1.33456
 0.729394  0.153335 -0.450761   1.33675
 0.729913  0.157377 -0.451395   1.33973
 0.728703  0.155648 -0.450556   1.33567
 0.730337  0.155041 -0.451951    1.3405
 0.729221  0.155994 -0.451375   1.33798
 0.783083  0.145327 -0.419269   1.43226
 0.777607  0.150877 -0.427427   1.42576
 0.779685  0.150392 -0.417359   1.42484
 0.952516  0.127552 0.0535755    1.7122
 0.951977  0.136992 0.0586235   1.71116
 0.952731  0.136416 0.0523037   1.71225
 0.952407  0.137527 0.0566761   1.71236
 0.952288  0.143257 0.0465211   1.70988
  0.95137  0.148789 0.0553102   1.70955
 0.951139  0.149847 0.0633952   1.70952
 0.774839  0.151344 -0.432131    1.4223
 0.948906  0.158783 0.0754816   1.70352
 0.769836  0.154692 -0.443402   1.41782
  0.958453   0.121352 -0.0063969    1.72368
   0.958099    0.122227 -0.00118605     1.72293
   0.957817    0.124282 -0.00490068     1.72215
   0.958029     0.12058 -0.00460558      1.7225
  0.957752   0.123545 0.00442221    1.72227
 0.957393  0.124626 0.0101461   1.72162
  0.956983   0.128636 0.00585314    1.72051
  0.957246   0.123115 0.00553937    1.72095
   0.957094    0.128319 -0.00333968     1.72019
  0.956876   0.127329 -0.0014216    1.71941
    0.957638     0.121856 -0.000130481      1.72172
   0.956865    0.126646 -0.00079192     1.71993
   0.957569    0.123983 -0.00379213     1.72141
    0.957495     0.125182 -0.000250937      1.72143
 0.766179  0.156985 -0.453513   1.41534
 0.760856  0.153326 -0.449268   1.40214
 0.764408  0.157679 -0.453744   1.41195
 0.758865  0.154857 -0.455035   1.40157
 0.760789  0.154276 -0.449289   1.40221
 0.758931  0.155043 -0.454823   1.40164
 0.759375  0.155352 -0.454548   1.40221
 0.759147  0.154833 -0.454124   1.40164
0.940289 0.172157 0.180565  1.69422
 0.927651  0.151639 -0.229113   1.68095
 0.928361  0.158265 -0.220207   1.68192
  0.92557  0.161986 -0.228983   1.67815
 0.927166  0.153404 -0.226926   1.67985
 0.922898  0.187397 -0.232418   1.67868
0.925471 0.161825 -0.22264  1.67667
  0.92614  0.164481 -0.221451   1.67847
 0.943347  0.158073 0.0832394   1.69829
0.947038 0.164876 0.078286  1.70491
 0.946551   0.15868 0.0830062   1.70256
 0.945319  0.159395 0.0836283    1.7006
0.949862  0.15854 0.079036  1.70811
  0.95123  0.152128 0.0787168   1.70968
   0.9487  0.160231 0.0821651   1.70533
 0.947951   0.16066 0.0827988   1.70441
 0.948546  0.161581 0.0783311   1.70557
 0.949131  0.131402 0.0733194   1.70678
 0.947838  0.132371 0.0789151   1.70442
0.949115 0.141961  0.07878  1.70658
 0.948451  0.132163 0.0736101   1.70521
 0.945392  0.135566 0.0860932   1.69976
 0.941854  0.144901 0.0902328   1.69329
 0.946418  0.151875 0.0874154   1.70193
 0.944934  0.142164 0.0837672   1.69934
 0.949094  0.155441 0.0829157   1.70618
 0.948663  0.155779 0.0833967     1.705
 0.946999  0.134422 0.0788263   1.70261
 0.947368  0.151097 0.0817687   1.70342
 0.948643   0.14491 0.0780519   1.70538
 0.947865  0.145139 0.0839292   1.70438
 0.951232  0.148765 0.0671189   1.70973
  0.95127  0.147626 0.0687103   1.70962
 0.951827  0.137372 0.0614777   1.71134
 0.952299  0.128437 0.0579433   1.71226
 0.951442  0.129349 0.0621022    1.7107
 0.951734  0.128723 0.0582824   1.71091
 0.950783  0.139297 0.0697937   1.70961
 0.950773  0.130396 0.0658307   1.70964
0.950012  0.13078  0.06897  1.70831
 0.950341  0.130697 0.0660627   1.70862
   0.9515  0.137684 0.0619365   1.71041
 0.950976  0.130144 0.0620306   1.70965
 0.950846  0.139479 0.0647108   1.70923
 0.951305  0.137755 0.0651433   1.71039
 0.953748  0.142005 0.0439846   1.71379
 0.953638  0.140559 0.0458057   1.71323
  0.95456  0.133096 0.0394023   1.71605
 0.955222  0.126567 0.0363057   1.71756
 0.954644  0.126381 0.0413956   1.71642
 0.954658  0.125848 0.0375415    1.7161
 0.953328  0.136337 0.0512274   1.71386
 0.954028  0.126877 0.0472193   1.71534
 0.953202  0.127533 0.0528791   1.71387
 0.953323  0.126703 0.0480741    1.7136
 0.954224  0.132942 0.0402996   1.71507
0.954016  0.12624 0.042154  1.71487
 0.953312  0.135259 0.0437956    1.7132
 0.954087  0.133194 0.0442207   1.71508
 0.952617   0.15551 0.0504906   1.71117
  0.958504   0.107933 -0.0795742    1.72506
  0.957741   0.115567 -0.0741886    1.72328
  0.957016   0.114997 -0.0853594    1.72239
  0.957718   0.114856 -0.0839247    1.72405
 0.956658  0.129298 -0.069926   1.72148
  0.954712   0.124341 -0.0943449    1.71833
  0.955364     0.1244 -0.0926685    1.71988
  0.956578   0.130784 -0.0797051    1.72243
  0.73506  0.270584 -0.389919   1.34623
 0.733383  0.262494 -0.396286   1.34333
  0.74237  0.261318 -0.389497   1.35834
 0.739026  0.266109 -0.394898   1.35552
 0.732157  0.254531 -0.402058   1.34122
 0.731287  0.246887 -0.407175   1.33971
 0.739549  0.246421 -0.400937   1.35375
 0.736314  0.250201 -0.406149   1.35061
 0.747728   0.25634 -0.393646   1.37131
  0.74872  0.250702 -0.395423   1.37248
 0.737552  0.258026 -0.400856   1.35289
  0.74301  0.250219 -0.399256   1.36131
 0.745166  0.257596 -0.393688   1.36512
 0.740584  0.253559 -0.395897   1.35537
 0.940071  0.148297 -0.175927   1.69889
 0.942583  0.150981 -0.167719   1.70394
  0.94188   0.13434 -0.180219   1.70189
 0.942495  0.128599 -0.187557   1.70395
 0.945131  0.125621 -0.178179   1.70811
0.942463 0.131459 -0.18002  1.70273
 0.946819  0.130107 -0.160033    1.7096
 0.947948  0.122293 -0.167595   1.71257
 0.950215  0.118009 -0.156145   1.71551
 0.947681  0.125304 -0.157722   1.71051
 0.942601     0.139 -0.171675   1.70269
 0.944992   0.12842 -0.169355   1.70644
 0.945245  0.136432 -0.160239   1.70669
 0.944279  0.132849 -0.171245   1.70581
 0.756557  0.226073 -0.423937     1.398
 0.72704 0.183212 -0.44261  1.33345
 0.728913  0.181035 -0.443159    1.3379
   0.7297  0.184339 -0.441356   1.33915
 0.727833   0.18251 -0.441831   1.33512
0.731551 0.180178 -0.44668  1.34597
 0.733483  0.186439 -0.443155   1.34926
 0.730534  0.184182 -0.443685   1.34282
 0.730536  0.182278 -0.444042   1.34257
 0.729574  0.167709 -0.451322   1.34178
  0.73027   0.16607 -0.451293   1.34283
 0.727673   0.16823 -0.448084   1.33541
 0.725353  0.169817 -0.446957   1.32955
 0.725542  0.167048 -0.447822   1.32987
 0.726929  0.168206 -0.447868     1.333
 0.728038  0.163119 -0.449797   1.33609
 0.725812  0.164446 -0.448511   1.33029
0.726091 0.161818 -0.44917   1.3307
0.727353 0.162953 -0.44928   1.3336
 0.728761  0.167025 -0.448733   1.33776
 0.727074  0.165559 -0.448605   1.33318
  0.72875   0.16439 -0.449751   1.33783
 0.727686  0.165558 -0.448886   1.33529
 0.73339 0.150044 -0.45466  1.34791
 0.734493  0.148723 -0.454413   1.34977
 0.731578  0.149702 -0.452171   1.34211
 0.729395  0.150217 -0.450486   1.33597
 0.730321  0.148089 -0.450536   1.33751
 0.731055  0.149009 -0.450844   1.33939
 0.733335  0.145862 -0.452217   1.34501
 0.731273  0.146129 -0.450408   1.33902
 0.732338  0.144231 -0.450235   1.34076
 0.732906  0.145075 -0.450597   1.34232
 0.732656  0.148984 -0.452292   1.34426
 0.731896  0.147027 -0.450776   1.34071
 0.733458  0.146939 -0.452439   1.34564
 0.732309  0.147689 -0.452113   1.34315
 0.773691  0.153111 -0.440832   1.42444
0.937236 0.148786 0.165992  1.69131
0.898005 0.087871 0.137332  1.60929
 0.93726 0.145316 0.198717  1.68722
0.930354 0.139397  0.19554  1.68009
0.929359 0.136155 0.193486  1.67454
0.932623 0.145437 0.216969  1.67885
0.933484 0.149851 0.231768  1.68004
 0.93321 0.151368 0.229412  1.67873
0.889793  0.23465 0.255837  1.61177
 0.89384 0.220665 0.262385  1.61958
0.884695 0.230959   0.2627  1.60325
 0.88701 0.222912 0.266044   1.6078
0.881045  0.22617 0.268835  1.59813
0.884183 0.225108 0.265029  1.60161
0.889642 0.223685  0.26339  1.61125
0.888743  0.22756 0.258672  1.60877
0.932986  0.14965 0.229817  1.67832
0.933376 0.134241  0.23164  1.67996
0.934804 0.106804 0.214732  1.68093
   0.920737 -0.00594098    0.275969     1.66893
 0.928628 0.0245328  0.264158    1.6791
   0.937554 -0.00223855    0.238975     1.69463
   0.92869 0.00922635   0.245165    1.67467
  0.93225 0.0500987   0.25491   1.68393
 0.933023 0.0622082  0.238059    1.6809
  0.93873 0.0580087  0.233334   1.69368
 0.934104 0.0592494  0.236698    1.6833
 0.945568 0.0227846  0.207208   1.70466
 0.942434 0.0453332  0.210869   1.69709
0.948851 0.047298 0.188664  1.70886
  0.9463 0.036479 0.190754  1.70256
 0.932532 0.0373821  0.238628   1.68025
 0.939725 0.0441832  0.212915   1.69085
 0.940577 0.0162284  0.210955    1.6931
 0.938047 0.0303289  0.234493    1.6924
0.943877 0.180312 0.175762  1.69866
0.945104 0.168617 0.177343  1.70822
0.931497 0.145031 0.197755  1.68351
0.945675 0.192929 0.213255  1.70186
0.943805 0.197494 0.221701  1.69886
0.941506 0.202366 0.231509  1.69529
0.939756 0.195851 0.234006  1.69197
0.932721 0.145868 0.216577  1.67858
0.934791 0.201165 0.247273   1.6829
0.929572  0.13513 0.195937  1.67464
0.932983 0.129521 0.164586  1.68336
  0.854752 0.00199052  0.0946516    1.55282
 0.92545 0.150445 0.156511  1.66413
0.930627 0.123407 0.235105  1.67559
 0.93146 0.149674 0.229878  1.67449
0.931571 0.131413 0.240587   1.6781
0.932479 0.141382 0.238002  1.67891
0.933205 0.147882 0.235666  1.68007
0.942787 0.190734 0.223214  1.69794
0.934212 0.152141 0.225575  1.68204
0.944816 0.186042 0.213875   1.7024
0.938416 0.153136 0.203165  1.69145
0.942589 0.165248 0.182605  1.70152
 0.782593  0.119055 -0.419674   1.42682
 0.781765  0.112425 -0.417286   1.42258
 0.786976  0.114403 -0.411772   1.43141
 0.784245  0.115128 -0.413555   1.42647
 0.779541  0.106051 -0.417798   1.41688
 0.774336  0.102561 -0.419497   1.40569
 0.780728 0.0992437 -0.411993   1.41524
 0.779441  0.103067 -0.415959   1.41497
 0.793228  0.107115 -0.401389   1.43868
 0.789047 0.0960529 -0.401365   1.42775
 0.800049 0.0933298 -0.384948   1.44404
 0.795453  0.100154 -0.392162   1.43799
0.782781  0.10887 -0.41344  1.42206
 0.786548  0.100897 -0.406513    1.4254
0.788884 0.109299 -0.40442  1.43092
 0.786002   0.10512 -0.410371   1.42701
  0.77467  0.144474 -0.440814   1.42502
 0.763809  0.159535 -0.452439   1.41054
 0.752934  0.124222 -0.445886   1.37864
  0.75504  0.122524 -0.445285   1.38246
 0.750563  0.122226 -0.445216    1.3726
 0.747827  0.121712 -0.443586    1.3653
 0.749799  0.119612 -0.442382   1.36843
 0.750002  0.120777 -0.443258   1.36955
 0.754918  0.118408 -0.442258   1.37947
 0.751857  0.117533 -0.440868   1.37158
 0.754269  0.115323 -0.438916   1.37522
 0.754372  0.116753 -0.440175   1.37638
 0.751919  0.122154 -0.444537   1.37504
 0.752016  0.118794 -0.441902   1.37271
  0.75424   0.12011 -0.443067    1.3788
  0.75254  0.120253 -0.443748   1.37557
 0.768941  0.158991 -0.443769   1.41703
 0.739139  0.210977 -0.429711   1.35965
 0.744172  0.220385 -0.422296   1.36855
0.734565 0.213505 -0.42532  1.34744
 0.736929  0.218478 -0.421462   1.35142
 0.731406  0.218433 -0.425625   1.34169
  0.73318  0.215885 -0.422869   1.34368
0.738358 0.217391 -0.42436   1.3566
0.737545 0.214562 -0.42534  1.35467
 0.828661  0.226173 -0.398553   1.53007
 0.833327  0.224625 -0.393261   1.53741
 0.827917  0.228601 -0.394504   1.52841
0.829292 0.226224 -0.39521  1.52986
 0.838286  0.223055 -0.387605   1.54532
 0.843559  0.220923 -0.381387   1.55364
 0.837595  0.226142 -0.383138   1.54381
 0.839037  0.223149 -0.383668   1.54519
 0.827435  0.232621 -0.388267    1.5267
 0.831906  0.234611 -0.384054   1.53525
 0.833944  0.224728 -0.389754   1.53714
   0.8347  0.228774 -0.384355   1.53863
 0.829505  0.230006 -0.390714   1.53056
  0.83264  0.227188 -0.389113   1.53578
 0.745192  0.131976 -0.451204   1.36686
 0.742285  0.135628 -0.451852   1.36176
 0.743563  0.130724 -0.449196   1.36167
 0.741874  0.132778 -0.449635   1.35871
 0.741984  0.130241 -0.447565   1.35677
 0.742319  0.131282 -0.449136   1.35906
 0.742418   0.13398 -0.450868    1.3611
 0.744347  0.132321 -0.450538   1.36464
 0.844291  0.221086 -0.377099   1.55337
 0.845707  0.226093 -0.370334    1.5561
 0.839261  0.227879 -0.378698   1.54602
 0.842913  0.224236 -0.376619   1.55207
 0.847131  0.233965 -0.362088   1.55918
0.834215 0.235331 -0.37821  1.53801
 0.837017  0.231293 -0.376809   1.54203
 0.843236  0.234074 -0.370862   1.55411
 0.870924   0.22855 -0.329179   1.59848
 0.856551  0.230461 -0.349456   1.57437
 0.868943  0.216419 -0.337765   1.59265
0.861766 0.219814 -0.34874  1.58168
  0.86692  0.209554 -0.346884   1.58873
 0.865438  0.213657 -0.346231   1.58724
 0.859543  0.224666 -0.347947    1.5786
 0.866127  0.228373 -0.340769   1.59179
 0.894727  0.184033 -0.307267   1.63228
 0.900366  0.179621 -0.297681   1.64135
 0.895274  0.188644 -0.298175   1.63215
 0.896042  0.185523 -0.300892   1.63348
 0.905868  0.174083 -0.287086   1.64974
 0.910496  0.168198 -0.276905   1.65632
 0.906555  0.177811 -0.276518   1.64944
 0.907077  0.175523 -0.279619   1.65049
 0.893501  0.205684 -0.295106   1.63213
 0.900091  0.207003 -0.286052   1.64504
0.901731 0.181096    -0.29   1.6423
 0.904669  0.188271 -0.277527   1.64752
 0.897535  0.192792 -0.290449   1.63581
 0.900769  0.185275 -0.288448    1.6411
 0.912109   0.18805 -0.257165   1.65967
 0.917818  0.189815 -0.247197   1.67094
 0.914538  0.169277 -0.259162   1.66129
 0.914748  0.163739 -0.267491   1.66273
 0.919419  0.159692 -0.257363   1.67022
 0.915416  0.165862 -0.260348    1.6626
 0.923808    0.1586 -0.235884   1.67504
 0.923744  0.154593 -0.246263   1.67659
 0.927283  0.149382 -0.235978   1.68147
 0.924329  0.156625 -0.238315   1.67619
 0.916205  0.174106 -0.250276   1.66369
 0.920106  0.161851 -0.248803   1.66981
 0.922186  0.169745 -0.236549   1.67344
 0.919118  0.166283 -0.248635   1.66866
 0.927855  0.169261 -0.216432   1.68228
 0.932356  0.171509 -0.206585   1.69134
 0.930086  0.151081 -0.218541   1.68439
 0.930575  0.145357 -0.226636   1.68637
 0.934159  0.141631 -0.216706   1.69205
 0.930864  0.147952 -0.219186   1.68563
 0.937254  0.140052 -0.195502   1.69461
 0.937343  0.136775 -0.206025   1.69654
0.940025 0.132145 -0.19643  1.70028
 0.937605  0.139074 -0.198254   1.69578
 0.931313  0.156194 -0.209285   1.68604
 0.934491  0.144205 -0.207938   1.69117
 0.936061  0.151967 -0.195668   1.69376
 0.933642  0.148271 -0.208163   1.69005
 0.733919  0.193698 -0.439929   1.35015
 0.737936  0.201408 -0.434724   1.35737
 0.730631  0.195395 -0.436151   1.34078
 0.732348  0.199474 -0.433404   1.34369
 0.728299  0.198862 -0.436041   1.33603
 0.729508  0.197292 -0.434319   1.33776
 0.733444  0.198652 -0.435997   1.34793
 0.732724  0.196417 -0.436665   1.34626
 0.735273  0.242718 -0.410938   1.34868
 0.739596  0.235972 -0.409967   1.35567
0.742481 0.242525 -0.40468  1.36063
 0.737694  0.238941 -0.406751   1.35065
 0.745472  0.232533 -0.414144   1.37036
 0.751506  0.244656 -0.403841   1.38094
 0.744259  0.241132 -0.406797   1.36607
 0.743706  0.236838 -0.408634   1.36458
 0.952853  0.117552 -0.114952   1.71541
   0.9534  0.119479 -0.113751   1.71684
 0.951842  0.116131 -0.131934   1.71522
 0.952107  0.113837 -0.145232   1.71782
 0.953794  0.110579 -0.135242   1.72008
 0.952106   0.11758 -0.136999   1.71697
 0.954922  0.109409 -0.114701   1.71986
 0.954974  0.107485 -0.126168   1.72137
 0.955867  0.105382 -0.118046   1.72231
 0.955155  0.111174 -0.120405   1.72146
 0.952772  0.120816 -0.125026   1.71712
 0.953822  0.114581 -0.128158   1.71959
  0.95444  0.118642 -0.117012   1.71997
 0.953635  0.113465 -0.123552   1.71822
 0.849722  0.232891 -0.337329   1.55584
 0.862053   0.23882 -0.323319   1.58017
0.951713 0.046132 0.151199   1.7089
 0.955243 0.0703569  0.141261   1.71738
 0.956672 0.0416174  0.140738   1.72001
 0.955054 0.0437812  0.142376   1.71593
 0.955297 0.0904849 0.0878934   1.71368
 0.955194 0.0837802  0.119022   1.71555
 0.960917 0.0313016  0.096835   1.72584
 0.961037 0.0684167 0.0714842   1.72551
 0.963191 0.0417892 0.0408978   1.73044
 0.962172 0.0238074 0.0657278   1.72702
 0.956144 0.0604137  0.115845   1.71609
 0.959234  0.059667 0.0859506   1.72136
 0.958882 0.0290827  0.104346   1.72109
 0.958321 0.0647386  0.106025   1.72082
 0.891094  0.190162 -0.310313   1.62621
 0.893095   0.19583 -0.300443   1.62954
 0.888789  0.201117 -0.308384   1.62376
 0.890787  0.192105 -0.305937   1.62518
 0.887481  0.222559 -0.308307    1.6277
     0.89  0.201484 -0.300137   1.62461
0.891054 0.202101 -0.29934  1.62697
 0.956989  0.108205 -0.113027    1.7248
 0.957902  0.107689 -0.103496    1.7259
 0.955795  0.113168 -0.109903   1.72188
  0.95651  0.106402 -0.106344   1.72259
  0.958772   0.107958 -0.0946531    1.72716
 0.959304  0.107829 -0.086074   1.72764
  0.957227   0.114448 -0.0922857    1.72357
  0.958007   0.107608 -0.0878775    1.72452
 0.954164  0.124094 -0.107901    1.7186
  0.955031   0.125234 -0.0996979     1.7199
  0.95725  0.106966 -0.097296    1.7235
  0.956377   0.112723 -0.0948248    1.72149
  0.95581  0.112505 -0.102541   1.72092
 0.956577  0.112907 -0.101062   1.72273
0.932293 0.141497 0.222093  1.67594
0.949478 0.131309 0.069208  1.70707
 0.949322  0.142204 0.0732618   1.70664
 0.950451  0.139978 0.0699673   1.70866
 0.949892  0.139998 0.0733616    1.7081
0.950988 0.148421 0.068789   1.7088
 0.950037  0.152303 0.0699388   1.70648
 0.950457  0.149326 0.0723265   1.70884
 0.949264  0.155835 0.0775169   1.70624
 0.949936  0.147269 0.0766195   1.70746
 0.831428  0.418205 0.0295111     1.516
  0.841698   0.402746 0.00534873    1.53005
 0.847538  0.397307 0.0358154   1.54101
0.839179  0.39659 0.023771  1.52139
 0.855692  0.384843 -0.012709   1.55384
 0.862903  0.382566 0.0415605   1.56889
 0.853741  0.383737 0.0329556   1.54809
   0.85453   0.381527 0.00517247    1.54906
0.933336 0.142971 0.231899  1.67937
 0.930826 0.0895983  0.241863   1.67744
0.929617 0.106674 0.232227  1.67279
0.928558 0.101409 0.248837  1.67445
0.940648 0.103066 0.184035   1.6904
0.938666 0.103441 0.189174  1.68595
 0.916951 0.0975041  0.278618   1.65722
  0.92167 0.0876619  0.268613   1.66447
  0.91594 0.0844559  0.287368   1.65795
 0.918541 0.0852248  0.276417   1.65928
 0.925476 0.0787945  0.258433   1.66958
0.930414  0.07303 0.240179  1.67595
 0.927554 0.0622868  0.258743   1.67438
 0.928224 0.0653163  0.254655   1.67428
 0.914084 0.0626888  0.289309   1.65512
 0.922375 0.0464867  0.269626   1.66662
 0.911636 0.0285475  0.284349   1.65061
 0.918131 0.0383839  0.284668   1.66178
 0.923683 0.0739487  0.267148   1.66758
 0.925124 0.0542533  0.272123   1.67243
 0.918257 0.0677028  0.284675   1.66117
 0.921655 0.0714822  0.275489   1.66636
0.871018 0.293581 0.219464  1.58039
0.875141 0.295853 0.208495  1.58609
0.877643 0.286525 0.216339  1.59088
0.874348 0.288789 0.213571  1.58339
0.881623 0.297325 0.197381  1.59732
0.885088 0.281923 0.214273  1.60439
 0.88074 0.284881 0.212906  1.59513
0.880364 0.289037 0.203611  1.59351
0.931183 0.148535 0.229153  1.67335
0.929231 0.115454 0.245233  1.67411
0.893533 0.110024  0.28976  1.61531
0.901352 0.106213 0.295573  1.63175
 0.894074 0.0907511  0.295004   1.61635
0.897194 0.104794 0.295274  1.62516
 0.90836 0.101856 0.292954  1.64387
 0.914608 0.0980296  0.281015   1.65256
 0.912339 0.0850227  0.291038   1.65083
 0.911654 0.0991195  0.292665   1.65115
 0.897978 0.0633285   0.29729   1.62408
 0.909293 0.0631174  0.294416    1.6458
 0.906849 0.0291428  0.291968   1.64156
 0.903464 0.0583686  0.297878   1.63708
0.904661 0.101263 0.298459  1.63976
 0.908206 0.0828422  0.297258   1.64578
 0.899018 0.0846161  0.299848   1.62913
0.904004 0.086748  0.29698  1.63635
 0.922568 0.0944231  0.269708   1.66627
 0.920174 0.0969238  0.270078   1.66091
 0.924917 0.0975745  0.254546   1.66684
 0.929777 0.0853305  0.252472   1.67767
 0.926607 0.0820209  0.257198   1.67103
 0.925093 0.0964176  0.261494   1.66992
 0.778998  0.115014 -0.420129   1.41846
 0.776211  0.121236 -0.426342   1.41693
 0.778772  0.118272 -0.421293   1.41926
0.770636  0.11658 -0.43055  1.40633
0.769757 0.122823 -0.43594  1.40866
 0.771189  0.119455 -0.430636   1.40818
 0.777108  0.109861 -0.420696   1.41367
0.772307  0.11124 -0.42635  1.40655
 0.773686  0.105486 -0.422563    1.4063
 0.774031   0.10785 -0.423891   1.40844
 0.774758   0.11826 -0.428539   1.41452
 0.772137  0.113466 -0.427776   1.40753
 0.776619  0.112667 -0.422737   1.41434
  0.77493  0.115269 -0.425071   1.41235
 0.770763  0.149694 -0.448632   1.42135
 0.814602  0.226509 -0.414018   1.50711
  0.81733   0.22708 -0.411148   1.51177
 0.812933  0.227989 -0.412308   1.50422
 0.814404  0.226772 -0.412464   1.50595
 0.820539   0.22734 -0.407586   1.51706
0.824315 0.227049 -0.40339  1.52314
 0.818864  0.229481 -0.404962     1.514
 0.820568  0.227487 -0.405145   1.51594
 0.810014  0.230524 -0.407509   1.49772
 0.813196  0.232354 -0.403894    1.5034
0.817149 0.227279 -0.40913  1.51041
 0.816246  0.229969 -0.406092   1.50896
0.813135 0.228851 -0.41011  1.50391
 0.815652  0.228734 -0.409033   1.50872
 0.812735  0.225517 -0.415953   1.50374
 0.810479  0.224855 -0.416981    1.5002
  0.81221  0.223875 -0.416893   1.50269
 0.811597  0.224343 -0.416426   1.50124
 0.808025  0.223668 -0.417111   1.49546
 0.804399  0.224707 -0.417846   1.48979
  0.80723  0.220795 -0.419976    1.4947
 0.806852  0.222981 -0.417636   1.49326
 0.813008  0.221064 -0.416441   1.50351
 0.811033  0.217667 -0.419663   1.50101
 0.816251  0.216032 -0.412607   1.50742
 0.813468  0.216668 -0.415761   1.50308
 0.809458  0.223319 -0.417264   1.49782
 0.809402  0.219642 -0.418392   1.49735
 0.811658  0.221662 -0.416947   1.50098
 0.810221  0.222099 -0.418261   1.49963
0.932997 0.145532 0.228423  1.67803
   0.96499 -0.0282027  0.0263196    1.73723
  0.958868 -0.0686529  0.0929359    1.72806
  0.960079 -0.0165305  0.0937394    1.72473
  0.960546 -0.0179561  0.0897647    1.72813
  0.941793 -0.0707536   0.181387     1.6998
   0.91832 -0.0298488   0.247967    1.65663
  0.940495 -0.0240402   0.200171    1.69313
  0.934696 -0.0469717   0.240709    1.69529
  0.95542 0.0094599  0.140968   1.71673
  0.948794 0.00382326   0.167306    1.70427
 0.950697 0.0292995  0.151695   1.70602
 0.951529 0.0184239  0.165195   1.71068
  0.950162 -0.0507599   0.170628    1.71697
  0.947193 -0.0155264    0.19439    1.70801
   0.956165 0.000240309     0.14793     1.72106
  0.952278 -0.0328135   0.150856    1.71337
0.886636 0.191911 0.283224  1.60809
0.890357 0.198421 0.279436  1.61355
0.893381 0.190124 0.280872  1.61948
0.890077 0.192506 0.280755  1.61242
0.895225 0.203258 0.272593  1.62118
0.901118 0.187385 0.274613  1.63198
0.895796 0.190932 0.277652  1.62177
0.894433 0.195155 0.274252  1.61846
0.894563 0.122295 0.285295  1.61759
 0.89555 0.130182 0.283758   1.6202
0.900077 0.130963 0.290357  1.62991
0.897018 0.128582  0.28488  1.62383
0.895033 0.138057 0.284568  1.62002
0.893517 0.146561 0.285944  1.61785
0.898741 0.147788 0.288423  1.62789
0.895429 0.145404 0.285411  1.62203
0.904046 0.136723 0.288535  1.63639
 0.90356 0.144497 0.285358  1.63498
0.908771 0.136484 0.280782   1.6429
0.904851 0.139965 0.288292  1.63824
0.896616 0.136983 0.284339  1.62355
0.900474 0.145525 0.289477  1.63185
0.901266 0.136894 0.290595  1.63327
0.899656 0.139557  0.28899  1.62946
 0.759224  0.154611 -0.454097   1.40173
0.759328 0.154573 -0.45399  1.40187
 0.759567   0.15484 -0.454303   1.40243
   0.7591  0.153608 -0.455147   1.40189
 0.759068  0.153777 -0.455261   1.40191
 0.759127  0.153567 -0.454991   1.40186
 0.759005  0.154364 -0.455271    1.4019
 0.759051  0.153503 -0.455024    1.4017
 0.766557  0.156637 -0.450424    1.4146
 0.758977  0.153621 -0.455156   1.40163
 0.745587  0.130674 -0.450354   1.36692
 0.747142  0.129281 -0.449967    1.3697
 0.743829  0.129502 -0.448837   1.36179
 0.741796  0.129285 -0.446975   1.35586
 0.743109  0.127428 -0.446445   1.35799
 0.743404  0.128378 -0.447002    1.3591
 0.746698     0.126 -0.447466    1.3664
 0.744475  0.125618 -0.445687   1.36011
  0.74603  0.123686 -0.444767   1.36252
 0.746265  0.124776 -0.445505   1.36363
 0.744848  0.129201 -0.448552   1.36369
 0.744719  0.126624 -0.446341   1.36118
  0.74635  0.127322 -0.447931   1.36618
 0.745107  0.127722 -0.448084   1.36369
 0.759035  0.154044 -0.455307   1.40192
   0.7604   0.15358 -0.452844   1.40301
 0.763926  0.155292 -0.452963   1.41024
 0.765171  0.154465 -0.454027   1.41315
 0.767676   0.15339 -0.454067   1.41804
 0.767514  0.121557 -0.437355   1.40445
   0.7637  0.117543 -0.436412   1.39492
 0.767891   0.11564 -0.432188    1.4012
 0.766636  0.118338 -0.434328   1.40015
 0.761234  0.114433 -0.436733    1.3891
 0.757244  0.113055 -0.436335   1.37972
   0.7607  0.110692 -0.433332   1.38505
  0.76058  0.112379 -0.435057   1.38601
 0.769247  0.110119 -0.428705   1.40109
 0.764528  0.108301 -0.429594   1.39081
0.769071 0.105601 -0.42508  1.39772
 0.768707  0.107941 -0.427597   1.39862
 0.763428  0.115225 -0.434896   1.39286
 0.764285  0.110261 -0.431721   1.39174
 0.767703  0.113278 -0.430935   1.39949
0.764908 0.112379 -0.43301  1.39452
0.758689 0.153638 -0.45486  1.40083
 0.761721   0.15131 -0.448871   1.40338
0.772123  0.14697 -0.44155  1.42025
 0.77638 0.124199 -0.42577  1.41749
 0.774343   0.13221 -0.432306    1.4179
 0.769951  0.124919 -0.434592   1.40857
 0.774768  0.128537 -0.432114   1.41815
 0.764104  0.129614 -0.444089   1.40205
   0.7784   0.13625 -0.430614   1.42643
 0.781146  0.127397 -0.423812   1.42728
 0.784489  0.136813 -0.420341   1.43432
 0.780634  0.131426 -0.421281   1.42548
 0.766007  0.150638 -0.454754   1.41436
 0.759035  0.154928 -0.454466   1.40168
 0.758984  0.155046 -0.454587   1.40164
 0.760159  0.154671 -0.451323     1.402
 0.759559   0.15533 -0.454406   1.40247
 0.762693  0.156966 -0.452623   1.40794
 0.760693  0.155833 -0.450144   1.40264
 0.760083  0.153834 -0.453052   1.40249
0.737511 0.152631  -0.4592  1.36016
 0.758912  0.153866 -0.455239   1.40158
 0.765852  0.159271 -0.450688   1.41382
 0.759835  0.154517 -0.454326   1.40279
 0.761996  0.154922 -0.449771   1.40492
 0.759574  0.154551 -0.454301   1.40237
 0.759324   0.16169 -0.440066    1.3962
 0.759321  0.154267 -0.453978   1.40178
 0.758723  0.154236 -0.455182   1.40116
 0.759284  0.154244 -0.454181   1.40188
 0.760055  0.154345 -0.454354    1.4032
 0.759179  0.153637 -0.454236   1.40155
0.759146 0.153662 -0.45482  1.40184
 0.758974  0.153377 -0.454486    1.4012
 0.759148  0.153875 -0.454672   1.40181
 0.759209  0.153904 -0.454153   1.40163
 0.759213  0.153975 -0.454623   1.40194
  0.78883  0.141641 -0.407796   1.43815
 0.794712  0.140744 -0.399726   1.44677
 0.789478  0.150181 -0.401723   1.43807
 0.790595  0.142354 -0.401527    1.4389
 0.803704  0.137452 -0.385537   1.45935
 0.819385  0.139476 -0.364617   1.48637
 0.801354  0.154795 -0.379441   1.45538
 0.805521  0.141684 -0.375462   1.46046
 0.788414  0.156812 -0.396698   1.43479
 0.792453  0.161966 -0.389577   1.44177
 0.785996  0.167825 -0.397958   1.43266
 0.788798  0.160552 -0.394642   1.43595
 0.796488  0.140143 -0.389366   1.44562
 0.795807   0.15367 -0.386245   1.44609
 0.790343  0.150359 -0.394919   1.43679
 0.795156  0.149893 -0.390477   1.44514
 0.785756  0.145017 -0.406582   1.43141
0.785726 0.149367 -0.40726  1.43255
 0.784127  0.157046 -0.399138   1.42668
 0.782336  0.163865 -0.403371   1.42654
 0.780082  0.154117 -0.415937    1.4258
 0.782477  0.156627 -0.407651   1.42717
 0.737291   0.14278 -0.453971   1.35411
  0.73854  0.141244 -0.453602   1.35618
 0.735482  0.142268 -0.451831   1.34855
 0.733409  0.142468 -0.449918   1.34246
0.734536 0.140668 -0.44972  1.34435
 0.735046  0.141424 -0.450079   1.34577
  0.73735  0.138712 -0.451398   1.35145
 0.735532   0.13903 -0.449458   1.34597
 0.736474  0.137379 -0.449227   1.34748
 0.736972  0.138081 -0.449559   1.34884
 0.736545  0.141676 -0.451817   1.35063
 0.736002  0.139741 -0.449827    1.3473
 0.737526  0.139655 -0.451719   1.35223
 0.736366  0.140449 -0.451483   1.34979
 0.731414  0.159577 -0.454154   1.34557
 0.731238  0.164359 -0.452576   1.34523
 0.729298  0.159542 -0.451076   1.33876
 0.729063  0.162087 -0.450258   1.33825
 0.727655  0.160438 -0.449798   1.33402
  0.72818  0.160597 -0.450303   1.33611
 0.729726  0.162504 -0.452388    1.3415
 0.730473  0.160963 -0.452392    1.3427
  0.76378  0.161334 -0.447719   1.40873
 0.769174  0.155581 -0.448956   1.41918
 0.760902  0.152444 -0.450608   1.40277
 0.749623    0.1321 -0.451536   1.37662
 0.753503  0.129272 -0.450576   1.38373
 0.758705  0.154642 -0.455253   1.40123
 0.763213  0.151382 -0.451209   1.40743
 0.758733  0.154966 -0.455173   1.40131
 0.765875  0.159342 -0.446904   1.41226
 0.761168   0.15516 -0.449967    1.4034
0.758818 0.155172 -0.45499  1.40145
 0.760195  0.154415 -0.449963   1.40135
 0.759744  0.154755 -0.451941   1.40147
 0.759199  0.155215 -0.452665   1.40083
 0.758578  0.154828 -0.455167   1.40095
 0.759802  0.155138 -0.453324   1.40233
 0.759052  0.155193 -0.454598   1.40174
 0.759334  0.155119 -0.454392   1.40209
 0.759874  0.155071 -0.450082   1.40089
0.759208 0.155139 -0.45443   1.4019
0.759124  0.15547 -0.45416  1.40148
0.759046 0.154954  -0.4544  1.40167
 0.759066  0.155235 -0.454488   1.40167
0.940304  0.15915 0.077303  1.69114
 0.945357  0.163672 0.0413581   1.70244
 0.947001  0.162517 0.0655431   1.70379
 0.944288   0.17255 0.0673124   1.70241
    0.95648    0.137178 -0.00022354      1.7252
  0.965092   0.081328 -0.0181461     1.7403
 0.957806  0.126785 0.0287238   1.72299
 0.957427  0.107667 0.0239824   1.72308
 0.951064  0.152302 0.0641766   1.70953
 0.954382  0.139116 0.0531221   1.71512
 0.952386  0.150549 0.0715936    1.7118
  0.95236  0.146165 0.0682661   1.71184
 0.949229  0.160275 0.0394189   1.71138
 0.953808  0.138602 0.0504203   1.71521
 0.949498  0.160752 0.0641658   1.70911
 0.951592  0.151584 0.0410483   1.71197
 0.865939  0.367291 0.0861545   1.57158
0.874493 0.350153 0.117359  1.58745
0.856498 0.372427 0.103583  1.55474
0.862301 0.360846 0.119868  1.56515
0.851025 0.375928 0.122094   1.5475
0.855821 0.363732  0.11472  1.55085
 0.86616 0.355693 0.114628  1.57021
  0.86458  0.358001 0.0992074   1.56584
  0.807554   0.428609 -0.0975325    1.47585
 0.816597  0.407499 -0.117003   1.48686
  0.829073   0.406117 -0.0882686    1.50987
  0.815639   0.406601 -0.0985286    1.48134
 0.830187  0.385543 -0.134232   1.51037
  0.852029   0.382379 -0.0833405    1.55073
  0.833539   0.392846 -0.0934636    1.51454
 0.827757   0.38589 -0.111223   1.50081
  0.870199    0.34653 -0.0769099    1.57604
 0.95514 0.125941 0.032473  1.71699
 0.954581  0.132753 0.0365362   1.71572
0.954998 0.132649 0.029522  1.71631
   0.9549  0.133857 0.0340345   1.71672
 0.954234  0.137391 0.0224851   1.71348
 0.953617  0.142961 0.0312415   1.71335
 0.953569  0.143613 0.0397681   1.71351
  0.951266   0.134844 -0.0990922    1.71141
  0.953433   0.149438 -0.0768655    1.71641
 0.955486    0.1367 0.0200493   1.71697
0.955411  0.13521 0.021923  1.71647
 0.956345  0.129821 0.0173067   1.71931
 0.956986  0.125084 0.0155914   1.72081
0.956508 0.125361 0.020659  1.71981
 0.956531  0.124481 0.0167406   1.71961
 0.955454  0.132951 0.0282582    1.7176
0.956128 0.126189 0.025982  1.71917
 0.955702  0.126602 0.0312563   1.71844
 0.955598  0.125854 0.0268426   1.71782
 0.956084  0.129723 0.0180014   1.71853
 0.956041  0.125394 0.0211501   1.71866
 0.955347  0.131891 0.0212348   1.71697
 0.955987  0.130109 0.0217848   1.71851
 0.956891  0.123925 0.0115523   1.72028
 0.956323  0.129201 0.0142326   1.71898
  0.956571   0.128297 0.00725844    1.71932
0.956582 0.130125 0.011927  1.71983
   0.955609     0.13069 -0.00147157     1.71637
  0.955224    0.13747 0.00799603    1.71648
  0.95528  0.138222 0.0159413    1.7167
   0.958302    0.119394 -0.00967198     1.72302
   0.957778    0.122886 -0.00756079     1.72179
  0.957994   0.120546 -0.0139191    1.72202
  0.958014   0.123537 -0.0103234    1.72256
  0.957577   0.129041 -0.0142498     1.7211
  0.956976   0.125463 -0.0148654    1.71976
   0.956958    0.128797 -0.00775557     1.72001
 0.950312  0.155714 0.0533031   1.70536
  0.957577   0.132153 -0.0210257    1.72194
  0.958035    0.13051 -0.0165372    1.72267
  0.958605   0.121476 -0.0243654     1.7239
  0.959341   0.117915 -0.0269083    1.72564
  0.959226   0.118128 -0.0217484    1.72528
  0.958916   0.117091 -0.0235504    1.72438
  0.958344   0.120711 -0.0153782      1.723
  0.959005   0.118531 -0.0166895    1.72472
  0.958754   0.120039 -0.0115727    1.72426
  0.958568   0.117932 -0.0148417    1.72352
 0.95846 0.120596 -0.02045  1.72327
  0.958814   0.117166 -0.0189843    1.72407
  0.958357   0.119842 -0.0170732    1.72286
   0.95858    0.12078 -0.0194851    1.72366
  0.958989   0.116559 -0.0287963    1.72459
  0.958421   0.121229 -0.0252727    1.72333
  0.958487   0.119886 -0.0316683    1.72345
  0.958615   0.121326 -0.0300489    1.72404
  0.957507   0.124966 -0.0352238    1.72115
  0.957213   0.126862 -0.0336025    1.72083
  0.957229   0.131442 -0.0269229    1.72119
  0.959312   0.112021 -0.0506956    1.72565
  0.958667   0.117555 -0.0470992    1.72427
  0.958586   0.115414 -0.0534018    1.72404
   0.95884   0.115884 -0.0528045    1.72485
  0.957603    0.12746 -0.0551041    1.72249
  0.957471   0.117336 -0.0541037    1.72131
  0.957451   0.123848 -0.0496506    1.72182
 0.952333  0.151521 0.0284862   1.70916
  0.956938   0.122511 -0.0708577    1.72142
  0.957594   0.127338 -0.0629693    1.72305
  0.958304   0.114522 -0.0739335    1.72456
  0.959779   0.108295 -0.0777648    1.72817
 0.960032  0.108421 -0.069679    1.7282
  0.958992   0.108748 -0.0707827    1.72566
  0.958748   0.113646 -0.0586823     1.7246
  0.960027   0.109406 -0.0622529     1.7278
  0.959941   0.111296 -0.0556014    1.72743
  0.959321   0.110245 -0.0568718    1.72577
  0.958176   0.115997 -0.0666344     1.7238
  0.959251   0.109162 -0.0633742    1.72586
  0.958559   0.116057 -0.0582104    1.72427
  0.958598    0.11453 -0.0663554     1.7248
 0.947981  0.188119 0.0150188   1.70299
 0.951974  0.150031 -0.124591   1.71977
 0.944179  0.150473 -0.155608   1.70558
 0.951114  0.131353 -0.133087   1.71583
0.947524  0.13467 -0.14976  1.71022
  0.95003  0.121329 -0.146933   1.71391
 0.949192  0.124944 -0.147887   1.71255
 0.946013  0.139764 -0.153363   1.70804
 0.949114  0.148486 -0.144341   1.71552
0.945867 0.171471 0.062567  1.69614
 0.940111  0.134699 -0.189497   1.69937
 0.940596  0.140418 -0.181224   1.69987
 0.938532  0.143328 -0.188926   1.69686
 0.939799  0.135887 -0.187531   1.69851
 0.936413  0.169419 -0.191505   1.69746
 0.938575  0.141789 -0.181101   1.69523
 0.939026  0.143937 -0.180172   1.69648
  0.956643   0.141328 -0.0372325     1.7205
 0.787173  0.397786 -0.211803   1.43953
 0.795804  0.376583 -0.221986    1.4503
 0.806051  0.382495 -0.199012    1.4691
0.794174 0.379726 -0.20781  1.44398
 0.808334  0.359411 -0.233991   1.47473
 0.826328  0.368094 -0.193126   1.50719
 0.810402   0.37225 -0.203022   1.47579
 0.805552   0.36421 -0.214506   1.46458
  0.877723   0.350904 -0.0147396    1.58869
 0.783569  0.325793 -0.308416   1.43323
 0.802999  0.336962 -0.277085   1.46805
 0.774421  0.338106 -0.300342    1.4141
 0.784461  0.345187 -0.282937   1.43195
 0.768375  0.354793 -0.295246   1.40681
 0.773523  0.341919 -0.289765   1.40946
 0.787398  0.338083 -0.286857   1.43767
 0.781726  0.331598 -0.294472   1.42554
   0.94927   0.168537 -0.0969015    1.71204
 0.927433  0.228682 -0.135878   1.67665
  0.91131  0.169964 -0.270348   1.65658
 0.912442  0.176493 -0.261216    1.6584
 0.908932  0.180839 -0.269957   1.65373
 0.910801  0.172016 -0.267613   1.65549
 0.906196  0.204622 -0.272367   1.65466
 0.908971  0.181199 -0.263523   1.65261
 0.909865  0.183527 -0.262292   1.65486
 0.751964  0.312161 -0.352025   1.37832
 0.757447   0.29956 -0.353169    1.3855
0.764418 0.307731 -0.34138  1.39783
 0.755897  0.303448 -0.346177   1.38023
 0.765347  0.291316 -0.357989   1.40286
0.778807 0.305502 -0.33702  1.42708
 0.766844  0.303265 -0.343731   1.40333
 0.763592  0.297037 -0.348783   1.39633
0.923498   0.2097 -0.19156  1.67505
0.873212  0.21969 -0.32805  1.60096
 0.879593  0.222943 -0.321124   1.61402
 0.872127  0.210988 -0.336409   1.59811
 0.872134  0.205744 -0.343906   1.59858
 0.878295  0.200598 -0.334619   1.60789
 0.873574  0.206119 -0.337473   1.59943
 0.885402  0.198191 -0.314446   1.61729
  0.88407  0.195124 -0.325362   1.61647
  0.88952  0.189025 -0.316128   1.62436
 0.886006  0.195848 -0.319012   1.61879
 0.875064  0.214046 -0.328905    1.6028
 0.879893  0.201108 -0.328257   1.60927
 0.883535  0.208664 -0.316276   1.61619
 0.878512  0.205356 -0.326167   1.60734
 0.741354  0.274369 -0.388117   1.35968
 0.746404  0.265014 -0.387426   1.36698
 0.750892  0.272704 -0.379591   1.37483
 0.744489  0.268513 -0.382789   1.36154
0.753399 0.259723 -0.39126  1.38323
 0.762189  0.273548 -0.376948   1.39894
0.752961  0.27014 -0.38139  1.38027
 0.751579  0.264716 -0.384533    1.3771
 0.758571  0.350206 -0.300136   1.38581
 0.753709  0.339785 -0.315682   1.37734
0.767951  0.33372 -0.30492  1.40016
 0.762521  0.344913 -0.311697   1.39658
 0.750162  0.328803 -0.330044   1.37137
 0.747037  0.317978 -0.342831   1.36606
 0.760458  0.313781 -0.331911   1.38753
 0.755186  0.323039 -0.339598   1.38381
 0.775152  0.322822 -0.313377   1.41568
 0.775095  0.313861 -0.318658    1.4142
 0.758754  0.333936 -0.326405   1.39008
0.766223 0.319213 -0.32784  1.40024
 0.771246  0.328536 -0.315014   1.40921
 0.763639  0.323699 -0.319988   1.39302
 0.849146  0.227697 -0.361461   1.56172
 0.853645  0.229691 -0.356783   1.57049
 0.848704  0.222461 -0.369236   1.56141
 0.849142   0.21873 -0.374622   1.56254
 0.854682  0.215665 -0.367491    1.5711
 0.850079  0.218841 -0.369833   1.56255
 0.859704  0.217377 -0.354695   1.57877
 0.860292  0.212873 -0.360213   1.57999
 0.866015  0.209187 -0.352369   1.58883
  0.86123  0.213082 -0.354987   1.57997
 0.850833  0.224303 -0.363993   1.56449
 0.855435   0.21587 -0.362777   1.57082
0.856621 0.221416 -0.35599  1.57332
 0.854096  0.219356 -0.362257   1.56965
 0.814431  0.232945 -0.400188   1.50454
0.819791 0.230832 -0.40187  1.51492
  0.82464  0.227153 -0.400482   1.52245
 0.825233  0.230825 -0.395576    1.5236
 0.823199  0.229329 -0.400126   1.52087
 0.825461  0.236133 -0.389183   1.52379
0.817516 0.233149 -0.40015  1.51058
 0.822999  0.235846 -0.395366   1.52111
 0.867178  0.241264 -0.299946   1.58369
 0.807946  0.225152 -0.415618   1.49493
 0.804831   0.22723 -0.414904   1.48989
0.805872 0.225761  -0.4133  1.49028
 0.810389  0.225849 -0.415665   1.49964
 0.812476  0.225864 -0.414996   1.50278
  0.81096  0.227398 -0.413334   1.50026
 0.811606  0.226309 -0.415102    1.5021
 0.808135  0.229404 -0.408417   1.49375
 0.809438  0.226535 -0.415619   1.49809
 0.808674  0.227995 -0.410996   1.49583
 0.810352   0.22781 -0.413699   1.49945
 0.743975   0.30772 -0.355123   1.36127
 0.740819  0.298142 -0.365126   1.35578
 0.752175  0.295336 -0.356331   1.37423
 0.748002  0.302691 -0.362697   1.37136
 0.738669  0.288508 -0.374195   1.35214
 0.736956  0.279341 -0.382196   1.34927
 0.747417  0.277563 -0.373695   1.36629
 0.743353  0.283458 -0.380322   1.36311
 0.758287  0.287801 -0.361525   1.38809
 0.758948  0.280634 -0.364665   1.38842
 0.74554 0.292907 -0.37205  1.36704
 0.751932  0.282254 -0.371038   1.37617
 0.755248  0.290895 -0.362773   1.38213
 0.749332  0.286194 -0.366118   1.36953
0.939533 0.144434 0.181426  1.69264
0.937868 0.146698 0.192994  1.68885
 0.93113 0.139866 0.194888  1.68128
 0.89108  0.21998 0.312267  1.61549
0.918657 0.220482 0.278385  1.65916
 0.807672 -0.107575  0.210751    1.4517
0.937959 0.208358  0.24311  1.68991
0.871338  0.17011 0.360553  1.57464
 0.90807 0.201365 0.296173   1.6347
0.933587 0.150374 0.226371  1.67952
0.931573 0.215359 0.257887  1.67999
0.933397 0.150578 0.230214  1.67943
0.933286 0.148139 0.231699   1.6793
0.873885 0.260441 0.245883  1.58381
 0.87248 0.268567 0.239705  1.58119
0.878301 0.263979  0.23711  1.59057
0.874979 0.267283 0.241676  1.58717
0.871133 0.277008 0.232953   1.5788
0.869532 0.285479  0.22552  1.57582
0.876101 0.278978 0.222534  1.58632
0.872383 0.284159 0.227892  1.58263
 0.88301 0.266705 0.229253  1.59834
0.883448 0.269891 0.221411  1.59843
0.873799 0.275656 0.234941  1.58512
0.877978 0.277433 0.226256  1.59102
 0.87942 0.270232 0.232699  1.59394
0.877003 0.272078 0.230046   1.5883
0.933084 0.138524 0.225586  1.67815
0.931732 0.148994 0.241625  1.67833
0.933399 0.127127  0.22105  1.67887
0.931388 0.150352 0.230748  1.67392
0.933504 0.119104 0.232892  1.68145
0.933097 0.152911 0.228895  1.68127
 0.938221 0.0816638  0.201668   1.68563
  0.94747 0.0520545  0.187033   1.70491
 0.942171 0.0623579  0.196665   1.69361
 0.943591 0.0595823  0.199196   1.69779
 0.937187 0.0663622  0.217859   1.68599
 0.934612 0.0692799  0.220606   1.68056
 0.939696 0.0751605  0.212081   1.69137
0.931772 0.146793 0.226888  1.67502
0.885556 0.265093  0.23173  1.60423
0.889076 0.251204 0.242248   1.6113
0.880091 0.262446 0.239634  1.59486
0.882265 0.254225 0.244769  1.59912
0.876406 0.259017 0.247545  1.58975
0.879414 0.256398 0.242918  1.59272
0.884983 0.254167 0.242014  1.60288
0.884357 0.258045 0.235649  1.60087
 0.934077 0.0865279   0.23958   1.68446
0.935239 0.101238 0.225026  1.68435
  0.93197 0.0976305  0.229503   1.67716
0.945719 0.190376 0.203993  1.70158
0.946368 0.179635 0.204499  1.70579
0.933477 0.148016 0.215272  1.68185
0.932682 0.146619 0.195292  1.68532
0.933639 0.151211 0.232304  1.68102
 0.93375 0.153713 0.226571  1.68244
0.930729 0.143284 0.219057  1.67317
0.930575 0.184724 0.228989  1.67965
0.925723 0.205223 0.265826  1.66649
0.931399  0.14447 0.238526  1.67688
  0.9266 0.127426 0.194799  1.66643
0.933891 0.152446 0.229893  1.68118
0.926941 0.129203 0.196297  1.67125
0.924333 0.161521 0.255114  1.66724
0.931719  0.12841 0.194193  1.67514
0.932018  0.19867 0.240859  1.67981
0.929518   0.1315 0.184575  1.67351
 0.92989 0.141642  0.22218  1.67227
 0.911242 0.0840517  0.199086   1.63817
 0.881336 0.0929503  0.129823   1.58608
0.908349 0.140188 0.311362  1.63581
0.907081 0.115209 0.149189  1.62799
0.921844 0.109719 0.188593  1.65803
0.916441 0.114545 0.147146  1.64573
0.887461 0.236339 0.254073  1.60654
0.887696 0.239719 0.247791   1.6063
0.883068 0.232559 0.260698  1.59942
0.878717 0.227663 0.267717  1.59271
0.877381 0.235755 0.263011  1.59018
0.879641 0.234397 0.264524  1.59557
0.880986 0.247289 0.249433  1.59539
0.876199 0.243936 0.257695  1.58799
0.875006 0.251861 0.251896  1.58569
0.877424 0.250539 0.253879  1.59154
0.884011 0.238634 0.257245  1.60227
0.878565 0.242563 0.259372  1.59365
0.882609 0.245625 0.252459  1.59942
0.881764 0.240547 0.255258  1.59712
0.893847 0.154731 0.286651  1.61985
0.897876 0.163353  0.28798  1.62712
0.899369 0.154142 0.288628  1.63026
0.897276 0.156638 0.287708  1.62552
0.902923 0.166459 0.282271  1.63411
0.908545 0.149165 0.282006   1.6448
0.904439 0.151345 0.286013  1.63753
0.902763 0.153271 0.285239  1.63376
0.902675 0.161066  0.28248  1.63409
0.891689 0.155982 0.287323  1.61516
0.889693 0.165417 0.287775  1.61189
 0.89587 0.165452 0.287356  1.62264
0.891991 0.163978 0.287499  1.61698
0.887717 0.174896 0.286992  1.60856
0.885859 0.184169 0.285178  1.60534
 0.89264 0.182353 0.283181  1.61678
0.888374  0.18248 0.285575  1.61106
0.900362 0.168954 0.281025  1.62829
0.900561 0.173938 0.276649  1.62843
0.890178 0.173285 0.287097   1.6141
 0.89462 0.179963  0.28492  1.62129
0.896401 0.172059 0.286823  1.62483
 0.89405 0.174386 0.285901   1.6196
0.932153 0.135238 0.232653  1.67737
0.894758 0.270279 0.216092  1.62135
0.932997 0.144225 0.232372  1.67876
0.936355 0.193533 0.226163  1.68825
0.929789 0.132144 0.241728  1.67421
0.938932 0.188263 0.213626  1.69379
0.930859 0.147721 0.227094  1.67317
0.933872 0.151512 0.226966  1.68156
0.940459 0.183261 0.201777  1.69739
0.933102  0.14775 0.216503  1.68088
 0.93061 0.140386 0.199055   1.6784
0.931018 0.148422 0.201168  1.68317
0.935386 0.182497 0.216832  1.68781
0.930925 0.141995 0.195501  1.67924
0.937644 0.156272 0.181873  1.69546
 0.94005 0.155389 0.198744  1.69436
0.932991 0.150018 0.215826  1.68221
0.941384  0.15843 0.195962  1.69694
0.936863 0.155952 0.205964  1.68982
0.939258 0.160468 0.178876  1.69802
0.940747 0.162516  0.19723  1.69603
  0.76205   0.12044 -0.438595    1.3931
 0.763335  0.123245 -0.439802   1.39719
 0.756046  0.123659 -0.443602   1.38379
 0.760046  0.116905 -0.438019   1.38769
 0.756482  0.118904 -0.441105    1.3822
 0.757188  0.114662 -0.437878   1.38072
 0.757732  0.116493 -0.439669   1.38363
 0.757468  0.121502 -0.441192   1.38502
 0.760676  0.119757 -0.439885   1.39081
 0.769558  0.142605 -0.450284   1.41865
 0.751994  0.125862 -0.447183   1.37772
 0.747892  0.129443 -0.449364   1.37094
 0.750053  0.123761 -0.445795   1.37213
 0.747797  0.125964 -0.446912   1.36836
 0.747987  0.122871 -0.444449   1.36633
 0.748438  0.124157 -0.446163   1.36895
0.748506 0.127529 -0.44787  1.37097
 0.750866  0.125722 -0.447306    1.3753
 0.764343  0.152947 -0.454351   1.41128
 0.769929   0.13074 -0.441831   1.41337
 0.770786   0.13527 -0.439088   1.41447
 0.741149  0.137211 -0.451572   1.35949
 0.741886  0.135821 -0.451817   1.36092
0.739065 0.135813  -0.4503  1.35373
 0.737374  0.135814 -0.448806   1.34881
 0.738487  0.134211 -0.448331   1.35056
 0.738787  0.135067 -0.448774    1.3516
 0.741144  0.132902 -0.449948    1.3574
 0.739591  0.132597 -0.447986   1.35239
0.740606 0.130969 -0.44759  1.35401
0.740843 0.131859 -0.44807  1.35495
 0.740046  0.135422 -0.450167   1.35564
 0.739836  0.133428 -0.448409   1.35331
0.740917 0.133939 -0.45019  1.35727
0.740117 0.134336 -0.44999  1.35547
  0.73779  0.136615 -0.449223   1.35007
 0.739067  0.136874 -0.450646   1.35416
 0.738291  0.138202 -0.451325   1.35327
 0.738069  0.137141 -0.450881   1.35228
 0.739379  0.140296 -0.453988   1.35798
 0.739051  0.138881 -0.452791    1.3562
 0.740027  0.138297 -0.452024   1.35763
 0.773754  0.158646 -0.432848   1.42191
 0.737354  0.144018 -0.454636   1.35493
 0.735331  0.147937 -0.454736   1.35155
 0.735504  0.143314 -0.452112   1.34899
0.734327 0.145372 -0.45216  1.34693
 0.733882  0.143295 -0.450346   1.34386
 0.734239  0.144055 -0.451826   1.34626
 0.734931  0.146281 -0.453936   1.34983
  0.73639   0.14484 -0.453627   1.35237
 0.780497   0.17467 -0.408406   1.42666
 0.776776  0.162134 -0.417515   1.42115
 0.777635  0.166906 -0.416496   1.42321
 0.733729  0.151289 -0.455115   1.34919
 0.732506  0.155579 -0.454486   1.34713
 0.731762  0.150832 -0.452346   1.34284
 0.730972  0.153116 -0.452017   1.34142
 0.730116  0.151179 -0.450824   1.33785
 0.730546  0.151704 -0.451856   1.34013
 0.731607  0.153817 -0.453963    1.3445
 0.732776  0.152352 -0.453795    1.3465
 0.789051  0.193268 -0.445967   1.46308
 0.790718  0.194907 -0.448554    1.4676
0.790261 0.201244 -0.44483  1.46736
 0.789946  0.202584 -0.440844   1.46545
 0.784009  0.194486 -0.451545   1.45596
 0.787752  0.199033 -0.449296   1.46377
 0.730733  0.169113 -0.451373   1.34457
 0.731638   0.17444 -0.448782     1.346
  0.72845  0.169534 -0.447996   1.33727
 0.728784  0.172329 -0.446664    1.3377
  0.72681  0.171036 -0.446991   1.33284
 0.727441  0.170772 -0.446923   1.33471
 0.729481  0.172474 -0.448946    1.3411
 0.729803  0.170833 -0.449128   1.34149
 0.769027  0.159083 -0.437878   1.41457
 0.729957  0.178607 -0.446821   1.34233
 0.730542  0.176699 -0.446893   1.34312
 0.727855   0.17956 -0.443369   1.33547
 0.725232  0.181788 -0.442674   1.32944
 0.725259  0.178602 -0.443897   1.32949
0.726957 0.179919 -0.44384  1.33325
 0.727705  0.173669 -0.445894   1.33533
 0.725262   0.17557 -0.444976   1.32945
  0.72534   0.17263 -0.446036   1.32959
 0.726892  0.173843 -0.445999   1.33303
 0.729048  0.178083 -0.444286   1.33812
  0.72687   0.17686 -0.444962   1.33304
 0.728715  0.175071 -0.445715   1.33765
 0.727623  0.176462 -0.444596   1.33497
 0.736643  0.149857 -0.458179   1.35713
 0.739129  0.147062 -0.457707   1.36144
0.725646 0.197019 -0.43635  1.33029
 0.725356   0.19287 -0.438236   1.32976
 0.729026  0.193563 -0.436589   1.33724
 0.727727  0.194598 -0.438033   1.33495
 0.725248  0.188976 -0.439858   1.32953
  0.72515  0.185208 -0.441378   1.32931
  0.72835  0.186122 -0.440239   1.33615
  0.72722  0.186797 -0.441265   1.33388
 0.731642  0.191804 -0.440347   1.34513
 0.732099  0.189439 -0.440544   1.34558
 0.727407  0.190607 -0.439721   1.33429
 0.729747  0.187869 -0.439904    1.3393
  0.73047   0.19161 -0.437922   1.34049
 0.728465  0.189617 -0.438472   1.33615
 0.735128  0.168913 -0.456893   1.35753
 0.798014  0.225938 -0.415761   1.47639
 0.787029  0.226255 -0.409842   1.45068
 0.789957   0.23003 -0.408936   1.45735
 0.736554  0.178961 -0.452848   1.36044
 0.738842  0.201019 -0.439581   1.36288
 0.737326   0.19668 -0.440703   1.35928
 0.735826  0.208636 -0.430606   1.35255
 0.736185  0.205607 -0.430999   1.35268
 0.732377  0.211302 -0.426081   1.34271
 0.727887  0.216253 -0.426226   1.33418
 0.727221  0.211177 -0.429096   1.33306
 0.730442  0.213216 -0.428597   1.33996
 0.730729  0.201918 -0.431699   1.34001
 0.726565  0.206215 -0.431698   1.33187
 0.726173  0.201464 -0.434134   1.33122
 0.729044  0.203368 -0.433736   1.33739
 0.734147  0.208757 -0.428015   1.34677
 0.729647  0.208275 -0.431295   1.33853
  0.73281  0.204054 -0.431035   1.34452
 0.731281  0.206357 -0.428996   1.34073
 0.747967   0.20658 -0.437007   1.38203
  0.74111  0.229722 -0.415661   1.36116
 0.741876  0.225656 -0.416493     1.362
 0.736701  0.233066 -0.411202   1.34943
 0.730642  0.239793 -0.411869   1.33872
 0.729988   0.23341 -0.415865   1.33764
 0.734133  0.236042 -0.415116   1.34658
0.734816 0.221573 -0.41898  1.34653
 0.729384  0.227399 -0.419517   1.33665
 0.728686  0.221672 -0.422991   1.33551
 0.732429  0.223963 -0.422317   1.34351
 0.739027  0.229973 -0.414002   1.35487
  0.73328   0.22984 -0.418836   1.34503
 0.737422  0.224235 -0.417965   1.35217
 0.735504   0.22698 -0.415415   1.34742
 0.816715  0.262783 -0.353446   1.49961
0.773738 0.244169 -0.39361  1.42157
 0.844837  0.244835 -0.340028   1.54951
 0.799863  0.244465 -0.384413   1.47147
 0.887834  0.236739 -0.270397   1.62004
  0.80588   0.27425 -0.349818   1.48054
 0.798751   0.35707 -0.240598   1.45439
 0.798832  0.345755 -0.249451   1.45261
 0.788739  0.371916 -0.228428   1.43458
 0.776103   0.39322 -0.218475    1.4152
 0.771219  0.383152 -0.240549   1.40656
 0.781328  0.388482 -0.234796   1.42912
  0.78003   0.35206 -0.268133   1.41986
 0.767252  0.372127 -0.261696    1.3999
 0.763089  0.360921 -0.281157   1.39287
 0.772932   0.36623 -0.276075   1.41449
  0.79297  0.366753 -0.243222   1.44611
 0.777375  0.377424 -0.256221   1.42226
 0.786898   0.35777 -0.262136   1.43521
 0.783971  0.362256 -0.250234   1.42671
 0.906722  0.225207 -0.232026   1.64949
 0.794931  0.426388 -0.106266   1.44812
 0.787764  0.421336 -0.136554   1.43502
 0.808502   0.40393 -0.125795   1.46855
 0.799527  0.426055 -0.128273   1.46172
 0.783362  0.413088 -0.165902   1.42727
 0.779692  0.403025 -0.192263   1.42059
 0.800018   0.38818 -0.178379   1.45314
 0.790698   0.40886 -0.185181   1.44566
  0.82039  0.384351 -0.142014   1.48907
 0.821003  0.371802 -0.156386   1.48778
 0.795006   0.41836 -0.158096   1.45366
 0.807071   0.39465 -0.169715   1.46979
 0.813144  0.401803 -0.145645   1.48155
 0.803455   0.39774 -0.155031   1.45998
 0.937652  0.191589 -0.153268   1.69703
 0.820651  0.418143 0.0210937   1.49162
   0.814088    0.423826 -0.00892569     1.48019
   0.833773    0.402251 -0.00449532     1.51197
    0.825186     0.425041 -0.000274357      1.50543
  0.808188   0.426849 -0.0403636    1.47021
  0.801882   0.427291 -0.0725366     1.4594
  0.824271   0.405194 -0.0629527    1.49559
 0.814025  0.429609 -0.063651   1.48662
  0.847063    0.38335 -0.0225325    1.53369
  0.849089   0.374537 -0.0432173    1.53584
  0.819877   0.428536 -0.0316426    1.49657
  0.832264   0.408305 -0.0520774    1.51411
   0.83768   0.407264 -0.0238537    1.52398
  0.828873   0.405952 -0.0343491    1.50398
  0.955228   0.137519 -0.0252164     1.7157
0.844579 0.378015 0.117807  1.53312
 0.838795  0.389492 0.0986308   1.52296
 0.851561  0.373812 0.0974339    1.5434
0.845889 0.388193 0.104233  1.53913
 0.832956  0.400485 0.0760444   1.51288
 0.826838  0.409303 0.0506629   1.50184
 0.843618  0.389457 0.0536008   1.52901
 0.836094  0.409602 0.0588448    1.5233
 0.859505  0.368937 0.0800571   1.55697
 0.860146  0.368476 0.0618705   1.55711
 0.841246   0.39956 0.0827509   1.53179
 0.84926 0.389924  0.06377  1.54262
 0.853738  0.382237 0.0840112   1.55092
 0.847339  0.383501 0.0760429   1.53623
 0.950041  0.137158 0.0827305   1.70455
0.952564 0.131005 0.106671   1.7119
0.871692 0.332887 0.147836  1.57813
0.872315  0.33432 0.134459  1.57818
0.864954 0.333665 0.161465  1.56652
0.858903 0.334335 0.176892  1.55741
0.855994 0.344246 0.164467  1.55221
0.860402 0.342891 0.168039   1.5625
0.860051 0.351656 0.132956  1.55783
0.852999 0.354726 0.150549  1.54716
 0.84924 0.365499 0.135265  1.54067
0.854739 0.363935 0.139472  1.55327
0.866758 0.341423 0.152121  1.57216
 0.85793 0.353173 0.154275   1.5585
0.863724  0.35047 0.139007  1.56664
0.862404 0.343475 0.147515  1.56223
0.934229 0.128313 0.219808  1.68102
0.890298  0.33162 0.122101  1.61622
0.878154 0.299264 0.194484  1.58941
0.878557 0.301936 0.184692  1.58928
 0.87276 0.297481 0.205389  1.58046
0.867877 0.295162  0.21743  1.57312
0.865774 0.304571 0.208943  1.56936
0.869009 0.303131  0.21132  1.57694
 0.86954 0.314158 0.185476  1.57447
0.863616 0.314398 0.199328  1.56561
0.861266 0.323811  0.18871   1.5613
0.865086 0.322468 0.191909  1.57032
0.874102 0.304827 0.198936  1.58468
0.867189  0.31288 0.201925  1.57394
0.872013 0.312749 0.190129  1.58057
0.870952 0.306805 0.195654  1.57742
0.933167 0.138796 0.224978  1.67849
0.935199 0.128296  0.20295  1.68221
0.927028 0.130076  0.24914  1.67094
0.892678 0.299417 0.177881  1.61795
0.892758 0.205117  0.27181  1.61594
0.892704 0.208833 0.266696  1.61521
0.888634 0.200229 0.277904  1.60962
0.884182 0.193568  0.28282  1.60253
0.882608 0.202156  0.27982  1.59966
0.884874 0.200642 0.280692  1.60493
0.885996 0.215869 0.269723  1.60473
0.881287 0.210712 0.276197  1.59732
0.879962 0.218965 0.272103  1.59486
0.882234 0.217503 0.273346  1.60022
0.889393 0.206723 0.275277  1.61211
0.883564 0.209212 0.277177  1.60263
0.887619 0.214032 0.272036  1.60859
0.886988 0.208776 0.274074  1.60678
 0.91982 0.113404 0.271921  1.66267
0.923269 0.121425 0.259827  1.66705
0.918582 0.119772 0.272111  1.65943
0.914338 0.110009 0.281437  1.65351
0.908687 0.112643 0.293919  1.64612
 0.91069 0.118374 0.285059  1.64679
0.910971 0.111501 0.283674  1.64642
0.902782 0.116328 0.296191  1.63627
0.896901 0.118866 0.289108  1.62391
0.901808 0.127433  0.29308  1.63424
0.900372 0.120746 0.292965  1.63027
0.905956 0.133426 0.290343  1.64095
0.909955 0.129758 0.283909  1.64558
0.908751 0.131192 0.283369  1.64284
 0.90604 0.116284 0.292288  1.63986
0.904856 0.127021 0.290484  1.63759
0.909143  0.12218 0.282711  1.64288
0.906827 0.123652 0.292522  1.64237
0.925806 0.145329 0.256915  1.66983
0.915512 0.114134 0.280024  1.65516
0.913053 0.117643 0.279682  1.64962
0.914883 0.124141 0.272217  1.65126
0.912698 0.128809 0.281052  1.65059
0.924801 0.124849  0.25686  1.66722
 0.794299  0.204906 -0.438919   1.47433
 0.794931  0.198893 -0.443638    1.4755
 0.801782  0.201413 -0.436923   1.48712
 0.796546  0.201677 -0.439317   1.47726
 0.794053  0.195676 -0.447212   1.47417
 0.790668  0.188902 -0.442345   1.46414
 0.797756   0.18787 -0.439068   1.47699
 0.793672  0.189688 -0.441053    1.4697
0.811262 0.196363 -0.43372  1.50383
 0.807524  0.186177 -0.434346   1.49471
 0.827632  0.185742 -0.423099   1.53216
 0.81274 0.188127 -0.43049  1.50378
 0.796062  0.196475 -0.444695   1.47717
 0.801301  0.188688 -0.437472   1.48345
 0.803531  0.197503 -0.437372   1.48933
  0.80097  0.194936 -0.442437   1.48604
 0.739742   0.19102 -0.446573   1.36634
 0.955966 0.0979886 0.0936818    1.7161
 0.954098  0.144198 0.0772703   1.71541
 0.954719  0.124152 0.0657477   1.71423
 0.960838 0.0701921 0.0689094   1.72495
 0.958814  0.104115 0.0566305   1.72275
 0.962811 0.0432559 0.0349134    1.7296
 0.961395 0.0941151 0.0403079   1.72801
 0.956515  0.119891 0.0609417   1.71802
 0.958418  0.108751 0.0842769   1.72272
0.932834 0.137096 0.214155  1.67769
 0.759402  0.154204 -0.453905   1.40187
 0.759127  0.153486 -0.454315   1.40145
 0.759725  0.154442 -0.454391   1.40267
 0.758871  0.153598 -0.454838    1.4012
 0.758784  0.153872 -0.455033   1.40115
 0.758976  0.153459 -0.454626   1.40129
 0.758822   0.15343 -0.454675   1.40098
 0.760476  0.152806 -0.450908   1.40207
0.761167  0.15183 -0.44896  1.40234
 0.743597  0.138053 -0.455328   1.36742
 0.746977  0.135284 -0.454418   1.37342
 0.761156  0.157792 -0.452854   1.40514
 0.762514  0.152154 -0.450196   1.40562
  0.76528  0.151764 -0.456424   1.41403
 0.760331  0.151503 -0.450834    1.4015
 0.758082  0.127162 -0.445835   1.39018
 0.762708  0.126886 -0.444216   1.39901
 0.760216  0.152542 -0.452927   1.40249
 0.760906  0.150189 -0.449189   1.40162
 0.767248  0.148868 -0.456106   1.41744
 0.748744   0.13513 -0.453648    1.3766
 0.767978  0.145246 -0.449864   1.41526
0.758914 0.155142 -0.45469   1.4015
 0.758872   0.15532 -0.454858   1.40151
 0.759316  0.155502 -0.453791   1.40167
 0.758679  0.155143 -0.455065   1.40116
 0.762067   0.15772 -0.452854   1.40692
 0.760258  0.158014 -0.453185    1.4035
 0.758541  0.154384 -0.455141   1.40078
 0.760003  0.152875 -0.453002   1.40212
 0.758593  0.153972 -0.455023   1.40076
 0.759827  0.153902 -0.454444   1.40268
 0.759618  0.154138 -0.454435    1.4024
 0.763717  0.149219 -0.460203   1.41224
  0.75937   0.15392 -0.453931   1.40175
 0.758108  0.153715 -0.454085   1.39919
 0.759265  0.153761 -0.453898   1.40153
 0.758899  0.153335 -0.454145   1.40083
 0.758532   0.15361 -0.454451   1.40026
 0.759082  0.153472 -0.454418   1.40141
 0.759252  0.153791 -0.454184   1.40171
 0.758703  0.153309 -0.454211   1.40044
 0.773869  0.159658 -0.424885   1.41838
 0.733733   0.15727 -0.458263    1.3528
  0.73577  0.154433 -0.457933    1.3562
 0.740882  0.142254 -0.456818   1.36348
0.742583 0.149623 -0.46375  1.37204
 0.760576  0.151054 -0.450776   1.40195
 0.735474  0.160215 -0.458887   1.35745
  0.76376  0.159106 -0.453983   1.41102
 0.758378  0.154385 -0.454834   1.40023
  0.76239  0.159281 -0.454473   1.40855
 0.758432  0.154887 -0.455032   1.40052
 0.758552  0.155249 -0.455034   1.40082
  0.75687  0.160902 -0.448769   1.39525
 0.760065  0.155835 -0.450585   1.40162
0.759431 0.155044 -0.45084  1.40037
 0.758727   0.15526 -0.451741   1.39944
 0.758232  0.154514 -0.454794   1.39992
 0.759499   0.15525 -0.452032   1.40112
  0.75888  0.155522 -0.454842   1.40144
 0.759188   0.15552 -0.454622    1.4019
  0.75942  0.156138 -0.450825   1.40047
 0.759066   0.15548 -0.454763   1.40177
 0.758879  0.155586 -0.454254   1.40106
  0.94846  0.161318 0.0831464    1.7039
 0.949863  0.158396 0.0866464   1.70712
 0.881886  0.356894 0.0601816   1.60156
0.905501 0.266175  0.19219  1.63725
 0.950352   0.15898 0.0734097   1.70722
0.954538 0.150802 0.025959  1.71484
  0.954169   0.146212 0.00102208    1.71321
  0.956046   0.142783 0.00106262    1.71786
0.956127 0.144371 -0.01555  1.71874
0.953938 0.148817 -0.05518  1.71564
 0.947816  0.169727 0.0351605   1.69977
 0.950519  0.168794 0.0320975   1.70652
  0.955297   0.132721 -0.0570621    1.71722
 0.850132  0.348573 -0.178773   1.55016
   0.951926    0.160232 -0.00981651     1.70902
  0.949927   0.164919 0.00873658    1.70426
 0.940593  0.149528 -0.146962   1.69511
 0.946298  0.163866 -0.130139   1.70878
  0.93034  0.174691 -0.186981     1.683
0.828223 0.324349  -0.2633  1.51655
  0.853256   0.363194 -0.0848062    1.54482
  0.84532   0.34652 -0.115222   1.52445
 0.915515   0.19315 -0.226114   1.66112
 0.897771  0.210366 -0.263737   1.63434
0.798406   0.3024 -0.32702  1.46631
 0.911669  0.250422 -0.177639   1.65334
  0.87883  0.227118 -0.294506   1.60483
0.779361 0.276472 -0.37065  1.43521
 0.891293  0.267417 -0.222247   1.62163
 0.827793  0.238537 -0.369377   1.52213
 0.839464  0.243485 -0.357694   1.54453
 0.841027  0.275215 -0.313086   1.54075
 0.809965  0.234539 -0.392921   1.49271
 0.819961  0.240646 -0.384437   1.51243
 0.801708  0.229933 -0.415018   1.48482
 0.798274  0.238407 -0.401089   1.47373
 0.806508  0.232927 -0.410296   1.49366
0.926699  0.12726 0.200177  1.67104
0.906699 0.072868 0.206988  1.62331
0.925551 0.126949 0.195537  1.66475
0.912371 0.195501 0.285122  1.64269
0.924538 0.201959 0.259795  1.66581
0.898684 0.152681 0.310519  1.61466
0.906746 0.168733 0.302093  1.63151
 0.93196 0.149007 0.227576  1.67484
  0.9182 0.185361 0.270974  1.65245
 0.93205 0.150157 0.230103  1.67556
0.932166 0.148889 0.230095  1.67625
0.932565 0.145211 0.228281  1.67707
0.897828 0.242434 0.241265  1.62634
0.929709 0.149798  0.23173  1.66975
0.933124 0.132895 0.214571  1.67754
 0.93269  0.15122 0.235962  1.67939
 0.948304 0.0731366  0.180614   1.70677
  0.94615 0.0751263  0.193015   1.70347
  0.94044 0.0930958   0.19923   1.69152
 0.944966 0.0982551  0.184154   1.70067
 0.944319 0.0858731  0.183962   1.69789
0.929165 0.149908 0.231772  1.66915
0.929758 0.148354 0.227499  1.67063
 0.93526 0.119924 0.203296  1.68107
0.904704 0.291425 0.121358  1.63232
0.937133 0.111467 0.212187  1.68672
0.940282  0.17347 0.188712  1.69901
0.937984 0.169376 0.191802  1.69412
0.932195 0.150111 0.198139  1.68505
0.937511 0.177528 0.204992  1.69261
 0.93346 0.154062   0.2323  1.68129
0.932455 0.155754 0.228775  1.68093
0.932277 0.186541 0.230363  1.68073
0.928909 0.147543 0.230763  1.66769
 0.92699 0.188714 0.247385  1.66967
0.927038 0.140673 0.225103  1.66478
0.921489 0.118101 0.197933  1.65341
0.930503 0.140423 0.204424  1.67293
0.920961 0.113074  0.20144  1.65658
0.928926 0.153766 0.222553  1.67588
0.918641 0.102532 0.212457    1.652
  0.9115  0.13874 0.274315   1.6352
0.919294 0.181346 0.258263  1.65577
 0.892043 0.0309455  0.247125   1.59023
0.915578 0.102229 0.192751  1.64569
 0.91372 0.153295 0.275406   1.6434
0.906833 0.185115 0.267214  1.63943
0.909337 0.148806 0.279073  1.64371
0.907831 0.161707 0.273988  1.64093
0.902119 0.213667 0.258867  1.63325
0.929714 0.140972 0.247289  1.67543
0.928511 0.149339 0.233811  1.66714
 0.90302 0.230057 0.230833  1.62962
0.932793  0.15265 0.235938  1.68027
0.934174 0.181058 0.218709  1.68682
0.937074 0.176149 0.210363  1.69209
0.928864 0.152625 0.249026  1.67433
0.932323 0.149439 0.217956  1.68079
0.930333 0.144146 0.203221  1.67912
0.930035 0.151372 0.205942  1.68135
0.931261 0.176826 0.222442   1.6803
0.930906 0.145895 0.199229  1.68037
0.941173 0.166083 0.204402   1.6947
0.938615 0.157197  0.20345  1.69246
0.931668 0.152003 0.217713  1.68077
0.940646 0.159928 0.204296  1.69422
0.936674 0.159891 0.206491  1.68967
 0.755326  0.130598 -0.448633   1.38657
 0.763501  0.150538 -0.457087   1.41043
0.762095 0.150347 -0.45163   1.4051
  0.76467  0.139146 -0.452456   1.40889
 0.743937  0.140685 -0.456626   1.36941
 0.765889  0.162146 -0.439152   1.40927
 0.759555  0.151909 -0.453186   1.40112
 0.740782  0.146112 -0.458285   1.36494
 0.768984  0.163963 -0.426961   1.40997
 0.760152   0.16217 -0.444721    1.4002
 0.771252  0.184663 -0.444605   1.42525
 0.745988  0.143161 -0.461705   1.37667
  0.73233  0.165785 -0.456797   1.35094
 0.733695  0.162762 -0.456747   1.35306
 0.745231  0.185027 -0.453706   1.37927
  0.74057  0.167075 -0.462769   1.37096
 0.732599  0.175601 -0.453325   1.35171
 0.733287  0.172313 -0.453587   1.35252
 0.741922  0.175442 -0.459499   1.37363
 0.734413  0.187153 -0.447644   1.35489
 0.734487   0.18336 -0.448224   1.35447
 0.762873  0.221424 -0.416293   1.40396
 0.756002  0.194504 -0.451301   1.40133
  0.78634  0.206154 -0.440832   1.45963
 0.777539  0.199323 -0.450045   1.44449
 0.780017  0.205324 -0.440249   1.44605
 0.745715   0.22071 -0.427807   1.37582
 0.744809  0.214976 -0.429147    1.3731
 0.757485  0.206583 -0.434276   1.39824
 0.753439  0.244389 -0.406951   1.38765
 0.752978  0.235841 -0.410205   1.38586
 0.766522  0.250326 -0.401514   1.41444
 0.763871  0.271107 -0.378168   1.40366
 0.762248  0.260745 -0.383489   1.39948
 0.789886  0.253042 -0.385506    1.4551
 0.779573  0.299498 -0.337647   1.42845
 0.774958  0.287771 -0.346068   1.41806
 0.80269 0.326907 -0.27946  1.46577
 0.794096  0.314641 -0.291867   1.44674
0.867389 0.279286 -0.26683  1.58486
 0.856885  0.265857 -0.305154   1.57073
 0.829061   0.35257 -0.192066   1.50672
 0.824213  0.336232 -0.210395   1.49422
  0.938904   0.205304 -0.0976065    1.69316
 0.897459  0.291988 -0.137036   1.62329
  0.950744   0.156268 -0.0562129    1.70829
 0.920678  0.212064 -0.172741   1.66372
 0.870737  0.355043 0.0420593   1.57411
   0.872772    0.356915 -0.00678567     1.58075
0.878687 0.336727 0.113384  1.59004
 0.878295  0.338931 0.0838225   1.58751
0.946823 0.164143 0.100717  1.70062
 0.942604  0.199828 0.0498458   1.69166
 0.94843 0.173001 0.057845  1.70268
 0.88606 0.302058 0.169264  1.60189
0.887349 0.306023 0.146656  1.60283
0.900368 0.273225 0.162269   1.6221
0.889264 0.273372 0.209658  1.60816
0.890202 0.280965 0.190263  1.60879
0.892323 0.246291 0.238019  1.61397
0.892363    0.253 0.224872  1.61277
0.931694 0.143638 0.221971  1.67508
0.896618 0.217762 0.258127  1.62151
0.895978 0.224403 0.248337  1.61906
 0.90273 0.188024 0.271537  1.63236
0.900639 0.194812 0.264377  1.62688
 0.91472 0.146372 0.275394  1.65475
0.930513 0.144889 0.221631  1.67224
0.778687 0.232866 -0.40899  1.43704
 0.790739  0.211109 -0.432485   1.46549
 0.795382  0.215954 -0.427657   1.47413
 0.796428  0.220541 -0.421863   1.47465
 0.798941  0.224029 -0.418497   1.47926
 0.789002  0.221872 -0.418675   1.45838
 0.794526  0.218592 -0.422524   1.47035
0.768818 0.213089 -0.42807  1.42034
 0.787148  0.191341 -0.448385   1.45993
 0.778083  0.188373 -0.441788   1.43904
 0.785395  0.192674 -0.450514    1.4578
 0.951696 0.0841771  0.122744   1.70736
 0.951415 0.0716949  0.147704   1.70878
 0.948821 0.0542078  0.144642     1.701
0.946571 0.085858 0.155723   1.6988
  0.94985 0.0886821  0.143551   1.70544
0.928323 0.148083 0.223075  1.66802
0.941789 0.114591 0.160352  1.69037
 0.949223  0.147375 0.0931936   1.70408
 0.759461  0.153849 -0.453955   1.40189
 0.759118  0.153418 -0.453979   1.40119
 0.758947  0.153314 -0.454081   1.40087
 0.759716  0.153998 -0.454651   1.40266
 0.759976  0.153676 -0.454604   1.40302
 0.758419  0.153959 -0.454636   1.40017
 0.762353   0.16073 -0.452985   1.40805
 0.759259  0.153484 -0.454111   1.40147
 0.750314   0.13854 -0.459056   1.38324
 0.759456  0.153753 -0.454748   1.40211
 0.761161  0.149566 -0.449563   1.40227
0.756122 0.135515 -0.45607  1.39309
 0.757614  0.154408 -0.453629   1.39804
 0.762329  0.149438 -0.453524   1.40638
  0.76415  0.146535 -0.457333   1.41116
0.757596 0.147768 -0.45248  1.39611
0.759904 0.135958 -0.45577  1.40055
 0.770703   0.13781 -0.442451   1.41619
 0.764019  0.136836 -0.454245    1.4085
  0.75994  0.148799 -0.450024   1.39981
 0.758844  0.155422 -0.454956   1.40142
0.758647 0.155372 -0.45491  1.40096
 0.758712  0.155351 -0.453366   1.40024
 0.758378  0.155048 -0.454932   1.40037
 0.761272  0.159811 -0.454884   1.40656
 0.757888  0.154289 -0.453978   1.39875
 0.758243  0.154079 -0.454615    1.3998
0.759543  0.15329 -0.45477  1.40212
 0.760431  0.159644 -0.455315   1.40512
  0.75832  0.153701 -0.454461   1.39983
 0.758975  0.152805 -0.455292   1.40112
0.758482 0.153434 -0.45433  1.40006
 0.758617  0.153303 -0.454142   1.40019
0.758701 0.153393 -0.45429   1.4005
0.759222 0.153575 -0.45398  1.40145
 0.758045  0.153606 -0.454133   1.39905
 0.759281  0.153571 -0.454015   1.40148
 0.758901  0.153295 -0.454075   1.40072
0.765284 0.162754 -0.43362  1.40549
 0.741102    0.1596 -0.464218   1.37132
 0.748068  0.151285 -0.470893   1.38675
 0.763278  0.161473 -0.443504   1.40596
 0.761998  0.160939 -0.450472   1.40638
 0.759691  0.150292 -0.451119   1.40013
 0.761122  0.160498 -0.454483   1.40627
 0.758012  0.154477 -0.454084   1.39908
  0.75822  0.154992 -0.454247   1.39966
 0.759869  0.161429 -0.451277   1.40248
   0.7597  0.157852 -0.453298   1.40248
 0.759039   0.15598 -0.451342   1.39997
0.758381 0.155243 -0.45402   1.3999
  0.75961  0.160693 -0.455039   1.40347
  0.75899  0.155402 -0.451005   1.39961
 0.758873  0.155473 -0.452788   1.40027
 0.758805  0.155513 -0.454507   1.40105
 0.758231  0.155748 -0.452081   1.39868
 0.758574  0.155456 -0.454602   1.40062
 0.758385  0.155413 -0.453489   1.39964
 0.947251  0.173379 0.0802344   1.70118
 0.900247  0.314107 0.0806375   1.62672
 0.897668  0.323273 0.0275679   1.62155
0.896278 0.294993 0.110671  1.61302
  0.952356   0.165121 0.00376501    1.71082
 0.890606  0.311332 0.0496483   1.60143
  0.953039   0.167236 -0.0262637    1.71387
  0.947935   0.189622 -0.0144409    1.70384
  0.948332   0.191182 -0.0506166    1.70841
 0.944258  0.197706 0.0142863   1.69519
 0.945347  0.177997 -0.096721   1.70364
0.934966 0.189881 -0.13248  1.68563
0.881305 0.334964 -0.14011  1.60529
  0.928724   0.245538 -0.0885997    1.67601
0.868716  0.31689 -0.20574  1.58328
 0.938336  0.219362 -0.050803   1.68893
 0.902594  0.232274 -0.215239   1.63638
 0.880801  0.250109 -0.259434   1.60357
 0.834392  0.307818 -0.261292   1.51963
 0.885394  0.273732 -0.200848   1.60351
  0.80503  0.287515 -0.318586   1.46922
 0.851992   0.29756 -0.251363   1.55239
 0.823136  0.243023 -0.371866   1.51429
 0.804652  0.240406 -0.394681   1.48491
 0.827895  0.292013 -0.305162   1.51665
 0.835201  0.263763 -0.343791   1.53717
0.919799 0.114481 0.204075  1.65049
 0.909661 0.0879739  0.234066   1.62644
 0.91616 0.140989 0.267814  1.64622
0.925283 0.137476 0.231968  1.66229
0.927333 0.146282 0.234231  1.66488
0.925741 0.186168  0.24217  1.66959
 0.93058 0.154723 0.241799  1.67653
0.919242  0.13638 0.245691  1.65005
0.921481 0.175583 0.249077  1.66087
0.930222 0.149863 0.230464   1.6716
0.909201 0.223994 0.241276  1.64496
0.926745 0.149982  0.23488  1.66311
0.931424 0.139114   0.2131  1.67418
0.930016 0.171718 0.231705  1.67529
0.906229 0.246548 0.219778   1.6391
0.927864 0.151151 0.232502  1.66629
0.933266  0.13108 0.201708  1.67747
0.936681 0.120677 0.186657  1.68296
0.939575 0.120691  0.18116  1.68903
0.929602 0.147866 0.221785  1.67085
0.939182 0.168859 0.203453  1.69636
0.937456 0.167814 0.206709  1.69053
0.934993 0.158524 0.209193   1.6872
0.935058 0.173808 0.213664  1.68648
0.932088 0.156872 0.236057  1.67947
0.929616 0.172382 0.230783  1.67504
 0.92687 0.177891 0.233925  1.67194
 0.92486 0.147034 0.235946  1.65941
 0.92228 0.140137 0.235337  1.65514
0.927446 0.150082 0.229525  1.66583
0.923878 0.151511  0.23883  1.65751
0.915783 0.167313 0.266398  1.64888
0.925069 0.149005 0.237972  1.65971
0.912777 0.162631 0.272718  1.64046
0.916452 0.102448 0.220465  1.64313
0.920463 0.166077 0.248955  1.65775
0.914667 0.109672 0.208698  1.63676
0.915772 0.140926 0.254222  1.64323
0.918063 0.143795 0.261635  1.65533
 0.90993 0.168138 0.274231  1.64533
0.922998 0.141179 0.259418  1.66604
0.917816 0.158121 0.264593  1.65677
 0.92773 0.147846 0.247345  1.67177
0.928693  0.15018 0.227892   1.6686
0.930976 0.155669 0.240385  1.67757
0.931824 0.175983 0.227184   1.6809
0.931575  0.15508  0.23154  1.67916
0.935639 0.172977 0.221239  1.68711
 0.93081 0.151395 0.220246  1.67894
0.929348 0.147339 0.207693  1.67803
0.937804 0.167498 0.216691  1.68849
0.929924 0.161572 0.240363  1.67621
0.930061 0.148961 0.203834  1.67956
0.931216  0.15347 0.202081  1.68341
0.939865 0.164478 0.211273  1.69172
0.929213 0.154405  0.21095  1.67897
0.938601 0.169045 0.212313   1.6903
0.937057 0.167405 0.217713  1.68646
0.754101 0.138288 -0.45728  1.39006
 0.760188  0.148178 -0.456764   1.40335
 0.760063  0.143862 -0.460932   1.40429
 0.749567  0.142366 -0.460649   1.38332
   0.7591  0.160743 -0.453351   1.40185
 0.74616 0.147944 -0.46359    1.379
 0.759621   0.14986 -0.451304   1.40007
  0.74311  0.153149 -0.464336   1.37419
 0.739547  0.155371 -0.463816   1.36702
 0.761373   0.18555 -0.462781   1.41525
 0.737697  0.162496 -0.462874   1.36414
 0.749415  0.186034 -0.460391   1.39072
0.746533 0.160294 -0.47259  1.38633
 0.737554  0.170718 -0.460313   1.36408
 0.747677  0.173858 -0.469883   1.38985
 0.739182  0.180037 -0.455301   1.36656
 0.751001  0.181602 -0.465576    1.3958
 0.742642  0.190837 -0.447522   1.37169
 0.750503  0.196659 -0.445239   1.38808
 0.751051  0.203863 -0.436901   1.38614
 0.786099  0.265327 -0.360922   1.43921
   0.8157  0.255203 -0.373449   1.50437
 0.863083  0.317634 -0.168405   1.56199
 0.909285   0.25379 -0.160623   1.64452
 0.884294  0.332311 -0.086234    1.6019
 0.923763   0.23265 -0.122616   1.66555
  0.897579   0.313927 -0.0842912     1.6248
 0.889624  0.320402 -0.019527   1.60315
 0.913972  0.295657 0.0516522   1.64931
 0.945567  0.200046 0.0448756   1.69921
0.941062 0.138319 0.151511  1.68903
 0.925584  0.268708 0.0442284   1.66774
0.936196 0.175435 0.161495  1.68238
0.907049 0.276408 0.154108  1.63698
0.917875 0.240831 0.193136  1.65699
0.916229 0.248452 0.170316  1.65099
0.921681 0.264055 0.107758  1.66017
  0.9007 0.252067 0.203439  1.62419
0.930561 0.144181 0.213106  1.67326
0.940765 0.189879 0.132409  1.69189
0.914416 0.165321 0.261099  1.64898
0.919961  0.18673 0.250083  1.66056
0.907246 0.205916 0.250575  1.63822
 0.91168 0.184162 0.261751  1.64682
 0.787922  0.211565 -0.433802   1.46064
 0.775492  0.208144 -0.428926   1.43138
 0.780332  0.216782 -0.426265   1.44256
 0.765769  0.197013 -0.447777   1.42035
 0.768814  0.193552 -0.457172   1.42904
 0.771215  0.180101 -0.447792    1.4269
0.947033 0.116007 0.126619  1.69904
0.946072 0.111332 0.158822  1.70027
0.932285 0.140371 0.201777  1.67675
0.948567 0.118841 0.121586  1.70189
0.929325 0.147982 0.204668  1.67167
 0.944908  0.165454 0.0908849   1.69476
0.928021 0.249261 0.103607  1.67071
 0.759455  0.153589 -0.455126   1.40224
 0.758317  0.153386 -0.454195   1.39959
  0.75957  0.153037 -0.455069   1.40229
 0.758001  0.154088 -0.454059   1.39901
 0.759578  0.151556 -0.453198   1.40116
 0.754764   0.15127 -0.469433   1.39909
 0.754828  0.146026 -0.467014    1.3975
 0.758787  0.157676 -0.453631   1.40072
 0.758506  0.150857 -0.453498   1.39903
 0.759709  0.148217 -0.450868   1.39971
 0.760689  0.149023 -0.454121   1.40319
 0.761232  0.148845 -0.461085   1.40747
 0.760351  0.147743 -0.464748   1.40738
 0.764177  0.144794 -0.459435   1.41223
 0.759706   0.14215 -0.463169   1.40483
 0.758561  0.149514 -0.451703   1.39799
 0.757955  0.154611 -0.454015   1.39894
  0.75854  0.157401 -0.453721    1.4003
 0.759269  0.159531 -0.455737   1.40291
 0.757783  0.159879 -0.456554   1.40038
 0.757886  0.153917 -0.454044   1.39873
 0.759051  0.153467 -0.455274   1.40145
0.758883 0.153246 -0.45451   1.4008
 0.759042  0.160237 -0.456102   1.40282
 0.756213  0.158526 -0.456864   1.39728
 0.758324  0.153444 -0.454132   1.39962
  0.75865  0.153283 -0.454151   1.40022
 0.757542   0.15404 -0.454381   1.39816
0.746011 0.166541 -0.47204  1.38619
 0.760458   0.16334 -0.435524   1.39643
 0.743701  0.162518 -0.471862   1.38053
0.759141 0.161104 -0.44791  1.39957
 0.758742  0.151127 -0.453519    1.3995
 0.75214 0.151662 -0.47061  1.39441
 0.757679  0.154653 -0.453289   1.39801
 0.755968  0.159813 -0.444344   1.39111
  0.75723  0.150558 -0.453694   1.39652
 0.758873  0.159187 -0.455981   1.40226
 0.757913  0.154825 -0.453146   1.39845
 0.757396  0.154976 -0.453523   1.39759
 0.758388  0.155994 -0.451582   1.39875
 0.758158  0.155174 -0.454099   1.39947
  0.75776  0.156693 -0.453918   1.39873
 0.758281  0.155377 -0.451908   1.39863
0.942488 0.200074 0.103189   1.6947
 0.943979  0.202173 0.0727106   1.69664
  0.941103   0.226496 -0.0114897    1.69446
 0.910609   0.28547 0.0686899   1.63895
   0.946232    0.205122 -0.00812104     1.70272
  0.935882   0.226624 -0.0501521    1.68406
  0.945132   0.201171 -0.0502815    1.70176
  0.936193   0.207856 -0.0889515    1.68505
  0.927501   0.244613 -0.0753421    1.67086
  0.935509    0.22979 -0.0160253    1.68188
 0.910838  0.291668 -0.125074   1.65291
  0.925589   0.267264 -0.0473802    1.66963
  0.91658  0.269102 -0.123419   1.65938
 0.896152  0.293775 -0.166392   1.62693
  0.9226 0.145229 0.240927  1.65548
0.917424  0.15835 0.256007  1.65071
0.927516 0.176666 0.234803    1.673
0.915462 0.152229 0.256983  1.64446
0.926565   0.1506 0.234876   1.6634
0.928342 0.161259 0.244153  1.67329
0.927469 0.151382   0.2233  1.66687
0.929856 0.154072 0.220273  1.67799
0.929134 0.144541 0.214545  1.67008
0.925419 0.152147 0.232043  1.66184
0.917335 0.224927 0.218969  1.65654
0.925658 0.153114 0.235522  1.66169
0.932913  0.13685 0.192234  1.67711
0.919506 0.176836 0.251817   1.6579
0.913861  0.22852 0.205682   1.6467
0.926902  0.14881 0.217098  1.66632
0.933649 0.171367 0.224016   1.6816
0.927885 0.150415  0.21231  1.67546
0.930637 0.158585 0.231518  1.67809
0.928298 0.167894 0.234921  1.67079
0.924984 0.170854 0.239348  1.66673
0.920828 0.149019 0.242243  1.65234
0.922758 0.173701 0.244043  1.66313
0.91822 0.16494 0.25295 1.65245
0.919176 0.146898 0.247404  1.64986
0.927908 0.156276 0.222685  1.67444
0.916772 0.150137 0.256434  1.64758
0.924335 0.152264 0.238171  1.65885
0.922816 0.157925 0.255103  1.66436
0.922831 0.173327 0.253898  1.66558
0.927128 0.162167 0.248598  1.67173
0.926605  0.15267 0.229907  1.66445
0.926151 0.152893 0.217205  1.66568
0.929563 0.158467 0.233896  1.67572
0.932862 0.170742  0.22501  1.68066
0.925342 0.169555 0.245067  1.66808
0.932463 0.164266 0.219565   1.6803
0.925775 0.151405 0.212594   1.6657
0.928827 0.151873 0.208485  1.67748
0.934047 0.166379 0.217707   1.6836
0.928284 0.155955 0.211847  1.67665
0.930194 0.156183   0.2076  1.68082
 0.755608  0.142456 -0.464427   1.39706
 0.757163  0.148203 -0.459983   1.39877
 0.751314  0.146234 -0.468506   1.39115
 0.751088  0.150311 -0.470268   1.39242
 0.758371  0.148136 -0.451363   1.39716
 0.748432  0.154886 -0.471978   1.38881
 0.745351   0.15653 -0.471977    1.3828
 0.756043   0.17159 -0.453981   1.39736
 0.743578  0.169424 -0.470395    1.3808
 0.757217  0.149428 -0.452404   1.39561
 0.745655  0.177605 -0.466999   1.38473
 0.756221  0.161346 -0.441283   1.39027
 0.762312  0.177124 -0.451152   1.40938
 0.757033  0.168896 -0.454671   1.39966
 0.760596  0.189282 -0.460169   1.41257
 0.754308  0.168892 -0.456804   1.39505
  0.910758   0.294207 -0.0865824    1.64764
  0.901715   0.315577 -0.0325532    1.62958
  0.917003   0.289419 -0.0827255    1.65996
 0.908737  0.292083 0.0182619   1.63521
 0.926111  0.265682 0.0795214   1.66951
 0.929423  0.271868 0.0341001   1.67774
 0.917915  0.285764 0.0851142   1.65739
0.916697 0.274289 0.111181  1.65302
0.939584 0.140066 0.164624  1.68867
 0.91464 0.257241  0.13984  1.64524
  0.9121 0.245857 0.175646  1.64149
0.936601 0.135311 0.176874   1.6828
0.915093 0.211119 0.228128  1.64996
0.926431  0.24497 0.129053  1.66805
0.911668 0.200636 0.257466  1.64899
0.916245 0.180984 0.260634  1.65596
0.928175 0.149264 0.214689  1.66899
0.932241 0.149093 0.188166  1.67619
 0.761777  0.174663 -0.451779   1.40877
 0.754482  0.180618 -0.465463   1.40138
0.769579 0.197225   -0.453  1.42886
 0.756337  0.190061 -0.458142   1.40472
0.935264 0.137808 0.186819   1.6819
0.944475 0.149608 0.129152  1.69627
0.943249 0.151155 0.119143  1.69142
0.926844 0.152765 0.206211  1.66818
 0.940099  0.198838 0.0805135   1.68674
 0.93327 0.238503 0.102132  1.67994
0.922905 0.233933 0.161932   1.6612
0.930793 0.165972 0.189325  1.67365
 0.759017  0.153333 -0.454199   1.40097
 0.758722  0.153255 -0.454576   1.40049
 0.758947  0.153318 -0.455759   1.40144
 0.757845  0.153686 -0.454671   1.39884
 0.758241  0.153463 -0.454659   1.39963
 0.758853  0.152572 -0.455666   1.40103
 0.757426  0.160505 -0.453964   1.39865
 0.757884  0.153719 -0.454437   1.39886
 0.758212   0.15254 -0.455897    1.3998
 0.758145  0.149203 -0.452073   1.39733
 0.758077  0.148478 -0.465557   1.40326
 0.748109  0.160443 -0.471745   1.38843
 0.752101  0.154574 -0.471453   1.39538
  0.75851  0.148755 -0.457394   1.40031
 0.757616  0.154745 -0.453449   1.39799
 0.757773  0.158242 -0.456398   1.40012
 0.757473  0.154431 -0.453911   1.39787
 0.757881  0.158702 -0.456332   1.40029
 0.757643  0.154049 -0.454058   1.39825
 0.758506  0.153408 -0.455902    1.4006
 0.758269  0.153296 -0.454737   1.39964
 0.757247  0.154711 -0.454481    1.3977
 0.758281  0.153309 -0.455566   1.40002
 0.75787 0.152447 -0.45612  1.39923
 0.750554  0.158557 -0.472216    1.3934
  0.74979  0.163584 -0.471826   1.39258
 0.747854  0.165875 -0.470768   1.38837
 0.756626  0.159847 -0.451108   1.39577
 0.757244  0.159786 -0.455447   1.39892
 0.752198  0.156745 -0.448489   1.38487
 0.752341  0.154596 -0.462423   1.39152
  0.75765  0.159367 -0.457203    1.4004
 0.757425  0.155448 -0.453237   1.39757
0.756381 0.150655 -0.45399  1.39492
0.757745  0.15693 -0.45402  1.39872
  0.75767   0.15519 -0.452775   1.39781
 0.757813  0.155029 -0.452698   1.39803
0.758188 0.155165 -0.45256  1.39875
  0.75725  0.156026 -0.454368    1.3978
  0.75767  0.155587 -0.452287   1.39759
 0.936146  0.236473 0.0749714   1.68472
 0.938755  0.242159 0.0647421   1.69221
 0.935722  0.237699 0.0244112   1.68293
0.941565 0.226162 0.023591   1.6948
  0.910936   0.291691 -0.0358008    1.64228
  0.924832   0.265952 0.00104343     1.6652
0.918259 0.144294 0.247506  1.64838
0.918299   0.1511 0.247687  1.64858
0.921917 0.150429 0.241969  1.65369
0.921666 0.160948  0.24644  1.65727
0.924786 0.165586 0.241457  1.66389
0.919556 0.158033 0.247496  1.65263
0.927308 0.163201 0.234636  1.67153
0.919769 0.155116 0.248514  1.65249
0.924238  0.15608 0.238498  1.65934
0.926282 0.150995 0.225337  1.66433
 0.92787 0.146955 0.208554  1.66879
0.924925 0.159601 0.222779  1.66784
0.929518  0.14672 0.199356  1.67199
0.925115 0.155325 0.232228  1.66182
0.925029 0.156308 0.211383  1.66575
 0.92577 0.154392 0.225473  1.66402
0.932984 0.159587 0.213629  1.68363
0.934597 0.162073  0.21024  1.68633
0.931249 0.167467  0.22776  1.67663
0.926323 0.152575 0.215576  1.67208
0.926932 0.156681 0.223843  1.67204
0.924758 0.155478  0.21963  1.66375
0.926314 0.170087 0.238053  1.66807
0.922118 0.155452 0.242551  1.65537
0.928283 0.167243 0.233027  1.67111
0.922541 0.165267 0.243794  1.65994
0.921147 0.155189 0.243152  1.65355
0.926826 0.164066  0.23547  1.66764
0.921354 0.190511 0.231729  1.65975
0.916993 0.192395  0.24329   1.6531
0.922576 0.180401 0.240136  1.66253
0.927309 0.168353 0.243687  1.67217
0.928521 0.162299 0.233761  1.67443
0.930428 0.166626  0.22702  1.67639
0.929835 0.161015 0.222268  1.67627
0.925213 0.168825 0.232579  1.66735
0.927035 0.153196 0.213243  1.67373
0.927801 0.159683 0.218184  1.67408
 0.92725 0.154415 0.214882  1.67435
0.931516 0.163681 0.220303  1.67994
 0.755648  0.148024 -0.468162   1.39959
 0.755596  0.148566 -0.453809   1.39282
 0.757606  0.150754 -0.453829    1.3973
 0.756675  0.149303 -0.452695   1.39467
 0.749656  0.155644 -0.471801   1.39073
0.753964 0.158215 -0.44787  1.38851
 0.754338  0.166516 -0.458314   1.39571
 0.755708  0.150711 -0.453363   1.39333
 0.751599  0.164388 -0.459338   1.39009
 0.752059  0.157734 -0.461625   1.39119
 0.750766   0.16913 -0.470313   1.39478
 0.749693  0.172146 -0.468215   1.39186
  0.915482   0.295858 0.00470371     1.6525
  0.931952   0.273242 -0.0194025    1.68518
0.922045 0.254627 0.133444  1.66115
0.935635 0.227441 0.125875  1.68511
0.922459 0.225453  0.18461   1.6618
0.935454 0.154758 0.175181  1.68102
 0.92638 0.166721 0.234104  1.67048
0.917267 0.208474 0.232924  1.65476
0.923591 0.204613 0.219605  1.66565
0.918653 0.197261 0.241771  1.65769
0.925703 0.218736 0.180548  1.66657
0.922376 0.209111 0.204723  1.66071
0.93132 0.14885 0.19271  1.6753
0.933468 0.214515 0.163527  1.68194
0.928673 0.157714 0.199937  1.67117
0.934579 0.152606 0.177834  1.68046
  0.93765  0.238302 0.0964219   1.69034
0.929473 0.259814 0.078686  1.67519
0.938776 0.190944 0.116212  1.68496
0.932663 0.232173 0.125259   1.6792
 0.758305  0.153333 -0.456744   1.40056
  0.75726   0.15419 -0.455799   1.39818
 0.757076  0.154867 -0.455126   1.39764
0.757808 0.153864 -0.45578  1.39926
 0.754068  0.151913 -0.462018   1.39427
 0.757706  0.153471 -0.455686   1.39891
 0.756746  0.148599 -0.452841   1.39469
 0.756953  0.155207 -0.456568    1.3981
 0.754374  0.150129 -0.461669   1.39429
 0.756786  0.152608 -0.456592   1.39732
0.757194 0.155281  -0.4542  1.39753
 0.756893  0.158329 -0.457811     1.399
 0.757406  0.153651 -0.457222     1.399
 0.757014  0.157752 -0.456633   1.39857
   0.7524   0.15251 -0.454341   1.38732
 0.757353  0.154294 -0.455316   1.39823
  0.75781  0.153607 -0.456905   1.39966
 0.757107  0.154356 -0.457082   1.39847
  0.75254  0.174707 -0.467619   1.39788
0.755708 0.178485 -0.46412  1.40313
0.750232 0.160025 -0.46061  1.38723
  0.75409  0.159667 -0.445175   1.38759
 0.755039  0.159265 -0.451683   1.39266
 0.755206  0.158335 -0.453519   1.39377
 0.756025   0.15917 -0.455884    1.3965
 0.755923   0.15702 -0.457801   1.39687
 0.756704  0.158727 -0.457537   1.39849
 0.757095  0.156487 -0.455174   1.39792
  0.75543  0.157639 -0.457156   1.39564
 0.757163  0.157003 -0.457102   1.39902
  0.919982   0.288082 -0.0450479    1.66297
  0.930208   0.256605 -0.0485638    1.67818
0.923388 0.155353 0.240266  1.65762
0.924652 0.161845 0.240339  1.66235
0.923108 0.160889 0.241731  1.65879
 0.92426 0.154703 0.234087   1.6599
0.925636 0.165099 0.237993  1.66491
0.924864 0.153735 0.227562  1.66209
0.925261 0.156688  0.22088  1.66848
0.925153  0.15212 0.219667  1.66363
0.922013  0.19883 0.223481  1.66138
0.924273  0.15623 0.229291  1.66168
0.926873 0.152736 0.208808  1.66776
 0.92556 0.185733 0.216029  1.66726
0.928713 0.163858 0.229305  1.67253
0.925424 0.154124 0.216181  1.67011
0.923872 0.157305 0.235456  1.65971
0.926468 0.157588 0.219833  1.67138
0.922692 0.158433 0.243009  1.65742
0.923753 0.156248 0.218693  1.66565
0.923648 0.158879 0.240218  1.65896
0.924933 0.161146 0.234868  1.66273
  0.9248 0.176903 0.243974  1.66811
0.924403 0.154446 0.215998  1.66402
0.924105 0.154673 0.221666  1.66242
0.923978 0.176664 0.227391  1.66441
 0.92579 0.157953 0.223798  1.67022
0.926381 0.160328 0.227118  1.66864
0.924503 0.154408 0.216798  1.66792
0.927587 0.163226 0.225144  1.67143
 0.755491  0.149766 -0.453988   1.39299
 0.756255  0.149927 -0.460565   1.39755
 0.752007  0.152739 -0.462406   1.39036
 0.752992   0.15562 -0.450545   1.38736
 0.753865  0.151612 -0.454267   1.39019
   0.7506  0.155898 -0.462235   1.38803
 0.752272  0.162245 -0.459924   1.39162
  0.75213  0.155653 -0.453368   1.38687
0.927675 0.236886 0.156738  1.67259
0.931184 0.214248 0.144406  1.67351
0.925579 0.207999 0.201892  1.66775
0.932561 0.171459 0.176571  1.67658
0.923329 0.186312 0.238289  1.66521
0.925694 0.174373  0.20594  1.66569
 0.92715 0.165195 0.200627  1.66874
0.923053 0.195841  0.22882  1.66435
0.928087 0.155208  0.19985  1.67017
0.927534 0.189587 0.203181  1.67016
0.930097 0.161952 0.189065   1.6731
0.927132 0.193623 0.189107  1.66717
0.937911 0.162585 0.152183  1.68459
0.931286 0.205522 0.174116  1.67638
0.931283 0.174677 0.176426  1.67279
0.937317 0.177031 0.146741   1.6828
0.757172 0.152686 -0.45635  1.39795
 0.754693   0.15655 -0.455221    1.3932
 0.753889  0.150458 -0.454214    1.3899
 0.756654  0.154144 -0.458016   1.39794
0.756276 0.152958 -0.45674   1.3964
  0.75561  0.149982 -0.452994   1.39273
 0.757058  0.155758 -0.455573   1.39794
 0.756761  0.155907 -0.456308   1.39767
 0.756711   0.15503 -0.456976   1.39771
  0.75669  0.156947 -0.457674    1.3983
  0.75697  0.154111 -0.457343   1.39824
 0.756071  0.155739 -0.458088    1.3971
 0.754054  0.157349 -0.453948   1.39141
 0.754149  0.151463 -0.453052   1.39014
 0.756383   0.15733 -0.458108   1.39791
  0.75213  0.154495 -0.451043   1.38563
 0.756665   0.15634 -0.457987   1.39832
0.754838 0.154242 -0.45606  1.39344
0.924517 0.157765 0.233996  1.66118
  0.9239 0.156758 0.222409  1.66289
0.924726 0.158914 0.229615  1.66355
0.924808 0.156944 0.227532  1.66284
0.925106 0.155804 0.212795  1.66525
0.923884 0.156674 0.218182  1.66564
 0.92528 0.173909  0.23114  1.66822
0.923886 0.156429 0.218686  1.66405
0.924493 0.156413 0.218236  1.66737
0.926639 0.157797 0.219839  1.67131
 0.92644 0.163539 0.231109  1.66743
0.925315 0.160803 0.228983  1.66548
0.925472 0.161038  0.23289  1.66522
0.924782 0.161024 0.235143  1.66254
0.923837 0.161019 0.215935  1.66501
0.923911 0.184091 0.218097  1.66326
0.924301 0.164689 0.221231  1.66554
0.924643 0.160606 0.222859  1.66743
0.753696 0.153132 -0.45239  1.38923
 0.755617  0.153153 -0.456462   1.39501
0.926371 0.161773 0.209204  1.66825
0.934291 0.178377 0.162821  1.67813
0.928269  0.17602 0.190635  1.66921
0.925402 0.189205 0.205641  1.66513
0.924039 0.158359  0.21543  1.66479
0.925888  0.15836 0.206611  1.66706
0.927456  0.17091  0.20491  1.66936
0.923967 0.167864 0.216662  1.66473
0.930507 0.202529 0.174914  1.67459
0.930744 0.195696 0.185617  1.67564
 0.754904  0.155023 -0.456056   1.39373
0.756626 0.155141 -0.45805  1.39805
 0.756237  0.155737 -0.457938   1.39728
 0.755089  0.151098 -0.453537    1.3922
 0.754181  0.152656 -0.453134   1.39049
  0.75419  0.155607 -0.455414   1.39207
 0.755526  0.156203 -0.457918   1.39594
 0.755457  0.153856 -0.456491   1.39483
0.924854 0.159231 0.228955  1.66388
0.924103 0.157665 0.216053  1.66422
0.924441 0.158313 0.221243  1.66549
0.924106 0.157299 0.221421  1.66339
0.924436 0.169925  0.21656  1.66441
0.923973 0.157884 0.218381  1.66462
0.923871  0.16335 0.220992  1.66561
0.923814 0.158801 0.218323  1.66512
0.924847 0.180993  0.22518  1.66684
0.925653 0.165808  0.20968  1.66712
0.925946 0.159929 0.224102  1.66855
0.924936 0.158198 0.225249  1.66613
0.924041 0.157782  0.22183  1.66459
0.923422 0.157836 0.217791  1.66466
 0.753469  0.153621 -0.452489   1.38891
 0.753117  0.154137 -0.454101   1.38909
0.924427 0.160385 0.211867  1.66526
0.924271 0.164371 0.220676  1.66574
0.924967 0.163419 0.214886   1.6664
0.925557 0.171251 0.214968  1.66716
 0.756392  0.154733 -0.458013    1.3975
 0.755889  0.154951 -0.458146    1.3966
