0.877381  0.33977  0.15954  1.59706
 0.88086 0.325391 0.183287  1.60424
0.868631 0.341483 0.172615  1.58098
0.871553 0.332359 0.184421  1.58672
0.863016 0.342166 0.186173  1.57267
0.867206 0.334676 0.179706  1.57662
0.875407 0.328601 0.180333  1.59228
0.875294 0.331608 0.168349  1.59087
  0.76071  0.158958 -0.457563   1.40386
 0.760724  0.158801 -0.457568   1.40386
 0.792912   0.13411 -0.404775   1.44231
   0.7871  0.135031 -0.412286   1.43352
 0.790377  0.137981 -0.411662   1.44088
 0.788045  0.120464 -0.411698   1.43293
  0.78326  0.125693 -0.420317   1.42779
 0.786816   0.12522 -0.417697   1.43408
 0.799962  0.122553 -0.390662   1.44911
 0.795352  0.114356 -0.397763   1.44107
  0.80804  0.102724 -0.371207   1.45566
 0.801033  0.117343 -0.395011   1.45276
 0.788637  0.129694 -0.416212   1.43803
 0.792156  0.122003 -0.409797    1.4412
 0.795802  0.130349 -0.406352   1.44884
 0.792513   0.12563 -0.407323   1.44131
  0.973588   0.117188 -0.0512301    1.75245
  0.973469   0.118655 -0.0450343    1.75205
  0.972626   0.121262 -0.0480862    1.75019
  0.973027   0.117353 -0.0465165    1.75082
  0.973365    0.11989 -0.0389655    1.75172
  0.973216   0.120902 -0.0332591    1.75131
 0.972477  0.123378 -0.036274   1.74956
  0.972838   0.119344 -0.0352244    1.75018
  0.971385   0.130224 -0.0448409    1.74768
  0.971842   0.129655 -0.0388696    1.74842
  0.972943   0.118265 -0.0409048     1.7505
  0.972297   0.121493 -0.0384486    1.74892
  0.972431   0.121464 -0.0430407    1.74944
  0.972644   0.122036 -0.0420308    1.75006
0.929516 0.151716 0.236656  1.67219
 0.761086  0.158691 -0.456149   1.40419
0.760749 0.156984 -0.45786  1.40367
0.760711 0.159846 -0.45854  1.40442
 0.760683  0.160319 -0.459263   1.40478
 0.76079 0.160148 -0.45938  1.40504
 0.760862  0.159684 -0.458326   1.40474
 0.764182  0.161593 -0.460635   1.41285
 0.762328  0.158886 -0.455955   1.40666
0.761712 0.157731 -0.45434  1.40457
  0.76321  0.158235 -0.456684   1.40873
 0.766273  0.159788 -0.462161   1.41729
 0.768694   0.15622 -0.457733   1.41971
  0.78161   0.14246 -0.425527   1.42959
 0.777315  0.143918 -0.434883    1.4252
 0.780175  0.146561 -0.434478   1.43163
 0.760763   0.15925 -0.457605   1.40406
0.760643 0.159558 -0.45777  1.40395
  0.76035   0.16058 -0.458633    1.4039
  0.76062  0.159972 -0.458392   1.40431
 0.760591  0.159911 -0.458854   1.40446
 0.760597  0.159475 -0.459151   1.40451
0.760216 0.159149 -0.45916  1.40362
 0.760691  0.159028 -0.456442   1.40349
 0.760218   0.15832 -0.459125   1.40342
  0.76063  0.159925 -0.458457   1.40431
 0.760755  0.158219 -0.457548   1.40379
 0.760632  0.156601 -0.458068   1.40343
0.760846 0.157963 -0.45769  1.40399
 0.804054  0.229591 -0.431916   1.49209
 0.802583  0.224882 -0.435825   1.49001
 0.807863    0.2257 -0.434371   1.49891
 0.805222  0.226645 -0.434814   1.49532
 0.800281  0.219987 -0.440508   1.48624
 0.796224  0.214786 -0.447703   1.48038
 0.803748  0.213346 -0.444951   1.49264
 0.800889  0.215781 -0.445713   1.48926
 0.812729  0.220963 -0.434097   1.50665
 0.812047   0.21199 -0.439427   1.50574
 0.822753  0.212307 -0.424569    1.5201
 0.815927  0.215942 -0.437956    1.5143
 0.803428  0.221699 -0.439224   1.49277
 0.808268  0.215187 -0.443085   1.50174
0.809415 0.222536 -0.43728  1.50294
 0.806737  0.219828 -0.438243   1.49705
 0.725257  0.161197 -0.462259     1.337
 0.726205  0.159757 -0.462106   1.33851
 0.723241  0.161133 -0.458932   1.33046
 0.720791  0.161935 -0.456872   1.32379
 0.721406  0.159468 -0.457334    1.3248
 0.722513  0.160507 -0.457516    1.3274
 0.724383  0.156585 -0.459775   1.33231
 0.721996  0.157135 -0.457602   1.32567
 0.722792  0.154809 -0.457785   1.32691
 0.723731  0.155837 -0.458065   1.32922
 0.724367  0.160183 -0.459295   1.33277
 0.723003  0.158189 -0.457862   1.32811
 0.724809  0.157792 -0.459891   1.33354
 0.723614  0.158757 -0.459259   1.33087
 0.783257  0.148148 -0.424821   1.43393
 0.777618  0.154023 -0.433629   1.42737
0.779586 0.153357 -0.42284  1.42594
 0.965857  0.124758 0.0531296   1.73737
 0.965141  0.132426 0.0584169    1.7362
 0.965896  0.132651 0.0522604   1.73719
 0.965606  0.133477 0.0559382   1.73731
0.965437 0.139728 0.048542  1.73502
  0.96437  0.143421 0.0550279   1.73437
0.964021 0.144437 0.063146  1.73433
 0.774734  0.154642 -0.438575    1.4237
 0.961024   0.14787 0.0821807   1.72827
 0.769871  0.158838 -0.451068   1.41987
   0.972078     0.12457 -0.00655001     1.74872
   0.971706    0.125199 -0.00118797     1.74793
   0.971384    0.127166 -0.00482065     1.74706
   0.971624    0.123643 -0.00453892     1.74747
  0.971337   0.126199 0.00455452    1.74723
 0.970953  0.126929 0.0103766   1.74654
  0.970486    0.13078 0.00622851    1.74533
  0.970797   0.125537 0.00591949    1.74584
  0.970564   0.130823 -0.0029631    1.74494
    0.970348     0.129602 -0.000799953      1.74418
   0.971213    0.124615 0.000115332     1.74665
    0.970387     0.128897 -0.000225695      1.74476
    0.97111    0.126667 -0.00344389     1.74627
     0.97104     0.127789 -3.63525e-06      1.74631
 0.766544  0.161955 -0.461984   1.41821
 0.761104  0.158197 -0.454524   1.40341
 0.764661  0.162797 -0.461876   1.41447
 0.760275  0.159812 -0.459008   1.40382
 0.761031  0.159064 -0.454442   1.40337
 0.760406  0.160166 -0.458687   1.40402
 0.760502  0.160743 -0.459221   1.40447
  0.76056  0.159516 -0.457558   1.40362
0.931426  0.15795 0.173895  1.67747
 0.939891  0.157417 -0.237845   1.70482
 0.940563  0.164161 -0.228347   1.70574
 0.937574  0.168043 -0.237463   1.70177
 0.939302  0.159169 -0.235331   1.70357
 0.934516  0.194128 -0.240612   1.70215
 0.937342  0.167843 -0.230639   1.70006
  0.93804  0.170597 -0.229354   1.70194
 0.958896  0.137208 0.0763684   1.72853
0.961747 0.137426 0.075797  1.73302
0.960833 0.138183 0.078347  1.73025
 0.960328  0.137697 0.0770526   1.72978
 0.963137  0.132486 0.0826133   1.73454
 0.963544  0.128321 0.0829646    1.7347
  0.96204  0.143137 0.0829597    1.7319
 0.961316  0.140413 0.0789928   1.73064
 0.962191  0.139497 0.0790284   1.73289
 0.962853  0.123932 0.0695138    1.7334
  0.96187  0.122955 0.0738096   1.73184
 0.962633  0.131341 0.0750144   1.73281
 0.962201  0.123102 0.0703514   1.73194
0.960032  0.12355 0.079211  1.72857
 0.957678  0.128836 0.0813697   1.72459
 0.960729   0.13451 0.0808276   1.72979
 0.95966 0.127352 0.077782  1.72822
 0.962144  0.143504 0.0813197   1.73206
  0.96209   0.14209 0.0831822   1.73194
 0.961111  0.123011 0.0743558   1.73022
 0.961389  0.134296 0.0782701   1.73067
   0.9622   0.13206 0.0752882   1.73174
 0.961686  0.131871 0.0789862   1.73128
 0.964069  0.143146 0.0673323    1.7346
0.964211 0.141294 0.069514  1.73487
 0.965025  0.132526 0.0604093   1.73641
  0.96569  0.125351 0.0567302   1.73756
 0.964888  0.125335 0.0604058   1.73626
 0.965089  0.125011 0.0574792   1.73623
 0.964055  0.131682 0.0672144   1.73502
0.964257 0.125229 0.063424  1.73539
 0.963554  0.124537 0.0658778   1.73435
 0.963795  0.124662 0.0640264    1.7344
 0.964674  0.131939 0.0616467   1.73555
 0.964393  0.125226 0.0608183   1.73522
 0.964149  0.131986 0.0641227   1.73472
 0.964546  0.131797 0.0637177   1.73566
 0.966757  0.140658 0.0453646   1.73839
0.966725 0.138593 0.047585  1.73812
 0.967821  0.132019 0.0397826   1.74076
 0.968645  0.126473 0.0363944   1.74247
 0.968054  0.125652 0.0413128   1.74141
 0.968029  0.125325 0.0379711   1.74095
 0.966525  0.133076 0.0508217    1.7387
 0.967413  0.125361 0.0468108   1.74038
 0.966578  0.125246 0.0520915   1.73902
 0.966671  0.124667 0.0479975   1.73864
 0.967448  0.131213 0.0412611   1.73978
 0.967381  0.124947 0.0424558   1.73982
 0.966584  0.132285 0.0446352   1.73814
 0.967329  0.131295 0.0444497   1.73987
0.965247 0.151987 0.052815  1.73569
  0.972327    0.11179 -0.0824591    1.75066
  0.971497   0.119174 -0.0765384    1.74868
  0.970751    0.11858 -0.0881204    1.74779
  0.971486   0.118478 -0.0866144    1.74952
  0.970295   0.132546 -0.0715344    1.74663
  0.968324   0.127608 -0.0968495    1.74351
     0.969   0.127727 -0.0951056    1.74507
 0.970234  0.134168 -0.081871   1.74766
 0.733487  0.273704 -0.394547   1.34623
 0.731373  0.265626 -0.401152   1.34257
 0.740789  0.264762 -0.394778   1.35863
 0.737361  0.269259 -0.399658   1.35539
 0.729753  0.257664 -0.407135   1.33976
 0.728522  0.250007 -0.412482   1.33763
 0.737203  0.249839 -0.406721   1.35268
  0.73388   0.25334 -0.411354   1.34912
 0.746151  0.260011 -0.399802   1.37193
0.746898 0.254492 -0.40162  1.37261
 0.735477  0.261185 -0.405837   1.35203
 0.740979   0.25363 -0.404961   1.36084
 0.743532  0.261039 -0.399078   1.36533
 0.738581   0.25698 -0.401385   1.35488
 0.952912  0.153535 -0.181829    1.7235
0.955568  0.15627 -0.17326  1.72883
 0.954952  0.139194 -0.186602   1.72678
  0.95566  0.133412 -0.194469   1.72907
 0.958447  0.130293 -0.184685   1.73344
 0.955621  0.136321 -0.186645   1.72775
 0.960162  0.134686 -0.165515   1.73484
 0.961416  0.126799 -0.173643   1.73809
 0.963806  0.122312 -0.161723   1.74115
 0.961131  0.129858 -0.163404   1.73589
 0.955702  0.143997 -0.177715    1.7276
0.958295 0.133144 -0.17552  1.73164
   0.9585  0.141305 -0.165751    1.7318
 0.957488  0.137608 -0.177233   1.73089
 0.754535  0.230342 -0.432205   1.39824
0.721849 0.186048 -0.44949  1.32704
 0.723831  0.184085 -0.450699   1.33196
 0.724741  0.187425 -0.448781   1.33343
 0.722722  0.185557 -0.449269   1.32911
 0.726659  0.183396 -0.454797   1.34058
 0.728853  0.189752 -0.451059   1.34435
 0.725671  0.187347 -0.451568   1.33746
 0.725554  0.185515 -0.451942   1.33698
 0.724232  0.170761 -0.459629   1.33549
 0.724902   0.16916 -0.459607   1.33647
 0.722188  0.171154 -0.455867   1.32868
0.719709 0.172523  -0.4541  1.32226
  0.71985  0.169719 -0.455018   1.32247
 0.721341    0.1709 -0.455052    1.3258
 0.722455  0.165972 -0.457664   1.32914
 0.720072  0.167094 -0.455739   1.32277
 0.720315   0.16443 -0.456431    1.3231
 0.721671  0.165588 -0.456536   1.32619
 0.723306   0.16995 -0.456525   1.33108
 0.721424   0.16823 -0.455829   1.32584
 0.723244  0.167262 -0.457622   1.33104
 0.722125  0.168442 -0.456678    1.3284
 0.728174  0.152873 -0.462942   1.34152
 0.729377  0.151555 -0.462673   1.34353
  0.72617  0.152369 -0.460054   1.33524
 0.723748   0.15267 -0.457742   1.32838
 0.724769  0.150493 -0.457779   1.33005
0.725538 0.151434 -0.45811  1.33202
 0.728106   0.14845 -0.460037   1.33836
 0.725812  0.148501 -0.457611   1.33167
 0.726997   0.14656 -0.457392   1.33357
0.727577 0.147427 -0.45779  1.33518
0.727319 0.151658 -0.46015  1.33749
 0.726452   0.14942 -0.458013   1.33342
  0.72822  0.149554 -0.460293     1.339
 0.726961  0.150316 -0.459939   1.33633
 0.773929  0.157058 -0.448495   1.42692
0.930345 0.149562 0.177969  1.67379
0.895284 0.105553 0.162517  1.59851
0.931607 0.145463  0.20785  1.67518
0.924704 0.139154 0.202723  1.66904
0.923941 0.136993 0.202513  1.66359
0.928207  0.14686 0.226988  1.67027
0.930432 0.149573 0.244494  1.67635
0.929578 0.151966  0.24003  1.67293
0.885102 0.247681 0.274279  1.61211
0.888599 0.233884 0.282721   1.6193
0.879251 0.245087 0.281261  1.60185
0.881266 0.237066 0.285805  1.60602
0.874736 0.239968 0.286643  1.59444
0.878265  0.23959 0.283744  1.59917
0.884127 0.237148 0.282804  1.61006
0.883598 0.241285 0.277338   1.6082
 0.92967  0.14943 0.241112  1.67353
0.929966 0.129686 0.248627  1.67787
 0.930932 0.0994136  0.237666   1.67996
  0.904097 -0.0152468    0.32846    1.64884
  0.91682 0.0141376  0.313305   1.66767
 0.92762 -0.02272 0.290093  1.68687
   0.915111 -0.00149266    0.297897     1.65905
 0.923237 0.0402417  0.299037   1.67712
 0.925578 0.0537388  0.278296   1.67623
  0.93273 0.0443786  0.273791   1.69188
  0.92615 0.0501204  0.278052   1.67744
   0.940379 -0.00196821    0.251089     1.70363
 0.937515 0.0266877  0.250289    1.6961
 0.946755 0.0235926  0.225298   1.71218
0.942214   0.0162  0.22877  1.70167
 0.922569 0.0271345  0.285033   1.67067
 0.933548 0.0297085  0.253743   1.68739
   0.932689 -0.00144096    0.256878     1.68632
 0.930407 0.0137558  0.279513   1.68763
 0.93662 0.175441 0.169845  1.68583
0.939428 0.159439 0.174429  1.69852
 0.92767 0.144115 0.203708  1.67677
0.944139 0.192886 0.208526  1.69956
0.942843 0.197255 0.217874  1.69736
0.941175 0.201788 0.228447   1.6948
0.939966 0.194324  0.23086  1.69306
0.928872 0.147038 0.226719  1.67142
0.936026 0.199803 0.244074   1.6858
0.924992 0.135914 0.204722  1.66558
0.919932 0.123635 0.177469  1.65288
   0.854518 0.000819778   0.0863569     1.55316
0.912529 0.132718 0.171838  1.63888
 0.92563 0.118721 0.257512  1.67274
0.928031 0.149923 0.239834  1.66915
0.927288 0.126952 0.261273  1.67593
0.928982 0.138742 0.255123  1.67641
0.930212 0.146805 0.250119  1.67712
0.942302 0.188989 0.219371  1.69807
0.931094 0.153283 0.236246  1.67719
0.943623 0.184053 0.208951   1.7019
0.934839 0.151194 0.208657  1.68457
0.939633 0.160832 0.193652  1.69359
 0.782741  0.121034 -0.424723   1.42828
 0.781754  0.114088 -0.421927   1.42358
 0.787203  0.116077 -0.416262   1.43277
 0.784367  0.116836 -0.418123   1.42767
 0.779382  0.107397 -0.422181   1.41749
 0.773883  0.103665 -0.423508   1.40557
0.780563 0.100269 -0.41574  1.41552
 0.779225  0.104172 -0.419846   1.41525
 0.793601  0.108436 -0.405233   1.44002
   0.7892 0.0970089 -0.404807   1.42846
 0.800565 0.0942276 -0.388002   1.44525
 0.795827  0.101152 -0.395414   1.43904
 0.782758  0.110301 -0.417674   1.42286
 0.786614  0.101937 -0.410115   1.42605
 0.789105  0.110692 -0.408374   1.43203
 0.786109  0.106428 -0.414477   1.42798
 0.775053  0.148163 -0.448471   1.42785
 0.763657  0.164296 -0.460502   1.41225
 0.750981  0.126438 -0.452364   1.37702
 0.753334  0.124671 -0.451693   1.38127
 0.748327  0.124138 -0.451394   1.37038
 0.745252  0.123369 -0.449193   1.36218
 0.747503  0.121192 -0.447837   1.36574
 0.747657  0.122397 -0.448804   1.36683
 0.753179  0.120194 -0.448136   1.37798
 0.749808  0.119057 -0.446153   1.36924
 0.752468  0.116784 -0.444029   1.37324
 0.752533   0.11826 -0.445385    1.3744
 0.749807    0.1241 -0.450621   1.37301
 0.749917  0.120362 -0.447284   1.37035
 0.752413  0.121965 -0.449024   1.37719
 0.750539  0.122105 -0.449742   1.37368
 0.768765  0.163076 -0.451435   1.41867
 0.735525  0.214526 -0.437225   1.35665
0.741148 0.224068 -0.42947  1.36661
 0.730737  0.216836 -0.432115   1.34379
 0.733383  0.221848 -0.428061   1.34825
 0.727505  0.221514 -0.431683   1.33761
 0.729357  0.219207 -0.429518   1.34001
 0.734917  0.220863 -0.431575   1.35386
 0.733845  0.218147 -0.432592   1.35145
 0.833765   0.23396 -0.412276   1.54294
 0.838838  0.232394 -0.406865   1.55095
 0.832927  0.236159 -0.407727   1.54114
 0.834503  0.233937 -0.408893   1.54288
 0.844202  0.230795 -0.401085   1.55952
 0.849907   0.22866 -0.394734   1.56856
 0.843397  0.233681 -0.396144   1.55787
  0.84506  0.230812 -0.397112   1.55953
0.832355 0.240026 -0.40093  1.53926
  0.83721  0.241992 -0.396593    1.5485
 0.839565  0.232422 -0.403312   1.55082
 0.840284  0.236304 -0.397431   1.55229
 0.834659   0.23751 -0.403895   1.54353
 0.838069   0.23476 -0.402249    1.5492
 0.741993  0.134398 -0.458404   1.36336
0.738431 0.138205  -0.4592  1.35719
  0.74013  0.132905 -0.456044   1.35763
 0.738072  0.135067 -0.456604   1.35407
 0.738269  0.132176 -0.453895   1.35196
 0.738694  0.133485 -0.456005    1.3547
 0.738715  0.136471 -0.458059   1.35673
    0.741  0.134714 -0.457651   1.36089
 0.850758   0.22874 -0.390383   1.56844
 0.852191  0.233607 -0.383088   1.57126
 0.845207  0.235379 -0.391634   1.56031
  0.84918  0.231799 -0.389482   1.56688
  0.85358   0.24133 -0.374193   1.57434
  0.83967  0.242637 -0.390652   1.55148
0.842723 0.238778  -0.3893  1.55592
 0.849471  0.241542 -0.383154   1.56897
 0.878968   0.23582 -0.340476   1.61634
0.863643 0.237681 -0.36122  1.59062
 0.877079  0.223786 -0.349824    1.6105
 0.869367  0.227178 -0.361043   1.59869
  0.87503  0.217024 -0.359536   1.60646
 0.873339  0.221064 -0.358452   1.60471
0.866878 0.232021 -0.35976  1.59523
  0.87396  0.235726 -0.352342   1.60936
 0.904709  0.191024 -0.318887   1.65295
 0.910739  0.186501 -0.308985   1.66263
 0.905227  0.195584 -0.309247   1.65276
 0.906141  0.192455 -0.312342   1.65429
 0.916616  0.180778 -0.298027   1.67158
 0.921563  0.174693 -0.287501   1.67861
 0.917253  0.184447 -0.286861    1.6712
0.917931 0.182158 -0.29034  1.67245
 0.903118  0.212992 -0.305608   1.65247
  0.91019  0.214251 -0.296163    1.6663
 0.912225  0.187912 -0.301083   1.66371
 0.915244  0.195139 -0.287929   1.66914
 0.907631  0.199773 -0.301308   1.65665
 0.911101   0.19214 -0.299181   1.66233
  0.92303  0.194998 -0.266399   1.68192
 0.929146  0.196732 -0.255975   1.69398
 0.925816  0.175657 -0.268874   1.68384
 0.926109  0.170085 -0.277742   1.68545
   0.9311  0.165899 -0.267211   1.69342
 0.926835  0.172194 -0.270361   1.68533
 0.935701  0.164579 -0.244658   1.69847
 0.935716  0.160588 -0.255664    1.7002
 0.939492  0.155153 -0.244966   1.70537
 0.936352  0.162607 -0.247429   1.69979
 0.927586  0.180596 -0.259673   1.68638
0.931848 0.168042 -0.25835  1.69301
 0.933972  0.176076 -0.245374   1.69677
 0.930712  0.172557 -0.257909    1.6917
 0.939867  0.175548 -0.224068   1.70598
 0.944672  0.177807 -0.213754   1.71564
 0.942416  0.156744 -0.226586   1.70836
 0.943001  0.150957 -0.235233   1.71056
 0.946817   0.14707 -0.224872   1.71657
 0.943311  0.153576 -0.227501   1.70977
 0.950041  0.145204 -0.202533   1.71916
 0.950202  0.141981 -0.213727   1.72131
 0.953045  0.137126 -0.203721   1.72523
 0.950482  0.144299 -0.205652   1.72049
 0.943714  0.162008 -0.216959    1.7101
 0.947175  0.149668 -0.215762   1.71564
 0.948775  0.157587 -0.202723   1.71829
 0.946208  0.153799 -0.215742   1.71437
 0.729532   0.19706 -0.447761   1.34571
0.733953 0.204926 -0.44234  1.35367
 0.726046  0.198578 -0.443362   1.33577
 0.727958   0.20271 -0.440481   1.33901
 0.723619  0.201824 -0.442565   1.33056
 0.724911   0.20047 -0.441419    1.3327
 0.729164  0.201966 -0.443583   1.34366
 0.728252   0.19981 -0.444279   1.34162
 0.732468  0.245865 -0.416346   1.34653
 0.736814  0.239404 -0.416098   1.35387
 0.740101  0.245946 -0.410549   1.35952
 0.734949  0.242343 -0.412706   1.34886
 0.742905  0.236235 -0.421114   1.36926
 0.749717  0.248362 -0.410218    1.3812
 0.741934  0.244664 -0.413312   1.36533
0.741035 0.240553 -0.41518  1.36318
 0.966523  0.121099 -0.118166   1.74078
 0.967061  0.122876 -0.116959   1.74218
 0.965476  0.119951 -0.136197   1.74065
0.965787 0.117927 -0.15037  1.74351
 0.967541  0.114521 -0.140019   1.74583
 0.965779  0.121727 -0.141853    1.7426
 0.968679   0.11314 -0.118579   1.74544
 0.968765  0.111347 -0.130666   1.74714
 0.969685  0.109198 -0.122298   1.74808
 0.968937  0.115091 -0.124717   1.74718
 0.966442  0.124715 -0.129058   1.74262
  0.96756  0.118571 -0.132721   1.74528
 0.968164  0.122364 -0.120894   1.74553
 0.967347  0.117161 -0.127557   1.74375
 0.856273  0.239899 -0.348051   1.57092
 0.869454  0.245813 -0.333593   1.59685
 0.951667 0.0211871  0.188076   1.71516
  0.95781 0.0449368   0.17298   1.72816
 0.957754 0.0105399  0.177512   1.72881
 0.956388 0.0168533  0.175082   1.72453
 0.961258 0.0654558  0.110444   1.72863
 0.960219 0.0587544  0.145158   1.73014
   0.963601 -0.00942421      0.1342     1.73684
 0.967264 0.0311547  0.100063   1.74109
  0.969081 -0.0089754  0.0771713    1.74536
  0.967177 -0.0192682   0.094012    1.74134
 0.959832 0.0328602  0.142578   1.72787
 0.964692 0.0273898  0.108814   1.73587
   0.961754 -0.00443194    0.134009     1.73173
0.962204 0.034355 0.135468  1.73286
 0.900853  0.197203 -0.322042   1.64652
 0.902883  0.202843 -0.311601   1.64995
 0.898258  0.208235 -0.319692   1.64377
 0.900424  0.199108 -0.317232   1.64531
 0.896562  0.229676 -0.318957   1.64741
 0.899353  0.208592 -0.310942   1.64441
 0.900475  0.209285 -0.310074   1.64692
 0.970833  0.112088 -0.117086   1.75061
 0.971761  0.111534 -0.107193   1.75169
 0.969567  0.116929 -0.113673   1.74749
 0.970326  0.110214 -0.110157   1.74829
  0.972635   0.111799 -0.0980367    1.75292
  0.973172   0.111705 -0.0891625    1.75338
  0.97099  0.118042 -0.095312   1.74906
  0.971829   0.111425 -0.0910882    1.75015
  0.96782  0.127477 -0.111051   1.74393
 0.968684  0.128615 -0.102592   1.74521
 0.971072  0.110775 -0.100786   1.74917
  0.970127   0.116348 -0.0978831    1.74695
 0.969564  0.116205 -0.105954   1.74644
 0.970351  0.116575 -0.104443   1.74829
0.929493 0.139087 0.233699  1.67315
 0.963005  0.124119 0.0664559   1.73317
  0.96272  0.131752 0.0703279   1.73249
 0.963723  0.131328 0.0678887    1.7342
 0.963269  0.131095 0.0698936   1.73381
 0.964045  0.140431 0.0701552   1.73436
 0.963196  0.142863 0.0711144   1.73238
 0.963618  0.139474 0.0700311   1.73433
 0.962259  0.144113 0.0752729    1.7317
 0.963179  0.137178 0.0743253   1.73334
 0.835192  0.422227 0.0304109   1.52681
  0.845926   0.407013 0.00656822    1.54213
 0.851362  0.402165 0.0376345   1.55252
 0.843052  0.401064 0.0249398   1.53274
  0.860371   0.389087 -0.0109632    1.56713
 0.866874  0.387873 0.0444889   1.58126
 0.85774 0.388458 0.035155  1.56012
  0.858949   0.385989 0.00677642    1.56185
0.930248 0.140467 0.246196  1.67633
 0.923875 0.0832719   0.27471   1.67273
0.923638 0.102374 0.260843  1.66944
0.921807 0.096483  0.28092  1.67078
0.940309 0.090678 0.206032  1.69523
 0.937113 0.0927467  0.212612   1.68896
0.905917 0.100472 0.319141  1.64737
 0.911457 0.0880311  0.310122   1.65597
 0.903494 0.0868756  0.331817   1.64608
 0.907175 0.0873421  0.317197   1.64831
 0.915646 0.0753789  0.300647   1.66132
 0.922159 0.0675199  0.280914   1.66978
 0.917209 0.0565671  0.303855    1.6652
 0.918974 0.0601738  0.296582   1.66683
 0.899267 0.0628989  0.337742    1.6389
 0.908939 0.0409485  0.319899   1.65236
 0.892749 0.0248761  0.338358   1.62686
 0.902882 0.0360495  0.333204   1.64387
 0.913172 0.0718579  0.308848   1.65803
 0.913613 0.0495113  0.317695   1.66144
0.905245 0.068047  0.32928   1.6475
 0.909839 0.0695771  0.321437    1.6553
0.868756 0.305349 0.229469  1.58282
0.873662 0.307488 0.218938  1.59036
0.875661 0.298647  0.22797  1.59444
0.872344 0.300905 0.224074  1.58657
0.880871 0.308038 0.208271   1.6033
0.883382 0.293662 0.227187  1.60907
0.879011 0.296396 0.224654  1.59932
0.879172 0.300569 0.214544  1.59865
 0.92671   0.1502 0.238754  1.66498
0.923437 0.110256 0.269237  1.67023
0.877054 0.121605 0.323646  1.59255
0.886615 0.116696 0.333811  1.61407
0.875326 0.100811  0.33286  1.58952
0.881365  0.11511 0.331589  1.60472
0.895078 0.109713 0.332977  1.62958
0.902968 0.102796 0.320056  1.64105
 0.898767 0.0898541  0.333617    1.6361
0.899101   0.1048 0.334768    1.639
 0.877184 0.0703634  0.340136   1.59363
 0.892893 0.0670671  0.339727   1.62536
 0.884627 0.0307161   0.34088    1.6087
 0.884839 0.0621105  0.344807   1.61286
 0.89045 0.109507 0.339198  1.62397
 0.893346 0.0878942  0.341808   1.62919
  0.88161 0.0925899  0.340891    1.6064
 0.888106 0.0947606  0.338618   1.61665
 0.913033 0.0935096  0.305976   1.65814
 0.910371 0.0981401  0.305169   1.65202
 0.917125 0.0951659  0.285965   1.66096
 0.921646 0.0789403  0.288008   1.67131
  0.91764 0.0777339  0.292174   1.66289
 0.916379 0.0950677  0.296812   1.66311
0.778864 0.116784 -0.42491  1.41931
 0.776071  0.123404 -0.431795   1.41805
 0.778699  0.120237 -0.426423   1.42032
 0.770117  0.118496 -0.435848   1.40674
0.769374 0.125222 -0.44207  1.40966
  0.77078  0.121549 -0.436306   1.40888
 0.776848  0.111341 -0.425211   1.41418
 0.771815  0.112798 -0.431132   1.40677
 0.773203  0.106666 -0.426702   1.40622
  0.77362  0.109262 -0.428535   1.40872
 0.774568  0.120313 -0.434083   1.41558
 0.771684  0.115213 -0.432891   1.40794
 0.776386  0.114347 -0.427617   1.41504
 0.774642  0.117064 -0.430074   1.41303
 0.771221  0.154104 -0.457183   1.42457
 0.818225  0.234383 -0.428326   1.51757
 0.821273  0.234941 -0.425302   1.52277
0.816372 0.235676 -0.42614  1.51437
 0.818053  0.234619 -0.426701   1.51641
 0.824828  0.235178 -0.421595   1.52861
 0.829006  0.234891 -0.417256   1.53535
 0.822976  0.237126 -0.418449   1.52527
0.824918 0.235273  -0.4191  1.52755
 0.813165  0.238041 -0.420581   1.50728
 0.816725  0.239859 -0.416808   1.51362
 0.821135  0.235098 -0.423217   1.52142
 0.820111  0.237645 -0.419648   1.51978
 0.816617  0.236522 -0.423839   1.51411
  0.81942   0.23642 -0.422699   1.51942
 0.816097  0.233402 -0.430413   1.51379
 0.813519  0.232607 -0.431139   1.50972
 0.815413  0.231759 -0.431487   1.51248
 0.814797  0.232229 -0.430937   1.51099
 0.810812   0.23129 -0.430943    1.5045
  0.80678  0.231934 -0.430904   1.49805
 0.809898  0.228313 -0.433754   1.50355
 0.809507  0.230468 -0.431415   1.50207
 0.816166  0.228935 -0.431167   1.51325
  0.81397  0.225378 -0.433966   1.51037
  0.81957  0.223878 -0.427462   1.51742
 0.816586   0.22461 -0.430522   1.51272
 0.812372  0.231062 -0.431447    1.5071
 0.812242  0.227366 -0.432651   1.50652
 0.814748  0.229564 -0.431583   1.51057
 0.813148  0.229833 -0.432505   1.50896
0.929846 0.144111 0.240887  1.67424
  0.970418 -0.0777552  0.0644303    1.75369
 0.955304 -0.107936  0.143574   1.72916
  0.960833 -0.0561456   0.132527    1.73272
  0.960249 -0.0673745     0.1371    1.73592
  0.928188 -0.0954206   0.238067    1.68287
  0.897296 -0.0407425   0.304252    1.62608
    0.9301 -0.0446548   0.254161      1.683
   0.92166 -0.0695255   0.297125    1.68362
   0.95466 -0.0215119   0.179106    1.72219
  0.944314 -0.0208352   0.213372    1.70349
  0.949446 0.00595132   0.189461    1.70978
   0.949311 -0.00992972    0.209508     1.71477
  0.943005 -0.0887123   0.224726    1.71533
 0.940873 -0.044888  0.245854   1.70707
  0.954347 -0.0374966   0.192704    1.72661
  0.947052 -0.0644569   0.198407    1.71184
0.878384 0.205462 0.305131  1.60121
0.883074 0.212517 0.302594  1.60945
0.885916  0.20404 0.305355  1.61523
 0.88233 0.207018 0.304119  1.60729
0.888749 0.215939 0.295083  1.61885
0.894286 0.199747 0.299079  1.62934
0.888482 0.203841 0.301267  1.61784
0.887458 0.208544 0.297056  1.61509
0.880194 0.134515 0.316197  1.59873
0.882859 0.142573 0.312529  1.60451
0.887992 0.143543 0.323582  1.61706
0.884282 0.140477 0.314923  1.60842
0.883401 0.150619 0.311884   1.6064
0.882572 0.159296 0.312107  1.60558
0.888486 0.161139 0.318452  1.61846
0.884587 0.157754 0.312375   1.6102
  0.8933 0.148646 0.322095  1.62668
0.893613 0.156853 0.317134  1.62668
0.899315 0.146444 0.312409  1.63546
  0.8948 0.151193 0.321092  1.62993
0.885001 0.149129 0.312591  1.61022
0.890157 0.158097 0.320501  1.62251
0.890126 0.148974 0.323263  1.62243
0.888635 0.152592 0.320447  1.61859
 0.760674  0.159118 -0.457519   1.40376
 0.760673  0.159055 -0.457365   1.40366
 0.760694  0.159775 -0.458552   1.40436
 0.760757  0.156841 -0.458603   1.40398
0.760716 0.157331 -0.45893  1.40416
 0.760793  0.156657 -0.458258   1.40386
 0.760626  0.158802 -0.459261   1.40447
 0.760501  0.156565 -0.458348   1.40327
  0.76672  0.161378 -0.458658   1.41704
  0.76038  0.156892 -0.458658   1.40323
 0.742517  0.133042 -0.457437    1.3636
 0.744302  0.131605 -0.456991   1.36678
 0.740507  0.131625 -0.455616   1.35791
 0.738173  0.131182 -0.453207   1.35117
 0.739751  0.129251 -0.452552   1.35372
0.739984 0.130235 -0.45319  1.35476
 0.743868  0.128017 -0.453982   1.36327
 0.741362   0.12739 -0.451641    1.3562
 0.743177  0.125398 -0.450562     1.359
 0.743347  0.126528 -0.451394   1.36004
0.741641 0.131346 -0.45525  1.35999
 0.741537  0.128434 -0.452386    1.3572
 0.743414   0.12939 -0.454521    1.3629
  0.74201  0.129792 -0.454701   1.36014
  0.76067  0.158029 -0.459171   1.40434
 0.760813  0.158595 -0.458473   1.40459
 0.764277  0.160534 -0.460683   1.41287
 0.765591  0.159571 -0.462281   1.41612
 0.768187  0.158323 -0.462929   1.42141
 0.766986  0.123914 -0.443562   1.40521
 0.762733  0.119533 -0.442055   1.39467
 0.767207  0.117501 -0.437574   1.40133
 0.765902  0.120344 -0.439853   1.40029
 0.760056  0.116107 -0.442167   1.38839
 0.755707  0.114464 -0.441237   1.37811
  0.75944  0.112023 -0.438041   1.38383
  0.75929  0.113763 -0.439871   1.38481
 0.768583  0.111619 -0.433607   1.40104
 0.763523   0.10957 -0.434079   1.38993
 0.768341  0.106787 -0.429334   1.39722
 0.767954    0.1092 -0.431972   1.39818
 0.762389  0.116972 -0.440199   1.39235
  0.76325  0.111593 -0.436326    1.3909
 0.766958  0.114929 -0.435978   1.39938
 0.763978  0.113982 -0.438174   1.39412
 0.759505  0.156917 -0.458261   1.40121
 0.761719  0.155937 -0.454799    1.4046
 0.772349  0.150881 -0.449263   1.42272
 0.776341  0.126535 -0.431577   1.41884
 0.774345  0.135159 -0.438877   1.41963
 0.769666  0.127416 -0.441047   1.40975
 0.774752  0.131219 -0.438452   1.41982
0.763509 0.132534 -0.45152  1.40305
 0.778692  0.139276 -0.437075    1.4287
 0.781373  0.129835 -0.429522   1.42913
 0.784853  0.139499 -0.425998   1.43638
 0.780835  0.134022 -0.427009   1.42723
0.766341 0.155606 -0.46371  1.41744
 0.760661  0.159754 -0.457933   1.40412
 0.760516  0.160097 -0.458249   1.40403
  0.76062  0.159736 -0.456361   1.40343
 0.760574  0.160683 -0.459241   1.40461
0.762936 0.162139 -0.45979  1.41006
 0.760731  0.160552 -0.455805   1.40358
 0.760629  0.158941 -0.458491    1.4042
 0.732691   0.15589 -0.468059   1.35466
 0.760281  0.157516 -0.458939   1.40329
 0.765821  0.163884 -0.458915   1.41585
 0.760688  0.159605 -0.459475   1.40478
 0.762189  0.159741 -0.455908    1.4065
0.760659 0.159314  -0.4586  1.40423
 0.757308  0.164586 -0.445797    1.3937
 0.760637  0.158459 -0.457377   1.40347
 0.759796  0.158327 -0.459058   1.40248
 0.760739  0.158149 -0.457219   1.40357
0.760756 0.159376 -0.45971  1.40501
 0.760524  0.156931 -0.457242   1.40287
 0.760817  0.156818 -0.457963   1.40381
 0.759977  0.156396 -0.457576   1.40178
 0.760824  0.157285 -0.457766   1.40383
 0.760655  0.157522 -0.457171   1.40323
  0.76084  0.157566 -0.457761   1.40394
 0.789098  0.144141 -0.412553    1.4397
 0.795154  0.143091 -0.403935   1.44848
 0.789545  0.152755 -0.406008   1.43911
 0.790816  0.144777 -0.405789    1.4402
 0.804442  0.139527 -0.388923   1.46134
 0.820645  0.141942 -0.367478   1.48924
0.801817 0.157744 -0.38313  1.45698
 0.806236  0.144101 -0.378763   1.46241
 0.788216  0.159459 -0.400545   1.43521
 0.792488  0.165205 -0.393874   1.44277
  0.78576   0.17145 -0.402871   1.43338
 0.788674  0.163682 -0.399126   1.43674
 0.796875  0.142333 -0.392886   1.44696
 0.796047  0.156495 -0.390189   1.44737
 0.790326  0.152804 -0.398663   1.43748
  0.79539  0.152309 -0.394058   1.44626
 0.785819  0.147639 -0.411277   1.43253
 0.785666  0.151959 -0.411807   1.43343
 0.783605  0.159553 -0.403197   1.42652
 0.781731   0.16714 -0.408175   1.42659
0.779746 0.156742 -0.42093  1.42629
 0.782103  0.159223 -0.412212   1.42746
 0.732615  0.145477 -0.461981   1.34843
 0.734044  0.143898 -0.461563   1.35079
 0.730567  0.144778 -0.459516   1.34234
0.728208 0.144765   -0.457  1.33546
 0.729503  0.142907 -0.456744    1.3376
 0.730018  0.143689 -0.457145   1.33906
 0.732727  0.141093 -0.458901   1.34563
 0.730644  0.141228 -0.456404   1.33941
 0.731741  0.139524 -0.456087   1.34114
 0.732245  0.140262 -0.456468   1.34256
 0.731734  0.144199 -0.459454   1.34457
 0.731113  0.141968 -0.456821   1.34078
 0.732891  0.142092 -0.459282   1.34643
 0.731581  0.142902 -0.459059   1.34374
 0.726062  0.162574 -0.462551   1.33916
0.725904 0.167453 -0.46088  1.33891
 0.723746  0.162364 -0.458993   1.33182
 0.723499   0.16496 -0.458118   1.33131
 0.721936  0.163049 -0.457076    1.3265
  0.72255  0.163428 -0.458149   1.32903
0.724261 0.165482 -0.46064   1.3349
 0.725028   0.16397 -0.460637   1.33611
 0.763082  0.165453 -0.455404   1.40932
0.769489 0.160147 -0.45734  1.42199
 0.761056  0.157259 -0.456273   1.40404
 0.747126  0.134909 -0.458946   1.37443
 0.751587  0.131969 -0.457839   1.38255
 0.759811  0.159232 -0.459351   1.40285
 0.763305  0.156222 -0.458487   1.40947
 0.759907  0.159963 -0.459381   1.40322
 0.765527  0.163595 -0.454556   1.41355
 0.761357  0.160109 -0.455693   1.40475
0.760088 0.160375 -0.45915  1.40359
 0.760473  0.159327 -0.454874   1.40242
 0.760271  0.159922 -0.456808    1.4029
 0.759687   0.16038 -0.457299   1.40195
 0.759485  0.159538 -0.459274   1.40218
 0.760543  0.160454 -0.458398   1.40419
 0.760444  0.160373 -0.458511   1.40402
0.760573 0.160197 -0.45856  1.40421
0.760034 0.159834 -0.45491  1.40161
 0.760553  0.160245 -0.458439   1.40415
  0.75994  0.160877 -0.458888   1.40321
 0.760537  0.159799 -0.457826   1.40381
 0.760316  0.160405 -0.458504   1.40372
 0.957513  0.136142 0.0674736   1.72522
 0.962538  0.130997 0.0342571   1.73636
 0.962294  0.133792 0.0608981   1.73339
 0.960411  0.141899 0.0617661   1.73307
  0.970995  0.0959764 0.00142087    1.75437
   0.973732   0.0306808 -0.00336336     1.75838
 0.970097  0.089184 0.0418489   1.74768
 0.970537 0.0554622 0.0377933   1.74917
 0.964628  0.124635 0.0657789   1.73665
 0.966723  0.107569 0.0600864   1.73986
 0.964224  0.126361 0.0792436    1.7365
 0.965163  0.114658 0.0742133   1.73736
 0.964682  0.119092 0.0391528   1.74049
 0.967051 0.0986723 0.0564801   1.74063
 0.963982  0.126459 0.0644077   1.73655
 0.966071  0.116491 0.0413126   1.74005
   0.8691  0.373595 0.0903475   1.58288
 0.87685 0.357735 0.123135  1.59777
0.859092 0.379074 0.107097  1.56464
0.864424 0.368222 0.124258  1.57443
0.853015 0.382585 0.125158  1.55596
0.857966 0.370774 0.118145  1.55987
0.868494 0.362698 0.119355  1.58002
0.867393 0.364801 0.103214   1.5765
  0.812272   0.431031 -0.0978237    1.48769
 0.821432  0.410418 -0.117387   1.49934
    0.8339   0.409261 -0.0883075    1.52252
  0.820393   0.409524 -0.0988385    1.49363
 0.835169  0.388708 -0.134665   1.52342
   0.85713   0.385911 -0.0829351     1.5645
  0.838399    0.39612 -0.0934519    1.52748
 0.832669  0.389004 -0.111468   1.51374
  0.875973    0.35008 -0.0757515    1.59128
 0.968541  0.126039 0.0329761   1.74181
 0.967833  0.131865 0.0374416   1.74041
 0.968297  0.132365 0.0303913   1.74101
 0.968202  0.133366 0.0344867   1.74142
 0.967495  0.137057 0.0242219   1.73821
 0.966757  0.141877 0.0320985   1.73793
 0.966609   0.14248 0.0407729   1.73805
 0.964663  0.137706 -0.101096   1.73615
  0.966815   0.152558 -0.0782354    1.74118
 0.968746  0.137809 0.0212093   1.74155
 0.968696  0.135912 0.0233891   1.74117
 0.96978  0.13123 0.017893  1.74405
 0.970522  0.127027 0.0158902   1.74571
0.970025 0.126878 0.020992  1.74472
 0.970024  0.126139 0.0173158   1.74443
 0.968802  0.133045 0.0287885   1.74232
 0.969617   0.12718 0.0262805   1.74407
0.969156 0.127053 0.031466  1.74333
 0.969039  0.126478 0.0274331   1.74265
 0.969484  0.130728 0.0189922   1.74323
 0.969514  0.126538 0.0217916   1.74348
 0.968738  0.132146 0.0223217   1.74173
 0.969395  0.131005 0.0224355   1.74326
 0.970412  0.125998 0.0120278   1.74513
  0.96975  0.130725 0.0150427    1.7437
  0.970036   0.130196 0.00791403    1.74409
 0.970049  0.131897 0.0124079    1.7446
    0.969037     0.132228 -0.000564878      1.74107
  0.968573   0.138777 0.00870484    1.74109
0.968562 0.139488 0.016815  1.74126
    0.97192    0.122693 -0.00977921     1.74804
  0.971339    0.12583 -0.0074342    1.74669
  0.971581   0.123667 -0.0139385    1.74696
  0.971604   0.126585 -0.0103939    1.74751
  0.971081   0.131153 -0.0143166    1.74586
  0.970507   0.128061 -0.0146967    1.74457
   0.970446    0.131357 -0.00755257     1.74477
 0.962672  0.149662 0.0575734   1.72973
  0.971141   0.134638 -0.0214738     1.7468
  0.971577   0.132928 -0.0168623     1.7475
  0.972267   0.124853 -0.0250326      1.749
  0.973058   0.121683 -0.0277716     1.7509
   0.97292   0.121841 -0.0224306    1.75049
 0.972604  0.120803 -0.024279   1.74956
  0.971954   0.123957 -0.0156321    1.74799
  0.972677   0.122135 -0.0171828    1.74987
  0.972403   0.123462 -0.0118868    1.74935
   0.97221   0.121422 -0.0151335    1.74859
  0.972096   0.123918 -0.0210139    1.74831
  0.972479   0.120795 -0.0195051    1.74919
 0.971969  0.123078 -0.017389   1.74785
  0.972221   0.124133 -0.0199761    1.74872
    0.9727   0.120329 -0.0296931    1.74983
  0.972079   0.124563 -0.0259944    1.74842
   0.97217   0.123263 -0.0324549    1.74859
  0.972301   0.124697 -0.0308368    1.74919
  0.971158   0.127955 -0.0355228    1.74622
  0.970849   0.129461 -0.0340357    1.74582
  0.970823    0.13395 -0.0274087    1.74611
  0.973087   0.116064 -0.0524928    1.75108
  0.972381   0.121378 -0.0485533    1.74953
  0.972303   0.119188 -0.0550619    1.74932
  0.972578   0.119689 -0.0544444    1.75017
 0.971209  0.130375 -0.056321   1.74749
  0.971132   0.120789 -0.0553522    1.74642
  0.971093   0.127325 -0.0508375     1.7469
 0.964998  0.148579 0.0316195   1.73327
   0.97058   0.125457 -0.0725108    1.74649
   0.97122   0.130298 -0.0645027     1.7481
  0.972061   0.118012 -0.0763163    1.74995
  0.973638   0.112176 -0.0805678    1.75385
  0.973884   0.112379 -0.0722172    1.75385
  0.972804   0.112617 -0.0734349    1.75122
  0.972486   0.117392 -0.0605503    1.74992
  0.973864   0.113423 -0.0645188    1.75341
  0.973758    0.11534 -0.0576029    1.75298
   0.97311   0.114264 -0.0589367    1.75124
  0.971907   0.119487 -0.0688387    1.74912
  0.973053   0.113115 -0.0657317    1.75137
  0.972284   0.119684 -0.0601558    1.74957
  0.972353   0.118154 -0.0684835    1.75018
 0.960005  0.191033 0.0201294   1.72754
 0.965498  0.155074 -0.128239   1.74546
 0.957238  0.155694 -0.160581   1.73054
  0.96471  0.135866 -0.137404   1.74137
 0.960895  0.139395 -0.154805   1.73547
 0.963607  0.125692 -0.152164   1.73944
0.962681 0.129256 -0.15283  1.73791
  0.95922  0.144581 -0.158264   1.73311
 0.962487  0.153532 -0.148852   1.74098
 0.957046  0.165732 0.0701809    1.7194
0.953135 0.139715 -0.19652  1.72425
 0.953583  0.145488 -0.187668   1.72466
  0.95139  0.148565 -0.195668   1.72153
0.952751 0.140835 -0.19422  1.72326
 0.948959  0.175551 -0.198014    1.7221
 0.951358  0.146883 -0.187265    1.7197
 0.951816  0.149045 -0.186271   1.72097
  0.970127   0.143693 -0.0373341    1.74528
 0.791538  0.399894 -0.212919   1.45032
0.800059 0.379224 -0.22356  1.46132
0.810598  0.38507 -0.20027  1.48073
 0.798546  0.382299 -0.209184   1.45516
 0.812591  0.362384 -0.236067   1.48606
 0.831173  0.370948 -0.194452   1.51982
 0.814928  0.375095 -0.204588   1.48764
0.809865 0.367117 -0.21616  1.47596
  0.883307   0.354687 -0.0120605    1.60375
 0.786187  0.329051 -0.311929   1.44142
 0.806648  0.339951 -0.279837   1.47819
 0.777095  0.341073 -0.303168   1.42208
 0.787675  0.347991 -0.285418   1.44093
 0.771252  0.357318 -0.297438   1.41478
 0.776417  0.344799 -0.292363   1.41778
 0.790577  0.341087 -0.289872   1.44686
 0.784446  0.334822 -0.297537   1.43381
  0.962464   0.173853 -0.0987045     1.7372
 0.938496   0.23587 -0.139058   1.69948
 0.922451  0.176426 -0.280735   1.67892
 0.923562  0.183037 -0.271032   1.68075
 0.919794  0.187511 -0.280052   1.67579
 0.921819  0.178474 -0.277647   1.67766
 0.916638   0.21168 -0.282023   1.67645
 0.919672  0.187865 -0.273141    1.6744
 0.920617  0.190313 -0.271808   1.67678
0.752764 0.315109 -0.35544  1.38256
 0.758076  0.302869 -0.357253   1.38977
 0.765674  0.310908 -0.345127    1.4032
 0.756731  0.306677 -0.350056    1.3848
0.765994 0.294901 -0.36283  1.40748
 0.780604  0.308859 -0.341119   1.43377
  0.76808  0.306576 -0.348082   1.40894
 0.764285  0.300604 -0.353176    1.4009
 0.934919  0.216781 -0.197579   1.69813
 0.881384  0.226924 -0.339307   1.61901
0.888227 0.230218 -0.33209  1.63297
  0.88045  0.218283 -0.348397   1.61627
 0.880539   0.21322 -0.356451   1.61682
  0.88712  0.207993 -0.346963    1.6268
 0.882122   0.21349 -0.349928   1.61786
 0.894618  0.205317 -0.325951   1.63683
 0.893295  0.202388 -0.337478   1.63599
  0.89913  0.196141 -0.328008   1.64445
 0.895408  0.203012 -0.330987   1.63858
 0.883579    0.2213 -0.340756   1.62128
 0.888879  0.208399 -0.340476    1.6284
 0.892629  0.215888 -0.327837   1.63559
 0.887297  0.212623 -0.337938   1.62621
 0.740139  0.277506 -0.392632   1.36034
0.745121 0.268461 -0.39263  1.36783
 0.750157  0.276091 -0.384488   1.37663
 0.743323  0.271907 -0.387803   1.36254
 0.752254  0.263441 -0.397278   1.38464
0.762052 0.277176 -0.38227  1.40214
  0.75224  0.273644 -0.386918   1.38237
 0.750394   0.26844 -0.390098   1.37832
 0.761193  0.352789 -0.302449   1.39328
 0.755807  0.342484 -0.318306   1.38387
 0.770372  0.336733 -0.307838   1.40763
   0.7649  0.347562 -0.314193   1.40366
 0.751726  0.331602 -0.332969   1.37693
 0.748053  0.320862 -0.346086   1.37066
 0.761872  0.316945 -0.335488   1.39316
0.756541 0.325885 -0.34271  1.38904
 0.777376  0.326121 -0.317085    1.4231
 0.776966  0.317303 -0.322433   1.42092
0.760623 0.336699  -0.3292  1.39623
 0.767956  0.322331 -0.331308   1.40649
 0.773491  0.331574 -0.318109   1.41639
 0.765548  0.326778 -0.323204   1.39953
 0.855717  0.235009 -0.373539   1.57706
 0.860566  0.236986 -0.368706   1.58649
 0.855384  0.229921 -0.381932    1.5769
 0.855917  0.226409 -0.387815   1.57815
 0.861865  0.223308 -0.380546   1.58737
 0.85697 0.226433 -0.38298  1.57831
 0.867156  0.224778 -0.367097   1.59553
 0.867867  0.220464 -0.373118    1.5969
 0.874003  0.216748 -0.365113    1.6064
 0.868915  0.220585 -0.367838   1.59701
0.857666  0.23171 -0.37662  1.58023
 0.862726  0.223429 -0.375774   1.58722
 0.863872  0.228827 -0.368466   1.58973
 0.861185  0.226807 -0.374824    1.5858
 0.818153  0.240361 -0.412974   1.51506
 0.82404 0.238443 -0.41528   1.5264
0.829437 0.234923 -0.41428  1.53479
0.830043 0.238442 -0.40885    1.536
 0.827798  0.236994 -0.413487   1.53293
 0.830248   0.24359 -0.401874   1.53615
  0.82157   0.24073 -0.413122   1.52168
 0.827595  0.243395 -0.408186   1.53319
 0.874844  0.248154 -0.309709   1.60062
 0.810786  0.232746 -0.429426   1.50405
 0.807257  0.234409 -0.427971   1.49822
 0.808507  0.233258 -0.426603   1.49893
0.813482 0.233607 -0.42974  1.50923
  0.81586  0.233736 -0.429377   1.51282
  0.81418  0.235111 -0.427216   1.51002
  0.81484  0.234012 -0.429132   1.51191
 0.811106  0.236905 -0.421551   1.50298
 0.812473  0.234289 -0.429525   1.50758
 0.811623  0.235498 -0.424206   1.50506
 0.813542  0.235536 -0.427551   1.50921
 0.744426  0.310684 -0.358675   1.36486
 0.740723  0.301168 -0.368964    1.3584
 0.752498  0.298664 -0.360508    1.3779
 0.748259   0.30571 -0.366404   1.37464
 0.738066  0.291574 -0.378297   1.35386
 0.735867  0.282434 -0.386582   1.35014
 0.746774  0.280944 -0.378468   1.36823
 0.742633   0.28655 -0.384579   1.36465
 0.758495  0.291379 -0.366541   1.39189
 0.758828  0.284353 -0.369735   1.39156
0.745293 0.295979 -0.37603  1.36942
 0.751635  0.285614 -0.375711   1.37877
 0.755446  0.294237 -0.367093    1.3856
 0.749143  0.289539 -0.370558   1.37226
0.934661 0.144972 0.194229  1.67924
 0.93141 0.146441 0.205384  1.67404
0.924381 0.139688 0.202947  1.66767
0.899763 0.234111 0.314422  1.63286
0.923566 0.223939 0.275656  1.66853
 0.808951 -0.115153  0.207077   1.45863
0.938403 0.207388 0.240265  1.69075
0.879743 0.176379 0.363674  1.59222
0.914421 0.202749 0.292152  1.64782
0.930025 0.151181  0.23706  1.67361
 0.93346 0.214689 0.254707  1.68347
0.930069 0.150661 0.241574   1.6745
0.930179 0.147157 0.244236   1.6753
0.869321 0.273636 0.259034  1.58237
0.868415 0.281462 0.251898   1.5805
0.874749 0.277391 0.250692   1.5916
0.871129 0.280249 0.254585  1.58724
0.867579 0.289531 0.244176  1.57887
0.866504 0.297558 0.235752  1.57664
0.873577 0.291559 0.234144  1.58881
0.869564 0.296375 0.238901  1.58423
 0.88024  0.27893 0.242941  1.60109
0.881215 0.282125 0.234349   1.6021
 0.87046 0.288279  0.24691  1.58595
0.875441 0.289969 0.238769  1.59378
0.876364 0.283199 0.246299  1.59595
0.873947 0.285104 0.242611     1.59
0.929805 0.135479 0.239941  1.67536
0.928667 0.148533 0.258233  1.67643
0.929751 0.122201 0.238924  1.67708
0.927455   0.1514 0.240463  1.66725
0.929415  0.11208 0.254612   1.6801
0.930945 0.154071 0.240699  1.67913
 0.934798 0.0709703  0.230434   1.68595
 0.945422 0.0313383  0.219556   1.70775
 0.939068 0.0468193  0.230119   1.69493
 0.939997 0.0429066  0.236163   1.69879
 0.931577 0.0546359  0.253482   1.68333
 0.928708 0.0611237  0.257119   1.67778
 0.935692 0.0620608  0.246965   1.69202
0.928758 0.145928 0.237445  1.67093
0.882739 0.277405 0.246355  1.60725
0.885508 0.264157 0.258835   1.6134
0.876561 0.275746 0.254035   1.5962
0.878327  0.26778 0.260353  1.59991
0.872081 0.272243 0.261422  1.58911
 0.87539 0.270105 0.257432  1.59301
0.881282 0.267121 0.257534  1.60429
0.881105 0.271128 0.250406  1.60305
 0.928011 0.0763287   0.27198    1.6813
  0.93081 0.0919377   0.25332   1.68368
 0.925996 0.0894692  0.258417   1.67321
0.943949 0.189578 0.199367  1.69884
0.944421  0.17762 0.199006  1.70439
0.930261 0.149244 0.225274   1.6762
0.928139 0.145586 0.201984  1.67701
0.930788 0.151241 0.244807  1.67753
0.931428 0.155269 0.237657  1.67971
0.925966 0.145078  0.22896  1.66386
0.931303 0.183576 0.229189  1.68264
0.928913 0.204442 0.261705  1.67322
0.927705 0.143641  0.25578  1.67439
  0.9206 0.129318 0.203845   1.6542
0.930821 0.153045 0.241337  1.67692
0.919296 0.130561 0.204551  1.65544
0.920587 0.164929 0.274942  1.66693
0.923196 0.130611 0.207541  1.65492
0.933063  0.19711 0.238159  1.68315
0.918828 0.131835 0.203652  1.64735
0.924557 0.143782 0.231435   1.6615
0.907443 0.100352 0.204664  1.62941
0.884482 0.120554 0.144944    1.588
0.912075 0.143069 0.308274   1.6446
0.898253 0.111037 0.171595  1.60841
0.910619 0.118174 0.205693  1.63106
 0.90417 0.120684 0.172111  1.61534
 0.88279 0.249416 0.271625  1.60655
0.883556 0.252909 0.264552  1.60722
0.877575  0.24691 0.278456  1.59764
0.872125 0.241541 0.284843  1.58815
0.871262 0.249545 0.279179  1.58636
0.873768 0.248158 0.281374  1.59255
 0.87648 0.261189 0.265103  1.59503
0.870575 0.257578 0.272877  1.58493
0.869901 0.265274 0.266064  1.58341
0.872552 0.263979 0.268792  1.59006
0.879037 0.252613 0.274951  1.60155
0.873188 0.256199 0.275265   1.5914
0.878112 0.259363 0.269029  1.59938
0.876745 0.254726 0.271941  1.59599
 0.88363 0.167407 0.312545  1.60928
  0.8888 0.176781  0.31625  1.62016
0.889701 0.166915 0.318303  1.62209
0.887651 0.170252 0.316346  1.61723
0.894594 0.177215 0.309408  1.62865
0.899553  0.15983 0.313357  1.63867
0.895167 0.162478 0.316897  1.63062
 0.89365  0.16522 0.314871   1.6269
0.894257  0.17402 0.311353  1.62878
0.881284 0.168993 0.312547  1.60401
0.87972 0.17868 0.31213 1.60162
0.886693 0.179482 0.314963  1.61532
0.882256 0.176967 0.312488  1.60741
0.878152 0.188274 0.310367    1.599
0.876762 0.197674 0.307462  1.59658
0.884511 0.196399 0.307928  1.61109
  0.8796 0.195758 0.308619  1.60326
0.892126 0.180231 0.306942  1.62268
0.893101 0.185862  0.30146  1.62429
0.880897 0.186418 0.311189  1.60539
0.886557 0.193391 0.310754  1.61604
0.887708 0.185352 0.314227  1.61851
0.885402 0.188381 0.312083  1.61309
0.928253 0.132028 0.250047  1.67461
0.893434 0.280355  0.23046  1.62731
0.929713 0.142661 0.246959   1.6756
0.936527 0.191806  0.22411  1.69008
0.925002 0.129968 0.262304  1.67131
0.938594 0.186358 0.212043  1.69484
0.928249 0.147008 0.237301  1.66996
 0.93105 0.152283 0.238124  1.67757
0.939775 0.181286 0.200781   1.6978
0.930278 0.148793 0.226553  1.67627
0.927444 0.140776 0.207212   1.6727
0.928542 0.148062 0.206718  1.67974
0.935124 0.181062 0.215263  1.68903
0.927193 0.142357  0.20396  1.67226
 0.93623 0.153424 0.182103  1.69168
0.935959 0.152763 0.206909  1.68584
0.930794 0.151495 0.225662  1.67919
0.939289 0.155343 0.204318  1.69054
0.934544  0.15509 0.210111  1.68652
0.936256  0.15817 0.175232  1.69312
0.940356 0.161939 0.204385   1.6942
 0.760959  0.122591 -0.444399   1.39274
 0.762466  0.125664 -0.446187   1.39738
 0.754396  0.125942 -0.449831   1.38261
 0.758763  0.118688 -0.443553   1.38686
 0.754847  0.120777 -0.446871   1.38084
 0.755603  0.116125 -0.442895    1.3791
 0.756248  0.118249 -0.445304   1.38248
 0.755959  0.123655 -0.447209   1.38397
0.759498 0.121846 -0.44579  1.39033
 0.769875  0.146738 -0.458994   1.42177
 0.749889  0.128158 -0.453801   1.37589
 0.745105  0.131885 -0.456228   1.36803
 0.747704  0.125744 -0.452051   1.36974
0.745066  0.12805 -0.45332  1.36537
 0.745337  0.124575 -0.450164   1.36314
  0.74588  0.126147 -0.452459   1.36622
  0.74589  0.129857 -0.454536   1.36827
0.748612 0.127962 -0.45388  1.37323
 0.764642  0.158183 -0.462696    1.4141
 0.769866  0.133787 -0.449103   1.41534
 0.770705  0.138532 -0.446229   1.41634
 0.737139  0.139757 -0.459086   1.35475
 0.737987  0.138316 -0.459313   1.35637
0.734779 0.138113 -0.45751  1.34836
 0.732809  0.137917 -0.455544   1.34269
 0.734156  0.136253 -0.454948    1.3448
  0.73442  0.137147 -0.455458   1.34583
  0.73727  0.135131 -0.457022   1.35269
 0.735494  0.134584 -0.454503     1.347
 0.736728  0.132911 -0.453983   1.34894
  0.73689  0.133834 -0.454543   1.34979
 0.735894  0.137714 -0.457335   1.35049
 0.735678  0.135442 -0.454995   1.34784
 0.736933  0.136201 -0.457325   1.35238
 0.736029  0.136589 -0.457116   1.35041
 0.733212  0.138762 -0.456027   1.34399
0.734731 0.139242 -0.45792  1.34875
  0.73377  0.140627 -0.458771   1.34761
 0.733581   0.13948 -0.458226   1.34662
 0.734971  0.143006 -0.461853    1.3527
 0.734666  0.141477 -0.460459   1.35084
 0.735831  0.140897 -0.459596   1.35258
  0.77344  0.161973 -0.439279   1.42292
 0.732642  0.146777 -0.462733   1.34924
 0.730262  0.150815 -0.462927   1.34534
 0.730553  0.145862 -0.459842   1.34275
 0.729165  0.147995 -0.459932   1.34037
 0.728673  0.145618 -0.457479   1.33688
 0.729128  0.146622 -0.459539   1.33975
 0.729873  0.149061 -0.462013   1.34356
  0.73155  0.147589 -0.461655   1.34647
 0.779986   0.17913 -0.414133   1.42722
 0.776226  0.164948 -0.422623   1.42131
 0.777014  0.170387 -0.422952   1.42382
 0.728535   0.15417 -0.463447   1.34287
 0.727145   0.15857 -0.462811    1.3406
 0.726352  0.153525 -0.460255     1.336
  0.72545  0.155872 -0.459914   1.33441
0.724495 0.153654 -0.45811  1.33035
 0.725019  0.154413 -0.459717   1.33308
 0.726186  0.156703 -0.462208   1.33781
 0.727477  0.155238 -0.462014      1.34
0.790669 0.200465 -0.45956  1.47008
 0.792437  0.202197 -0.462781   1.47496
 0.791789  0.208022 -0.458439   1.47431
 0.791276  0.209284 -0.454138   1.47199
 0.785203  0.201024 -0.465317   1.46233
 0.789163   0.20595 -0.462936   1.47054
  0.72551   0.17222 -0.459691   1.33852
 0.726578  0.177633 -0.456932   1.34026
 0.723037  0.172476 -0.455779   1.33068
 0.723442  0.175308 -0.454356   1.33125
 0.721269  0.173769 -0.454125   1.32574
 0.721984  0.173713 -0.454618   1.32804
 0.724234   0.17554 -0.457064   1.33499
 0.724492  0.173955 -0.457255   1.33525
 0.768456    0.1626 -0.444436   1.41512
 0.724915  0.181766 -0.454939   1.33666
 0.725442  0.179907 -0.455026   1.33732
  0.72268  0.182595 -0.450916   1.32936
 0.719918    0.1846 -0.449576    1.3228
 0.719861  0.181384 -0.450876   1.32269
 0.721683  0.182722 -0.450795   1.32668
 0.722355  0.176634 -0.453578   1.32888
 0.719774   0.17833 -0.452013   1.32248
 0.719775  0.175357 -0.453137   1.32246
0.721446 0.176593 -0.45308  1.32612
 0.723897  0.181116 -0.451855   1.33204
 0.721498  0.179644 -0.451982   1.32628
 0.723471  0.178052 -0.453391   1.33141
 0.722337  0.179457 -0.452176   1.32863
 0.731812  0.152985 -0.466907   1.35152
 0.734634  0.150147 -0.466361   1.35637
 0.720793  0.199944 -0.442911    1.3245
 0.720372  0.195761 -0.444898   1.32374
 0.724305  0.196723 -0.443819   1.33196
 0.722905  0.197518 -0.444658   1.32921
 0.720143  0.191842 -0.446602   1.32328
 0.719934   0.18804 -0.448212   1.32286
 0.723378  0.189199 -0.447643   1.33042
 0.722151  0.189655 -0.448066    1.3277
 0.727051  0.195085 -0.448191   1.34031
 0.727415  0.192779 -0.448411   1.34057
 0.722447    0.1935 -0.446436    1.3283
 0.724912  0.190965 -0.447291   1.33382
  0.72577  0.194769 -0.445183   1.33525
 0.723592  0.192729 -0.445753   1.33059
 0.730261   0.17237 -0.465928   1.35233
 0.799879  0.232716 -0.428114    1.4837
 0.788133  0.232676 -0.421414   1.45642
 0.791315   0.23674 -0.420541    1.4636
 0.732042  0.182526 -0.461783   1.35599
 0.735085   0.20472 -0.448099   1.35986
 0.733208  0.200472 -0.449283   1.35558
 0.731928   0.21209 -0.438157   1.34902
 0.732139  0.209144 -0.438581   1.34886
 0.728362  0.214616 -0.432912   1.33871
 0.723762  0.219298 -0.432341   1.32969
 0.722891  0.214192 -0.435346   1.32822
 0.726325  0.216264 -0.434791   1.33549
0.726331  0.20514 -0.43875  1.33532
 0.722038  0.209204 -0.438056   1.32667
 0.721485  0.204416 -0.440604   1.32574
 0.724548  0.206355 -0.440158   1.33225
 0.730139  0.212078 -0.434886   1.34278
 0.725318  0.211302 -0.437607   1.33369
   0.7286  0.207304 -0.438056   1.34019
 0.727045  0.209621 -0.435902   1.33632
 0.744824  0.210688 -0.445566   1.38019
 0.738198  0.233355 -0.422712   1.35942
 0.738791  0.229389 -0.423578   1.35992
  0.73369   0.23649 -0.417383    1.3472
  0.72755  0.242912 -0.417358   1.33606
 0.726612  0.236515 -0.421536   1.33448
0.731026 0.239172 -0.42071   1.3439
 0.731282  0.224931 -0.425534   1.34339
 0.725748  0.230491 -0.425339   1.33303
 0.724803  0.224733 -0.428978   1.33146
 0.728799  0.227054 -0.428231    1.3399
 0.736012  0.233393 -0.420256   1.35264
 0.729891  0.232963 -0.424593   1.34184
  0.73413  0.227599 -0.424465   1.34947
 0.732194  0.230362 -0.421735   1.34465
 0.820629  0.268948 -0.362841   1.51039
 0.773788  0.249664 -0.402913   1.42556
 0.851043  0.251779 -0.350816   1.56403
  0.80221  0.250824 -0.394665   1.47943
  0.8968 0.243748 -0.27924  1.63934
  0.80867  0.279343 -0.357254   1.48963
 0.802716  0.360066 -0.242858   1.46509
 0.802566   0.34881 -0.251801   1.46281
0.792848 0.374564 -0.23009  1.44525
  0.78034  0.395353 -0.219662   1.42567
0.775149  0.38538 -0.24199  1.41645
 0.785415  0.390661 -0.236155   1.43935
 0.783412  0.354846 -0.270416   1.42911
 0.770804  0.374464 -0.263399   1.40908
 0.766206  0.363378 -0.283168   1.40125
 0.776278  0.368616 -0.277972   1.42333
 0.796944  0.369429 -0.245058   1.45655
0.781112 0.379707 -0.25783  1.43183
 0.790505  0.360516 -0.264322   1.44495
 0.787728  0.364956 -0.252177   1.43667
 0.917003  0.232387 -0.239589   1.67089
  0.79957   0.42867 -0.106654   1.45963
0.792436  0.42349 -0.13713  1.44647
  0.81329    0.4067 -0.126354    1.4808
  0.80428  0.428301 -0.128773   1.47348
 0.787973  0.415172 -0.166651   1.43853
  0.78416  0.405103 -0.193224   1.43153
  0.80463   0.39075 -0.179452   1.46485
 0.795279  0.410947 -0.186073   1.45691
 0.825249  0.387347 -0.142657    1.5017
 0.825851  0.374657 -0.157228   1.50032
0.799704 0.420502 -0.15878  1.46521
 0.811784  0.397303 -0.170658    1.4818
 0.817949   0.40457 -0.146283   1.49385
 0.808175  0.400374 -0.155832   1.47197
 0.950047  0.198224 -0.157595   1.72146
0.824318 0.421816 0.021676  1.50196
   0.818123    0.427021 -0.00864419     1.49104
  0.838022   0.406243 -0.0037335    1.52389
   0.829316    0.428527 0.000239348     1.51672
 0.812503  0.429642 -0.040317    1.4814
  0.806403   0.429782 -0.0727243    1.47083
  0.828968   0.408384 -0.0629178    1.50797
  0.818638   0.432293 -0.0637008    1.49842
  0.851792   0.387165 -0.0212588    1.54681
  0.854061   0.378044 -0.0424479    1.54934
   0.82428   0.431585 -0.0314158    1.50817
   0.83699   0.411752 -0.0517058    1.52675
  0.842177   0.411117 -0.0230119    1.53636
  0.833372   0.409483 -0.0339521    1.51615
  0.968684   0.139161 -0.0241303    1.74042
0.846419 0.384308 0.120268  1.54096
0.841121 0.395085  0.10051  1.53148
0.854182 0.380209 0.100226  1.55312
0.848348 0.394149 0.106634  1.54821
 0.835747   0.40539 0.0774209   1.52204
0.830083 0.413566 0.051599  1.51162
 0.847106  0.394579 0.0552637    1.5399
 0.839447  0.414231 0.0601742   1.53358
  0.86275   0.37476 0.0834687   1.56808
 0.863818  0.374066 0.0646524   1.56898
 0.844157  0.404838 0.0845937   1.54148
 0.852707  0.395335 0.0660479   1.55367
 0.856741  0.388292 0.0869724   1.56135
 0.850387  0.389214 0.0782278   1.54648
 0.959448  0.116392 0.0934429   1.72484
0.960906 0.109333 0.128266  1.73132
0.873122 0.341087 0.154253  1.58683
0.874256 0.342331 0.140118  1.58776
0.865595 0.342798 0.167325  1.57351
0.858568  0.34354 0.182411  1.56214
0.856217 0.352745 0.169143  1.55775
 0.86081 0.351703 0.173425  1.56875
0.861726 0.359436 0.137188  1.56625
0.853776 0.362496 0.154429  1.55348
0.850559 0.372526 0.138403  1.54777
0.856215  0.37132 0.143264  1.56101
0.867884 0.350111  0.15812  1.58008
0.858882 0.361279 0.158842  1.56551
0.865368 0.358472 0.144079  1.57527
0.863557 0.351918 0.152501  1.56989
0.931442 0.121685 0.237005  1.68063
0.893185 0.338676 0.130088  1.62829
0.877453  0.30976 0.204404  1.59512
0.878382 0.312346  0.19387   1.5959
0.871268 0.309121 0.214962  1.58444
0.865391 0.306779 0.226662  1.57475
0.863803 0.315682 0.217231  1.57175
0.867251 0.314424 0.220354  1.58009
0.869099 0.324633 0.193193  1.57993
 0.86216 0.324931 0.206686  1.56873
0.860358 0.333698 0.195141  1.56519
0.864383  0.33262  0.19911  1.57499
0.873103 0.315979 0.208602  1.58962
 0.86595 0.323633 0.210046  1.57784
0.871548 0.323307  0.19876  1.58628
0.869966 0.317877 0.204259  1.58207
0.930377 0.134967 0.238881  1.67647
0.933831 0.120639 0.220039  1.68468
0.920945 0.127594  0.27369  1.66696
0.893482 0.307871 0.189324    1.627
0.886307 0.217974 0.293374  1.61329
0.886822 0.221967 0.287342  1.61354
0.881289 0.214706 0.300187  1.60512
0.875581 0.207329 0.304043  1.59466
0.874477  0.21599 0.300041  1.59258
0.877031 0.214341 0.301611  1.59873
 0.87964 0.230242 0.289664  1.60167
0.873663 0.224592 0.295389  1.59107
 0.87285 0.232812 0.290252  1.58943
0.875395 0.231269 0.292227  1.59566
 0.88262 0.220853 0.297441  1.60879
0.876231 0.222978 0.297075  1.59728
0.881296 0.228097 0.292937  1.60592
0.880126 0.223288 0.295145  1.60296
0.910666 0.116893 0.306711   1.6557
0.915803 0.122059 0.291295  1.66284
0.909832 0.121666 0.303429  1.65267
0.903611 0.115901 0.319975  1.64426
0.896618  0.12095 0.333299  1.63471
0.899725 0.125619 0.321493  1.63679
0.899391 0.119158 0.320804  1.63501
0.889587 0.126691 0.333582  1.62202
0.882717 0.130331 0.321787  1.60606
0.889629 0.138835 0.327869   1.6216
0.886996  0.13268 0.328459  1.61507
0.895251 0.144131 0.325204  1.63164
0.899764 0.137847 0.317628  1.63693
0.898609 0.140102 0.315956    1.634
0.893515 0.126362 0.329924  1.62697
 0.89318 0.138098 0.325927  1.62617
0.898044 0.131173 0.317574   1.6322
0.895341 0.133451 0.329329  1.63175
0.920851  0.14584 0.278596  1.66759
0.905208 0.118638 0.314997  1.64595
0.902677  0.12378 0.313588  1.64013
0.906107 0.128851 0.301757  1.64429
0.902853 0.136449 0.314684  1.64276
0.918106 0.123297  0.28148  1.66231
  0.79594  0.211679 -0.452148   1.48143
 0.796795  0.206058 -0.457493   1.48305
 0.804085  0.208661 -0.450846   1.49544
0.798487 0.208716 -0.45328  1.48493
 0.795947  0.203131 -0.461392   1.48183
 0.792249  0.196123 -0.455639     1.471
 0.799806  0.195265 -0.452544   1.48467
 0.795419  0.196854 -0.454586   1.47683
  0.81423  0.203946 -0.448109   1.51333
  0.81022  0.193803 -0.448131   1.50355
0.831564 0.193739 -0.43728  1.54321
 0.815801  0.195578 -0.444807   1.51325
 0.798077  0.203812 -0.459024   1.48505
 0.80357 0.195994 -0.45134  1.49151
 0.806026  0.204871 -0.451818   1.49802
 0.803281   0.20246 -0.456753   1.49442
  0.73576  0.194754 -0.455305   1.36292
0.963638 0.073694 0.115634  1.73406
 0.964907  0.118531 0.0880245   1.73804
 0.965547 0.0922252 0.0746438    1.7362
 0.968952 0.0319865 0.0925412   1.74381
 0.97006 0.063595 0.074673  1.74638
  0.970979 -0.0109233  0.0568057    1.74994
 0.971041 0.0551557 0.0635525   1.74855
 0.966872 0.0908042  0.078761   1.74022
 0.967643 0.0780064  0.109023   1.74352
0.930818 0.132601 0.227329  1.67766
  0.76053  0.158387 -0.457295   1.40318
 0.760278  0.156706 -0.457375   1.40238
0.760667 0.159147 -0.45893  1.40437
 0.759976  0.156822 -0.458169   1.40212
 0.759855  0.157475 -0.458632   1.40222
 0.760139   0.15649 -0.457757   1.40221
 0.759715  0.156474 -0.457876   1.40138
 0.760739  0.157736 -0.456369   1.40341
 0.761239  0.156589 -0.454605   1.40352
 0.740046  0.140994 -0.463345   1.36363
 0.744023  0.138119 -0.462285   1.37067
 0.761174  0.162828 -0.459509   1.40651
  0.76263  0.157124 -0.456973   1.40747
 0.765634  0.156863 -0.465341   1.41719
 0.760229   0.15622 -0.456649   1.40233
 0.756751  0.129875 -0.452793   1.38982
 0.761838  0.129608 -0.451027   1.39946
  0.76023  0.157325 -0.458884   1.40348
 0.760635  0.154778 -0.455261   1.40237
 0.767669  0.153659 -0.465373   1.42084
  0.74598  0.138083 -0.461323   1.37406
 0.768214  0.149608 -0.458516   1.41809
 0.760267  0.160302 -0.458655   1.40371
 0.760082  0.160599 -0.458972   1.40352
 0.760043  0.160852 -0.458651   1.40332
 0.759725  0.160244 -0.459253   1.40283
  0.76213  0.162632 -0.459982   1.40858
 0.760004   0.16274 -0.459814   1.40421
 0.759364   0.15859 -0.459054   1.40162
 0.760193  0.157746 -0.458764    1.4033
0.759385 0.157668 -0.45868   1.4013
 0.760356  0.158769 -0.459903   1.40418
 0.760469  0.158649 -0.459036   1.40392
 0.763757  0.154253 -0.469847   1.41512
 0.760421  0.157876 -0.457383    1.4029
   0.758 0.156985 -0.45754  1.39787
 0.760352  0.157336 -0.457045    1.4025
 0.759612  0.156382 -0.457268    1.4009
 0.75903 0.156839 -0.45776      1.4
 0.760335  0.156532 -0.457437   1.40248
  0.76053  0.157323 -0.457257   1.40298
 0.759132  0.156378 -0.457397   1.39997
 0.773194  0.162505 -0.430151   1.41836
 0.728592  0.160479 -0.467186   1.34686
 0.730808  0.157644 -0.466819   1.35053
 0.736758  0.145231 -0.465235   1.35885
 0.738793  0.153562 -0.474077   1.36862
 0.760331  0.155655 -0.456806   1.40266
 0.730476  0.163574 -0.467894   1.35185
  0.76383  0.164022 -0.462093   1.41312
 0.758921  0.158523 -0.458721   1.40054
 0.762371  0.164327 -0.462232   1.41033
   0.7591  0.159554 -0.459233   1.40135
 0.759383  0.160368 -0.459471   1.40221
 0.754843  0.164401 -0.455679   1.39301
 0.760105  0.160677 -0.455869   1.40235
 0.759628  0.159919 -0.455449     1.401
  0.75878  0.160022 -0.456089   1.39953
 0.758594  0.158736 -0.458743   1.39991
 0.759921  0.160328 -0.456819   1.40224
 0.759841  0.160905 -0.459338    1.4032
 0.760201  0.160916 -0.459272    1.4039
 0.759224  0.160705 -0.456057   1.40061
 0.760183  0.160914 -0.459272   1.40389
 0.759533  0.160887 -0.458941   1.40238
 0.960599  0.147943 0.0861983    1.7288
  0.96176  0.141704 0.0968603   1.73218
  0.88624   0.36229 0.0652014   1.61534
 0.90632 0.273321 0.206248  1.64691
 0.962804  0.152094 0.0765366   1.73236
0.967434 0.149721 0.027658  1.73908
 0.967167  0.145409 0.0026122   1.73729
  0.969274    0.14325 0.00176904    1.74224
  0.969462   0.145049 -0.0153212    1.74317
   0.9673  0.151809 -0.055601   1.74035
 0.959688  0.166554 0.0404201   1.72349
 0.962852  0.167329 0.0360119   1.73075
  0.968771   0.135041 -0.0576021    1.74189
 0.855593   0.35187 -0.180219   1.56433
   0.964749    0.161423 -0.00685977     1.73333
 0.962277  0.163666 0.0120786   1.72802
 0.953335  0.154395 -0.151045   1.71932
 0.959313  0.169115 -0.133459   1.73367
  0.94232  0.180822 -0.192768   1.70659
  0.83267  0.327691 -0.266495   1.52866
  0.858574   0.366608 -0.0842366    1.55879
  0.85063  0.349562 -0.115282   1.53816
 0.926488  0.199832 -0.233414   1.68339
 0.907516  0.217302 -0.272315   1.65479
 0.801057  0.306122 -0.331811     1.475
  0.92165  0.257478 -0.182398   1.67458
0.887233   0.2341 -0.30396  1.62315
 0.780221  0.280586 -0.376846   1.44064
 0.899861  0.273931 -0.228184   1.64067
 0.832738   0.24567 -0.380892   1.53453
 0.845338  0.250582 -0.368837   1.55864
 0.846647  0.281275 -0.321346   1.55462
 0.813418  0.241781 -0.404961   1.50255
 0.824304  0.247811 -0.396253    1.5239
 0.803827  0.236984 -0.427464   1.49261
 0.800285  0.245259 -0.412454   1.48114
 0.80909 0.239841 -0.42271  1.50229
0.917441 0.128491 0.209439  1.65136
  0.90387 0.0759197  0.202052   1.61803
0.918628 0.128947 0.204239  1.65039
 0.91718 0.196259 0.280661  1.65361
0.927124 0.200934 0.256099  1.67213
0.905167 0.156326 0.307536   1.6293
0.911348 0.169677 0.297079  1.64202
 0.92784 0.150319 0.237764  1.66749
 0.92136 0.185087 0.266508  1.66028
0.928385 0.150755 0.240551  1.66968
0.928948 0.148479  0.24115  1.67163
0.929674 0.143387 0.240416   1.6737
0.894698 0.253184 0.258441  1.62963
 0.92614 0.151238 0.241112  1.66395
0.930424 0.128494 0.228237  1.67627
 0.92979 0.151512 0.250536  1.67696
  0.94796 0.0535559  0.211479    1.7128
 0.944991 0.0569472  0.225029   1.70878
 0.938154 0.0793308  0.227212   1.69401
0.945307 0.082114 0.211297  1.70786
 0.943275 0.0710984  0.212271   1.70226
0.926009 0.150954 0.240333  1.66426
 0.92707 0.148409 0.236367  1.66694
0.932931 0.112898 0.221098  1.68179
0.908356 0.297296 0.132223  1.64609
0.934677 0.101452 0.234137  1.68835
0.939054  0.17195 0.188713  1.69741
0.937635 0.168508 0.192237   1.6934
0.929367 0.149802  0.20366  1.68087
0.937023 0.176159 0.204166  1.69305
0.930932 0.155173 0.244843  1.67873
0.930749 0.158036  0.24051  1.67999
0.932612 0.185244 0.228112  1.68318
0.924826 0.149683 0.239954  1.66026
0.928466 0.187735 0.244184  1.67429
0.922111 0.143382 0.233798   1.6551
0.915085 0.121594 0.205986  1.64055
0.929478 0.138101 0.214423  1.67448
 0.91274 0.118642 0.210202  1.63991
0.927988 0.156139 0.232862  1.67653
0.911185 0.109907 0.217835  1.63647
0.913814 0.141974 0.271409   1.6415
0.921903   0.1812 0.255638  1.66284
 0.892757 0.0303612  0.242789    1.5925
 0.90717  0.11012 0.205418  1.62728
0.916212 0.155202 0.271704  1.64997
0.900812 0.193807 0.289776  1.63791
0.900732 0.155984  0.30649  1.63731
0.900265 0.171105  0.29982  1.63685
0.897444 0.224049 0.278711   1.6341
0.925439 0.139282 0.267395  1.67319
0.924881 0.151185 0.242257  1.66096
0.900472 0.239164 0.247242  1.63353
0.930337 0.153167 0.249849  1.67829
0.934583 0.179868 0.220355  1.68875
0.937448 0.175267 0.213506  1.69317
0.925537 0.153523 0.267768   1.6734
0.930341 0.150737 0.227981  1.67841
0.928232 0.144742 0.210984  1.67615
0.928436  0.15139 0.211352  1.68004
0.932089 0.176627  0.22388  1.68277
0.928509 0.146509 0.207039  1.67669
0.941257 0.166554 0.210179  1.69482
0.936255   0.1562 0.208173  1.68872
0.930183 0.153888 0.227542  1.67972
0.940072 0.160021 0.210581  1.69233
0.935059 0.159602 0.210377  1.68813
 0.753623  0.133439 -0.455858   1.38565
 0.763534  0.155701 -0.466132   1.41305
 0.761917  0.155251 -0.459035    1.4067
 0.764463  0.143155 -0.461342   1.41107
0.740224  0.14374 -0.46484  1.36544
 0.764913  0.165587 -0.445754   1.40905
 0.759227  0.156519 -0.459296   1.40147
 0.736479  0.149269 -0.466927   1.36012
  0.76778  0.166742 -0.432306   1.40894
  0.75858  0.165636 -0.451494   1.39884
 0.770875  0.190197 -0.455691   1.42785
 0.742771  0.146805 -0.471485   1.37399
   0.7272  0.169076 -0.465788   1.34522
 0.728577  0.166096 -0.465734    1.3473
 0.741966  0.189526 -0.464346   1.37741
0.736485  0.17133 -0.47352  1.36745
 0.727732  0.178984 -0.462249   1.34658
 0.728298  0.175773 -0.462529   1.34713
 0.738167  0.179814 -0.470261   1.37084
 0.729974  0.190653 -0.456382   1.35061
 0.729834  0.186956 -0.456998   1.34975
 0.761608  0.226731 -0.426232   1.40558
 0.753938  0.199557 -0.462922   1.40182
 0.787362  0.212626 -0.453545   1.46562
 0.777978  0.205507 -0.462954   1.44953
 0.780564  0.211486 -0.452787   1.45113
 0.742887   0.22469 -0.436217   1.37459
 0.741531  0.219113 -0.437645     1.371
 0.755615   0.21189 -0.444985   1.39887
 0.751759  0.248467 -0.414627   1.38848
 0.750729  0.240185 -0.417961   1.38559
 0.765821  0.254594 -0.408905   1.41706
 0.763737  0.275141 -0.384734   1.40725
 0.761379  0.265098 -0.390154   1.40163
 0.791256  0.258505 -0.394426   1.46156
 0.781264  0.303264 -0.342889   1.43532
 0.775773  0.291929 -0.351432   1.42321
 0.806219  0.330358 -0.283193   1.47601
 0.796845  0.318431 -0.295766   1.45538
 0.874429   0.28523 -0.273853   1.60129
 0.863385  0.271794 -0.313087   1.58623
0.833947 0.355985 -0.19393  1.51957
 0.828755  0.339673 -0.212513   1.50627
  0.950917   0.212139 -0.0989441    1.71718
 0.905124  0.297314 -0.138602   1.64146
   0.96381    0.15848 -0.0558803    1.73258
 0.931447  0.218833 -0.177284   1.68586
 0.875197  0.359584 0.0455919   1.58748
   0.877863    0.361192 -0.00445747     1.59528
0.881546 0.342968 0.119601  1.60126
 0.881952  0.344818 0.0886242   1.60011
0.956434   0.1549 0.115231  1.72239
 0.953163  0.201263 0.0584765   1.71496
   0.9603  0.169391 0.0634627   1.72705
0.887129 0.309882 0.178834  1.61076
0.889391 0.313626 0.154599  1.61337
0.901636 0.280604 0.173772  1.63184
0.888083 0.283167 0.222312  1.61372
0.890005 0.290789 0.201453  1.61608
 0.88917 0.257076   0.2538  1.61662
0.890057 0.263985 0.239261  1.61685
0.929401  0.14129 0.233177  1.67328
0.891741 0.228484 0.276934   1.6215
0.891831 0.235551 0.265748  1.62025
0.896204 0.197411 0.293507  1.62951
0.894798  0.20496 0.284686  1.62513
0.906779 0.151971 0.304416  1.65017
0.928177 0.143642 0.231049  1.66981
 0.778703  0.238416 -0.418604   1.44107
 0.792052  0.217808 -0.445194   1.47192
  0.79712  0.222689 -0.440234    1.4813
 0.798174  0.227351 -0.434288   1.48178
0.800876 0.230821 -0.43087  1.48671
 0.790257  0.228287 -0.430364    1.4645
 0.796164   0.22534 -0.434979   1.47727
 0.768009  0.218385 -0.438594   1.42286
 0.788782  0.198563 -0.461938   1.46702
 0.778579  0.194575 -0.452615   1.44335
 0.786978  0.199176 -0.464032   1.46471
 0.955837 0.0636534  0.145419   1.71971
 0.953095 0.0494158  0.176365   1.71718
 0.949268 0.0340102  0.174959   1.70684
0.948344 0.068506 0.180541  1.70707
 0.952047 0.0695356  0.170609    1.7145
0.926545  0.14812 0.230767  1.66649
0.944243 0.104115 0.180711  1.69982
0.959558 0.129474 0.105304  1.72592
 0.760365  0.157784 -0.457636   1.40288
0.760029 0.156696 -0.45712  1.40174
 0.759546  0.156527 -0.457316   1.40081
 0.760346  0.158496 -0.459479   1.40386
 0.760313  0.158479 -0.460316   1.40429
 0.758903  0.157586 -0.458205   1.40008
  0.76189    0.1653 -0.461067   1.40911
 0.759716  0.157211 -0.457918   1.40158
 0.747992  0.142155 -0.468319   1.38196
 0.759863  0.158088 -0.459679   1.40289
 0.760769  0.154035 -0.455925   1.40297
 0.754773  0.139164 -0.464926   1.39343
 0.757082  0.158133 -0.457445   1.39623
 0.762084  0.154224 -0.461487    1.4081
 0.764143  0.151279 -0.466748    1.4138
 0.755917  0.151949 -0.459734   1.39477
  0.75904  0.139635 -0.464836   1.40171
 0.770809  0.141308 -0.450234   1.41849
 0.763734  0.140643 -0.463122   1.41071
 0.759151    0.1532 -0.456542   1.39979
0.759914 0.160743 -0.45945  1.40338
 0.759466  0.160536 -0.459355   1.40236
  0.75911   0.16043 -0.457804   1.40097
 0.758907  0.159789 -0.459178   1.40097
 0.760964  0.164598 -0.462642   1.40769
 0.757667  0.158038 -0.457643   1.39741
 0.758492  0.157793 -0.458258   1.39929
 0.759609  0.157911 -0.460606   1.40288
 0.760067  0.164548 -0.462708   1.40598
0.758537 0.157004 -0.45785  1.39905
 0.758447  0.157225 -0.461524   1.40089
 0.758765  0.156508 -0.457562    1.3993
 0.758781  0.156426 -0.457622    1.3994
 0.759287  0.156421 -0.457443   1.40031
 0.760101  0.157086 -0.457177     1.402
 0.757713   0.15679 -0.457626   1.39727
 0.760015  0.157288 -0.457768   1.40213
0.759257 0.156552 -0.45762  1.40038
 0.763878  0.165667 -0.439137   1.40414
 0.736958  0.163725 -0.474857   1.36754
 0.745092  0.155831 -0.482224   1.38495
0.762153 0.165061 -0.45022  1.40547
 0.761197  0.165196 -0.458131   1.40674
 0.759084  0.154758 -0.457307   1.40018
 0.760582  0.165194 -0.462382   1.40709
 0.758087  0.158594 -0.457933   1.39851
0.758508  0.15961  -0.4584  1.39979
 0.758672  0.165523 -0.458981   1.40204
 0.759425  0.162692 -0.459472   1.40293
 0.758861  0.160655 -0.456234   1.39995
 0.758721  0.160141 -0.458313   1.40031
 0.758704  0.165172 -0.462969   1.40353
 0.758991  0.160072 -0.455546   1.39974
0.759186 0.160484 -0.45736  1.40095
 0.759561  0.160854 -0.459076    1.4025
 0.757813  0.160202 -0.456644   1.39787
 0.759185  0.160597 -0.459148   1.40169
 0.758582  0.160275 -0.457872   1.39986
 0.958589  0.166988 0.0887783   1.72555
 0.905124  0.318825 0.0882996   1.64185
 0.903571  0.327333 0.0325936   1.63779
0.899736  0.30015 0.118676  1.62538
   0.96509   0.165402 0.00571667    1.73493
 0.895442   0.31552 0.0548843   1.61568
    0.9661   0.169527 -0.0250169    1.73845
  0.960137   0.192938 -0.0116136    1.72822
  0.961047   0.196923 -0.0495407    1.73337
 0.955592  0.200258 0.0198758   1.71894
  0.957944   0.183315 -0.0979822    1.72816
 0.946802  0.196216 -0.135423   1.70914
0.887881 0.339239 -0.14095  1.62196
 0.939055  0.252588 -0.088932   1.69839
 0.875245   0.32166 -0.209296   1.59937
 0.949618  0.226039 -0.049195   1.71251
 0.912149  0.239049 -0.221079   1.65672
 0.888804  0.256499 -0.266277    1.6215
 0.839487  0.312651 -0.266165    1.5328
 0.893116  0.279442 -0.204757   1.62131
 0.808259  0.292541 -0.325058   1.47893
 0.857763  0.302259 -0.255915   1.56688
 0.827739  0.250079 -0.383466   1.52609
 0.807372  0.247001 -0.406002   1.49362
 0.832314  0.296839 -0.311145   1.52871
 0.840286  0.269879 -0.352765   1.55021
0.913087 0.118543 0.209914  1.63685
  0.90681 0.0922271  0.233231   1.62168
0.915932 0.144293 0.265656  1.64682
0.920159 0.140651 0.239034  1.65198
0.923171 0.148802 0.242306  1.65699
0.927234 0.185291 0.240932  1.67432
 0.92762 0.156182 0.258419  1.67529
0.915831 0.140116 0.249414  1.64363
0.923438 0.175715 0.247325  1.66653
0.927152  0.15036 0.240094   1.6671
 0.90674 0.232541 0.259661  1.64979
0.923935 0.152314 0.242819  1.65883
0.929372 0.136264 0.223695  1.67332
0.931072 0.172439  0.23512  1.67852
0.905235 0.254744 0.236114  1.64611
0.925363 0.152617 0.240646  1.66294
0.931785  0.12618 0.214551  1.67874
0.936567 0.112715 0.203523  1.68756
0.940002 0.110247 0.201975  1.69533
 0.92781 0.147115 0.230841  1.66963
0.939401 0.168161 0.207583  1.69646
0.938137 0.167831 0.210762  1.69129
0.933412 0.158092 0.213162  1.68594
0.935831 0.173757 0.216708  1.68808
0.929947  0.15895 0.249978  1.67848
0.930954 0.173077 0.233547   1.6784
0.928068 0.177728 0.233773  1.67573
0.921753 0.149985 0.243313  1.65397
0.918466  0.14351 0.241432  1.64798
0.925382 0.151143 0.236843  1.66338
0.922447 0.154409 0.244936  1.65604
0.918513 0.168132 0.263255  1.65614
0.922554 0.151718 0.244662   1.6558
0.916192 0.163796 0.269198  1.64913
0.910851 0.106539 0.221836  1.63209
0.922762 0.167414 0.249096  1.66356
0.909645 0.113298 0.213221  1.62718
0.915511 0.145229 0.254464    1.644
0.910822  0.14726 0.284813   1.6499
0.903202 0.175047  0.29788  1.64214
0.916776 0.142216 0.284052  1.66294
0.911757 0.161984 0.287121  1.65384
0.923297  0.14851 0.267357  1.66967
 0.92657 0.150654 0.236385  1.66622
0.928756 0.157224 0.255887  1.67699
0.932817 0.175935 0.230234  1.68355
0.929935  0.15699 0.244198  1.67861
0.936251 0.172989 0.225268  1.68875
0.929433 0.153135 0.230364  1.67826
0.927941   0.1482 0.215214  1.67696
0.937808 0.167876 0.221381   1.6893
0.928027 0.165062 0.255821  1.67672
  0.9285 0.149835  0.21133  1.67809
0.929392 0.153519 0.207405  1.68166
0.939596 0.165163 0.216492  1.69165
0.928225   0.1547 0.216334   1.6791
0.938748 0.169347 0.217342  1.69103
0.937153 0.167881 0.222218  1.68795
 0.752287   0.14193 -0.466305   1.38959
 0.759372  0.152896 -0.465469   1.40431
 0.759365  0.148354 -0.470803   1.40586
  0.74688  0.146093 -0.470158   1.38147
 0.757857  0.164958 -0.461011   1.40128
 0.742807  0.151932 -0.473738   1.37625
 0.758815  0.154237 -0.457686   1.39988
 0.739204   0.15717 -0.474767   1.37063
 0.735291  0.159337 -0.474365   1.36293
 0.760248  0.191317 -0.475087   1.41728
 0.733294  0.166558 -0.473578   1.35997
 0.746744  0.191058 -0.472252   1.39012
 0.743131  0.165064 -0.484353   1.38405
 0.733305  0.174897 -0.471084   1.36033
 0.744644  0.178907 -0.481888   1.38852
 0.735296  0.184342 -0.465993   1.36355
 0.748514  0.186706 -0.477559   1.39551
 0.739284   0.19527 -0.458014   1.36963
 0.747891  0.201364 -0.455671    1.3874
  0.7486 0.208495 -0.44719  1.38566
 0.787522  0.270644 -0.368809   1.44568
 0.819309   0.26146 -0.383351   1.51475
 0.869105  0.321683 -0.170046   1.57708
 0.918544  0.260191 -0.163819   1.66487
  0.890809   0.336358 -0.0855032    1.61838
 0.933914  0.239329 -0.124447   1.68729
  0.904637   0.318186 -0.0829744     1.6425
  0.895614   0.324262 -0.0161953    1.61912
 0.920555  0.300372 0.0591833   1.66729
 0.956907  0.202467 0.0524904   1.72371
0.945896 0.130772 0.169593  1.70265
 0.933125  0.273318 0.0522338   1.68736
0.940927 0.177595 0.181367  1.69713
0.909903 0.282249 0.165686  1.64945
0.919205 0.248141 0.210039  1.66778
0.919028 0.254802 0.185343  1.66379
0.927117  0.26952 0.120167  1.67692
 0.89989 0.260565  0.21739  1.63073
0.929086  0.14202 0.223333  1.67359
0.947779  0.19068 0.151481   1.7107
0.908198 0.170826 0.282484  1.64565
0.917403 0.193724 0.269084  1.66365
0.903339 0.214715 0.269322  1.64001
0.906889 0.191528 0.282234  1.64704
 0.788987  0.217987 -0.446406   1.46663
 0.775604  0.214323 -0.440938   1.43544
 0.780838  0.223221 -0.438124    1.4474
  0.76459  0.202185 -0.459267    1.4224
0.768339 0.199693 -0.46985  1.43237
0.770922 0.185479  -0.4579  1.42954
0.951513 0.100163 0.149109  1.71193
 0.949429 0.0962709  0.182781    1.7121
0.931432 0.136511 0.214214  1.67924
0.955006 0.102266 0.140389  1.71775
0.928765 0.146887 0.214391   1.6742
0.954967 0.156466 0.102844  1.71665
0.934586 0.253642 0.115925  1.68911
0.759618 0.157865 -0.46039  1.40272
 0.758131  0.156559 -0.457752   1.39814
  0.75939  0.157611 -0.461164   1.40272
 0.757931  0.157733 -0.457662   1.39791
  0.75905  0.156068 -0.459514   1.40128
 0.752778  0.156205 -0.480593   1.39882
 0.753111  0.150492 -0.477596   1.39762
 0.758186  0.162176 -0.459788   1.40041
 0.757332  0.155125 -0.460069   1.39804
 0.758736  0.152522 -0.457688   1.39952
 0.760019  0.153839 -0.462232   1.40416
 0.760749  0.153884 -0.470895   1.40942
 0.759777   0.15267 -0.475133   1.40941
 0.764166  0.149371 -0.469102   1.41504
 0.758985  0.146445 -0.473203   1.40658
 0.757328  0.153767 -0.458237   1.39701
 0.757937  0.158795 -0.457938   1.39825
  0.75795  0.162005 -0.459435   1.39978
0.758559 0.164142 -0.46314    1.403
 0.756466  0.164257 -0.464317   1.39947
 0.757534  0.157293 -0.457567   1.39697
 0.758941  0.157563 -0.460654   1.40141
 0.758866  0.156756 -0.458735   1.40016
 0.758098  0.164829 -0.463828   1.40269
 0.754244  0.162704 -0.464478   1.39511
0.758295 0.156537 -0.45756   1.3984
  0.75872  0.156581 -0.457756   1.39935
 0.756628  0.157421 -0.458465   1.39563
 0.742652  0.171424 -0.483964   1.38416
 0.758491  0.166124 -0.441127   1.39401
 0.740049  0.167207 -0.483729   1.37787
0.757512 0.164694 -0.45477   1.3981
 0.757829  0.155446 -0.459981   1.39889
 0.749701  0.156547 -0.481994   1.39342
 0.757345  0.158765 -0.457156   1.39672
 0.753499  0.162751 -0.450224   1.38774
 0.755393  0.154602 -0.460494    1.3944
  0.75814  0.163903 -0.463005   1.40213
 0.757713  0.159093 -0.457015   1.39748
  0.75658   0.15887 -0.457934   1.39567
 0.757924  0.160369 -0.456434   1.39803
 0.758295  0.159843 -0.458347   1.39937
 0.756886  0.161023 -0.459147   1.39728
 0.758096  0.159877 -0.456199   1.39811
0.951659 0.200613 0.118078  1.71702
 0.954505   0.20343 0.0829961   1.72058
  0.951824   0.232199 -0.0070479    1.71817
  0.91622  0.290134 0.0765006   1.65511
     0.9581    0.210673 -0.00414843     1.72739
  0.946376   0.232718 -0.0478506     1.7069
  0.957043    0.20673 -0.0485926    1.72612
  0.947471   0.214167 -0.0891743     1.7083
  0.937143   0.250923 -0.0744001    1.69245
  0.945817   0.235972 -0.0119191    1.70462
 0.919071   0.29719 -0.125903   1.67257
  0.934447   0.273288 -0.0443831    1.69056
 0.926035  0.275803 -0.125565    1.6803
0.904283 0.299636 -0.16953  1.64578
0.919859 0.148557 0.246591  1.65057
 0.91961 0.160411  0.25526  1.65641
0.928962 0.176691 0.236632  1.67693
0.917481 0.154676 0.256093  1.65012
0.924219 0.152525 0.241892  1.66018
0.926251 0.164437 0.261148  1.67405
 0.92625 0.151972 0.230671  1.66665
0.928868 0.156541 0.230214  1.67843
0.927619 0.143458 0.223043  1.66984
0.924239 0.154026 0.237956  1.66129
 0.91726 0.232938  0.23718  1.66503
0.924147 0.155306 0.242084  1.66039
 0.93296 0.133476 0.205467  1.68155
0.915913 0.182762 0.271159  1.65848
0.913901 0.236691 0.222519  1.65495
0.925918  0.14926  0.22416  1.66696
0.934472 0.171901 0.227819  1.68389
0.926952 0.151642 0.219583  1.67574
0.929395 0.161885 0.244103  1.67869
0.929542  0.16913 0.238046   1.6746
0.926848 0.171771 0.240814   1.6714
0.919643 0.152285 0.246992  1.65099
0.924792 0.174066 0.244557   1.6686
0.920693 0.166097 0.252369  1.65903
0.918522 0.150603 0.250209  1.64948
0.927312 0.159476 0.232826  1.67611
0.917612 0.153035 0.256069  1.65047
0.923232 0.154838 0.243599  1.65824
0.917905 0.161465 0.276126   1.6627
0.919585 0.178633 0.273487  1.66682
0.923945 0.165491   0.2672  1.67165
0.925201 0.154114 0.236852  1.66356
0.925587 0.154042 0.224068  1.66732
0.928316 0.161478 0.247507   1.6766
0.933255 0.171239 0.228936  1.68274
0.923461  0.17467 0.263013  1.67027
0.932157 0.164673 0.223502  1.68174
0.925423 0.152733 0.219681  1.66809
0.927812 0.153035 0.215794  1.67754
0.933608 0.166706 0.221721  1.68459
0.927683 0.156813 0.217095  1.67773
0.929044 0.156517 0.212873  1.68068
 0.754172  0.146731 -0.474639   1.39753
 0.755583  0.152851 -0.469344   1.39856
 0.749006  0.150626 -0.479359   1.39031
  0.74854  0.154918 -0.481403   1.39129
 0.756944   0.15238 -0.458329   1.39614
 0.745332  0.159559 -0.483485   1.38688
 0.741881  0.161144 -0.483634   1.38029
0.753883 0.176043 -0.46364   1.3963
 0.740046  0.174222 -0.482379    1.3785
 0.755357  0.153533 -0.459249    1.3936
  0.74252  0.182544 -0.479046   1.38324
 0.753782  0.164159 -0.447064   1.38696
 0.761021  0.181984 -0.461483   1.41013
 0.755013  0.173258 -0.463836   1.39874
 0.759338   0.19507 -0.472982   1.41446
 0.751888  0.173382 -0.466328    1.3935
  0.918897   0.299728 -0.0861053    1.66709
  0.908681   0.319868 -0.0296878    1.64725
  0.925506    0.29543 -0.0816385    1.68026
 0.915369  0.296521 0.0238541   1.65269
 0.933205  0.270287 0.0894364   1.68869
 0.937987  0.277564 0.0413815   1.69909
  0.92379   0.29083 0.0950073    1.6748
0.921733 0.279339 0.121897   1.6689
0.942518 0.132727 0.184919  1.69936
0.917993 0.263822 0.153414   1.6586
0.913538 0.253372 0.190577   1.6518
0.938606 0.130535 0.193889   1.6914
0.913733 0.219531 0.246328  1.65579
0.931581 0.250732 0.144102  1.68452
0.907888 0.208675   0.2777  1.65155
0.911541 0.187657 0.281468  1.65626
0.927169 0.149031 0.222903   1.6699
0.933669 0.149423  0.20328  1.68376
 0.760443  0.179483 -0.461238   1.40926
0.752558 0.186077 -0.47792  1.40195
 0.769184  0.203249 -0.466097   1.43241
 0.754338  0.195243 -0.469919   1.40533
0.935773 0.132397 0.203186  1.68781
0.950739 0.140319 0.148614  1.71242
0.950829 0.141724 0.135524  1.70933
0.926959 0.154706  0.21608  1.67231
 0.949402  0.199227 0.0920985   1.70833
0.940442 0.242789 0.115668  1.69941
0.926325 0.240695 0.178336  1.67498
0.932906 0.170476 0.206393  1.68317
 0.759291  0.156871 -0.458106   1.40073
 0.758633  0.156672 -0.458852   1.39973
 0.758524  0.157407 -0.461419   1.40093
 0.757054  0.157092 -0.458943   1.39665
 0.757789  0.156762 -0.458897   1.39809
 0.758095  0.156913 -0.462257   1.40059
 0.755798  0.164575 -0.461673    1.3973
 0.757264  0.156973 -0.458477   1.39687
 0.757138  0.156725 -0.462597   1.39876
 0.756675  0.153388 -0.458801   1.39604
 0.756892  0.153332 -0.476123   1.40418
 0.744875  0.165379 -0.483547   1.38625
 0.749455  0.159536 -0.482975   1.39409
0.757194 0.153486 -0.46625  1.40038
 0.757016  0.158638 -0.457285    1.3961
 0.756683   0.16274 -0.463046     1.399
 0.756633  0.157992 -0.457818   1.39545
 0.756785  0.163114 -0.463369   1.39935
 0.756977  0.157443 -0.457942   1.39613
 0.757806  0.157432 -0.461668   1.39959
 0.757715  0.156726 -0.459146     1.398
 0.756162  0.158328 -0.459106   1.39525
0.757544  0.15684 -0.46078   1.3985
0.756485 0.156646 -0.46298  1.39771
 0.747603  0.163537 -0.483949   1.39169
 0.746768  0.168656 -0.483645   1.39085
 0.744701  0.170847 -0.482654   1.38644
 0.754575   0.16347 -0.458098   1.39347
 0.755602  0.163972 -0.463097   1.39749
 0.748929  0.159901 -0.454696   1.38005
 0.749232  0.159101 -0.472123   1.38866
 0.756325  0.163844 -0.464747   1.39936
  0.75657  0.159488 -0.457675   1.39563
 0.754164  0.154538 -0.460901   1.39208
 0.756812  0.161167 -0.459714   1.39739
 0.757046  0.159355 -0.457134   1.39636
 0.757469  0.159245 -0.456731    1.3969
 0.758095  0.159733 -0.456677   1.39829
 0.756177   0.16014 -0.459667   1.39592
 0.756955  0.159758 -0.456842    1.3961
 0.944709  0.240915 0.0858836    1.7063
 0.948263  0.247385 0.0748144   1.71547
 0.94524 0.242809   0.0318  1.70529
 0.952183  0.231646 0.0303564   1.71876
  0.918485   0.296606 -0.0323092    1.66103
  0.933359   0.271371 0.00650492    1.68585
0.916514 0.147997 0.250302  1.64596
0.918894 0.154119 0.249922  1.65105
0.921205 0.153666  0.24663  1.65354
0.923588 0.163104 0.248245   1.6623
 0.92658 0.167231 0.243838   1.6687
0.921415 0.160408 0.249109  1.65773
 0.92641  0.16758 0.249214  1.67381
0.920919  0.15785 0.250419  1.65587
0.923884 0.158512 0.243545  1.66037
0.925179 0.152124  0.23166  1.66414
  0.9272 0.146765 0.216778  1.67071
0.924661 0.163665 0.233384   1.6707
0.929593 0.146571 0.210533  1.67623
0.924542 0.157335 0.237825  1.66268
0.925186 0.159505 0.220396   1.6698
0.925167 0.155881 0.231538  1.66503
 0.93195 0.159557 0.217489  1.68365
0.933453 0.161969 0.214137  1.68604
0.931792 0.168325 0.231458  1.67928
0.925744 0.154316 0.222784  1.67342
0.926369 0.159884 0.234303  1.67387
0.924589 0.157432 0.225644  1.66613
0.927965 0.171106 0.240726  1.67252
0.922158 0.158171 0.246787  1.65679
0.929176 0.168471  0.23657  1.67464
 0.92459 0.166803 0.245725  1.66531
 0.92198  0.15823 0.246455  1.65664
0.927804 0.165692 0.238771  1.67148
 0.92054 0.198479   0.2502  1.66509
0.914418 0.199839 0.262149  1.65619
0.921107 0.187312 0.258382  1.66618
0.925648 0.173511 0.260557  1.67428
0.927668 0.166881 0.247272  1.67649
  0.9307 0.167443 0.230977  1.67887
0.929667 0.161863 0.226384  1.67817
0.924686  0.17463 0.248122  1.67109
0.926423 0.154932 0.220334  1.67496
0.927534 0.160583  0.22313  1.67584
 0.92673 0.155467 0.220074  1.67553
0.931151 0.164006 0.224677  1.68139
 0.754042  0.152834 -0.479107   1.39992
0.753287 0.152704 -0.46139  1.39044
 0.756015  0.154869 -0.460536   1.39552
   0.7546  0.153367 -0.459694   1.39237
 0.746672  0.160534 -0.483473    1.3889
0.751091  0.16136   -0.454  1.38445
 0.751899  0.171015 -0.467686   1.39412
  0.75322  0.154544 -0.460215   1.39005
 0.748644  0.168772 -0.468896   1.38753
  0.74891  0.162117 -0.471151   1.38823
  0.74806  0.174275 -0.482154   1.39371
 0.746911  0.177227 -0.480084   1.39063
  0.923039   0.300857 0.00964348    1.67167
   0.94117   0.279311 -0.0151554     1.7073
0.926765  0.25992 0.147019  1.67679
0.942276 0.231747  0.14219  1.70389
0.924859 0.232422 0.201804  1.67385
0.938658 0.154914 0.192786  1.69228
0.925902 0.172676 0.248533  1.67401
0.915964 0.216592 0.251626  1.66058
0.924168 0.212942 0.238338  1.67443
0.917038 0.205156 0.260377  1.66285
0.928418 0.226103 0.199301  1.67916
0.923271 0.217587 0.223315  1.67006
0.931727 0.147606 0.205667  1.68056
0.938364 0.219391 0.182655  1.69814
 0.92966 0.161063 0.213866  1.67791
0.936705 0.151745 0.194603  1.68963
0.945995 0.243008  0.10958  1.71201
 0.936881   0.26466 0.0895899   1.69507
0.946408 0.191462 0.131884   1.7043
0.939195  0.23626 0.140365  1.69778
 0.757386  0.157351 -0.463179   1.39952
 0.755887  0.157815 -0.461125   1.39547
 0.755726  0.158548 -0.460075   1.39481
 0.756811  0.157437 -0.461035   1.39727
 0.751437  0.156494 -0.471701   1.39226
 0.756586  0.157066 -0.460953   1.39665
0.754725 0.152771 -0.46019  1.39273
 0.755421  0.158995 -0.462503   1.39548
 0.752009  0.154776 -0.471335   1.39275
  0.75479  0.156655 -0.463838   1.39485
 0.756044  0.159078 -0.458817   1.39499
 0.755261  0.162715 -0.465187    1.3972
 0.755831  0.157644 -0.463877   1.39676
 0.755566  0.162001 -0.463295   1.39667
  0.74907  0.156426 -0.461915   1.38299
 0.756178  0.157787 -0.460279   1.39572
 0.756569  0.157578 -0.463442   1.39802
 0.755524  0.158052 -0.463316   1.39589
 0.750265   0.18005 -0.479429   1.39763
 0.753819  0.183907 -0.475745   1.40347
 0.746874   0.16444 -0.470078   1.38386
 0.751302  0.162697 -0.451119   1.38365
 0.752633  0.162856 -0.458723   1.38967
 0.752798  0.162045 -0.460661   1.39077
 0.754029   0.16324 -0.463585   1.39436
 0.753811  0.161118 -0.465361   1.39428
 0.755027  0.163017 -0.465122   1.39672
0.755756 0.160548 -0.46069  1.39556
 0.753189  0.161686 -0.464813   1.39291
 0.755758  0.161149 -0.463773   1.39718
   0.92831   0.293776 -0.0423116    1.68313
  0.939884   0.263288 -0.0464632    1.70018
0.923468 0.158082 0.244461  1.65941
0.925922   0.1639 0.243334  1.66661
0.924559 0.163145 0.244716  1.66326
0.924003 0.157018 0.238873  1.66135
0.927012 0.166804 0.241142  1.66929
0.924456 0.155581 0.232841   1.6634
0.925269 0.158728 0.226139  1.67098
0.924685 0.153666 0.225794   1.6653
0.921827 0.207432 0.242081  1.66856
0.924444 0.158417 0.233819  1.66424
0.926561 0.153519 0.216849  1.67048
 0.92641 0.193632 0.233381  1.67505
0.929137 0.165072 0.233018  1.67544
0.925142 0.156444 0.223212  1.67228
0.924405  0.15971 0.239437  1.66284
0.926336 0.158907 0.225425  1.67353
0.923732 0.160941 0.246138  1.66104
0.923745 0.158918 0.224838  1.66845
0.924313 0.161283 0.244114    1.662
0.925865 0.163327 0.238525  1.66664
0.923498 0.183659 0.261718  1.67191
0.924319 0.156685 0.222483  1.66687
0.924078  0.15684 0.227222  1.66501
0.923821 0.183867 0.243943   1.6696
0.925508 0.161981 0.234056  1.67297
0.926757 0.162031 0.231205  1.67166
0.924204 0.157013 0.223621  1.67007
0.927845 0.164431 0.229484  1.67418
 0.752975  0.153795 -0.461543    1.3902
 0.754285  0.154585 -0.470042   1.39667
 0.748989  0.157314 -0.472178   1.38766
 0.749802  0.158872 -0.456984   1.38273
 0.750821  0.155535 -0.461782   1.38637
 0.747271  0.160361 -0.471969   1.38477
 0.749299  0.166702 -0.469203   1.38895
 0.748784  0.159585 -0.460689   1.38243
0.932107 0.242503 0.173324  1.68813
0.936378 0.218834 0.161175  1.68951
0.927525 0.215497 0.220547  1.67904
0.935343 0.175508 0.193983  1.68744
0.922557  0.19425 0.256298   1.6706
0.926608 0.181127 0.221962  1.67289
0.928082 0.169724  0.21448  1.67542
0.922865 0.204309 0.247167  1.67114
0.928396 0.156535 0.210868  1.67494
0.929336 0.196819 0.221527  1.68004
0.931507 0.164701 0.204021  1.68082
0.929392 0.200695 0.207794  1.67789
0.942321 0.162237  0.16991  1.69801
0.935085 0.211502 0.192477  1.69045
0.934248 0.179642 0.195151  1.68423
0.942943 0.179278 0.165159  1.69908
 0.755418  0.156811 -0.463324   1.39574
 0.752064  0.160311 -0.462513   1.38974
 0.750977  0.154534 -0.461823   1.38637
 0.754699  0.158089 -0.465275   1.39534
 0.754078  0.156902 -0.464043   1.39355
 0.753156  0.154035 -0.460083   1.38973
 0.755742  0.159644 -0.461116    1.3956
 0.755162  0.159876 -0.462202   1.39494
 0.754937  0.158884 -0.463215   1.39478
 0.755005  0.161082 -0.464606   1.39604
 0.755222  0.158081 -0.464069    1.3957
 0.753903   0.15977 -0.465646   1.39436
 0.751327   0.16103 -0.461153    1.3878
 0.751159  0.155122 -0.459869   1.38593
 0.754553  0.161463 -0.465521   1.39567
 0.748696  0.157775 -0.457553   1.38055
 0.754959  0.160417 -0.464946   1.39601
 0.752157  0.158073 -0.463394   1.38981
0.924691 0.160005 0.238562  1.66361
0.924147 0.159147 0.227667  1.66604
0.925218 0.161071 0.233803  1.66681
0.924765 0.158886 0.232632    1.665
 0.92499 0.157776 0.219796  1.66818
0.923847 0.159307 0.225539  1.66859
 0.92523 0.181154 0.246399  1.67329
0.923987 0.159031 0.224813  1.66718
0.924388 0.158613 0.224654  1.66989
 0.92655 0.159143 0.224556  1.67342
0.927154 0.165184 0.234942  1.67098
0.925836 0.162741  0.23317  1.66879
0.926189  0.16297 0.236576  1.66881
0.925469 0.163088 0.239039  1.66596
0.923987 0.164903 0.224929  1.66885
0.924206 0.191843 0.235488  1.66981
0.924471 0.170147 0.233986  1.67018
0.924723 0.165392 0.233316  1.67126
 0.750582  0.156635 -0.459098   1.38477
 0.753174  0.157065 -0.463829   1.39181
0.927075 0.166629 0.222139  1.67433
0.938189 0.183292 0.181539  1.69147
0.929999 0.182014 0.207647  1.67813
0.926514  0.19705 0.223817  1.67364
0.924233 0.162178 0.224295  1.66883
0.926165 0.161166 0.216415  1.67153
0.928746 0.177191  0.22097  1.67735
0.924216 0.173656 0.229194  1.66965
0.934045 0.208324 0.194138  1.68782
0.933656 0.201816 0.204415  1.68762
 0.752244  0.158825 -0.463394   1.39015
 0.754738  0.159002 -0.465039   1.39535
 0.754248  0.159676 -0.464928    1.3944
0.752357  0.15478 -0.46045  1.38845
 0.751163  0.156234 -0.459942   1.38621
 0.751372  0.159345 -0.462747   1.38824
 0.753204  0.160222 -0.465507   1.39292
 0.752963  0.157712 -0.463868   1.39153
0.925193 0.161285 0.233397  1.66682
0.924146 0.160139 0.222516  1.66733
0.924637 0.160512 0.226759  1.66853
0.924224 0.159559  0.22695  1.66631
0.924838 0.176467 0.231743  1.67031
0.924065 0.160424 0.224558  1.66769
0.923929 0.168573  0.23121  1.66941
0.923903 0.162599 0.227394  1.66879
0.925089 0.188706 0.241591  1.67303
  0.9263 0.171038 0.222631  1.67303
0.926183 0.161658 0.228898  1.67141
0.925249 0.160386 0.229838  1.66918
0.924209  0.16021 0.227215  1.66759
0.923407 0.161244 0.224834  1.66777
 0.750292  0.156949 -0.459201    1.3843
 0.749905  0.157996 -0.461507   1.38494
0.924627  0.16413 0.220949  1.66938
0.924518 0.169956 0.233294  1.67064
0.925434 0.168897 0.227106  1.67182
0.926298 0.178038 0.230032  1.67388
 0.754349  0.158728 -0.465289   1.39476
 0.753665  0.158915 -0.465708   1.39372
