0.874012 0.343064 0.161774  1.58873
0.876993 0.329234 0.186775  1.59499
0.864616 0.343924 0.174327  1.57129
 0.86722 0.335117   0.1867  1.57644
0.858387 0.343748 0.187365  1.56169
0.862873 0.337238 0.181489   1.5663
0.871461 0.332035 0.183069  1.58275
0.871647  0.33486 0.170742  1.58194
 0.760715  0.153431 -0.458949   1.40358
 0.760594  0.153367 -0.458956   1.40332
 0.793445  0.132342 -0.396933     1.439
  0.78744  0.133093 -0.404841   1.42981
 0.790896  0.136256 -0.404194    1.4376
 0.788194  0.118444 -0.403756   1.42862
 0.783239  0.123422 -0.412762    1.4231
 0.786937  0.123119 -0.410127   1.42977
 0.800408  0.120723 -0.382278    1.4456
  0.79559  0.112489 -0.389492   1.43706
  0.80824  0.100884 -0.362591   1.45185
 0.801303  0.115492 -0.386714   1.44888
 0.788832  0.127785 -0.408615   1.43391
0.792372 0.120132 -0.40186  1.43711
 0.796187  0.128645 -0.398451   1.44519
 0.792819  0.123736 -0.399429   1.43745
 0.982782  0.124161 -0.054251   1.77638
 0.982581   0.12586 -0.047754   1.77578
  0.981658   0.128459 -0.0511039    1.77373
  0.982122    0.12433 -0.0494263    1.77448
  0.982388   0.127345 -0.0413669    1.77521
  0.982136   0.128557 -0.0353388    1.77454
 0.981325  0.131161 -0.038673   1.77265
  0.981751   0.126798 -0.0375304    1.77338
  0.980232    0.13768 -0.0477554     1.7708
  0.980648   0.137103 -0.0416324     1.7714
 0.981952  0.125478 -0.043549   1.77394
  0.981146   0.128963 -0.0411673    1.77198
  0.981398   0.128685 -0.0459376     1.7728
  0.981606   0.129438 -0.0447619    1.77342
0.926281 0.164616 0.271369  1.67505
 0.760278  0.152138 -0.455007   1.40029
0.760666  0.15271 -0.45929  1.40349
 0.760225  0.153625 -0.458967   1.40243
 0.760096  0.153735 -0.459062   1.40208
 0.760142  0.153626 -0.459005    1.4021
 0.760138  0.153073 -0.457552   1.40128
 0.763329  0.155316 -0.456526   1.40723
  0.76134  0.152132 -0.453257    1.4015
 0.760795  0.151273 -0.452555   1.40009
 0.762157   0.15168 -0.453374   1.40311
 0.765383  0.153726 -0.457164     1.411
 0.768028   0.15112 -0.452262   1.41374
  0.78193  0.140185 -0.418817   1.42593
 0.777185   0.14089 -0.428265   1.42033
 0.780416  0.143973 -0.427869   1.42766
   0.7607   0.15352 -0.459019   1.40361
 0.760517   0.15356 -0.458953   1.40319
 0.759792  0.153795 -0.458329   1.40111
 0.760656  0.153673 -0.459248   1.40365
 0.760645  0.153661 -0.459517   1.40375
 0.760657  0.153517 -0.459731   1.40384
 0.760417  0.153454 -0.459799   1.40333
 0.759947  0.152367 -0.455577   1.39989
 0.760437  0.153173 -0.459866   1.40335
 0.759964  0.153237 -0.457886   1.40112
 0.760622  0.153112 -0.458967   1.40333
 0.760628  0.152597 -0.459449   1.40346
  0.76079  0.153083 -0.459165   1.40377
 0.808444  0.229326 -0.431941   1.50118
 0.806571  0.224824 -0.435443   1.49805
 0.811638  0.225824 -0.434385   1.50686
 0.809217  0.226599 -0.434569   1.50348
 0.803951   0.22022 -0.439664   1.49339
0.799736 0.215377 -0.44608   1.4868
 0.806759   0.21427 -0.443906   1.49852
 0.804179  0.216397 -0.444348   1.49539
 0.815777  0.221515 -0.434202   1.51327
 0.814537  0.213166 -0.439079   1.51104
 0.824734  0.213473 -0.425306   1.52492
 0.818387  0.216868 -0.437741   1.51957
 0.807026  0.221895 -0.438519   1.49985
0.811109 0.216045 -0.44224  1.50738
 0.812736  0.222913 -0.437012   1.50983
0.810041 0.220288 -0.43786  1.50384
 0.731356  0.157651 -0.452427   1.34201
0.732119 0.156203 -0.45221  1.34314
 0.729552  0.157594 -0.448978   1.33588
 0.727282  0.158271 -0.446585   1.32939
 0.727735  0.155782 -0.446883      1.33
 0.728817  0.156852 -0.447133    1.3326
 0.730302  0.152982 -0.449515   1.33679
 0.728139  0.153446 -0.447001   1.33043
0.728721  0.15112 -0.44707  1.33121
 0.729652  0.152165 -0.447392   1.33353
 0.730507  0.156649 -0.449245    1.3378
 0.729124  0.154526 -0.447322   1.33287
 0.730768  0.154207 -0.449709   1.33814
 0.729739  0.155191 -0.449121   1.33583
 0.783796  0.146466 -0.418157    1.4309
 0.778111  0.152264 -0.427294   1.42424
 0.780314   0.15191 -0.416222   1.42338
 0.972127  0.135084 0.0575148   1.75283
 0.971369  0.143371 0.0631901   1.75118
 0.972287  0.143566 0.0565865    1.7527
 0.971921  0.144452 0.0605459   1.75269
 0.971744  0.150463 0.0520376   1.75019
 0.970618  0.154834 0.0597256   1.74918
 0.970239  0.155795 0.0682357   1.74884
  0.77537  0.152362 -0.433044   1.42116
 0.966707  0.158163 0.0896059   1.73941
 0.770034  0.155181 -0.445952   1.41615
   0.980338      0.1331 -0.00698829     1.77025
   0.979795    0.133904 -0.00127409     1.76902
   0.979504    0.135951 -0.00525992     1.76822
  0.979769   0.132179 -0.0049345    1.76868
  0.979254   0.135112 0.00487106    1.76786
 0.978701  0.136046 0.0111302   1.76671
  0.978251   0.140133 0.00656838    1.76553
  0.978588   0.134505 0.00625671    1.76611
    0.97857    0.139556 -0.00348208     1.76571
   0.978216    0.138427 -0.00127726     1.76457
   0.979184    0.133368 4.65492e-05      1.7674
      0.9782     0.138096 -0.000386168       1.7651
   0.979143    0.135512 -0.00390215     1.76717
    0.979003      0.13679 -0.000116539      1.76705
 0.765907  0.156381 -0.457061   1.41259
 0.760257  0.151592 -0.453128   1.39929
 0.764069   0.15688 -0.457566   1.40926
 0.760421  0.153671 -0.459638   1.40332
 0.760229  0.152615 -0.453142   1.39945
  0.76047  0.153789 -0.459415   1.40335
 0.760017  0.154041 -0.459232   1.40212
 0.760302  0.153531 -0.458673   1.40256
0.924352 0.158613 0.179994  1.66473
 0.946014  0.161779 -0.245076   1.72232
 0.946777  0.168563 -0.235614   1.72345
 0.943577  0.172301 -0.244687   1.71899
  0.94541   0.16358 -0.242577   1.72104
 0.940363  0.197902 -0.247538   1.71884
 0.943329  0.172206 -0.237987   1.71724
 0.944139  0.175223 -0.236683   1.71944
 0.963927  0.148168 0.0828438   1.73931
 0.967443  0.147237 0.0823248   1.74404
 0.966412  0.148603 0.0850372   1.74135
 0.965787  0.148043 0.0834365   1.74061
 0.969235  0.140723 0.0900671   1.74542
 0.969742  0.135539 0.0905951   1.74534
 0.967936  0.153405 0.0905437   1.74348
 0.967102  0.150015 0.0856413   1.74145
 0.968115  0.148883 0.0858343   1.74375
0.968512  0.13445 0.075501  1.74658
  0.96739  0.133341 0.0801499   1.74439
 0.96841 0.142193 0.081421  1.74556
 0.967743  0.133502 0.0764716   1.74463
 0.965273  0.133885 0.0858765   1.74017
 0.962549  0.139481 0.0880893   1.73514
 0.966277  0.144963 0.0874856    1.7411
0.964818 0.137834 0.084471  1.73946
 0.968073  0.154496 0.0882697   1.74434
 0.968014  0.152862 0.0904461   1.74393
 0.966498  0.133269 0.0808512   1.74223
 0.967054  0.144703 0.0852087   1.74245
 0.967949  0.142716 0.0819215   1.74411
 0.967347  0.142532 0.0857183   1.74338
  0.97028  0.154417 0.0726352   1.74894
 0.970401  0.152491 0.0749714   1.74898
 0.971206  0.143528 0.0654079   1.75128
 0.971929  0.135761 0.0615049   1.75294
 0.970943   0.13587 0.0655323   1.75105
 0.971187  0.135477 0.0622716   1.75114
 0.970052  0.142771 0.0729746   1.74896
 0.970169  0.135852 0.0688664   1.74965
 0.969331  0.135136 0.0715564   1.74806
  0.96961  0.135262 0.0695346   1.74826
   0.9708   0.14294 0.0667408   1.75011
 0.970334  0.135822 0.0659664    1.7496
 0.970169   0.14306 0.0695505   1.74879
 0.970623   0.14284 0.0690553   1.75008
 0.973516  0.151149 0.0483889   1.75505
 0.973365  0.149131 0.0507288   1.75433
  0.97465  0.142433 0.0428048   1.75795
0.975589 0.136373  0.03928  1.76014
 0.974838  0.135662 0.0446316   1.75853
  0.97484  0.135257 0.0408905   1.75818
 0.973039  0.143988 0.0549706   1.75471
 0.974035  0.135511 0.0506521   1.75696
 0.973014  0.135522 0.0564355     1.755
 0.973127  0.134867 0.0519013    1.7547
 0.974195  0.141703 0.0443082   1.75663
 0.974017  0.135026 0.0458146   1.75647
 0.973109  0.143084 0.0481384   1.75427
 0.974016  0.141869 0.0479161   1.75654
 0.971669  0.162849 0.0564946   1.75068
  0.981494   0.117667 -0.0870283    1.77461
  0.980532   0.125347 -0.0810764    1.77234
  0.979728   0.124568 -0.0930045    1.77136
  0.980552   0.124606 -0.0913498    1.77331
   0.97912   0.139098 -0.0758992    1.76981
0.976992 0.133541 -0.10211   1.7664
 0.977793  0.134106 -0.100202   1.76831
 0.979118   0.14072 -0.086494   1.77108
 0.740814  0.271566 -0.391698   1.35836
 0.738985  0.263403 -0.398053   1.35507
 0.748005  0.262725 -0.392377   1.37085
 0.744602  0.267016 -0.396716   1.36728
 0.737564  0.255377 -0.403752   1.35246
 0.736475  0.247653 -0.408809    1.3504
 0.744797  0.247693 -0.403791   1.36531
 0.741517  0.250986 -0.407837   1.36141
 0.753323  0.257903 -0.397658   1.38416
 0.754139  0.252331 -0.399301    1.3849
 0.742934   0.25889 -0.402614   1.36416
 0.748346  0.251439 -0.402235   1.37312
 0.750701  0.258881 -0.396587   1.37739
 0.746012  0.254891 -0.398692   1.36734
 0.96013 0.158859 -0.18889  1.74353
0.963003 0.161581  -0.1801  1.74932
 0.962264  0.144123 -0.193691   1.74698
 0.962941  0.138278 -0.201601    1.7492
 0.965979  0.135228 -0.191702   1.75412
 0.962974  0.141163 -0.193744   1.74802
0.967941 0.139791 -0.17231  1.75604
 0.969209  0.131808 -0.180511   1.75934
0.971838 0.127372 -0.16843  1.76289
  0.96898  0.134827 -0.170198   1.75721
 0.963097  0.148969 -0.184726   1.74796
 0.965885  0.138047 -0.182492   1.75241
 0.966122  0.146307 -0.172614   1.75263
 0.965024  0.142594 -0.184176   1.75156
 0.761168  0.228044 -0.428867   1.40863
 0.729234  0.182825 -0.441476    1.3358
 0.731121  0.181103 -0.443032   1.34077
 0.731996  0.184572 -0.441466   1.34242
 0.730112  0.182593 -0.441763   1.33822
 0.733705  0.180523 -0.447115   1.34887
0.735882 0.187135 -0.44404   1.3531
 0.732881  0.184605 -0.444301   1.34636
 0.732811  0.182675 -0.444519   1.34587
 0.730915  0.167459 -0.450622   1.34216
 0.731453  0.165823 -0.450506   1.34283
 0.729079  0.167794 -0.446831   1.33579
0.726742 0.168981 -0.44472  1.32944
 0.726779  0.166124 -0.445391    1.3293
 0.728225  0.167357 -0.445533   1.33263
 0.729058  0.162501 -0.448149   1.33539
 0.726863  0.163468 -0.445874   1.32919
 0.726963  0.160778 -0.446357   1.32912
0.728279 0.161977 -0.44655   1.3322
 0.730029  0.166609 -0.447346   1.33779
 0.728171  0.164654 -0.446066   1.33226
 0.729848  0.163842 -0.448219   1.33736
 0.728878  0.165032 -0.447373   1.33507
0.733409 0.149182 -0.45267  1.34461
  0.73436  0.147893 -0.452369   1.34613
 0.731635  0.148759 -0.449553   1.33873
 0.729443  0.148995 -0.446916   1.33219
 0.730228  0.146827 -0.446881   1.33337
 0.730998  0.147775 -0.447236   1.33536
 0.733043  0.144824 -0.449421   1.34078
 0.731012  0.144856 -0.446659   1.33448
  0.73191  0.142936 -0.446425   1.33584
 0.732514  0.143797 -0.446819   1.33749
 0.732598  0.148038 -0.449605    1.3406
 0.731661  0.145779 -0.447076   1.33625
 0.733238  0.145911 -0.449716   1.34159
 0.732173  0.146703 -0.449347   1.33929
 0.774072  0.153867 -0.442651   1.42287
0.924012 0.155667  0.18977   1.6608
0.893862 0.116973 0.174304  1.59728
0.926998 0.150802 0.215282   1.6667
0.919671  0.14436 0.211484  1.66241
0.918491 0.144691 0.216264   1.6584
0.923952 0.158228 0.252346  1.66976
0.929259  0.16036 0.289968  1.68278
0.927161 0.164757 0.281146  1.67794
0.879119 0.254697 0.284529  1.59952
0.882175 0.241096 0.295092  1.60607
0.872408 0.251601 0.290381  1.58746
0.874109 0.243743 0.295964  1.59114
0.866999 0.245877 0.294714  1.57822
0.871024 0.246343 0.292995  1.58399
0.877489 0.244248 0.293756  1.59617
0.877287 0.248363 0.287738  1.59494
0.927913 0.161131 0.285266  1.67926
0.928617 0.137525 0.287618  1.68032
 0.92931 0.101469 0.265106  1.67757
  0.896445 -0.0175109    0.35114    1.63537
 0.911549 0.0130999  0.336574    1.6577
  0.924448 -0.0266518   0.311814    1.68079
   0.909382 -0.00367103    0.320589     1.64764
 0.919237 0.0401098  0.322967   1.66937
 0.922123 0.0543446   0.30277   1.66921
 0.930771 0.0438173  0.297327    1.6878
 0.922741 0.0500748  0.302156   1.67037
    0.93988 -0.00557983    0.271469     1.70159
 0.936737 0.0251653  0.272289   1.69359
 0.947783 0.0210862  0.244655   1.71252
 0.942151 0.0135604  0.248582   1.69967
 0.918386 0.0260754  0.308328    1.6619
 0.931758 0.0282319  0.276156   1.68274
     0.9305 -0.00450087    0.278058     1.68073
 0.927957 0.0118301  0.302114   1.68241
0.930217 0.179191 0.176658  1.67489
0.933802 0.162762 0.181492  1.68877
0.923177 0.146558 0.213405  1.67219
0.940257 0.198972 0.215669  1.69391
0.939302 0.203037 0.225611  1.69243
0.937946 0.207173 0.236469  1.69053
0.937257 0.199356 0.239121  1.69006
0.924893 0.157046 0.254706  1.67185
0.933658 0.204691 0.252025  1.68352
0.919821 0.142525 0.220429  1.66146
0.912088 0.129981 0.189523  1.63692
  0.852687 0.00474243  0.0892825    1.55195
 0.90546 0.134093 0.184684  1.62606
0.922716 0.123046 0.289998  1.66965
0.926001 0.162274 0.281629   1.6745
0.925174 0.134888 0.298039  1.67608
0.927825 0.148392 0.297217  1.68026
0.929262 0.157391  0.29554   1.6835
0.939301  0.19406 0.227417  1.69444
0.928574  0.16445 0.273789  1.68174
0.940264 0.189109 0.216362  1.69756
0.930962 0.154158 0.215563   1.6786
0.935173   0.1649  0.20316  1.68503
 0.782612  0.118805 -0.417028   1.42327
 0.781655  0.111925 -0.414018    1.4186
 0.787262  0.114048 -0.408343   1.42823
 0.784324  0.114691 -0.410206   1.42286
 0.779214  0.105279 -0.414102   1.41232
 0.773715  0.101607 -0.415391   1.40039
 0.780578 0.0982553 -0.407588   1.41086
 0.779061  0.102159 -0.411693   1.41014
 0.793755  0.106518 -0.397033   1.43578
 0.789375 0.0950111 -0.396557   1.42428
 0.800813 0.0922053 -0.379597   1.44142
 0.795997 0.0992897 -0.387011   1.43493
 0.782653   0.10821 -0.409556   1.41787
 0.786634  0.100005 -0.401879   1.42146
 0.789179  0.108715 -0.400188   1.42754
 0.786114  0.104409 -0.406346   1.42329
0.774573 0.144694 -0.44202   1.4221
 0.763815  0.159518 -0.456396   1.40886
 0.751029  0.123202 -0.443709   1.37114
 0.753121  0.121562 -0.443092   1.37492
 0.748565  0.121223 -0.442268   1.36471
 0.745782  0.120601 -0.439842   1.35708
  0.74774  0.118519 -0.438703   1.36021
 0.747902  0.119644 -0.439562   1.36123
 0.752946  0.117425 -0.439437    1.3717
 0.749814  0.116474 -0.437227   1.36342
0.752287 0.114284 -0.43532  1.36722
 0.752307   0.11567 -0.436568   1.36818
 0.749901  0.121105 -0.441612   1.36712
 0.749902  0.117696 -0.438255   1.36438
 0.752236  0.119049 -0.440268   1.37094
 0.750512   0.11927 -0.440814   1.36764
 0.769454  0.160118 -0.446358    1.4162
0.743003 0.212153 -0.43249   1.3678
 0.748463  0.221823 -0.425489   1.37798
 0.738542  0.214411 -0.427397   1.35561
 0.741058  0.219515 -0.423687   1.36007
 0.735427  0.218858 -0.426536   1.34935
 0.737267  0.216841 -0.424934   1.35213
 0.742547  0.218617 -0.427326   1.36565
 0.741574   0.21583 -0.428162   1.36331
 0.838663  0.234891 -0.414299   1.55489
  0.84365  0.233545 -0.409248   1.56297
 0.837877   0.23699 -0.410064    1.5533
 0.839425  0.234888 -0.411153     1.555
 0.848917  0.232149 -0.403824   1.57159
 0.854523  0.230229 -0.397833   1.58066
  0.84815  0.234932 -0.399185   1.57011
 0.849788  0.232179 -0.400088   1.57175
  0.83734  0.240664 -0.403549   1.55153
 0.842077  0.242609 -0.399408   1.56061
 0.844397  0.233588 -0.405927   1.56302
 0.845076  0.237314 -0.400405   1.56451
0.839586 0.238299 -0.40647  1.55575
 0.842931  0.235813 -0.404941   1.56144
   0.7436  0.130823 -0.448807   1.35989
0.740929 0.134488 -0.44916   1.3552
 0.741913  0.129601 -0.446052    1.3544
 0.740356  0.131631 -0.446406   1.35169
 0.740305  0.128996 -0.443609   1.34917
 0.740721  0.130184 -0.445891   1.35188
 0.740948  0.132833 -0.448156   1.35433
 0.742727  0.131278 -0.447802   1.35755
 0.855391  0.230313 -0.393721   1.58069
 0.856775  0.235002 -0.386802    1.5835
 0.849944  0.236579 -0.394906   1.57261
 0.853842  0.233252 -0.392877   1.57917
 0.858096  0.242337 -0.378138   1.58637
0.844489 0.243239 -0.39376  1.56363
0.847535 0.239825 -0.39261  1.56831
 0.854117   0.24252 -0.386719   1.58111
 0.883287  0.237546 -0.345737   1.62866
 0.868097  0.239057 -0.365705   1.60283
 0.881434  0.225972 -0.354969   1.62306
 0.873776  0.229153 -0.365752   1.61114
 0.879392  0.219428 -0.364327   1.61898
 0.877729   0.22335 -0.363263   1.61725
 0.871341  0.233838 -0.364416   1.60769
  0.87837  0.237447 -0.357217   1.62177
 0.909307  0.194476 -0.324978   1.66665
 0.915484  0.190112 -0.315292   1.67675
 0.909926  0.198942 -0.315539   1.66672
 0.910835   0.19584 -0.318603   1.66824
 0.921537  0.184549 -0.304547   1.68617
 0.926674  0.178608 -0.294208   1.69369
 0.922278  0.188167 -0.293592   1.68606
 0.922964  0.185848 -0.297015   1.68731
  0.90784  0.216134 -0.311859   1.66639
  0.91508  0.217314 -0.302459   1.68059
 0.917072  0.191442 -0.307573   1.67809
 0.920173  0.198514 -0.294645   1.68372
 0.912399  0.203024 -0.307778   1.67079
 0.915947  0.195628 -0.305651   1.67669
 0.928405  0.198981 -0.273302   1.69764
 0.934773  0.200627 -0.262817   1.71023
 0.931217  0.179644 -0.275826   1.69963
 0.931421  0.174142 -0.284596   1.70103
 0.936637  0.170087 -0.274179   1.70955
 0.932252   0.17618 -0.277336   1.70116
 0.941574  0.168875 -0.251841    1.7154
 0.941495  0.164909 -0.262738   1.71691
 0.945508  0.159578 -0.252126   1.72263
 0.942244  0.166849 -0.254595   1.71675
  0.93308  0.184511 -0.266736   1.70237
 0.937492  0.172149 -0.265442   1.70938
 0.939719  0.180074 -0.252561   1.71336
 0.936335  0.176649 -0.264935   1.70801
 0.946127  0.180271 -0.231259   1.72385
  0.95122  0.182461 -0.220772   1.73411
 0.948743  0.161257 -0.233816   1.72634
 0.949258  0.155494 -0.242447   1.72839
 0.953333  0.151715 -0.232099   1.73499
 0.949669  0.158055 -0.234774   1.72781
 0.956901   0.14996 -0.209762   1.73834
 0.956983  0.146724 -0.220955   1.74034
0.960081 0.141927 -0.21092  1.74482
 0.957366  0.148984 -0.212892   1.73973
 0.950143  0.166496 -0.224216   1.72828
 0.953791  0.154242 -0.223042   1.73427
 0.955501  0.162118 -0.209969   1.73714
 0.952788  0.158394 -0.222937    1.7329
 0.736896  0.194499 -0.441471   1.35558
 0.741143  0.202596 -0.436823   1.36377
 0.733683  0.195907 -0.437124   1.34621
 0.735484  0.200173 -0.434632   1.34953
 0.731351  0.198898 -0.435975   1.34093
  0.73264  0.197834 -0.435354   1.34344
 0.736634  0.199554 -0.437776   1.35407
 0.735848  0.197289 -0.438294   1.35216
 0.740225  0.243467 -0.412511   1.35885
 0.744485  0.237166 -0.412743   1.36635
 0.747558  0.243747 -0.407468   1.37178
  0.74269   0.24019 -0.409416   1.36155
   0.7503  0.233954 -0.417947   1.38126
 0.756799    0.2461 -0.407639   1.39299
 0.749378  0.242508 -0.410468   1.37766
 0.748595  0.238355 -0.412144   1.37564
0.974932 0.126438 -0.12414  1.76313
 0.975584  0.128598 -0.122817   1.76485
  0.97378  0.125161 -0.142508   1.76288
 0.974048  0.123074 -0.156921   1.76574
 0.976015  0.119719 -0.146357   1.76849
 0.974113   0.12688 -0.148251   1.76495
0.977391 0.118484 -0.12438  1.76851
 0.977419  0.116575 -0.136775   1.77015
0.978488 0.114453 -0.12816  1.77139
 0.977665  0.120408 -0.130626   1.77035
 0.974864  0.130036 -0.135182   1.76511
 0.976107  0.123813 -0.138882   1.76807
0.976801  0.12787 -0.12676  1.76849
 0.975872  0.122484 -0.133666   1.76646
  0.86086  0.241128 -0.352484    1.5832
 0.873944  0.246927 -0.338441   1.60903
  0.95395 0.0190883  0.205917   1.71716
 0.961525 0.0443561  0.189369   1.73302
  0.961043 0.00795895   0.193211    1.73309
  0.95958 0.0145613  0.191634   1.72833
 0.966012 0.0660913  0.120368    1.7346
 0.964814 0.0587208  0.158631   1.73623
  0.967771 -0.0134048    0.14564    1.74265
0.972582 0.029768   0.1086  1.74863
    0.9742 -0.0135869  0.0845199    1.75335
  0.972145 -0.0238796   0.101996    1.74854
 0.964017 0.0312609  0.155924   1.73302
 0.969684 0.0256894  0.118267   1.74255
   0.965836 -0.00802019    0.145942     1.73688
  0.96664 0.0330929  0.147601   1.73861
 0.905424  0.200424 -0.328064   1.66011
 0.907532  0.205971 -0.317863   1.66375
 0.902806  0.211178 -0.325737   1.65724
 0.905007  0.202325 -0.323357   1.65894
0.901071  0.23182  -0.3247   1.6604
 0.903892  0.211576 -0.317173   1.65789
  0.90509   0.21242 -0.316331   1.66061
 0.979767  0.117477 -0.122682   1.77422
 0.980812   0.11707 -0.112476   1.77552
 0.978386  0.122437 -0.119263   1.77082
  0.97923  0.115582 -0.115671   1.77176
 0.981793  0.117523 -0.103009   1.77696
 0.982404  0.117594 -0.093822   1.77755
 0.979987  0.123997 -0.100362   1.77273
 0.980933  0.117128 -0.095977     1.774
 0.976454  0.133379 -0.116637   1.76686
   0.9774  0.134514 -0.107929   1.76828
0.980079   0.1163 -0.10602  1.77284
0.979018 0.122054 -0.10319  1.77036
 0.978387  0.121729 -0.111447   1.76972
 0.979271  0.122238 -0.109786   1.77181
0.928377 0.146731 0.273238  1.67698
 0.968677  0.134653 0.0722368   1.74644
 0.968517    0.1426 0.0765317   1.74542
 0.969687  0.142317 0.0738071   1.74781
 0.969124  0.142068 0.0759112   1.74717
 0.970192  0.151553 0.0757795   1.74814
 0.969171  0.153737 0.0770463   1.74541
 0.969712  0.150738 0.0761157   1.74788
 0.968194  0.155169 0.0819114   1.74423
  0.96918  0.148321 0.0807016   1.74645
 0.833342  0.421239 0.0301977   1.52136
  0.844597   0.406908 0.00615058    1.53789
 0.849531   0.40225 0.0374384   1.54722
  0.84137   0.40095 0.0247299   1.52776
  0.859632   0.390034 -0.0117123     1.5643
0.865221 0.389145 0.044404  1.57643
 0.856195  0.389321 0.0349568   1.55549
  0.857809   0.386581 0.00640371    1.55807
0.929153 0.150356 0.289986  1.68137
 0.920067 0.0854045  0.300955    1.6657
0.920043 0.105069  0.28752  1.66283
 0.917844 0.0993524  0.307188   1.66379
 0.941354 0.0922865  0.228363   1.69616
  0.93712 0.0939474  0.235293   1.68785
0.898572 0.105144 0.343475  1.63365
 0.904993 0.0912877  0.334999   1.64378
 0.895579 0.0903972   0.35585   1.63142
 0.899915 0.0914455  0.341494   1.63451
 0.910132 0.0777325  0.325718   1.65082
  0.91788 0.0685268  0.305698   1.66113
 0.911903 0.0572004  0.328353   1.65493
 0.914066 0.0615944  0.321281   1.65726
 0.890551 0.0650768  0.361536   1.62293
 0.901976 0.0411341  0.343922    1.6392
 0.882676 0.0247468  0.362194   1.60893
 0.894727 0.0372688  0.356794   1.62866
 0.907053 0.0747693  0.333674   1.64641
 0.907544 0.0507619  0.341921   1.64993
 0.897574 0.0710346  0.353261   1.63306
 0.903094 0.0716641  0.345926   1.64268
0.863095 0.308451  0.23236  1.56998
0.868683 0.311324 0.222596  1.57893
0.870357 0.302797 0.232345  1.58246
0.867019 0.304928 0.227789  1.57446
0.876608  0.31262 0.212746  1.59334
0.878583 0.298686 0.233135  1.59822
0.874111 0.301083 0.229629   1.5881
0.874589 0.305118 0.219117  1.58805
 0.92324 0.164159 0.269892  1.66692
0.919988 0.115292 0.300949    1.666
0.864809 0.128206 0.342469  1.56887
0.875902 0.123024 0.354584  1.59364
0.862506 0.106475 0.353131  1.56506
0.869766 0.121193 0.351306  1.58281
0.885744 0.115478 0.355426  1.61187
0.895008 0.108163 0.343848  1.62595
 0.889976 0.0943499  0.356921   1.61949
0.890494 0.109719 0.357939  1.62299
 0.864399 0.0743952  0.361837   1.56955
  0.88298 0.0705257  0.362714   1.60676
 0.872797 0.0322544  0.363779   1.58668
 0.873506 0.0649259  0.367491    1.5923
0.880366 0.114957 0.360843  1.60513
 0.883644 0.0919271  0.364657   1.61129
 0.869863 0.0974071  0.362144   1.58467
 0.877467 0.0999132   0.36056   1.59653
 0.906942 0.0978698  0.331583   1.64704
0.903806  0.10306 0.330483  1.63984
 0.912178 0.0989905  0.312017    1.6519
 0.917383 0.0814007   0.31397   1.66357
0.912552 0.080698 0.318212  1.65347
 0.911023 0.0987648  0.322873   1.65345
 0.778645  0.114497 -0.417002   1.41399
 0.775714  0.120845 -0.424145   1.41238
 0.778521  0.117852 -0.418734   1.41514
 0.769551  0.115866 -0.427939   1.40044
0.768693  0.12221 -0.43444  1.40306
 0.770286   0.11878 -0.428666   1.40281
 0.776564  0.109125 -0.417134   1.40868
0.771354 0.110449 -0.42306  1.40077
 0.772856  0.104566 -0.418568   1.40059
 0.773277  0.107043 -0.420473   1.40305
 0.774127  0.117683 -0.426454   1.40971
 0.771254  0.112751 -0.424998   1.40203
  0.77611  0.112023 -0.419747   1.40958
 0.774256  0.114596 -0.422187   1.40726
 0.770478  0.149408 -0.451034   1.41811
 0.822929   0.23471 -0.429099   1.52816
  0.82614  0.235374 -0.426343    1.5339
 0.821251  0.235865 -0.427088   1.52535
 0.822904  0.234935 -0.427656   1.52741
 0.829779  0.235752 -0.422939   1.54016
 0.833964  0.235633 -0.418927   1.54716
  0.82806   0.23759 -0.420051   1.53716
 0.829957  0.235856 -0.420648    1.5394
 0.818313  0.237966 -0.421748    1.5188
 0.821877   0.23977 -0.418175   1.52528
 0.826122  0.235529 -0.424453   1.53293
 0.825184  0.237907 -0.421177   1.53154
 0.821622  0.236657 -0.425002   1.52545
0.824451 0.236728 -0.42397  1.53095
 0.820522  0.233666 -0.430983   1.52362
 0.817834  0.232765 -0.431657    1.5192
 0.819389  0.231978 -0.431925   1.52126
  0.81905  0.232426 -0.431466   1.52041
 0.815098   0.23136 -0.431385   1.51382
0.811162 0.231649 -0.43104   1.5072
  0.81374  0.228393 -0.433861    1.5117
 0.813677  0.230391 -0.431745   1.51101
 0.819515  0.229197 -0.431566   1.52065
 0.817181  0.225738 -0.434112   1.51732
  0.82203  0.224377 -0.428025   1.52305
 0.819606  0.225033 -0.430953   1.51948
 0.816541  0.231182 -0.431914   1.51623
 0.815898  0.227576 -0.432952   1.51447
 0.818491  0.229783 -0.432001   1.51883
  0.81699  0.230028 -0.432851   1.51734
0.928596 0.154073 0.284693  1.67928
  0.975303 -0.0856524  0.0714307    1.76217
 0.956914 -0.117165  0.156218    1.7317
  0.964195 -0.0625265   0.144008    1.73722
  0.963216 -0.0750695   0.148765    1.74083
 0.924732 -0.103025  0.256936   1.67636
 0.888268 -0.044642  0.326432   1.60918
  0.927303 -0.0496607   0.274468    1.67672
  0.917309 -0.0758416   0.318415    1.67702
 0.957109 -0.025939  0.195074   1.72483
  0.944517 -0.0252368   0.232229    1.70196
  0.951082 0.00299922   0.207513    1.71042
  0.950759 -0.0137272   0.227783    1.71588
 0.942623 -0.096978  0.241901   1.71537
  0.940369 -0.0504194   0.265067    1.70569
  0.956547 -0.0428501   0.208297    1.72965
0.947601 -0.07102  0.21481  1.71158
0.869577 0.212173  0.31649  1.58328
 0.87532  0.21989 0.315187  1.59371
0.877883 0.211328 0.319164  1.59904
0.874153 0.214569 0.316905  1.59069
0.881984 0.223839 0.309046  1.60521
0.887282 0.207416  0.31572  1.61548
0.881045 0.211676 0.316066  1.60282
0.880356 0.216452 0.311218  1.60072
0.868736 0.141542 0.333719  1.57628
0.872095 0.149736    0.329  1.58321
0.877995 0.150894 0.342233  1.59764
0.873649 0.147445 0.332005  1.58759
 0.87303 0.157814 0.327495  1.58574
0.872434 0.166503 0.326938  1.58529
 0.87916  0.16878 0.335556  1.60011
0.874632 0.164776  0.32773   1.5904
0.884261 0.156165 0.341995   1.6092
0.884848 0.164638 0.336595  1.60966
0.891378 0.154069 0.333826  1.62028
0.886151 0.158819 0.340815  1.61321
0.874771 0.156134 0.328753  1.58999
0.880911 0.165455 0.338142  1.60441
0.880583  0.15614 0.341644  1.60389
0.879003   0.1601 0.338267  1.59975
 0.760397  0.153347 -0.458627   1.40269
 0.760289  0.153329 -0.458502   1.40239
  0.76016  0.153577 -0.458918   1.40223
 0.760764  0.152718 -0.459748    1.4039
 0.760742  0.152858 -0.459865   1.40393
 0.760778  0.152669 -0.459588   1.40385
 0.760682  0.153307 -0.459874   1.40391
 0.760583  0.152597 -0.459612   1.40344
 0.766453  0.156459 -0.453894   1.41235
 0.760534  0.152706 -0.459752   1.40341
 0.743951   0.12956 -0.447928   1.35987
 0.745389  0.128238 -0.447531   1.36241
 0.742159  0.128413 -0.445656   1.35447
0.740112 0.128062 -0.44302  1.34826
 0.741326   0.12622 -0.442546   1.35022
 0.741631  0.127139 -0.443088   1.35133
 0.744809  0.124915 -0.444421   1.35869
 0.742589   0.12444 -0.441834   1.35216
 0.744051   0.12253 -0.440987   1.35441
 0.744285  0.123581 -0.441697   1.35549
 0.743122  0.128065 -0.445393   1.35626
 0.742831  0.125415 -0.442474    1.3532
 0.744506  0.126169 -0.444899   1.35855
 0.743303  0.126635 -0.444918   1.35611
 0.760714  0.153066 -0.459913   1.40394
 0.760191  0.152175 -0.457358   1.40114
 0.763253  0.153826 -0.456487   1.40675
 0.764497  0.153132 -0.457385   1.40947
 0.767217  0.152607 -0.457295   1.41461
 0.766262  0.120843 -0.435925   1.39847
 0.762137  0.116722 -0.434033    1.3881
  0.76664  0.114844 -0.429674     1.395
 0.765246  0.117495 -0.431908   1.39366
 0.759508  0.113525 -0.433879   1.38184
 0.755376  0.112057 -0.432731   1.37196
 0.759032  0.109713 -0.429706    1.3777
 0.758766  0.111364 -0.431455   1.37835
 0.768101  0.109281 -0.425526   1.39495
 0.763127  0.107354 -0.425869   1.38399
 0.768024   0.10466 -0.421198    1.3916
  0.76747  0.107003 -0.423798   1.39212
 0.761786  0.114334 -0.431996   1.38576
 0.762707  0.109292 -0.428055   1.38457
 0.766383  0.112434 -0.427866     1.393
 0.763426  0.111517 -0.430018   1.38773
 0.759977  0.152655 -0.459403   1.40206
 0.760882  0.149559 -0.452476   1.39996
0.772004  0.14697 -0.44342  1.41749
  0.77604  0.123806 -0.424389   1.41348
 0.773849   0.13193 -0.431872   1.41372
 0.769073  0.124168 -0.433897   1.40354
 0.774236    0.1282 -0.431277   1.41384
  0.76273  0.128609 -0.444244   1.39607
0.778359 0.136397 -0.43007  1.42322
0.781187 0.127442 -0.42234  1.42411
 0.785018  0.137461 -0.419026   1.43232
0.780749 0.131511 -0.42001   1.4225
 0.765307  0.149504 -0.457973   1.41037
 0.760683  0.153629 -0.459029    1.4036
 0.760512  0.153745 -0.459164   1.40331
 0.759898  0.153127 -0.455592   1.39996
 0.760003  0.154015 -0.459098   1.40197
 0.762144    0.1556 -0.456332   1.40491
 0.760156  0.154287 -0.453821   1.39984
 0.760017   0.15244 -0.457606   1.40093
 0.737526  0.152002 -0.458149   1.35704
 0.760483  0.152909 -0.459844   1.40338
 0.765989  0.159534 -0.454192    1.4122
 0.760119  0.153253 -0.459016   1.40198
 0.761307  0.153304 -0.453299   1.40169
0.760184 0.153326 -0.45891  1.40222
 0.759867  0.163726 -0.442727   1.39677
 0.760303  0.153063 -0.458496   1.40236
 0.760139  0.153194 -0.459771   1.40265
 0.760455  0.153071 -0.458698   1.40283
  0.76018  0.153074 -0.459052   1.40207
 0.760441  0.152624 -0.458771   1.40274
 0.760785  0.152719 -0.459411   1.40379
 0.760165  0.152411 -0.459003   1.40224
 0.760781  0.152858 -0.459255   1.40374
 0.760476  0.152816 -0.458662    1.4028
 0.760699    0.1529 -0.459195   1.40356
 0.789732  0.142711 -0.405124   1.43673
 0.795783  0.141771 -0.396104   1.44548
 0.790515  0.151973 -0.398301   1.43696
 0.791524  0.143385 -0.398114   1.43739
 0.804995  0.138292 -0.380521   1.45819
 0.820818  0.141365 -0.359087   1.48575
 0.802785   0.15787 -0.375261   1.45535
 0.806829  0.143146 -0.370679   1.45974
 0.789574  0.159481 -0.392658    1.4341
 0.793908  0.166014 -0.386527   1.44231
 0.787608  0.172942 -0.396064   1.43407
  0.79019   0.16429 -0.392019   1.43649
0.797603 0.140991 -0.38467  1.44417
 0.797161  0.156386 -0.382594   1.44603
 0.791401  0.152097 -0.390703   1.43559
 0.796405  0.151689 -0.385843   1.44422
 0.786621  0.146197 -0.403958   1.42996
 0.786603  0.150967 -0.404597   1.43132
  0.78503  0.159588 -0.395532   1.42559
 0.783457  0.168299 -0.401297   1.42686
 0.780889  0.156143 -0.414467   1.42495
 0.783291  0.159027 -0.405011   1.42604
 0.736658  0.141749 -0.451659   1.34922
 0.737747  0.140265 -0.451249   1.35095
 0.734891  0.141204 -0.448857   1.34358
 0.732821  0.141178 -0.446024   1.33716
 0.733814  0.139357 -0.445783   1.33874
 0.734345  0.140122 -0.446169   1.34021
 0.736428  0.137565 -0.448273   1.34571
 0.734657  0.137722 -0.445471   1.34001
  0.73545  0.136067 -0.445207    1.3412
  0.73596   0.13677 -0.445554   1.34259
 0.735842    0.1406 -0.448798    1.3454
 0.735136   0.13844 -0.445866   1.34137
 0.736658  0.138517 -0.448662   1.34662
 0.735595  0.139353 -0.448395   1.34439
 0.732168  0.159087 -0.452821   1.34425
 0.732226  0.164147 -0.451514   1.34467
0.730066 0.158874 -0.44914  1.33732
 0.729916  0.161533 -0.448469   1.33713
 0.728388  0.159429 -0.446879   1.33209
 0.729008  0.159948 -0.448377   1.33485
 0.730641  0.162084 -0.451116   1.34066
 0.731309  0.160541 -0.451015   1.34163
 0.764193  0.162448 -0.451103   1.40813
 0.769197  0.155648 -0.451912   1.41694
 0.760352  0.150848 -0.454708    1.4001
 0.747914  0.131002 -0.450182   1.36969
 0.751618  0.128335 -0.449208   1.37642
 0.760116  0.153526 -0.459861    1.4027
 0.762271  0.149627 -0.454391    1.4034
 0.760124  0.153776 -0.459785   1.40273
  0.76617  0.160119 -0.450208   1.41127
 0.760554  0.153479 -0.453642   1.40041
 0.760184  0.153921 -0.459596   1.40281
 0.759765  0.152738 -0.453935   1.39889
 0.759644  0.153215 -0.456287   1.39978
 0.759312  0.153718 -0.457068   1.39959
 0.759871   0.15366 -0.459786   1.40217
0.759894 0.153736 -0.45791  1.40109
 0.760296   0.15388 -0.459183   1.40284
 0.760123  0.153819 -0.459011   1.40228
 0.759498  0.153472 -0.454043   1.39855
 0.760214  0.153837 -0.459039   1.40254
 0.759613  0.154096 -0.458789   1.40107
 0.760476  0.153696 -0.458966   1.40314
 0.760092   0.15393 -0.459093   1.40234
 0.962347  0.146982 0.0729123   1.73536
 0.968089  0.140661 0.0370194   1.74753
 0.968035  0.143225 0.0659655   1.74417
 0.965646  0.152607 0.0668844   1.74395
  0.977558   0.101791 0.00191953    1.76707
   0.979828   0.0302388 -0.00271731     1.76941
 0.976701 0.0939308 0.0466529   1.75883
 0.977005 0.0572302 0.0420267   1.76064
 0.970872  0.132093 0.0715663   1.74745
 0.973076  0.113357 0.0659415   1.75035
 0.970505  0.133254 0.0864693   1.74681
 0.971433  0.121078 0.0809468   1.74789
 0.970485  0.127073 0.0426163   1.75171
 0.973344  0.104235 0.0619911    1.7513
 0.969969  0.134797 0.0700657   1.74744
 0.972285  0.123913 0.0451332    1.7511
 0.866795  0.375523 0.0908468   1.57666
 0.87394 0.360252 0.124595  1.59033
0.856206 0.380091 0.107449  1.55717
0.861166 0.369553 0.125004  1.56621
0.849586 0.382737 0.125314   1.5473
0.854765 0.371863 0.118596  1.55175
0.865555 0.364721 0.120313  1.57246
 0.86478 0.366598 0.103921  1.56961
0.812384 0.429364 -0.09785  1.48635
0.821963 0.409317 -0.11801  1.49908
  0.833937   0.408312 -0.0888905    1.52118
  0.820625   0.408508 -0.0992045    1.49273
 0.836129  0.388111 -0.135952   1.52428
  0.857348   0.385999 -0.0841372    1.56378
  0.838693   0.395862 -0.0944738    1.52688
0.833335 0.388486 -0.11241  1.51392
  0.876841   0.351874 -0.0777008    1.59233
 0.975504  0.135861 0.0354731   1.75956
 0.974702  0.142195 0.0401448   1.75771
 0.975308  0.142598 0.0326299    1.7588
 0.975158  0.143699 0.0370853   1.75907
 0.974422  0.147062 0.0256033   1.75572
 0.973594  0.152491 0.0345974   1.75508
 0.973401  0.153032 0.0436461   1.75492
  0.97291  0.144313 -0.106441    1.7581
   0.97528   0.159744 -0.0825463    1.76356
 0.976115  0.147466 0.0222433    1.7604
 0.975935  0.145646 0.0245026   1.75961
 0.977239  0.140893 0.0190554   1.76334
 0.978099  0.136304 0.0170515   1.76539
 0.977427  0.136327 0.0225426   1.76388
 0.977489   0.13547 0.0184788   1.76376
 0.975926  0.143259 0.0309062   1.76053
 0.976862  0.136822 0.0282767   1.76274
 0.976251  0.136844 0.0339236   1.76151
 0.976157  0.136184 0.0294587   1.76092
0.976864 0.140497 0.020113  1.76225
 0.976801  0.136084 0.0233389   1.76229
 0.975895  0.142253 0.0238337   1.76008
 0.976701  0.140871 0.0239758   1.76206
 0.978038  0.135144 0.0128114   1.76494
  0.97726  0.140277 0.0158801   1.76312
  0.977687   0.139576 0.00834015    1.76393
 0.977645  0.141428 0.0131985   1.76432
    0.976606      0.14144 -0.000888096      1.76066
  0.976043   0.148517 0.00929658    1.76038
 0.975977  0.149185 0.0177361   1.76032
  0.980217   0.131047 -0.0105014    1.76965
   0.979503     0.13446 -0.00811188     1.76794
 0.979879  0.132079 -0.014991   1.76856
  0.979858    0.13522 -0.0111696    1.76903
  0.979334   0.139568 -0.0156266    1.76731
  0.978632   0.136724 -0.0157019    1.76572
   0.978509    0.140111 -0.00819331     1.76573
 0.968619   0.16035 0.0620185   1.74276
  0.979628   0.143047 -0.0231167    1.76896
  0.980019   0.141296 -0.0183541     1.7695
   0.98092   0.132867 -0.0267807    1.77156
  0.981868    0.12951 -0.0295393    1.77384
   0.98161   0.129825 -0.0238937    1.77312
 0.981308  0.128616 -0.025974   1.77221
  0.980361   0.132348 -0.0167585    1.76989
0.981238 0.130308 -0.01832  1.77217
  0.980819   0.131819 -0.0126738    1.77129
  0.980655   0.129599 -0.0162072    1.77058
  0.980678   0.131925 -0.0226677    1.77066
  0.981062   0.128783 -0.0209258    1.77154
  0.980417   0.131255 -0.0188472    1.76984
   0.98077   0.132256 -0.0214456    1.77099
 0.98151 0.127974 -0.03168  1.77276
  0.980745   0.132488 -0.0278675      1.771
  0.980926   0.131061 -0.0346647    1.77142
  0.981044   0.132621 -0.0329028    1.77199
  0.979754   0.135527 -0.0381674    1.76864
  0.979395   0.137731 -0.0362764    1.76816
  0.979325   0.142371 -0.0292886    1.76834
  0.982248   0.122816 -0.0556797     1.7749
  0.981403   0.128468 -0.0516595    1.77304
  0.981359   0.125974 -0.0585142    1.77291
  0.981657   0.126707 -0.0577861    1.77384
  0.980072   0.137452 -0.0598714    1.77068
  0.979999   0.127757 -0.0588374    1.76955
  0.979947   0.134712 -0.0539922    1.77005
  0.97149  0.158976 0.0334644   1.74881
  0.979477   0.132309 -0.0767392    1.76984
 0.980164  0.137332 -0.068336   1.77155
  0.981173   0.124422 -0.0806592     1.7738
   0.98293   0.118276 -0.0848914    1.77813
    0.9832   0.118645 -0.0761936    1.77813
  0.982022   0.118706 -0.0776066    1.77525
  0.981601    0.12411 -0.0641789    1.77368
  0.983167   0.119913 -0.0681613    1.77763
  0.983019   0.122081 -0.0609258    1.77708
  0.982317   0.120765 -0.0624412    1.77519
 0.980987  0.125961 -0.072916   1.77285
 0.982283  0.119382 -0.069568    1.7754
  0.981372   0.126281 -0.0638753    1.77327
0.981484 0.124686 -0.07247  1.77403
 0.966406  0.201342 0.0202423   1.74234
 0.973781   0.16066 -0.134205   1.76772
0.964803 0.160947 -0.16728  1.75124
 0.972906  0.141048 -0.143731   1.76338
 0.968763  0.144551 -0.161456   1.75683
 0.971699  0.130715 -0.158791   1.76127
 0.970708  0.134377 -0.159411    1.7596
 0.966975  0.149998 -0.165058   1.75428
 0.970525  0.159183 -0.155293   1.76282
 0.962419  0.175981 0.0760353   1.72953
 0.960259  0.144478 -0.203707   1.74402
 0.960782  0.150392 -0.194808    1.7446
 0.958379  0.153323 -0.202869     1.741
 0.959853  0.145683 -0.201424   1.74298
 0.955769  0.180056 -0.204956   1.74107
 0.958335  0.151734 -0.194531   1.73911
 0.958899   0.15422 -0.193505   1.74069
  0.978604   0.151688 -0.0399479    1.76744
 0.793525  0.398073 -0.212479   1.45294
 0.802308  0.377663 -0.223812   1.46471
 0.812404  0.383525 -0.200567   1.48317
 0.800585  0.380865 -0.209196    1.4581
 0.815067  0.360975 -0.237056   1.49016
 0.832926  0.369821 -0.195667   1.52243
  0.81689  0.373977 -0.205458   1.49066
 0.812141  0.365858 -0.216851   1.47959
   0.8835  0.357195 -0.013466    1.6031
 0.790223   0.32724 -0.312145   1.44855
0.809821 0.338277 -0.28042   1.4837
0.781022 0.339302 -0.30278  1.42878
 0.791098  0.346231 -0.285134   1.44666
 0.774978   0.35548 -0.296448   1.42085
 0.780161  0.343192 -0.291803   1.42413
 0.794095  0.339548 -0.290079   1.45299
 0.788344  0.333169 -0.297547   1.44064
 0.970395  0.180134 -0.104041   1.75835
 0.944232  0.240876 -0.145323   1.71481
 0.927671  0.180272 -0.287568   1.69426
 0.928871   0.18685 -0.277993    1.6963
 0.924931  0.191166 -0.286883   1.69091
 0.927034  0.182343 -0.284523     1.693
 0.921673  0.214665 -0.288532   1.69106
 0.924795  0.191605 -0.280121   1.68951
 0.925842  0.194251 -0.278787   1.69217
 0.758205  0.313166 -0.353727    1.3917
 0.763644  0.300952 -0.356062   1.39941
 0.770745  0.309019 -0.344089   1.41197
 0.762171  0.304922 -0.348769   1.39422
 0.771556  0.292874 -0.362095   1.41727
  0.78531  0.306905 -0.340802   1.44208
 0.773208  0.304801 -0.347423   1.41799
 0.769784  0.298718 -0.352326   1.41059
 0.940854   0.22086 -0.204411   1.71471
 0.885764  0.229164 -0.344661   1.63164
 0.892683   0.23243 -0.337539   1.64579
 0.884813  0.220743 -0.353582   1.62893
0.884834 0.215845 -0.36135  1.62929
 0.891432  0.210859 -0.352219   1.63948
 0.886465  0.216074 -0.355093   1.63051
  0.89909  0.208341 -0.331853    1.6501
 0.897671   0.20547 -0.343053   1.64897
 0.903604  0.199421 -0.333864   1.65778
 0.899872  0.206034 -0.336761   1.65181
0.887959 0.223655  -0.3462  1.63404
 0.893261  0.211213 -0.345964   1.64131
 0.89705  0.21849 -0.33367  1.64863
 0.891699  0.215354 -0.343467   1.63915
 0.747043  0.275347 -0.389958   1.37176
 0.752056  0.266374 -0.390444    1.3796
  0.75669  0.274047 -0.382518   1.38778
 0.750217  0.269955 -0.385603   1.37429
 0.759057  0.261239 -0.395413   1.39628
 0.768179  0.275038 -0.380902   1.41276
0.758802 0.271662 -0.38524  1.39371
 0.757236  0.266364 -0.388229   1.39009
 0.765373  0.351046 -0.301279   1.40023
 0.760461   0.34071 -0.317005   1.39169
 0.774582  0.335082 -0.307189   1.41487
 0.769117   0.34569 -0.313055   1.41063
   0.7568  0.329802 -0.331495    1.3855
 0.753539  0.319024 -0.344425   1.37994
 0.766889  0.315208 -0.334473   1.40186
 0.761582   0.32397 -0.341211    1.3975
 0.781763  0.324443 -0.316959   1.43088
 0.781612  0.315536 -0.322118   1.42916
 0.765247  0.334814 -0.327891   1.40395
 0.772682  0.320483 -0.330542   1.41467
 0.777815  0.329738 -0.317506   1.42383
0.770169 0.325088 -0.32235  1.40751
0.860256 0.236438 -0.37757   1.5893
 0.865052  0.238385 -0.372905   1.59868
 0.859926  0.231555 -0.385702   1.58916
0.860426 0.228178 -0.39128  1.59025
 0.866285  0.225311 -0.384381   1.59952
 0.861488  0.228204 -0.386704   1.59055
 0.871562  0.226836 -0.371561    1.6079
 0.872222  0.222671 -0.377308   1.60911
0.878319 0.219182 -0.36966  1.61873
 0.873299  0.222777 -0.372283   1.60938
 0.862177  0.233282 -0.380648   1.59251
 0.867172  0.225424 -0.379853   1.59952
0.868294 0.230631 -0.37288  1.60205
 0.865656   0.22868 -0.378943   1.59813
  0.82337  0.240235 -0.414593   1.52699
 0.829167  0.238863 -0.417096   1.53849
 0.834449   0.23568 -0.416171   1.54684
 0.835032  0.239033 -0.411114   1.54812
 0.832853   0.23763 -0.415451   1.54504
 0.835207  0.243826 -0.404358   1.54816
 0.826805     0.241 -0.415005   1.53396
 0.832643  0.243614 -0.410326   1.54521
0.879161 0.249329 -0.31523  1.61258
  0.81533  0.232746 -0.429995   1.51398
 0.811936  0.233955 -0.428335   1.50809
 0.813254  0.233194 -0.427304   1.50931
 0.817993  0.233719 -0.430406   1.51921
 0.820482  0.233984 -0.430085   1.52316
 0.818979  0.235256 -0.428125   1.52077
 0.819475  0.234209 -0.429841   1.52222
 0.816161  0.236681 -0.422608   1.51418
 0.817057  0.234309 -0.430157   1.51766
 0.816442  0.235395 -0.425037   1.51567
0.818276 0.235479 -0.42834  1.51968
 0.750331    0.3088 -0.356786   1.37483
 0.747058  0.299214 -0.366883   1.36908
 0.758376   0.29684 -0.359081   1.38808
 0.754158  0.303697 -0.364483   1.38454
0.744755 0.289564 -0.37598  1.36508
0.742877 0.280359 -0.38402  1.36183
 0.753336  0.279013 -0.376591   1.37951
0.749231 0.284439 -0.38218  1.37564
 0.764458  0.289478 -0.365489   1.40237
 0.764991  0.282369 -0.368502   1.40238
 0.751547  0.293924 -0.373878   1.37988
 0.757905  0.283601 -0.374062   1.38956
 0.761372  0.292249 -0.365641   1.39583
 0.755379  0.287665 -0.368881   1.38301
0.929475 0.151322 0.204488  1.66877
0.926292 0.151847 0.214079  1.66399
 0.91905 0.145585 0.211198  1.65972
0.899548  0.24047 0.319436  1.63421
0.921905 0.228375 0.281717  1.66721
 0.808425 -0.109743  0.209486    1.4574
0.935496 0.212302 0.248107  1.68714
 0.87983 0.183326 0.367316  1.59428
0.913455 0.208013 0.297445  1.64829
0.927087 0.162708 0.274384  1.67737
0.930992 0.219094 0.261874  1.68067
0.927945 0.162398 0.284625  1.68021
0.928697 0.158266 0.289424  1.68144
0.862505  0.27814 0.263718  1.56744
0.861892 0.285615 0.255958  1.56608
0.868786 0.282603 0.256236  1.57846
0.864737 0.284516 0.259098  1.57319
0.861312 0.293289 0.247673  1.56488
0.860497 0.300946 0.238716  1.56311
0.868056 0.296116 0.238457  1.57641
0.863662 0.299897 0.242271  1.57099
0.875014 0.284555 0.249303  1.58942
0.876243 0.287635 0.240329   1.5909
0.864307 0.292168 0.250851  1.57229
 0.86997 0.294602 0.243569  1.58154
0.870645 0.288076 0.251812  1.58331
0.868165 0.289922 0.247484  1.57714
0.928527 0.143055 0.279743  1.67822
0.927972 0.158901 0.302299  1.68217
 0.92811 0.126729 0.271837  1.67682
0.924775 0.165072 0.278467  1.67151
0.927506 0.116782 0.286625  1.67925
0.929845 0.162631 0.281848   1.6863
0.933691 0.071228 0.253863   1.6827
 0.946253 0.0295049  0.239413    1.7076
  0.9388  0.04584 0.252895  1.69319
 0.939835 0.0418256  0.257627   1.69715
 0.929582 0.0546905  0.277429   1.67873
 0.926048 0.0615061  0.281277   1.67184
 0.934715 0.0618603  0.270459   1.68946
0.927348 0.156261 0.279903  1.67616
0.877587 0.283212 0.253461  1.59586
0.879861 0.270378  0.26776  1.60125
0.870649 0.280995 0.260159  1.58324
 0.87209 0.273311 0.267374  1.58643
0.865401 0.276864 0.266632  1.57459
0.869109 0.275593 0.263644  1.57933
0.875493 0.273082 0.265244  1.59165
0.875645 0.277005 0.257624  1.59105
 0.925282 0.0783943  0.297837   1.67653
 0.928974 0.0942368  0.279383   1.68069
 0.923084 0.0920983  0.284907   1.66803
0.939703 0.195426 0.206077  1.69236
0.940532 0.182594 0.205657  1.69898
0.926696  0.15827 0.253251  1.67741
0.923411 0.149192 0.210506  1.67122
0.929415  0.16201  0.28948  1.68445
0.929924 0.164588 0.277429  1.68622
0.921676 0.156613 0.254189  1.66316
0.930285 0.187668 0.240649  1.68435
0.927067 0.209228 0.268695  1.67199
0.926565  0.15249 0.298047  1.67786
 0.91514  0.13788 0.217604  1.64895
0.929085 0.164557 0.284682  1.68325
0.914025 0.138121 0.212944   1.6477
0.919514 0.175827 0.311907  1.66922
0.918025 0.138263 0.216452  1.64483
0.931333 0.201642 0.247547  1.68281
0.912771 0.138764 0.214715  1.63523
0.920231 0.156556 0.253719  1.66026
0.905631 0.111139 0.210144  1.62838
0.884504 0.136146 0.154863  1.58907
0.912152  0.15093 0.314173  1.64753
0.894171 0.120163  0.18478  1.60142
  0.9055 0.128461 0.215711  1.62151
0.898553 0.130483 0.187195  1.60436
 0.87669 0.256339 0.281023  1.59358
0.877716 0.259747 0.273531  1.59471
0.870653 0.253471 0.286929    1.583
0.864197 0.247403 0.292327  1.57139
0.863634 0.255139 0.285911  1.57012
0.866324 0.253806 0.288626  1.57681
    0.87 0.267195 0.272089  1.58108
 0.86321 0.262838 0.278906  1.56911
0.862811 0.270201  0.27141  1.56804
0.865619 0.268996 0.274637  1.57514
 0.87239 0.258812 0.283353  1.58746
0.865991 0.261536 0.281816  1.57605
0.871708 0.265379  0.27659  1.58567
0.870002 0.260956 0.279604   1.5816
0.873901 0.174393 0.327141  1.58983
0.880117  0.18436  0.33255  1.60297
0.880656 0.174244 0.335186  1.60429
0.878505 0.177883 0.332695  1.59915
0.886951 0.185212  0.32791  1.61376
0.891721  0.16728 0.334339  1.62378
0.886846 0.170062 0.336281  1.61446
 0.88532 0.173076 0.333564   1.6106
0.886213 0.181804  0.32969  1.61305
0.871357 0.176142 0.326595  1.58405
0.869995 0.185843 0.325436    1.582
0.877938 0.187311 0.330709  1.59793
0.872768 0.184003 0.326297  1.58838
0.868605 0.195321 0.322864  1.57964
0.867444 0.204627 0.319095  1.57758
0.876176 0.204231 0.321861  1.59433
0.870548 0.202628 0.320829  1.58494
0.884493 0.188381  0.32453  1.60765
0.885852 0.194118 0.318431  1.60994
0.871596 0.193368 0.324248  1.58666
0.878363 0.201012  0.32535  1.59966
0.879216 0.192795 0.329772  1.60164
0.876801  0.19613 0.326872  1.59589
0.926575 0.139352 0.289284  1.67604
0.889686 0.286662 0.239229  1.61886
0.928722    0.152 0.290975  1.68042
0.934444 0.196414 0.233522  1.68889
0.922521 0.137357 0.299301  1.67042
0.936205 0.190958 0.220932  1.69281
0.927027 0.156812 0.279139  1.67585
 0.92893 0.162278 0.277815  1.68307
0.937039  0.18589 0.208769  1.69472
0.927114 0.156516 0.256804  1.67851
0.923052 0.144665 0.224756   1.6705
0.924664 0.147682 0.218247  1.67746
0.933137 0.185171 0.224478  1.68791
0.922435  0.14751 0.219527  1.66898
0.932662 0.157953 0.189703   1.6857
0.931763 0.156396 0.213917  1.67847
0.928266 0.157829 0.255794  1.68248
0.935473 0.159616 0.212701  1.68355
0.931168 0.155987 0.218212  1.68311
0.931787  0.16309 0.181818  1.68557
0.937242 0.166114 0.212323  1.68902
 0.760281   0.11956 -0.436326   1.38588
 0.761809  0.122456 -0.438497   1.39067
 0.754148  0.122619 -0.441469   1.37632
 0.758218  0.115929 -0.435208   1.38021
 0.754513  0.117913 -0.438276   1.37442
 0.755196  0.113627 -0.434288    1.3727
 0.755831  0.115564 -0.436802     1.376
   0.7556  0.120501 -0.438989   1.37761
 0.758865  0.118846 -0.437664   1.38352
 0.768787  0.141959 -0.452116   1.41413
 0.750058  0.124782 -0.445052   1.37014
 0.746087  0.128329 -0.446949   1.36355
 0.748036    0.1227 -0.442876    1.3642
 0.745829  0.124871 -0.443874   1.36049
 0.745907  0.121727 -0.440698   1.35802
 0.746438  0.123134 -0.443116   1.36103
 0.746614   0.12642 -0.445426   1.36342
 0.748876  0.124732 -0.444851   1.36754
0.763558 0.151395 -0.45768  1.40733
 0.768991   0.13006 -0.441876   1.40827
 0.769933   0.13483 -0.439054   1.40954
  0.73992  0.136107 -0.448908   1.35323
0.740582 0.134767 -0.44909  1.35448
 0.737864  0.134655 -0.446973   1.34733
 0.736193  0.134522 -0.444746   1.34219
 0.737174  0.132922 -0.444275   1.34367
 0.737496  0.133765 -0.444722   1.34476
 0.739704  0.131774 -0.446723   1.35054
 0.738155  0.131327 -0.443958   1.34526
  0.73904  0.129713 -0.443613   1.34664
 0.739308  0.130576 -0.444081   1.34763
 0.738766  0.134237 -0.446881   1.34909
 0.738417  0.132138 -0.444385   1.34621
 0.739535  0.132767 -0.446999   1.35054
 0.738777  0.133207 -0.446677    1.3488
 0.736615  0.135321 -0.445183   1.34347
 0.737913  0.135704 -0.447361   1.34787
 0.737229  0.137092 -0.448153   1.34722
  0.73699  0.135992 -0.447606   1.34616
 0.738442  0.139271 -0.451511   1.35237
 0.738022  0.137742 -0.450147   1.35035
 0.738908  0.137149 -0.449365   1.35159
 0.774696  0.160719 -0.433861   1.42196
0.736795 0.143025 -0.45241  1.35022
 0.735057  0.147088 -0.452554   1.34753
 0.734951   0.14226 -0.449214   1.34413
 0.733891  0.144364 -0.449294   1.34236
 0.733306  0.142025 -0.446497    1.3386
 0.733757  0.143028 -0.448879   1.34156
 0.734557  0.145319 -0.451622   1.34554
 0.735887  0.143937 -0.451254    1.3478
 0.782064  0.180949 -0.407604   1.42845
 0.777892  0.165562 -0.416374   1.42143
 0.779296  0.171747 -0.416763   1.42542
 0.733826    0.1505 -0.453228    1.3461
 0.732858  0.155001 -0.452751   1.34474
0.731863 0.149927 -0.44982  1.33961
 0.731174   0.15229 -0.449576   1.33848
 0.730185  0.149998 -0.447325   1.33416
 0.730712  0.150822 -0.449306   1.33705
 0.731874  0.153081 -0.452056   1.34185
 0.732939  0.151643 -0.451806   1.34359
 0.793363  0.202897 -0.455788   1.47389
 0.795203  0.204362 -0.459429   1.47917
 0.794941  0.209256 -0.455561   1.47937
0.794678 0.210281 -0.45169  1.47776
 0.788509  0.202349 -0.461223   1.46694
 0.792286  0.207422 -0.459388   1.47517
 0.732162  0.169015 -0.450824   1.34524
 0.733292  0.174671 -0.448608    1.3475
 0.729907  0.169198 -0.446874   1.33785
 0.730319  0.172137 -0.445743   1.33863
 0.728236  0.170293 -0.444876    1.3329
 0.728959   0.17045 -0.445841   1.33549
 0.731075  0.172455 -0.448528    1.3423
 0.731332  0.170792 -0.448586   1.34248
0.769645 0.160737 -0.43994  1.41434
0.732014 0.178775 -0.44709  1.34491
  0.73242   0.17687 -0.447062   1.34528
 0.730002  0.179509 -0.443098   1.33811
 0.727377  0.181288 -0.441403   1.33157
 0.727231  0.177988 -0.442394   1.33109
 0.729001  0.179403 -0.442449    1.3351
 0.729425  0.173399 -0.445149   1.33673
 0.727025   0.17488 -0.443223   1.33045
 0.726906  0.171855 -0.444058   1.33002
 0.728525  0.173157 -0.444127   1.33368
  0.73104  0.178057 -0.443858   1.34035
 0.728694  0.176266 -0.443326   1.33426
 0.730519  0.174895 -0.445101   1.33932
 0.729533  0.176302 -0.444026   1.33691
 0.736459  0.149078 -0.456962   1.35353
 0.738679  0.146328 -0.456388   1.35722
  0.72865  0.196934 -0.436143   1.33497
 0.728165  0.192652 -0.437786   1.33384
 0.732004  0.193954 -0.437415    1.3424
 0.730614  0.194488 -0.437699    1.3393
 0.727819  0.188662 -0.439138   1.33293
 0.727498  0.184791 -0.440403   1.33207
 0.730849  0.186271 -0.440543   1.33994
 0.729643  0.186486 -0.440407   1.33689
 0.734493  0.192412 -0.441718   1.35018
0.734745 0.190063 -0.44181  1.35015
 0.730046  0.190404 -0.439126   1.33793
  0.73234  0.188123 -0.440351   1.34338
 0.733273  0.192025 -0.438582    1.3452
 0.731182  0.189889 -0.438979   1.34056
 0.736406  0.169202 -0.457005   1.35794
 0.804881  0.232117 -0.428108   1.49389
0.793576 0.231473 -0.42123  1.46714
 0.796924  0.235909 -0.420955   1.47514
 0.738492  0.179816 -0.453887   1.36294
0.742186 0.202464 -0.44266  1.36977
 0.740442  0.198078 -0.443532   1.36553
 0.739551  0.209664 -0.433222   1.36029
 0.739656    0.2067 -0.433508   1.35985
 0.736271  0.212138 -0.428018    1.3506
 0.731876  0.216589 -0.427022   1.34165
  0.73097  0.211391 -0.429699   1.33987
  0.73426  0.213518 -0.429296   1.34701
0.734084 0.202533 -0.43313   1.3464
 0.730041  0.206338 -0.432052   1.33793
 0.729397  0.201478 -0.434234   1.33657
 0.732337   0.20349 -0.433951   1.34299
 0.737841  0.209606 -0.429801   1.35416
 0.733181  0.208498 -0.431764   1.34482
 0.736264  0.204761 -0.432613   1.35123
 0.734886   0.20709 -0.430631   1.34781
 0.751445  0.208529 -0.440601   1.38954
 0.745862  0.231109 -0.419309   1.37181
 0.746391  0.227125 -0.420013   1.37211
 0.741549  0.234255 -0.413837   1.35992
 0.735604  0.240495 -0.413355   1.34881
0.734738 0.234012 -0.41724  1.34717
 0.738912  0.236691 -0.416565   1.35625
 0.739166  0.222579 -0.421364   1.35573
 0.733884   0.22792 -0.420717   1.34551
  0.73293  0.222091 -0.424027    1.3437
 0.736727   0.22445 -0.423437   1.35189
 0.743719    0.2311 -0.416558   1.36497
0.737805 0.230425 -0.42013  1.35404
 0.741873  0.225257 -0.420481   1.36167
 0.740081  0.228077 -0.417853    1.3572
 0.825496  0.268283 -0.365758   1.52157
 0.780038  0.247807 -0.402569   1.43732
 0.855556  0.252148 -0.354964   1.57574
 0.807751  0.249868 -0.396198   1.49135
 0.901361  0.245767 -0.285478   1.65225
 0.813544  0.277797 -0.359041   1.49961
 0.805472  0.358726 -0.243482   1.46974
 0.805592  0.347349 -0.252234   1.46799
 0.795329  0.373101 -0.230056   1.44912
 0.782739  0.393628 -0.219034   1.42915
 0.778012  0.383654 -0.241265   1.42087
  0.78787  0.388827 -0.235605   1.44293
 0.786712  0.353265 -0.270077   1.43462
 0.774095  0.372741 -0.262538   1.41434
 0.769934  0.361648 -0.282166   1.40736
 0.779574  0.366782 -0.277142   1.42857
 0.799584  0.367779 -0.245131   1.46074
 0.783977  0.377881 -0.257146   1.43623
 0.793551  0.358831 -0.264257   1.44995
 0.790618  0.363433 -0.251971   1.44136
 0.922128  0.235401 -0.246335   1.68542
 0.800046  0.427018 -0.106491   1.45909
 0.793436  0.421806 -0.136873   1.44705
 0.814017  0.405596 -0.126714   1.48097
 0.804913  0.426559 -0.128706   1.47324
  0.78945  0.413468 -0.166265    1.4401
0.786104 0.403381 -0.19272  1.43407
 0.806242  0.389393 -0.179599   1.46689
 0.796831  0.409142 -0.185753   1.45861
 0.826432  0.386647 -0.143617   1.50302
 0.827359  0.373726 -0.158056    1.5023
 0.800792  0.418732 -0.158586   1.46594
 0.813187  0.395917 -0.171074    1.4834
 0.818908  0.403298 -0.146779    1.4945
 0.809343  0.399127 -0.156062   1.47308
 0.956978  0.203361 -0.163974   1.74042
 0.822719  0.420689 0.0215149   1.49707
   0.817051    0.425719 -0.00878443     1.48726
   0.836856    0.405967 -0.00407517     1.52001
    0.827969     0.427311 -3.82628e-06      1.51231
 0.811941  0.428182 -0.040375   1.47869
 0.806358  0.428205 -0.072687    1.4692
  0.828733   0.407598 -0.0633611    1.50607
  0.818259   0.430734 -0.0638287    1.49605
  0.851304   0.387751 -0.0218918    1.54448
 0.853965  0.378256 -0.043214   1.54782
  0.823405   0.430188 -0.0316106    1.50475
  0.836585   0.411089 -0.0523199    1.52447
  0.841302   0.410707 -0.0235128    1.53309
  0.832656   0.408919 -0.0343492    1.51322
   0.97665   0.147408 -0.0264268    1.76114
0.843085 0.384272 0.120285  1.53249
0.838187 0.394756 0.100397  1.52384
0.851365 0.381034 0.100427  1.54579
0.845294 0.393972  0.10659   1.5403
 0.833219  0.404766 0.0772525   1.51523
 0.828002  0.412694 0.0514002   1.50574
 0.845023  0.394827 0.0551143    1.5341
 0.837167   0.41349 0.0599572   1.52725
0.860529 0.376339 0.083779  1.56202
0.861919 0.375404 0.064761  1.56356
 0.841466   0.40437 0.0844582   1.53431
 0.850517  0.395763 0.0659205   1.54762
 0.854171  0.388956 0.0871144   1.55453
 0.847896   0.38968 0.0782437   1.53982
 0.96483 0.121932 0.102664   1.7326
 0.96647 0.114029 0.141637  1.73968
0.869742 0.344051 0.156046  1.57842
0.871141 0.345091 0.141641  1.57987
0.861586 0.345074 0.168706   1.5638
0.853923 0.344935 0.183316  1.55108
 0.85189 0.353794 0.169747  1.54731
0.856484 0.352917 0.174246  1.55834
0.858246  0.36101 0.137892   1.5576
0.849754 0.363176 0.154799  1.54364
0.846869 0.372865 0.138567   1.5386
0.852469 0.371828 0.143583  1.55173
0.864101 0.352166 0.159488  1.57084
 0.85483 0.362137 0.159409  1.55563
0.861865 0.360229 0.145014  1.56658
0.859774 0.353778 0.153515  1.56062
0.930352 0.126462 0.269605  1.68184
 0.89111 0.343007 0.133042  1.62277
0.873152 0.314088 0.208279  1.58501
0.874329 0.316523 0.197404  1.58625
0.866263 0.312852 0.218143  1.57291
0.859644 0.309718 0.229128  1.56165
0.858345 0.318255  0.21923  1.55918
0.861872 0.317146 0.222701  1.56775
0.864555 0.327706 0.195409  1.56924
0.856958 0.327107 0.208284  1.55663
0.855431 0.335514 0.196367  1.55361
0.859501 0.334596  0.20062  1.56354
0.868328 0.319435 0.211766  1.57856
0.860809 0.325975 0.211975  1.56592
0.867028 0.326515 0.201348  1.57568
0.865149 0.321206 0.206917  1.57087
0.929343 0.142592 0.278286  1.68019
0.933751 0.123301 0.247295  1.68602
 0.91749 0.133987 0.306311  1.66318
0.890553 0.313341 0.195087  1.61986
0.879367 0.225896  0.30635  1.59913
0.880162 0.229844 0.299845  1.59986
 0.87342 0.222232  0.31209  1.58903
0.866524 0.214094 0.314778  1.57607
0.865718  0.22263 0.309925  1.57449
0.868511 0.220954  0.31205  1.58127
0.872205 0.237425 0.299843  1.58625
0.865175 0.231009 0.304461  1.57342
0.864643 0.239002 0.298526  1.57224
0.867397 0.237478 0.301053  1.57904
0.875056 0.228003 0.309218  1.59333
0.867961 0.229397 0.306716  1.58021
0.873968 0.235204 0.303745  1.59081
0.872424 0.230587 0.306103  1.58709
0.904179 0.122214 0.331691  1.64386
0.910707 0.126928 0.317293  1.65395
0.903571 0.127546 0.328546   1.6414
0.895811 0.121356 0.343586  1.62958
0.887667 0.126875 0.355519  1.61789
0.891487 0.132081 0.344272  1.62119
 0.89091 0.125396 0.343708   1.6188
0.879517  0.13305 0.354006  1.60292
0.871569 0.137058 0.340073  1.58457
 0.87979 0.145743 0.347178  1.60268
0.876585 0.139678 0.348093  1.59503
 0.88644 0.151234 0.345623  1.61475
0.891705 0.144955 0.340052  1.62173
 0.89042 0.147533 0.337805  1.61838
0.884072 0.132964 0.351466  1.60893
0.883933 0.145266 0.346612  1.60838
0.889498 0.138044 0.340002  1.61584
0.886381 0.140138 0.350612  1.61471
0.918207 0.155997 0.314497  1.66635
0.897772 0.124779 0.339105  1.63213
0.894949 0.130304 0.337403  1.62567
 0.89926 0.135608 0.326165  1.63167
0.895257 0.143316 0.338212  1.62874
0.913952 0.130843 0.312963  1.65687
 0.799151  0.212573 -0.450053     1.487
 0.799592  0.207699 -0.454927    1.4877
0.806712 0.210046 -0.44918  1.50025
0.801451 0.209994 -0.45134  1.49024
 0.798419  0.205376 -0.458364   1.48565
0.794627 0.199074 -0.45222  1.47444
 0.801806  0.198184 -0.449909   1.48783
 0.797775  0.199549 -0.451683   1.48051
 0.816159  0.205825 -0.446989   1.51713
0.811838 0.196629 -0.44639  1.50644
 0.832532  0.196244 -0.436786   1.54538
 0.817507  0.197975 -0.443851   1.51673
 0.800678  0.205815 -0.456535   1.48943
 0.805616  0.198631 -0.449281   1.49508
  0.80842  0.206676 -0.450352   1.50257
 0.805496  0.204666 -0.454606   1.49826
 0.742441  0.192418 -0.448752   1.37128
 0.969171 0.0766622  0.128171   1.74223
 0.971148  0.124622 0.0963141   1.74806
  0.97161 0.0965806 0.0820962   1.74567
 0.974891 0.0315186  0.102897   1.75294
 0.976585 0.0660344 0.0826391   1.75698
 0.976872 -0.015216 0.0633804   1.75996
 0.977367 0.0567528 0.0710399   1.75863
 0.973066 0.0951669 0.0873959   1.74992
 0.973872 0.0811182  0.120735   1.75339
0.930131 0.137054 0.260307  1.68033
 0.760179  0.153001 -0.458407   1.40203
 0.760268  0.152477 -0.458833   1.40239
 0.760157  0.153212 -0.459022   1.40216
 0.760245  0.152662 -0.459383   1.40261
 0.760186  0.152894 -0.459598   1.40262
 0.760308  0.152532 -0.459162   1.40263
0.760069 0.152475  -0.4592  1.40214
 0.760054  0.151214 -0.455104   1.39969
 0.760436  0.150058 -0.452699   1.39918
 0.742357  0.137068 -0.453831    1.3614
 0.745514  0.134368 -0.452888   1.36693
 0.760732  0.156495 -0.456722   1.40255
 0.761635  0.150324 -0.453549   1.40184
  0.76448  0.150358 -0.459591   1.40986
0.759808 0.149912 -0.45494  1.39891
 0.756316  0.126189 -0.444915   1.38325
 0.760987  0.126052 -0.443239   1.39214
 0.759913  0.151159 -0.457387   1.40045
 0.760087   0.14841 -0.452798   1.39825
0.766525 0.147918 -0.45901   1.4132
0.747213 0.133994  -0.4523  1.36999
 0.767272  0.144413 -0.452315   1.41108
0.760241 0.153861 -0.45928  1.40278
 0.760086  0.154047 -0.459471   1.40255
0.759614 0.154122  -0.4584  1.40085
 0.759937  0.153908 -0.459687   1.40231
 0.761625  0.156554 -0.456587   1.40417
 0.759923   0.15687 -0.457069   1.40114
 0.759851  0.153283 -0.459741   1.40204
 0.759826    0.1515 -0.457513   1.40033
 0.759902  0.152937 -0.459594   1.40203
 0.75999 0.152678 -0.45913  1.40163
 0.760085  0.152958 -0.459051   1.40197
 0.762861  0.147832 -0.463166   1.40772
 0.760137  0.152745 -0.458435   1.40191
 0.758956  0.152603 -0.458389   1.39951
  0.76018  0.152626 -0.458399     1.402
 0.759891  0.152342 -0.458599   1.40147
 0.759638  0.152591 -0.458895   1.40112
 0.760373  0.152519 -0.458951   1.40267
 0.760363  0.152695 -0.458695   1.40256
 0.759632  0.152299 -0.458643   1.40095
 0.774857  0.162342 -0.425114   1.41886
 0.734186  0.156811 -0.457443   1.35082
 0.735992  0.153964 -0.456984   1.35367
0.740061 0.141291 -0.45548   1.3584
  0.74245  0.149234 -0.464585   1.36878
 0.759941  0.149468 -0.454772   1.39911
 0.736113  0.159995 -0.458295   1.35599
 0.763584    0.1586 -0.457837   1.40876
 0.759524  0.153251 -0.459367   1.40116
 0.762155  0.158567 -0.458556   1.40634
 0.759564  0.153696 -0.459629   1.40142
 0.759636  0.154007 -0.459667   1.40162
 0.757228  0.162159 -0.452582   1.39528
 0.759622  0.154228 -0.454392   1.39907
 0.759201  0.153429 -0.454907   1.39836
 0.758721   0.15371 -0.455886   1.39792
 0.759264  0.153311 -0.459346   1.40062
 0.759437  0.153751 -0.456368    1.3995
 0.759749  0.154247 -0.459507    1.4018
 0.759845  0.154208 -0.459302   1.40183
 0.759054  0.154649 -0.454627   1.39811
0.759938 0.154176 -0.45944  1.40214
 0.759403  0.154245 -0.458874   1.40071
 0.966322  0.158323 0.0943614   1.73952
0.967713 0.151058 0.106769  1.74292
  0.88503  0.365453 0.0657468   1.61159
0.904814 0.280662 0.216537  1.64294
 0.968808  0.163102 0.0828069   1.74511
 0.974459  0.159865 0.0291235   1.75654
  0.974382   0.155104 0.00234761    1.75556
  0.976951   0.152457 0.00135704    1.76197
  0.97747  0.154246 -0.016473   1.76399
  0.975605   0.159095 -0.0593748    1.76213
 0.965539  0.176982 0.0429826   1.73606
 0.969245  0.177801 0.0377605   1.74551
  0.977262   0.142607 -0.0611783    1.76418
  0.85746  0.351857 -0.182874   1.56772
   0.971952    0.170415 -0.00853599     1.75134
 0.968779  0.173672 0.0123248   1.74342
 0.960599  0.159946 -0.157602   1.73917
 0.967168  0.175244 -0.139285    1.7549
  0.94882   0.18567 -0.199549   1.72471
  0.83566  0.326512 -0.268544   1.53435
  0.859219   0.367634 -0.0860679    1.55923
 0.851883   0.34989 -0.117002   1.53988
 0.932131  0.203818 -0.240165   1.69943
 0.912466  0.220372 -0.278658   1.66899
 0.805276  0.304259 -0.332772   1.48282
 0.926587  0.260987 -0.188962   1.68791
 0.891786   0.23623 -0.309618   1.63599
 0.785677  0.278361 -0.376578    1.4504
 0.90419 0.276056 -0.23441  1.65225
  0.83775  0.246052 -0.383967   1.54688
 0.850069  0.250877 -0.372378   1.57057
 0.850874  0.281183 -0.325626   1.56502
 0.818835  0.241555 -0.406755   1.51489
 0.829448  0.247555 -0.398476    1.5359
 0.808806    0.2363 -0.427674   1.50288
 0.805799   0.24424 -0.413329   1.49273
 0.814141  0.239004 -0.423212   1.51287
0.912005 0.136151 0.217629  1.64284
 0.901873 0.0825524  0.204802   1.61686
0.913161  0.13828 0.216113  1.64457
0.916504 0.201369 0.288202  1.65546
0.925849  0.20545  0.26484  1.67276
0.905179 0.163135 0.314175  1.63226
0.910966 0.176106  0.30387  1.64452
 0.92451 0.162864 0.272091  1.67009
0.920553 0.190473 0.274765  1.66207
0.925877 0.163204 0.281208  1.67452
0.927125 0.159941 0.284826  1.67741
 0.92845  0.15327 0.283772  1.67911
0.890304 0.260441 0.270786   1.6204
0.923689 0.163839 0.278466  1.66864
0.929317 0.132968 0.261604  1.67771
0.929178 0.161541 0.296129  1.68363
 0.949516 0.0528506  0.230718   1.71399
 0.946077 0.0566874  0.247096   1.70993
 0.937983 0.0803176  0.250249   1.69284
  0.94701 0.0832527  0.232859   1.71007
 0.944169 0.0714675  0.234002   1.70256
0.924119  0.16348 0.278942  1.66988
0.925737 0.158884 0.276557  1.67272
0.932248 0.115365 0.248584  1.68157
0.907824 0.304438 0.138234  1.64373
0.934082 0.104054 0.261284  1.68839
0.935772 0.176565 0.196136  1.69264
 0.93492  0.17257 0.200056  1.68968
0.925266 0.150982 0.213216  1.67748
0.934728 0.179978 0.212648  1.69088
0.930086 0.165503  0.28968  1.68642
0.930374 0.165901 0.281626  1.68824
0.930959 0.189692 0.237656  1.68301
0.921657 0.162399 0.270519  1.66265
0.927201 0.192534 0.253451  1.67509
0.918283 0.155339 0.255828   1.6546
0.910234  0.13073 0.217712  1.63589
0.929558 0.140195 0.242924  1.67749
0.908102 0.127423 0.218349  1.63358
0.928252 0.158301 0.265892  1.68372
0.907487 0.118784 0.225029  1.63201
0.913768 0.150153 0.280935  1.64518
 0.92151 0.186437 0.266454  1.66624
 0.891406 0.0355756  0.246431   1.59227
0.903213  0.11881 0.212701  1.62137
0.916163 0.162798  0.28127    1.654
0.895488 0.202581 0.311446  1.62839
0.893642 0.163683 0.328576  1.62404
0.893579 0.179113 0.321006  1.62437
0.892523 0.232156 0.295136  1.62446
0.923659  0.14853 0.306333   1.6746
0.922449 0.165011 0.276476  1.66541
0.897404 0.248063 0.261982  1.62699
 0.92975 0.163265 0.294975  1.68602
0.933246 0.183576 0.231345   1.6894
0.935732 0.178699 0.223491  1.69249
0.924736 0.164263 0.308793  1.67761
0.928275 0.156021 0.259902  1.68261
0.924854 0.145649 0.230357  1.67611
0.925203 0.148456  0.22514  1.67992
0.931131  0.18007 0.235245  1.68434
0.924701 0.148714 0.224396  1.67563
0.938855 0.169307 0.218376  1.69189
0.932751 0.158458 0.214839  1.68406
0.928837  0.15776 0.259265    1.685
0.937304  0.16362 0.218841  1.68838
0.931931 0.159899 0.218527  1.68573
0.753524 0.129452 -0.44774  1.37951
 0.762659  0.148977 -0.460218   1.40614
  0.76115  0.148497 -0.454798   1.40107
 0.763597  0.138147 -0.454351   1.40375
0.742784 0.139671  -0.4552  1.36358
 0.766581  0.164222 -0.441365    1.4094
 0.759302  0.150567 -0.457648    1.3992
 0.740227  0.145182 -0.457116   1.36045
 0.769975  0.167139 -0.427462   1.41074
 0.760638   0.16389 -0.447883   1.40029
  0.77421   0.19085 -0.449722   1.43119
 0.745254  0.142402 -0.462253   1.37204
 0.733433   0.16575 -0.456624   1.35081
 0.734591  0.162668 -0.456408   1.35238
 0.747791  0.187306 -0.457257   1.38381
 0.741907  0.167868 -0.464619   1.37157
0.734382 0.176066 -0.45403  1.35365
0.734871 0.172691 -0.45409  1.35391
  0.74388  0.176976 -0.462078   1.37614
 0.736939  0.188109 -0.449446   1.35919
 0.736784  0.184247 -0.449798   1.35814
0.767917 0.224953 -0.42416  1.41644
 0.759294  0.198078 -0.457091    1.4084
0.791199 0.212994 -0.45081  1.47188
 0.781928  0.205861 -0.458683   1.45498
 0.784794   0.21145 -0.449719   1.45785
 0.750105  0.222457 -0.432418    1.3858
 0.748764  0.216824 -0.433522   1.38205
 0.761635  0.210385 -0.441267   1.40816
 0.758791  0.246238 -0.412487   1.40037
 0.757846  0.237948 -0.415423   1.39745
 0.772221  0.252169 -0.407262   1.42797
 0.769912  0.273117 -0.383873    1.4182
 0.767971  0.262927 -0.388885   1.41322
 0.796879  0.256611 -0.394916   1.47249
 0.786082  0.301551 -0.343222   1.44415
 0.781187  0.290016 -0.351339   1.43308
 0.809578  0.329147 -0.284608    1.4823
 0.800834  0.316966 -0.296725   1.46282
0.878409   0.2859 -0.27931  1.61154
 0.867703  0.272321 -0.317782    1.5972
 0.836005  0.355768 -0.196037   1.52328
 0.831354  0.339006 -0.214261   1.51104
 0.957472  0.218638 -0.104373   1.73452
 0.908511  0.300575 -0.143837   1.64951
  0.971435   0.166692 -0.0595804    1.75252
 0.937006  0.223377 -0.183843   1.70104
0.874064 0.362038 0.045661  1.58382
   0.877439    0.363149 -0.00509207     1.59322
0.879228 0.346519 0.121461  1.59505
 0.880224  0.347901 0.0897328    1.5951
0.961779 0.163788  0.12749  1.73108
 0.958291    0.2124 0.0623732   1.72471
 0.966202  0.180239 0.0680063   1.73932
0.884095 0.314765 0.183272  1.60316
0.886911 0.318163  0.15803  1.60682
0.899764 0.287981 0.181427  1.62671
0.884104  0.28906 0.229365  1.60447
0.886598 0.296492 0.207504  1.60789
0.884437 0.264059 0.264003  1.60627
0.885896 0.270874 0.248325  1.60753
0.928555 0.148718 0.272183  1.67803
0.886349 0.236568 0.290876  1.61041
0.887001 0.243658 0.278439  1.61013
0.890198 0.206245 0.311875  1.61789
0.889308 0.213976 0.301596  1.61435
0.900392 0.158663 0.328567  1.63873
0.927237 0.151347 0.269438  1.67463
 0.784575  0.236514 -0.417304   1.45153
 0.796066  0.218029 -0.443642   1.47928
 0.801022  0.222593 -0.439137   1.48864
0.802571 0.227041 -0.43387  1.49051
0.805436 0.230393 -0.43067   1.4959
 0.794967  0.227445 -0.429448   1.47336
 0.800524  0.224961 -0.434339   1.48577
 0.773421  0.216867 -0.435501   1.43139
 0.791584  0.201077 -0.457667   1.47076
0.781486 0.196234 -0.44701  1.44635
 0.78995 0.200775 -0.45927  1.46829
 0.959766 0.0639383  0.159391   1.72419
 0.956126 0.0493208  0.193877   1.72047
 0.951313 0.0326048  0.192609   1.70781
 0.951013 0.0688352   0.19962   1.70962
   0.9551 0.0702674   0.18791   1.71763
0.925913 0.155642 0.267256  1.67249
 0.94693 0.105948 0.200657  1.70255
0.965103  0.13732 0.116573  1.73514
 0.760041  0.152655 -0.458455   1.40167
 0.760044  0.152389 -0.458443    1.4017
  0.75979  0.152266 -0.458523   1.40119
 0.760024  0.152814 -0.459289    1.4019
     0.76  0.152444 -0.459299   1.40169
 0.759557  0.152887 -0.459113   1.40108
 0.762487  0.160979 -0.456989   1.40674
 0.759748  0.152351 -0.458577   1.40106
 0.749167  0.137715 -0.459541   1.37771
 0.759818  0.152626 -0.459368   1.40148
 0.760249  0.147824 -0.453024   1.39867
 0.754664  0.134719 -0.456667   1.38694
 0.758195  0.153138 -0.457806   1.39777
 0.761336  0.147687 -0.456508   1.40211
 0.763273  0.145334 -0.460223   1.40658
 0.756754  0.146208 -0.455663   1.39265
 0.758594  0.134939 -0.456999   1.39476
 0.770082  0.137263 -0.443713   1.41205
0.762791 0.136072 -0.45544  1.40287
 0.759089  0.147062 -0.453494   1.39636
 0.759904   0.15413 -0.459625   1.40217
 0.759603  0.154065 -0.459555   1.40149
 0.759059  0.153909 -0.457809   1.39949
 0.759364  0.153806 -0.459548   1.40098
 0.761145  0.159296 -0.458998   1.40464
 0.758647  0.153044 -0.458315   1.39887
 0.759288  0.152938 -0.459105   1.40052
 0.759623  0.152113 -0.459452   1.40093
 0.76028 0.158927 -0.45959  1.40326
 0.759351  0.152625 -0.458907   1.40053
 0.759002  0.151686 -0.459972   1.39984
 0.759473  0.152406 -0.458757   1.40069
 0.759374  0.152268 -0.458513   1.40035
 0.759758  0.152405 -0.458726   1.40127
  0.76001  0.152482 -0.458457   1.40165
 0.758797  0.152516 -0.458446   1.39919
 0.759918  0.152437 -0.458492   1.40139
 0.759577  0.152211 -0.458501   1.40071
 0.766056  0.165311 -0.435272   1.40618
 0.741831  0.159772 -0.465543   1.37024
 0.748013  0.150805 -0.472843   1.38353
 0.763777  0.163066 -0.446552   1.40596
 0.762267  0.161672 -0.454422    1.4057
 0.759111  0.148729 -0.455125   1.39743
 0.761169   0.16046 -0.458825   1.40495
 0.758857  0.153229 -0.458466   1.39937
 0.759028  0.153696 -0.458719   1.39987
 0.760184  0.162308 -0.455285   1.40198
 0.759411  0.156586 -0.457285   1.40029
 0.758787  0.154436 -0.455254   1.39789
 0.758987  0.153866 -0.458514    1.3997
 0.759731  0.160797 -0.459411   1.40236
 0.758825  0.153866 -0.455057   1.39775
 0.759036  0.154027 -0.457177   1.39914
 0.759511   0.15417 -0.459128   1.40107
 0.758188  0.154259 -0.456074   1.39707
  0.75934  0.154139 -0.459223   1.40076
 0.758789  0.154027 -0.457915   1.39901
 0.964247  0.177435 0.0967461     1.736
 0.904934  0.324378 0.0907586   1.64016
0.904214 0.332092 0.032425  1.63808
0.898476 0.306061  0.12204  1.62118
  0.972149   0.175251 0.00540537    1.75251
 0.894975  0.320352 0.0557952   1.61333
  0.973757   0.178387 -0.0271922    1.75816
  0.966822   0.203176 -0.0131207    1.74444
  0.968322   0.204796 -0.0533583    1.75223
 0.961365  0.211064 0.0207039   1.73148
0.965262  0.19042 -0.10316  1.74756
0.953268 0.201986 -0.14152  1.72654
 0.890483  0.341048 -0.144825   1.62751
 0.944274  0.258879 -0.094139   1.71145
0.878494 0.322341 -0.21408  1.60688
  0.955516   0.234027 -0.0531729    1.72715
 0.916976  0.242316 -0.227498   1.67001
 0.893161   0.25852 -0.272039   1.63328
 0.842757  0.312396 -0.269774   1.54008
  0.89697  0.281897 -0.210349   1.63112
0.812574 0.291468  -0.3274  1.48799
 0.861257  0.302688 -0.260109   1.57505
0.832734 0.249858 -0.38625  1.53805
 0.812777  0.245979 -0.407237   1.50521
0.836405 0.295997 -0.31419  1.53761
 0.844944  0.269612 -0.356194   1.56129
0.908622 0.128135 0.219983  1.63241
0.904972 0.100042 0.240537  1.62147
 0.91552 0.153803 0.274616  1.64966
 0.91659 0.153595 0.258127  1.65148
0.920096 0.162809 0.269392  1.65916
0.926529 0.189811 0.252314  1.67695
0.927269 0.165937 0.302534  1.68134
0.913722  0.15232 0.265163  1.64521
0.923061 0.180853 0.258545  1.67002
0.925317 0.161868 0.281226  1.67295
0.904522 0.241038 0.278423  1.64586
0.922017 0.164321 0.276251  1.66425
0.928618 0.140627 0.256912   1.6762
0.931073 0.174922 0.252898   1.6846
0.903269 0.262659 0.250296  1.64182
  0.9239 0.163633  0.27845  1.66946
0.931573 0.128447 0.242788  1.68028
0.937542 0.114045 0.227215  1.68882
0.941294 0.112094 0.224182   1.6968
0.927202 0.154205 0.268571  1.67547
0.937146 0.171891 0.216401  1.69402
0.936353 0.170379 0.220477  1.69006
 0.93047 0.156758 0.223321  1.68485
0.934536 0.176433 0.227307  1.68842
0.929971 0.168594 0.295141  1.68708
0.930769 0.176081 0.248296   1.6828
0.927415 0.181971  0.24536  1.67837
0.919358 0.161929 0.269697  1.65732
0.915881 0.154902 0.260164  1.64914
0.924425 0.161312 0.274121  1.67019
0.921378 0.165065 0.274243  1.66274
0.918346 0.174387  0.27367  1.66014
0.920862 0.164843   0.2748  1.66141
 0.91606 0.170256 0.279264  1.65298
0.908013 0.115214  0.22915  1.62997
0.922967 0.173228  0.26385  1.66949
0.906317 0.121804 0.223043  1.62492
0.914867 0.155668 0.268025  1.64793
 0.90552 0.155967  0.31435  1.64167
0.897611 0.184417 0.319833  1.63205
0.912588  0.14925 0.315326  1.65747
0.907931 0.171415 0.317087  1.64893
0.921323 0.157496 0.306381  1.67043
 0.92559 0.160067 0.275821  1.67294
0.928804 0.167286 0.300084  1.68484
 0.93235 0.178908  0.24456  1.68713
0.929878 0.164682 0.285781  1.68699
0.935287 0.175011 0.238509  1.69095
0.928559 0.156428 0.263222  1.68416
0.925643 0.146409 0.236113  1.67894
0.936205 0.168554 0.232941  1.68985
0.928788 0.174647   0.2999  1.68564
0.925709  0.14911 0.230503  1.67916
 0.92588 0.152264 0.218934  1.68048
0.937436 0.166825 0.226099  1.69007
0.925822 0.150183 0.232417  1.68126
0.936916 0.171268 0.227198  1.69037
0.935754 0.167884 0.234206  1.68922
 0.752795  0.137316 -0.457859   1.38419
 0.759251  0.146514 -0.459536   1.39905
 0.759161  0.142699 -0.463416   1.39947
 0.748605   0.14146 -0.461211   1.37816
 0.759332  0.161263 -0.457758   1.40129
 0.745783  0.147364 -0.464407   1.37514
 0.758948  0.148319 -0.455182   1.39717
 0.743251  0.152863 -0.465323   1.37159
 0.739968  0.155294 -0.464879   1.36513
  0.76427  0.190123 -0.467776    1.4204
 0.738733  0.162892 -0.464382   1.36389
 0.752159  0.188967 -0.464875   1.39558
 0.747302  0.160374 -0.474891   1.38506
 0.739232   0.17172 -0.462485   1.36569
 0.749568  0.175523 -0.473103   1.39174
 0.741528   0.18171 -0.458366   1.37027
 0.753425  0.184335 -0.469522   1.39946
0.745718 0.193054 -0.45177   1.3778
0.753754 0.199462 -0.45009  1.39497
 0.754889  0.206407 -0.442524   1.39468
 0.792947  0.269065 -0.369808   1.45643
  0.8245 0.260594 -0.38552  1.52628
0.871423 0.322873 -0.17376  1.58205
 0.923109  0.264045 -0.169911   1.67669
  0.892643    0.33885 -0.0887479    1.62188
 0.939062  0.245004 -0.130202   1.70052
  0.907061   0.322165 -0.0858845    1.64755
  0.896423   0.328487 -0.0171233    1.61997
 0.922135  0.307547 0.0605754   1.66958
 0.962671  0.213663 0.0553112   1.73578
0.949913 0.135098 0.188958  1.70778
 0.935796  0.281855 0.0543072   1.69194
0.945013 0.186291 0.202978  1.70344
0.909168 0.289428 0.172717  1.64657
 0.91965 0.257913 0.226279  1.66827
0.919527  0.26412 0.197526  1.66369
0.928667 0.278955 0.128044  1.67873
 0.89732 0.268593 0.228251  1.62455
0.928698 0.146129 0.256074  1.67756
0.952528 0.200974  0.16822  1.71838
0.904185 0.180785 0.311563  1.64013
 0.91735 0.204392 0.301999  1.66672
0.900012 0.224454 0.288668  1.63389
0.903284 0.201766 0.305971  1.64133
 0.793122  0.217874 -0.444483    1.4739
 0.780594  0.213889 -0.438853   1.44421
0.785755 0.222604 -0.43665  1.45634
0.769322 0.201233 -0.45398  1.42828
  0.77214  0.199638 -0.463626   1.43609
 0.773943   0.18572 -0.451978   1.43211
0.955067  0.10258 0.163753  1.71563
 0.952779 0.0980968  0.201978   1.71632
0.931611 0.138926 0.242222  1.68193
0.959653 0.106339 0.155362  1.72392
 0.92918 0.148903 0.242577  1.67816
0.960025 0.165594 0.112973  1.72495
0.937027 0.263387 0.123079  1.69269
 0.759681  0.152457 -0.459775   1.40134
 0.759018  0.152335 -0.458547   1.39964
  0.75953  0.151859 -0.459757   1.40085
 0.758861  0.152906 -0.458381   1.39933
 0.759218  0.150214 -0.457594   1.39904
 0.754455  0.150201 -0.472064   1.39544
0.754129 0.145013 -0.46902  1.39289
 0.758576  0.156526 -0.457623   1.39873
 0.758117  0.149585 -0.457807   1.39689
 0.758793  0.146539 -0.454183   1.39609
 0.759764  0.147224 -0.457089   1.39907
 0.760447  0.147382 -0.464005   1.40308
 0.759584   0.14649 -0.467491   1.40284
  0.76325  0.143793 -0.461947   1.40736
  0.75872  0.141226 -0.465106   1.39965
 0.757965  0.148016 -0.455601   1.39529
 0.758686  0.153295 -0.458417   1.39899
 0.758404  0.156146 -0.457783   1.39852
 0.759196   0.15894 -0.460029   1.40126
 0.757914  0.159786 -0.461149   1.39942
0.758657 0.152755 -0.45835  1.39889
 0.759354  0.152394 -0.459901   1.40072
 0.759274  0.152122 -0.458959   1.40021
 0.759122  0.160078 -0.460692   1.40172
 0.756419  0.158506 -0.461672   1.39676
 0.759136  0.152387 -0.458457   1.39988
 0.759285  0.152227 -0.458552   1.40013
 0.758073  0.152933 -0.458635   1.39785
 0.747336  0.167287 -0.474714   1.38641
 0.761122  0.165948 -0.437374   1.39704
 0.744721  0.162889 -0.474267   1.37992
0.759514  0.16236 -0.45167  1.39958
 0.758451  0.149834 -0.457925   1.39755
  0.75197  0.150843 -0.473147   1.39106
 0.758222  0.153312 -0.457516   1.39766
 0.756331  0.161281 -0.447668   1.39146
 0.756836  0.149391 -0.457919   1.39446
 0.758811  0.158415 -0.460366   1.40071
 0.758373    0.1534 -0.457388   1.39791
 0.757697  0.153664 -0.457587   1.39674
 0.758213  0.154552 -0.455482   1.39684
 0.758805  0.153865 -0.458574   1.39935
 0.75779 0.155439 -0.45802  1.39733
 0.758343  0.153904 -0.456034   1.39726
 0.95665 0.211919 0.129324  1.72552
 0.959838   0.21506 0.0895013   1.73057
   0.957437    0.242006 -0.00830499     1.73086
  0.91691  0.297215 0.0789143   1.65517
   0.964532    0.220043 -0.00619535     1.74287
  0.951851   0.240794 -0.0512203    1.71975
  0.963751   0.215451 -0.0521242    1.74282
  0.953453   0.221316 -0.0943011    1.72354
 0.941945  0.257489 -0.078943   1.70383
  0.950737   0.244796 -0.0140311    1.71578
 0.923063  0.301482 -0.130715   1.68209
  0.938633   0.281013 -0.0470107    1.69993
 0.930547  0.280246 -0.131437   1.69173
 0.908262  0.302388 -0.175319   1.65567
0.917797 0.161592   0.2695  1.65415
0.919712 0.167833 0.269437  1.66221
0.928843 0.180609 0.251456  1.68162
0.917504 0.162512 0.269931  1.65553
0.922877 0.164559 0.276812   1.6668
0.926741 0.174992 0.303071  1.68141
0.925995 0.158432 0.266417  1.67368
 0.92874 0.158736 0.262784  1.68543
0.927197 0.147632 0.255439   1.6741
0.923861  0.16334 0.272042  1.66941
0.917571  0.24321 0.258217  1.66613
0.923333 0.165195 0.276141  1.66803
0.934137 0.134878  0.23048  1.68412
0.914641 0.194239 0.304748  1.65919
0.913397 0.247032 0.239371  1.65351
 0.92589 0.153045 0.255171  1.67263
0.933787 0.173506 0.241656  1.68691
0.925686 0.148334 0.241768   1.6795
 0.93014 0.168999 0.285529  1.68826
0.929771 0.171756  0.25633  1.68134
0.926952 0.176158 0.255827   1.6768
0.918461 0.162546 0.269192  1.65608
 0.92488  0.17902 0.259349  1.67406
0.920843 0.172329 0.266777  1.66479
0.917518 0.161824  0.26927  1.65439
0.928319 0.160915 0.265511  1.68447
 0.91729 0.162084 0.269658  1.65521
0.922659  0.16566 0.274756  1.66621
0.915535  0.17114 0.311624  1.66182
  0.9191 0.188712 0.310211  1.67013
0.923637 0.175268 0.308098  1.67654
 0.92469 0.162682 0.273309  1.67139
0.925888 0.156957 0.254466  1.67385
0.929208 0.169065 0.288376  1.68567
0.932515 0.172096 0.245005  1.68712
0.924266 0.185992 0.301696  1.67683
0.930615 0.162919 0.237935  1.68464
0.926158 0.154121 0.247094  1.67388
0.926096 0.150441  0.23651  1.68069
0.931734 0.165705 0.235405  1.68662
0.925685   0.1527 0.233264  1.68089
0.926235 0.153459 0.226852  1.68175
 0.754713  0.141492 -0.466385   1.39211
 0.756381  0.146708 -0.462589   1.39469
  0.75075  0.145457 -0.470422   1.38684
 0.750819  0.149583 -0.472279   1.38871
 0.757555   0.14649 -0.454697   1.39379
  0.74867  0.154494 -0.474061   1.38623
  0.74582  0.156394 -0.474086   1.38079
 0.757658  0.174737 -0.457609   1.39981
  0.74516  0.170499 -0.473267   1.38176
 0.756647  0.148023 -0.456203   1.39301
 0.747848    0.1796 -0.470566   1.38755
 0.756702   0.16334 -0.444053   1.39077
 0.764581  0.181565 -0.455254   1.41337
 0.758445   0.17154 -0.458182    1.4017
 0.763825  0.194093 -0.466165   1.41889
 0.755632  0.171049 -0.460252   1.39666
  0.922316   0.304687 -0.0903672    1.67497
   0.91062   0.324439 -0.0319065    1.65088
  0.929433   0.301469 -0.0856356    1.68941
  0.91687  0.303189 0.0240995    1.6549
 0.935492  0.279237 0.0932253   1.69229
 0.941351  0.286652 0.0422707   1.70579
 0.925052  0.298707 0.0993303   1.67622
0.922422 0.287334 0.127264  1.66891
0.945476 0.136137   0.2053  1.70297
0.918402  0.27335 0.163637  1.65805
0.913129 0.263293 0.203277  1.64988
0.941268 0.132964 0.216512  1.69485
0.912998 0.230773 0.267905  1.65477
 0.93365 0.261202  0.15586  1.68737
0.905228 0.217656 0.301069  1.64771
0.908654 0.196553 0.309804  1.65288
0.927109 0.152643 0.254733  1.67517
0.936381 0.152273  0.22809  1.68822
 0.763719  0.178575 -0.455448   1.41205
 0.757059  0.184042 -0.470131   1.40545
  0.77367  0.202933 -0.461158   1.43831
 0.759204  0.193771 -0.463078   1.41025
0.937153 0.134416  0.22692  1.69022
0.955168  0.14633  0.16452  1.71825
0.955383 0.148829 0.150821   1.7158
0.928592 0.155838 0.242495   1.6776
0.953941 0.210235 0.100208  1.71581
0.943842 0.253515 0.124862  1.70478
0.927891 0.251095  0.19289  1.67697
 0.93641 0.176374 0.232099  1.68908
 0.759551  0.152221 -0.458654   1.40067
0.759224 0.152199   -0.459  1.40014
 0.759129  0.152247 -0.460408   1.40047
 0.758351  0.152644 -0.459006   1.39849
 0.758793  0.152414 -0.459024   1.39938
 0.758783  0.151459 -0.460357   1.39958
 0.757683  0.161064 -0.458389   1.39818
 0.758479  0.152625 -0.458705   1.39868
 0.758223  0.151493 -0.460586   1.39855
 0.757484  0.147745 -0.455836    1.3945
 0.757451  0.147196 -0.468288   1.39902
 0.748848  0.160466 -0.474499   1.38724
 0.752194  0.153829 -0.474063   1.39261
0.757708 0.147082 -0.46016  1.39631
 0.758083  0.153426 -0.457645   1.39749
 0.757813  0.157396 -0.460829   1.39885
 0.757994  0.153228 -0.458109   1.39751
 0.757881  0.158012 -0.460719    1.3989
 0.758245  0.152874 -0.458257   1.39806
0.758736 0.152384 -0.46054  1.39975
 0.758699  0.152231 -0.459146   1.39914
 0.757628  0.153537 -0.458644   1.39707
 0.758606  0.152243 -0.460085   1.39934
 0.757784   0.15144 -0.460783    1.3978
 0.751085   0.15827 -0.474931   1.39168
 0.750792  0.163915 -0.474775   1.39209
 0.749083  0.166595 -0.473813   1.38849
 0.756908  0.160692 -0.455331    1.3957
 0.757458  0.160037 -0.460128   1.39842
  0.75229  0.157322 -0.452149   1.38456
 0.752315  0.153845 -0.465152   1.38936
 0.757774  0.159052 -0.461921   1.39948
 0.757614  0.154122 -0.457305   1.39649
 0.756081  0.149571 -0.458253   1.39311
 0.757683  0.155763 -0.458081   1.39711
 0.757832  0.153752 -0.456828   1.39666
 0.758107  0.153618 -0.456883   1.39715
  0.75842  0.153682 -0.456765   1.39775
 0.757351  0.154776 -0.458475   1.39655
 0.757694  0.154182 -0.456261   1.39614
 0.948557  0.251654 0.0911251   1.71308
 0.95273  0.25847 0.078786  1.72422
 0.949522  0.253332 0.0333137   1.71383
 0.957498  0.241848 0.0307485   1.73025
  0.921117   0.302825 -0.0340725    1.66637
 0.936753  0.279714 0.0061314   1.69275
0.915224 0.157873 0.265721  1.64883
0.918536 0.163125 0.268863  1.65713
0.920549 0.165273 0.272886  1.66084
0.924025 0.169711 0.267536   1.6701
0.927094 0.171887 0.262895  1.67637
0.921681 0.167881 0.268285   1.6652
0.928085 0.175615 0.288236  1.68302
 0.92083 0.166553 0.269731  1.66271
0.923722 0.166669 0.273905  1.66898
0.924985 0.159077 0.265772  1.67149
0.927596 0.148571 0.244968  1.67515
0.926582 0.165524 0.264104  1.67889
0.930976 0.147878 0.236485  1.68014
0.924562 0.164626  0.27111  1.67162
0.927059 0.160439 0.246793   1.6763
0.925324  0.16136 0.264884  1.67325
0.929494 0.156782 0.230237  1.68469
0.930768 0.161134 0.224479  1.68592
0.931361 0.168803  0.24822  1.68447
0.925456 0.150203  0.24577  1.67873
0.927624 0.161868 0.266619  1.68193
0.925233 0.159411  0.25434  1.67378
0.928376  0.17519 0.259465  1.67976
0.921745 0.166671 0.272244  1.66417
0.929501 0.170614 0.257831  1.68279
0.925103 0.172501 0.264851   1.6731
0.922066 0.167125 0.270379  1.66499
0.928262 0.168083 0.260584  1.67996
0.921992  0.21091 0.282536  1.67052
0.913633 0.212104 0.291208  1.65677
0.922276 0.199085 0.293746  1.67213
0.926973 0.183511 0.302204    1.683
0.929427 0.173905 0.287827  1.68687
 0.93031 0.167212  0.25036   1.6854
0.928677 0.159022 0.244227   1.6833
0.927009 0.182986 0.284392  1.68001
0.925647  0.15113 0.242352  1.67977
0.926345 0.157133  0.24202    1.681
0.925091  0.15029 0.238218  1.67948
0.929859 0.161429 0.241923  1.68589
 0.755094  0.146954 -0.470761   1.39543
 0.754876  0.147181 -0.456912   1.38964
 0.757292  0.149549 -0.458163   1.39537
 0.756071   0.14796 -0.456331   1.39198
 0.749929   0.15518 -0.474379   1.38838
 0.754169  0.159068 -0.451589   1.38853
 0.755399  0.168132 -0.461738   1.39674
0.755324 0.149705 -0.45745   1.3914
 0.752475  0.165439 -0.462566   1.39048
0.752342 0.157554 -0.46455  1.38997
 0.752245  0.170348 -0.473626   1.39565
 0.751395  0.173822 -0.471692   1.39336
  0.925493   0.307593 0.00875376    1.67637
  0.945588   0.287465 -0.0168615    1.71702
0.928114 0.269158 0.156599  1.67813
 0.94614 0.243061 0.155727  1.71015
0.926046 0.242665 0.218381  1.67533
0.942371 0.159996 0.215819  1.69764
0.928464 0.179782  0.28713  1.68455
0.916356 0.227938  0.27936  1.66313
0.926476 0.224639 0.266671  1.68052
0.917457 0.216205 0.288708  1.66562
0.930757 0.237902 0.220558   1.6835
0.924876 0.230019 0.247176  1.67364
0.933188 0.149511  0.23064  1.68396
0.942003 0.230433 0.202001  1.70452
 0.93247 0.164247 0.240712  1.68367
0.939595 0.155436 0.217459  1.69383
0.950042 0.254412 0.117656  1.71929
 0.939706  0.274777 0.0949791   1.69981
0.950644 0.201817 0.145075  1.71065
0.942343 0.246816 0.151524  1.70263
 0.758455  0.152325 -0.461476   1.39958
 0.757602  0.153217 -0.460225   1.39754
0.757427  0.15383 -0.45941  1.39699
0.758204 0.152867 -0.46023  1.39873
 0.753727  0.150754 -0.464657   1.39125
  0.75798  0.152461 -0.460168   1.39813
 0.756024  0.147092 -0.456065   1.39152
 0.757243  0.154254 -0.461016   1.39737
 0.753836  0.148858 -0.464247   1.39076
 0.756712  0.151737 -0.461258     1.396
  0.75749  0.154118 -0.458354   1.39672
 0.757079  0.157883 -0.462577   1.39822
  0.75754  0.152769 -0.461935   1.39802
 0.757094  0.156997 -0.461058    1.3974
 0.752163  0.151795 -0.457682   1.38552
  0.75776  0.153226 -0.459623    1.3977
 0.758043  0.152678 -0.461624   1.39887
 0.757378  0.153442 -0.461672   1.39774
 0.754467    0.1772 -0.471536   1.40026
 0.757916  0.181613 -0.468149   1.40627
 0.750688   0.16017 -0.463606   1.38649
 0.754404  0.160988 -0.448529   1.38783
 0.755292   0.16002 -0.455901   1.39252
 0.755417  0.158752 -0.458003   1.39354
 0.756246  0.159396 -0.460547   1.39601
0.756131 0.156719 -0.46266  1.39629
 0.756858  0.158438 -0.462241   1.39764
  0.75724  0.155464 -0.459429   1.39684
 0.755626  0.157553 -0.461929   1.39507
 0.757328  0.156124 -0.461592   1.39803
  0.931901   0.300133 -0.0452419    1.69101
    0.9448   0.270815 -0.0500389    1.71166
0.923384 0.167046  0.27239    1.668
0.926576 0.168896 0.266565  1.67579
0.925203 0.169611 0.268425  1.67262
0.924136  0.16499 0.269892   1.6705
0.927675 0.171225 0.263862  1.67843
0.924696 0.161569 0.264394  1.67195
0.925276 0.155412 0.248249  1.67803
0.925064  0.15679 0.255113   1.6723
 0.92362 0.219792 0.270658  1.67375
0.925017 0.163188  0.26282  1.67369
0.927263 0.155014 0.244656  1.67574
0.929549 0.203209 0.263934  1.68275
0.928972 0.164863 0.253033  1.68244
0.925437  0.15282 0.246043  1.67869
0.924965 0.166393 0.267326  1.67273
 0.92612 0.155031 0.247385  1.68036
0.924088 0.168519 0.270045  1.66984
0.924406 0.156213 0.247924  1.67534
0.924791 0.168157  0.27138  1.67161
0.926535 0.168312 0.264114  1.67653
0.925281 0.194198 0.299974  1.68017
0.925358  0.15744 0.248978  1.67388
0.924772 0.159094 0.254667  1.67304
0.926394 0.193259 0.277432  1.67765
 0.92734 0.162845 0.265813  1.68193
0.926794 0.161308 0.253043  1.67952
0.924622 0.153678 0.246771  1.67614
0.927641 0.163706 0.250743  1.68168
 0.754914  0.148541 -0.457187   1.39022
 0.755645  0.148485 -0.463198   1.39388
 0.751789  0.151801 -0.465026   1.38764
 0.753043  0.155861 -0.454474   1.38691
 0.753514  0.150677 -0.457629    1.3881
 0.750727  0.155427 -0.464984   1.38625
 0.752891   0.16279 -0.463114   1.39145
 0.752145  0.155385 -0.456878   1.38583
0.934248 0.252574 0.187371  1.69139
0.939368 0.229657 0.176549   1.6937
0.929924  0.22651 0.244052  1.68397
0.938867 0.182452 0.217429   1.6928
0.924683 0.205524 0.291137   1.6783
0.929689 0.188033 0.250556  1.67951
0.930927 0.173854 0.241406  1.68152
0.925257 0.216037 0.278993  1.67829
0.930014 0.158193  0.23671  1.67953
0.932567 0.206578 0.249203  1.68678
0.934289 0.168797    0.229  1.68572
 0.93224 0.211254  0.23255  1.68296
0.946381 0.168345 0.189845  1.70344
0.938364 0.222077 0.213004  1.69604
0.937462 0.187795 0.218979  1.68899
0.947111 0.188453 0.183811  1.70526
 0.757161  0.151765 -0.461026   1.39671
0.754835 0.156575 -0.45984  1.39273
 0.753391  0.149329 -0.457447   1.38735
 0.756803  0.153389 -0.462809   1.39707
 0.756287  0.152172 -0.461433   1.39531
 0.755101  0.148692 -0.456675    1.3903
 0.757284  0.154683 -0.459848   1.39703
 0.756999  0.155021 -0.460734   1.39685
 0.756965  0.154197 -0.461549   1.39696
 0.756895  0.156294 -0.462325   1.39749
 0.757166  0.153283 -0.462062   1.39742
 0.756285  0.155241 -0.462955   1.39649
 0.754209  0.157632 -0.458387   1.39101
 0.753849   0.15071 -0.457075   1.38853
0.756593 0.156828 -0.46286  1.39717
 0.752048  0.154514 -0.454919   1.38482
 0.756898  0.155597 -0.462658   1.39756
 0.754834   0.15381 -0.460677   1.39249
 0.92516 0.165962  0.26882   1.6734
0.925053 0.160409 0.253353   1.6748
0.925758 0.164313 0.260257   1.6762
0.925248 0.163172 0.263447  1.67412
0.925942 0.158664 0.246814  1.67455
 0.92503 0.156862 0.250643  1.67584
0.928445 0.189367 0.282145  1.68375
0.925142 0.158927 0.250196  1.67496
0.924891 0.155449 0.247712  1.67677
0.925708 0.155537 0.243981  1.67915
0.927633 0.167188 0.258552  1.68015
0.926454 0.164412 0.259205  1.67837
0.926673 0.165109 0.260711  1.67789
0.926005 0.167439 0.266298  1.67562
0.926072 0.165377 0.251645  1.67641
0.926816 0.201836 0.266367  1.67667
0.927184 0.174017  0.26517  1.67853
0.927327 0.167074 0.263715  1.68067
 0.753531  0.152753 -0.456436   1.38808
 0.755569  0.152462 -0.461096   1.39386
0.930025 0.169928 0.250504   1.6815
0.942022 0.192083 0.203792  1.69723
0.933265 0.189232 0.233641  1.68391
 0.92927 0.207485 0.251826  1.67966
0.926412 0.162723 0.250995   1.6766
0.928019 0.162466 0.242671  1.67741
0.932154 0.183394  0.24935  1.68436
0.926736 0.178051 0.258899    1.677
0.937407 0.219034  0.21729  1.69356
0.937176  0.21186 0.228835  1.69398
 0.754981  0.154724 -0.460728   1.39302
 0.756864  0.154394 -0.462774   1.39732
 0.756454  0.155088 -0.462645   1.39653
 0.754819  0.150209 -0.457681   1.39058
    0.754  0.152089 -0.457268   1.38923
 0.754256  0.155504 -0.459983   1.39139
  0.75569  0.155845 -0.462744   1.39524
 0.755495  0.153279 -0.461173   1.39391
0.925886 0.163954 0.261659  1.67647
0.925339 0.160087 0.248617  1.67473
0.925385 0.159642 0.251028  1.67683
0.925015 0.160521 0.253837  1.67457
0.927688 0.182233 0.262548  1.67758
 0.92526 0.159697 0.249734  1.67568
0.926193 0.171432 0.260819  1.67774
0.925927 0.162333 0.254857  1.67669
0.928225 0.197722 0.274704  1.68199
0.929286 0.174926 0.251047  1.68049
0.926475 0.160592 0.252376  1.67983
0.925675 0.159555 0.253865  1.67758
0.924967 0.159351 0.251903  1.67564
0.924711 0.159872 0.249597  1.67499
 0.753405  0.153422 -0.456614   1.38806
 0.752981  0.153651 -0.457608   1.38767
0.926578  0.16527 0.247256  1.67613
0.927401 0.173158 0.264202  1.67925
0.928343 0.172233 0.256249  1.67978
0.929587 0.184009 0.260422   1.6819
 0.756579  0.154066 -0.462821   1.39674
 0.756043  0.154375 -0.462985   1.39583
