381.026
472.647
490.683
473.207
426.627
344.758
256.172
188.362
146.422
120.54
109.505
114.242
126.145
141.768
159.798
177.229
192.265
203.612
210.957
215.644
220.992
225.874
229.301
230.144
227.22
220.054
209.139
196.872
187.044
184.04
187.744
193.48
199.77
208.002
217.314
225.574
232.661
238.972
243.956
246.779
247.75
246.845
243.626
237.814
229.672
220.26
214.051
212.247
210.24
207.677
204.817
202.847
200.778
197.955
194.177
189.746
185.75
182.674
179.45
176.167
173.399
171.216
169.727
170.342
182.06
188.079
188.026
188.099
190.001
191.139
191.137
190.069
188.871
187.447
185.658
183.799
182.345
180.938
179.238
177.558
175.737
173.059
169.478
166.303
164.334
162.642
161.355
160.241
159.524
159.784
160.882
164.621
168.871
173.739
179.042
184.57
190.514
194.957
198.279
201.044
204.333
207.981
211.358
215.12
219.166
222.804
225.569
227.178
228.858
227.475
224.354
220.433
215.517
209.755
203.354
196.781
191.971
186.925
181.414
175.896
169.945
164.454
160.85
161.926
166.927
170.472
173.214
175.462
177.179
178.726
179.535
179.69
180.437
179.487
178.048
176.1
173.329
169.7
165.187
161.272
156.634
154.311
151.747
148.441
144.44
140.882
135.708
129.791
125.289
123.635
124.361
125.69
128.955
131.059
133.049
135.055
136.576
137.794
139.676
140.424
140.808
141.757
142.44
143.137
143.584
145.097
145.948
146.618
147.658
148.878
151.002
154.059
157.78
161.068
163.678
167.15
169.322
171.41
173.395
174.949
176.278
177.176
177.741
178.018
178.028
177.83
177.352
176.754
175.94
174.969
173.772
172.466
171.031
169.553
168.122
166.876
166.751
167.627
168.822
169.956
171.036
172.066
173.134
174.171
175.035
175.593
175.886
175.874
175.583
174.944
173.966
172.675
171.124
169.611
168.453
167.493
166.501
165.38
164.053
162.663
161.302
159.739
157.926
156.058
154.32
153.832
152.701
150.472
148.075
145.452
142.613
139.407
136.032
132.536
129.475
127.886
127.391
127.074
126.745
126.391
125.877
125.114
124.089
122.818
121.364
120.102
119.187
118.471
117.853
117.354
117.023
116.795
116.568
116.212
115.519
114.485
113.021
111.084
108.675
105.87
102.88
99.694
96.3852
93.136
90.0483
87.2594
84.7941
82.641
80.9331
79.9204
79.5823
79.5146
79.6294
80.262
81.3011
82.9089
85.0708
87.7472
90.4306
92.8549
94.9941
96.9145
98.4377
99.5078
100.156
100.501
100.717
101.229
102.036
102.841
103.562
104.209
104.754
105.176
105.396
105.395
105.156
104.689
103.991
103.089
102.007
100.788
99.4524
98.0299
96.5898
95.1511
93.7275
92.3736
91.1458
90.0699
89.1845
88.4756
87.9812
87.6221
87.3269
87.0374
86.7268
86.3912
86.0558
85.7309
85.4126
85.0784
84.7075
84.2873
83.8461
83.4301
83.1423
83.0559
83.2649
83.5612
83.7874
83.919
83.9348
83.8274
83.5896
83.2206
82.7296
82.1212
81.4097
80.6176
79.769
78.9015
78.0631
77.3381
76.7233
76.1899
75.7514
75.3955
75.1126
74.8751
74.6563
74.4746
74.3208
74.2101
74.1658
74.2168
74.3853
74.6209
74.8673
75.0878
75.2412
75.2978
75.2209
74.9932
74.6309
74.1602
73.6177
73.0439
72.4368
71.7597
70.9799
70.116
69.1852
68.2016
67.1731
66.0983
64.9796
63.8125
62.625
61.4123
60.1872
58.9719
57.7977
56.8324
56.1935
55.8653
55.6833
55.5873
55.5577
55.573
55.6255
55.7016
55.8145
55.9378
56.0696
56.1985
56.3247
56.4354
56.5397
56.6242
56.6935
56.7491
56.8076
56.9199
57.0903
57.2382
57.3618
57.4609
57.5401
57.6101
57.678
57.7531
57.8398
57.981
58.1587
58.3314
58.5021
58.6374
58.722
58.7615
58.7589
58.7132
58.6192
58.4726
58.2743
58.0276
57.7344
57.3927
57.0095
56.5895
56.1321
55.6454
55.1414
54.6234
54.0985
53.5643
53.0298
52.5003
51.9897
51.4852
50.9845
50.4755
49.9611
49.4377
48.9197
48.3998
47.8762
47.3428
46.8055
46.2673
45.7303
45.1898
44.6399
44.0746
43.492
42.8976
42.288
41.6638
41.0281
40.3804
39.7247
39.0618
38.3934
37.7219
37.0538
36.3961
35.757
35.1374
34.5586
34.0266
33.5522
33.1206
32.7231
32.3637
32.0502
31.7795
31.5449
31.3428
31.1789
31.0582
30.989
31.0065
31.1138
31.3126
31.5777
31.8834
32.2199
32.5769
32.9445
33.3152
33.6881
34.0656
34.4296
34.7803
35.1061
35.4081
35.6798
35.9228
36.1352
36.3196
36.4752
36.6031
36.7006
36.7679
36.8088
36.8214
36.8049
36.7595
36.6881
36.5911
36.4678
36.3192
36.1543
35.9691
35.7632
35.54
35.3046
35.0552
34.7905
34.5145
34.2271
33.9298
33.6248
33.3118
32.9918
32.6696
32.3468
32.023
31.7027
31.3843
31.0674
30.7548
30.4467
30.1473
29.863
29.5838
29.3182
29.0755
28.8522
28.6353
28.4223
28.2168
28.0149
27.8142
27.6237
27.4396
27.2774
27.1428
27.0089
26.8693
26.7281
26.5827
26.4378
26.2915
26.1421
25.9872
25.8264
25.6608
25.4902
25.3151
25.1378
24.9564
24.7692
24.5772
24.3801
24.178
23.9692
23.7519
23.5269
23.2951
23.0566
22.8104
22.558
22.3012
22.0403
21.781
21.5403
21.3291
21.1387
20.9682
20.8138
20.6772
20.553
20.441
20.3537
20.2835
20.2339
20.197
20.1659
20.1407
20.119
20.1021
20.0918
20.0854
20.0847
20.0887
20.1025
20.1246
20.158
20.2097
20.2783
20.3595
20.4546
20.5571
20.6631
20.7723
20.8836
20.9974
21.1103
21.2217
21.3311
21.4366
21.5376
21.634
21.7248
21.8102
21.8898
21.9653
22.0367
22.1058
22.175
22.2383
22.2962
22.3476
22.3909
22.4249
22.4483
22.4627
22.4702
22.4681
22.4566
22.4379
22.4125
22.3794
22.3392
22.2928
22.241
22.1835
22.1208
22.0539
21.9824
21.9074
21.827
21.7409
21.649
21.5502
21.4441
21.3307
21.2098
21.0817
20.9464
20.8038
20.655
20.4998
20.3371
20.1677
19.9912
19.8083
19.6186
19.4215
19.2169
19.005
18.7868
18.5614
18.3291
18.0909
17.846
17.5949
17.337
17.074
16.805
16.5301
16.2497
15.9645
15.6738
15.3781
15.0794
14.7796
14.4789
14.1786
13.8788
13.5804
13.2831
12.9887
12.704
12.4429
12.2138
12.0126
11.8287
11.6706
11.5405
11.4289
11.3272
11.2344
11.1513
11.0771
11.0126
10.9553
10.9054
10.8654
10.8329
10.8049
10.7811
10.7594
10.739
10.7203
10.7053
10.6935
10.6828
10.6745
10.6654
10.6585
10.6549
10.6528
10.6527
10.6539
10.6591
10.6666
10.6769
10.6883
10.7038
10.7217
10.7406
10.7592
10.7775
10.7977
10.8188
10.8393
10.8595
10.8809
10.9024
10.924
10.9501
10.9776
11.0054
11.0331
11.0605
11.0863
11.111
11.1332
11.1524
11.1681
11.1794
11.1868
11.1902
11.1905
11.1871
11.1789
11.1664
11.1493
11.1286
11.1042
11.0756
11.0435
11.0081
10.969
10.9268
10.8817
10.8335
10.7819
10.7275
10.6708
10.611
10.5482
10.4833
10.4161
10.3476
10.2772
10.2059
10.1332
10.0586
9.98247
9.90539
9.82682
9.747
9.66558
9.58243
9.49821
9.41253
9.3252
9.23587
9.14526
9.054
8.96154
8.86807
8.77343
8.67836
8.58317
8.48762
8.39171
8.29571
8.19954
8.10324
8.00651
7.90979
7.81317
7.71622
7.61898
7.52097
7.42211
7.3225
7.22204
7.12161
7.02057
6.9192
6.81766
6.71602
6.61662
6.52146
6.43226
6.34787
6.26956
6.19601
6.12538
6.05452
5.98292
5.91096
5.83925
5.76895
5.69844
5.62789
5.55749
5.48784
5.41813
5.34938
5.28223
5.21709
5.1533
5.09032
5.02778
4.96691
4.90766
4.84926
4.79198
4.73625
4.68196
4.63132
4.58533
4.54447
4.50897
4.47807
4.45188
4.42997
4.41199
4.3983
4.3899
4.38632
4.38792
4.39488
4.40737
4.42576
4.44894
4.47692
4.50821
4.54046
4.57299
4.60511
4.63738
4.66889
4.69922
4.72866
4.75696
4.78362
4.80928
4.83401
4.85723
4.87958
4.9004
4.91946
4.93654
4.95176
4.96538
4.97749
4.9883
4.99753
5.00451
5.00975
5.0134
5.0154
5.0156
5.01427
5.01113
5.00641
5.00015
4.99207
4.98252
4.97147
4.95873
4.94432
4.92804
4.91025
4.89063
4.86935
4.84659
4.82186
4.79567
4.76814
4.73913
4.70892
4.67716
4.64426
4.6103
4.57557
4.53967
4.50288
4.46483
4.42537
4.38444
4.34177
4.29763
4.2518
4.20457
4.15588
4.10602
4.0552
4.00315
3.95022
3.89637
3.84173
3.78627
3.72999
3.67318
3.61578
3.55785
3.49979
3.44182
3.38363
3.32543
3.26745
3.2101
3.15308
3.097
3.04184
2.98754
2.93411
2.88144
2.82998
2.78159
2.73736
2.69732
2.66151
2.63087
2.60582
2.58624
2.57371
2.5635
2.55457
2.54698
2.54053
2.53469
2.52959
2.52549
2.52266
2.52111
2.52116
2.52256
2.52526
2.52884
2.53377
2.54011
2.54739
2.55572
2.56521
2.5755
2.58694
2.59948
2.6136
2.62869
2.64475
2.66186
2.67982
2.69819
2.71696
2.73594
2.75527
2.77472
2.79368
2.81216
2.83017
2.84807
2.86579
2.88301
2.89968
2.91598
2.93184
2.94701
2.96116
2.97462
2.98766
3.0003
3.01227
3.02366
3.03411
3.04352
3.05173
3.05857
3.06414
3.06842
3.07138
3.07286
3.07283
3.07145
3.06884
3.06534
3.06054
3.05435
3.04666
3.03775
3.02766
3.01653
3.00408
2.99044
2.97554
2.95955
2.94238
2.92406
2.90464
2.88417
2.86257
2.83993
2.81626
2.79167
2.7663
2.74013
2.71317
2.6853
2.65649
2.62674
2.59611
2.5647
2.53247
2.49938
2.46549
2.43085
2.39548
2.35939
2.32273
2.28543
2.2476
2.20924
2.17048
2.13148
2.09217
2.05257
2.0127
1.97292
1.93339
1.89418
1.85569
1.8184
1.78244
1.74754
1.71354
1.68055
1.64928
1.61982
1.59239
1.56733
1.54478
1.5248
1.50824
1.49484
1.48401
1.47485
1.46706
1.4604
1.45464
1.44957
1.44521
1.44155
1.4386
1.43658
1.43507
1.43429
1.43422
1.43514
1.43703
1.43982
1.44314
1.44702
1.45158
1.45688
1.46261
1.46892
1.47605
1.48363
1.49156
1.49979
1.50816
1.51664
1.52558
1.53476
1.54399
1.55355
1.56323
1.57308
1.58281
1.59248
1.60193
1.61142
1.62094
1.63066
1.64066
1.65073
1.66087
1.6709
1.68093
1.69082
1.70066
1.71056
1.72033
1.72996
1.7391
1.74773
1.75587
1.76344
1.77041
1.77678
1.78243
1.78725
1.79133
1.79476
1.79748
1.79941
1.80053
1.8008
1.80019
1.79878
1.79658
1.79352
1.78962
1.7849
1.77939
1.77312
1.76608
1.75825
1.74955
1.74009
1.72985
1.71891
1.70728
1.69492
1.68182
1.66803
1.6536
1.63847
1.62269
1.6064
1.5896
1.57224
1.55429
1.53577
1.51679
1.49739
1.47761
1.45748
1.43698
1.41629
1.39555
1.37498
1.35438
1.33378
1.31316
1.2925
1.27176
1.25101
1.23041
1.21025
1.1904
1.17103
1.15258
1.13485
1.11759
1.10076
1.08434
1.0689
1.05453
1.04099
1.02818
1.01598
1.00425
0.992972
0.982102
0.971777
0.961832
0.952272
0.943104
0.934338
0.925899
0.917812
0.910078
0.902904
0.896193
0.889876
0.884036
0.878651
0.873775
0.869365
0.865262
0.861459
0.85799
0.854936
0.852167
0.849569
0.847071
0.844648
0.842217
0.839941
0.837794
0.835785
0.833864
0.831997
0.830355
0.828995
0.827886
0.827094
0.826461
0.825997
0.825776
0.82577
0.826013
0.826712
0.827843
0.829118
0.830707
0.832414
0.834266
0.83625
0.838034
0.83959
0.84107
0.842525
0.843915
0.84516
0.846216
0.846991
0.84755
0.847876
0.847972
0.847796
0.847368
0.846714
0.845818
0.844633
0.843212
0.841452
0.839405
0.837093
0.834568
0.831811
0.82881
0.825634
0.822295
0.818809
0.815147
0.811298
0.807266
0.803003
0.798503
0.793727
0.788767
0.783588
0.778189
0.772618
0.766792
0.76074
0.754474
0.747996
0.741349
0.734506
0.727397
0.720088
0.712601
0.705004
0.697265
0.689382
0.681432
0.673431
0.665338
0.657188
0.648954
0.640778
0.633079
0.625801
0.618972
0.612786
0.606983
0.601462
0.596375
0.591877
0.587934
0.584354
0.581103
0.578205
0.575643
0.573362
0.571384
0.569695
0.568323
0.567217
0.566377
0.565809
0.565346
0.565016
0.564903
0.565039
0.565361
0.566016
0.566897
0.567921
0.569049
0.570177
0.571308
0.572422
0.573465
0.574471
0.575472
0.576423
0.577335
0.578149
0.578904
0.579622
0.580286
0.580891
0.58142
0.581894
0.582255
0.58261
0.582891
0.583001
0.583054
0.582934
0.582716
0.582417
0.581928
0.581342
0.580666
0.579841
0.578968
0.577943
0.576784
0.575521
0.574084
0.572575
0.570959
0.569242
0.567421
0.56546
0.563426
0.561302
0.559127
0.556928
0.554754
0.552574
0.550392
0.548235
0.546152
0.544015
0.541884
0.539619
0.537161
0.534546
0.531784
0.528854
0.525783
0.522572
0.519208
0.515715
0.512127
0.508462
0.504687
0.500848
0.496931
0.492923
0.488855
0.484711
0.480487
0.476132
0.471639
0.467056
0.462384
0.457613
0.452748
0.447795
0.442733
0.437642
0.432525
0.427378
0.422171
0.416925
0.411642
0.406352
0.40103
0.395679
0.390346
0.385042
0.379957
0.375001
0.370196
0.365536
0.361004
0.35664
0.352467
0.34851
0.344886
0.341518
0.338521
0.335759
0.333259
0.331078
0.329246
0.327748
0.326591
0.325753
0.325088
0.324596
0.324231
0.32397
0.323847
0.32386
0.323952
0.324119
0.324355
0.32467
0.325045
0.32548
0.325981
0.326508
0.327052
0.327587
0.32817
0.328806
0.329469
0.330118
0.330765
0.331415
0.332115
0.332824
0.333498
0.334174
0.334808
0.335404
0.335943
0.336431
0.336888
0.337249
0.337524
0.337719
0.337801
0.337799
0.337706
0.337492
0.337196
0.336791
0.33629
0.335687
0.335003
0.334214
0.333317
0.332297
0.331183
0.329958
0.328619
0.327164
0.325636
0.324008
0.322297
0.320523
0.318684
0.316759
0.314756
0.312677
0.310548
0.308329
0.306045
0.303668
0.30121
0.29864
0.295995
0.293278
0.290467
0.287561
0.284581
0.281513
0.278404
0.275235
0.272005
0.268733
0.265382
0.261961
0.258505
0.254999
0.251444
0.247871
0.244271
0.240661
0.237045
0.23344
0.229888
0.226376
0.222906
0.219496
0.216101
0.212738
0.209428
0.206128
0.202846
0.19958
0.196331
0.193113
0.189911
0.186742
0.183605
0.180543
0.177569
0.174787
0.172255
0.169985
0.167997
0.166211
0.164553
0.163051
0.1617
0.160502
0.159431
0.158456
0.157616
0.156943
0.156407
0.156033
0.155818
0.15572
0.155766
0.155953
0.15627
0.156769
0.157428
0.158256
0.159213
0.160314
0.16154
0.162855
0.164244
0.165751
0.167356
0.168963
0.170554
0.17211
0.173631
0.175104
0.176536
0.177926
0.179258
0.180535
0.181763
0.182929
0.18403
0.185071
0.186049
0.186972
0.187825
0.188609
0.189322
0.18996
0.190526
0.19102
0.191431
0.191774
0.192044
0.192232
0.192337
0.192371
0.192322
0.192193
0.19199
0.191716
0.191371
0.190943
0.190434
0.189859
0.189209
0.188483
0.187693
0.186842
0.18593
0.184968
0.183961
0.182905
0.181796
0.180645
0.179451
0.178206
0.176918
0.175576
0.174187
0.172745
0.171248
0.169704
0.168097
0.166457
0.164765
0.163028
0.161245
0.159426
0.157566
0.15567
0.153737
0.151767
0.149768
0.147742
0.145686
0.143608
0.141505
0.139389
0.13726
0.13512
0.132983
0.130857
0.128742
0.126628
0.124511
0.122401
0.120301
0.118231
0.116199
0.114211
0.112266
0.110387
0.10863
0.106997
0.10543
0.103916
0.102452
0.101059
0.0997607
0.0985217
0.0973157
0.0961457
0.0950202
0.0939397
0.092938
0.0920349
0.0911806
0.0903576
0.0895772
0.0888185
0.088072
0.0873444
0.0866463
0.0859662
0.0853176
0.0847004
0.0841283
0.0836234
0.0831883
0.0828313
0.0825608
0.0823408
0.0821984
0.082146
0.0821697
0.0823012
0.0825267
0.0828346
0.0832319
0.0837336
0.084312
0.084909
0.0855319
0.0861416
0.0867331
0.0873052
0.0878538
0.088374
0.0888716
0.0893492
0.0898054
0.0902464
0.0906647
0.0910613
0.0914383
0.0917953
0.0921272
0.0924302
0.0927034
0.0929427
0.0931537
0.0933344
0.0934849
0.0936023
0.0936883
0.0937387
0.0937612
0.0937523
0.0937131
0.0936351
0.0935255
0.093386
0.0932167
0.0930183
0.0927888
0.0925337
0.0922477
0.0919287
0.0915781
0.0912035
0.0908016
0.0903688
0.0899047
0.0894145
0.0889032
0.0883698
0.0878162
0.0872419
0.0866506
0.086047
0.08543
0.0848041
0.0841616
0.083498
0.0828106
0.0821029
0.0813747
0.0806273
0.0798618
0.0790742
0.078265
0.0774341
0.076583
0.0757136
0.0748271
0.073926
0.0730099
0.0720835
0.0711391
0.0701861
0.069222
0.0682505
0.0672717
0.0662847
0.0652902
0.0642917
0.0632915
0.0622901
0.0612873
0.0602844
0.0592883
0.0582924
0.0572934
0.0562949
0.0553001
0.0543068
0.0533156
0.0523281
0.0513914
0.0505375
0.0497694
0.0491168
0.0485654
0.0480656
0.0476022
0.047188
0.0468198
0.0464818
0.0461533
0.0458329
0.0455197
0.0452112
0.0449008
0.0445895
0.0442806
0.0439719
0.0436604
0.0433493
0.0430396
0.0427347
0.0424354
0.0421467
0.0418751
0.0416344
0.0414299
0.0412684
0.0411471
0.0410679
0.0410259
0.0410219
0.0410651
0.0411565
0.0412954
0.0414872
0.0417293
0.0420184
0.042333
0.0426664
0.043013
0.043379
0.0437538
0.044132
0.0445124
0.0448923
0.0452635
0.0456224
0.0459726
0.0463141
0.0466445
0.0469658
0.0472756
0.0475723
0.0478548
0.0481232
0.0483749
0.0486119
0.0488296
0.0490262
0.0492051
0.0493657
0.0495093
0.0496349
0.0497428
0.0498307
0.0498984
0.0499483
0.049978
0.0499914
0.0499895
0.0499662
0.049922
0.0498582
0.0497757
0.0496727
0.0495498
0.0494041
0.0492371
0.0490535
0.0488516
0.0486303
0.0483895
0.0481317
0.0478572
0.0475689
0.0472655
0.0469464
0.0466143
0.0462698
0.045912
0.0455387
0.0451506
0.0447452
0.044322
0.0438804
0.0434218
0.0429473
0.0424559
0.041947
0.0414207
0.04088
0.0403276
0.0397634
0.039186
0.038596
0.0379938
0.0373795
0.0367525
0.0361175
0.0354746
0.0348267
0.0341692
0.0335026
0.032828
0.0321467
0.0314599
0.0307709
0.0300777
0.0293848
0.0286894
0.0279901
0.0272893
0.0265972
0.0259488
0.0253308
0.0247436
0.0241875
0.023682
0.023261
0.0229195
0.0226234
0.0223743
0.0221703
0.0220234
0.0219249
0.0218653
0.0218476
0.0218874
0.0219515
0.0220281
0.0221135
0.0222109
0.0223143
0.0224239
0.0225398
0.0226591
0.0227832
0.0229174
0.0230627
0.0232177
0.0233855
0.0235631
0.0237538
0.023961
0.0241794
0.024406
0.0246391
0.0248839
0.0251412
0.0254097
0.0256897
0.0259764
0.0262707
0.0265697
0.0268717
0.02717
0.0274658
0.0277553
0.028039
0.0283193
0.0285945
0.0288613
0.029119
0.029367
0.0296078
0.0298424
0.0300671
0.030281
0.0304808
0.0306672
0.0308396
0.0309992
0.0311469
0.0312833
0.0314099
0.0315259
0.0316308
0.0317214
0.0317966
0.0318563
0.0319009
0.0319306
0.0319431
0.03194
0.0319218
0.0318891
0.0318404
0.0317764
0.0316968
0.031604
0.0314981
0.0313773
0.0312402
0.0310885
0.0309236
0.0307457
0.030556
0.0303537
0.030139
0.0299117
0.0296737
0.0294241
0.0291633
0.0288937
0.028614
0.0283247
0.0280247
0.0277132
0.0273918
0.0270597
0.026717
0.0263634
0.0259996
0.0256259
0.0252435
0.0248523
0.0244536
0.024047
0.0236327
0.0232113
0.0227828
0.0223482
0.0219079
0.0214624
0.0210116
0.0205571
0.0200975
0.0196342
0.0191737
0.0187206
0.0182736
0.0178329
0.0173996
0.0169846
0.0165925
0.0162204
0.0158808
0.0155741
0.0152973
0.0150503
0.0148375
0.0146682
0.0145385
0.0144397
0.0143534
0.0142814
0.0142193
0.0141652
0.014118
0.014079
0.0140472
0.0140246
0.0140069
0.013995
0.0139891
0.0139903
0.0139993
0.0140141
0.0140338
0.0140576
0.0140847
0.0141173
0.0141554
0.0142037
0.0142595
0.0143213
0.0143909
0.0144701
0.0145565
0.0146536
0.0147596
0.0148743
0.0149944
0.0151141
0.0152314
0.0153472
0.0154637
0.0155796
0.0156954
0.0158094
0.0159211
0.0160304
0.0161372
0.0162386
0.0163356
0.0164281
0.0165136
0.0165942
0.0166713
0.0167424
0.0168112
0.0168796
0.0169432
0.017002
0.0170569
0.0171073
0.0171525
0.0171912
0.0172227
0.0172466
0.0172628
0.0172712
0.0172713
0.0172633
0.0172484
0.0172259
0.0171961
0.017159
0.017114
0.0170612
0.0170002
0.0169315
0.0168553
0.0167722
0.0166818
0.0165842
0.0164792
0.0163682
0.0162517
0.0161283
0.0159977
0.01586
0.0157161
0.0155667
0.015412
0.0152516
0.015086
0.0149149
0.014739
0.0145582
0.0143724
0.0141821
0.0139876
0.0137892
0.0135871
0.0133811
0.0131725
0.0129618
0.012749
0.0125337
0.012316
0.0120953
0.0118727
0.0116507
0.011435
0.011224
0.0110209
0.0108252
0.0106383
0.0104653
0.0103029
0.010148
0.0100031
0.00987366
0.00975914
0.0096557
0.00956224
0.0094774
0.00940069
0.00933121
0.00926881
0.009214
0.00916596
0.00912443
0.00908919
0.00906077
0.00903818
0.00902274
0.00901335
0.00900941
0.00901119
0.00901733
0.00902842
0.0090414
0.00905739
0.00907451
0.00909093
0.00910703
0.00912256
0.00913696
0.00914983
0.00916171
0.00917195
0.00918144
0.00918909
0.00919564
0.00920135
0.00920694
0.00921121
0.00921498
0.00921781
0.00922045
0.00922205
0.00922385
0.00922465
0.00922476
0.00922403
0.00922319
0.00922139
0.00922007
0.00921914
0.00921738
0.00921633
0.00921529
0.00921424
0.00921465
0.00921362
0.00921228
0.00921227
0.00921216
0.00921149
0.00921124
0.00920945
0.00920492
0.00919761
0.00918769
0.00917424
0.00915756
0.00913773
0.00911545
0.00909015
0.00906175
0.00903023
0.00899538
0.00895738
0.00891632
0.00887281
0.00882657
0.00877741
0.00872525
0.00867014
0.00861244
0.00855246
0.00848999
0.00842484
0.00835777
0.00828823
0.00821665
0.0081428
0.00806689
0.00798918
0.0079101
0.00782924
0.00774724
0.00766414
0.00757921
0.0074926
0.00740463
0.00731551
0.00722557
0.00713444
0.00704208
0.00694859
0.00685426
0.00675937
0.00666374
0.00656802
0.00647464
0.00638558
0.0062993
0.00621738
0.0061396
0.00606607
0.00599916
0.00593798
0.00588079
0.00582746
0.00578024
0.00574041
0.00570636
0.00567603
0.00564977
0.00562777
0.0056095
0.00559495
0.00558339
0.00557464
0.00556797
0.00556408
0.00556247
0.00556317
0.00556589
0.00556973
0.00557508
0.00558178
0.00558987
0.00559966
0.0056105
0.0056237
0.00563911
0.00565656
0.00567508
0.00569476
0.0057158
0.00573737
0.00575878
0.00577943
0.00579928
0.00581815
0.00583582
0.00585159
0.00586606
0.00587912
0.00589076
0.00590119
0.0059098
0.00591698
0.00592289
0.00592698
0.00592892
0.0059294
0.00592832
0.0059253
0.00592105
0.00591542
0.0059073
0.0058975
0.00588678
0.00587389
0.00585975
0.00584432
0.00582744
0.00580851
0.00578853
0.00576762
0.00574553
0.00572258
0.00569812
0.00567224
0.00564519
0.00561662
0.00558661
0.00555499
0.00552175
0.00548687
0.00545019
0.00541213
0.00537283
0.00533212
0.00529004
0.0052471
0.00520414
0.00516183
0.0051208
0.00507997
0.0050375
0.00499321
0.00494731
0.00489997
0.00485108
0.00480105
0.00474974
0.00469759
0.00464476
0.00459118
0.00453666
0.00448128
0.004425
0.00436825
0.0043112
0.00425383
0.0041956
0.00413661
0.00407718
0.00401755
0.00395782
0.00389786
0.00383762
0.0037776
