0.876015 0.330928 0.151993  1.58782
 0.88052 0.315356 0.173813  1.59641
0.868003 0.331944 0.165714  1.57346
0.871462 0.322117  0.17641  1.57995
0.863149 0.332389 0.179732   1.5669
0.867109  0.32462 0.172846  1.57018
0.875042 0.318997 0.172051  1.58486
0.874383 0.322118 0.160915  1.58249
0.759199 0.154379 -0.45382  1.40127
 0.759283  0.154286 -0.453831   1.40143
 0.792425  0.131918 -0.400454   1.44048
 0.786721  0.132663 -0.407454   1.43173
 0.789901  0.135534 -0.406842   1.43889
0.787707 0.118646 -0.40726  1.43135
 0.782992  0.123547 -0.415237   1.42608
 0.786418  0.123123 -0.412737   1.43219
 0.799256  0.120898 -0.387159   1.44723
 0.794818  0.112866 -0.394049   1.43945
 0.807188  0.101692 -0.368432   1.45387
 0.800294  0.115827 -0.391402   1.45076
0.788164 0.127491  -0.4113  1.43599
0.791667 0.120148 -0.40543  1.43934
  0.79516  0.128282 -0.402004   1.44668
 0.791997  0.123689 -0.402935   1.43942
  0.959597   0.112968 -0.0494029    1.72638
  0.959496   0.114471 -0.0434647    1.72604
  0.958708   0.117287 -0.0465862    1.72433
  0.959077   0.113152 -0.0449084    1.72487
  0.959414   0.115808 -0.0376498    1.72577
  0.959289   0.116895 -0.0321624    1.72543
  0.95859  0.119776 -0.035275   1.72382
 0.958921  0.115318 -0.034102   1.72434
  0.957563    0.12657 -0.0437513    1.72205
  0.958001   0.126069 -0.0380508    1.72276
  0.959006   0.114134 -0.0395802     1.7246
  0.958401   0.117727 -0.0375668    1.72315
  0.958536   0.117514 -0.0418027    1.72365
  0.958736   0.118139 -0.0407858    1.72424
 0.93393 0.150683 0.225761  1.68017
 0.760737  0.153507 -0.450632   1.40246
 0.759294  0.153474 -0.454117   1.40144
 0.759539  0.154649 -0.453963   1.40192
  0.75974  0.154794 -0.454075   1.40232
 0.759955  0.154686 -0.454038   1.40271
 0.760272  0.154259 -0.452782   1.40265
 0.763863  0.156404 -0.452841   1.41018
 0.762106  0.153719 -0.449582   1.40469
 0.761526  0.152798 -0.448653     1.403
 0.762979   0.15321 -0.449859   1.40652
 0.765843  0.154572 -0.453519   1.41407
 0.768314  0.151513 -0.449185   1.41661
 0.781338   0.13958 -0.419793   1.42763
 0.777011  0.140664 -0.428329   1.42288
 0.779789  0.143271 -0.427946   1.42915
 0.759235  0.154538 -0.453804   1.40138
 0.759213  0.154596 -0.453776    1.4013
0.759595 0.154962 -0.45345  1.40174
 0.759127  0.154689 -0.454063    1.4013
 0.759106  0.154621 -0.454317   1.40137
 0.759107  0.154406 -0.454522   1.40143
 0.758964  0.154311 -0.454585   1.40113
 0.760273  0.153729 -0.451109   1.40176
  0.75898  0.153957 -0.454653   1.40112
 0.759946  0.154414 -0.453067   1.40215
   0.7593  0.154037 -0.453818   1.40141
 0.759237  0.153302 -0.454272   1.40136
0.759279 0.153971 -0.45395  1.40143
 0.801644  0.222358 -0.418708   1.48359
  0.80032  0.217825 -0.422638   1.48176
 0.805147  0.218172 -0.420467    1.4898
 0.802753  0.219406 -0.421589    1.4867
  0.79813  0.212934 -0.427277   1.47815
 0.794431  0.207972 -0.434373   1.47288
 0.801303  0.206056 -0.430915   1.48394
 0.798729  0.208742 -0.432397    1.4811
0.809706 0.213198 -0.41965  1.49697
 0.809063  0.204377 -0.424847   1.49608
 0.819145  0.204313 -0.409583   1.50951
 0.812682  0.208252 -0.423424   1.50417
 0.801099  0.214624 -0.426028   1.48437
 0.805525  0.207792 -0.429093   1.49251
 0.806615   0.21501 -0.423345   1.49364
 0.804111  0.212409 -0.424295   1.48809
 0.730682   0.15824 -0.453845   1.34351
 0.731602  0.156775 -0.453696     1.345
0.728829 0.158322   -0.451  1.33742
 0.726577  0.159344 -0.449597    1.3314
 0.727178  0.156918 -0.450032   1.33241
 0.728211  0.157937 -0.450211   1.33486
 0.729949  0.153845 -0.451818   1.33931
 0.727759  0.154611 -0.450297   1.33331
 0.728516  0.152323 -0.450481   1.33452
   0.7294   0.15333 -0.450747   1.33671
 0.729912  0.157366 -0.451367   1.33967
 0.728707  0.155644 -0.450545   1.33562
 0.730339   0.15503 -0.451918   1.34045
 0.729221  0.155984 -0.451345   1.33792
0.782986 0.145263 -0.41917  1.43198
 0.777521  0.150805 -0.427317   1.42549
 0.779591  0.150322 -0.417258   1.42456
 0.952355  0.127612 0.0535776   1.71181
 0.951813  0.137088 0.0586185   1.71078
 0.952565  0.136492 0.0522863   1.71185
 0.952243  0.137612 0.0566824   1.71197
 0.952114  0.143322 0.0464487   1.70948
 0.951199  0.148904 0.0552967   1.70916
  0.95097  0.149965 0.0633925   1.70914
  0.77476  0.151269 -0.432015   1.42203
0.948748 0.158943 0.075404  1.70319
 0.769775  0.154603 -0.443284   1.41757
    0.95828    0.121187 -0.00639228     1.72317
   0.957928    0.122073 -0.00118893     1.72242
   0.957645    0.124134 -0.00491085     1.72165
   0.957859    0.120423 -0.00461321       1.722
  0.957582   0.123408 0.00441229    1.72177
 0.957224  0.124505 0.0101311   1.72113
  0.956813   0.128523 0.00582755    1.72003
  0.957078   0.122988 0.00551554    1.72046
   0.956921    0.128192 -0.00336855      1.7197
   0.956702    0.127211 -0.00146384     1.71892
    0.957469     0.121714 -0.000147538      1.72123
    0.956694     0.126529 -0.000830594      1.71944
   0.957398    0.123845 -0.00381841     1.72092
    0.957325     0.125046 -0.000269875      1.72094
0.766144 0.156866 -0.45339  1.41511
 0.760881  0.153128 -0.449097   1.40192
 0.764383  0.157551 -0.453623   1.41173
 0.758983  0.154604 -0.454432   1.40115
 0.760816  0.154078 -0.449113   1.40199
0.759047 0.154783 -0.45422  1.40121
 0.759469  0.155114 -0.454203   1.40193
 0.759263  0.154567 -0.453617   1.40127
0.941478 0.174131 0.182295  1.69634
 0.927395  0.151538 -0.228967   1.68023
 0.928111  0.158156 -0.220069   1.68121
 0.925319  0.161875 -0.228842   1.67743
 0.926915  0.153299 -0.226784   1.67914
 0.922654  0.187269 -0.232289   1.67797
 0.925227  0.161712 -0.222512   1.67597
 0.925897  0.164369 -0.221321   1.67778
 0.943171   0.15842 0.0833766   1.69794
 0.946872  0.165282 0.0783662    1.7046
 0.946384  0.159004 0.0831037   1.70223
 0.945147  0.159738 0.0837555   1.70026
 0.949711  0.158897 0.0790462   1.70782
 0.951091  0.152439 0.0787165   1.70942
 0.948536  0.160491 0.0821891     1.705
 0.947791  0.160964 0.0828797    1.7041
0.948387 0.161904 0.078369  1.70526
 0.948971  0.131563 0.0734032   1.70642
0.947676 0.132563 0.079022  1.70407
 0.948953  0.142161 0.0788577   1.70623
 0.948291  0.132349 0.0736856   1.70486
0.945222 0.135795 0.086227   1.6994
  0.94167  0.145188 0.0903948   1.69291
 0.946249   0.15216 0.0875364   1.70159
 0.944764  0.142431 0.0838897   1.69899
 0.948929  0.155651 0.0829626   1.70584
0.948496 0.156005 0.083433  1.70466
 0.946836  0.134641 0.0789252   1.70226
 0.947202  0.151374 0.0818519   1.70308
 0.948479   0.14514 0.0781174   1.70504
0.947701 0.145375 0.084029  1.70403
 0.951064  0.148885 0.0671153   1.70935
 0.951102  0.147753 0.0687008   1.70925
 0.951664  0.137474 0.0614952   1.71096
 0.952138  0.128505 0.0579676   1.71186
  0.95128  0.129439 0.0621393   1.71032
 0.951574  0.128806 0.0582969   1.71052
0.950621 0.139448 0.069842  1.70924
 0.950612  0.130511 0.0658835   1.70926
 0.949853  0.130918 0.0690387   1.70795
 0.950182  0.130831 0.0661071   1.70825
 0.951336  0.137804 0.0619396   1.71003
 0.950816  0.130254 0.0620574   1.70927
 0.950681  0.139628 0.0647238   1.70885
 0.951143  0.137878 0.0651708   1.71001
 0.953577  0.142023 0.0439317   1.71338
 0.953466  0.140589 0.0457433   1.71281
 0.954394    0.1331 0.0393758   1.71562
 0.955057  0.126543 0.0362922   1.71712
 0.954481  0.126378 0.0413876   1.71599
 0.954496  0.125838 0.0375155   1.71567
0.953162 0.136399 0.051221  1.71346
0.953864 0.126898  0.04722  1.71492
  0.95304  0.127579 0.0528912   1.71346
 0.953161  0.126741 0.0480631   1.71319
 0.954058  0.132965 0.0402553   1.71465
 0.953854  0.126255 0.0421326   1.71445
0.953145 0.135314 0.043755  1.71279
 0.953921  0.133221 0.0441987   1.71467
 0.952443  0.155578 0.0504121   1.71078
  0.958295   0.107797 -0.0794714    1.72445
  0.957537    0.11544 -0.0741052    1.72268
  0.956808   0.114877 -0.0852674    1.72178
  0.957511   0.114731 -0.0838338    1.72345
  0.956459   0.129191 -0.0698759    1.72091
  0.954504   0.124239 -0.0942748    1.71773
  0.955159   0.124294 -0.0925977    1.71929
  0.956375   0.130677 -0.0796363    1.72184
 0.734936  0.270596 -0.389943   1.34588
 0.733258  0.262508 -0.396311   1.34299
 0.742241   0.26132 -0.389513   1.35799
 0.738903  0.266121 -0.394923   1.35518
 0.732034  0.254545 -0.402086   1.34089
 0.731166  0.246902 -0.407204   1.33939
 0.739422  0.246425 -0.400953   1.35341
 0.736194  0.250215 -0.406177   1.35028
 0.747593  0.256333 -0.393655   1.37095
 0.748587  0.250695 -0.395432   1.37212
 0.737429  0.258039 -0.400883   1.35256
 0.742883  0.250221 -0.399272   1.36097
 0.745039  0.257597 -0.393705   1.36478
 0.740457  0.253563 -0.395913   1.35502
 0.939837  0.148194 -0.175814   1.69822
0.942351 0.150874 -0.16761  1.70327
 0.941638  0.134241 -0.180092    1.7012
 0.942245  0.128501 -0.187422   1.70324
 0.944884  0.125522 -0.178046   1.70742
 0.942217   0.13136 -0.179887   1.70204
 0.946583  0.130007 -0.159913   1.70892
 0.947702  0.122194 -0.167465   1.71188
 0.949973  0.117907 -0.156019   1.71483
  0.94744  0.125203 -0.157595   1.70983
 0.942362  0.138897 -0.171552   1.70201
 0.944749  0.128321 -0.169225   1.70576
 0.945008  0.136327 -0.160122   1.70602
 0.94404 0.132748 -0.17112  1.70513
 0.756422   0.22605 -0.423912   1.39765
 0.726991   0.18322 -0.442631    1.3333
0.728862 0.181033 -0.44316  1.33774
0.729643 0.184338 -0.44136  1.33898
  0.72778   0.18251 -0.441834   1.33496
 0.731499   0.18017 -0.446664    1.3458
 0.733419  0.186432 -0.443147   1.34907
 0.730474  0.184178 -0.443676   1.34264
 0.730483  0.182271 -0.444032   1.34241
 0.729552  0.167699 -0.451291   1.34168
0.730254 0.166058 -0.45126  1.34273
 0.727651  0.168225 -0.448071   1.33531
 0.725332   0.16982 -0.446966   1.32946
 0.725527   0.16705 -0.447827   1.32979
 0.726912  0.168208 -0.447874   1.33291
 0.728027  0.163112 -0.449776   1.33601
 0.725803  0.164447 -0.448512   1.33021
 0.726087  0.161817 -0.449167   1.33064
 0.727346  0.162952 -0.449279   1.33354
 0.728742  0.167019 -0.448718   1.33767
 0.727062   0.16556 -0.448608    1.3331
 0.728737  0.164383 -0.449732   1.33775
 0.72767 0.165552 -0.44887   1.3352
 0.733392  0.150025 -0.454606   1.34785
 0.734495  0.148703 -0.454357   1.34971
 0.731582  0.149688 -0.452132   1.34206
 0.729403   0.15021 -0.450467   1.33593
 0.730329  0.148082 -0.450515   1.33747
 0.731063  0.149002 -0.450824   1.33935
 0.733338  0.145847 -0.452172   1.34496
  0.73128  0.146121 -0.450384   1.33898
 0.732344  0.144222 -0.450208   1.34072
 0.732913  0.145066 -0.450571   1.34228
 0.732661  0.148969 -0.452251   1.34421
 0.731904  0.147019 -0.450753   1.34067
 0.733462  0.146924 -0.452395   1.34559
 0.732314  0.147674 -0.452072    1.3431
  0.77362   0.15303 -0.440712   1.42418
 0.93804 0.148865 0.164994  1.69342
 0.899448 0.0855538  0.132083   1.61365
 0.93789 0.145448 0.197558  1.68876
0.931053 0.139717 0.194983  1.68161
0.930064 0.136369 0.192755  1.67615
0.933171 0.145588 0.216284  1.68011
0.933693 0.149951 0.231547  1.68052
0.933598 0.151471 0.228975  1.67955
0.889768 0.234461 0.255657  1.61151
0.893813 0.220487 0.262217  1.61933
0.884682 0.230757 0.262488  1.60301
0.886995 0.222719 0.265836  1.60756
0.881042 0.225967 0.268602   1.5979
0.884173 0.224911 0.264814  1.60138
0.889622 0.223502 0.263202  1.61101
0.888723 0.227374 0.258487  1.60853
0.933299  0.14973 0.229499  1.67901
0.933538   0.1343  0.23152  1.68036
0.934916 0.106877 0.214604   1.6812
   0.920938 -0.00584682    0.275489     1.66924
 0.928783 0.0246401  0.263736   1.67934
   0.937694 -0.00203115    0.238523     1.69485
  0.928861 0.00932801   0.244697    1.67495
  0.93238 0.0501976  0.254553   1.68414
  0.93314 0.0622945  0.237756   1.68111
 0.938834 0.0581421  0.233023   1.69387
 0.934225 0.0593366  0.236379   1.68352
 0.945665 0.0230325  0.206842   1.70482
0.942527 0.045523 0.210571  1.69727
 0.948918 0.0475306   0.18838   1.70898
 0.946386 0.0366784  0.190457   1.70272
  0.93267 0.0374815  0.238246   1.68048
  0.93983 0.0443252  0.212603   1.69105
 0.940698 0.0164015  0.210569   1.69331
 0.938166 0.0304979  0.234125    1.6926
0.944819 0.180989 0.177523  1.70028
0.945809  0.17022 0.178549  1.70923
0.931869 0.145458 0.197468  1.68428
0.945796  0.19312 0.214283  1.70204
0.943834  0.19774 0.222613   1.6989
0.941407 0.202689 0.232313  1.69513
 0.93953 0.196333 0.234837  1.69146
0.933158 0.146008 0.216003  1.67957
0.934302 0.201597 0.248175   1.6819
0.930117 0.135328 0.195328   1.6759
 0.93494 0.131379 0.163444  1.68786
  0.855295 0.00273221  0.0948149    1.55399
0.927636 0.153769 0.154971  1.66827
0.930749 0.123473 0.234987  1.67589
0.931851 0.149695  0.22949  1.67533
0.931692 0.131495 0.240491   1.6784
0.932621 0.141465 0.237903  1.67927
0.933371 0.147974 0.235524  1.68047
0.942717 0.191237 0.224135  1.69767
0.934496 0.152294 0.225154  1.68263
0.944875 0.186542 0.214946  1.70227
0.938721 0.153656  0.20267  1.69213
0.942786 0.166079 0.181374   1.7022
 0.782502  0.119019 -0.419594   1.42657
 0.781675  0.112396 -0.417214   1.42234
0.786879 0.114372  -0.4117  1.43115
 0.784151  0.115098 -0.413484   1.42622
 0.779453  0.106029 -0.417734   1.41665
 0.774253  0.102545 -0.419442   1.40547
 0.780636 0.0992283 -0.411941   1.41501
 0.779353   0.10305 -0.415905   1.41475
 0.793123   0.10709 -0.401331   1.43841
 0.788945 0.0960381 -0.401317    1.4275
 0.799934 0.0933162 -0.384908   1.44377
 0.795345  0.100136 -0.392118   1.43773
 0.782689  0.108846 -0.413378   1.42183
 0.786451   0.10088 -0.406462   1.42516
 0.788784  0.109274 -0.404361   1.43067
 0.785906  0.105098 -0.410309   1.42677
 0.774596  0.144405 -0.440698   1.42477
 0.763778  0.159421 -0.452318   1.41032
 0.752878  0.124194 -0.445813   1.37847
 0.754982  0.122495 -0.445211   1.38228
  0.75051  0.122205 -0.445154   1.37244
0.747779 0.121697 -0.44354  1.36516
 0.749747  0.119597 -0.442335   1.36828
 0.749951  0.120762 -0.443211    1.3694
 0.754858  0.118386 -0.442193    1.3793
 0.751801  0.117517 -0.440819   1.37142
 0.754209  0.115307 -0.438865   1.37506
 0.754313  0.116738 -0.440125   1.37622
 0.751865  0.122131 -0.444475   1.37488
 0.751961  0.118778 -0.441854   1.37255
 0.754182  0.120088 -0.443002   1.37862
 0.752484  0.120232 -0.443685   1.37541
 0.768881  0.158901 -0.443645   1.41678
 0.739032  0.210972 -0.429709   1.35937
 0.744055  0.220379 -0.422299   1.36824
  0.73446  0.213509 -0.425333   1.34716
  0.73682  0.218481 -0.421478   1.35113
 0.731304  0.218447 -0.425657   1.34142
 0.733073  0.215889 -0.422885    1.3434
 0.738245  0.217389 -0.424363    1.3563
 0.737436  0.214558 -0.425342   1.35438
  0.82843  0.226086 -0.398404   1.52943
 0.833092  0.224536 -0.393109   1.53676
  0.82769  0.228512 -0.394354   1.52777
 0.829061  0.226136 -0.395059   1.52922
0.838048 0.222964 -0.38745  1.54466
 0.843318  0.220829 -0.381229   1.55297
 0.837362  0.226047 -0.382984   1.54316
 0.838799  0.223057 -0.383511   1.54453
  0.82721   0.23253 -0.388121   1.52607
 0.831679  0.234518 -0.383908   1.53461
 0.83371 0.224638  -0.3896  1.53649
 0.834469  0.228681 -0.384202   1.53798
 0.829277  0.229916 -0.390564   1.52992
 0.832409  0.227096 -0.388961   1.53513
 0.745157   0.13195 -0.451135   1.36673
 0.742263  0.135602 -0.451789   1.36165
0.743531 0.130703 -0.44914  1.36155
 0.741849  0.132757 -0.449581   1.35861
 0.741957  0.130227 -0.447524   1.35667
  0.74229  0.131262 -0.449082   1.35895
 0.742391  0.133955 -0.450805   1.36099
 0.744315  0.132296 -0.450475   1.36452
 0.84405 0.220992 -0.37694   1.5527
 0.845471  0.225994 -0.370178   1.55543
 0.839028  0.227783 -0.378543   1.54536
 0.842677  0.224139 -0.376462    1.5514
0.846899 0.233861 -0.36194  1.55852
 0.833988  0.235235 -0.378064   1.53737
 0.836787  0.231195 -0.376658   1.54138
 0.843003  0.233973 -0.370712   1.55345
 0.870685  0.228433 -0.329032    1.5978
 0.856318  0.230353 -0.349307    1.5737
   0.8687  0.216309 -0.337605   1.59195
 0.861525  0.219706 -0.348579   1.58099
 0.866671  0.209451 -0.346718   1.58803
 0.865194  0.213551 -0.346068   1.58655
 0.859306  0.224555 -0.347793   1.57793
 0.865887   0.22826 -0.340616   1.59111
0.894469 0.183928  -0.3071  1.63156
 0.900106  0.179516 -0.297516   1.64062
 0.895023  0.188534 -0.298012   1.63143
 0.895785  0.185418 -0.300727   1.63276
 0.905607  0.173979 -0.286923     1.649
 0.910235  0.168094 -0.276744   1.65559
 0.906302  0.177701 -0.276361   1.64872
 0.906818  0.175418 -0.279459   1.64977
 0.893257  0.205563 -0.294953   1.63142
 0.899844   0.20688 -0.285903   1.64433
 0.901473   0.18099 -0.289838   1.64157
 0.904417  0.188156 -0.277372    1.6468
 0.897285  0.192678 -0.290289    1.6351
 0.900517  0.185164 -0.288287   1.64038
 0.911864  0.187929 -0.257021   1.65896
 0.917572  0.189692 -0.247058   1.67023
 0.914285  0.169169 -0.259009   1.66057
 0.914486  0.163637 -0.267332     1.662
 0.919157   0.15959 -0.257208   1.66949
 0.915158  0.165759 -0.260192   1.66188
 0.923557  0.158494 -0.235739   1.67433
 0.923483  0.154492 -0.246112   1.67586
0.927023 0.149282 -0.23583  1.68074
 0.924071  0.156523 -0.238166   1.67547
 0.915953  0.173993 -0.250128   1.66297
 0.919848  0.161747 -0.248651   1.66908
 0.921934  0.169631 -0.236406   1.67272
 0.918865  0.166174 -0.248485   1.66794
 0.927613  0.169147 -0.216304   1.68158
 0.932114  0.171393 -0.206461   1.69065
 0.929836  0.150977 -0.218402   1.68368
0.930316 0.145257 -0.22649  1.68565
 0.933902  0.141532 -0.216564   1.69133
 0.930609  0.147851 -0.219042   1.68492
 0.937008  0.139951 -0.195372   1.69391
 0.937088  0.136677 -0.205886   1.69583
 0.939772  0.132047 -0.196294   1.69957
 0.937354  0.138975 -0.198117   1.69508
0.931065 0.156086 -0.20915  1.68534
 0.934238  0.144105 -0.207799   1.69046
 0.935814  0.151858 -0.195539   1.69306
 0.933394  0.148168 -0.208027   1.68935
 0.733839  0.193692 -0.439923   1.34992
 0.737845  0.201401 -0.434723   1.35713
0.730551 0.195396 -0.43616  1.34056
 0.732264  0.199476 -0.433415   1.34346
0.728222 0.198874 -0.43607  1.33582
 0.729426  0.197294 -0.434331   1.33754
 0.733357  0.198649 -0.435996    1.3477
 0.732642  0.196412 -0.436663   1.34603
 0.735154  0.242732 -0.410968   1.34837
 0.739474  0.235974 -0.409984   1.35534
 0.742358  0.242528 -0.404697    1.3603
 0.737571  0.238945 -0.406768   1.35032
 0.745345  0.232526 -0.414147   1.37003
 0.751375  0.244649 -0.403849   1.38059
  0.74413  0.241128 -0.406806   1.36573
  0.74358  0.236834 -0.408642   1.36425
 0.952632  0.117451 -0.114866   1.71477
 0.953182  0.119382 -0.113663   1.71621
 0.951612   0.11603 -0.131824   1.71457
 0.951868  0.113734 -0.145109   1.71714
 0.953559  0.110474 -0.135121   1.71941
 0.951872  0.117476 -0.136878   1.71631
 0.954698  0.109301 -0.114589   1.71922
 0.954741  0.107377 -0.126047   1.72071
 0.955639   0.10527 -0.117925   1.72166
 0.954928  0.111066 -0.120285   1.72081
 0.952545  0.120711 -0.124919   1.71647
 0.953592  0.114476 -0.128038   1.71893
 0.954217  0.118538 -0.116903   1.71933
 0.953408  0.113363 -0.123444   1.71757
 0.849498  0.232782 -0.337202   1.55521
 0.861825  0.238706 -0.323197   1.57953
 0.951757 0.0463957  0.150933   1.70899
 0.955256 0.0706354  0.141043   1.71741
 0.956704 0.0419559  0.140437   1.72006
 0.955083 0.0440652  0.142146   1.71599
  0.95526 0.0907516 0.0877108   1.71362
0.955171 0.084037 0.118842  1.71551
  0.96093  0.031741 0.0964921   1.72586
 0.961007 0.0688242 0.0712155   1.72546
 0.963167 0.0423504 0.0405057   1.73041
 0.962162 0.0242673  0.065458   1.72699
 0.956143 0.0607044  0.115654   1.71609
  0.95921 0.0600134 0.0857582   1.72132
0.958894 0.029442   0.1041  1.72111
0.958317  0.06507 0.105783  1.72082
 0.890839  0.190056 -0.310147   1.62549
 0.892845  0.195717 -0.300282   1.62883
  0.88854  0.201004 -0.308223   1.62305
 0.890537  0.191996 -0.305773   1.62446
 0.887239   0.22244 -0.308161     1.627
 0.889756  0.201366 -0.299984   1.62391
  0.89081  0.201983 -0.299186   1.62627
 0.956764  0.108091 -0.112909   1.72415
 0.957681   0.10757 -0.103383   1.72526
 0.955574  0.113058 -0.109792   1.72124
 0.956288  0.106287 -0.106227   1.72196
  0.958555   0.107832 -0.0945449    1.72653
   0.95909   0.107694 -0.0859701    1.72702
  0.957016   0.114331 -0.0921881    1.72296
  0.957795    0.10748 -0.0877685     1.7239
 0.953949  0.123996 -0.107811   1.71797
  0.954819   0.125133 -0.0996126    1.71929
  0.957033   0.106845 -0.0971844    1.72288
  0.956164   0.112607 -0.0947288    1.72087
 0.955593  0.112394 -0.102437   1.72029
 0.956361  0.112793 -0.100958   1.72211
 0.93251 0.141506 0.221913  1.67647
  0.94932  0.131465 0.0692703   1.70671
  0.94916  0.142403 0.0733218   1.70629
 0.950289  0.140147 0.0700069    1.7083
 0.949731  0.140172 0.0734299   1.70775
 0.950819  0.148569 0.0687712   1.70842
 0.949866  0.152469 0.0699207   1.70612
 0.950291  0.149507 0.0723667   1.70848
0.949098 0.156042 0.077558  1.70589
 0.949771  0.147453 0.0766612    1.7071
0.831412 0.418004 0.029473  1.51571
 0.841666   0.40257 0.0052988   1.52974
 0.847513   0.39711 0.0357515    1.5407
0.839157 0.396402 0.023728   1.5211
  0.855641   0.384701 -0.0127871    1.55351
0.862868 0.382383 0.041469  1.56857
 0.853709  0.383565 0.0328819   1.54779
  0.854489   0.381361 0.00511292    1.54874
0.933543 0.143027  0.23173  1.67986
0.930939 0.089663 0.241643  1.67767
0.929727 0.106727 0.232053  1.67303
0.928668  0.10147 0.248631  1.67467
0.940699 0.103172 0.183946  1.69055
 0.93874 0.103522 0.189055  1.68614
 0.917082 0.0974876  0.278303   1.65743
 0.921801 0.0876655  0.268292   1.66468
 0.916091 0.0844366  0.286995   1.65817
 0.918679 0.0852152    0.2761    1.6595
 0.925608 0.0788347  0.258109   1.66981
 0.930536 0.0730852  0.239872   1.67617
 0.927693 0.0623413  0.258377   1.67462
 0.928353 0.0653718  0.254332    1.6745
 0.914262 0.0626895  0.288885   1.65539
 0.922542 0.0465407  0.269193   1.66689
 0.911854 0.0285835  0.283854   1.65094
 0.918313 0.0384131  0.284244   1.66207
 0.923819 0.0739792  0.266825   1.66781
 0.925272 0.0543042  0.271745   1.67267
 0.918415 0.0677065  0.284301   1.66142
 0.921805 0.0715036  0.275107   1.66659
0.871015 0.293308 0.219257  1.58011
0.875131 0.295592 0.208308   1.5858
0.877628 0.286269 0.216148  1.59059
0.87434 0.28853 0.21338  1.5831
0.881605 0.297086 0.197212  1.59703
0.885062 0.281685 0.214101  1.60408
0.880722 0.284637 0.212728  1.59484
0.880348 0.288791 0.203437  1.59322
0.931799 0.148581 0.228488  1.67472
0.929338 0.115522 0.245118  1.67436
0.893708 0.109916 0.289448  1.61556
0.901512 0.106117 0.295237  1.63197
0.894277 0.090658 0.294658  1.61667
0.897368 0.104697 0.294941  1.62541
0.908508 0.101788 0.292619  1.64408
 0.914742 0.0979975  0.280713   1.65276
0.912497 0.084983  0.29068  1.65107
 0.911799 0.0990711  0.292312   1.65135
 0.898206 0.0632639    0.2969   1.62444
 0.909482 0.0630847  0.294019    1.6461
 0.907094 0.0291285  0.291523   1.64196
 0.903676 0.0583344   0.29745    1.6374
0.904821 0.101187 0.298101  1.63998
 0.908379 0.0827967  0.296867   1.64603
0.899214 0.084542 0.299474  1.62942
 0.904183 0.0866763  0.296614   1.63661
0.922688 0.094448 0.269449  1.66647
0.920292 0.096927 0.269831  1.66111
 0.925026 0.0976108  0.254351   1.66705
 0.929895 0.0854015  0.252224    1.6779
 0.926729 0.0820718  0.256955   1.67127
 0.925211 0.0964416  0.261247   1.67013
 0.778911  0.114984 -0.420056   1.41823
 0.776129  0.121199 -0.426257    1.4167
 0.778686  0.118238 -0.421213   1.41902
  0.77056   0.11655 -0.430474   1.40611
0.769683 0.122784 -0.43585  1.40844
 0.771113  0.119421 -0.430551   1.40796
 0.777023  0.109837 -0.420631   1.41345
 0.772228  0.111216 -0.426284   1.40634
 0.773605  0.105469 -0.422509   1.40609
 0.773949  0.107829 -0.423826   1.40822
 0.774678  0.118227 -0.428454   1.41429
 0.772058  0.113439 -0.427701   1.40731
 0.776535   0.11264 -0.422663   1.41411
 0.774849   0.11524 -0.424997   1.41213
 0.770701  0.149606 -0.448512    1.4211
0.814392 0.226431 -0.41388  1.50652
 0.817113  0.227001 -0.411007   1.51117
 0.812724  0.227911 -0.412169   1.50364
 0.814192  0.226694 -0.412325   1.50537
 0.820317  0.227258 -0.407443   1.51645
 0.824087  0.226965 -0.403244   1.52251
 0.818644  0.229397 -0.404818   1.51339
0.820344 0.227405   -0.405  1.51533
 0.809807  0.230443 -0.407372   1.49714
 0.812984  0.232271 -0.403758   1.50281
 0.816931    0.2272 -0.408988   1.50981
 0.81603 0.229886 -0.40595  1.50835
0.812925 0.228771 -0.40997  1.50332
 0.815438  0.228653 -0.408891   1.50812
 0.812533  0.225442 -0.415817   1.50318
 0.810285   0.22478 -0.416844   1.49965
 0.812019  0.223801 -0.416758   1.50215
  0.8114 0.224269 -0.41629  1.50069
 0.807835  0.223594 -0.416977   1.49492
 0.804214  0.224635 -0.417718   1.48926
 0.807051  0.220722 -0.419845   1.49419
 0.806667  0.222908 -0.417503   1.49274
  0.81283  0.220991 -0.416306     1.503
 0.810863  0.217592 -0.419529   1.50051
  0.81609  0.215956 -0.412469   1.50695
 0.813297  0.216594 -0.415626   1.50258
 0.809269  0.223244 -0.417128   1.49728
 0.809224  0.219568 -0.418258   1.49684
 0.811473  0.221589 -0.416812   1.50046
 0.810037  0.222025 -0.418126   1.49911
0.933243 0.145597 0.228199  1.67861
  0.964984 -0.0276533  0.0259137     1.7372
  0.958951 -0.0682517   0.092422    1.72818
  0.960116 -0.0161089  0.0933839    1.72478
  0.960597 -0.0174101  0.0892803    1.72818
   0.94197 -0.0705156   0.180842    1.70008
   0.91856 -0.0297489   0.247441    1.65703
  0.940639 -0.0238378   0.199682    1.69336
  0.934869 -0.0467465   0.240181    1.69553
  0.955471 0.00978247   0.140652    1.71682
  0.948882 0.00407228   0.166924    1.70442
 0.950755 0.0295391   0.15142   1.70614
 0.951596 0.0187226  0.164828   1.71079
  0.950282 -0.0503637   0.170104    1.71712
  0.947301 -0.0152191   0.193924    1.70816
   0.956229 0.000643447    0.147517     1.72114
  0.952374 -0.0324885   0.150417    1.71352
0.886662 0.191745 0.282985  1.60796
0.890367 0.198255 0.279215  1.61339
0.893394 0.189963 0.280653  1.61934
0.890094 0.192342 0.280531  1.61228
0.895217 0.203109 0.272413    1.621
0.901119 0.187246 0.274447  1.63184
0.895802 0.190792 0.277463  1.62163
0.894434 0.195009 0.274069   1.6183
0.894711 0.122179 0.285008  1.61778
0.895673 0.130062 0.283487  1.62033
0.900197 0.130845 0.290064  1.63004
0.897147 0.128467   0.2846  1.62397
0.895136 0.137932 0.284307   1.6201
0.893603 0.146432  0.28569  1.61788
0.898823 0.147659 0.288158  1.62792
0.895521 0.145277 0.285152  1.62209
0.904144 0.136614 0.288263  1.63648
0.903641 0.144384 0.285107  1.63503
0.908849 0.136402 0.280558  1.64297
0.904938 0.139866  0.28803  1.63831
0.896725 0.136862 0.284072  1.62365
0.900562 0.145402 0.289205   1.6319
0.901372 0.136778 0.290308  1.63337
0.899756 0.139433 0.288712  1.62954
 0.759335  0.154364 -0.453599   1.40137
  0.75944  0.154313 -0.453525   1.40152
 0.759664   0.15459 -0.453945   1.40214
0.759217 0.153376 -0.45454  1.40147
 0.759186  0.153542 -0.454651   1.40149
 0.759244  0.153337 -0.454384   1.40144
 0.759125  0.154117 -0.454657   1.40147
 0.759166  0.153273 -0.454428   1.40128
 0.766513   0.15653 -0.450306   1.41437
 0.759094   0.15339 -0.454559   1.40121
 0.745549  0.130648 -0.450286   1.36678
 0.747101  0.129255 -0.449898   1.36956
 0.743795  0.129482 -0.448781   1.36166
 0.741766  0.129271 -0.446935   1.35575
 0.743074  0.127414 -0.446403   1.35788
 0.743371  0.128364 -0.446961   1.35899
 0.746655   0.12598 -0.447406   1.36626
 0.744436  0.125603 -0.445644   1.35999
 0.745987  0.123672 -0.444722   1.36239
0.746222 0.124762 -0.44546   1.3635
 0.744811   0.12918 -0.448496   1.36357
 0.744681   0.12661 -0.446298   1.36106
 0.746309  0.127301 -0.447872   1.36605
 0.745068  0.127702 -0.448026   1.36355
 0.759154  0.153803 -0.454695   1.40149
0.760447 0.153362 -0.45265  1.40279
0.763909 0.155145 -0.45283  1.41002
 0.765143  0.154327 -0.453893   1.41291
  0.76763  0.153281 -0.453945    1.4178
 0.767442   0.12152 -0.437266   1.40423
 0.763631  0.117514 -0.436337   1.39472
 0.767817  0.115612 -0.432112   1.40099
 0.766564  0.118307 -0.434253   1.39994
 0.761167  0.114411 -0.436666   1.38891
 0.757181  0.113039 -0.436283   1.37955
 0.760633  0.110676 -0.433278   1.38487
 0.760513  0.112363 -0.435004   1.38583
 0.769171  0.110097 -0.428638   1.40088
 0.764457  0.108284 -0.429539   1.39062
 0.768995  0.105584 -0.425025   1.39752
 0.768631  0.107925 -0.427542   1.39843
 0.763359    0.1152 -0.434829   1.39267
 0.764215  0.110244 -0.431667   1.39156
 0.767629  0.113254 -0.430868   1.39929
 0.764837  0.112357 -0.432943   1.39433
 0.758809   0.15341 -0.454366   1.40049
 0.761725  0.151125 -0.448708   1.40315
 0.772055  0.146893 -0.441435      1.42
 0.776298  0.124159 -0.425678   1.41725
 0.774266  0.132158 -0.432204   1.41766
 0.769877  0.124877 -0.434494   1.40834
  0.77469   0.12849 -0.432016   1.41791
 0.764039  0.129565 -0.443985   1.40183
 0.778318  0.136194 -0.430511   1.42618
 0.781058  0.127352 -0.423719   1.42702
 0.784395  0.136758 -0.420244   1.43404
 0.780547  0.131377 -0.421186   1.42523
 0.765963  0.150529 -0.454636   1.41413
 0.759154  0.154659 -0.453855   1.40125
 0.759104  0.154783 -0.453987   1.40122
 0.760206  0.154456 -0.451124   1.40178
 0.759646  0.155086 -0.454099    1.4022
 0.762689  0.156812 -0.452487   1.40773
 0.760714  0.155653 -0.449982   1.40243
 0.760139  0.153616 -0.452843   1.40228
  0.73751  0.152601 -0.459126   1.36009
0.759029 0.153631 -0.45464  1.40116
  0.76581  0.159165 -0.450565   1.41359
 0.759914  0.154288 -0.454064   1.40255
 0.762003  0.154748 -0.449615    1.4047
 0.759671  0.154314 -0.453952    1.4021
 0.759274  0.161602 -0.439925   1.39598
 0.759432  0.154022 -0.453523   1.40144
 0.758845  0.153997 -0.454674   1.40081
   0.7594  0.153978 -0.453646   1.40149
 0.760126  0.154114 -0.454116   1.40298
 0.759295  0.153404 -0.453729   1.40119
 0.759264  0.153431 -0.454212   1.40142
  0.75909  0.153148 -0.453993   1.40085
0.759266 0.153641 -0.45406  1.40139
 0.759329  0.153664 -0.453631   1.40126
 0.759326  0.153734 -0.454012   1.40151
 0.788725  0.141582 -0.407712   1.43786
 0.794599  0.140687 -0.399653   1.44647
 0.789366  0.150114 -0.401646   1.43777
 0.790486  0.142296 -0.401452   1.43861
 0.803582    0.1374 -0.385485   1.45904
 0.819253  0.139424 -0.364586   1.48605
 0.801225  0.154725 -0.379396   1.45506
 0.805395  0.141632 -0.375422   1.46015
 0.788296  0.156737 -0.396628   1.43449
 0.792329  0.161886 -0.389518   1.44145
 0.785876  0.167737 -0.397885   1.43234
 0.788678  0.160473 -0.394576   1.43564
  0.79637   0.14009 -0.389308   1.44532
 0.795683  0.153601 -0.386191   1.44577
 0.790227  0.150293 -0.394852    1.4365
 0.795035  0.149827 -0.390417   1.44483
 0.785653  0.144954 -0.406498   1.43112
 0.785619    0.1493 -0.407175   1.43226
 0.784013   0.15697 -0.399063   1.42638
 0.782221  0.163782 -0.403292   1.42623
 0.779981  0.154044 -0.415836   1.42551
  0.78237  0.156551 -0.407563   1.42687
 0.737285  0.142757 -0.453909   1.35404
 0.738532  0.141221 -0.453539    1.3561
 0.735481  0.142251 -0.451783   1.34849
0.733413 0.142457 -0.44989  1.34242
 0.734537  0.140657 -0.449689    1.3443
 0.735048  0.141414 -0.450049   1.34572
 0.737343  0.138695 -0.451346   1.35138
  0.73553  0.139019 -0.449425   1.34591
 0.736469  0.137367 -0.449193   1.34742
 0.736967   0.13807 -0.449525   1.34878
 0.736542  0.141658 -0.451768   1.35056
 0.736001   0.13973 -0.449795   1.34724
 0.737519  0.139637 -0.451668   1.35216
 0.736362  0.140432 -0.451433   1.34972
 0.731408  0.159562 -0.454111    1.3455
 0.731224  0.164346 -0.452542   1.34514
0.729294 0.159532 -0.45105  1.33869
 0.729055  0.162079 -0.450236   1.33818
 0.727653  0.160436 -0.449793   1.33396
0.728174 0.160589 -0.45028  1.33604
 0.729716  0.162493 -0.452354   1.34142
 0.730468  0.160948 -0.452356   1.34263
 0.763736  0.161237 -0.447591   1.40851
 0.769121  0.155483 -0.448835   1.41894
 0.760927  0.152241 -0.450435   1.40255
 0.749577  0.132062 -0.451452   1.37646
  0.75345  0.129234 -0.450491   1.38355
 0.758825  0.154396 -0.454741   1.40088
 0.763196  0.151223 -0.451057   1.40719
0.758853 0.154716 -0.45466  1.40095
 0.765826  0.159244 -0.446781   1.41203
 0.761186  0.154979 -0.449809   1.40318
 0.758936  0.154913 -0.454465   1.40107
 0.760232  0.154214 -0.449781   1.40114
   0.7598   0.15454 -0.451728   1.40125
 0.759266  0.154997 -0.452426    1.4006
 0.758693  0.154583 -0.454665   1.40059
 0.759869  0.154908 -0.453085    1.4021
  0.75916  0.154944 -0.454076   1.40135
0.759439 0.154861 -0.45399  1.40177
 0.759914  0.154869 -0.449895   1.40067
 0.759317   0.15489 -0.453976   1.40156
0.759207 0.155241 -0.45386  1.40123
 0.759159  0.154683 -0.453802   1.40123
 0.759174  0.154972 -0.454024   1.40131
 0.940106  0.159525 0.0774663   1.69074
  0.94517  0.164159 0.0414662   1.70207
 0.946832  0.162936 0.0656355   1.70347
 0.944111  0.173017 0.0674218   1.70208
    0.956345     0.137741 -0.000239919      1.72495
  0.965043  0.0819364 -0.0183066    1.74023
 0.957697   0.12728 0.0286153    1.7228
 0.957313  0.108318 0.0238568   1.72287
 0.950918  0.152676 0.0641954   1.70925
 0.95426 0.139522 0.053078   1.7149
 0.952258  0.150865 0.0715504   1.71156
 0.952226  0.146576 0.0682406   1.71159
 0.949071  0.160852 0.0394479    1.7111
 0.953679  0.139124 0.0503857   1.71499
 0.949343  0.161227 0.0642038   1.70883
 0.951443  0.152065 0.0410711    1.7117
 0.865915  0.367087 0.0860432   1.57127
 0.87447 0.349927  0.11723  1.58713
0.856487 0.372192 0.103481  1.55444
 0.86229 0.360599 0.119751  1.56485
0.851025 0.375668  0.12199  1.54722
0.855816 0.363488 0.114619  1.55057
0.866144 0.355469 0.114511  1.56992
 0.864561  0.357779 0.0991028   1.56554
  0.807508   0.428488 -0.0975282    1.47554
 0.816538   0.40739 -0.117017   1.48653
   0.82902   0.405989 -0.0882891    1.50954
  0.815588   0.406487 -0.0985338    1.48102
 0.830111   0.38545 -0.134272   1.51002
  0.851965   0.382262 -0.0833938    1.55039
  0.833479   0.392739 -0.0935039    1.51422
  0.82769  0.385794 -0.111251   1.50047
  0.870105   0.346449 -0.0770165    1.57568
 0.954977   0.12591 0.0324432   1.71655
 0.954415  0.132752 0.0364911   1.71529
 0.95483 0.132628 0.029473  1.71587
 0.954733  0.133845 0.0340045   1.71628
  0.95406  0.137375 0.0223997   1.71304
 0.953445  0.142974 0.0311905   1.71292
 0.953398  0.143629 0.0397212   1.71309
  0.951063   0.134766 -0.0990589    1.71083
  0.953235   0.149355 -0.0768405    1.71586
 0.955314  0.136635 0.0199913   1.71652
 0.955238  0.135158 0.0218527   1.71602
 0.956177  0.129738 0.0172727   1.71884
 0.956819  0.124979 0.0155728   1.72033
 0.956341  0.125274 0.0206384   1.71935
 0.956365  0.124389 0.0167086   1.71914
0.955286 0.132916 0.028224  1.71716
 0.955962  0.126123 0.0259617   1.71871
 0.955537  0.126558 0.0312388     1.718
 0.955434  0.125803 0.0268086   1.71737
 0.955916  0.129656 0.0179488   1.71807
 0.955876  0.125322 0.0211147    1.7182
 0.955178  0.131852 0.0211768   1.71652
 0.955819  0.130045 0.0217471   1.71806
 0.956725  0.123815 0.0115245   1.71981
0.956155 0.129114 0.014187  1.71852
  0.956401   0.128195 0.00721699    1.71885
 0.956413  0.130028 0.0118971   1.71936
   0.955435    0.130608 -0.00153308      1.7159
  0.955051   0.137401 0.00794896    1.71601
 0.955108  0.138154 0.0158925   1.71624
    0.95813    0.119225 -0.00967109     1.72251
   0.957606    0.122736 -0.00757591     1.72129
   0.95782   0.120387 -0.0139282    1.72151
  0.957841   0.123383 -0.0103267    1.72205
  0.957399   0.128929 -0.0142661     1.7206
  0.956801   0.125334 -0.0148888    1.71926
   0.956784     0.12867 -0.00777723     1.71952
 0.950142  0.155819 0.0531993   1.70499
  0.957397   0.132026 -0.0210154    1.72142
  0.957856   0.130385 -0.0165351    1.72216
  0.958426   0.121307 -0.0243384    1.72337
  0.959159   0.117728 -0.0268693    1.72509
 0.959047  0.117941 -0.021718   1.72475
  0.958738   0.116906 -0.0235179    1.72384
  0.958169   0.120547 -0.0153729    1.72249
  0.958828   0.118348 -0.0166683    1.72419
   0.95858   0.119864 -0.0115603    1.72374
  0.958395   0.117755 -0.0148319      1.723
  0.958282   0.120429 -0.0204314    1.72274
  0.958638   0.116982 -0.0189629    1.72354
  0.958181   0.119679 -0.0170691    1.72234
  0.958403    0.12061 -0.0194677    1.72314
  0.958808   0.116374 -0.0287553    1.72405
  0.958241   0.121063 -0.0252451     1.7228
  0.958305   0.119721 -0.0316369    1.72291
  0.958434    0.12116 -0.0300157     1.7235
  0.957323   0.124835 -0.0352162    1.72061
  0.957031   0.126734 -0.0335925     1.7203
  0.957048   0.131316 -0.0269103    1.72067
  0.959119   0.111848 -0.0506186    1.72507
  0.958477   0.117391 -0.0470372     1.7237
  0.958394   0.115258 -0.0533342    1.72347
  0.958648   0.115722 -0.0527367    1.72427
  0.957413   0.127349 -0.0550636    1.72194
  0.957282   0.117193 -0.0540585    1.72075
  0.957263   0.123703 -0.0496061    1.72127
 0.952157  0.151576 0.0283636   1.70875
  0.956741   0.122405 -0.0708055    1.72085
  0.957399   0.127231 -0.0629172    1.72248
  0.958102   0.114394 -0.0738482    1.72397
  0.95957  0.108152 -0.077666   1.72755
  0.959827   0.108267 -0.0695852    1.72759
  0.958787   0.108604 -0.0706833    1.72506
  0.958553   0.113492 -0.0586084    1.72402
  0.959825   0.109242 -0.0621652     1.7272
  0.959743   0.111123 -0.0555205    1.72684
  0.959124   0.110081 -0.0567869    1.72519
  0.957977   0.115867 -0.0665526    1.72322
   0.95905   0.109008 -0.0632813    1.72526
  0.958364   0.115915 -0.0581338     1.7237
    0.9584    0.11439 -0.0662753    1.72422
 0.947791  0.188097 0.0148473   1.70255
 0.951751  0.149917 -0.124504   1.71913
 0.943951  0.150363 -0.155508   1.70493
 0.950883  0.131246 -0.132979   1.71517
 0.947291  0.134564 -0.149646   1.70956
 0.949792  0.121227 -0.146809   1.71324
 0.948959  0.124842 -0.147772   1.71189
 0.945784  0.139658 -0.153262   1.70738
 0.948887  0.148378 -0.144241   1.71487
 0.945703  0.171555 0.0624377   1.69578
 0.939863  0.134601 -0.189362   1.69868
 0.940354  0.140315 -0.181099   1.69918
 0.938288  0.143223 -0.188799   1.69617
 0.939555  0.135788 -0.187403   1.69782
 0.936175  0.169298 -0.191391   1.69678
 0.938337  0.141683 -0.180989   1.69455
  0.93879  0.143834 -0.180059    1.6958
  0.956458    0.14124 -0.0372413    1.71999
 0.787094  0.397733 -0.211793   1.43919
 0.795714  0.376529 -0.221989   1.44995
 0.805969  0.382429 -0.199015   1.46875
 0.794091  0.379671 -0.207807   1.44363
 0.808232  0.359358 -0.234014   1.47436
 0.826239  0.368024 -0.193153   1.50683
 0.810313  0.372189 -0.203043   1.47544
 0.805456  0.364158 -0.214521   1.46422
  0.877641   0.350821 -0.0148646    1.58834
 0.78345 0.325763 -0.30843  1.43286
 0.80289 0.336924  -0.2771  1.46767
 0.774311  0.338083 -0.300346   1.41373
0.784357 0.345157 -0.28294  1.43159
 0.768272  0.354778 -0.295246   1.40645
 0.773417  0.341896 -0.289765   1.40909
 0.787288  0.338051 -0.286869   1.43731
 0.781611  0.331572 -0.294482   1.42517
 0.949061   0.16842 -0.096878   1.71146
 0.927217  0.228547 -0.135897   1.67608
 0.911052   0.16986 -0.270189   1.65585
  0.91219  0.176381 -0.261064   1.65768
  0.90868  0.180725 -0.269803   1.65302
 0.910548  0.171908 -0.267457   1.65477
 0.905952  0.204496 -0.272225   1.65395
 0.908725  0.181082 -0.263379   1.65191
 0.909619  0.183409 -0.262147   1.65415
 0.751847  0.312163 -0.352036   1.37797
 0.757324  0.299552 -0.353179   1.38514
   0.7643   0.30772 -0.341389   1.39746
 0.755776  0.303441 -0.346185   1.37987
0.765216 0.291299   -0.358  1.40249
 0.778684  0.305481 -0.337032   1.42671
 0.766721  0.303249 -0.343742   1.40296
 0.763464  0.297024 -0.348793   1.39596
0.923272 0.209557 -0.19149  1.67442
 0.872972  0.219577 -0.327899   1.60027
 0.879351  0.222827 -0.320974   1.61333
 0.871881   0.21088 -0.336246   1.59741
0.871882 0.205641 -0.34374  1.59788
 0.878041  0.200493 -0.334453   1.60718
 0.873324  0.206015 -0.337307   1.59872
 0.885154   0.19808 -0.314283   1.61658
 0.883814  0.195019 -0.325195   1.61575
 0.889263   0.18892 -0.315961   1.62364
 0.885752  0.195742 -0.318846   1.61808
 0.874819  0.213935 -0.328743    1.6021
  0.87964  0.201003 -0.328091   1.60856
 0.883288  0.208551 -0.316115   1.61548
 0.878265  0.205247 -0.326004   1.60664
0.741231 0.274379 -0.38814  1.35934
 0.746277  0.265014 -0.387441   1.36663
 0.750767  0.272702 -0.379606   1.37447
 0.744361  0.268515 -0.382804   1.36119
 0.753264  0.259713 -0.391268   1.38286
 0.762057  0.273536 -0.376959   1.39857
  0.75283  0.270132 -0.381402   1.37991
 0.751447  0.264709 -0.384545   1.37673
 0.758467  0.350195 -0.300136   1.38546
   0.7536  0.339779 -0.315685   1.37699
 0.767839  0.333702 -0.304922    1.3998
 0.762413  0.344903 -0.311699   1.39623
  0.75005  0.328801 -0.330051   1.37101
 0.746922   0.31798 -0.342841   1.36571
  0.76034  0.313771 -0.331918   1.38717
 0.755071  0.323037 -0.339607   1.38345
0.775031 0.322798 -0.31339  1.41531
 0.774972  0.313842 -0.318669   1.41382
 0.758643   0.33393 -0.326411   1.38972
 0.766107  0.319198 -0.327847   1.39987
0.771134 0.328516 -0.31502  1.40885
 0.763525  0.323685 -0.319993   1.39265
0.848912 0.227595 -0.36131  1.56105
  0.85341  0.229586 -0.356632   1.56982
 0.848466  0.222362 -0.369078   1.56074
 0.848899  0.218634 -0.374462   1.56186
 0.854436  0.215567 -0.367329   1.57042
 0.849837  0.218744 -0.369672   1.56187
 0.859463  0.217273 -0.354533   1.57808
 0.860044  0.212773 -0.360049    1.5793
 0.865765  0.209085 -0.352203   1.58813
 0.860983  0.212981 -0.354822   1.57928
 0.850595  0.224202 -0.363834   1.56381
 0.855191  0.215771 -0.362614   1.57013
0.856381 0.221312 -0.35583  1.57264
 0.853856  0.219255 -0.362096   1.56897
 0.814217  0.232861 -0.400053   1.50395
  0.81957  0.230747 -0.401725    1.5143
 0.824412  0.227068 -0.400334   1.52182
 0.825007  0.230737 -0.395428   1.52297
 0.822975  0.229242 -0.399979   1.52024
 0.825238  0.236042 -0.389041   1.52317
 0.817297  0.233062 -0.400008   1.50997
 0.822777  0.235757 -0.395223   1.52048
 0.866957   0.24114 -0.299838   1.58307
 0.807752  0.225077 -0.415483   1.49438
  0.80464  0.227159 -0.414775   1.48936
 0.805678  0.225685 -0.413166   1.48973
 0.810191  0.225773 -0.415527   1.49908
 0.812271  0.225789 -0.414859   1.50222
 0.810756  0.227321 -0.413195   1.49969
 0.811404  0.226232 -0.414964   1.50153
 0.807933  0.229326 -0.408283   1.49318
 0.809241  0.226459 -0.415482   1.49753
 0.808474  0.227917 -0.410862   1.49527
  0.81015  0.227733 -0.413562   1.49889
 0.743856  0.307725 -0.355136   1.36092
 0.740697  0.298149 -0.365142   1.35543
 0.75205 0.295331 -0.35634  1.37386
 0.747882  0.302696 -0.362711   1.37101
 0.738546  0.288517 -0.374213   1.35179
 0.736832  0.279352 -0.382217   1.34892
  0.74729  0.277562 -0.373708   1.36593
  0.74323  0.283466 -0.380343   1.36276
 0.758155  0.287788 -0.361536   1.38772
 0.758815  0.280623 -0.364676   1.38805
 0.745418  0.292914 -0.372068   1.36669
 0.751806   0.28225 -0.371051   1.37581
 0.755124  0.290889 -0.362785   1.38177
0.749207 0.286192 -0.36613  1.36916
0.940008 0.144598 0.179927  1.69423
0.938594 0.146908 0.191309  1.69078
0.932015 0.140194 0.194113  1.68324
0.889071 0.216459 0.311459  1.61147
 0.91723 0.219251 0.278924  1.65644
 0.807561 -0.106681  0.210627   1.45086
0.937671  0.20874 0.243908  1.68941
0.869548  0.16839 0.359378  1.57087
0.906402 0.200876  0.29695  1.63129
0.933966 0.150481 0.225911  1.68033
0.930892 0.215487 0.258742  1.67875
0.933719 0.150661 0.229874  1.68012
0.933547 0.148204 0.231454  1.67989
0.873879 0.260196 0.245655  1.58354
0.872476 0.268314 0.239481  1.58092
0.878288 0.263741 0.236903   1.5903
0.874971 0.267032 0.241452  1.58689
 0.87113 0.276746 0.232734  1.57853
0.869532 0.285212 0.225308  1.57554
0.876091 0.278729 0.222336  1.58604
0.872378 0.283893 0.227678  1.58235
 0.88299  0.26648 0.229067  1.59806
0.883426 0.269666  0.22123  1.59814
0.873792 0.275397 0.234721  1.58484
0.877964 0.277185 0.226056  1.59073
0.879404 0.269988 0.232497  1.59366
0.876991 0.271832 0.229842  1.58802
0.933275 0.138583 0.225439  1.67862
0.931814 0.149084  0.24157  1.67855
0.933545 0.127188  0.22094  1.67924
0.931886 0.150386  0.23022  1.67498
0.933629 0.119178 0.232773  1.68176
0.933184 0.153027 0.228739  1.68144
0.938312 0.081762 0.201482  1.68583
 0.947535 0.0522563  0.186799   1.70505
0.942249 0.062511 0.196448  1.69378
 0.943672 0.0597495  0.198927   1.69795
  0.93729 0.0664732  0.217608    1.6862
  0.93472 0.0693577  0.220344   1.68077
 0.939787 0.0752821  0.211838   1.69156
0.932066 0.146804 0.226609  1.67569
0.885533  0.26487 0.231551  1.60394
0.889043 0.250992 0.242076  1.61101
0.880075 0.262209 0.239429  1.59458
0.882243 0.253997 0.244565  1.59883
0.876396 0.258774 0.247319  1.58947
0.879399 0.256166  0.24271  1.59245
0.884959 0.253948 0.241828  1.60259
0.884335 0.257823 0.235464  1.60059
 0.934186 0.0866318  0.239365   1.68469
0.935342 0.101332 0.224852  1.68459
 0.932081 0.0977121  0.229328   1.67741
0.945867 0.190591  0.20501  1.70183
0.946526 0.180092 0.205638  1.70577
0.933787 0.148206 0.214744  1.68254
0.933173 0.147087 0.194828  1.68634
0.933836 0.151319 0.232096  1.68145
0.933878 0.153851 0.226314  1.68268
0.931387 0.143339 0.218355  1.67468
0.930225 0.185163 0.229428  1.67872
0.924736 0.205427 0.266926  1.66448
0.931503 0.144548 0.238446  1.67714
0.927483 0.127503 0.194029  1.66844
0.934141  0.15257 0.229584  1.68171
0.928096  0.12938 0.195435  1.67386
0.924296 0.161548 0.255153  1.66716
0.932996 0.128482 0.192245  1.67851
0.931574 0.199148 0.241721  1.67875
0.931198 0.131958 0.181539  1.67791
0.930692 0.141696  0.22143  1.67411
0.912656 0.081876 0.197601  1.64161
 0.881665 0.0903126  0.126471   1.58757
0.907806 0.139666  0.31143  1.63445
0.909229 0.118138  0.14549  1.63267
0.924029 0.109102 0.185688  1.66352
0.918883 0.114468 0.143626   1.6518
0.887438 0.236149 0.253885  1.60628
 0.88767 0.239528 0.247609  1.60604
0.883056 0.232356 0.260482  1.59918
0.878716 0.227458  0.26748  1.59249
0.877378 0.235541 0.262775  1.58994
0.879636 0.234184  0.26429  1.59533
 0.88097 0.247071 0.249222  1.59513
0.876193 0.243712 0.257461  1.58774
   0.875 0.251628 0.251664  1.58543
0.877415 0.250307 0.253649  1.59127
0.883994 0.238423 0.257035  1.60201
0.878557  0.24234  0.25914  1.59339
0.882591 0.245409 0.252248  1.59915
 0.88175 0.240335 0.255044  1.59686
0.893923 0.154596 0.286398  1.61986
0.897932 0.163216 0.287734  1.62709
 0.89944 0.154014 0.288367  1.63028
0.897342 0.156503 0.287456  1.62551
 0.90296 0.166361 0.282078  1.63407
0.908614 0.149067 0.281779  1.64484
0.904506 0.151247 0.285774  1.63756
0.902822 0.153167 0.285013  1.63377
0.902721 0.160938 0.282265  1.63406
0.891761 0.155846 0.287072  1.61516
0.889752 0.165275 0.287526  1.61185
0.895924 0.165311 0.287112  1.62261
0.892054 0.163837 0.287249  1.61696
0.887764 0.174748 0.286746  1.60849
0.885894 0.184013 0.284935  1.60523
0.892665 0.182207 0.282955  1.61667
0.888411 0.182325 0.285332  1.61096
0.900391 0.168858 0.280839  1.62822
0.900574 0.173831 0.276479  1.62833
0.890228 0.173137 0.286851  1.61404
0.894648  0.17982 0.284689  1.62119
0.896444 0.171919 0.286582  1.62477
0.894088 0.174242 0.285665  1.61952
0.932299  0.13531 0.232541  1.67773
 0.89472 0.270081 0.215959  1.62104
0.933172 0.144309 0.232219  1.67919
0.936135 0.194058 0.226893  1.68761
0.929889 0.132201 0.241643  1.67445
0.938845   0.1888 0.214285  1.69336
0.931127 0.147641 0.226822  1.67376
0.934096 0.151643 0.226665  1.68203
0.940458 0.183768 0.202371  1.69712
0.933339 0.147914 0.216101   1.6814
0.930885 0.140634 0.198636  1.67903
0.931158 0.148738 0.200998   1.6834
0.935266 0.182988 0.217494  1.68729
0.931302 0.142277 0.194959   1.6801
0.937794 0.157209 0.182475  1.69584
 0.94041 0.156048 0.197753  1.69526
0.933116 0.150186 0.215474  1.68246
0.941468 0.159139 0.194924  1.69751
0.936991 0.156309 0.205793     1.69
0.939696 0.161261 0.180109  1.69861
0.940603 0.162888 0.196358  1.69598
 0.761984  0.120408 -0.438519   1.39291
 0.763268  0.123208 -0.439713   1.39698
 0.755987  0.123627 -0.443526   1.38361
 0.759981  0.116881 -0.437953   1.38751
 0.756422   0.11888 -0.441039   1.38202
 0.757125  0.114645 -0.437827   1.38055
 0.757669   0.11647 -0.439603   1.38345
 0.757406  0.121473 -0.441118   1.38484
0.760611 0.119728 -0.43981  1.39062
 0.769493  0.142528 -0.450165   1.41841
0.751941 0.125832 -0.44711  1.37755
 0.747849  0.129413 -0.449295    1.3708
 0.750003  0.123739 -0.445734   1.37197
 0.747752  0.125941 -0.446853   1.36822
 0.747941  0.122856 -0.444403   1.36619
  0.74839  0.124135 -0.446103    1.3688
  0.74846  0.127502 -0.447802   1.37082
 0.750816  0.125695 -0.447238   1.37513
0.764316  0.15281 -0.45422  1.41105
 0.769857  0.130688 -0.441726   1.41314
 0.770715  0.135213 -0.438981   1.41423
  0.74113  0.137188 -0.451511   1.35939
 0.741866  0.135797 -0.451754   1.36082
  0.73905  0.135796 -0.450249   1.35364
 0.737364  0.135802 -0.448771   1.34874
 0.738472  0.134198 -0.448294   1.35048
 0.738774  0.135055 -0.448738   1.35153
  0.74112  0.132883 -0.449893    1.3573
 0.739572  0.132584 -0.447948   1.35231
 0.740581  0.130956 -0.447551   1.35391
 0.740821  0.131846 -0.448031   1.35486
 0.740029  0.135404 -0.450115   1.35555
 0.739819  0.133416 -0.448372   1.35322
 0.740897  0.133921 -0.450136   1.35718
 0.740098  0.134317 -0.449938   1.35538
 0.737781  0.136602 -0.449188      1.35
 0.739053  0.136856 -0.450595   1.35408
 0.738282  0.138183 -0.451273   1.35319
0.738058 0.137123 -0.45083   1.3522
 0.739368  0.140271 -0.453923   1.35789
0.739038 0.138857 -0.45273  1.35611
 0.740011  0.138274 -0.451964   1.35754
 0.773674  0.158566 -0.432726   1.42163
  0.73735  0.143995 -0.454574   1.35486
 0.735333  0.147915 -0.454679   1.35149
 0.735504  0.143297 -0.452064   1.34893
 0.734331  0.145355 -0.452114   1.34688
 0.733887  0.143286 -0.450318   1.34382
0.734241 0.144039 -0.45178   1.3462
0.734932  0.14626 -0.45388  1.34977
0.736389 0.144818 -0.45357  1.35231
 0.780383  0.174584 -0.408321   1.42635
 0.776676  0.162053 -0.417408   1.42085
 0.777525  0.166825 -0.416404    1.4229
  0.73373   0.15127 -0.455061   1.34913
0.732506 0.155561 -0.45444  1.34706
 0.731766  0.150818 -0.452308   1.34279
 0.730976  0.153103 -0.451982   1.34137
 0.730124  0.151173 -0.450806   1.33782
0.730551 0.151691 -0.45182  1.34008
 0.731609  0.153801 -0.453917   1.34445
 0.732779  0.152334 -0.453747   1.34645
0.788933 0.193175 -0.44587  1.46272
 0.790597  0.194818 -0.448451   1.46723
 0.790131  0.201162 -0.444722   1.46696
  0.78981  0.202506 -0.440734   1.46504
 0.783892  0.194407 -0.451445    1.4556
 0.787629  0.198949 -0.449192   1.46339
 0.730708  0.169102 -0.451344   1.34446
 0.731601   0.17443 -0.448762   1.34586
 0.728426  0.169529 -0.447984   1.33716
 0.728754  0.172325 -0.446656   1.33758
 0.726787   0.17104 -0.447001   1.33274
 0.727414  0.170768 -0.446914    1.3346
 0.729449  0.172467 -0.448925   1.34098
 0.729777  0.170823 -0.449106   1.34138
 0.768959  0.158998 -0.437753   1.41432
  0.72991    0.1786 -0.446803   1.34217
 0.730502   0.17669 -0.446874   1.34298
 0.727807  0.179559 -0.443369   1.33532
 0.725185  0.181796 -0.442695   1.32929
 0.725219  0.178609 -0.443914   1.32936
 0.726914  0.179926 -0.443859   1.33311
 0.727671  0.173667 -0.445887    1.3352
0.725228 0.175576 -0.44499  1.32933
 0.725313  0.172635 -0.446047   1.32948
 0.726862  0.173848 -0.446012   1.33292
 0.729004  0.178081 -0.444285   1.33797
 0.726834  0.176866 -0.444978   1.33292
0.728678 0.175069 -0.44571  1.33752
 0.727582   0.17646 -0.444593   1.33483
 0.736641  0.149829 -0.458105   1.35706
 0.739124  0.147032 -0.457631   1.36135
 0.725571  0.197031 -0.436378   1.33008
 0.725287  0.192881 -0.438262   1.32956
 0.728949  0.193565 -0.436598   1.33702
 0.727656  0.194609 -0.438061   1.33474
 0.725186  0.188986 -0.439883   1.32935
0.725096 0.185218  -0.4414  1.32915
 0.728288  0.186124 -0.440243   1.33597
 0.727162  0.186807 -0.441289   1.33371
0.731566   0.1918 -0.44034  1.34491
  0.73203  0.189433 -0.440536   1.34538
 0.727343  0.190617 -0.439747    1.3341
 0.729682  0.187869 -0.439909   1.33911
 0.730398  0.191611 -0.437931   1.34029
 0.728396  0.189619 -0.438479   1.33596
0.735104 0.168891 -0.45684  1.35741
 0.797828   0.22587 -0.415644   1.47587
 0.786853  0.226193 -0.409742    1.4502
 0.789772  0.229962 -0.408828   1.45685
 0.736504  0.178941 -0.452807   1.36027
 0.738745  0.201004 -0.439555   1.36262
  0.73724  0.196662 -0.440674   1.35904
 0.735724  0.208634 -0.430604   1.35227
 0.736089  0.205602 -0.430996   1.35242
 0.732274  0.211306 -0.426094   1.34243
 0.727786  0.216268 -0.426258   1.33391
 0.727126  0.211191 -0.429127    1.3328
 0.730344   0.21323 -0.428629    1.3397
 0.73064 0.201922 -0.43171  1.33976
 0.726476  0.206228 -0.431728   1.33163
 0.726091  0.201477 -0.434163     1.331
  0.72896  0.203381 -0.433766   1.33716
 0.734049   0.20876 -0.428028    1.3465
 0.729556  0.208288 -0.431326   1.33828
 0.732718  0.204057 -0.431047   1.34427
 0.731185  0.206362 -0.429009   1.34047
 0.74786 0.206557 -0.43698  1.38175
 0.740985  0.229717 -0.415664   1.36083
 0.741755  0.225651 -0.416495   1.36169
 0.736579   0.23307 -0.411219    1.3491
0.730524 0.239808  -0.4119  1.33841
 0.729873  0.233425 -0.415896   1.33734
 0.734017  0.236057 -0.415146   1.34627
 0.734703  0.221578 -0.418995   1.34623
 0.729273  0.227415 -0.419548   1.33636
  0.72858  0.221687 -0.423023   1.33523
 0.732322  0.223978 -0.422349   1.34322
 0.738909  0.229977 -0.414019   1.35455
 0.733168  0.229855 -0.418868   1.34473
0.737307 0.224239 -0.41798  1.35187
 0.735387  0.226985 -0.415432   1.34711
 0.816516  0.262694 -0.353374   1.49908
 0.773569  0.244115 -0.393557   1.42114
 0.844618  0.244726 -0.339908    1.5489
0.799667  0.24439 -0.38433  1.47095
  0.88761  0.236604 -0.270297   1.61941
 0.805703  0.274189 -0.349789   1.48008
 0.798647  0.357025 -0.240617   1.45403
 0.798724  0.345719 -0.249465   1.45224
 0.788648  0.371871 -0.228427   1.43423
 0.776026  0.393176 -0.218463   1.41487
0.771134 0.383119 -0.24054  1.40623
 0.781242  0.388441 -0.234788   1.42877
 0.779928  0.352031 -0.268134    1.4195
  0.76716  0.372103 -0.261689   1.39956
 0.762991  0.360904 -0.281154   1.39253
 0.772834  0.366207 -0.276072   1.41413
 0.792876  0.366708 -0.243225   1.44575
 0.777283  0.377393 -0.256215   1.42191
0.786798 0.357733 -0.26214  1.43485
 0.783875   0.36222 -0.250233   1.42636
 0.906494  0.225062 -0.231941   1.64885
 0.794893  0.426279 -0.106254   1.44783
 0.787716  0.421246 -0.136541   1.43472
 0.808442  0.403834 -0.125798   1.46823
 0.799473  0.425953 -0.128264    1.4614
 0.783303  0.413016 -0.165888   1.42697
0.779623 0.402968 -0.19225  1.42027
 0.799942  0.388113 -0.178378    1.4528
0.790626 0.408793 -0.18517  1.44532
 0.820313  0.384271 -0.142047   1.48873
 0.820918  0.371733 -0.156409   1.48742
 0.794943  0.418276 -0.158086   1.45334
 0.806995  0.394571 -0.169723   1.46945
 0.813077  0.401709 -0.145654   1.48122
0.803387 0.397659 -0.15503  1.45965
  0.93743  0.191456 -0.153211   1.69641
 0.820646  0.417953 0.0210694   1.49136
   0.814077    0.423656 -0.00893839     1.47993
   0.833744    0.402083 -0.00452811     1.51167
    0.825165     0.424859 -0.000299126      1.50514
  0.808168     0.4267 -0.0403665    1.46994
  0.801853   0.427163 -0.0725312    1.45912
 0.824227  0.405062 -0.062968   1.49527
  0.813988   0.429468 -0.0636548    1.48631
  0.847013    0.38322 -0.0225945    1.53337
   0.84903   0.374416 -0.0432652    1.53551
  0.819848   0.428375 -0.0316562    1.49627
  0.832218   0.408162 -0.0521083    1.51379
  0.837643   0.407102 -0.0238953    1.52366
  0.828837   0.405803 -0.0343724    1.50368
  0.955045   0.137453 -0.0252794     1.7152
0.844589  0.37776 0.117717  1.53286
 0.838804  0.389249 0.0985578   1.52271
 0.851554   0.37358 0.0973468   1.54312
0.845888 0.387943 0.104145  1.53885
 0.832962  0.400258 0.0759887   1.51263
 0.826839  0.409093 0.0506232   1.50159
 0.843603  0.389253 0.0535418   1.52872
 0.836085  0.409383 0.0587904   1.52302
 0.859483  0.368739 0.0799608   1.55667
 0.860118  0.368282 0.0617867    1.5568
 0.841241  0.399324 0.0826802   1.53151
 0.849241  0.389714 0.0636935   1.54233
 0.853724  0.382011 0.0839203   1.55063
 0.847328  0.383281 0.0759709   1.53594
 0.949939  0.137406 0.0826752   1.70435
0.952486 0.131251 0.106558  1.71175
0.871679 0.332654 0.147697  1.57784
0.872298 0.334089  0.13433  1.57788
0.864953 0.333403 0.161322  1.56624
0.858915 0.334052 0.176737  1.55715
0.856006 0.343967 0.164326  1.55196
0.860406 0.342609 0.167888  1.56222
0.860047 0.351405 0.132839  1.55755
0.853011 0.354452 0.150424   1.5469
0.849251 0.365234 0.135157  1.54042
0.854741 0.363665 0.139351  1.55299
0.866751 0.341165 0.151979  1.57187
0.857933 0.352896 0.154139  1.55822
0.863716 0.350218 0.138877  1.56634
0.862402 0.343217 0.147386  1.56195
0.934362 0.128345 0.219701  1.68137
 0.89026 0.331444 0.121958   1.6159
0.878141 0.299022 0.194316  1.58913
0.878543 0.301695 0.184529  1.58899
0.872754 0.297218 0.205204  1.58018
0.867879 0.294886 0.217227  1.57284
 0.86578 0.304291 0.208749   1.5691
0.869008 0.302852 0.211121  1.57665
0.869537 0.313894 0.185309  1.57419
0.863624 0.314115 0.199145  1.56535
0.861276 0.323528 0.188539  1.56103
0.865089 0.322184  0.19173  1.57004
0.874093 0.304563 0.198755  1.58439
0.867191 0.312597 0.201736  1.57366
0.872006 0.312486 0.189955  1.58029
0.870948 0.306539 0.195478  1.57714
0.933356 0.138802 0.224827  1.67895
0.935272 0.128301  0.20288  1.68242
0.927125 0.130142 0.249028  1.67117
0.892644 0.299226 0.177737  1.61764
0.892748  0.20497 0.271623  1.61574
0.892688 0.208683 0.266518    1.615
0.888643 0.200062 0.277681  1.60946
0.884207   0.1934 0.282578  1.60239
0.882626 0.201981  0.27958   1.5995
0.884892 0.200468 0.280453  1.60477
 0.88599 0.215688 0.269506  1.60451
0.881296 0.210528 0.275957  1.59713
0.879966 0.218772 0.271865  1.59465
0.882237 0.217311  0.27311  1.60001
0.889393 0.206547  0.27506  1.61192
0.883573 0.209028  0.27694  1.60244
0.887613 0.213853  0.27182  1.60838
0.886988 0.208599 0.273854  1.60659
0.919927 0.113383 0.271675  1.66283
0.923366  0.12144 0.259629  1.66722
0.918678 0.119783 0.271916  1.65959
 0.91446 0.109962  0.28114  1.65368
0.908819  0.11257 0.293591  1.64629
0.910805 0.118318 0.284782  1.64694
0.911095  0.11144 0.283389   1.6466
0.902925  0.11623 0.295862  1.63645
0.897052 0.118757 0.288807   1.6241
0.901933 0.127326 0.292774  1.63438
0.900512 0.120635 0.292652  1.63044
0.906058 0.133329 0.290059  1.64105
0.910051 0.129697 0.283662   1.6457
0.908842 0.131124 0.283133  1.64294
0.906172 0.116194 0.291976  1.64003
0.904973 0.126922 0.290193  1.63772
0.909254 0.122105 0.282451  1.64303
0.906945 0.123565 0.292219  1.64251
0.925843 0.145389 0.256883  1.66992
0.915624 0.114109 0.279772  1.65533
 0.91316   0.1176 0.279444  1.64977
0.914964 0.124119 0.272046  1.65138
0.912794 0.128748 0.280813  1.65071
0.924884 0.124901 0.256763  1.66741
 0.794159  0.204827 -0.438806   1.47391
   0.7948  0.198806 -0.443528    1.4751
 0.801642  0.201328 -0.436805    1.4867
 0.796408  0.201595 -0.439201   1.47684
 0.793929  0.195583 -0.447107    1.4738
 0.790549  0.188803 -0.442246   1.46378
 0.797632  0.187768 -0.438964   1.47662
0.793549 0.189592 -0.44095  1.46933
 0.811123  0.196272 -0.433598   1.50341
 0.807394  0.186075 -0.434233   1.49432
 0.827495  0.185643 -0.422973   1.53174
 0.812602  0.188032 -0.430367   1.50336
 0.795933  0.196386 -0.444585   1.47678
 0.801171   0.18859 -0.437362   1.48306
 0.803393  0.197414 -0.437252   1.48891
  0.80084  0.194841 -0.442325   1.48564
 0.739663  0.191001 -0.446542   1.36612
 0.955909 0.0982752 0.0935551     1.716
 0.953989  0.144518 0.0772029   1.71521
 0.954616  0.124545 0.0656964   1.71405
 0.960787 0.0706265 0.0687392   1.72486
 0.958719   0.10462 0.0564932   1.72258
 0.962761 0.0438733 0.0347076   1.72949
 0.961327 0.0945916 0.0401016   1.72789
 0.956423   0.12026 0.0608156   1.71785
 0.958345   0.10912 0.0841105   1.72259
0.932958 0.137055 0.214061  1.67801
 0.759512  0.153948 -0.453491   1.40156
 0.759241  0.153254 -0.453818    1.4011
 0.759818  0.154196 -0.454083   1.40241
 0.758993  0.153368 -0.454335   1.40085
 0.758906  0.153639 -0.454528   1.40081
 0.759096   0.15323 -0.454124   1.40094
 0.758941  0.153203 -0.454182   1.40064
0.760511 0.152599 -0.45073  1.40186
 0.761181  0.151639 -0.448796   1.40212
  0.74357  0.138017 -0.455246   1.36729
 0.746941  0.135248 -0.454336   1.37328
 0.761166  0.157632 -0.452712   1.40494
 0.762508  0.151986 -0.450047    1.4054
 0.765243  0.151636 -0.456292    1.4138
 0.760357  0.151304 -0.450666   1.40129
 0.758021  0.127122 -0.445745   1.38999
 0.762642  0.126843 -0.444122    1.3988
 0.760255  0.152334 -0.452748   1.40228
 0.760913  0.150006 -0.449029    1.4014
 0.767196  0.148768 -0.455985    1.4172
 0.748704   0.13509 -0.453563   1.37645
 0.767919   0.14516 -0.449748   1.41503
0.759032 0.154882 -0.45416  1.40112
 0.758981  0.155065 -0.454343   1.40112
0.759393 0.155268 -0.45352  1.40142
0.758793 0.154896 -0.45456   1.4008
 0.762066  0.157567 -0.452715    1.4067
 0.760273  0.157855 -0.453039    1.4033
 0.758659  0.154147 -0.454642   1.40043
 0.760051  0.152664 -0.452813   1.40191
 0.758712  0.153741 -0.454528   1.40042
 0.759899  0.153681 -0.454212   1.40247
 0.759714  0.153906 -0.454133   1.40216
 0.763675  0.149103 -0.460072   1.41201
  0.75948   0.15368 -0.453526   1.40145
0.758223 0.153496 -0.45376  1.39898
 0.759376  0.153512 -0.453468   1.40121
 0.759016  0.153107 -0.453736   1.40054
 0.758653  0.153385 -0.454045   1.39999
 0.759202  0.153241 -0.453915   1.40107
 0.759363  0.153545 -0.453679   1.40134
 0.758819  0.153085 -0.453811   1.40016
 0.773779  0.159579 -0.424767   1.41809
  0.73373  0.157247 -0.458196   1.35272
  0.73577  0.154407 -0.457864   1.35613
 0.740868  0.142222 -0.456737   1.36338
 0.742573  0.149573 -0.463636   1.37193
0.760593 0.150861 -0.45061  1.40173
 0.735468   0.16019 -0.458822   1.35737
 0.763738  0.158979 -0.453858   1.41081
 0.758496  0.154153 -0.454425   1.39995
 0.762379  0.159146 -0.454348   1.40835
 0.758547  0.154646 -0.454621   1.40023
 0.758666  0.155007 -0.454629   1.40053
 0.756845  0.160806 -0.448626   1.39506
 0.760096  0.155649 -0.450418   1.40141
 0.759481   0.15484 -0.450643   1.40015
  0.75879  0.155054 -0.451523   1.39923
 0.758346  0.154284 -0.454394   1.39964
 0.759557  0.155031 -0.451813   1.40089
 0.758981  0.155274 -0.454436   1.40112
 0.759283  0.155271 -0.454268   1.40161
 0.759456  0.155953 -0.450653   1.40026
 0.759166  0.155241 -0.454365   1.40145
 0.758966  0.155352 -0.453946    1.4008
 0.948307  0.161522 0.0831418   1.70359
 0.949722  0.158627 0.0865902   1.70683
 0.881835  0.356749 0.0600481   1.60123
0.905445 0.266035 0.192096  1.63695
 0.950186  0.159102 0.0733614   1.70686
 0.954361  0.150813 0.0258735   1.71441
   0.953992    0.146218 0.000920162     1.71277
  0.955869   0.142739 0.00100448     1.7174
  0.955948   0.144326 -0.0155873    1.71826
  0.953746   0.148729 -0.0551875     1.7151
 0.947637  0.169787 0.0350077   1.69937
 0.950337   0.16883 0.0319599    1.7061
   0.95511   0.132638 -0.0570634    1.71669
  0.85002  0.348508 -0.178841   1.54978
  0.951735   0.160212 -0.0099513    1.70856
  0.949742   0.164951 0.00859043    1.70383
0.940374 0.149427  -0.1469  1.69449
 0.946082  0.163761 -0.130083   1.70817
 0.930113  0.174573 -0.186904   1.68236
 0.828093  0.324305 -0.263335   1.51615
  0.853171   0.363119 -0.0848946    1.54448
 0.845225  0.346462 -0.115287   1.52409
 0.915284  0.193023 -0.226022   1.66046
  0.89754  0.210238 -0.263631   1.63369
 0.798265  0.302365 -0.327034   1.46591
 0.911452   0.25028 -0.177639   1.65277
 0.878602  0.226996 -0.294395   1.60419
0.779213 0.276442 -0.37065  1.43481
 0.891086  0.267288 -0.222229   1.62107
 0.827573   0.23844 -0.369247   1.52151
 0.839239  0.243384 -0.357566   1.54391
0.840829 0.275112 -0.31303  1.54022
 0.809754  0.234453 -0.392795   1.49213
 0.819744  0.240558 -0.384309   1.51182
 0.801516  0.229863 -0.414897   1.48429
  0.79808  0.238334 -0.400983    1.4732
 0.806308  0.232858 -0.410175   1.49312
0.928229 0.127512 0.198896  1.67452
 0.907735 0.0729136  0.207322   1.62556
0.926662 0.127051 0.194673  1.66726
0.911102 0.195211 0.286177   1.6399
0.923723 0.202231 0.260847  1.66401
0.897313 0.151625 0.310854  1.61156
0.905671 0.168571 0.303168  1.62915
0.932486 0.149038 0.226984  1.67598
0.917291 0.185511 0.272181   1.6504
 0.93248 0.150172 0.229649  1.67646
0.932504 0.148896 0.229765  1.67699
0.932821 0.145211 0.228048  1.67766
0.897783 0.242258 0.241152  1.62605
0.930185 0.149701 0.231217  1.67074
0.933278 0.132914  0.21447  1.67794
0.932798 0.151313 0.235848  1.67966
 0.948351 0.0733259  0.180399   1.70687
 0.946205 0.0752991  0.192815   1.70359
 0.940516 0.0932147  0.199055    1.6917
    0.945 0.0984055  0.184009   1.70076
 0.944374 0.0860103  0.183802   1.69802
0.929567 0.149835 0.231378  1.66999
0.930052 0.148284  0.22721  1.67128
0.935363 0.119963 0.203215  1.68134
0.904641 0.291319 0.121219  1.63201
0.937223 0.111536 0.212072  1.68696
0.940373 0.173915 0.189244  1.69904
0.937937 0.169766 0.192229  1.69402
0.932403 0.150446 0.197923  1.68541
0.937471 0.177989 0.205549  1.69229
0.933578 0.154175 0.232128  1.68155
0.932459 0.155861 0.228657  1.68091
0.931993 0.186999  0.23115  1.67989
 0.92951 0.147448 0.230125  1.66901
0.926429 0.189072 0.248374   1.6683
0.927847  0.14059 0.224404  1.66661
0.922634 0.117945 0.197132  1.65592
0.930546 0.140336 0.204431  1.67308
0.922495 0.112547 0.200184  1.65996
0.928797 0.153842 0.222568  1.67556
0.920258  0.10183 0.211543  1.65566
 0.91117 0.138248 0.274925  1.63431
0.918546 0.181477 0.259194  1.65398
 0.892373 0.0314174  0.247404   1.59094
0.917441 0.101349 0.190108  1.65005
0.913239 0.153109 0.276312  1.64223
0.906813 0.185028 0.267135  1.63929
0.909392 0.148764 0.278912  1.64375
0.907858 0.161626 0.273851   1.6409
0.902078 0.213528 0.258773  1.63301
0.929798 0.141054 0.247234  1.67565
 0.92903 0.149256 0.233286  1.66824
0.902959 0.229925 0.230769  1.62933
0.932875 0.152751 0.235847  1.68047
0.933923 0.181514 0.218878  1.68615
0.936849 0.176532 0.210259  1.69161
0.928879 0.152694 0.249027  1.67439
0.932404 0.149579 0.217713  1.68094
0.930415 0.144347 0.202945  1.67928
0.930011 0.151607  0.20583  1.68122
 0.93091 0.177108 0.222668  1.67949
0.931047 0.146127 0.198871  1.68066
0.940928 0.166186 0.203776  1.69432
0.938746 0.157629 0.203082  1.69269
0.931659 0.152141 0.217511   1.6807
0.940514 0.160155  0.20358  1.69419
0.936691 0.160165 0.206366  1.68957
 0.755271  0.130555 -0.448543   1.38638
 0.763468  0.150412 -0.456957    1.4102
 0.762081  0.150189 -0.451481   1.40488
0.764611 0.139072 -0.45234  1.40866
 0.743916  0.140648 -0.456544    1.3693
 0.765826   0.16206 -0.439021   1.40903
 0.759596  0.151708 -0.453011   1.40092
 0.740774  0.146078 -0.458204   1.36486
 0.768899  0.163883 -0.426835   1.40969
 0.760109  0.162079 -0.444583   1.39998
 0.771155  0.184592 -0.444506   1.42495
 0.745966  0.143111 -0.461593   1.37653
0.732313 0.165767 -0.45674  1.35084
 0.733687  0.162739 -0.456687   1.35297
 0.745162  0.184986 -0.453628   1.37904
0.740552  0.16703 -0.46267  1.37083
 0.732559  0.175586 -0.453281   1.35156
 0.733259  0.172293 -0.453539    1.3524
0.741881 0.175401 -0.45941  1.37346
 0.734344  0.187139 -0.447611   1.35469
 0.734431  0.183342 -0.448188   1.35429
 0.762724  0.221376 -0.416228   1.40358
 0.755907  0.194455 -0.451216   1.40105
   0.7862  0.206082 -0.440727   1.45923
 0.777419  0.199251 -0.449947   1.44413
 0.779882  0.205254 -0.440148   1.44566
0.745589 0.220692 -0.42778   1.3755
 0.744694  0.214955 -0.429118   1.37279
 0.757364  0.206533 -0.434199   1.39791
 0.753296  0.244367 -0.406936   1.38728
0.752842 0.235818 -0.41019  1.38551
 0.766372  0.250301 -0.401499   1.41405
 0.763724  0.271081 -0.378167   1.40327
 0.762102  0.260721 -0.383486    1.3991
 0.789708  0.252986 -0.385452   1.45464
 0.779434  0.299467 -0.337659   1.42806
 0.774815  0.287744 -0.346077   1.41767
 0.802563  0.326867 -0.279488   1.46539
0.793963  0.31461 -0.29189  1.44635
  0.86719  0.279171 -0.266796   1.58432
 0.856679  0.265753 -0.305097   1.57018
 0.828947  0.352516 -0.192125   1.50635
0.824092 0.336191 -0.21044  1.49384
  0.938693   0.205181 -0.0976481    1.69261
 0.897297  0.291892 -0.137132   1.62284
   0.95055   0.156225 -0.0562732    1.70779
 0.920456  0.211941 -0.172736   1.66314
 0.870685  0.354914 0.0419548   1.57378
   0.872708    0.356791 -0.00687536     1.58041
0.878654 0.336554 0.113257  1.58973
 0.878257  0.338762 0.0837102   1.58719
0.946703 0.164256 0.100632  1.70035
 0.942439  0.199838 0.0496669   1.69128
 0.948257  0.173071 0.0577213   1.70229
0.886033 0.301864 0.169122   1.6016
0.887319 0.305832 0.146521  1.60252
0.900319 0.273086 0.162161   1.6218
0.889235 0.273168 0.209511  1.60787
0.890174 0.280761 0.190118   1.6085
0.892288 0.246107 0.237878  1.61369
0.892331 0.252816 0.224731   1.6125
0.931882 0.143569 0.221797  1.67553
0.896585 0.217621    0.258  1.62128
0.895943  0.22426 0.248213  1.61881
 0.90272 0.187933 0.271419  1.63221
0.900616 0.194717 0.264272  1.62671
0.914782 0.146335 0.275225  1.65481
 0.93072 0.144826 0.221441  1.67272
 0.778521  0.232816 -0.408928   1.43661
 0.790586  0.211036 -0.432372   1.46505
 0.795221  0.215883 -0.427544   1.47367
 0.796254  0.220472 -0.421747   1.47416
 0.79876  0.22396 -0.41838  1.47876
 0.788835  0.221807 -0.418574   1.45792
0.794356 0.218524 -0.42241  1.46988
 0.768679  0.213039 -0.427997   1.41997
 0.787034  0.191251 -0.448289   1.45959
 0.777978  0.188293 -0.441692   1.43873
0.785285 0.192591 -0.45042  1.45747
 0.95168 0.084382 0.122609  1.70734
  0.95144 0.0719343  0.147541   1.70884
  0.94886 0.0544177  0.144458   1.70109
  0.94659 0.0860348  0.155631   1.69887
 0.949863 0.0888867  0.143411   1.70548
0.928468 0.147939 0.222916  1.66834
0.941785 0.114673 0.160325  1.69038
 0.949104  0.147595 0.0931278   1.70384
 0.759568  0.153599 -0.453603   1.40162
 0.759234  0.153186 -0.453567   1.40091
 0.759059  0.153083 -0.453681   1.40058
 0.759804  0.153763 -0.454379   1.40243
  0.76004  0.153453 -0.454394   1.40281
  0.75854  0.153731 -0.454229   1.39989
0.762327 0.160617 -0.45286  1.40784
  0.75936  0.153244 -0.453789   1.40121
 0.750275  0.138485 -0.458944   1.38307
 0.759544  0.153534 -0.454483   1.40189
0.761158 0.149391  -0.4494  1.40204
 0.756068  0.135456 -0.455956   1.39288
0.757717 0.154197 -0.45336  1.39784
 0.762305  0.149291 -0.453372   1.40614
 0.764102  0.146437 -0.457214   1.41094
  0.75759  0.147618 -0.452313    1.3959
 0.759848  0.135894 -0.455656   1.40034
 0.770636  0.137745 -0.442338   1.41595
 0.763956   0.13677 -0.454127   1.40827
 0.759941  0.148627 -0.449864   1.39959
 0.758952  0.155171 -0.454541    1.4011
 0.758753  0.155133 -0.454514   1.40066
 0.758791  0.155133 -0.453097       1.4
 0.758487  0.154809 -0.454531   1.40008
 0.761265  0.159678 -0.454755   1.40636
0.757996 0.154073 -0.45366  1.39853
 0.758359  0.153854 -0.454217   1.39952
 0.759609  0.153078 -0.454565   1.40193
 0.760436  0.159502 -0.455185   1.40493
 0.758437  0.153479 -0.454063   1.39956
 0.759036  0.152605 -0.455107   1.40094
 0.758599  0.153212 -0.453931   1.39979
 0.758732  0.153082 -0.453811   1.39996
 0.758821  0.153168 -0.453882   1.40022
 0.759331  0.153328 -0.453561   1.40113
 0.758157  0.153391 -0.453812   1.39883
 0.759385  0.153338 -0.453673   1.40122
  0.75901  0.153062 -0.453739   1.40047
 0.765213  0.162671 -0.433489   1.40523
 0.741096  0.159552 -0.464111   1.37122
 0.748056  0.151218 -0.470767   1.38661
 0.763227  0.161381 -0.443372   1.40572
 0.761964  0.160834 -0.450346   1.40617
 0.759712  0.150104 -0.450957   1.39993
0.761106 0.160376 -0.45436  1.40608
0.758122 0.154253 -0.45376  1.39886
 0.758322  0.154763 -0.453924   1.39942
 0.759843  0.161326 -0.451145   1.40228
 0.759726  0.157687 -0.453148   1.40229
 0.759084  0.155792 -0.451162   1.39977
 0.758474   0.15502 -0.453713   1.39965
   0.7596  0.160574 -0.454911   1.40328
 0.759044  0.155196 -0.450802    1.3994
 0.758944  0.155251 -0.452543   1.40005
 0.758896  0.155286 -0.454172   1.40078
 0.758291  0.155556 -0.451886   1.39849
 0.758675  0.155216 -0.454258   1.40035
 0.758471  0.155188 -0.453211   1.39941
 0.947096  0.173477 0.0801372   1.70083
 0.900178  0.314014 0.0804818   1.62638
 0.897581    0.3232 0.0274103    1.6212
0.896221 0.294883 0.110538  1.61271
  0.952171   0.165117 0.00365256    1.71038
 0.890537  0.311242 0.0495163    1.6011
  0.952847   0.167186 -0.0263401    1.71338
  0.947739   0.189595 -0.0145841    1.70338
   0.94813   0.191079 -0.0506963    1.70788
 0.944074  0.197702 0.0141054   1.69477
  0.945138   0.177909 -0.0967531    1.70309
 0.934748  0.189771 -0.132493   1.68506
 0.881174  0.334881 -0.140213   1.60488
  0.928526   0.245425 -0.0887064    1.67551
 0.868555  0.316801 -0.205787   1.58283
  0.938135   0.219271 -0.0509355    1.68844
 0.902374  0.232144 -0.215215    1.6358
 0.880589  0.249991 -0.259396     1.603
0.834232 0.307743 -0.26131   1.5192
 0.885208  0.273627 -0.200888   1.60302
 0.804863   0.28745 -0.318577   1.46878
 0.851825  0.297478 -0.251388   1.55194
 0.822922  0.242929 -0.371742   1.51369
 0.804451  0.240332 -0.394574   1.48437
 0.827722  0.291944 -0.305158   1.51618
 0.834994  0.263671 -0.343718   1.53662
0.921101 0.114298 0.203483  1.65336
 0.910573 0.0877657   0.23424   1.62833
0.916432 0.140672 0.268171  1.64669
0.926203 0.137381 0.231368  1.66437
0.927999 0.146194 0.233618  1.66638
0.925208 0.186513 0.242876  1.66825
0.930609  0.15479 0.241771  1.67661
0.920022  0.13619 0.245428  1.65176
0.920865  0.17575 0.249894  1.65937
0.930591 0.149778 0.230086  1.67237
0.909121 0.223864  0.24125  1.64465
0.927148 0.149756 0.234412  1.66394
0.931562 0.139069 0.213008  1.67454
0.929557 0.171813 0.231747  1.67431
0.906164 0.246402 0.219719  1.63879
0.928179 0.150959 0.232147   1.6669
 0.93335  0.13106 0.201677  1.67771
0.936721 0.120711 0.186648  1.68309
0.939602 0.120754 0.181098  1.68912
0.929748 0.147717 0.221615  1.67118
0.938985 0.169224 0.203175  1.69605
0.937163 0.168033  0.20644  1.69011
0.934999 0.158789 0.209114  1.68706
0.934738 0.174052 0.213582  1.68588
0.932102 0.156957    0.236  1.67951
0.929123  0.17249 0.230863  1.67401
0.926415 0.178151 0.234454  1.67081
 0.92538 0.146801 0.235423  1.66057
0.923031 0.139941 0.234868   1.6568
0.927667 0.149917 0.229288  1.66628
0.924068 0.151185 0.238528  1.65788
0.915075 0.167318 0.267397   1.6472
0.925457 0.148785 0.237581  1.66054
0.911978 0.162451 0.273685  1.63857
0.917787   0.1023 0.220303    1.646
 0.91983 0.166035 0.249505  1.65635
 0.91579 0.109553 0.208278  1.63916
0.915968 0.140487 0.254525  1.64357
0.918106 0.143798 0.261575   1.6554
0.909936 0.168093 0.274128  1.64526
0.923056 0.141207 0.259329  1.66616
0.917822 0.158125 0.264551  1.65676
0.927777   0.1479  0.24731  1.67189
0.928916 0.150009  0.22763  1.66906
0.930969 0.155747 0.240388  1.67758
0.931419 0.176234 0.227188  1.68005
0.931553  0.15517 0.231505   1.6791
0.935311 0.173203 0.221037  1.68648
0.930772 0.151505 0.220141  1.67882
0.929295 0.147494 0.207534  1.67788
0.937561 0.167601 0.216352  1.68799
0.929859  0.16162 0.240396  1.67607
0.930045 0.149146   0.2036  1.67948
0.931245 0.153721 0.201945  1.68336
0.939674 0.164517 0.210773  1.69138
0.929063 0.154583 0.210892  1.67857
0.938349 0.169194 0.211855  1.68984
0.936787 0.167515  0.21741  1.68582
 0.754055  0.138229 -0.457169   1.38987
 0.760161  0.148043 -0.456611   1.40313
 0.760017  0.143777 -0.460813   1.40407
 0.749537   0.14231 -0.460539   1.38316
 0.759083  0.160632 -0.453221   1.40166
 0.746145  0.147888 -0.463476   1.37887
 0.759633  0.149679 -0.451141   1.39986
 0.743104  0.153098 -0.464224   1.37408
 0.739543  0.155325 -0.463705   1.36691
   0.7613  0.185488 -0.462675   1.41499
0.737687 0.162454 -0.46277  1.36403
 0.749346  0.185985 -0.460296   1.39049
 0.746531  0.160229 -0.472467   1.38621
 0.737526  0.170679 -0.460218   1.36393
 0.747649    0.1738 -0.469772   1.38968
 0.739128  0.179999 -0.455218   1.36637
 0.750945  0.181551 -0.465474   1.39558
 0.742558    0.1908 -0.447449   1.37144
 0.750408  0.196619 -0.445169   1.38781
 0.750937  0.203826 -0.436834   1.38582
 0.785929  0.265268 -0.360892   1.43877
 0.815494  0.255124 -0.373364   1.50382
 0.862949  0.317564 -0.168483   1.56158
 0.909081  0.253672 -0.160676     1.644
  0.884176   0.332238 -0.0863567    1.60151
 0.923559  0.232546 -0.122692   1.66504
  0.897453   0.313858 -0.0844267    1.62441
  0.889531   0.320329 -0.0196663    1.60279
 0.913872  0.295593 0.0514688   1.64896
  0.94539  0.200046 0.0446957    1.6988
0.941004 0.138362 0.151522  1.68889
0.925469 0.268658 0.044044  1.66737
0.936113 0.175402 0.161517  1.68216
0.906989 0.276295 0.153991  1.63667
0.917791 0.240716 0.193095  1.65668
0.916151 0.248348 0.170234  1.65068
0.921591 0.263983 0.107618  1.65984
0.900648  0.25192 0.203352   1.6239
0.930649 0.144064 0.213029  1.67349
0.940668 0.189883 0.132341  1.69164
0.914404 0.165302 0.261083  1.64892
0.919844 0.186671 0.250173  1.66027
0.907181 0.205819 0.250533  1.63796
0.911627 0.184108 0.261724  1.64663
 0.787772  0.211497 -0.433693   1.46021
 0.775347   0.20808 -0.428828   1.43098
  0.78018  0.216716 -0.426162   1.44213
 0.765658  0.196961 -0.447696   1.42003
 0.768717  0.193485 -0.457074   1.42874
 0.771127  0.180031 -0.447684   1.42662
   0.947 0.116162 0.126497  1.69897
 0.94606 0.111467 0.158748  1.70026
0.932327 0.140294 0.201761  1.67689
 0.94851 0.119017 0.121521  1.70178
0.929314 0.147845 0.204694  1.67167
  0.94477  0.165558 0.0907827   1.69445
0.927919 0.249215 0.103457  1.67038
 0.759536  0.153365 -0.454892   1.40204
 0.758428  0.153168 -0.453871   1.39937
0.759626 0.152827 -0.45488  1.40209
 0.758115  0.153868 -0.453734   1.39879
0.759611 0.151359 -0.45303  1.40097
 0.754746  0.151173 -0.469299   1.39892
 0.754794  0.145948 -0.466893   1.39732
 0.758818  0.157511 -0.453477   1.40054
 0.758534  0.150674 -0.453334   1.39884
 0.759702  0.148055 -0.450704   1.39949
  0.76067  0.148877 -0.453971   1.40297
 0.761197  0.148732 -0.460955   1.40725
  0.76031   0.14764 -0.464617   1.40716
 0.764123  0.144706 -0.459315   1.41199
 0.759657  0.142075 -0.463048   1.40462
 0.758579  0.149339 -0.451542    1.3978
 0.758059   0.15439 -0.453698   1.39871
0.758582 0.157231 -0.45356  1.40012
 0.759279  0.159391 -0.455603   1.40272
 0.757791  0.159752 -0.456422   1.40021
 0.757997  0.153702 -0.453725   1.39852
 0.759136  0.153255 -0.455045   1.40126
 0.758982  0.153012 -0.454231   1.40059
 0.759042   0.16011 -0.455975   1.40264
 0.756228    0.1584 -0.456726   1.39713
  0.75844  0.153225 -0.453804    1.3994
 0.758759   0.15306 -0.453821   1.39999
 0.757643  0.153837 -0.454122   1.39798
 0.746002  0.166481 -0.471921   1.38606
 0.760397  0.163257 -0.435386   1.39619
 0.743697   0.16246 -0.471739   1.38041
 0.759108  0.161006 -0.447773   1.39936
  0.75878  0.150937 -0.453355   1.39932
 0.752127  0.151574 -0.470471   1.39425
 0.757777  0.154436 -0.453012   1.39781
 0.755938   0.15972 -0.444196   1.39091
 0.757255   0.15039 -0.453532   1.39634
 0.758894  0.159039 -0.455844   1.40208
 0.758002  0.154614 -0.452875   1.39823
 0.757483   0.15478 -0.453307   1.39742
 0.758439  0.155805 -0.451397   1.39855
 0.758253  0.154946 -0.453786   1.39922
 0.757818  0.156517 -0.453741   1.39856
  0.75835  0.155167 -0.451684   1.39842
0.942359 0.200094 0.103067  1.69438
 0.943822  0.202192 0.0725575   1.69627
   0.94092    0.22645 -0.0116671    1.69402
 0.910524  0.285394 0.0685297   1.63861
  0.946035   0.205059 -0.0082863    1.70225
  0.935693   0.226559 -0.0503045     1.6836
  0.944929   0.201109 -0.0504076    1.70127
  0.935985   0.207773 -0.0890525    1.68454
  0.927318   0.244524 -0.0754818     1.6704
  0.935329   0.229723 -0.0162068    1.68144
 0.910672  0.291579 -0.125182   1.65246
  0.925432   0.267196 -0.0475466    1.66922
 0.916385  0.268974 -0.123495   1.65887
 0.895969  0.293662 -0.166451   1.62643
0.923116    0.145 0.240548  1.65665
0.916913 0.158174 0.256637  1.64955
0.927013  0.17689 0.235049  1.67187
0.915055 0.151955 0.257575  1.64346
0.926872 0.150413 0.234565  1.66401
0.928269 0.161304 0.244227  1.67314
0.927528 0.151169 0.223173  1.66698
0.929745 0.154173 0.220204   1.6777
0.929221 0.144425 0.214477  1.67031
0.925495 0.151901 0.231915  1.66194
0.917231 0.224804 0.218987  1.65621
0.925818 0.152834 0.235274  1.66196
0.932923 0.136803 0.192286  1.67716
0.919426 0.176817 0.251889  1.65771
0.913773 0.228396 0.205652  1.64638
0.926903 0.148634 0.217075  1.66633
0.933255 0.171493 0.223873  1.68081
 0.92773 0.150526 0.212264  1.67509
0.930547 0.158658 0.231516  1.67788
0.927793 0.167894 0.235032  1.66969
0.924395  0.17091 0.239679  1.66546
0.921052 0.148685  0.24202  1.65282
0.922147 0.173823 0.244527  1.66172
0.917584  0.16488 0.253586  1.65096
0.919337 0.146539 0.247425  1.65022
 0.92772 0.156333  0.22273  1.67399
0.916663 0.149849 0.256867  1.64728
0.924434 0.151983  0.23802    1.659
0.922813 0.157925 0.255099  1.66434
0.922751 0.173311 0.253959  1.66539
0.927095 0.162193 0.248626  1.67167
0.926717 0.152424 0.229714  1.66463
0.926076 0.152679 0.217208   1.6655
0.929459 0.158525 0.233961   1.6755
0.932521 0.170864  0.22495  1.67991
0.925221 0.169563 0.245185  1.66781
0.932227 0.164398 0.219515  1.67965
0.925669 0.151234 0.212688  1.66547
0.928698 0.152019 0.208359  1.67715
0.933844 0.166506 0.217636  1.68305
0.928062 0.156068 0.211815   1.6761
0.930089  0.15638 0.207507   1.6805
 0.755567  0.142384 -0.464308   1.39687
 0.757143  0.148078 -0.459828   1.39856
 0.751288  0.146165 -0.468382   1.39098
  0.75107  0.150238 -0.470144   1.39227
 0.75837 0.147977  -0.4512  1.39696
 0.748426  0.154817 -0.471853   1.38868
 0.745349  0.156467 -0.471851   1.38268
 0.755993  0.171518 -0.453855   1.39715
 0.743561   0.16937 -0.470278   1.38065
 0.757233  0.149266 -0.452243   1.39543
 0.745614  0.177555 -0.466891   1.38454
 0.756181  0.161259 -0.441135   1.39007
 0.762238  0.177057 -0.451038   1.40913
 0.756993   0.16882 -0.454539   1.39946
 0.760514  0.189222 -0.460067    1.4123
 0.754277  0.168816 -0.456667   1.39487
  0.910602    0.29412 -0.0867148     1.6472
  0.901598    0.31551 -0.0327086    1.62919
  0.916844   0.289328 -0.0828675    1.65953
 0.908633  0.292019 0.0180938   1.63485
 0.926003  0.265632 0.0793446   1.66915
 0.929286  0.271814 0.0339023   1.67735
0.917827 0.285691 0.084949  1.65704
0.916616 0.274208 0.111035  1.65269
0.939554 0.140103  0.16461  1.68862
0.914563 0.257143 0.139734  1.64493
0.912025 0.245741 0.175575  1.64118
 0.93658 0.135308 0.176929  1.68276
0.914985 0.211014 0.228144  1.64962
0.926336 0.244897 0.128943  1.66773
0.911591 0.200535 0.257452  1.64872
0.916193 0.180921 0.260629   1.6558
0.928193 0.149085 0.214643  1.66905
0.932192 0.149024 0.188278  1.67608
 0.761714  0.174591 -0.451658   1.40854
 0.754427  0.180558 -0.465351   1.40116
 0.769469  0.197161 -0.452902   1.42853
 0.756254   0.19001 -0.458052   1.40445
 0.93527 0.137783 0.186826  1.68193
  0.9444 0.149694 0.129097  1.69611
0.943149 0.151241 0.119086  1.69119
0.926746 0.152632 0.206355  1.66796
 0.939958  0.198852 0.0803716   1.68639
0.933161 0.238469 0.101988  1.67961
0.922817 0.233834  0.16186  1.66089
0.930703 0.165887 0.189458  1.67341
  0.75912  0.153105 -0.453885   1.40073
 0.758825  0.153037 -0.454305    1.4003
 0.759024  0.153105 -0.455552   1.40125
 0.757946  0.153481 -0.454412   1.39865
 0.758345  0.153251 -0.454395   1.39944
 0.758904  0.152374 -0.455494   1.40085
 0.757416  0.160395 -0.453828   1.39847
 0.757991  0.153509 -0.454173   1.39868
 0.758268  0.152351 -0.455728   1.39965
 0.758155  0.149035 -0.451911   1.39713
 0.758047  0.148377 -0.465428   1.40306
 0.748108  0.160366 -0.471604   1.38829
 0.752095  0.154482 -0.471315   1.39523
 0.758492  0.148622 -0.457242    1.4001
 0.757711  0.154542 -0.453184   1.39779
 0.757811  0.158088 -0.456252   1.39996
0.757571 0.154229 -0.45365  1.39768
 0.757907  0.158554 -0.456191   1.40012
 0.757748  0.153839 -0.453792   1.39807
 0.758585  0.153208 -0.455699   1.40044
 0.758366  0.153081 -0.454475   1.39944
 0.757338  0.154515 -0.454266   1.39754
  0.75837  0.153098 -0.455349   1.39985
 0.757916  0.152265 -0.455955   1.39907
 0.750554  0.158471 -0.472076   1.39326
 0.749786  0.163504 -0.471688   1.39244
 0.747845  0.165804 -0.470632   1.38823
 0.756611  0.159743 -0.450966   1.39559
 0.757244  0.159668 -0.455314   1.39876
 0.752193  0.156643 -0.448329    1.3847
 0.752342  0.154487 -0.462264   1.39137
 0.757667  0.159232 -0.457071   1.40025
 0.757502  0.155259 -0.453025   1.39739
  0.75641  0.150494 -0.453831   1.39477
 0.757793  0.156758 -0.453854   1.39855
 0.757743  0.154994 -0.452562   1.39762
 0.757895  0.154815 -0.452448   1.39782
 0.758265  0.154955 -0.452317   1.39854
 0.757316  0.155845 -0.454188   1.39764
 0.757736  0.155393 -0.452086   1.39741
 0.936016  0.236442 0.0747972   1.68436
 0.938608  0.242131 0.0645502   1.69182
 0.935567  0.237666 0.0242173   1.68253
 0.941392   0.22612 0.0233935   1.69438
  0.910808   0.291623 -0.0359676    1.64189
   0.924689    0.265898 0.000858956      1.6648
0.918708 0.143913 0.247406  1.64927
0.918186 0.150786 0.247822   1.6483
0.922001 0.150102 0.241834  1.65387
0.921134 0.160757 0.246757  1.65614
 0.92421 0.165499 0.241701  1.66266
0.919089 0.157789 0.247813  1.65159
0.927147 0.163225 0.234778  1.67118
0.919485  0.15484 0.248754   1.6519
0.924176 0.155779 0.238411  1.65914
0.926316 0.150783 0.225251  1.66438
0.927847 0.146815 0.208603  1.66877
0.924692 0.159592 0.222963   1.6673
0.929481 0.146618 0.199458  1.67193
0.925067 0.155046 0.232149  1.66163
0.924864 0.156168  0.21156  1.66537
0.925709 0.154146 0.225423  1.66384
0.932883 0.159799 0.213604  1.68327
 0.93453 0.162311 0.210176  1.68605
0.930863 0.167534 0.227755  1.67575
0.926091 0.152624 0.215615  1.67154
0.926738 0.156717 0.223956  1.67159
0.924582 0.155263 0.219688  1.66333
0.925756 0.170115 0.238236  1.66687
0.922023 0.155135 0.242487  1.65515
0.927835 0.167236 0.233145  1.67008
0.921949 0.165177 0.244097  1.65865
0.920893 0.154844 0.243248  1.65298
0.926368 0.163991 0.235639  1.66658
0.921201 0.190447 0.231876  1.65938
0.916881  0.19234 0.243368  1.65281
0.922429 0.180369 0.240281  1.66219
0.927188  0.16836 0.243787   1.6719
0.928363 0.162333 0.233855  1.67407
 0.93008 0.166693 0.227074  1.67555
0.929551  0.16109 0.222317  1.67552
0.925025 0.168816 0.232765  1.66692
0.926815 0.153267 0.213223   1.6732
0.927512 0.159752 0.218224  1.67338
   0.927 0.154485 0.214894  1.67376
 0.93128 0.163812 0.220302   1.6793
 0.755621  0.147932 -0.468028    1.3994
 0.755595  0.148427 -0.453639   1.39263
 0.757639  0.150579 -0.453668   1.39713
0.756685  0.14915 -0.45253  1.39448
0.749653 0.155561 -0.47166  1.39059
 0.753951  0.158116 -0.447716   1.38834
 0.754315  0.166435 -0.458173   1.39553
0.755729 0.150558  -0.4532  1.39317
 0.751583  0.164305 -0.459191   1.38992
 0.752061  0.157631 -0.461467   1.39105
 0.750751  0.169057 -0.470182   1.39462
 0.749667  0.172079 -0.468087   1.39169
  0.915359   0.295793 0.00452489    1.65212
  0.931796   0.273177 -0.0195808    1.68476
0.921959 0.254549 0.133329  1.66083
0.935532 0.227414 0.125778  1.68482
0.922365 0.225344 0.184572  1.66148
 0.93539 0.154711 0.175261  1.68085
0.926181 0.166711 0.234271  1.67002
0.917144 0.208371 0.233012  1.65442
0.923458 0.204509 0.219719   1.6653
0.918522 0.197174 0.241856  1.65735
0.925601 0.218647 0.180558  1.66626
0.922256 0.209015 0.204778  1.66037
 0.93129 0.148757 0.192779  1.67525
0.933373  0.21447 0.163502  1.68166
0.928581 0.157613 0.200102  1.67095
0.934531 0.152553 0.177904  1.68035
 0.937527  0.238275 0.0962646      1.69
  0.92936  0.259774 0.0785151   1.67484
0.938661 0.190944 0.116117  1.68466
0.932559 0.232133 0.125138  1.67888
 0.758374  0.153135 -0.456565   1.40041
 0.757345  0.153999 -0.455594   1.39802
 0.757162   0.15468 -0.454918   1.39748
0.757899 0.153667 -0.45557  1.39911
 0.754065  0.151796 -0.461861   1.39411
 0.757792  0.153268 -0.455472   1.39874
 0.756745  0.148452 -0.452676    1.3945
 0.757028  0.155027 -0.456391   1.39796
 0.754363  0.150014 -0.461511   1.39411
 0.756825  0.152441 -0.456436   1.39717
 0.757277  0.155094 -0.453989   1.39736
 0.756925  0.158188 -0.457672   1.39886
 0.757468  0.153469 -0.457052   1.39885
 0.757057  0.157599 -0.456482   1.39842
  0.75241  0.152389 -0.454172   1.38717
 0.757444  0.154098 -0.455105   1.39808
 0.75788  0.15342 -0.45673  1.39952
 0.757181  0.154172 -0.456906   1.39833
 0.752508  0.174639 -0.467495    1.3977
  0.75566  0.178419 -0.464001   1.40292
 0.750229  0.159933 -0.460453   1.38708
 0.754069  0.159576 -0.445021   1.38741
 0.755032  0.159162 -0.451535   1.39249
 0.755206  0.158223 -0.453374   1.39361
 0.756032  0.159052 -0.455745   1.39634
 0.755955  0.156882 -0.457659   1.39673
0.756727 0.158592  -0.4574  1.39834
 0.757159  0.156316 -0.454997   1.39776
 0.755453   0.15751 -0.457013    1.3955
 0.757216   0.15684 -0.456951   1.39888
  0.919836   0.288002 -0.0452136    1.66255
  0.930033   0.256516 -0.0487173    1.67773
0.923246 0.155044 0.240274  1.65726
0.924188 0.161672 0.240544   1.6613
0.922649 0.160664 0.241913  1.65776
0.924151 0.154424 0.234085  1.65958
 0.92513 0.164991 0.238169  1.66377
0.924758 0.153487  0.22757  1.66181
0.924924 0.156646 0.221005  1.66769
0.925044 0.151909 0.219702  1.66338
0.921874  0.19874 0.223594  1.66102
 0.92403  0.15599 0.229387  1.66108
0.926792 0.152565 0.208877  1.66759
0.925411 0.185648 0.216218  1.66688
0.928333 0.163868  0.22941   1.6716
0.925147 0.154137  0.21625  1.66945
0.923579 0.157047 0.235563  1.65898
0.926158 0.157598 0.219918  1.67065
0.922343 0.158166 0.243152  1.65664
0.923444 0.156177 0.218846  1.66492
0.923363 0.158607 0.240286  1.65829
0.924521 0.160945 0.235024  1.66175
0.924644 0.176871 0.244115  1.66775
 0.92421  0.15427 0.216133  1.66358
0.923888 0.154458 0.221758  1.66191
0.923794 0.176617  0.22759  1.66397
0.925551 0.157957 0.223933  1.66966
0.926002 0.160272 0.227261  1.66773
 0.92423  0.15439 0.216916  1.66727
0.927226  0.16323 0.225246  1.67056
 0.755497  0.149627 -0.453819   1.39282
 0.756242  0.149803 -0.460411   1.39737
 0.752005  0.152631 -0.462245    1.3902
 0.752994  0.155509 -0.450388   1.38721
0.753876 0.151481  -0.4541  1.39003
 0.750603  0.155798 -0.462074   1.38788
 0.752264  0.162153 -0.459772   1.39146
 0.752139  0.155543 -0.453202   1.38673
0.927584 0.236807 0.156654  1.67228
0.931083   0.2142 0.144343  1.67322
0.925469 0.207897 0.201941  1.66743
0.932476 0.171388 0.176665  1.67636
0.923162 0.186246  0.23845  1.66481
0.925544 0.174287 0.206134  1.66532
0.927027 0.165089 0.200804  1.66844
0.922898 0.195748 0.228976  1.66396
0.928006 0.155078 0.199967     1.67
0.927415 0.189506 0.203324  1.66984
0.930016 0.161861 0.189193   1.6729
 0.92702 0.193548 0.189203  1.66686
0.937841 0.162555 0.152209  1.68441
 0.93119 0.205452 0.174122  1.67609
 0.93119 0.174605 0.176503  1.67254
0.937224 0.176997 0.146716  1.68255
 0.757221  0.152513 -0.456189    1.3978
 0.754709  0.156426 -0.455074   1.39305
 0.753895  0.150328 -0.454044   1.38973
 0.756706  0.153976 -0.457861    1.3978
 0.756319  0.152797 -0.456587   1.39626
0.755626 0.149835 -0.45283  1.39257
 0.757131  0.155579 -0.455393    1.3978
  0.75683  0.155737 -0.456133   1.39752
 0.756781  0.154858 -0.456803   1.39757
  0.75674  0.156793 -0.457524   1.39816
 0.757033  0.153937 -0.457176    1.3981
 0.756114   0.15559 -0.457942   1.39698
 0.754062  0.157235 -0.453798   1.39126
 0.754169  0.151325 -0.452887   1.38999
 0.756422  0.157184 -0.457965   1.39777
0.752138  0.15438 -0.45088  1.38548
 0.756722  0.156179 -0.457835   1.39819
 0.754867  0.154103 -0.455906    1.3933
0.924302   0.1575 0.234036  1.66062
0.923597  0.15657  0.22254  1.66218
0.924387  0.15872 0.229759  1.66273
0.924619 0.156705 0.227572  1.66236
0.924946 0.155628 0.212906  1.66489
0.923599 0.156598 0.218355  1.66497
0.925075  0.17386  0.23135  1.66774
0.923626 0.156273 0.218844  1.66344
0.924185 0.156373 0.218365  1.66665
0.926317 0.157813 0.219916  1.67053
0.926025 0.163453 0.231258  1.66644
0.924948 0.160662  0.22913   1.6646
0.925072 0.160906 0.233061  1.66426
0.924432  0.16082 0.235268   1.6617
0.923599 0.160929 0.216139  1.66445
0.923749 0.184019 0.218285  1.66286
0.924077 0.164642 0.221461  1.66502
0.924385  0.16057 0.223061  1.66683
 0.753713  0.153007 -0.452227   1.38908
 0.755651     0.153 -0.456307   1.39487
 0.92623 0.161663 0.209407  1.66791
0.934205 0.178308 0.162865  1.67789
0.928155 0.175936 0.190781  1.66891
0.925266 0.189126  0.20579  1.66478
0.923813 0.158236  0.21563  1.66426
0.925749  0.15822 0.206768  1.66674
0.927328 0.170816 0.205099  1.66904
0.923767 0.167787 0.216893  1.66426
0.930411 0.202477  0.17497  1.67432
0.930648 0.195629 0.185697  1.67537
 0.754931  0.154888 -0.455907   1.39359
 0.756687  0.154975 -0.457894   1.39792
 0.756293  0.155579 -0.457783   1.39715
 0.755114   0.15095 -0.453377   1.39205
 0.754202  0.152522 -0.452974   1.39035
  0.75421  0.155481 -0.455262   1.39193
 0.755562  0.156063 -0.457771   1.39581
 0.755493  0.153709 -0.456339    1.3947
0.924554 0.159036 0.229074  1.66315
0.923869 0.157508 0.216201  1.66367
 0.92411 0.158196 0.221386  1.66471
0.923847 0.157108 0.221525  1.66278
0.924249 0.169851 0.216778  1.66395
0.923687 0.157753 0.218541  1.66395
0.923628 0.163298 0.221206  1.66504
0.923558  0.15871 0.218528  1.66451
0.924665 0.180922 0.225391  1.66641
0.925488 0.165709 0.209889  1.66672
0.925589 0.159865 0.224231   1.6677
0.924579 0.158085 0.225405  1.66528
 0.92373 0.157653 0.221976  1.66385
0.923143 0.157746 0.217979    1.664
0.753484 0.153498 -0.45233  1.38877
 0.753128  0.154018 -0.453936   1.38894
0.924232  0.16026 0.212053   1.6648
0.924053 0.164299 0.220906  1.66523
 0.92478 0.163317 0.215113  1.66596
0.925392 0.171161 0.215186  1.66676
0.756444 0.154574 -0.45786  1.39737
 0.755932  0.154797 -0.457997   1.39647
