0.876753   0.3312 0.152011  1.59029
0.881201 0.315773 0.173906   1.5988
0.868698 0.332242 0.165781  1.57588
0.872111 0.322472 0.176526  1.58229
0.863779 0.332668 0.179846  1.56921
0.867771 0.324936 0.172949  1.57253
0.875736 0.319356 0.172144  1.58727
0.875107 0.322432 0.160968  1.58495
 0.760305  0.155117 -0.462816   1.40681
 0.760499   0.15506 -0.462743    1.4072
 0.791699  0.132211 -0.402868   1.44186
 0.786081  0.132937 -0.409789   1.43322
 0.789227  0.135785 -0.409189   1.44031
 0.787033  0.119009 -0.409598   1.43278
 0.782376  0.123897 -0.417509   1.42759
 0.785782  0.123481 -0.415023   1.43367
 0.798496  0.121291 -0.389692   1.44857
 0.794101  0.113266 -0.396494   1.44084
0.806465 0.102169 -0.37102  1.45525
 0.799569  0.116262 -0.393865   1.45216
 0.787525  0.127799 -0.413595   1.43746
0.790978 0.120512 -0.40778  1.44076
0.794451 0.128597 -0.40439  1.44807
 0.791302  0.124031 -0.405316   1.44084
  0.957932   0.111604 -0.0487991    1.72223
  0.957873   0.113143 -0.0429501    1.72201
  0.957085   0.115927 -0.0460396     1.7203
  0.957442   0.111805 -0.0443796     1.7208
 0.957837  0.114524 -0.037223   1.72187
  0.957765    0.11567 -0.0318161    1.72167
  0.957059   0.118479 -0.0348997    1.72004
  0.957377   0.114062 -0.0337497    1.72053
  0.955985   0.125202 -0.0432671    1.71815
  0.956448   0.124719 -0.0376144    1.71892
  0.957414    0.11283 -0.0391389    1.72066
  0.956852   0.116423 -0.0371628    1.71932
  0.956939   0.116172 -0.0413257    1.71969
  0.957151   0.116809 -0.0403208    1.72032
0.932731 0.157307 0.227651  1.68035
  0.76178  0.153941 -0.455616   1.40786
 0.760461  0.154467 -0.462965   1.40713
 0.760862  0.155172 -0.461451   1.40775
 0.761099  0.155213 -0.460739   1.40813
 0.761317  0.155186 -0.460405    1.4085
 0.761516  0.154714 -0.458426   1.40829
 0.764603   0.15662 -0.456011   1.41417
 0.762882  0.153948 -0.453425   1.40933
 0.762347  0.153202 -0.452979     1.408
 0.763677   0.15352 -0.453429   1.41091
 0.766467  0.154725 -0.456192   1.41745
 0.768645  0.151716 -0.451572   1.41943
 0.780797  0.139826 -0.422043   1.42924
 0.776648  0.140923 -0.430559   1.42474
 0.779371  0.143506 -0.430192   1.43091
0.760434 0.155338 -0.46279  1.40705
 0.760474   0.15526 -0.462518   1.40708
 0.760956   0.15535 -0.459736    1.4076
 0.760276  0.155432 -0.462847   1.40678
 0.760268  0.155448 -0.463086   1.40687
 0.760274  0.155334 -0.463267   1.40694
 0.760276  0.155305 -0.463285   1.40698
 0.761388  0.154093 -0.456365   1.40729
 0.760271  0.155063 -0.463359   1.40697
 0.761225  0.154798 -0.458991   1.40785
 0.760476  0.154844 -0.462649    1.4071
 0.760411   0.15441 -0.463088   1.40707
 0.760403  0.154837 -0.462912   1.40698
 0.800579  0.222096 -0.418345   1.48103
 0.799335  0.217524 -0.422382   1.47946
0.804386 0.217783 -0.41998  1.48739
 0.801782  0.219095 -0.421293   1.48435
 0.797224  0.212544 -0.427145   1.47605
 0.793581  0.207506 -0.434431   1.47102
 0.800751  0.205456 -0.430707   1.48208
0.797938 0.208259 -0.43239  1.47927
 0.809303  0.212674 -0.419037   1.49482
 0.808821  0.203684 -0.424345   1.49428
 0.819228  0.203583 -0.408658   1.50769
 0.812439  0.207641 -0.422887   1.50234
 0.800214  0.214261 -0.425856    1.4823
 0.805013  0.207215 -0.428831   1.49069
 0.805975  0.214561 -0.422928    1.4915
 0.803472  0.211932 -0.423912   1.48598
  0.72854  0.158884 -0.455816   1.34158
 0.729461  0.157433 -0.455683   1.34308
 0.726649  0.158989 -0.452971   1.33543
 0.724374  0.160056 -0.451645   1.32943
 0.724964  0.157642 -0.452133   1.33046
 0.726019  0.158649 -0.452288   1.33293
  0.72776  0.154537 -0.453887   1.33736
 0.725538  0.155342 -0.452448   1.33137
 0.726292   0.15306 -0.452675    1.3326
 0.727197  0.154057 -0.452922   1.33482
  0.72775  0.158027 -0.453368   1.33773
 0.726509  0.156364 -0.452674   1.33371
 0.728169  0.155709 -0.453966   1.33852
 0.727035  0.156662 -0.453371   1.33595
 0.782383  0.145436 -0.421425   1.43348
0.777048 0.150926 -0.42953  1.42717
0.778978 0.150421 -0.41955  1.42607
 0.952378  0.127155 0.0533582   1.71182
 0.951936  0.136481 0.0583342   1.71102
 0.952548  0.135804 0.0519814   1.71176
 0.952287  0.136972 0.0564074   1.71202
 0.952057  0.142493 0.0461644   1.70928
 0.951281  0.148184 0.0549256    1.7093
 0.951136  0.149335 0.0630838   1.70951
 0.774381  0.151427 -0.434246   1.42387
 0.949698  0.158567 0.0749957   1.70556
 0.769824   0.15478 -0.445603   1.42001
   0.957088    0.120202 -0.00632467     1.72023
   0.956815    0.121127 -0.00115974     1.71968
   0.956494    0.123129 -0.00485736     1.71881
  0.956703   0.119469 -0.0045765    1.71916
  0.956551   0.122499 0.00440179    1.71923
 0.956279  0.123637 0.0100803    1.7188
  0.955823   0.127566 0.00579915    1.71758
  0.956086   0.122107 0.00547704    1.71802
     0.9558    0.127182 -0.00330744     1.71694
   0.955634    0.126198 -0.00141482     1.71629
    0.956392     0.120796 -0.000146506      1.71857
    0.955661      0.12556 -0.000825245      1.71689
   0.956282    0.122864 -0.00377721     1.71816
    0.956245     0.124065 -0.000254188      1.71828
 0.766747  0.157062 -0.456085   1.41845
 0.761793  0.153458 -0.453693   1.40713
 0.765086  0.157691 -0.456508   1.41538
 0.760286  0.155467 -0.463134   1.40696
 0.761751  0.154474 -0.453757   1.40724
 0.760337  0.155556 -0.462947     1.407
 0.760869  0.155554 -0.461261   1.40783
0.760559 0.155275 -0.46195  1.40716
0.946343 0.190976 0.224353  1.70242
 0.926298  0.150133 -0.226555   1.67576
 0.926835  0.156953 -0.217841   1.67683
0.924044 0.160701 -0.22665   1.6731
 0.925666  0.152032 -0.224589   1.67476
 0.921216   0.18649 -0.230471   1.67388
 0.923817   0.16064 -0.220569   1.67176
 0.924471  0.163331 -0.219404   1.67357
  0.94446  0.158083 0.0832156    1.7011
 0.948234  0.164909 0.0782066   1.70796
 0.947565  0.158612 0.0828951   1.70515
0.946428 0.159357 0.083578  1.70342
 0.951121  0.158698 0.0789233   1.71137
 0.952554  0.152416 0.0785529   1.71314
 0.949607   0.16008 0.0819028   1.70766
 0.949003  0.160713 0.0826779   1.70714
 0.949721  0.161661 0.0782727   1.70862
 0.949649   0.13128 0.0732603   1.70803
 0.94851 0.132292 0.078874  1.70608
 0.949686  0.141699 0.0786122     1.708
 0.949044  0.132073 0.0735384   1.70666
 0.946228  0.135525 0.0860677   1.70185
 0.942868  0.144887 0.0902175   1.69583
 0.947337  0.151751 0.0873306   1.70426
 0.945863  0.142139 0.0837327   1.70167
 0.949732  0.155238 0.0827317   1.70783
 0.949424  0.155562 0.0832288   1.70696
 0.947754   0.13437 0.0787723   1.70448
 0.948194  0.150955 0.0816008   1.70551
 0.949291  0.144691 0.0778675   1.70701
 0.948602  0.144935 0.0837918   1.70623
 0.951292  0.148271 0.0668558   1.70988
 0.951406  0.147114 0.0684621   1.70996
 0.951834  0.136881 0.0612266   1.71132
0.952216 0.128074 0.057766  1.71201
 0.951504  0.129049 0.0619552   1.71081
 0.951736  0.128402 0.0580952   1.71087
 0.951051  0.138894 0.0695637   1.71024
 0.950982  0.130156 0.0657124   1.71011
 0.950376  0.130607 0.0688882   1.70917
 0.950627  0.130508 0.0659259   1.70928
 0.951572  0.137229 0.0616758   1.71056
 0.951117  0.129887 0.0618716   1.70995
 0.951043  0.139062 0.0644581   1.70968
 0.951435  0.137307 0.0649035   1.71067
0.953252 0.141261 0.043752  1.71254
 0.953233  0.139794 0.0455611    1.7122
 0.954021  0.132349 0.0391622   1.71467
 0.954617  0.125892 0.0361157   1.71602
 0.954158  0.125774 0.0412024   1.71518
 0.954117  0.125218 0.0373245   1.71473
 0.953054  0.135684 0.0509347   1.71314
 0.953666  0.126346 0.0470171   1.71441
 0.952976  0.127093 0.0526812   1.71327
 0.953042  0.126223 0.0478364   1.71287
 0.953745  0.132228 0.0400461   1.71384
 0.953599  0.125681 0.0419291    1.7138
 0.952973  0.134577 0.0435071   1.71232
 0.953665  0.132488 0.0439585     1.714
 0.952406  0.154828 0.0501638   1.71067
  0.956548   0.106339 -0.0783578    1.71991
0.955804 0.114002 -0.07308  1.71826
  0.955066   0.113423 -0.0840972    1.71729
  0.955766   0.113279 -0.0827098    1.71895
  0.954768   0.127807 -0.0689788    1.71667
   0.95278   0.122828 -0.0930812    1.71332
  0.953436   0.122868 -0.0914722     1.7149
 0.954654  0.129257 -0.078614   1.71748
 0.732803  0.270812 -0.390247   1.34259
 0.731083  0.262744 -0.396663   1.33967
 0.740125  0.261511 -0.389769   1.35469
 0.736782  0.266351 -0.395249   1.35193
  0.72983    0.2548 -0.402492   1.33757
0.728942 0.247178 -0.40767  1.33609
0.737251 0.246642 -0.40131   1.3501
 0.734014  0.250478 -0.406615   1.34704
 0.745493   0.25653 -0.393924   1.36769
 0.746483  0.250904 -0.395723   1.36887
 0.735275  0.258285 -0.401261    1.3493
0.74075 0.25043 -0.3996 1.35771
 0.742937  0.257797 -0.393983   1.36152
0.738308 0.253766 -0.39622  1.35171
 0.938277  0.146977 -0.173944   1.69381
 0.940748  0.149689 -0.165789   1.69881
 0.940196  0.132846 -0.177968   1.69662
 0.940925  0.126962 -0.185111   1.69857
 0.943507  0.123975 -0.175788    1.7027
  0.94087  0.129847 -0.177592   1.69737
 0.945038  0.128627 -0.157923    1.7043
 0.946266  0.120646 -0.165272   1.70714
0.948481 0.116341 -0.15389  1.71006
 0.945981  0.123686 -0.155421   1.70511
 0.940896  0.137526 -0.169443   1.69744
 0.943347  0.126798 -0.166991   1.70106
 0.943488  0.134947 -0.158098   1.70142
0.942553 0.131351 -0.16905  1.70051
 0.754477  0.226249 -0.424503   1.39492
 0.724825  0.183775 -0.444081   1.33097
  0.72672  0.181518 -0.444549   1.33538
 0.727521  0.184787 -0.442665    1.3366
 0.725623  0.182997 -0.443179   1.33255
 0.729416   0.18061 -0.448088   1.34357
 0.731359  0.186803 -0.444414   1.34675
  0.72837  0.184591 -0.444996   1.34029
 0.728356  0.182715 -0.445383   1.34003
 0.727443  0.168268 -0.453034   1.33965
 0.728146  0.166646 -0.453024   1.34072
  0.7255 0.168828 -0.44979  1.33319
 0.723159  0.170478 -0.448758   1.32738
 0.723345  0.167727 -0.449685   1.32774
 0.724748  0.168867 -0.449703   1.33087
  0.72587  0.163751 -0.451624   1.33398
 0.723616  0.165137 -0.450436    1.3282
 0.723893   0.16252 -0.451153   1.32865
 0.725174  0.163639 -0.451237   1.33157
 0.726614  0.167611 -0.450475   1.33562
 0.724896  0.166232 -0.450503    1.3311
 0.726599     0.165 -0.451552   1.33573
 0.725516  0.166171 -0.450658   1.33314
 0.731242  0.150716 -0.456736   1.34601
 0.732362    0.1494 -0.456495   1.34791
  0.72939  0.150393 -0.454289   1.34016
  0.72718  0.150951 -0.452704   1.33404
 0.728108  0.148827 -0.452784   1.33559
 0.72886  0.14974 -0.45308   1.3375
 0.731169  0.146564 -0.454388   1.34314
  0.72907  0.146867 -0.452683   1.33714
 0.730154  0.144968 -0.452528   1.33893
 0.730732  0.145807 -0.452884    1.3405
 0.730491  0.149669 -0.454428   1.34236
0.729708 0.147758 -0.45304  1.33885
 0.731301  0.147634 -0.454597   1.34378
 0.730129  0.148384 -0.454265   1.34124
 0.773518  0.153215 -0.442962   1.42632
0.944212 0.167825 0.198931  1.69603
 0.94595 0.137379 0.130331   1.7026
0.929522 0.151071 0.196348  1.68127
0.927231 0.147135 0.200831  1.67679
0.929863 0.145779  0.20008  1.67739
0.932087 0.153309 0.220018  1.68056
0.931384 0.154184 0.235944  1.67626
0.933151 0.157415 0.230559   1.6799
0.888429 0.236057 0.257906  1.60991
0.891928 0.222384 0.265207  1.61667
0.882979 0.232594  0.26492  1.60073
 0.88501 0.224701 0.268665  1.60473
0.878998 0.227939 0.271196  1.59497
0.882242 0.226879 0.267363  1.59861
 0.88781 0.225273 0.265908  1.60845
 0.88715 0.229154 0.260863  1.60645
 0.93337 0.155115 0.231449  1.67989
0.933357 0.138383 0.234408  1.68143
0.935492 0.109802 0.216572  1.68352
   0.920628 -0.00594763    0.280188     1.67025
 0.928672 0.0251789  0.268114   1.68058
   0.938198 -0.00193867    0.242354     1.69731
   0.92886 0.00957517   0.248774    1.67627
 0.932372 0.0513915  0.258752   1.68555
 0.933092 0.0638137  0.241584   1.68227
0.939363 0.059625 0.236544  1.69632
 0.934336 0.0607619  0.240124   1.68502
 0.946648 0.0235075  0.209971   1.70813
 0.943397 0.0464176   0.21329   1.70022
 0.950219 0.0484628  0.190948   1.71292
 0.947447 0.0374926  0.193141   1.70607
0.932765  0.03831 0.241979   1.6819
 0.940473 0.0453383  0.215435   1.69348
 0.941359 0.0168596  0.213862   1.69586
 0.938654 0.0311571  0.237667    1.6949
0.943272  0.19341  0.22689  1.69599
0.940195 0.189713 0.232963  1.68919
0.923613 0.152476 0.209157  1.66812
0.913162 0.167569 0.247462  1.64078
0.900526  0.14188 0.240563  1.61723
0.901372 0.138203 0.224157  1.62105
0.903502 0.157921 0.219644  1.62277
0.930569 0.153651 0.221362  1.67726
0.915072 0.164588 0.207046  1.65265
0.928042 0.144769 0.204356  1.67364
 0.94916 0.175316 0.198134  1.70562
   0.886318  0.00131788 0.000100132     1.61597
0.948869 0.184919 0.193434  1.70284
0.929839 0.126652 0.238585  1.67515
0.935023 0.155849 0.228301  1.68321
0.930247 0.134996 0.244595  1.67665
0.930623  0.14534 0.242406  1.67638
0.930805 0.152266 0.240783  1.67607
0.897281 0.163373 0.242736  1.60454
0.930022 0.157443 0.230112  1.67478
0.905339 0.177758 0.255834  1.61877
0.925367 0.158939 0.207519  1.67067
0.936579 0.177003 0.208442   1.6844
 0.781881  0.119401 -0.421825   1.42805
0.781009 0.112827 -0.41947  1.42376
0.786208 0.114776   -0.414  1.43258
 0.783491  0.115494 -0.415774   1.42766
 0.778766  0.106513 -0.419987   1.41802
 0.773548  0.103071 -0.421677   1.40679
 0.779928 0.0997564 -0.414233   1.41635
 0.778658  0.103538 -0.418176    1.4161
 0.792416  0.107543 -0.403711    1.4398
 0.788226 0.0965753 -0.403688   1.42885
 0.799209 0.0938734 -0.387384   1.44514
 0.794624  0.100609 -0.394571    1.4391
 0.782009  0.109285 -0.415669   1.42322
 0.785746   0.10136 -0.408808   1.42653
 0.788089  0.109695 -0.406724   1.43207
0.785212  0.10557 -0.41262  1.42815
 0.774432   0.14467 -0.442861    1.4268
 0.76429 0.159612 -0.45502   1.4136
 0.751805  0.124771 -0.447938   1.37889
 0.754004  0.123041 -0.447317   1.38289
  0.74935  0.122787 -0.447316    1.3727
 0.746546  0.122303 -0.445737   1.36527
 0.748614  0.120188 -0.444514    1.3686
 0.748785  0.121346 -0.445404   1.36966
 0.753886  0.118938 -0.444331   1.37995
  0.75076  0.118093 -0.442985   1.37193
 0.753255  0.115871 -0.441021   1.37575
 0.753333  0.117291 -0.442291   1.37686
 0.750764  0.122692 -0.446636   1.37527
 0.750891  0.119346 -0.444031   1.37301
 0.753178  0.120633 -0.445148   1.37921
 0.751421  0.120798 -0.445836   1.37587
  0.76884  0.159058 -0.445977   1.41905
 0.736899  0.211235 -0.430503    1.3565
 0.741958  0.220598 -0.422929    1.3653
 0.732259  0.213808 -0.426072   1.34414
 0.734648   0.21875 -0.422137   1.34809
 0.729079  0.218815 -0.426447   1.33841
 0.730854  0.216187 -0.423582   1.34031
 0.736086  0.217629 -0.425042   1.35329
 0.735252  0.214825 -0.426051   1.35135
 0.827704  0.225459 -0.397223   1.52581
 0.83237 0.223851 -0.39184  1.53309
 0.826686  0.227999 -0.393269   1.52426
 0.828322  0.225507 -0.393818   1.52556
 0.837332  0.222236 -0.386098   1.54097
 0.842604  0.220042 -0.379795   1.54924
 0.836372  0.225441 -0.381736   1.53959
 0.838071  0.222332 -0.382099   1.54081
 0.826001  0.232109 -0.387109   1.52263
 0.830485   0.23412 -0.382841   1.53119
 0.832971  0.223955 -0.388278   1.53278
 0.833473  0.228113 -0.382974   1.53441
 0.828257  0.229414 -0.389421   1.52639
0.831422  0.22652 -0.38779  1.53157
 0.743607  0.132591 -0.453337   1.36618
  0.74051  0.136272 -0.454036   1.36071
 0.741915  0.131346 -0.451389   1.36089
 0.740121  0.133423 -0.451847   1.35773
 0.740274  0.130894 -0.449828   1.35589
 0.740614  0.131926 -0.451335   1.35817
  0.74068  0.134637 -0.453036   1.36013
 0.742719  0.132939 -0.452692   1.36388
 0.843316  0.220212 -0.375455   1.54893
 0.844468  0.225349 -0.368805   1.55178
 0.838016  0.227191 -0.377249   1.54178
 0.841697  0.223476 -0.375144   1.54777
 0.845696  0.233377 -0.360686   1.55503
 0.832774  0.234838 -0.376952   1.53394
 0.835606  0.230676 -0.375489   1.53787
 0.841827  0.233495 -0.369484   1.54994
 0.869451   0.22789 -0.327561   1.59423
 0.855095  0.229869 -0.347949   1.57021
  0.86768  0.215533 -0.335934    1.5882
 0.860509  0.218992 -0.346985   1.57732
 0.865932  0.208494 -0.344904   1.58416
 0.864205  0.212738 -0.344456   1.58281
 0.858114  0.223947 -0.346389   1.57436
 0.864683  0.227713 -0.339159   1.58752
 0.893692  0.182721 -0.304958   1.62751
 0.899297   0.17827 -0.295323    1.6365
 0.894005  0.187501 -0.296021   1.62745
 0.894975  0.184246 -0.298538   1.62866
 0.90476 0.172704 -0.28468  1.64484
 0.909353  0.166776 -0.274451   1.65137
   0.9052  0.176614 -0.274285   1.64464
 0.905934  0.174184 -0.277165   1.64556
 0.892007  0.204818 -0.293224   1.62763
 0.898559  0.206176 -0.284158   1.64049
 0.900627  0.179783 -0.287596   1.63742
 0.903328  0.187141 -0.275287   1.64275
0.896243 0.191702 -0.28824  1.63111
 0.899467  0.184106 -0.286249   1.63635
 0.910527  0.187058 -0.255169   1.65494
 0.916189  0.188868 -0.245205   1.66615
 0.913158  0.168001 -0.256858   1.65637
 0.913567  0.162284 -0.265007   1.65772
 0.918191  0.158204 -0.254858   1.66514
0.914204 0.164446 -0.25783  1.65756
 0.922324  0.157273 -0.233552   1.67002
0.922467 0.153081 -0.24374  1.67146
 0.925963  0.147837 -0.233438   1.67629
 0.923018  0.155154 -0.235761   1.67104
0.914798 0.172882 -0.24793  1.65876
 0.918846  0.160403 -0.246265   1.66471
  0.92072  0.168488 -0.234201   1.66844
 0.917695  0.164986 -0.246311   1.66368
 0.926163  0.168145 -0.214404   1.67736
 0.930617  0.170437 -0.204581   1.68635
0.928561 0.149687 -0.21619  1.67927
 0.929211  0.143785 -0.224093   1.68115
 0.932743  0.140032 -0.214171   1.68677
 0.929471  0.146417 -0.216625   1.68041
 0.935624  0.138591 -0.193177    1.6894
 0.935871  0.135156 -0.203506   1.69123
 0.938503  0.130516 -0.193941   1.69493
 0.936104  0.137489 -0.195737   1.69047
 0.929763  0.154848 -0.206907   1.68092
 0.933045  0.142644 -0.205391    1.6859
  0.93445  0.150587 -0.193315   1.68858
 0.932073  0.146854 -0.205817   1.68488
  0.73172  0.194036 -0.441038   1.34736
 0.735765  0.201681 -0.435668   1.35449
  0.72837  0.195786 -0.437226   1.33786
  0.73011  0.199827 -0.434393   1.34073
 0.726017  0.199336 -0.437188   1.33314
  0.72723  0.197684 -0.435351   1.33478
 0.731221  0.198965 -0.436997   1.34501
 0.730474  0.196761 -0.437697   1.34331
0.732957 0.243013 -0.41147  1.34514
 0.737295  0.236205 -0.410434   1.35211
 0.740215  0.242744 -0.405087   1.35707
0.735377 0.239171 -0.40719  1.34703
 0.743227  0.232742 -0.414623   1.36692
 0.749301  0.244859 -0.404198   1.37745
 0.741992  0.241333 -0.407196   1.36251
0.741425 0.237052 -0.40906  1.36102
 0.950946  0.116033 -0.113276   1.71026
 0.951476  0.117908 -0.112137   1.71168
0.949983 0.114543 -0.12997   1.7099
 0.950319  0.112153 -0.143061   1.71235
0.951963 0.108903 -0.13318  1.71462
 0.950304  0.115905 -0.134896   1.71155
 0.953021  0.107788 -0.112946   1.71454
 0.953109  0.105825 -0.124217   1.71593
 0.953982  0.103751 -0.116213   1.71692
 0.953278  0.109501 -0.118535   1.71606
 0.950889   0.11922 -0.123138   1.71181
0.951979 0.112907 -0.12617  1.71417
 0.952535  0.117013 -0.115227   1.71465
 0.951749  0.111858 -0.121689   1.71289
 0.848116  0.232444 -0.336086   1.55186
0.860446 0.238441   -0.322  1.57618
0.953307 0.046961 0.152559  1.71325
 0.957049 0.0711994  0.142221   1.72221
 0.958343 0.0420843  0.142024   1.72453
 0.956752 0.0444403  0.143396   1.72048
  0.95721 0.0915262 0.0885399   1.71874
0.957151 0.084854 0.119691  1.72073
 0.962638 0.0314437 0.0978083   1.73042
 0.962833 0.0690099 0.0721772   1.73025
 0.964941 0.0418383  0.041512   1.73502
 0.963927 0.0238691 0.0663692   1.73164
 0.957988 0.0611451  0.116534   1.72095
 0.961066 0.0602912 0.0866417    1.7262
 0.960622 0.0293744  0.105159   1.72569
 0.960129 0.0653686  0.106831   1.72561
 0.890046  0.188929 -0.308017   1.62145
  0.89181  0.194789 -0.298298   1.62488
 0.887473  0.200126 -0.306329   1.61917
 0.889522  0.190995 -0.303848   1.62053
 0.885961  0.221937 -0.306593   1.62339
0.888536  0.20055 -0.29826  1.62014
 0.889576    0.2012 -0.297465   1.62249
 0.955084  0.106551 -0.111274   1.71941
 0.955963  0.106057 -0.101899   1.72055
 0.953873  0.111528 -0.108222   1.71656
 0.954594  0.104781 -0.104689   1.71726
  0.956812    0.10634 -0.0932063    1.72186
  0.957334   0.106221 -0.0847696    1.72241
  0.955269   0.112858 -0.0909213    1.71839
  0.956053   0.106008 -0.0865159     1.7193
 0.952228  0.122512 -0.106371   1.71344
  0.953085    0.12367 -0.0982896    1.71479
   0.95531   0.105354 -0.0957919    1.71822
   0.95443   0.111134 -0.0934109    1.71631
 0.953876  0.110895 -0.100973   1.71567
   0.95463   0.111296 -0.0995405    1.71748
0.934892 0.146249 0.221594  1.68295
0.949917 0.131173 0.069113  1.70813
 0.949817  0.141934 0.0730496   1.70787
 0.950789  0.139619 0.0697201   1.70948
 0.950314  0.139671 0.0731713   1.70912
 0.951213  0.147906 0.0685104   1.70936
 0.950407  0.151833 0.0695484   1.70742
 0.950803  0.148919 0.0720536   1.70971
 0.949797  0.155589 0.0771949   1.70761
  0.95039   0.14689 0.0763382    1.7086
 0.831591  0.418263 0.0295115   1.51695
  0.841761    0.40284 0.00537189    1.53079
 0.847762  0.397357 0.0358017   1.54209
 0.839339  0.396667 0.0237744   1.52233
  0.855639   0.384958 -0.0126967    1.55433
 0.863177  0.382593 0.0415191   1.57007
 0.853931  0.383821 0.0329148   1.54911
   0.85459   0.381644 0.00520774     1.5498
0.933116 0.147681 0.234854  1.68031
 0.930469 0.0917596  0.245702   1.67796
0.928942 0.109277 0.235658  1.67246
0.927797 0.103967 0.252839  1.67414
 0.94279 0.105039 0.184393  1.69613
0.940527 0.106314 0.190278   1.6912
 0.915397 0.0994099  0.283556   1.65541
 0.920559 0.0894074  0.273228   1.66352
 0.914632 0.0860859  0.292299   1.65674
 0.917239 0.0869471  0.281234   1.65797
 0.924797 0.0805202  0.262655   1.66946
 0.930179 0.0746993  0.243859   1.67664
 0.927273 0.0636832  0.262789   1.67513
 0.927853 0.0668226  0.258697    1.6748
  0.91304 0.0639125  0.294097   1.65449
 0.921959 0.0474732  0.273825   1.66714
  0.91091 0.0290918  0.288912   1.65064
 0.917487 0.0392297  0.289247   1.66195
 0.922857 0.0755773  0.271634   1.66722
  0.92469 0.0555001   0.27649   1.67295
 0.917259 0.0691306  0.289463   1.66059
  0.92087 0.0729608  0.280026   1.66616
0.871151 0.293947 0.219734  1.58146
0.875451 0.296232 0.208696  1.58749
0.877774 0.287017 0.216702  1.59195
0.874535 0.289213 0.213843  1.58454
0.882096 0.297675   0.1975  1.59904
0.885247 0.282514 0.214702  1.60551
0.880968  0.28534 0.213251  1.59637
 0.88073 0.289439 0.203802  1.59502
0.935533 0.156853 0.226276  1.68611
0.928199 0.118361 0.249346  1.67322
0.890844 0.112093 0.295304  1.61129
 0.89904 0.108176 0.300994  1.62854
 0.891746 0.0924437  0.300505   1.61314
0.894784 0.106748 0.300825  1.62182
0.906367 0.103769 0.298232  1.64127
 0.912873 0.0999477  0.286088   1.65038
   0.9108 0.0866835  0.296121   1.64916
0.909892 0.100971 0.297846  1.64904
 0.896225 0.0645137  0.302578   1.62206
 0.907966 0.0643607  0.299429   1.64461
 0.905864 0.0297576  0.296818   1.64111
  0.90203 0.0594439  0.302984   1.63575
  0.9026 0.103121 0.303825  1.63711
 0.906599 0.0843893  0.302412   1.64405
  0.89702 0.0861753  0.305282   1.62667
 0.902117 0.0883774  0.302262   1.63402
 0.921306 0.0965182  0.274485   1.66504
 0.918622 0.0989337  0.275082   1.65905
 0.923652 0.0997923  0.259125   1.66546
 0.929338 0.0874505  0.256581    1.6781
 0.925845 0.0839208  0.261652   1.67079
 0.924038 0.0984573  0.266025   1.66906
0.778264 0.115394 -0.42229  1.41966
 0.775538  0.121581 -0.428442   1.41821
 0.778057  0.118642 -0.423441   1.42048
 0.769903  0.116993 -0.432634   1.40748
 0.769086  0.123204 -0.437978   1.40988
  0.77048   0.11986 -0.432718   1.40936
 0.776349   0.11029 -0.422865   1.41483
 0.771545  0.111684 -0.428475   1.40767
 0.772908  0.105966 -0.424727    1.4074
 0.773259  0.108321 -0.426032   1.40955
 0.774066  0.118665 -0.430616   1.41574
 0.771386  0.113902 -0.429881   1.40866
 0.775874  0.113089 -0.424875   1.41551
 0.774197  0.115671 -0.427197   1.41353
  0.77088  0.149852 -0.450772    1.4236
 0.813775  0.225936 -0.412977   1.50327
  0.81644  0.226479 -0.410047   1.50779
 0.811832  0.227514 -0.411362   1.50047
 0.813544  0.226196 -0.411386   1.50204
 0.819612  0.226707 -0.406413   1.51297
 0.823363  0.226369 -0.402141   1.51893
 0.817647  0.228934 -0.403895   1.51001
 0.819616  0.226852 -0.403922   1.51179
 0.808621  0.230132 -0.406686   1.49401
 0.811783  0.231963 -0.403025   1.49964
 0.816229  0.226677 -0.407986   1.50636
 0.815041  0.229446 -0.405051   1.50501
 0.811976  0.228368 -0.409135   1.50009
 0.814483  0.228218 -0.408029   1.50482
 0.811999  0.224963 -0.414955    1.5001
 0.809585   0.22437 -0.416118   1.49681
 0.811601  0.223339 -0.415924   1.49933
 0.810916  0.223807 -0.415438   1.49774
 0.807001  0.223218 -0.416352    1.4922
0.803163 0.224394 -0.41732  1.48671
 0.806291  0.220356 -0.419326   1.49175
 0.805826  0.222584 -0.416918   1.49011
 0.812567  0.220523 -0.415479   1.50052
 0.810425  0.217136 -0.418901   1.49827
  0.81605  0.215427 -0.411591   1.50491
 0.813116  0.216072 -0.414792   1.50028
 0.808593   0.22284 -0.416418   1.49453
 0.808668  0.219141 -0.417592   1.49437
 0.811113  0.221125 -0.415985   1.49779
 0.809447  0.221612 -0.417444   1.49653
0.933401 0.150375 0.230118  1.68003
  0.966752 -0.0287952  0.0268107    1.74183
  0.960404 -0.0695487  0.0941611    1.73227
  0.961719 -0.0168016  0.0947082    1.72912
  0.962183 -0.0184405  0.0909231    1.73252
  0.942726 -0.0716854   0.183776    1.70287
  0.918272 -0.0303552     0.2516    1.65781
  0.941319 -0.0241488   0.202828    1.69593
  0.935346 -0.0475072    0.24405    1.69809
  0.956968 0.00967145   0.142302    1.72094
  0.950022 0.00416372   0.169291    1.70783
 0.952155 0.0300367  0.153131   1.71003
0.952949  0.01887 0.167082   1.7147
  0.951439 -0.0514319   0.172785    1.72081
  0.948342 -0.0155338   0.196873    1.71157
   0.957683 0.000187439    0.149582     1.72528
  0.953615 -0.0331304   0.152592    1.71717
0.883591 0.194252 0.287096  1.60305
0.887579 0.200615 0.283166  1.60902
0.890435 0.192391 0.285007  1.61464
0.887138 0.194834 0.284592  1.60756
0.892751 0.205175  0.27616  1.61719
0.898288 0.189496 0.278965  1.62733
0.892975 0.193007 0.281645   1.6171
0.891781 0.197293 0.277954  1.61411
0.891664 0.124595 0.290784  1.61308
0.892512 0.132606 0.289157  1.61536
 0.89726 0.133298 0.295779  1.62558
0.894133 0.130937 0.290338  1.61935
0.891854 0.140558 0.289852  1.61485
0.890218 0.149108 0.291067   1.6124
0.895636  0.15025 0.293658  1.62289
0.892251 0.147867 0.290652  1.61688
0.901245 0.139042 0.293897  1.63204
0.900622 0.146856 0.290659   1.6303
0.906011 0.138756 0.286163  1.63855
0.902015 0.142271 0.293632   1.6338
0.893573 0.139407 0.289706  1.61871
0.897474 0.147902  0.29479   1.6271
0.898415 0.139228    0.296  1.62887
0.896681 0.141975 0.294341  1.62477
 0.760566  0.155012 -0.461879   1.40714
 0.760747   0.15502 -0.461645   1.40746
  0.76104  0.155178 -0.461192   1.40806
0.760331 0.154583 -0.46337    1.407
 0.760317  0.154745 -0.463446   1.40702
 0.760344   0.15449 -0.463253   1.40697
 0.760284   0.15517 -0.463411     1.407
 0.760365  0.154465 -0.463209   1.40703
0.766944 0.156698 -0.45284  1.41743
 0.760324  0.154607 -0.463307     1.407
 0.744047    0.1313 -0.452469   1.36633
 0.745705  0.129876 -0.452062   1.36931
 0.742214  0.130129 -0.451023   1.36108
  0.74012  0.129941 -0.449223   1.35505
0.741527 0.128068 -0.44867  1.35737
 0.741788  0.129016 -0.449243   1.35841
 0.745282  0.126601 -0.449604   1.36608
 0.742991  0.126242 -0.447888   1.35968
0.744648 0.124296 -0.44694   1.3623
 0.744844  0.125383 -0.447696   1.36333
 0.743285  0.129815 -0.450731   1.36309
 0.743198  0.127246 -0.448558   1.36068
 0.744893  0.127921 -0.450081   1.36579
 0.743589  0.128338 -0.450249   1.36317
 0.760302  0.154952 -0.463464   1.40702
 0.761595   0.15385 -0.457937   1.40825
  0.76465  0.155285 -0.455973     1.414
 0.765817  0.154551 -0.456797   1.41659
 0.768143  0.153501 -0.456438   1.42086
  0.76679  0.121994 -0.439382   1.40554
 0.762882     0.118 -0.438474   1.39586
 0.767121   0.11609 -0.434264   1.40226
0.765862 0.118767  -0.4364  1.40119
 0.760359  0.114934 -0.438798   1.38992
 0.756308   0.11359 -0.438433   1.38043
 0.759829  0.111216 -0.435432    1.3859
0.759695 0.112889 -0.43716  1.38682
  0.76846  0.110598 -0.430812   1.40214
 0.763705  0.108816 -0.431707   1.39178
0.768276 0.106111 -0.42722  1.39877
 0.767914  0.108428 -0.429726   1.39967
 0.762597  0.115691 -0.436975   1.39379
 0.763456  0.110757 -0.433831   1.39269
 0.766918  0.113732 -0.433032   1.40053
 0.764086  0.112867 -0.435092   1.39548
 0.760172  0.154577 -0.462566    1.4066
 0.762414  0.151579 -0.452718   1.40787
 0.772017   0.14714 -0.443671   1.42227
 0.775743   0.12454 -0.427864   1.41879
  0.77385  0.132502 -0.434375    1.4194
0.769333 0.125297 -0.43663  1.40984
   0.7742  0.128852 -0.434152   1.41953
 0.763513  0.130007 -0.446119   1.40326
 0.777905   0.13649 -0.432683   1.42793
 0.780511  0.127686 -0.425905   1.42859
 0.783842  0.137017 -0.422474   1.43562
 0.780028  0.131686 -0.423414   1.42686
 0.766457  0.150742 -0.457118   1.41715
 0.760283  0.155407 -0.462703   1.40673
 0.760342  0.155498 -0.462735   1.40691
 0.761358  0.154882 -0.456438   1.40738
 0.761061  0.155586 -0.460835   1.40812
 0.763497  0.156958 -0.455906     1.412
   0.7616  0.156002 -0.454178   1.40739
 0.76134 0.154028 -0.45842  1.40784
 0.735526  0.153285 -0.461201   1.35853
 0.760293  0.154817 -0.463361   1.40698
 0.766182  0.159375 -0.453121   1.41654
 0.761213  0.154743 -0.460359   1.40823
 0.762791  0.155054 -0.453494   1.40938
 0.760983  0.154857 -0.461119    1.4079
 0.758564   0.16174 -0.441984   1.39734
 0.760671  0.154721 -0.461561   1.40725
 0.760166  0.155059 -0.462893   1.40672
  0.76064  0.154862 -0.462224   1.40737
 0.761421   0.15464 -0.460114   1.40863
 0.760447   0.15436 -0.462153    1.4069
 0.760356  0.154483 -0.463114   1.40694
 0.760346  0.154263 -0.462276    1.4068
 0.760355  0.154565 -0.462995   1.40689
 0.760465  0.154516 -0.462142   1.40695
  0.7605 0.154622 -0.46292   1.4072
 0.788027  0.141767 -0.410053   1.43924
 0.793842  0.140883 -0.402075   1.44778
  0.78855  0.150168 -0.404068   1.43896
0.789729 0.142491 -0.40386  1.43993
 0.802788  0.137627 -0.388031    1.4603
 0.818581  0.139466 -0.367125   1.48732
 0.800417  0.154565 -0.381779    1.4559
  0.80463  0.141777 -0.377865   1.46126
 0.787359  0.156622 -0.399108   1.43542
 0.791464  0.161542 -0.391767   1.44205
 0.784977  0.167194 -0.400003    1.4327
  0.7878 0.160182 -0.39677  1.43624
 0.795558   0.14032 -0.391837   1.44656
 0.794846  0.153506 -0.388505   1.44659
 0.789353  0.150355 -0.397348    1.4376
 0.794151  0.149882 -0.392952   1.44589
0.784941 0.145102 -0.40886   1.4325
 0.784845  0.149381 -0.409522   1.43352
 0.783097  0.156869 -0.401487   1.42737
 0.781322  0.163335 -0.405453   1.42685
 0.779216  0.154053 -0.418108   1.42676
 0.781534  0.156493 -0.409913     1.428
 0.735229  0.143465 -0.456124   1.35244
 0.736527   0.14192 -0.455751   1.35461
 0.733364  0.142966 -0.454044    1.3468
 0.73125   0.1432 -0.45223  1.34069
0.732406 0.141397 -0.45204  1.34265
 0.732922   0.14215 -0.452397   1.34407
 0.735313  0.139407 -0.453631   1.34989
 0.733441  0.139753 -0.451784   1.34434
  0.73443  0.138095 -0.451552   1.34595
 0.734927  0.138797 -0.451887   1.34731
 0.734463  0.142365 -0.454039   1.34895
 0.733913  0.140461 -0.452152   1.34567
 0.735484  0.140344 -0.453949   1.35065
 0.734283  0.141145 -0.453712   1.34812
 0.729302  0.160185 -0.456049   1.34361
 0.729156  0.164914 -0.454371   1.34325
 0.727136  0.160179 -0.452996   1.33672
 0.726923  0.162702 -0.452121   1.33622
 0.725474  0.161133 -0.451814   1.33202
 0.726007  0.161236 -0.452198   1.33404
0.727601 0.163091 -0.45423  1.33948
 0.728331  0.161569 -0.454256   1.34066
 0.763775   0.16146 -0.450009   1.41096
 0.769412  0.155683 -0.451238   1.42167
 0.761849  0.152716 -0.455085   1.40772
 0.748298  0.132701 -0.453577   1.37644
0.752389 0.129801 -0.45258  1.38395
 0.760181  0.155348 -0.462951   1.40681
 0.763782  0.151583 -0.454338   1.41123
 0.760212  0.155525 -0.462859   1.40685
 0.765947  0.159414 -0.449188   1.41463
 0.762053  0.155217 -0.453966    1.4081
 0.760297  0.155646 -0.462747   1.40697
 0.761254  0.154546 -0.454699   1.40657
 0.761017  0.154904 -0.457321   1.40697
 0.760593  0.155393 -0.458361   1.40652
 0.760198  0.155468 -0.462811   1.40684
   0.7612   0.15536 -0.459073   1.40791
  0.76053  0.155524 -0.462387    1.4073
 0.760828  0.155459 -0.461547   1.40773
  0.76097  0.155296 -0.454862   1.40617
 0.760665  0.155434 -0.461883   1.40746
 0.760652  0.155664 -0.460497   1.40725
 0.760479  0.155379 -0.462597   1.40712
  0.76061  0.155604 -0.461999   1.40738
 0.941513  0.159169 0.0773105   1.69419
 0.946761  0.163708 0.0413719   1.70601
 0.948292  0.162566 0.0655447    1.7071
 0.945587  0.172587 0.0673145    1.7057
    0.958061     0.137212 -0.000204702      1.72927
   0.96679  0.0812811 -0.0180992    1.74472
 0.959422   0.12698 0.0287902   1.72717
 0.959049  0.107647 0.0240557   1.72726
 0.952435  0.152533 0.0641756   1.71309
 0.955919   0.13939 0.0531214   1.71911
 0.953853  0.150936 0.0716036   1.71565
  0.95382  0.146429 0.0682534   1.71563
 0.950703  0.160321 0.0394321   1.71515
 0.955347  0.138761 0.0504081   1.71918
 0.950871  0.160847 0.0641426   1.71263
 0.953058  0.151699 0.0410648   1.71574
 0.866454  0.367282 0.0860425   1.57328
0.875161 0.350126 0.117207  1.58949
0.857074 0.372389 0.103501  1.55657
0.862945 0.360795 0.119765  1.56714
0.851644 0.375844 0.122023  1.54944
0.856445  0.36368 0.114647   1.5528
0.866795  0.35568 0.114503  1.57219
 0.865156  0.357985 0.0991192   1.56768
  0.807032   0.428802 -0.0975159    1.47536
 0.815975  0.407722 -0.116927   1.48615
  0.828618   0.406333 -0.0881929    1.50951
  0.815111   0.406809 -0.0984917    1.48082
 0.829455    0.3858 -0.134105   1.50942
   0.85161   0.382597 -0.0831898    1.55044
 0.833036  0.393056 -0.093383   1.51407
 0.827126  0.386154 -0.111127   1.50008
 0.869718  0.346769 -0.076736   1.57559
0.954483 0.125238 0.032262  1.71533
 0.953997  0.131991 0.0362896   1.71424
 0.954295  0.131809 0.0292882   1.71453
 0.954253  0.133055 0.0338093   1.71507
 0.953479   0.13644 0.0222545   1.71159
 0.952986  0.142135 0.0309645   1.71176
 0.953013  0.142856 0.0395149   1.71211
  0.949421   0.133485 -0.0980448    1.70671
  0.951617   0.148076 -0.0760345    1.71184
 0.954531  0.135738 0.0199296   1.71458
 0.954525  0.134244 0.0217828   1.71425
 0.955365  0.128853 0.0171792   1.71683
 0.955965   0.12415 0.0154906   1.71822
 0.955583  0.124478 0.0205324   1.71747
 0.955553  0.123585 0.0166102   1.71713
 0.954682  0.132073 0.0280534   1.71565
 0.955302  0.125366 0.0258275   1.71708
 0.954984  0.125854 0.0310775   1.71662
 0.954825  0.125077 0.0266487   1.71587
 0.955147  0.128787 0.0178591   1.71617
 0.955161  0.124552 0.0209893   1.71644
 0.954518   0.13099 0.0210468   1.71488
 0.955099  0.129179 0.0216219   1.71627
 0.955822  0.122974 0.0114512   1.71758
 0.955305  0.128225 0.0141143   1.71641
  0.955461   0.127262 0.00717363    1.71652
 0.955517  0.129113 0.0118312   1.71714
   0.954463    0.129579 -0.00153648      1.7135
  0.954166   0.136441 0.00788171    1.71382
 0.954278  0.137243 0.0158214   1.71419
   0.956901    0.118228 -0.00959466     1.71949
   0.956426    0.121724 -0.00750841     1.71839
 0.956569  0.119335 -0.013809   1.71844
  0.956622   0.122342 -0.0102317    1.71905
  0.956129   0.127719 -0.0141385    1.71748
    0.9556   0.124268 -0.0147826     1.7163
   0.955628    0.127639 -0.00770719     1.71667
 0.950446  0.155246 0.0528354   1.70574
   0.95602   0.130773 -0.0208003    1.71802
  0.956513   0.129151 -0.0163482    1.71885
  0.957003    0.12013 -0.0240926    1.71987
  0.957693   0.116555 -0.0265902    1.72148
  0.957642   0.116818 -0.0214961    1.72129
  0.957306   0.115764 -0.0232913    1.72032
  0.956873    0.11947 -0.0152275     1.7193
  0.957489   0.117275 -0.0165008     1.7209
  0.957312   0.118836 -0.0114467    1.72062
  0.957092   0.116711 -0.0147075     1.7198
  0.956892   0.119283 -0.0202331    1.71932
  0.957266   0.115892 -0.0187895    1.72017
  0.956853   0.118581 -0.0169124    1.71908
  0.957037   0.119481 -0.0192731    1.71978
  0.957319   0.115177 -0.0284696    1.72038
  0.956802   0.119858 -0.0250017    1.71926
  0.956811   0.118449 -0.0313284    1.71923
   0.95696    0.11993 -0.0297107    1.71986
   0.95584   0.123514 -0.0348565    1.71696
  0.955594   0.125429 -0.0332979    1.71676
  0.955646   0.130039 -0.0266624    1.71721
  0.957447   0.110464 -0.0499954    1.72089
  0.956847   0.116008 -0.0464807    1.71965
  0.956731    0.11387 -0.0526755    1.71933
  0.956992   0.114337 -0.0521026    1.72015
0.955782 0.125967 -0.05442   1.7179
  0.955669   0.115837 -0.0534606    1.71676
  0.95567  0.122326 -0.049072   1.71732
 0.951875  0.150774 0.0281116   1.70804
  0.955058   0.121006 -0.0699688    1.71664
  0.955728   0.125832 -0.0621711    1.71832
  0.956364   0.112956 -0.0728661    1.71955
   0.95781   0.106695 -0.0766024      1.723
  0.958074   0.106831 -0.0686517    1.72312
  0.957043   0.107161 -0.0697073    1.72059
  0.956865     0.1121 -0.0578763     1.7198
  0.958092   0.107826 -0.0613538    1.72282
   0.95804   0.109728 -0.0548197    1.72257
  0.957419   0.108674 -0.0560556     1.7209
  0.956257   0.114437 -0.0656636    1.71888
 0.957321  0.107583 -0.062433   1.72088
  0.956669   0.114502 -0.0573767    1.71946
0.956682 0.112972 -0.06542  1.71989
  0.94739  0.187641 0.0148513   1.70165
 0.950051   0.14877 -0.122963   1.71464
0.942314 0.149214 -0.15379  1.70049
 0.949269  0.129863 -0.131097   1.71053
 0.945717  0.133208 -0.147696   1.70495
 0.948279  0.119685 -0.144717    1.7085
  0.94738   0.12343 -0.145854   1.70723
 0.944149  0.138427 -0.151555    1.7029
 0.947212  0.147201 -0.142583   1.71034
 0.946455  0.171332 0.0619559   1.69769
 0.938562    0.1331 -0.187021   1.69404
 0.938918  0.138965 -0.178948   1.69463
0.936864 0.141892 -0.18663  1.69164
 0.938144  0.134403 -0.185247   1.69326
 0.934626  0.168391 -0.189577   1.69247
 0.936814  0.140443 -0.179045   1.69015
 0.937251  0.142603 -0.178152   1.69141
  0.954997   0.139922 -0.0368651    1.71638
 0.786045  0.397987 -0.211825   1.43777
0.794615 0.376815 -0.22194  1.44841
 0.80499  0.38275 -0.19896  1.46747
 0.793044  0.379941 -0.207805    1.4422
 0.807084  0.359684 -0.233879   1.47271
0.825315 0.368394 -0.19297  1.50565
 0.809309  0.372493 -0.202936   1.47408
 0.804365  0.364479 -0.214433   1.46269
  0.877559   0.351072 -0.0146828    1.58894
0.781916  0.32602 -0.30836  1.43044
 0.801547  0.337238 -0.276983   1.46562
 0.772797  0.338297 -0.300339   1.41136
 0.782948    0.3454 -0.282928   1.42942
 0.766792  0.354964 -0.295307   1.40417
 0.771938  0.342089 -0.289794   1.40679
 0.785864  0.338287 -0.286809   1.43509
  0.78011  0.331817 -0.294443   1.42281
  0.947445   0.167515 -0.0957541    1.70746
 0.925891  0.228491 -0.134884   1.67311
 0.910131  0.168582 -0.267861   1.65159
 0.911056  0.175307 -0.258907   1.65351
 0.907535  0.179687 -0.267707    1.6489
 0.909439  0.170766 -0.265346   1.65061
 0.904616  0.203826 -0.270481   1.65009
 0.907425  0.180133 -0.261508   1.64791
0.908303 0.182499 -0.26029  1.65016
 0.750027  0.312334 -0.352165   1.37509
 0.755485  0.299729 -0.353253    1.3822
  0.76255  0.307907 -0.341444   1.39467
 0.753957  0.303599 -0.346273   1.37696
 0.763386  0.291508 -0.358046   1.39957
 0.777007  0.305723 -0.337012   1.42404
 0.764962  0.303435 -0.343768   1.40014
0.761644 0.297223 -0.34884  1.39304
 0.921766  0.209136 -0.190017   1.67067
 0.871732  0.218987 -0.326417   1.59669
 0.878101  0.222289 -0.319454   1.60973
 0.870868  0.210084 -0.334562   1.59367
 0.871165  0.204638 -0.341902   1.59403
 0.877315  0.199431 -0.332525   1.60329
 0.872582  0.205037 -0.335397   1.59483
 0.884123   0.19715 -0.312423   1.61275
 0.883075  0.193916 -0.323188   1.61182
 0.888509  0.187757 -0.313876   1.61965
 0.884978  0.194674 -0.316778    1.6141
0.873781 0.213189 -0.32699  1.59835
  0.87888  0.199971 -0.326104   1.60461
 0.882258  0.207726 -0.314265   1.61167
 0.877255  0.204368 -0.324231   1.60283
 0.739162  0.274591 -0.388417   1.35614
 0.744208  0.265204 -0.387668   1.36339
 0.748763  0.272885 -0.379793   1.37132
 0.742295  0.268691 -0.383022   1.35794
 0.751228  0.259915 -0.391497    1.3797
 0.760129  0.273745 -0.377093   1.39553
 0.750823  0.270312 -0.381578   1.37674
 0.749399  0.264904 -0.384744   1.37351
 0.756899  0.350353 -0.300223     1.383
 0.751937  0.339932 -0.315779   1.37436
 0.766264  0.333882 -0.304952   1.39731
0.760833  0.34508 -0.31177  1.39375
 0.748304  0.328953 -0.330158   1.36824
 0.745098  0.318134 -0.342968   1.36281
   0.7586  0.313936 -0.331981   1.38439
 0.753326  0.323206 -0.339711   1.38069
 0.773422  0.323011 -0.313371   1.41275
0.773312 0.314066 -0.31867  1.41117
 0.756978    0.3341 -0.326496    1.3871
 0.764426  0.319387 -0.327877    1.3972
0.769535 0.328721 -0.31503  1.40632
 0.761863  0.323854 -0.320038   1.39001
 0.847709  0.227069 -0.360035   1.55755
 0.85221 0.229092 -0.35531  1.56633
 0.847476  0.221699 -0.367684   1.55712
 0.848189  0.217814 -0.372949   1.55812
0.853729  0.21469 -0.36573  1.56665
 0.849113  0.217931 -0.368094   1.55809
 0.858471  0.216527 -0.352992   1.57443
 0.859339  0.211858 -0.358368   1.57551
 0.865054  0.208108 -0.350441    1.5843
  0.86026   0.21208 -0.353075   1.57546
0.849589 0.223561 -0.36238  1.56019
 0.854462  0.214906 -0.360958   1.56632
 0.855385  0.220604 -0.354301   1.56897
 0.852874  0.218525 -0.360625    1.5653
  0.81296   0.23256 -0.399288   1.50068
 0.818533  0.230292 -0.400764   1.51085
 0.823664  0.226473 -0.399186   1.51819
0.823992 0.230245 -0.39437  1.51944
 0.821976   0.22874 -0.398981   1.51674
  0.82403  0.235671 -0.388067   1.51976
 0.816097  0.232659 -0.399149   1.50655
  0.82159  0.235396 -0.394291   1.51708
 0.865585   0.24089 -0.298587   1.57977
 0.806846  0.224728 -0.414816    1.4915
 0.803526  0.226962 -0.414309   1.48665
 0.804598  0.225351 -0.412586   1.48685
 0.809424  0.225366 -0.414775   1.49611
 0.811693  0.225308 -0.413972   1.49905
 0.809881  0.226918 -0.412411   1.49657
 0.810612  0.225833 -0.414197    1.4985
 0.806763  0.229026 -0.407634    1.4901
 0.808384  0.226075 -0.414785   1.49455
  0.80736  0.227604 -0.410247   1.49231
 0.809251  0.227374 -0.412818   1.49581
0.741957 0.307885 -0.35529   1.3579
 0.738725  0.298321 -0.365322   1.35231
 0.750155  0.295493 -0.356445   1.37083
 0.745982  0.302874 -0.362868   1.36801
 0.736515  0.288701 -0.374428    1.3486
  0.73475  0.279551 -0.382473   1.34568
 0.745278  0.277735 -0.373879   1.36274
 0.741212  0.283664 -0.380573   1.35962
  0.75625  0.287972 -0.361626   1.38468
 0.756881  0.280819 -0.364786   1.38496
 0.743457    0.2931 -0.372258   1.36361
 0.749845  0.282428 -0.371193    1.3727
 0.753224  0.291069 -0.362893   1.37874
 0.747249  0.286356 -0.366268   1.36604
0.939538 0.164607 0.204123  1.69063
0.932836 0.153742 0.189192  1.68682
0.929118 0.148875 0.194693  1.68138
0.910914  0.23158 0.284295  1.65354
0.922466 0.213145 0.237777  1.66775
 0.816886 -0.172312  0.151921   1.50798
0.911762 0.162963 0.210503  1.64401
0.900789 0.155433 0.334339  1.63652
0.920537 0.179899 0.251983  1.66744
0.931831 0.156969 0.229627  1.67835
0.920916 0.193023 0.214822  1.66312
0.932566 0.156393 0.233311  1.67884
0.932936 0.153421 0.234924  1.67953
0.873118 0.261379 0.246799   1.5831
0.871988 0.269326   0.2404  1.58102
0.877812 0.264871 0.237944   1.5904
0.874413 0.268121   0.2425  1.58687
0.870896 0.277601 0.233456  1.57913
0.869525 0.285912 0.225859   1.5766
0.876089 0.279535 0.222974  1.58708
0.872304 0.284666 0.228325  1.58329
0.882837 0.267396  0.22998  1.59878
0.883457  0.27051 0.221941  1.59922
0.873489 0.276325 0.235553  1.58533
0.877901 0.278063 0.226801  1.59167
0.879107 0.271029 0.233453  1.59414
0.876762 0.272802 0.230664  1.58862
0.933544 0.142833 0.227209   1.6805
0.928246 0.152286 0.247706  1.67219
0.934004 0.130905 0.222821  1.68144
0.935133 0.157361 0.228083  1.68419
0.933694 0.122641 0.235756  1.68325
0.927277 0.156582 0.236762  1.66953
 0.939207 0.0839448  0.203832   1.68887
 0.948838 0.0534158  0.189024   1.70892
 0.943296 0.0638368  0.198227   1.69697
 0.944713 0.0609767  0.201234   1.70123
  0.93772 0.0682735    0.2207   1.68827
0.934836 0.071052 0.223573  1.68212
 0.940588 0.0773924  0.214543   1.69446
0.934861   0.1522 0.226079  1.68276
0.885279 0.265935  0.23259  1.60449
0.888304 0.252369 0.243651  1.61061
0.879533 0.263406 0.240599  1.59457
0.881437 0.255342 0.246028  1.59831
0.875568 0.260031 0.248614  1.58892
0.878657 0.257452 0.243982  1.59202
0.884299 0.255173 0.243225  1.60232
0.883889 0.259009 0.236603  1.60074
 0.934139 0.0889014  0.243211   1.68595
0.935711 0.104185 0.227765  1.68665
0.931805 0.100539 0.232754  1.67803
0.929167  0.18915 0.243463  1.67122
0.920749 0.187098 0.252641  1.64964
0.928238 0.154061 0.221487  1.67313
0.925313 0.154484 0.202788  1.67197
0.930518 0.155964 0.237906  1.67511
0.927608 0.157364 0.233635  1.67001
0.934335 0.153302 0.220298  1.68419
0.919896 0.165276 0.251774  1.64936
0.922135 0.175987 0.217822  1.67003
0.928625 0.147384  0.24356  1.67219
 0.93231 0.141241 0.199165  1.68099
0.931034 0.157242 0.234123  1.67566
0.931233 0.143395 0.192713   1.6865
0.921067 0.162822 0.260873  1.66144
0.937515  0.15052 0.186121   1.6971
0.919559 0.164439 0.235961  1.65675
0.941682 0.157111 0.174239  1.70123
0.936321 0.152387 0.219876  1.68845
 0.94569 0.127691 0.147951  1.71722
0.933615 0.197146  0.11476  1.67075
0.936189 0.128758 0.254736  1.69973
0.946527 0.184401 0.169514  1.69718
0.945383 0.154972 0.172387  1.70876
0.950233 0.161802 0.176075  1.70663
0.886224 0.237592 0.255903  1.60488
0.886703 0.240925 0.249326  1.60512
0.881422 0.234155   0.2627  1.59699
0.876713 0.229377 0.269848  1.58959
0.875685 0.237274 0.264804  1.58765
0.877889 0.235984 0.266533  1.59298
0.879942 0.248502 0.250799  1.59413
0.874817  0.24526  0.25917  1.58608
0.873936 0.252979 0.253076  1.58438
0.876283 0.251737 0.255246  1.59012
0.882586 0.240102 0.259149  1.60031
 0.87712 0.243961 0.261045  1.59165
0.881485 0.246899 0.254025  1.59803
0.880418 0.241964 0.256923  1.59527
0.890579 0.157218 0.291712  1.61449
0.894711  0.16573 0.292956  1.62194
0.896261 0.156527  0.29382  1.62526
0.894087  0.15913 0.292771  1.62031
0.899864 0.168628 0.287138  1.62904
0.905706 0.151357 0.287269  1.64027
0.901468 0.153627 0.291211  1.63275
0.899707  0.15562  0.29037  1.62878
0.899611 0.163411  0.28754  1.62909
0.888315 0.158551 0.292237  1.60954
0.886298 0.167965 0.292426  1.60619
0.892649 0.167921 0.292187  1.61732
0.888678 0.166458 0.292334   1.6115
 0.88437 0.177402 0.291333  1.60293
0.882627 0.186606 0.289171   1.5999
0.889555 0.184741 0.287403  1.61165
0.885177 0.184888 0.289806  1.60575
  0.8973 0.171168 0.285687  1.62317
0.897611 0.176204 0.281119  1.62353
0.886891  0.17574 0.291652  1.60864
0.891531 0.182289 0.289362  1.61619
0.893232 0.174402 0.291582  1.61962
0.890861 0.176823 0.290438   1.6143
 0.93096 0.138754 0.236123  1.67609
0.895013 0.270962 0.216633  1.62267
0.931325 0.148081 0.236133  1.67639
0.909312 0.160947 0.248274  1.62888
0.927788 0.134849 0.246331  1.67114
0.904138  0.16739 0.257997  1.61457
0.935672 0.152969 0.225386   1.6848
0.929415 0.156775 0.232978  1.67354
0.910362 0.179912 0.255854  1.62702
0.927196 0.153857  0.22388  1.67084
 0.9242 0.14807 0.21009  1.6666
0.920401 0.154532 0.216607  1.66013
0.910523 0.168747 0.258016  1.62747
0.925637 0.149394 0.205506  1.66945
0.929222 0.183444 0.241542  1.66593
0.927846 0.162045 0.199562  1.67558
0.924992 0.154092  0.22436  1.66664
0.932355   0.1727  0.21613  1.67785
0.921058 0.160704 0.216994  1.65954
0.933226 0.186451 0.236648  1.67328
0.926652 0.173423  0.21971  1.66444
  0.76124  0.120878 -0.440644   1.39405
 0.762562  0.123674 -0.441844   1.39817
  0.75506  0.124143 -0.445658   1.38436
  0.75915  0.117394 -0.440089   1.38846
 0.755507  0.119406 -0.443179    1.3828
 0.756231  0.115185 -0.439984   1.38138
 0.756782  0.117009 -0.441739   1.38428
 0.756516  0.122016 -0.443241   1.38566
 0.759813  0.120252 -0.441908   1.39162
 0.769468  0.142857 -0.452307   1.42053
 0.750822  0.126394 -0.449252   1.37788
0.746507 0.130018 -0.45147  1.37068
 0.748808  0.124317 -0.447905   1.37216
 0.746442  0.126544 -0.449045   1.36818
 0.746672  0.123458 -0.446616   1.36624
 0.747128  0.124738 -0.448282   1.36885
  0.74717  0.128124 -0.449958    1.3708
 0.749644  0.126275 -0.449374   1.37535
 0.764966  0.152993 -0.457108   1.41469
 0.769432  0.131126 -0.443831   1.41477
  0.77039  0.135544 -0.441114   1.41608
 0.739292  0.137896 -0.453737   1.35826
 0.740082   0.13647 -0.453988    1.3598
  0.73713  0.136498 -0.452542   1.35238
 0.735385  0.136521 -0.451127   1.34739
 0.736566  0.134908 -0.450637   1.34927
  0.73685  0.135765 -0.451089   1.35029
 0.739348  0.133558 -0.452163   1.35633
 0.737747  0.133279 -0.450277   1.35125
0.738841 0.131639 -0.44986  1.35303
 0.739047  0.132529 -0.450353   1.35391
  0.73816  0.136098 -0.452401   1.35438
0.737969  0.13411 -0.45071  1.35212
0.739092 0.134596 -0.45241  1.35614
0.738252 0.135003 -0.45222  1.35426
 0.735797   0.13732 -0.451548   1.34864
0.737119 0.137558 -0.45289  1.35279
 0.736304  0.138879 -0.453563   1.35181
 0.736078  0.137828 -0.453129   1.35082
 0.737417  0.140958 -0.456163   1.35654
  0.73709  0.139564 -0.454982   1.35477
 0.738106  0.138995 -0.454205   1.35628
 0.773164    0.1586 -0.434959    1.4232
 0.735301  0.144692 -0.456778   1.35327
 0.733235  0.148601 -0.456849   1.34978
 0.733391  0.144004 -0.454316   1.34724
 0.732194  0.146061 -0.454346   1.34513
 0.731732  0.144023 -0.452651    1.3421
 0.732096  0.144751 -0.454026   1.34445
 0.732812  0.146961 -0.456073   1.34803
 0.734302  0.145515 -0.455769   1.35064
 0.779538  0.173847 -0.410375   1.42666
   0.7758  0.161839 -0.419637   1.42178
 0.776681  0.166358 -0.418283   1.42324
 0.731609  0.151948 -0.457167   1.34733
   0.7304  0.156206 -0.456474   1.34525
 0.729591  0.151511 -0.454446   1.34091
 0.728812  0.153783 -0.454079   1.33949
 0.727922  0.151903 -0.453025   1.33595
  0.72836  0.152385 -0.453941   1.33816
 0.729461  0.154466 -0.455988   1.34257
 0.730629   0.15301 -0.455834   1.34458
  0.78871  0.192144 -0.446457   1.46151
  0.79035  0.193862 -0.448852   1.46584
 0.789506  0.200524 -0.445053   1.46543
  0.78902   0.20192 -0.441007   1.46338
 0.783294  0.193787 -0.452105   1.45419
  0.78708  0.198255 -0.449704   1.46199
0.728629  0.16964 -0.45305  1.34246
 0.729559  0.174901 -0.450329   1.34382
 0.726293  0.170104 -0.449673   1.33506
0.726648 0.172867 -0.44827  1.33547
 0.724634  0.171677 -0.448758   1.33067
 0.725272  0.171343 -0.448566   1.33246
  0.72736  0.172977 -0.450544   1.33889
 0.727662  0.171362 -0.450753   1.33927
 0.768615  0.159081 -0.439971    1.4162
 0.727805  0.179079 -0.448264   1.33994
 0.728407  0.177188 -0.448357   1.34078
 0.725652  0.180077 -0.444788   1.33297
 0.723005  0.182379 -0.444182   1.32697
 0.723042  0.179216 -0.445477    1.3271
 0.724748  0.180509 -0.445389   1.33084
 0.725534  0.174229 -0.447455   1.33301
0.723058 0.176201 -0.44663  1.32715
 0.723146  0.173278 -0.447761   1.32736
 0.724711  0.174469 -0.447694   1.33079
  0.72688  0.178586 -0.445749   1.33572
 0.724678  0.177468 -0.446584   1.33073
 0.726555  0.175602 -0.447247   1.33532
 0.725437  0.176999 -0.446091   1.33256
 0.734595  0.150527 -0.460213   1.35541
 0.737141  0.147728 -0.459745   1.35983
 0.723348  0.197522 -0.437535   1.32741
 0.723071    0.1934 -0.439499   1.32697
 0.726755  0.193989 -0.437696   1.33433
 0.725451  0.195101 -0.439263   1.33214
 0.722986  0.189527 -0.441202   1.32686
 0.722908   0.18578 -0.442802   1.32675
 0.726126  0.186594 -0.441498   1.33348
 0.724986  0.187342 -0.442654   1.33129
 0.729429  0.192185 -0.441492   1.34236
 0.72991 0.189836 -0.44171  1.34288
 0.725153   0.19113 -0.441031   1.33159
 0.727532  0.188308 -0.441133    1.3366
 0.728241  0.192021 -0.439074    1.3377
 0.726217  0.190065 -0.439658   1.33337
 0.733162    0.1694 -0.458596   1.35569
 0.796514  0.225715 -0.415388   1.47316
 0.785357  0.226164 -0.409646   1.44743
 0.788259  0.229878 -0.408593   1.45392
0.734573 0.179327 -0.45432  1.35836
 0.736696  0.201263 -0.440543   1.36005
 0.735163  0.196967 -0.441717   1.35647
 0.733563  0.208929 -0.431434   1.34939
0.733944 0.205914 -0.43185   1.3496
 0.730054  0.211634 -0.426863   1.33941
 0.725536   0.21666 -0.427083    1.3309
 0.724878  0.211611 -0.430029   1.32987
 0.728115  0.213626 -0.429497   1.33675
 0.728443  0.202295 -0.432638   1.33693
 0.724238  0.206671 -0.432711   1.32878
 0.723865  0.201943 -0.435231   1.32825
  0.72675   0.20382 -0.434796    1.3344
 0.731868  0.209077 -0.428841   1.34359
 0.727336  0.208705 -0.432274   1.33543
 0.730539  0.204398 -0.431942   1.34144
 0.728976   0.20671 -0.429858   1.33754
 0.745913  0.206766 -0.437879   1.37927
 0.738819  0.229946 -0.416179   1.35767
 0.739603  0.225891 -0.417033   1.35857
  0.73437  0.233316 -0.411697   1.34584
 0.728286  0.240105 -0.412433   1.33514
 0.727625  0.233747 -0.416494   1.33412
 0.731801  0.236361 -0.415714   1.34308
 0.732492  0.221861 -0.419609   1.34309
 0.727024  0.227759 -0.420217    1.3332
 0.726331  0.222055 -0.423767   1.33215
  0.7301 0.224324 -0.42306  1.34015
  0.73673   0.23022 -0.414536   1.35137
 0.730948  0.230179 -0.419505   1.34159
 0.735122    0.2245 -0.418563   1.34874
 0.733175  0.227247 -0.415979    1.3439
 0.814982   0.26276 -0.352804    1.4961
  0.77175   0.24429 -0.393626   1.41813
 0.843242    0.2445 -0.338845   1.54564
 0.798066  0.244392 -0.383988   1.46794
0.886218 0.236356 -0.26892  1.61602
 0.804116  0.274476 -0.349508   1.47735
 0.797418  0.357305 -0.240549   1.45221
 0.797425  0.346016 -0.249416   1.45028
 0.787484  0.372118 -0.228426   1.43255
 0.774884  0.393394 -0.218529   1.41326
 0.769874  0.383318 -0.240608   1.40437
 0.780072  0.388673 -0.234826   1.42711
 0.778551  0.352245 -0.268155    1.4174
 0.765792  0.372285 -0.261763   1.39749
 0.761522  0.361073 -0.281234   1.39025
 0.771453  0.366405 -0.276125   1.41204
 0.791667   0.36698 -0.243187   1.44398
0.776005 0.377607 -0.25626  1.42003
 0.785485  0.357981 -0.262119   1.43287
 0.782599  0.362447 -0.250242   1.42445
 0.905051  0.224733 -0.230483   1.64528
 0.794322   0.42657 -0.106286   1.44744
 0.786984   0.42152 -0.136584   1.43398
 0.807809  0.404142 -0.125764   1.46768
 0.798837  0.426254 -0.128266   1.46087
 0.782425  0.413271 -0.165942   1.42591
 0.778608  0.403207 -0.192314   1.41893
 0.799023  0.388406 -0.178377   1.45165
 0.789706  0.409062 -0.185198   1.44418
0.819566 0.384602 -0.14196  1.48794
 0.820072  0.372103 -0.156332   1.48642
 0.79416 0.418561  -0.1581  1.45249
 0.806146  0.394888 -0.169672   1.46844
0.812368 0.402037 -0.14558  1.48051
 0.802605  0.397957 -0.155011   1.45878
  0.93585  0.190882 -0.151823   1.69248
 0.820755  0.418224 0.0210904   1.49244
   0.814021    0.423944 -0.00892852     1.48065
   0.833772    0.402364 -0.00447631     1.51257
    0.825188     0.425141 -0.000263075      1.50605
  0.807941      0.427 -0.0403715    1.47029
  0.801452   0.427467 -0.0725518     1.4591
  0.823916    0.40539 -0.0629256    1.49544
   0.81368   0.429781 -0.0636357     1.4865
 0.846895  0.383534 -0.022545   1.53395
  0.848784   0.374789 -0.0431691    1.53582
  0.819708   0.428675 -0.0316274    1.49683
 0.831984  0.408484 -0.052029   1.51413
   0.83758   0.407397 -0.0238183    1.52437
  0.828697   0.406109 -0.0343244    1.50421
   0.95377   0.136189 -0.0250492    1.71207
0.845187 0.377938 0.117755  1.53503
 0.839316  0.389443 0.0985941   1.52467
 0.852107  0.373777 0.0973758   1.54516
0.846432  0.38813 0.104179   1.5409
  0.83336  0.400476 0.0760231   1.51435
 0.827102   0.40934 0.0506524   1.50301
 0.843931  0.389489 0.0535813   1.53027
 0.836408  0.409615 0.0588273   1.52458
 0.859961  0.368962 0.0799654   1.55855
 0.860508  0.368517 0.0618314   1.55849
 0.841686  0.399531 0.0827159   1.53334
 0.849625  0.389939 0.0637323     1.544
 0.854221  0.382216 0.0839473   1.55256
0.847779 0.383495 0.076006  1.53777
 0.951781   0.13774 0.0825789   1.70907
0.954462 0.131648 0.106447  1.71681
 0.87241 0.332894 0.147719  1.58029
0.873017 0.334298 0.134343   1.5803
0.865651 0.333669 0.161388  1.56865
 0.85957   0.3343 0.176838  1.55951
0.856694 0.344175 0.164397  1.55436
0.861079  0.34284 0.167964  1.56461
0.860729 0.351601  0.13287  1.55989
0.853699 0.354635 0.150476  1.54929
0.849909 0.365406 0.135199  1.54273
0.855407 0.363844  0.13939  1.55532
 0.86746 0.341412 0.152021   1.5743
0.858617 0.353093 0.154191  1.56061
0.864413  0.35043 0.138903  1.56873
0.863107  0.34344  0.14743  1.56436
0.935959 0.132122 0.220961  1.68622
0.891034 0.331671 0.121863  1.61843
 0.87868 0.299516 0.194571  1.59122
0.879165 0.302122 0.184696  1.59125
0.873114 0.297798 0.205544  1.58194
0.868073 0.295464 0.217635   1.5743
0.866139 0.304763 0.209048  1.57088
0.869315 0.303379 0.211468  1.57834
 0.87013 0.314276 0.185472   1.5764
0.864113 0.314497 0.199359  1.56739
0.861864 0.323831 0.188689  1.56326
0.865641 0.322529 0.191906  1.57221
0.874549 0.305096 0.199036  1.58636
0.867636 0.313027 0.201984  1.57562
0.872574 0.312918 0.190147  1.58247
0.871438 0.307017 0.195717  1.57916
0.935003 0.143343 0.225857  1.68401
0.938198 0.131501 0.202781  1.69012
0.925287 0.132897 0.253514  1.66846
0.893422 0.299718 0.177793  1.62022
0.890387 0.206936 0.275077  1.61209
0.890564 0.210653 0.269649  1.61181
0.885893 0.202442  0.28139  1.60511
 0.88112 0.195917 0.286447  1.59741
0.879759 0.204373 0.283076  1.59493
0.882018 0.202875 0.284199  1.60024
0.883769 0.217779 0.272455  1.60118
0.878692 0.212779 0.279074  1.59306
0.877652 0.220852 0.274599  1.59114
0.879887 0.219437 0.276096  1.59649
0.886841 0.208798  0.27867    1.608
 0.88095 0.211309 0.280304  1.59839
0.885326 0.215955  0.27503  1.60496
0.884487  0.21086 0.277174  1.60272
0.918067 0.115458 0.276926  1.66039
0.921548 0.123717   0.2645  1.66472
0.916541 0.122183 0.277153  1.65656
0.912421 0.111998  0.28658  1.65096
0.906537 0.114666 0.299256  1.64321
0.908423 0.120481 0.290342  1.64352
0.908849 0.113544 0.288894  1.64345
0.900371 0.118419 0.301645  1.63287
 0.89421  0.12108 0.294644  1.61991
0.899142 0.129679 0.298533  1.63026
0.897762  0.12294 0.298417   1.6264
0.903291 0.135678 0.295726  1.63691
0.907415 0.132036 0.289209  1.64173
 0.90608 0.133504 0.288731  1.63871
 0.90369 0.118382  0.29766  1.63651
0.902245 0.129247 0.295862  1.63365
0.906729 0.124319 0.288026  1.63928
0.904375 0.125801 0.297903   1.6388
0.922878 0.147579 0.262469  1.66487
0.913521 0.116315 0.285175  1.65245
0.910803 0.119786 0.284991  1.64635
0.912411 0.126431 0.277584  1.64747
0.910292 0.130997  0.28631  1.64699
0.922788 0.127427  0.26179  1.66424
 0.793403  0.204287 -0.438983   1.47228
  0.79434  0.198016 -0.443761   1.47362
 0.801212    0.2006 -0.436768   1.48514
0.795893 0.200916 -0.43924  1.47517
 0.793759  0.194587 -0.447416   1.47252
 0.790409  0.187601 -0.442755    1.4627
 0.797596  0.186547 -0.439217   1.47553
 0.793439  0.188479 -0.441275   1.46814
  0.81105  0.195369 -0.433329   1.50202
 0.807475  0.184844 -0.434183   1.49319
 0.827768  0.184459 -0.422497   1.53066
 0.812709  0.186961 -0.430026   1.50201
 0.795706  0.195469 -0.444722    1.4753
0.801163 0.187474  -0.4374  1.48181
 0.803202  0.196547 -0.437082   1.48734
 0.800722  0.193849 -0.442366   1.48431
 0.737704   0.19128 -0.447763   1.36391
 0.957803 0.0985544 0.0935041   1.72085
 0.955691  0.144587 0.0772408   1.71957
  0.95635  0.124504 0.0656633   1.71846
 0.962586  0.070609 0.0688879    1.7295
0.960482  0.10436 0.056653  1.72707
 0.964522 0.0431726 0.0350194   1.73404
  0.96311 0.0943922 0.0404131   1.73247
 0.958207  0.120297 0.0609414   1.72241
0.960165  0.10919 0.084225  1.72725
0.936261 0.141015 0.213336  1.68661
0.760812 0.154717 -0.46129  1.40751
 0.760469  0.154257 -0.462149   1.40698
 0.761139  0.154825 -0.460898    1.4082
0.760218 0.154549 -0.46263  1.40667
 0.760181  0.154783 -0.462776   1.40668
  0.76028  0.154388 -0.462469   1.40672
 0.760243  0.154373 -0.462427   1.40667
 0.761522  0.152996 -0.455655   1.40719
 0.761977  0.152004 -0.453076   1.40708
0.741876 0.138699 -0.45741  1.36642
 0.745449  0.135889 -0.456464   1.37279
 0.762049  0.157832 -0.456429   1.40951
 0.763181  0.152249 -0.453589   1.40973
 0.765811  0.151918 -0.458961   1.41709
0.761247 0.151761 -0.45526   1.4064
  0.75717  0.127669 -0.447844   1.39083
  0.76198  0.127293 -0.446217   1.40005
0.761289 0.152879 -0.45767  1.40753
0.761561 0.150443   -0.453  1.40604
 0.767548   0.14906 -0.458308   1.41986
  0.74734  0.135699 -0.455723   1.37625
 0.768079  0.145436 -0.452004   1.41749
 0.760373  0.155531 -0.462493   1.40699
 0.760466  0.155729 -0.462577   1.40729
 0.760823  0.155748 -0.459868   1.40742
 0.760272  0.155629 -0.462715   1.40696
 0.762871  0.157828 -0.456167   1.41098
 0.761165  0.158206 -0.456793    1.4079
 0.760127  0.155149 -0.462792   1.40665
 0.761163  0.153127 -0.458031   1.40731
 0.760135  0.154845 -0.462692    1.4066
 0.761154  0.154169 -0.460133   1.40804
 0.760971  0.154504 -0.460873   1.40783
 0.764053  0.149486 -0.462556   1.41475
 0.760742  0.154446 -0.461236   1.40734
 0.759605  0.154549 -0.460737   1.40521
 0.760629  0.154435 -0.461422   1.40713
0.760243 0.154181 -0.46151  1.40646
 0.759975  0.154506 -0.461704   1.40606
 0.760353  0.154317 -0.462304   1.40679
 0.760612  0.154472 -0.462074   1.40726
 0.760142  0.154166 -0.461482   1.40629
 0.772996  0.159483 -0.426889   1.41922
 0.731668  0.157891 -0.460193   1.35096
 0.733713  0.155079 -0.459882   1.35439
 0.738985  0.142932 -0.458878   1.36208
 0.740865  0.150304 -0.465704   1.37076
 0.761363  0.151411 -0.454923   1.40661
 0.733492  0.160807 -0.460764   1.35573
  0.76441  0.159207 -0.456771   1.41441
  0.75994  0.155102 -0.461981   1.40612
0.763151 0.159327 -0.45747  1.41227
 0.760034  0.155491 -0.462166   1.40641
 0.760126  0.155681 -0.462101   1.40658
 0.756568  0.161209 -0.450948   1.39717
0.761068 0.155939  -0.4549  1.40661
 0.760622  0.155211 -0.455888   1.40583
 0.760057  0.155495 -0.457108   1.40516
 0.759903  0.155176 -0.461878   1.40606
 0.760827  0.155485 -0.457462   1.40672
 0.760539  0.155845 -0.461946   1.40736
 0.760768  0.155812 -0.461391   1.40769
  0.76046  0.156383 -0.455178   1.40554
 0.760625  0.155716 -0.461811   1.40749
 0.760492  0.155875 -0.460643   1.40699
 0.949463  0.161307 0.0828399    1.7065
 0.951131  0.158495 0.0863571   1.71039
 0.882257  0.356929 0.0600534   1.60297
0.906472 0.266592 0.192043  1.63998
 0.950746  0.158606 0.0730414   1.70825
  0.95379  0.149852 0.0257442   1.71298
    0.95319     0.14518 0.000806015     1.71079
  0.954867   0.141556 0.00101858    1.71492
 0.954755  0.143068 -0.015487   1.71531
  0.952224   0.147492 -0.0545524    1.71136
  0.94775  0.169263 0.0346698   1.69967
 0.950117  0.168101 0.0317728   1.70557
  0.953575   0.131317 -0.0565325     1.7129
 0.849165  0.348891 -0.178477   1.54868
  0.950824   0.159323 -0.0098293    1.70635
  0.949306   0.164193 0.00839926    1.70277
0.938748 0.148465  -0.1455  1.69034
 0.944403  0.162829 -0.128831   1.70394
 0.928528  0.173911 -0.185482   1.67833
 0.826846  0.324702 -0.263041   1.51424
  0.852727   0.363423 -0.0846896    1.54429
 0.844559  0.346872 -0.115096   1.52344
 0.913771  0.192487 -0.224591   1.65663
 0.896096   0.20979 -0.262254   1.63007
 0.796712  0.302695 -0.326878   1.46343
 0.910137  0.250302 -0.176588   1.64988
 0.877203  0.226654 -0.293128   1.60078
 0.777431  0.276712 -0.370677   1.43199
 0.889783  0.267402 -0.221219   1.61832
 0.826171  0.238168 -0.368337   1.51819
 0.837865   0.24316 -0.356562   1.54062
 0.839402  0.275215 -0.312268   1.53738
 0.808329  0.234208 -0.392148   1.48886
 0.818348  0.240373 -0.383546   1.50858
 0.800252  0.229731 -0.414565   1.48156
 0.796609  0.238302 -0.400626    1.4703
 0.805018  0.232791 -0.409751    1.4903
0.934845 0.145933 0.183731  1.69505
 0.935063 0.0859827  0.134206   1.69238
0.934624 0.142315 0.194101  1.68596
0.926087 0.171825 0.246378  1.67907
0.925705 0.172229 0.233712  1.67566
   0.926 0.132465 0.262448  1.67702
0.925408 0.149938 0.258748  1.67712
0.934357 0.156926 0.227387  1.68348
0.926379 0.163514 0.239851  1.67464
0.934443 0.156795 0.229936  1.68266
0.934591 0.154761 0.230632  1.68256
0.934669 0.150415  0.22908  1.68293
0.897199 0.243551 0.242873  1.62592
 0.93604 0.156739 0.227725  1.68617
0.935453 0.137029 0.214373  1.68394
0.929074 0.154377 0.241826  1.67262
 0.949921 0.0747654  0.182387   1.71138
0.947659 0.076921 0.194365  1.70778
 0.941901 0.0956489  0.201155   1.69593
0.946974 0.100032  0.18491  1.70612
    0.946 0.0878761  0.184947   1.70256
0.936279 0.156242 0.226589   1.6861
0.935855 0.153861 0.223974  1.68491
0.937396 0.123355 0.203646  1.68696
0.905623 0.291578 0.120937  1.63491
0.938757 0.114558 0.213562  1.69155
0.922799 0.186844 0.246149  1.65284
0.918212 0.180808 0.251704  1.64364
0.921313 0.156392 0.211294  1.66197
0.910183 0.174712 0.261134  1.62675
0.928885 0.157449 0.238808  1.67189
0.925743 0.157567 0.237355  1.66674
0.918078 0.166098 0.245063  1.64586
0.936743 0.156181 0.226316  1.68821
0.924879  0.16621 0.235421  1.66548
0.938016 0.151879 0.220762  1.69045
0.935985 0.133877  0.19371  1.68598
0.935642 0.143821   0.2015  1.68548
0.934447 0.130174 0.181481  1.69329
0.922155 0.153644 0.231669  1.66156
0.938684 0.128381 0.179196  1.70413
0.939307 0.130472   0.2364  1.69596
0.931438 0.161466 0.246312  1.68006
 0.924094 0.0161162  0.185156   1.66711
0.937389 0.127341 0.151573  1.70208
0.938648 0.145642 0.243807  1.69463
0.904223 0.186776 0.271666   1.6351
0.906453 0.150958 0.284192  1.63899
0.904863 0.163873 0.279034  1.63602
0.900372 0.215096 0.261937  1.63059
0.927118 0.143988 0.252448  1.67124
0.936797 0.156768 0.226993  1.68803
0.902782 0.230702 0.231918  1.62975
0.928384 0.156108 0.242986  1.67161
0.913086 0.167489 0.254609  1.63398
0.912986  0.17288 0.250447  1.63458
0.925143 0.154865 0.255251   1.6677
 0.92453   0.1536 0.227114  1.66563
0.921141 0.149599 0.215858  1.66057
0.918203 0.154224 0.222688  1.65451
0.917812 0.165886 0.253894  1.64509
 0.92189 0.151056 0.211522  1.66185
 0.91809 0.166862 0.226835  1.64819
0.922189 0.163072 0.210363  1.66183
0.922741 0.153726 0.227665  1.66221
0.923961  0.17208 0.223585  1.66096
0.918085 0.160371  0.21954  1.65122
 0.754328  0.131082 -0.450678   1.38704
 0.763966   0.15068 -0.459627   1.41336
 0.762614  0.150526 -0.454746   1.40881
0.764456 0.139441  -0.4545  1.41053
 0.742215  0.141318 -0.458712    1.3684
 0.765377  0.162153 -0.441236   1.41072
 0.760601  0.152239 -0.457865   1.40612
 0.738883  0.146787 -0.460344   1.36353
 0.767996  0.163768 -0.428938    1.4106
 0.759733  0.162308 -0.446828   1.40185
  0.77055  0.184174 -0.445962   1.42445
 0.744449  0.143803 -0.463693    1.3758
 0.730284  0.166324 -0.458564   1.34901
 0.731636  0.163344 -0.458543   1.35112
 0.743511  0.185257 -0.455044   1.37741
 0.738903  0.167622 -0.464495   1.36957
0.730549 0.176037 -0.45487  1.34958
 0.731227    0.1728 -0.455169   1.35041
 0.740248  0.175831 -0.461067   1.37207
 0.732314  0.187489 -0.448911   1.35242
 0.732389  0.183742 -0.449535   1.35205
 0.76092 0.221504 -0.41663  1.40084
  0.75445  0.194549 -0.452368   1.39937
 0.785201  0.205691 -0.441134   1.45749
  0.77646  0.198918 -0.450699   1.44265
 0.778758  0.204964 -0.440651   1.44384
 0.743518  0.220907 -0.428458    1.3726
 0.742621    0.2152 -0.429849   1.36995
 0.755671  0.206619 -0.434926   1.39557
 0.751244  0.244584 -0.407277   1.38416
 0.750794  0.236034 -0.410591   1.38244
 0.764444  0.250543 -0.401762   1.41111
 0.761801  0.271298 -0.378281   1.40022
 0.760126  0.260947 -0.383657   1.39598
 0.788025  0.253202 -0.385369   1.45181
 0.777749  0.299711 -0.337594   1.42535
 0.773036  0.287993 -0.346069   1.41481
 0.801194   0.32716 -0.279302   1.46325
 0.792464   0.31491 -0.291768   1.44396
 0.865855  0.279328 -0.265895   1.58162
 0.855263  0.265876 -0.304268   1.56729
 0.827965  0.352841 -0.191894   1.50499
 0.822957  0.336563 -0.210262   1.49217
  0.937361   0.204906 -0.0967619    1.68954
 0.896395  0.292204 -0.136535    1.6213
  0.949237   0.155159 -0.0558505    1.70458
 0.919051  0.211835 -0.171711   1.65994
  0.87095  0.355177 0.0419794   1.57519
   0.872749     0.35706 -0.00672495     1.58132
0.879332 0.336804 0.113195  1.59205
 0.87881 0.338995 0.083722  1.58924
0.948466 0.164589 0.100247  1.70485
 0.942935  0.199818 0.0493252   1.69263
 0.948634  0.172609 0.0574157   1.70325
0.886811 0.302235  0.16918  1.60415
0.888124 0.306087 0.146526  1.60512
0.901265 0.273469 0.162012  1.62463
0.889619 0.273813 0.210036  1.60962
0.890789 0.281278  0.19034  1.61072
0.891843 0.247113 0.239287  1.61376
0.892278  0.25371 0.225635  1.61334
0.935685 0.148264 0.220736  1.68523
0.895047 0.218926 0.260675  1.61911
0.894882 0.225547 0.250214  1.61759
0.900117  0.18959 0.275474  1.62791
0.898416 0.196441 0.267684   1.6232
0.912032 0.148343 0.280652  1.65044
0.935529 0.149712 0.218962  1.68445
 0.776826  0.232976 -0.409174   1.43397
 0.789537  0.210668 -0.432478     1.463
 0.794177  0.215597 -0.427535   1.47159
 0.795081  0.220248 -0.421591   1.47177
 0.797552  0.223771 -0.418163   1.47626
 0.787516  0.221707 -0.418621   1.45557
 0.793187  0.218294 -0.422314   1.46752
 0.767113  0.213112 -0.428593   1.41778
0.786781 0.190186 -0.44904  1.45839
 0.777413  0.187495 -0.443072   1.43817
 0.784874  0.191906 -0.451302    1.4563
 0.953743 0.0853786  0.123255   1.71275
 0.953204 0.0726843  0.148462   1.71355
 0.950493 0.0553136  0.145533   1.70548
 0.948643 0.0873058  0.155781   1.70421
 0.951813 0.0899486  0.144104   1.71063
0.935702 0.152439 0.218505  1.68528
0.944546 0.116575 0.159683  1.69743
 0.950763  0.147581 0.0927328   1.70802
 0.760825  0.154431 -0.460902   1.40748
  0.76042  0.154143 -0.461384   1.40673
  0.76035  0.154097 -0.461371   1.40663
 0.761093   0.15442 -0.460816   1.40814
  0.76127  0.154025 -0.459996   1.40831
 0.759927  0.154785 -0.461823   1.40603
 0.762786  0.160903 -0.455584   1.41102
0.760675 0.154124 -0.46083   1.4072
 0.749067   0.13911 -0.461045   1.38299
 0.760817  0.154146 -0.460829   1.40757
0.761673 0.149929 -0.45311  1.40638
 0.755257  0.135968 -0.458042   1.39362
 0.759148  0.155074 -0.459654   1.40417
 0.762727  0.149741 -0.456398   1.40971
 0.764362  0.146746 -0.459547   1.41343
 0.757608  0.148387 -0.455512   1.39912
 0.759309  0.136352 -0.457771   1.40152
 0.770452   0.13809 -0.444509   1.41795
0.763581 0.137187 -0.45622  1.40978
 0.760396  0.149161 -0.453543   1.40381
 0.760414  0.155798 -0.462106   1.40713
 0.760269  0.155763 -0.461933   1.40686
  0.76022  0.155584 -0.459386   1.40613
 0.760093  0.155604 -0.462001   1.40651
 0.762016   0.15999 -0.457908   1.41026
 0.759512  0.154986 -0.460477     1.405
 0.759878   0.15486 -0.461722   1.40594
  0.76081  0.153627 -0.460088   1.40738
0.761294 0.159772 -0.45857  1.40916
 0.759896  0.154574 -0.461619   1.40592
 0.760172  0.153219 -0.460235   1.40625
 0.759987  0.154335 -0.461549   1.40604
 0.759999  0.154121 -0.460932   1.40596
0.760082 0.154294 -0.46161  1.40621
 0.760639  0.154284 -0.461415   1.40718
 0.759593  0.154452 -0.460751   1.40521
 0.760638  0.154154 -0.460881   1.40708
0.760286 0.154076 -0.46093  1.40645
 0.764455  0.162653 -0.435546   1.40644
 0.739429  0.160252 -0.466062   1.37004
 0.746883  0.151998 -0.472936   1.38624
 0.762948  0.161533 -0.445617   1.40775
 0.762171  0.161077 -0.452868   1.40898
0.760436 0.150652 -0.45522  1.40471
  0.76171  0.160648 -0.457253   1.40962
 0.759576  0.155095 -0.460609   1.40511
 0.759816  0.155499 -0.460735   1.40566
 0.75998 0.161675 -0.45368  1.40497
 0.760707  0.157982 -0.457185   1.40718
 0.760181  0.156168 -0.455981   1.40527
 0.759973  0.155594 -0.460379   1.40591
 0.760167  0.160982 -0.457828   1.40677
 0.760233   0.15569 -0.456098   1.40518
 0.760333  0.155763 -0.458534    1.4061
 0.760398  0.155752 -0.461108   1.40694
 0.759524  0.156047 -0.457044   1.40432
 0.760205   0.15585 -0.461254   1.40658
 0.759949  0.155793 -0.459568   1.40565
 0.948144  0.173359 0.0797872    1.7035
 0.900792  0.314178 0.0803676   1.62849
 0.897766  0.323384 0.0274843   1.62234
0.897045 0.295094 0.110372  1.61528
  0.951425   0.164158 0.00358617    1.70854
 0.890973  0.311409 0.0495135   1.60281
  0.951688   0.166161 -0.0260889    1.71055
  0.947046   0.189048 -0.0145355    1.70175
  0.946878   0.190522 -0.0500839    1.70495
0.943962 0.197442 0.013958   1.6946
  0.943696    0.17736 -0.0959803    1.69966
 0.933302  0.189484 -0.131551   1.68169
 0.880363   0.33525 -0.139716   1.60374
  0.927548   0.245619 -0.0880246    1.67352
 0.867447  0.317166 -0.205134   1.58093
  0.937233   0.219264 -0.0504153    1.68651
0.900998 0.232097 -0.21419  1.63274
 0.879222  0.250034 -0.258456   1.60008
 0.832962   0.30802 -0.260824   1.51701
  0.88405  0.273869 -0.200157   1.60078
 0.803342  0.287698 -0.318245   1.46615
 0.850579  0.297813 -0.250817   1.54972
 0.821517  0.242738 -0.370898   1.51043
 0.802966  0.240318 -0.394139   1.48139
0.826289 0.292276 -0.30471  1.51368
 0.833512  0.263762 -0.343055   1.53369
0.937441 0.133796 0.190516  1.69001
 0.938419 0.0990364  0.195415   1.69184
 0.94384  0.14135 0.226087  1.70442
0.939894 0.150006 0.222293  1.69462
0.938033 0.155561 0.226466  1.69103
0.927393 0.165248 0.247378  1.66825
0.926445 0.156781 0.248428  1.66887
0.942331  0.14786 0.226772  1.69898
0.931151 0.162335 0.248473  1.67542
0.935848 0.155776  0.22776  1.68515
0.908949 0.224842 0.242961  1.64523
0.937254 0.156226 0.226951  1.68904
0.935643 0.143304 0.210923  1.68473
0.922799 0.160164 0.240775  1.65873
 0.90678 0.247213 0.220287  1.64098
0.936672 0.156241 0.226345  1.68717
0.936919 0.134676  0.20026  1.68675
0.939844 0.123379 0.185613  1.69102
  0.9423 0.123186  0.18106  1.69618
0.935808 0.152062 0.218505  1.68568
0.918505 0.179449 0.241571   1.6465
0.915381 0.172721 0.247287  1.64145
 0.91839 0.158788 0.223338  1.65183
0.913693 0.168014 0.252641  1.63747
0.926899 0.158799 0.243717  1.66896
0.922293 0.161706 0.246686  1.65716
0.925408  0.16475 0.250461   1.6614
0.938706 0.154962 0.226822  1.69194
0.940832  0.15051 0.223688  1.69524
0.936405 0.154975 0.223476  1.68643
0.937942 0.155341 0.227792  1.69075
0.934181 0.155467 0.249388  1.68429
0.938021 0.155684 0.227459  1.69096
 0.93395 0.146323 0.246061  1.68601
0.940734 0.121126 0.184292  1.69653
0.934362 0.157794 0.246284  1.68275
0.937894 0.124464 0.191302  1.68779
0.942432 0.144924 0.231508   1.6994
0.915295 0.145822 0.266943  1.65066
0.907055 0.169809  0.27889   1.6404
0.920395  0.14324 0.264592   1.6617
0.914861 0.159658 0.269873  1.65162
0.924573 0.150049  0.25299  1.66624
0.936228 0.154808 0.223609  1.68607
0.926306 0.157773 0.247749  1.66854
0.918563 0.164172 0.247302   1.6481
 0.92562 0.157029 0.240043   1.6668
 0.91518  0.16652 0.243494  1.64189
0.922813 0.153306 0.230035  1.66241
0.919278 0.149846 0.220506  1.65681
  0.9161 0.165606 0.233196   1.6454
0.925179 0.162296 0.248018  1.66696
0.919255 0.151014 0.217277  1.65637
0.918366 0.156005 0.218576  1.65441
0.917902 0.165327 0.228891  1.64937
0.917854 0.153924 0.226466  1.65289
0.915785  0.16648 0.231469   1.6436
0.914358 0.159745 0.235691  1.64115
 0.753137  0.138761 -0.459271   1.39038
 0.760345   0.14862 -0.459439   1.40606
 0.759879  0.144226 -0.463049   1.40576
 0.748279  0.142948 -0.462658   1.38297
 0.759399  0.160997 -0.455892   1.40475
 0.744646  0.148595 -0.465582   1.37815
 0.760204  0.150327 -0.455134   1.40434
 0.741467  0.153835 -0.466267   1.37304
 0.737753  0.156039 -0.465701   1.36553
 0.760531  0.185461 -0.464393    1.4146
 0.735902  0.163099 -0.464659   1.36256
 0.747953  0.186234 -0.461824   1.38918
 0.745371  0.161075 -0.474597   1.38584
 0.735764  0.171206 -0.461959   1.36238
 0.746494   0.17438 -0.471698   1.38912
 0.737353  0.180386 -0.456738    1.3646
 0.749776  0.181861 -0.467223    1.3948
 0.740739  0.191071 -0.448677   1.36934
 0.748721  0.196796 -0.446268   1.38584
 0.749132  0.204035 -0.437747   1.38349
 0.784219  0.265472 -0.360745   1.43585
 0.813948  0.255204 -0.372879   1.50086
0.862052 0.317912 -0.16804  1.56025
 0.907917  0.253874 -0.159885   1.64162
  0.883624   0.332552 -0.0859726    1.60097
 0.922452  0.232717 -0.121978   1.66272
  0.896939   0.314159 -0.0840295    1.62387
  0.889489   0.320547 -0.0194893     1.6034
  0.91426   0.29588 0.0514498    1.6505
 0.945546  0.199826 0.0445027   1.69929
0.943976 0.139786  0.15024  1.69635
 0.925882     0.269 0.0440432    1.6689
0.939153 0.176772 0.160061  1.68971
0.908103 0.276658 0.153653  1.63987
0.919444 0.241295 0.192761  1.66101
0.917697 0.248856 0.169654  1.65476
0.922764 0.264341 0.107089  1.66311
0.901218 0.252522  0.20366  1.62591
 0.93573 0.147775 0.210405  1.68591
0.942926 0.190713 0.131573  1.69737
 0.91156 0.166993 0.266139  1.64402
0.918592 0.187228 0.254299   1.6586
0.905986 0.206642 0.252972  1.63624
0.909509 0.185194 0.265519  1.64309
 0.786671  0.211225 -0.433898   1.45821
  0.77398  0.207875 -0.429157   1.42869
0.778831 0.216565 -0.42634   1.4398
0.764329 0.196943 -0.44874  1.41849
  0.76794   0.19319 -0.458385   1.42797
 0.770533  0.179626 -0.449387   1.42662
0.949349 0.117501 0.126953  1.70512
0.948458 0.113011 0.158703  1.70649
0.936686 0.143534 0.199912  1.68774
0.950749 0.119675 0.121068  1.70748
0.934963 0.150613 0.201492  1.68526
0.946223 0.165722 0.090199  1.69815
 0.92903 0.249653 0.102918  1.67349
   0.7608  0.154076 -0.460871   1.40765
 0.759805  0.154215 -0.460876    1.4056
 0.760778  0.153459 -0.460085   1.40743
 0.759546  0.154829 -0.460636   1.40507
 0.760488  0.151988 -0.457568   1.40592
 0.754402  0.151947 -0.471682   1.40009
0.754165 0.146552 -0.46909  1.39806
 0.759825  0.157985 -0.457555    1.4055
 0.759213  0.151394 -0.457514   1.40343
 0.759989  0.148702 -0.454137   1.40331
 0.761007  0.149325 -0.456995   1.40637
 0.761454  0.149125 -0.463457   1.40977
0.760355 0.148175 -0.46698   1.4091
 0.764179  0.145104 -0.461517   1.41405
 0.759313   0.14256 -0.465185   1.40594
 0.759102  0.149992 -0.455489   1.40219
 0.759574  0.155186 -0.460475    1.4051
 0.759687  0.157649 -0.457944   1.40539
 0.760133  0.159827 -0.459022   1.40697
 0.758489  0.160302 -0.459564   1.40406
  0.75949  0.154721 -0.460599   1.40499
 0.760384  0.153951 -0.460935   1.40686
  0.76028  0.153987 -0.460808   1.40651
 0.759761    0.1605 -0.459089   1.40651
 0.756833  0.159037 -0.459843   1.40096
 0.759764  0.154302 -0.460853   1.40553
 0.760088  0.154053 -0.460915    1.4061
 0.759093  0.154824 -0.460348   1.40433
0.744835 0.167242 -0.47397  1.38561
 0.759524  0.163309 -0.437432   1.39721
 0.742376  0.163252 -0.473825   1.37968
0.758914  0.16129 -0.45009   1.4016
0.759621 0.151569 -0.45783  1.40421
 0.751504   0.15241 -0.472831   1.39486
 0.759239  0.155209 -0.459363   1.40416
 0.755298  0.160043 -0.446296   1.39249
 0.757698  0.151208 -0.457315   1.40047
 0.759864  0.159431 -0.459522   1.40668
 0.759472  0.155292 -0.459178   1.40461
  0.75881  0.155538 -0.458813   1.40346
 0.759582  0.156342 -0.456261   1.40416
 0.759832  0.155652 -0.460508   1.40565
 0.759061  0.157078 -0.458517   1.40423
 0.759671  0.155764 -0.457324   1.40448
0.943842 0.200488 0.102538  1.69821
 0.944611  0.202221 0.0721679   1.69835
  0.940513   0.226552 -0.0114931     1.6933
 0.911143  0.285696 0.0684384   1.64071
   0.945316    0.204849 -0.00800123     1.70068
  0.935012   0.226775 -0.0498758    1.68228
   0.94396     0.2009 -0.0500022    1.69908
  0.934907   0.207794 -0.0884112    1.68217
  0.926545   0.244866 -0.0749394    1.66898
  0.934906   0.229879 -0.0159482    1.68073
 0.909777  0.291911 -0.124593    1.6509
  0.924977   0.267562 -0.0471834    1.66862
 0.915338  0.269158 -0.122752    1.6568
 0.894886  0.293954 -0.165686   1.62439
0.939945 0.153801 0.228269  1.69459
0.938671 0.153417 0.243141  1.69173
0.925294 0.163037  0.24737  1.66237
0.939666 0.146412 0.239024   1.6933
0.937068 0.156144 0.226274  1.68828
0.924338 0.162209 0.250869  1.66579
0.935564 0.154514  0.21837  1.68558
0.921686 0.153621 0.230395  1.66053
0.935218 0.148338 0.210655  1.68465
0.936458 0.155473 0.224264  1.68709
0.918698 0.225728 0.219251  1.66019
0.937011 0.156187 0.226338  1.68837
0.937271 0.139685 0.189954  1.68787
0.917165 0.177663 0.256507  1.65386
0.915016  0.22905 0.205765   1.6498
0.934492 0.151685 0.212094  1.68404
0.916936 0.162434 0.244623  1.64645
0.918821  0.15004 0.223743   1.6561
0.924595 0.158762 0.240337  1.66534
0.925859 0.158195 0.240243  1.66595
0.928879 0.160574 0.246721  1.67098
 0.93978 0.153159 0.229047  1.69364
0.931618 0.160679 0.246356  1.67637
0.936064 0.154193 0.244437  1.68604
0.940715 0.151432 0.232295  1.69578
0.921895 0.154175 0.231644  1.66162
0.941884 0.149625 0.235575  1.69792
0.937258 0.155645 0.227337  1.68926
0.919654 0.159518 0.261003  1.65882
0.919996 0.173991 0.259614  1.66065
0.923321 0.163324 0.255134  1.66481
0.936353 0.155829 0.223409  1.68667
0.933813 0.154382 0.212174  1.68336
0.924559 0.158913 0.241752  1.66548
0.918456 0.160954  0.23807   1.6498
0.922717 0.169813 0.250389  1.66347
0.917503 0.156311 0.233229   1.6479
 0.93281 0.153073 0.208352  1.68214
  0.9182 0.150845 0.221578  1.65434
0.916481  0.15869 0.231967  1.64598
 0.91729 0.152452 0.227202  1.65144
0.917168 0.154859 0.224417  1.65077
 0.754935  0.142982 -0.466467   1.39763
 0.757025  0.148807 -0.462536   1.40078
  0.75035  0.146855 -0.470547   1.39109
 0.750158  0.150977 -0.472338   1.39243
 0.758585  0.148633 -0.454611   1.40063
 0.747337  0.155651 -0.474032   1.38848
 0.744054  0.157292 -0.473998   1.38205
 0.755258   0.17168 -0.455805   1.39744
 0.742251  0.170043 -0.472268   1.37986
 0.757527  0.150043 -0.455879   1.39934
 0.744307  0.178038 -0.468729   1.38359
 0.755364  0.161498 -0.443188   1.39126
 0.761545   0.17695 -0.452815   1.40905
 0.756337  0.169021 -0.456587   1.40016
  0.75957  0.189185 -0.461525   1.41134
 0.753551  0.169221 -0.458781   1.39544
  0.909907   0.294415 -0.0862493    1.64614
  0.901326   0.315771 -0.0324404    1.62924
   0.91618   0.289657 -0.0823643    1.65849
 0.908838  0.292317 0.0182025   1.63597
 0.926677  0.265989 0.0790964   1.67128
0.929472 0.272073 0.033911  1.67828
 0.918587   0.28601 0.0847368   1.65944
 0.91761 0.274564 0.110686  1.65562
0.942705 0.141869 0.163674   1.6966
0.915939 0.257511 0.139168  1.64863
0.913397 0.246227 0.175179  1.64485
0.940255 0.137499 0.175136  1.69189
0.915592 0.211711 0.229125  1.65164
0.927954 0.245535 0.128261  1.67203
0.910197 0.201455 0.260914  1.64679
0.913705 0.181914 0.265402  1.65156
0.934869 0.152038 0.210479  1.68481
0.936749  0.15126 0.185722  1.68715
  0.76106  0.174521 -0.453568    1.4089
  0.75355  0.180805 -0.467182   1.40068
 0.768419  0.196973 -0.453808   1.42699
 0.755004  0.190093 -0.459464    1.4033
0.939012 0.140358 0.185473  1.69136
0.946911 0.150669 0.128489   1.7025
0.945385 0.151955 0.118273  1.69685
 0.93286 0.154561 0.202917  1.68242
 0.941122  0.199147 0.0797897   1.68943
 0.93446 0.239047 0.101454  1.68314
 0.92471 0.234506 0.161262  1.66579
0.934973 0.167559 0.187271  1.68369
 0.760412  0.154002 -0.460828   1.40669
 0.760073  0.153974 -0.460791   1.40614
 0.760252  0.153878 -0.461108   1.40677
 0.759342  0.154459 -0.460686   1.40484
 0.759661  0.154242 -0.460772   1.40545
 0.759923  0.153086 -0.460241    1.4059
  0.75768  0.160899 -0.456517   1.40148
 0.759347  0.154528 -0.460506   1.40483
  0.75927  0.153061 -0.460404   1.40467
 0.758488  0.149797 -0.455589   1.40112
 0.757977  0.148947 -0.467808   1.40479
 0.747262  0.161327 -0.473942   1.38848
  0.75155  0.155411 -0.473703   1.39603
  0.75859  0.149219 -0.460074   1.40288
 0.759198   0.15533 -0.459413   1.40424
 0.758913  0.158621 -0.460267   1.40496
 0.759059  0.155151 -0.459866   1.40414
 0.758887  0.159135 -0.459909   1.40476
 0.759158  0.154825 -0.460096   1.40435
 0.759805  0.153954 -0.461172   1.40595
 0.759729  0.154054 -0.460824   1.40552
 0.758702  0.155414 -0.459801   1.40361
 0.759675  0.154042 -0.461089   1.40563
 0.758798  0.153045 -0.460333   1.40384
   0.7499  0.159477 -0.474445   1.39386
 0.749098  0.164453 -0.474006   1.39294
  0.74699  0.166667 -0.472898   1.38834
 0.756532  0.160191 -0.453403   1.39811
 0.757696  0.160176 -0.458177   1.40219
  0.75155  0.157381 -0.450557   1.38643
 0.751878  0.155538 -0.464844   1.39295
 0.758521  0.159756 -0.460437   1.40449
 0.758842  0.155938 -0.458468   1.40346
  0.75685  0.151314 -0.457553   1.39888
 0.758939  0.157374 -0.458289   1.40391
 0.759084  0.155609 -0.458022    1.4037
 0.759333  0.155544 -0.458465   1.40413
 0.759641  0.155505 -0.458257   1.40471
 0.758572  0.156509 -0.459004   1.40333
 0.759022  0.156041 -0.457282   1.40335
 0.936774  0.236814 0.0744872   1.68657
 0.939088  0.242368 0.0643189   1.69332
 0.935774  0.237888 0.0241766   1.68336
 0.941266  0.226223 0.0234654   1.69435
  0.910557   0.291953 -0.0356742     1.6419
  0.924628   0.266256 0.00101496    1.66515
0.942264 0.147867 0.227985  1.69817
0.940202 0.151026 0.233058  1.69427
0.938455  0.15423 0.229741  1.69207
 0.93577 0.155815 0.238799  1.68681
0.931238 0.157359  0.24019  1.67741
0.937734  0.15336  0.23747  1.68969
0.924145 0.162667 0.240724  1.66541
0.939016 0.154151 0.235671   1.6931
0.936831 0.156209 0.227665  1.68855
0.935486 0.154195  0.21952  1.68544
0.934236 0.149711 0.204635  1.68393
0.923685 0.157612 0.226956  1.66565
0.934905 0.149225 0.196263  1.68497
0.936002 0.156257 0.224442  1.68644
0.931033 0.157091 0.208621  1.67987
0.934966 0.155812 0.219642  1.68485
0.917228 0.157233 0.229758  1.64842
0.916741 0.160308 0.225206  1.64732
0.920847 0.158155 0.238625  1.65525
0.919877 0.149921 0.224379  1.65846
 0.92257 0.155118 0.230909  1.66291
  0.9325  0.15535 0.214755  1.68137
0.928564 0.159086  0.24103  1.67092
 0.93811 0.155309 0.230358  1.69139
0.926279 0.157084 0.236101  1.66678
0.933789 0.156703 0.240021  1.68185
0.937814 0.154252 0.232422  1.69062
0.928769 0.156317  0.23534  1.67243
0.922076 0.190861 0.233546  1.66207
0.916094 0.193095 0.246214  1.65194
 0.92171  0.18044 0.243639  1.66153
0.923915 0.168406 0.250326  1.66599
0.924235 0.161405 0.241496  1.66577
 0.92202 0.156916 0.235026  1.65783
0.920647  0.15403 0.232508  1.65521
0.924433 0.167813  0.23625  1.66639
0.918692 0.149904 0.224361  1.65572
  0.9204 0.152881 0.228708  1.65708
0.918752 0.151592 0.227845  1.65535
0.918998 0.155641 0.231911  1.65172
 0.755271  0.148602 -0.470368   1.40053
  0.75536  0.149303 -0.456675   1.39529
 0.758305  0.151295 -0.457783   1.40169
  0.75678  0.150019 -0.455909   1.39795
0.748867 0.156506 -0.47402  1.39089
 0.753407  0.158661 -0.449921    1.3902
 0.753702   0.16695 -0.460352   1.39649
 0.755871  0.151484 -0.456587   1.39671
 0.750877   0.16505 -0.461441   1.39075
 0.751536  0.158674 -0.463928   1.39249
 0.750041  0.169824 -0.472402   1.39498
0.748819 0.172724 -0.47024  1.39169
  0.915327   0.296088 0.00471117    1.65265
  0.931476   0.273513 -0.0192804    1.68449
0.923358 0.255013 0.132651  1.66461
0.937375 0.228151 0.125048  1.68959
0.924435 0.226211 0.183987  1.66678
0.939145 0.156525 0.173323  1.69007
0.924644 0.165521   0.2397  1.66761
0.918001 0.209295 0.234489  1.65713
0.925933 0.205619 0.219781  1.67152
0.918827 0.197794 0.243994  1.65884
 0.92805 0.219607 0.179752  1.67235
0.924465 0.209923 0.204479  1.66589
0.936083 0.151194 0.190244  1.68694
0.935847 0.215507 0.162528  1.68787
0.933756 0.159497 0.197278  1.68331
 0.93853 0.154549 0.175961  1.69021
 0.938612  0.238627 0.0957484   1.69296
 0.930172  0.260084 0.0781593   1.67723
 0.94053 0.191639 0.115362  1.68945
 0.93412 0.232819 0.124416  1.68302
 0.759488  0.153943 -0.461526    1.4056
 0.758696  0.154938 -0.461029   1.40393
0.758552 0.155583 -0.46037  1.40355
0.759182 0.154598 -0.46113  1.40487
 0.753745  0.152746 -0.464519   1.39596
 0.759116   0.15424 -0.461101   1.40458
 0.756713  0.149234 -0.455855   1.39762
 0.758308  0.155921 -0.461212   1.40357
 0.753986  0.150889 -0.464169   1.39579
 0.757531  0.153303 -0.460344   1.40155
  0.75867  0.155925 -0.459449    1.4035
 0.757908  0.158808 -0.461288   1.40346
 0.758592  0.154338 -0.461702   1.40402
  0.75817  0.158298 -0.460547   1.40346
 0.751926  0.153449 -0.456912   1.38927
 0.758793  0.155058 -0.460642   1.40405
  0.75907  0.154201 -0.461593   1.40487
 0.758417  0.155126 -0.461734    1.4038
 0.751773  0.175089 -0.469557   1.39782
 0.754925   0.17868 -0.465992   1.40295
 0.749534  0.160916 -0.462864   1.38814
 0.753331  0.160047 -0.447125   1.38884
 0.754881  0.159761 -0.453986   1.39491
 0.755274  0.158843 -0.455996    1.3965
 0.756442  0.159712 -0.458633   1.39972
 0.756714  0.157639 -0.461105   1.40095
 0.757572  0.159266 -0.460799   1.40259
 0.758455  0.157067 -0.459784   1.40349
 0.756007  0.158297 -0.460167   1.39925
 0.758388  0.157568 -0.461079   1.40404
  0.919384   0.288347 -0.0448296    1.66205
   0.92938   0.256814 -0.0482618    1.67659
0.936924 0.155494 0.229298  1.68904
0.933021 0.156111 0.234381  1.68145
0.934935 0.155527 0.233984  1.68497
0.935978 0.155622 0.225891  1.68668
0.930966 0.156442 0.235487  1.67668
0.934852 0.155082 0.221469  1.68475
0.923994 0.152637 0.225715  1.66603
0.933499 0.153554 0.214475  1.68285
0.923734 0.199465 0.224202  1.66582
0.933656 0.155228  0.22391  1.68281
0.933341 0.154389 0.204865  1.68296
0.928752 0.186626 0.215553  1.67505
0.924325 0.155709 0.234977  1.66295
  0.9206 0.150356 0.224187  1.66024
0.934715 0.155442 0.228225  1.68454
0.922302 0.152152 0.226529    1.662
0.936227  0.15539 0.232976  1.68805
0.924769 0.153251 0.221327  1.66873
0.935842 0.156285 0.229948  1.68679
0.932429 0.155349 0.230808  1.67992
0.923325 0.176848 0.248827  1.66604
0.931253 0.154651 0.212264  1.67988
0.932159 0.154245 0.217458  1.68088
0.925216 0.176322 0.229026  1.66788
0.923017  0.15529 0.230214  1.66472
0.926386 0.154272 0.230243  1.66853
0.921696 0.151519 0.222477  1.66259
0.924314 0.154849 0.230713  1.66387
 0.755332  0.150564 -0.456819   1.39565
 0.756103  0.150595 -0.463123   1.39957
 0.751447  0.153641 -0.464839   1.39154
   0.7526  0.156275 -0.452806   1.38946
 0.753595  0.152473 -0.457011   1.39263
 0.749936  0.156853 -0.464583     1.389
 0.751694  0.162982 -0.462121   1.39274
 0.751633  0.156534 -0.455774    1.3887
 0.92951 0.237501 0.155892  1.67727
0.933245 0.215163 0.143554  1.67874
0.928159  0.20899 0.201219  1.67408
0.936322 0.172891 0.174785   1.6857
0.923784 0.186658 0.241031  1.66717
0.929549 0.174902 0.204542  1.67479
0.932033  0.16631 0.198191  1.68029
0.924838 0.196661 0.229904  1.66909
 0.93359 0.156967 0.196764  1.68329
0.930995 0.190868 0.202069  1.67852
 0.93471 0.163622 0.186652   1.6842
0.930283 0.194752  0.18806  1.67479
0.941059 0.164073 0.150814  1.69246
0.933917 0.206631  0.17311  1.68288
0.934807 0.176177 0.174916  1.68141
0.939853 0.178221 0.145708  1.68918
 0.758138  0.153264 -0.460489   1.40263
 0.754948  0.157183 -0.457964   1.39636
 0.753539  0.151334 -0.456996   1.39215
 0.757645   0.15488 -0.461932    1.4025
 0.757038  0.153647 -0.460431   1.40067
 0.755663  0.150734 -0.456178   1.39592
 0.758413  0.156405 -0.460248   1.40349
 0.758105  0.156556 -0.460894   1.40314
 0.758044  0.155759 -0.461541    1.4031
 0.757827  0.157545 -0.461562   1.40312
 0.758167  0.154774 -0.461756    1.4033
 0.756964  0.156416 -0.461549   1.40143
 0.754065  0.158007 -0.456447   1.39406
  0.75408  0.152307 -0.455953   1.39304
 0.757368  0.157951 -0.461636   1.40232
  0.75168  0.155268 -0.453334   1.38765
 0.757823  0.156989 -0.461931   1.40318
   0.7552   0.15502 -0.459142   1.39689
0.935053 0.156162  0.22629  1.68494
0.930355  0.15426 0.220343  1.67773
0.931758 0.155014 0.226289  1.67929
0.933942  0.15612 0.221784  1.68323
0.931711 0.156125 0.208791   1.6805
0.925116 0.153699 0.219761  1.66889
0.926215 0.173655 0.233805  1.67128
0.929542 0.154919 0.216468  1.67714
 0.92357 0.152174 0.222352   1.6659
 0.92185  0.15238 0.228672  1.66053
0.928573 0.155646  0.23134  1.67215
0.930121 0.155489 0.226752  1.67594
0.930453 0.155329 0.230483  1.67631
0.933557 0.156031 0.228691  1.68223
0.927812 0.159995 0.215085  1.67443
0.926306 0.184394 0.218264   1.6692
0.926082  0.16364 0.222219  1.67004
0.925262 0.158781 0.225919  1.66953
 0.753498  0.153954 -0.455004    1.3918
 0.756136  0.153921 -0.459828    1.3988
0.931553 0.162905 0.206932  1.68052
0.937436 0.179737 0.161488  1.68588
0.932274 0.177101 0.188794  1.67873
0.928404 0.189946 0.205002  1.67238
0.929086 0.157926 0.214074  1.67674
0.931628 0.159234 0.203544  1.68051
0.931794 0.172125 0.203079  1.67966
0.927562 0.167565 0.215911  1.67329
 0.93351 0.203829 0.173586  1.68191
0.934067 0.196928 0.184314  1.68368
 0.755333  0.155704 -0.459089    1.3973
 0.757798  0.155899 -0.462096   1.40296
 0.757381  0.156484 -0.461926   1.40215
 0.755273  0.151866 -0.456698   1.39561
 0.754186  0.153428 -0.455978   1.39351
 0.754387  0.156352 -0.458191   1.39514
0.756286 0.156937 -0.46126  1.39998
 0.756015  0.154582 -0.459802   1.39869
0.932246 0.155789 0.224444  1.68011
0.929828 0.156465 0.212922  1.67729
0.927419 0.154072 0.221952  1.67239
0.931031 0.155308 0.217729  1.67906
0.927723 0.169758 0.216105  1.67226
0.928273 0.155258 0.216975  1.67448
0.925599  0.16206 0.222851   1.6702
0.927029 0.156953  0.21902  1.67297
0.927346 0.181344 0.225819  1.67321
0.930364  0.16615  0.20775  1.67819
0.926193 0.153829 0.226729   1.6689
0.927953  0.15424 0.225915  1.67297
0.928772  0.15479 0.220634  1.67545
 0.92667 0.156152 0.217871  1.67258
 0.753332  0.154331 -0.455069   1.39157
 0.752737  0.155012 -0.456622   1.39123
0.929666 0.160242 0.209547  1.67748
0.927493 0.163677 0.220824  1.67356
0.929646 0.163712 0.213526  1.67753
0.929592 0.171841 0.213847  1.67677
 0.757393  0.155424 -0.461875   1.40209
 0.756705  0.155689 -0.461673   1.40079
