0.870967 0.330118 0.156982   1.5757
0.874375 0.318326 0.182231  1.58389
0.862342 0.331829 0.168959  1.56017
0.865014 0.324151 0.181481  1.56603
0.856615 0.332074 0.181352  1.55159
0.860861 0.325818 0.175866  1.55604
0.869049 0.320514 0.177964  1.57175
0.869093 0.323039  0.16557  1.57049
 0.760883  0.156673 -0.459144   1.40471
 0.761017  0.156571 -0.459163   1.40498
 0.791999  0.131801 -0.402637    1.4386
 0.786533  0.132693 -0.410047   1.43046
 0.789629  0.135529 -0.409492   1.43743
 0.787403  0.118728 -0.408928   1.42961
 0.782904  0.123744 -0.417478   1.42494
 0.786262    0.1233 -0.415009   1.43091
 0.798679   0.12077 -0.388772   1.44486
  0.79432  0.112864 -0.395378    1.4372
  0.80649  0.101676 -0.369559   1.45108
 0.799726  0.115824 -0.392788   1.44836
  0.78796   0.12764 -0.413613   1.43461
 0.791282  0.120239 -0.407157   1.43744
 0.794749  0.128257 -0.404024   1.44478
 0.791631  0.123685 -0.404918   1.43761
  0.960162   0.116511 -0.0508214    1.71877
  0.960233   0.118144 -0.0447167    1.71887
  0.959295   0.120639 -0.0476686    1.71677
  0.959675   0.116747 -0.0461973    1.71734
  0.960336    0.11957 -0.0387267    1.71906
 0.960416  0.120798 -0.033094   1.71924
  0.959545   0.123136 -0.0360146    1.71716
   0.95989   0.119112 -0.0350732    1.71774
  0.958163     0.1296 -0.0443439    1.71453
  0.958753   0.129087 -0.0383845     1.7156
  0.959781   0.117835 -0.0406764    1.71751
  0.959263   0.121129 -0.0381497    1.71625
  0.959201   0.120935 -0.0426713    1.71628
   0.95949   0.121573 -0.0416949    1.71709
0.932641   0.1672  0.27689  1.69109
 0.762615  0.155327 -0.456189   1.40657
 0.760985  0.155918 -0.459454   1.40491
0.761425 0.156922 -0.45963  1.40601
 0.761712  0.157022 -0.459922   1.40666
0.761955 0.156864 -0.45995  1.40713
 0.762255  0.156289 -0.458612   1.40703
 0.765503  0.158013 -0.458815   1.41371
 0.763819  0.155318 -0.454961   1.40837
 0.763257  0.154404 -0.453916   1.40673
 0.764638  0.154766 -0.455258   1.41006
 0.767463  0.156243 -0.459769   1.41745
 0.769603  0.152889 -0.455171   1.41918
 0.781381  0.139803 -0.423179   1.42705
 0.777409   0.14116 -0.432316   1.42316
 0.780082  0.143718 -0.432001   1.42921
 0.760935  0.156838 -0.459098   1.40483
 0.760956  0.156889 -0.459099   1.40488
 0.761586  0.157085 -0.459253   1.40611
  0.76082  0.157032 -0.459375   1.40475
 0.760805  0.157015 -0.459636   1.40484
  0.76081  0.156863 -0.459856   1.40491
 0.760715  0.156791 -0.459941   1.40473
 0.762176  0.155601 -0.456706   1.40592
 0.760723   0.15648 -0.460012   1.40471
 0.761925  0.156496 -0.458887   1.40651
0.761016 0.156375 -0.45915  1.40493
 0.760932    0.1558 -0.459615   1.40485
 0.760958  0.156345 -0.459262   1.40484
 0.800593  0.222655 -0.420494   1.47626
 0.799532  0.217893 -0.424404   1.47502
0.804589 0.218702 -0.42266  1.48343
 0.801959  0.219669 -0.423395   1.47991
 0.797601  0.212865 -0.429144   1.47202
 0.794072  0.207638 -0.436404   1.46725
 0.801309  0.206069 -0.433288   1.47886
 0.798458  0.208554 -0.434406   1.47556
0.809661 0.213861 -0.42201  1.49154
 0.809388  0.204668 -0.427283   1.49142
 0.819823  0.205008 -0.411858   1.50525
  0.81301  0.208789 -0.425837    1.4995
 0.800555  0.214639 -0.427854   1.47816
  0.80558  0.207954 -0.431422   1.48747
 0.806335  0.215487 -0.425569   1.48786
 0.803863  0.212695 -0.426521   1.48238
 0.728766  0.157676 -0.453189   1.33736
 0.729694  0.156305 -0.453092   1.33891
 0.726749  0.157632 -0.449495   1.33065
  0.72436  0.158405 -0.447091   1.32394
 0.725033  0.156052 -0.447728   1.32522
 0.726008  0.156985 -0.447832   1.32748
 0.727981  0.153293 -0.450673   1.33299
 0.725669  0.153831 -0.448165   1.32634
 0.726482   0.15161 -0.448528   1.32778
 0.727317   0.15254 -0.448723   1.32981
 0.727852  0.156666 -0.449948   1.33298
 0.726553  0.154785 -0.448348   1.32847
 0.728337   0.15439 -0.450735   1.33401
 0.727174  0.155367 -0.449975   1.33132
 0.782878  0.145291 -0.422573   1.43107
 0.777604  0.150953 -0.431282   1.42512
 0.779442  0.150292 -0.420728    1.4236
 0.960943  0.130222 0.0555684   1.72402
 0.96086 0.138103 0.061259  1.72399
 0.960827  0.137814 0.0546517   1.72317
 0.960882  0.138979 0.0585367   1.72417
 0.959922  0.143761 0.0505963   1.71968
0.959795 0.148887 0.057459  1.72119
0.959989 0.150485  0.06629  1.72236
 0.774984  0.151459 -0.436369   1.42204
 0.960948  0.152468 0.0877033   1.72417
 0.770601  0.155459 -0.448759   1.41908
   0.960761    0.125647 -0.00642989      1.7204
    0.960759     0.126544 -0.000999332      1.72053
   0.960177    0.128387 -0.00462838       1.719
   0.960417     0.12486 -0.00445896     1.71942
  0.960787   0.127856 0.00484422    1.72082
 0.960839   0.12895 0.0107797   1.72121
  0.960041   0.132605 0.00658639    1.71911
  0.960365   0.127375 0.00613518    1.71971
   0.959442    0.132176 -0.00253028     1.71703
    0.959468     0.130957 -0.000311542      1.71682
    0.96037    0.126122 0.000248227      1.7195
   0.959691    0.130525 5.62731e-05     1.71793
    0.96006    0.128023 -0.00318817     1.71858
   0.960174    0.129246 0.000247893     1.71908
 0.767662  0.158422 -0.459706   1.41829
  0.76266  0.154784 -0.454419   1.40577
0.765978 0.159168 -0.45986  1.41512
 0.760737   0.15703 -0.459779   1.40475
 0.762575   0.15572 -0.454462   1.40581
 0.760794  0.157149 -0.459556    1.4048
 0.761436  0.157361 -0.459975   1.40622
 0.761066  0.156828 -0.459061   1.40507
0.945263 0.192983 0.230253  1.70257
 0.925856  0.153815 -0.232469   1.66886
  0.92651  0.160403 -0.223215   1.66972
 0.923635  0.164125 -0.232071   1.66593
0.925293 0.155514 -0.23001  1.66764
 0.920744  0.189403 -0.235145   1.66635
 0.923421   0.16396 -0.225468   1.66428
 0.924092  0.166681 -0.224235   1.66608
 0.960921  0.144807 0.0809729   1.73046
 0.964724  0.143266 0.0802763   1.73637
 0.962584  0.144399 0.0827315   1.73088
 0.962583  0.144019 0.0812966   1.73163
 0.966692  0.136655 0.0881076    1.7385
 0.967494  0.131404 0.0883818   1.73915
 0.963316  0.148508 0.0882988   1.73116
 0.96339 0.145871 0.083218  1.73153
 0.965104  0.144849 0.0838885   1.73564
 0.961721  0.130767 0.0736196    1.7283
 0.961614   0.12988 0.0782302   1.72861
  0.96189  0.137828 0.0791739    1.7282
 0.961415   0.12996 0.0745565   1.72751
 0.960569  0.130603 0.0838806   1.72704
 0.959016  0.136245 0.0861135   1.72492
 0.961907  0.140744 0.0851065    1.7292
 0.960661  0.134556 0.0824703   1.72773
  0.96188  0.150032 0.0861493   1.72813
 0.962557  0.148204 0.0885325   1.72957
 0.961223  0.129918 0.0788872   1.72772
 0.962108  0.140383 0.0829505   1.72911
 0.961896  0.138377 0.0797426   1.72798
 0.961864  0.138297 0.0833957   1.72863
 0.960431  0.149264 0.0710028    1.7235
 0.961048  0.147185 0.0735174   1.72476
 0.961012  0.138348 0.0633776   1.72484
 0.961165  0.131036 0.0594717   1.72513
 0.961151  0.131356 0.0635194   1.72556
 0.960942  0.130889 0.0603135   1.72459
 0.961581  0.137819 0.0706799   1.72671
 0.961355   0.13154 0.0668596   1.72649
 0.961526  0.131157 0.0696327   1.72733
 0.961253  0.131174 0.0674898   1.72621
 0.961046  0.137852 0.0648704   1.72476
 0.961022  0.131429 0.0640047   1.72526
 0.961246  0.137984 0.0676168   1.72547
 0.961246  0.137795 0.0669866   1.72563
 0.959904  0.144994 0.0474794   1.72022
 0.960384  0.142755 0.0498608   1.72104
 0.960762  0.136219 0.0413703   1.72244
 0.961283  0.130462 0.0378022   1.72366
 0.96135  0.13001 0.043021   1.7241
 0.960913  0.129519 0.0393928   1.72267
0.960968 0.138065 0.053031  1.72366
 0.961402  0.130142 0.0488491   1.72463
 0.961298  0.130507 0.0544683    1.7249
 0.960977  0.129675 0.0500298   1.72356
 0.960712  0.135569 0.0430209   1.72214
  0.96094  0.129528 0.0441601   1.72305
 0.960581   0.13697 0.0465958    1.7221
 0.960929  0.135799 0.0463083   1.72301
 0.959709  0.155629 0.0553516   1.71982
  0.958183   0.110511 -0.0813945    1.71516
  0.957441   0.117848 -0.0754578    1.71341
  0.956551   0.117105 -0.0867899    1.71214
  0.957353    0.11708 -0.0853687    1.71403
  0.956392   0.131025 -0.0703726     1.7117
  0.954086   0.125893 -0.0951091    1.70771
  0.954862     0.1261 -0.0935579    1.70955
  0.956197   0.132559 -0.0805517    1.71239
0.731912 0.265172 -0.38228   1.3325
 0.730169  0.257438 -0.388859    1.3297
 0.738982  0.256666 -0.383023   1.34491
 0.735629  0.260816 -0.387397   1.34138
 0.728866  0.249824 -0.394812   1.32765
 0.727928  0.242491 -0.400155   1.32624
 0.736043  0.242374 -0.394922   1.34051
0.732798 0.245591 -0.39904  1.33668
 0.744268  0.252261 -0.388374   1.35828
 0.745133  0.246849 -0.390198   1.35929
 0.73407 0.253103 -0.39354  1.33881
0.739423 0.245952 -0.39322   1.3478
  0.74162  0.253012 -0.387327   1.35144
 0.737098   0.24921 -0.389568   1.34193
  0.93854  0.150336 -0.178058   1.68697
 0.941152  0.153061 -0.169691   1.69219
 0.940481  0.136289 -0.182717   1.69009
0.941161 0.130654 -0.19043  1.69231
 0.943896  0.127677 -0.180948   1.69661
 0.941121   0.13351 -0.182832   1.69104
 0.945617  0.132019 -0.162227   1.69806
 0.946819  0.124337 -0.170236    1.7012
 0.949193  0.120049 -0.158666    1.7043
0.946544 0.127346 -0.16028  1.69908
  0.94123  0.141012 -0.174056   1.69093
 0.943748  0.130479 -0.172039   1.69488
 0.943986  0.138447 -0.162414   1.69508
 0.942975  0.134798 -0.173616   1.69414
 0.753326  0.223655 -0.421353   1.38666
 0.724202  0.181274 -0.438303   1.32339
 0.726206  0.179394 -0.439968   1.32862
 0.726894  0.182555 -0.437884   1.32948
 0.725082   0.18087 -0.438409   1.32565
 0.729017  0.178678 -0.444454   1.33737
  0.73078  0.184695 -0.440375   1.33996
 0.727852  0.182523 -0.440922   1.33366
 0.727858  0.180774 -0.441331    1.3335
 0.727395   0.16676 -0.449923   1.33456
0.728098 0.165224 -0.44995  1.33567
 0.725329  0.167158 -0.445783   1.32753
 0.722893  0.168483 -0.443633   1.32099
  0.72316  0.165809 -0.444725   1.32162
 0.724472  0.166861 -0.444685   1.32451
 0.725813  0.162217 -0.447911   1.32873
 0.723486  0.163314 -0.445614   1.32229
  0.72382  0.160774 -0.446486   1.32296
  0.72502  0.161811 -0.446511   1.32566
  0.72644  0.165933 -0.446533   1.32998
  0.72467  0.164329 -0.445632   1.32494
0.726487 0.163378 -0.44782  1.33033
  0.72538  0.164573 -0.446743   1.32762
 0.731754  0.149766 -0.454526   1.34264
 0.732886  0.148519 -0.454321   1.34459
 0.729772  0.149298 -0.451281   1.33624
 0.727432  0.149578 -0.448656   1.32941
 0.728443  0.147501 -0.448868   1.33121
 0.729127  0.148354 -0.449118   1.33294
 0.731667  0.145556 -0.451614    1.3396
 0.729462  0.145605 -0.448874   1.33295
 0.730598  0.143753 -0.448843   1.33492
 0.731123  0.144539 -0.449152   1.33634
 0.730879  0.148573 -0.451467   1.33848
 0.730029  0.146442 -0.449195   1.33448
 0.731755  0.146567 -0.451808   1.34011
  0.73055  0.147337 -0.451325   1.33746
 0.774314  0.153822 -0.446013   1.42534
0.942248 0.166726 0.202715  1.69496
0.941327 0.142674 0.126322  1.69597
0.926767 0.143506 0.210679  1.68268
0.924159 0.139078 0.218568  1.67828
0.926878 0.140805 0.223466   1.6796
0.930622 0.156599 0.257795  1.68754
0.933174 0.166605 0.294019   1.6891
0.934093 0.169882 0.285549  1.69202
0.878079 0.253332 0.284577  1.59704
0.881282 0.240883 0.296553  1.60475
 0.87144 0.250773 0.290272  1.58548
0.873158 0.243413 0.296561  1.58962
0.865975 0.244988 0.294099  1.57618
0.870076 0.245897 0.293016  1.58226
0.876601 0.243794 0.294454  1.59459
0.876416 0.247777 0.288083  1.59323
 0.93478 0.167509 0.289049  1.69207
0.932597 0.142116 0.286818  1.68946
0.933444 0.103478 0.262726  1.68712
  0.900877 -0.0171632   0.349634    1.64526
 0.915853 0.0135778  0.335108   1.66743
  0.928409 -0.0261303   0.310189    1.68977
   0.913684 -0.00324811    0.318899     1.65735
 0.923541 0.0408783  0.321618   1.67916
 0.926412 0.0552068  0.301402   1.67903
 0.934977 0.0446891  0.295814    1.6974
 0.927044 0.0508976  0.300668   1.68016
   0.943573 -0.00511659    0.269719     1.70999
 0.940696 0.0255367  0.270354   1.70248
 0.951343 0.0213914  0.242852   1.72062
 0.945891 0.0140021  0.246764   1.70819
 0.922679 0.0266685  0.306596   1.67156
 0.935891 0.0288337  0.274218   1.69204
   0.934455 -0.00396763    0.276253     1.68972
 0.932045 0.0124005  0.300402   1.69163
0.943419 0.197709 0.232337  1.69832
   0.942 0.191133 0.240122  1.69608
0.921357 0.145186 0.228258  1.67152
 0.92105 0.189563 0.259782  1.65904
0.903375 0.165844 0.260355  1.62564
 0.89363 0.147545 0.250191  1.60824
0.891192 0.170116 0.250402  1.59853
0.929589 0.156993 0.258808  1.68441
0.899043 0.171213 0.230753  1.62083
0.925513  0.13982 0.227647  1.67608
0.946981 0.175418 0.201524  1.70329
    0.87879   0.0168529 -0.00176531     1.60166
 0.94594 0.188628 0.194556  1.69789
0.926036  0.12612 0.288544  1.67766
0.935564 0.168909 0.285325  1.69398
  0.9281 0.139109 0.297779  1.68329
  0.9306 0.154258 0.298668  1.68643
0.932322 0.164154 0.299339  1.68865
0.895852 0.180577 0.267771  1.60441
0.930892 0.166637 0.279092  1.68632
0.911945 0.192365 0.269395  1.63615
0.923956  0.15363 0.226077  1.67576
0.936329 0.177248 0.218394  1.68975
 0.782381  0.119327 -0.421523   1.42528
 0.781431  0.112636 -0.418581   1.42067
 0.786604  0.114538 -0.413252   1.42944
 0.783918  0.115264 -0.415006    1.4246
 0.779167  0.106185 -0.418592   1.41476
 0.773914  0.102604 -0.419665   1.40327
 0.780225  0.099303 -0.412288   1.41269
 0.778986  0.103086 -0.416198    1.4125
 0.792657  0.107182 -0.402479   1.43618
 0.788436  0.096138 -0.401845   1.42501
 0.799298 0.0934491 -0.385728   1.44107
 0.794784  0.100148 -0.392829   1.43516
 0.782365  0.108985 -0.414303   1.41986
 0.785997  0.100914 -0.406916   1.42277
 0.788394  0.109334 -0.405453   1.42859
 0.785538  0.105243 -0.411261   1.42471
  0.77533  0.145304 -0.445571   1.42592
 0.765072  0.160738 -0.458461   1.41302
 0.752768  0.124532 -0.446987   1.37703
 0.754918  0.122862 -0.446406   1.38095
 0.750228  0.122371 -0.445656   1.37046
 0.747317  0.121644 -0.443243   1.36253
 0.749378   0.11955 -0.442104   1.36587
 0.749554  0.120693 -0.442964   1.36692
 0.754698   0.11856 -0.442853   1.37763
 0.751493  0.117493 -0.440639   1.36915
 0.753941  0.115291 -0.438755    1.3729
 0.754042  0.116703 -0.439991   1.37404
 0.751612  0.122307 -0.444998   1.37297
 0.751628  0.118736 -0.441662   1.37022
 0.754006  0.120246 -0.443653   1.37691
  0.75225   0.12041 -0.444217   1.37355
  0.76956  0.159605 -0.449174   1.41799
 0.735928  0.208443 -0.426006   1.34844
0.740769 0.217567  -0.4181  1.35659
 0.731208  0.210684 -0.420529   1.33553
 0.733442  0.215465 -0.416385   1.33904
  0.72796  0.215133 -0.419555   1.32894
0.729795 0.213043 -0.41782  1.33162
 0.73501 0.214648 -0.42015  1.34484
  0.73422  0.211991 -0.421169   1.34304
 0.826701  0.227585 -0.401252   1.52009
 0.831258  0.226085 -0.396016    1.5271
 0.825783   0.22969 -0.396867   1.51809
 0.827282  0.227609 -0.397959   1.51976
0.836118 0.224545 -0.39042  1.53471
 0.841321  0.222479 -0.384273   1.54277
 0.835254  0.227312 -0.385642   1.53288
0.836832 0.224605 -0.38655  1.53448
 0.825102  0.233376 -0.390312   1.51596
 0.829505  0.235261 -0.386163   1.52427
 0.831838  0.226155 -0.392556   1.52674
 0.832402  0.229868 -0.386878   1.52783
0.827303 0.231018 -0.39314  1.52006
 0.830417   0.22835 -0.391561   1.52518
0.744559 0.132139 -0.45205  1.36418
 0.741357  0.135721 -0.452369   1.35837
 0.742755  0.130753 -0.449375   1.35845
0.740923 0.132777  -0.4497  1.35516
 0.741013  0.130056 -0.446981   1.35293
 0.741433  0.131311 -0.449207   1.35565
 0.741556  0.134095 -0.451365   1.35787
 0.743576  0.132484 -0.451047   1.36159
 0.842033  0.222599 -0.380042   1.54244
 0.843297  0.227255 -0.372999   1.54485
 0.836877  0.228971 -0.381258   1.53496
 0.840538  0.225484 -0.379198   1.54094
 0.844526  0.234689 -0.364466   1.54753
 0.831713  0.235934 -0.380397    1.5268
 0.834518  0.232179 -0.379044   1.53077
 0.840729  0.234835 -0.373168   1.54271
 0.868122  0.229369 -0.331855   1.58598
 0.853794   0.23114 -0.351915   1.56222
 0.866362   0.21777 -0.340827    1.5806
 0.859163  0.221051 -0.351662   1.56973
 0.864471  0.211287 -0.350211   1.57697
 0.862871  0.215118 -0.349174   1.57528
0.856805 0.225662 -0.35046  1.56643
 0.863419  0.229227 -0.343352   1.57955
 0.892355  0.186186 -0.310947   1.62006
 0.898064  0.181818 -0.301379   1.62912
 0.892809  0.190575 -0.301613   1.61973
 0.893679  0.187597 -0.304611   1.62122
 0.903642  0.176301 -0.290783   1.63752
 0.908342  0.170435 -0.280592   1.64411
 0.904222  0.179853 -0.279961   1.63703
 0.904864  0.177669 -0.283335   1.63824
  0.89081   0.20733 -0.298115   1.61941
 0.897529  0.208591 -0.289021   1.63247
 0.899444  0.183215 -0.293728   1.63005
 0.902315   0.19019 -0.280995   1.63512
 0.895083  0.194644 -0.293926   1.62337
 0.898378  0.187256 -0.291889   1.62871
 0.909715  0.190129 -0.260159   1.64708
 0.915586   0.19186 -0.250071   1.65858
 0.912369  0.171393 -0.262529   1.64892
 0.912673  0.165992 -0.271143   1.65055
 0.917446  0.161951 -0.260945    1.6581
 0.913342  0.168062 -0.263982   1.65036
 0.921839  0.160725 -0.239059    1.6628
 0.921869  0.156831 -0.249754   1.66453
 0.925492  0.151591 -0.239382   1.66944
0.922457  0.15882 -0.24176  1.66407
 0.914061  0.176206 -0.253598   1.65131
 0.918139   0.16406 -0.252345   1.65764
 0.920185  0.171861 -0.239743    1.6612
0.917056 0.168414 -0.25191  1.65638
 0.925864  0.171538 -0.219107   1.66998
 0.930529  0.173791 -0.209075   1.67931
 0.928297  0.153192 -0.221521   1.67224
 0.928871  0.147549 -0.229947    1.6744
 0.932561  0.143803 -0.219897   1.68018
 0.929156   0.15012 -0.222434   1.67361
 0.935687  0.142041 -0.198155   1.68265
 0.935841  0.138891 -0.209084   1.68475
 0.938605  0.134214 -0.199388   1.68855
0.936102 0.141171 -0.20124  1.68394
 0.929556  0.158348 -0.212148   1.67391
 0.932894  0.146356 -0.211041   1.67925
 0.934464  0.154089 -0.198311   1.68181
 0.931967  0.150364 -0.210989   1.67802
 0.731076  0.191717 -0.436886    1.3403
 0.734823  0.199212 -0.431217   1.34664
 0.727607  0.193223 -0.432113   1.33021
 0.729171   0.19716 -0.429111   1.33262
 0.725138  0.196326 -0.430828    1.3246
  0.72643  0.195121 -0.430054   1.32698
 0.730407  0.196525 -0.432453   1.33744
 0.729743  0.194432 -0.433161   1.33594
 0.731691  0.238445 -0.404022   1.33484
 0.735994  0.232332 -0.404324   1.34254
 0.738811   0.23857 -0.398742   1.34712
 0.734127  0.235212 -0.400837   1.33746
 0.741949  0.229341 -0.409734   1.35786
 0.747852  0.240911 -0.398775   1.36771
0.740673 0.237523 -0.40174  1.35311
  0.74006  0.233483 -0.403597    1.3516
0.952047 0.119136 -0.11607  1.70439
 0.952614  0.120995 -0.114963   1.70587
 0.950908  0.117895 -0.133737   1.70401
  0.95118  0.115845 -0.147631   1.70673
 0.952953  0.112579 -0.137563   1.70912
 0.951186  0.119594 -0.139317   1.70587
 0.954182  0.111384 -0.116629   1.70903
 0.954216  0.109542 -0.128476   1.71056
0.955196 0.107523 -0.12036  1.71168
 0.954417  0.113242 -0.122674   1.71069
 0.951902  0.122634 -0.126757   1.70604
 0.952994  0.116576 -0.130442   1.70864
 0.953663  0.120416 -0.118835   1.70907
0.952807 0.115245 -0.12535   1.7072
   0.8468  0.233132 -0.339156   1.54341
 0.859112  0.238832 -0.325285   1.56746
 0.957134 0.0189214  0.203931   1.72438
 0.964211 0.0436719  0.187372   1.73903
  0.963674 0.00767284   0.191288    1.73905
 0.962412 0.0142372   0.18959   1.73472
 0.967724 0.0649391  0.119815   1.73844
 0.966883 0.0577024  0.157382   1.74085
  0.969815 -0.0138663   0.144921    1.74744
  0.97401 0.0290822  0.108592   1.75186
  0.975552 -0.0140228  0.0846311    1.75663
 0.973798 -0.024211  0.102023   1.75236
 0.966383 0.0307389  0.154544   1.73841
0.971377 0.025305 0.117805   1.7464
   0.968091 -0.00815909    0.144678      1.7421
 0.968744 0.0325698  0.146339   1.74341
 0.888685  0.192175 -0.313991   1.61399
 0.890589  0.197602 -0.303879   1.61711
 0.886229  0.202783 -0.311724   1.61138
 0.888274  0.193973 -0.309333   1.61279
 0.884667  0.223447 -0.311067   1.61487
  0.88727  0.203112 -0.303255   1.61191
 0.888316  0.203756 -0.302403   1.61422
 0.956401  0.110401 -0.115219   1.71434
 0.957401  0.109976 -0.105544   1.71561
 0.955113  0.115173 -0.111838   1.71118
 0.955887  0.108604 -0.108474   1.71203
   0.95836   0.110348 -0.0965981    1.71705
 0.959004  0.110386 -0.087937    1.7178
  0.956726   0.116493 -0.0938596    1.71324
  0.957568    0.11002 -0.0898336    1.71435
  0.95342  0.125636 -0.109163   1.70773
 0.954353  0.126837 -0.100804   1.70918
  0.956715   0.109267 -0.0993025    1.71312
  0.955809   0.114782 -0.0963165      1.711
 0.955148  0.114526 -0.104228   1.71023
0.955985 0.114938 -0.10279   1.7122
0.934457 0.151392 0.272176  1.69005
 0.961326  0.130878 0.0702684   1.72683
 0.961515   0.13814 0.0742524   1.72685
 0.961667  0.137514 0.0715462   1.72672
 0.961658  0.137452 0.0736268   1.72739
0.961399 0.145982 0.074298  1.72528
 0.961304  0.148014 0.0749069   1.72483
 0.961752  0.145473 0.0737385   1.72703
 0.961375   0.15038 0.0792454   1.72637
 0.961902  0.143273 0.0782141   1.72732
 0.829503  0.403386 0.0289055   1.50333
0.839436 0.389665 0.006155   1.5176
 0.844762  0.385137 0.0360544   1.52797
 0.836966  0.383817 0.0238374   1.50935
  0.852932   0.373183 -0.0107566    1.54091
 0.859606  0.372158 0.0430137   1.55557
 0.850892  0.372277 0.0338008   1.53532
    0.8518   0.369808 0.00629022    1.53641
 0.93398 0.156521 0.291428  1.69117
 0.924212 0.0867426  0.299968   1.67544
0.923846 0.107028 0.286425  1.67188
0.921703 0.101217 0.306618  1.67308
  0.94535 0.0916878  0.225617   1.70496
  0.94142 0.0947697  0.233135   1.69773
0.902465 0.106059 0.343338  1.64289
 0.909094 0.0921965  0.334407   1.65335
  0.89973 0.0910499  0.355296   1.64107
0.903996  0.09219 0.341203  1.64411
  0.91437 0.0786954  0.324756   1.66059
 0.922177 0.0695115  0.304378   1.67097
 0.916264 0.0579914  0.327041   1.66484
0.918361 0.062435 0.320212  1.66713
 0.894943 0.0655119  0.360472   1.63293
  0.90641 0.0416787  0.342469   1.64921
 0.887347 0.0250656  0.360635   1.61928
 0.899212 0.0375785  0.355622   1.63884
 0.91129 0.075572 0.332966  1.65624
 0.911923 0.0513769  0.340848   1.65993
 0.901892 0.0715627  0.352571   1.64303
 0.907414 0.0723827  0.344944   1.65257
0.861769 0.301126 0.227304  1.56315
0.867145  0.30351 0.217929  1.57156
0.868791 0.296097 0.228291  1.57565
0.865584 0.297832 0.223092  1.56762
0.874646 0.303833 0.208352   1.5847
0.876799 0.292037  0.22986  1.59111
0.872478 0.293845 0.225553  1.58092
0.872943 0.297553 0.214718  1.58064
0.933951 0.168735 0.275487  1.69494
 0.92331 0.117718 0.300321  1.67419
 0.86835 0.128333  0.34268  1.57751
0.879575 0.123293 0.354839  1.60257
0.866601 0.106498 0.352925  1.57469
0.873479 0.121345 0.351305  1.59173
0.889531 0.115997 0.355667    1.621
0.898839 0.108949    0.344  1.63514
 0.894092 0.0948343  0.356674   1.62916
0.894377 0.110379 0.357858  1.63222
 0.868971 0.0743678  0.361138      1.58
0.887387 0.070729 0.361986   1.6169
  0.87763 0.0322914  0.362565   1.59751
 0.878039 0.0650675  0.366464   1.60253
0.884174  0.11534 0.360804  1.61425
 0.887806 0.0922952  0.364101   1.62097
 0.874038 0.0975117  0.361663   1.59436
0.881566 0.100113 0.360326  1.60618
 0.910869 0.0990704  0.331403   1.65643
0.907569 0.104111 0.330577  1.64892
0.915833 0.100485 0.311952  1.66081
 0.921565 0.0826774  0.313151   1.67339
 0.916663 0.0817596  0.317629   1.66316
0.914986 0.100003 0.322446  1.66287
 0.778696  0.115233 -0.421419   1.41662
 0.776102  0.121595 -0.428281   1.41565
 0.778582   0.11852 -0.423112   1.41777
 0.770479    0.1169 -0.431777   1.40478
 0.769877  0.123355 -0.438086   1.40791
 0.771167  0.119773 -0.432515   1.40706
0.776783 0.109994 -0.42147  1.41164
 0.772042  0.111413 -0.427078   1.40464
   0.7733  0.105507 -0.422691   1.40394
 0.773734  0.107999 -0.424615   1.40646
 0.774699  0.118603 -0.430438   1.41333
 0.771954  0.113729 -0.428952   1.40591
 0.776372  0.112877 -0.423986   1.41261
 0.774744  0.115489 -0.426309   1.41074
 0.771887  0.150931 -0.454327   1.42338
 0.813243  0.227864 -0.416672   1.49875
 0.815769  0.228456 -0.413809   1.50293
 0.811367  0.229058 -0.414645   1.49547
0.812954 0.228129 -0.41513   1.4974
 0.818817  0.228724 -0.410247   1.50779
 0.822473  0.228463 -0.406061   1.51351
 0.816935  0.230587 -0.407239   1.50434
 0.818781  0.228858 -0.407819   1.50652
 0.808121  0.231309 -0.409402   1.48833
   0.8112  0.233076 -0.405789   1.49372
 0.815517   0.22865 -0.411793   1.50141
 0.814382  0.231061 -0.408394   1.49949
 0.811439  0.229895 -0.412438   1.49488
 0.813892  0.229858 -0.411343   1.49949
  0.81164  0.226865 -0.418583   1.49599
 0.809411  0.225952 -0.419327   1.49256
 0.811429  0.225171 -0.419473   1.49559
 0.810656  0.225645 -0.419032   1.49382
 0.806916  0.224521 -0.419305   1.48781
  0.80309  0.225016 -0.419508   1.48175
 0.806416  0.221405 -0.422066   1.48766
 0.805771  0.223587 -0.419763   1.48566
  0.81263  0.222255 -0.418922   1.49721
 0.810703  0.218472 -0.421917   1.49487
 0.816437   0.21702 -0.414883   1.50215
 0.813323  0.217704 -0.418178   1.49721
 0.808481  0.224306 -0.419595   1.49037
 0.808759  0.220464 -0.420678   1.49058
 0.811051  0.222874 -0.419491   1.49425
 0.809469  0.223096 -0.420574   1.49266
  0.9343 0.160069 0.286224  1.69056
  0.976967 -0.0858787  0.0715308    1.76628
 0.959394 -0.116897  0.155742   1.73769
 0.966496 -0.062611  0.143299   1.74266
 0.965352 -0.075338  0.148371   1.74604
 0.928286 -0.102516  0.255492   1.68446
  0.892826 -0.0442943    0.32472    1.61927
  0.931076 -0.0492085   0.272731    1.68534
  0.921187 -0.0753165   0.316824    1.68564
  0.959957 -0.0259472   0.193098    1.73133
  0.947953 -0.0248866   0.230299    1.70984
  0.954415 0.00311348   0.205514    1.71802
  0.953955 -0.0135932   0.225898    1.72317
0.945637 -0.09678 0.240726  1.72231
  0.943769 -0.0501264   0.263435    1.71345
  0.959257 -0.0430625   0.206858    1.73591
 0.950643 -0.070789  0.213291   1.71861
0.869317 0.212548 0.317427  1.58401
0.875038 0.220667 0.316916  1.59445
0.877853 0.212213 0.321262  1.60053
0.873999 0.215474  0.31869  1.59181
0.881575 0.224555 0.311111  1.60548
0.887454 0.208521 0.318537   1.6174
0.881036 0.212801 0.318431  1.60426
0.880176 0.217519 0.313514  1.60171
0.871732 0.141783 0.334259  1.58391
 0.87458 0.150084   0.3298  1.58989
0.880745 0.151405 0.343307  1.60492
0.876381 0.147786 0.332683  1.59474
0.875033 0.158256 0.328491  1.59148
0.873965 0.167049 0.328084  1.59009
0.881025 0.169575 0.337253  1.60572
0.876427 0.165297 0.328816  1.59574
0.886831 0.156979 0.343544  1.61616
0.887026 0.165558 0.338501  1.61588
0.893767 0.155155 0.335665  1.62687
0.888529 0.159808 0.342539  1.61982
0.877029 0.156562 0.329666  1.59624
0.883008 0.166252 0.339707  1.61048
0.883105 0.156806  0.34288  1.61075
0.881303 0.160731 0.339678   1.6062
 0.761106  0.156652 -0.459053   1.40511
  0.76126  0.156564 -0.459028    1.4054
 0.761589   0.15682 -0.459679   1.40634
 0.760907  0.155937 -0.459889   1.40494
 0.760882  0.156108 -0.460002   1.40497
 0.760928  0.155869 -0.459731    1.4049
 0.760828  0.156627 -0.460001   1.40497
 0.760871   0.15581 -0.459775   1.40479
 0.767802  0.157863 -0.456413     1.417
0.760812 0.155944 -0.45991  1.40475
 0.745033  0.130866 -0.451177   1.36441
 0.746646   0.12951 -0.450811   1.36733
 0.743099  0.129552 -0.449015   1.35873
0.740896 0.129129  -0.4464  1.35218
 0.742326  0.127286 -0.445949   1.35459
 0.742568  0.128205 -0.446487   1.35558
 0.746158  0.126079 -0.447806    1.3638
 0.743788  0.125504 -0.445248   1.35694
 0.745432  0.123588 -0.444392   1.35956
 0.745628  0.124652 -0.445112   1.36057
 0.744162  0.129247 -0.448761   1.36074
 0.743979  0.126484 -0.445889   1.35788
 0.745765  0.127369 -0.448264   1.36348
 0.744455  0.127787 -0.448303   1.36082
 0.760855  0.156352 -0.460045   1.40498
 0.762402   0.15535 -0.458443    1.4071
 0.765643  0.156861 -0.458746   1.41372
  0.76683  0.156007 -0.459932   1.41647
 0.769185  0.154906 -0.460223   1.42099
 0.767644  0.122092 -0.439452    1.4037
 0.763596  0.117895 -0.437566   1.39346
 0.767767  0.115924 -0.433392   1.39971
 0.766567  0.118655 -0.435536   1.39877
 0.761053  0.114613 -0.437412   1.38736
  0.75693  0.113049 -0.436218   1.37745
 0.760395  0.110691 -0.433288   1.38281
 0.760289  0.112362 -0.434986   1.38379
 0.769006  0.110278 -0.429405   1.39923
 0.764198  0.108321 -0.429607   1.38854
 0.768705  0.105631 -0.425161    1.3954
  0.76837  0.107958 -0.427646   1.39635
 0.763232   0.11544 -0.435592    1.3911
 0.763973  0.110269 -0.431711    1.3895
 0.767495  0.113468 -0.431643   1.39769
 0.764703  0.112562 -0.433692   1.39273
 0.760608  0.155893 -0.459797   1.40428
 0.763407  0.152697 -0.453855   1.40673
 0.772878  0.147834 -0.446651   1.42143
  0.77642  0.124554 -0.428466   1.41671
 0.774584  0.132816 -0.435738   1.41768
 0.770238  0.125387 -0.437525   1.40836
 0.774929  0.129082 -0.435129   1.41769
0.764601 0.130286 -0.44759  1.40237
 0.778639  0.136811 -0.434088   1.42619
 0.781125  0.127786 -0.426567   1.42637
 0.784427  0.137052 -0.423449   1.43337
 0.780642  0.131762 -0.424349    1.4247
  0.76758  0.152248 -0.460836   1.41743
 0.760837  0.156949 -0.459158   1.40468
 0.760844  0.157104 -0.459316   1.40478
0.762113 0.156322 -0.45674  1.40596
 0.761646  0.157285 -0.459953    1.4066
0.764391 0.158471 -0.45834   1.4114
  0.76238   0.15721 -0.455408   1.40605
 0.762099  0.155654 -0.458654   1.40659
0.736129 0.152554 -0.46012  1.35567
 0.760761   0.15618 -0.459995   1.40473
 0.766979   0.16039 -0.456725   1.41599
  0.76189  0.156493 -0.459961   1.40692
 0.763659  0.156291 -0.455036   1.40827
 0.761571  0.156584 -0.459676   1.40625
 0.75899 0.160931 -0.44325  1.39463
 0.761224  0.156314 -0.459024   1.40527
 0.760652  0.156488 -0.460137   1.40462
 0.761154  0.156283 -0.459056   1.40517
 0.762123  0.156272 -0.460065    1.4074
 0.761012  0.155821 -0.459159   1.40483
 0.760942  0.155916 -0.459555   1.40486
 0.760837  0.155608 -0.459416   1.40455
 0.760943  0.156069 -0.459393   1.40482
0.761055 0.156024 -0.45905   1.4049
 0.761017  0.156123 -0.459333   1.40497
 0.788377  0.141449 -0.410383   1.43625
 0.794095  0.140455 -0.401881   1.44441
 0.788725  0.149674 -0.404029   1.43548
 0.789976  0.142024 -0.403775    1.4366
 0.802912  0.137099 -0.387155   1.45644
 0.818539  0.139106 -0.365822   1.48292
 0.800372  0.154028 -0.380851   1.45163
  0.80466  0.141223 -0.376806   1.45714
 0.787397  0.155901 -0.398655    1.4315
 0.791427    0.1609 -0.391106   1.43786
 0.784955  0.166535 -0.399588   1.42861
 0.787802  0.159447 -0.396228   1.43219
   0.7957  0.139707 -0.391144   1.44282
 0.794858  0.152844 -0.387736   1.44251
0.789439 0.149661 -0.39686  1.43379
0.794217 0.149246 -0.39231  1.44199
 0.785289   0.14474 -0.409256   1.42953
 0.785078  0.148854 -0.409766   1.43025
 0.783129  0.156063 -0.401146   1.42348
 0.781298  0.162568 -0.405174   1.42285
 0.779524  0.153459 -0.418818   1.42375
 0.781682  0.155886 -0.410178   1.42456
 0.735992  0.142733 -0.454291    1.3498
 0.737298  0.141247 -0.453959   1.35201
    0.734  0.142082 -0.451454   1.34364
 0.731746  0.142053 -0.448633   1.33684
 0.732971  0.140287 -0.448561     1.339
 0.733437  0.140992 -0.448876   1.34029
 0.736033  0.138569 -0.451206     1.347
 0.734045  0.138698 -0.448401   1.34083
 0.735068  0.137079 -0.448268   1.34257
 0.735533  0.137738 -0.448559   1.34383
 0.735103  0.141492 -0.451486   1.34582
  0.73447  0.139362 -0.448733   1.34204
  0.73618  0.139485 -0.451519   1.34769
 0.73495 0.140293 -0.45117  1.34507
 0.729439  0.158913 -0.453439   1.33919
 0.729129  0.163506 -0.451393    1.3383
 0.727152  0.158753 -0.449511   1.33174
 0.726833  0.161197 -0.448448   1.33092
 0.725361  0.159411 -0.447222   1.32628
0.725984 0.159813 -0.44854  1.32892
0.727619 0.161708 -0.45122  1.33465
 0.728368  0.160298 -0.451272    1.3359
 0.764457  0.161978 -0.453209   1.40986
 0.770302  0.156743 -0.454893   1.42129
 0.762759  0.154012 -0.455897   1.40653
 0.749374  0.132586 -0.453319   1.37502
 0.753386  0.129853 -0.452389    1.3824
  0.76065  0.156849 -0.460222   1.40472
 0.764842  0.152805 -0.456429   1.41064
 0.760687  0.157121 -0.460147   1.40481
 0.766663  0.160054 -0.452374    1.4136
 0.762903  0.156576 -0.455204    1.4069
 0.760765  0.157259 -0.459936   1.40491
  0.76204  0.155914 -0.455167   1.40507
 0.761729  0.156463 -0.457362   1.40548
0.761219 0.156978 -0.45807  1.40487
 0.760565  0.156987 -0.460161   1.40453
 0.761868  0.156978 -0.458917    1.4065
 0.760979  0.157248 -0.459534   1.40517
 0.761357  0.157102 -0.459657   1.40592
0.761706  0.15656  -0.4553  1.40458
 0.761181  0.157173 -0.459532   1.40554
 0.761201  0.157409 -0.459624   1.40558
  0.76091  0.156942 -0.459123   1.40481
0.761057  0.15723 -0.45958  1.40533
 0.959958  0.143733 0.0713065   1.72806
 0.966695  0.138057 0.0363286   1.74297
 0.965857  0.139357 0.0640494   1.73788
 0.963705  0.149547 0.0652976    1.7379
  0.977215   0.100538 0.00205669    1.76553
   0.980465   0.0293929 -0.00216269     1.77072
 0.976498 0.0918938 0.0465429   1.75782
 0.976962 0.0561305 0.0419997   1.75998
 0.969016  0.128262 0.0694002   1.74228
 0.972195  0.109991 0.0641803   1.74765
   0.969 0.129517 0.084275  1.74254
 0.970046  0.117446 0.0787555    1.7439
 0.969489  0.125174 0.0415555   1.74838
 0.972605  0.101447 0.0604221   1.74886
 0.968235  0.131233 0.0680258   1.74237
 0.971123  0.120786 0.0437814   1.74752
 0.862349  0.359469 0.0877263   1.55898
0.869938 0.345654 0.120573  1.57438
0.852815 0.364409 0.103463  1.54181
 0.85786 0.354759 0.120514   1.5515
0.846955 0.367151 0.120367  1.53334
0.851777 0.356684 0.114099  1.53756
0.861919  0.34959 0.116121  1.55703
0.860907 0.351298 0.100074  1.55362
  0.806899    0.41216 -0.0939877    1.46423
0.815283 0.393172 -0.11315  1.47505
   0.82717   0.391733 -0.0852212    1.49706
   0.81457   0.392123 -0.0950063    1.47019
0.827975 0.373012  -0.1302  1.49742
  0.849141   0.370052 -0.0804481    1.53691
  0.831432   0.379855 -0.0902981    1.50198
 0.825948  0.373004 -0.107661   1.48891
  0.867053   0.337196 -0.0741299    1.56278
 0.960776   0.12983 0.0341049   1.72204
0.960496 0.135903 0.038914  1.72142
 0.960275    0.1359 0.0315368   1.72042
 0.960519  0.137213 0.0357806   1.72169
 0.959007  0.139678 0.0251403   1.71628
 0.959041  0.145713 0.0333157   1.71785
0.959375  0.14677 0.042512  1.71906
  0.950622   0.135901 -0.0992765    1.70079
  0.953038   0.150836 -0.0768356    1.70645
  0.95933  0.140424 0.0222075   1.71762
 0.959643  0.138473 0.0244628   1.71803
 0.960284  0.133768 0.0185312   1.72012
 0.960883  0.129401 0.0164354   1.72154
  0.96089  0.129592 0.0217168   1.72175
 0.960534  0.128708 0.0178221   1.72059
 0.960428   0.13638 0.0298201   1.72097
 0.961025  0.130297 0.0272159   1.72239
  0.96116  0.130627 0.0326199   1.72306
 0.960637  0.129833 0.0282926   1.72139
 0.960207  0.133433 0.0197306   1.71979
 0.960531  0.129482 0.0224512   1.72086
 0.959991  0.135214 0.0231562    1.7195
 0.960389  0.133847 0.0232237   1.72047
  0.96044  0.128203 0.0123766   1.72013
 0.960031  0.133127 0.0156299   1.71922
  0.959827   0.132193 0.00834252    1.71842
 0.960093  0.134123 0.0128873   1.71958
   0.958499     0.13369 -0.00017695     1.71448
  0.958527   0.140999 0.00919375    1.71572
 0.958862  0.142039 0.0175936    1.7167
   0.960367    0.123631 -0.00973053     1.71912
   0.959983    0.126955 -0.00722701     1.71824
  0.959879   0.124507 -0.0137201    1.71765
  0.960073    0.12756 -0.0102396    1.71864
 0.959227  0.131464 -0.013933   1.71605
  0.958947   0.128996 -0.0144642    1.71559
   0.959126    0.132602 -0.00724917     1.71639
 0.958789  0.153771 0.0608561   1.71731
  0.958801    0.13491 -0.0211254    1.71587
  0.959432   0.133227 -0.0164404    1.71702
 0.959821  0.125067 -0.024867   1.71784
   0.96051   0.121799 -0.0276539    1.71947
  0.960645   0.122173 -0.0223276    1.71975
  0.960147   0.121024 -0.0242209    1.71837
 0.960075   0.12466 -0.015456   1.71825
 0.960696  0.122702 -0.017082   1.71988
  0.960739   0.124273 -0.0117908    1.72016
  0.960325   0.122099 -0.0150801    1.71884
  0.959778   0.124251 -0.0208266    1.71746
   0.96029   0.121238 -0.0194612    1.71868
  0.959924   0.123613 -0.0172121    1.71768
  0.960028   0.124548 -0.0198098    1.71819
  0.959991   0.120322 -0.0296016      1.718
  0.959536   0.124686 -0.0258112    1.71701
  0.959381   0.123141 -0.0322061    1.71655
  0.959619   0.124691 -0.0306462    1.71742
  0.958296   0.127419 -0.0351049    1.71394
  0.958196    0.12936 -0.0337628    1.71411
  0.958336   0.134092 -0.0271402    1.71482
  0.959558     0.1153 -0.0520586    1.71715
  0.958996   0.120694 -0.0480916    1.71597
  0.958752   0.118383 -0.0544416    1.71533
  0.959087   0.118921 -0.0539112    1.71634
  0.957703   0.129379 -0.0554296    1.71358
  0.957715   0.119982 -0.0546793    1.71278
  0.957781    0.12661 -0.0502952    1.71353
 0.957775  0.151379 0.0333143   1.71356
  0.956772   0.124293 -0.0714538    1.71184
  0.957532   0.129232 -0.0635551    1.71374
  0.958068   0.116804 -0.0752881    1.71484
  0.959591   0.110982 -0.0795398    1.71858
  0.959972   0.111309 -0.0713725    1.71892
  0.958795   0.111462 -0.0725511    1.71606
  0.958826   0.116496 -0.0598656    1.71566
  0.960101   0.112477 -0.0638429    1.71886
  0.960156   0.114515 -0.0570744    1.71884
  0.959411   0.113368 -0.0583602    1.71688
  0.958005    0.11836 -0.0678965    1.71424
  0.959192   0.112087 -0.0650113    1.71659
  0.958561   0.118694 -0.0593924    1.71515
  0.958519    0.11709 -0.0676266    1.71547
 0.951334  0.190967 0.0216424   1.70312
 0.951052  0.152184 -0.125757   1.70887
0.942822  0.15255 -0.15729  1.69394
 0.950148   0.13337 -0.134856   1.70465
 0.946361  0.136667 -0.151792   1.69875
 0.949005  0.123378 -0.149351   1.70265
  0.94812  0.126857 -0.149917   1.70118
 0.944769  0.141744 -0.155111    1.6965
 0.948017  0.150612 -0.145932    1.7043
 0.954754  0.168233 0.0747833   1.70927
0.938687 0.136754  -0.1924   1.6876
 0.939148  0.142408 -0.183727   1.68802
 0.937004  0.145353 -0.191481   1.68495
 0.938326  0.137836 -0.190101   1.68663
 0.934706  0.171653 -0.193735   1.68556
 0.937001  0.143744 -0.183301   1.68323
 0.937459  0.145901 -0.182373   1.68449
  0.957257   0.143007 -0.0366347    1.71289
 0.786223  0.383781 -0.204803   1.42734
 0.794097  0.364518 -0.215665   1.43779
 0.804161  0.369656 -0.193115   1.45609
 0.792883   0.36733 -0.201457   1.43231
 0.805796  0.348765 -0.228361   1.46114
 0.823592  0.356315 -0.188103   1.49308
 0.808274  0.360641 -0.197627   1.46291
 0.803421   0.35305 -0.208795   1.45182
  0.874637   0.341913 -0.0120927     1.5759
 0.780679  0.317686 -0.302179   1.41954
 0.799899  0.327571 -0.270874   1.45352
 0.772043  0.328981 -0.293078   1.40084
0.781961 0.335293 -0.27575  1.41824
 0.766486  0.344258 -0.286943    1.3935
  0.77145  0.332523 -0.282328   1.39675
 0.784772  0.329053 -0.280406   1.42422
 0.779075  0.323046 -0.287835   1.41216
  0.948442   0.170901 -0.0967595    1.70156
 0.925294  0.230407 -0.136459   1.66466
  0.90916  0.172141 -0.274032   1.64432
 0.910215  0.178549 -0.264607   1.64599
 0.906631  0.182848 -0.273362   1.64134
 0.908557  0.174103 -0.271029   1.64309
 0.903664   0.20618 -0.275305   1.64202
 0.906515  0.183194 -0.266672   1.63996
 0.907408  0.185573 -0.265381   1.64219
 0.749201  0.304495 -0.343753   1.36425
 0.754357  0.292929 -0.346059   1.37168
0.761343 0.300461 -0.33412  1.38377
 0.753046  0.296596 -0.338838   1.36678
 0.761972  0.285449 -0.352043   1.38904
 0.775449  0.298482 -0.330658   1.41276
0.763721 0.296578 -0.33731  1.38963
 0.760307  0.290793 -0.342286   1.38244
0.921254 0.211552  -0.1934  1.66257
 0.870376  0.220721 -0.330683   1.58836
 0.876802  0.223886 -0.323772   1.60138
 0.869522  0.212432 -0.339455   1.58594
 0.869665  0.207577 -0.347247   1.58667
 0.875824  0.202537 -0.338077   1.59585
 0.871103  0.207881 -0.340929   1.58748
 0.882813  0.199943 -0.317767   1.60492
 0.881613  0.197137 -0.328911   1.60433
 0.887096  0.191121 -0.319761   1.61216
 0.883563  0.197776 -0.322637   1.60664
 0.872439  0.215368 -0.332066   1.59054
 0.877431  0.202969 -0.331802   1.59721
 0.880946  0.210161 -0.319597   1.60384
  0.87593  0.206974 -0.329355    1.5951
0.737979 0.268711 -0.38043  1.34536
  0.74287  0.260154 -0.380957   1.35316
0.747358 0.267391 -0.37287  1.36075
 0.741085  0.263501 -0.376065   1.34786
 0.749786   0.25545 -0.386003   1.36976
 0.758565  0.268459 -0.371094   1.38495
 0.749453  0.265266 -0.375537   1.36666
0.747932 0.260179 -0.37867  1.36332
  0.75717  0.340151 -0.291711   1.37366
 0.752119  0.330461 -0.307264   1.36506
 0.765825  0.324973 -0.297515   1.38755
 0.76055 0.335114 -0.30332  1.38332
 0.748268  0.320202 -0.321638   1.35871
 0.744838  0.310045 -0.334526   1.35306
 0.757843  0.306293 -0.324627   1.37438
 0.752699  0.314685 -0.331268   1.37003
 0.772471  0.315058 -0.307065   1.40256
 0.772088  0.306561 -0.312318   1.40059
  0.75651  0.324897 -0.318016   1.37653
 0.763464  0.311334 -0.320629   1.38664
 0.768672   0.31998 -0.307671   1.39572
 0.761257  0.315587 -0.312541   1.38007
 0.846485   0.22853 -0.363787    1.5499
 0.850958  0.230426 -0.359162   1.55853
0.846246 0.223674 -0.37189     1.55
 0.846834   0.22031 -0.377581   1.55141
 0.852313  0.217319 -0.370546   1.55975
 0.847747  0.220377 -0.372882   1.55135
 0.857126  0.218715 -0.357532   1.56691
 0.857868  0.214575 -0.363359   1.56841
 0.863566  0.210983 -0.355616   1.57708
 0.858791  0.214732 -0.358233   1.56834
 0.848328  0.225422 -0.366739   1.55295
0.853052 0.217475 -0.36591  1.55941
 0.854068  0.222648 -0.358849   1.56157
 0.851592  0.220675 -0.365014   1.55804
 0.812341  0.233634 -0.402075   1.49464
 0.817806  0.231882 -0.404154    1.5051
 0.822755   0.22854 -0.403168   1.51271
 0.823173  0.231896 -0.397948   1.51349
   0.8212  0.230469 -0.402443   1.51093
 0.823205  0.236844 -0.391282   1.51328
 0.815444  0.234025 -0.402129   1.50059
 0.820861  0.236582 -0.397419   1.51086
 0.864127  0.241169 -0.302096   1.57066
 0.806676  0.225978 -0.417817   1.48692
 0.803268  0.227518 -0.416614   1.48131
 0.804408  0.226501 -0.415265   1.48192
  0.80918  0.226916 -0.418015    1.4917
  0.81127  0.227211 -0.417636   1.49479
 0.809513  0.228479 -0.415663   1.49181
 0.810285  0.227421 -0.417464    1.4939
 0.806312  0.230171 -0.410375   1.48458
 0.808167  0.227512 -0.417891   1.49003
 0.807082  0.228707 -0.412958   1.48714
 0.808897  0.228771 -0.416008     1.491
  0.74152  0.300406 -0.346858   1.34798
 0.738204  0.291349 -0.357022   1.34242
 0.749264   0.28899 -0.349174   1.36089
 0.745145  0.295562 -0.354544   1.35733
0.735848 0.282216 -0.36623  1.33861
 0.733941  0.273499 -0.374428    1.3356
 0.744174  0.272106 -0.366913   1.35274
 0.740151  0.277328 -0.372478    1.3489
 0.755091    0.2822 -0.355547   1.37478
  0.75551  0.275364 -0.358714   1.37474
 0.742488  0.286315 -0.364032   1.35287
 0.748595  0.276511 -0.364261   1.36231
 0.752048  0.284672 -0.355719   1.36826
0.746224 0.280296 -0.35906  1.35599
0.938052 0.160699 0.213348  1.69266
 0.92954 0.148497 0.198389  1.68663
0.925768  0.14166 0.211156  1.68219
0.902524 0.239314 0.288419  1.63994
  0.9114 0.217858    0.246  1.64995
 0.811255 -0.160709  0.151152    1.4948
0.897404 0.158097 0.234403  1.61827
0.893508 0.167467 0.334385  1.62471
0.909775  0.18832 0.257734  1.65021
0.932157 0.166693 0.278981  1.68935
0.906878 0.189754 0.229548  1.63921
 0.93384 0.168362 0.288857   1.6913
0.934528 0.165127 0.293075  1.69206
0.861336 0.274378 0.260254  1.56295
0.860726 0.280986 0.251891  1.56105
0.867551 0.278565 0.253122  1.57373
0.863543 0.280143 0.255577  1.56836
0.860121 0.287716 0.243053  1.55923
0.859282 0.294358 0.233586  1.55683
0.866663 0.290165 0.234232  1.57025
0.862387 0.293627 0.237682  1.56487
0.873623 0.279542  0.24618   1.5839
0.874759 0.282341 0.236947    1.585
0.863073 0.286883 0.246775  1.56683
 0.86859  0.28894 0.239844  1.57565
 0.8693 0.28337 0.24874 1.57807
 0.86687 0.284912 0.243782  1.57172
0.933002 0.147806 0.278616  1.68812
 0.92877 0.165142 0.306346  1.68345
0.932095 0.130028 0.269267  1.68608
0.934857 0.170909 0.282561  1.69457
0.931348 0.119649 0.284965   1.6884
  0.9281 0.166242 0.286989  1.67974
 0.937987 0.0722464  0.251982   1.69258
0.949954 0.029748 0.237486  1.71598
 0.942862 0.0462409  0.250466   1.70224
  0.94376 0.0422139  0.255681     1.706
 0.933806 0.0555627  0.275802   1.68839
 0.930315 0.0624548  0.279704   1.68161
 0.938897 0.0628746  0.268753   1.69906
0.935388 0.162336 0.281686   1.6923
0.876209 0.278548 0.250989  1.59066
0.878518 0.267492 0.266858  1.59724
0.869444 0.277185 0.257578  1.57882
0.870818 0.270363 0.265607  1.58244
0.864207 0.273341 0.263731  1.57031
0.867915 0.272376 0.261175  1.57521
0.874251 0.269734 0.263463  1.58748
 0.87447 0.273418 0.255386  1.58681
 0.929479 0.0797389  0.296769   1.68639
 0.933118 0.0959761  0.277926   1.69045
 0.927082 0.0936986  0.283659   1.67744
0.935096   0.1998 0.251413  1.68532
0.927706 0.195172 0.259159  1.66759
0.927959 0.156136 0.258381  1.68094
0.923096 0.147699 0.220569  1.67558
0.932215 0.167982 0.294228  1.68799
 0.92863 0.166903 0.282869  1.68094
0.931857 0.159158 0.258653  1.69003
0.906653 0.177555 0.286592  1.62946
0.908131 0.181559 0.230265  1.64463
0.928057 0.157482   0.2999  1.68133
 0.92825 0.139185 0.223167  1.68165
0.932687 0.169631 0.289515  1.68862
 0.92706 0.137373 0.209144  1.68522
0.918222 0.179598 0.316731  1.66777
0.933538 0.143961 0.194484  1.69499
0.904214 0.173418 0.267523  1.62774
0.937832 0.154469 0.175331  1.69778
0.933217 0.158701 0.258339   1.6935
0.94024 0.13276 0.14738  1.7103
0.928263  0.20724 0.112104  1.66035
0.930654 0.146285 0.263073  1.69179
 0.94278 0.189979 0.167256  1.69019
0.941321 0.154455 0.172704   1.7041
0.947318 0.162622  0.17481  1.70199
0.875591 0.254767 0.280466  1.59072
0.876568 0.257975 0.272689  1.59157
0.869618  0.25253 0.286361  1.58068
0.863135  0.24641 0.291259  1.56906
0.862522 0.253603 0.284273  1.56725
0.865238 0.252401 0.287456  1.57423
 0.86881 0.264881 0.270284  1.57751
0.862055 0.260652  0.27668  1.56569
0.861641 0.267273 0.268569  1.56409
0.864437 0.266271 0.272339  1.57142
0.871271  0.25736 0.282759  1.58476
0.864841 0.259518 0.280098  1.57289
0.870557  0.26325 0.275299  1.58241
0.868886 0.259331 0.278414  1.57865
0.875232 0.174961 0.328359  1.59423
0.881353 0.185394 0.334635  1.60732
0.882307  0.17515 0.336993  1.60949
0.879908 0.178764 0.334638  1.60386
0.888051 0.186707 0.330465  1.61781
0.893891 0.168448 0.336199  1.62993
0.888789  0.17138 0.338337  1.62025
0.886966 0.174394 0.335897  1.61582
0.887578 0.182919 0.332177  1.61766
0.872443 0.176741 0.327814  1.58792
 0.87066 0.186515 0.326669  1.58496
0.878955 0.188359 0.332845  1.60182
0.873671 0.184629 0.327557  1.59187
0.868861 0.195968 0.324014  1.58167
0.867342 0.205193 0.320062  1.57872
0.876346 0.205358 0.323934  1.59632
0.870623 0.203155 0.321968  1.58653
0.885195 0.190023 0.327261  1.61088
0.886258 0.195654  0.32134  1.61252
0.872058 0.193968 0.325501  1.58917
0.878727 0.202114 0.327529   1.6021
0.880011 0.193847 0.331948  1.60505
0.877358 0.197225 0.329024  1.59878
0.929578 0.143666 0.288705   1.6831
0.887955 0.280139 0.236894  1.61216
0.932065  0.15766 0.292672  1.68711
0.897391 0.174388  0.27913  1.60869
0.924748 0.140732  0.29954  1.67614
0.901557 0.183742 0.281341  1.61587
0.935832 0.162957 0.281109  1.69373
0.930403 0.165981 0.282407   1.6848
0.914325 0.192988 0.271424  1.64227
 0.92705 0.156226 0.260821  1.67816
0.922552 0.142657 0.233402   1.6698
0.918105 0.149476 0.237856  1.66349
0.902389 0.181997 0.285836   1.6175
0.923882 0.143845 0.228324  1.67313
0.932385 0.185954 0.251805  1.67768
0.926257 0.158334 0.214516  1.68011
0.924945 0.156412 0.260934  1.67373
0.932231  0.17048 0.230255  1.68436
0.919992  0.15877 0.239424  1.66603
0.936506 0.190881 0.243238  1.68446
0.927682 0.176121 0.234431  1.67432
 0.761939  0.120833 -0.439775   1.39165
 0.763438  0.123776 -0.441905   1.39639
  0.75595  0.124009 -0.444792   1.38236
0.759865 0.117079 -0.43869  1.38594
 0.756251  0.119096 -0.441711   1.38033
  0.75687  0.114643 -0.437748   1.37843
 0.757519  0.116675 -0.440265    1.3818
 0.757347  0.121798 -0.442339   1.38353
 0.760577  0.120102 -0.441055   1.38937
 0.770609  0.143892 -0.455538   1.42044
 0.751766  0.126167 -0.448315   1.37598
 0.747433  0.129705 -0.450248   1.36867
  0.74966  0.123894 -0.446238   1.36986
 0.747268   0.12608 -0.447257    1.3658
 0.747429  0.122786 -0.444104   1.36345
 0.747969  0.124288 -0.446503   1.36651
 0.748084  0.127765 -0.448703   1.36876
 0.750522  0.126017 -0.448146   1.37325
 0.766073  0.154596 -0.460189   1.41474
0.770446 0.131514  -0.4454  1.41374
 0.771201  0.136072 -0.442743   1.41465
 0.740111  0.137259 -0.451939    1.3558
 0.740898  0.135895 -0.452212   1.35735
 0.737895  0.135721 -0.450122   1.34962
  0.73604  0.135552 -0.447909   1.34408
  0.73726  0.133964 -0.447512   1.34609
  0.73752  0.134786 -0.447924   1.34703
 0.740166  0.132883 -0.449991   1.35378
 0.738478  0.132376 -0.447261   1.34821
 0.739595  0.130775 -0.446958   1.35008
 0.739775  0.131628 -0.447413   1.35088
 0.738916  0.135318 -0.450043   1.35162
 0.738663   0.13317 -0.447659   1.34897
 0.739877   0.13388 -0.450223    1.3535
 0.73902 0.134282 -0.44989  1.35155
 0.736419   0.13632 -0.448299   1.34525
 0.737871  0.136765 -0.450459   1.34998
    0.737    0.1381 -0.451154   1.34888
 0.736815  0.137028 -0.450679   1.34797
 0.738221  0.140334 -0.454449   1.35405
 0.737905   0.13888 -0.453154   1.35228
 0.738944  0.138324 -0.452377   1.35385
 0.773719  0.158493 -0.437123   1.42125
 0.735999  0.143933 -0.454967   1.35048
 0.733779  0.147748 -0.454744   1.34654
 0.733964   0.14308 -0.451718   1.34393
0.732669 0.145089  -0.4516  1.34156
 0.732161  0.142829 -0.449026   1.33808
 0.732625  0.143826 -0.451288   1.34101
 0.733394  0.146102 -0.453924   1.34488
 0.734908  0.144747 -0.453647   1.34756
0.779617 0.173375 -0.41035  1.42288
 0.776092  0.161036 -0.420363    1.4187
 0.776768  0.165453 -0.418663   1.41963
 0.732041  0.150951 -0.454975   1.34377
 0.730654  0.155102 -0.453959   1.34117
0.729897  0.15036 -0.45143  1.33682
 0.729007  0.152572 -0.450896   1.33508
 0.728087  0.150474 -0.448944   1.33111
  0.72862  0.151238 -0.450769   1.33392
 0.729766  0.153372 -0.453433   1.33861
 0.730963  0.152013 -0.453303   1.34071
 0.789382  0.192579 -0.449114   1.45934
 0.791078  0.194347 -0.451767   1.46361
 0.790193  0.200651 -0.447452   1.46245
 0.789593  0.202008 -0.443063    1.4599
  0.78409  0.193778 -0.454687   1.45168
0.787817 0.198387 -0.45219  1.45927
 0.728489  0.168054 -0.449953   1.33715
  0.72926  0.173154 -0.446824   1.33797
 0.726033  0.168352 -0.445657   1.32918
 0.726285   0.17102 -0.444051   1.32927
 0.724257  0.169597 -0.443591   1.32401
  0.72498  0.169593 -0.444364   1.32644
 0.727105  0.171266 -0.447014   1.33316
0.727419 0.169774 -0.44725  1.33361
0.769194 0.159039 -0.44227  1.41436
 0.727498   0.17723 -0.444616   1.33397
 0.728095  0.175431 -0.444747   1.33484
 0.725232  0.178042 -0.440215   1.32643
 0.722505  0.179973 -0.438447   1.31969
  0.72262  0.176903 -0.439913   1.32009
 0.724226  0.178096 -0.439765   1.32357
 0.725214  0.172354 -0.443191   1.32687
 0.722686     0.174 -0.441212   1.32034
 0.722823   0.17117 -0.442511   1.32076
0.724299 0.172266 -0.44238  1.32396
 0.726447  0.176543 -0.441245   1.32918
   0.7242  0.175174 -0.441114   1.32365
 0.726179  0.173627 -0.442963   1.32902
 0.725045  0.175047 -0.441614   1.32616
 0.735315   0.14988 -0.459122   1.35284
0.737901 0.147217 -0.45872   1.3574
 0.722625   0.19462 -0.431208   1.31924
 0.722436  0.190611 -0.433334   1.31909
 0.726096  0.191522 -0.432584   1.32693
 0.724695  0.192198 -0.433041   1.32395
 0.722395  0.186873 -0.435177   1.31918
 0.722362  0.183243 -0.436942   1.31927
 0.725561  0.184324 -0.436675   1.32646
 0.724336  0.184696 -0.436731   1.32354
 0.728866  0.189942 -0.437321   1.33551
 0.729333  0.187699 -0.437577   1.33605
  0.72444  0.188369 -0.434955    1.3236
 0.726902  0.185929 -0.436294   1.32941
 0.727551  0.189557 -0.434028   1.33027
 0.725586    0.1877 -0.434631    1.3261
  0.7332 0.168106 -0.45677  1.35115
 0.796289   0.22582 -0.416928   1.46759
 0.785002   0.22584 -0.410737   1.44154
 0.787887  0.229812 -0.409714   1.44795
 0.734357  0.177723 -0.452037   1.35298
 0.736032    0.1992 -0.437407   1.35318
 0.734632  0.195071 -0.438618   1.34995
 0.732686  0.206225 -0.426908   1.34158
 0.733032  0.203352 -0.427361   1.34178
  0.72912  0.208632 -0.421317   1.33109
 0.724607  0.213113 -0.420225   1.32186
 0.724013   0.20822 -0.423335   1.32109
   0.7271  0.210098 -0.422747    1.3276
 0.727589  0.199559 -0.427335   1.32897
 0.723409  0.203459 -0.426144   1.32019
 0.723075  0.198883 -0.428806   1.31985
 0.725824  0.200636 -0.428317   1.32566
 0.730866  0.206101 -0.423355   1.33516
 0.726348  0.205365 -0.425661   1.32645
 0.729601  0.201543 -0.426636   1.33326
  0.72806  0.203849 -0.424378   1.32934
 0.745121  0.204661 -0.434856   1.37206
0.737725 0.226683 -0.41124  1.34904
  0.73846  0.222778 -0.412126   1.34991
 0.733232  0.229593 -0.405571   1.33665
 0.727251  0.235705 -0.405015   1.32538
  0.72662  0.229569 -0.409244   1.32457
 0.730608  0.232018 -0.408413   1.33306
 0.731408  0.218504 -0.413824   1.33426
 0.726031  0.223808 -0.413096    1.3238
 0.725361    0.2183 -0.416805   1.32293
 0.728964  0.220417 -0.416042   1.33051
 0.735495  0.226526 -0.408489   1.34203
 0.729762  0.226078 -0.412343   1.33172
 0.733936  0.220988 -0.412778   1.33965
 0.732028  0.223712 -0.409946    1.3348
 0.813576  0.261194 -0.353397    1.4872
 0.770691  0.242604 -0.392498   1.41041
 0.841963  0.244708 -0.341905   1.53727
 0.797003  0.243663 -0.384414   1.46011
0.884845 0.236967 -0.27261  1.60679
 0.802214  0.270999 -0.348048   1.46719
 0.796519  0.346737 -0.234778   1.44156
 0.796246  0.335975 -0.243494   1.43924
 0.787378  0.360241 -0.221815    1.4229
0.775852 0.379713 -0.21115   1.4046
 0.770764  0.370502 -0.232854   1.39573
 0.780294  0.375287 -0.227325    1.4169
 0.778149  0.341867 -0.261032   1.40743
0.766457 0.360374 -0.25367  1.38858
0.761965 0.350042 -0.27294  1.38111
 0.771325  0.354806 -0.267985   1.40153
 0.790983  0.355341 -0.236524   1.43313
0.776028 0.365132 -0.24838  1.40961
 0.784765   0.34713 -0.255249   1.42212
 0.782345  0.351318 -0.243248   1.41461
 0.904038  0.226217 -0.234222    1.6365
 0.795184  0.410096 -0.102196    1.4384
 0.788228  0.405496 -0.131523   1.42565
 0.807689  0.389726 -0.121553   1.45782
 0.799178  0.409871 -0.123699   1.45055
 0.783677  0.397923 -0.159945   1.41762
 0.779741  0.388659 -0.185601   1.41051
 0.798914  0.375028 -0.172754   1.44183
0.790054 0.393996 -0.17886  1.43396
 0.818604  0.371786 -0.137748     1.477
 0.818935  0.359674 -0.151877   1.47529
  0.79453  0.402775 -0.152558   1.44223
 0.805607  0.381171 -0.164447   1.45761
 0.811683   0.38778 -0.140965   1.46933
 0.802544   0.38396 -0.149911   1.44897
 0.936003  0.194058 -0.154385   1.68537
 0.819427  0.402839 0.0206387   1.48024
  0.813428   0.407815 -0.0083758    1.46951
   0.832064    0.388723 -0.00370933     1.50054
    0.823787     0.409318 -1.03277e-05      1.49331
  0.807893   0.410449 -0.0386764     1.4599
  0.801872   0.410824 -0.0696967     1.4494
  0.822937   0.390763 -0.0605851    1.48421
 0.813182  0.413103 -0.061274   1.47488
  0.844845   0.371068 -0.0206943    1.52173
  0.846679   0.362311 -0.0412742    1.52352
  0.818784   0.412274 -0.0303404    1.48465
  0.830459    0.39405 -0.0499479     1.5018
  0.835651   0.393422 -0.0223404    1.51153
  0.827388    0.39175 -0.0327396    1.49256
  0.956411   0.138807 -0.0236267    1.70944
0.840742 0.368384 0.115387  1.51902
 0.835707  0.378128 0.0962241   1.50966
 0.848147  0.365112 0.0965091   1.53071
0.842496 0.377566 0.102262  1.52552
 0.830528  0.387553 0.0740098   1.50024
 0.825035  0.395098 0.0492357   1.48988
 0.841072  0.377944 0.0529416   1.51688
 0.833766   0.39594 0.0574447   1.51044
 0.856259  0.360078 0.0806688   1.54464
 0.857078   0.35925 0.0622697     1.545
 0.838385  0.387306 0.0809511   1.51852
  0.84638  0.378962 0.0634406      1.53
 0.850373  0.372634 0.0838075   1.53792
 0.844362  0.373151 0.0751554   1.52372
0.964476 0.118139 0.100423  1.73106
0.967046  0.11035 0.140146  1.74035
0.866753 0.330725 0.150942  1.56531
0.867761 0.331623 0.136775  1.56588
0.859352 0.332654  0.16309  1.55258
0.852295 0.332884 0.177003  1.54107
0.850108  0.34071 0.163546  1.53647
0.854555  0.34018 0.168266  1.54737
0.855456 0.346733 0.132812  1.54429
0.847771 0.349114 0.148873  1.53188
 0.84469 0.357872 0.133068  1.52595
 0.85007 0.357152 0.138136  1.53876
0.861463 0.339141 0.154295  1.55846
0.852666 0.348407 0.153617  1.54365
0.858996 0.346245 0.140011  1.55323
0.857297 0.340366 0.148115   1.5484
0.934757  0.12891 0.267001  1.69194
0.886558 0.329164 0.129509  1.60618
0.871222  0.30488 0.203356  1.57616
0.872183  0.30703 0.192409   1.5768
0.864732  0.30472 0.213014   1.5653
0.858396 0.302045 0.223554  1.55471
0.857054 0.309505  0.21329  1.55157
0.860503 0.308745 0.217224  1.56023
0.862689 0.317446 0.189806  1.55985
0.855582 0.317258 0.202101  1.54826
0.853944 0.324569 0.190052  1.54445
0.857898 0.324019 0.194668  1.55437
0.866573 0.310571 0.206847  1.57017
0.859332 0.316489 0.206204  1.55758
0.865153 0.316587 0.196084  1.56647
0.863489 0.311952   0.2015  1.56242
 0.93464 0.147102  0.27716  1.69183
0.938048 0.124077 0.244404   1.6957
0.920174 0.137233 0.306017  1.67003
0.887784 0.302816 0.191218  1.60887
 0.87879 0.226599 0.308031  1.59891
0.879457  0.23044 0.301407  1.59926
0.872998  0.22301 0.313559  1.58938
0.866123 0.214486 0.315465  1.57639
0.865082 0.222826 0.310266  1.57408
0.867992 0.221153 0.312673  1.58124
 0.87136 0.237547 0.300436  1.58513
0.864341 0.230896 0.304398   1.5723
0.863673 0.238502 0.297991  1.57049
0.866486 0.237047 0.300915   1.5776
0.874477 0.228483 0.310669  1.59322
 0.86721 0.229321 0.306999  1.57943
0.873215 0.235389 0.304708  1.59004
0.871762 0.231033 0.307151  1.58666
0.907737 0.123462 0.331931  1.65257
0.913974 0.129029  0.31751  1.66216
 0.90669 0.129579 0.329462  1.64949
0.899413 0.122287 0.343888  1.63834
 0.89119 0.127565 0.355947  1.62653
0.894753 0.133051 0.345108  1.62939
0.894412 0.126192 0.344343  1.62743
0.882904  0.13349 0.354457  1.61133
0.874788 0.137299 0.340454  1.59262
0.882749 0.146296 0.348045  1.61034
0.879797 0.140054 0.348782  1.60315
0.889197 0.152113 0.346944  1.62206
0.894544 0.146198 0.341344  1.62916
0.893065  0.14874 0.339418  1.62549
0.887461 0.133538 0.352193  1.61737
0.886921  0.14597 0.347774  1.61611
0.892637  0.13888 0.341102  1.62383
0.889521 0.140901  0.35154   1.6227
0.919056 0.160015 0.317181  1.66966
0.901225 0.126028 0.339718  1.64071
0.898123  0.13139 0.338354   1.6337
 0.90187 0.137252 0.327788  1.63875
0.898192 0.144483 0.339273   1.6363
0.916515  0.13353 0.313609  1.66369
0.793982 0.204401 -0.44099  1.46873
 0.795076  0.198452 -0.446326   1.47087
 0.801886   0.20119 -0.439361    1.4822
 0.796521  0.201348 -0.441831   1.47216
0.794489 0.195196 -0.45028  1.47024
 0.790993  0.188132 -0.445272    1.4605
 0.798241  0.187283 -0.441794   1.47337
 0.793987  0.189046 -0.443888   1.46581
 0.811784  0.196329 -0.436235   1.49953
   0.8082  0.185868 -0.436874   1.49112
 0.828638  0.185895 -0.425375   1.52872
 0.813382  0.188018 -0.432924   1.49975
 0.796392  0.196086 -0.447616   1.47287
 0.801766  0.188247 -0.440128    1.4795
 0.803858  0.197326 -0.439992   1.48475
 0.801451  0.194614 -0.445253   1.48194
 0.737259  0.189389 -0.445001    1.3577
 0.970233 0.0744962  0.126794   1.74429
0.970362 0.120559 0.094265  1.74551
 0.971266 0.0933982 0.0801364   1.74431
 0.975864 0.0305533  0.102272   1.75493
  0.97673 0.0643318 0.0821512   1.75689
  0.977705 -0.0157817  0.0633602    1.76179
  0.97806 0.0553659 0.0709187   1.75989
 0.973181 0.0927321 0.0867592   1.74971
 0.974427 0.0787889  0.119815   1.75424
0.935125 0.139274 0.257265  1.69148
 0.761349  0.156198 -0.459055   1.40553
 0.760978  0.155673 -0.459244   1.40478
 0.761757   0.15642 -0.459896   1.40669
 0.760749  0.155887 -0.459764   1.40456
 0.760689  0.156152 -0.459971   1.40456
 0.760829  0.155733 -0.459549   1.40461
  0.76071  0.155687 -0.459603   1.40438
 0.762377  0.154418 -0.456262   1.40593
 0.762919  0.153252 -0.454026   1.40585
 0.742921  0.138482 -0.456871   1.36482
 0.746512   0.13576 -0.455985   1.37126
 0.762854  0.159269 -0.458492   1.40862
 0.764208  0.153598 -0.455397     1.409
  0.76696  0.153401 -0.462381   1.41734
0.762158 0.153057  -0.4561  1.40519
 0.758215  0.127783 -0.448114    1.3895
 0.762875  0.127588 -0.446541   1.39841
 0.762152  0.154265 -0.458467   1.40644
 0.762574  0.151568 -0.454141   1.40492
0.768744 0.150457 -0.46213  1.42028
 0.748437  0.135594 -0.455449   1.37485
 0.769164  0.146553 -0.455476   1.41742
 0.760855  0.157185 -0.459606   1.40494
 0.760849  0.157378 -0.459829   1.40505
0.761403 0.157379 -0.45933  1.40583
 0.760672  0.157262 -0.460061   1.40476
 0.763679  0.159141 -0.458615   1.41021
 0.761892  0.159438 -0.458853   1.40686
 0.760515  0.156587 -0.460118   1.40434
  0.76197  0.154645 -0.458583   1.40613
 0.760542  0.156208 -0.459978   1.40427
 0.761866  0.155862 -0.460142   1.40683
 0.761631  0.156171 -0.459931   1.40639
 0.765357  0.150937 -0.466199    1.4154
 0.761298  0.155978 -0.459077   1.40539
 0.760097  0.155793 -0.459211   1.40305
 0.761148  0.155837 -0.458981   1.40503
 0.760784  0.155522 -0.459224   1.40437
 0.760478   0.15581 -0.459506   1.40391
 0.760923  0.155708 -0.459342   1.40471
 0.761103  0.155903 -0.459107   1.40501
  0.76062   0.15548 -0.459286   1.40406
0.773368 0.158677 -0.42781  1.41635
 0.732106  0.157008 -0.458741   1.34759
 0.734206  0.154333 -0.458491   1.35119
 0.739959    0.1425 -0.458254   1.36028
0.742098 0.150525 -0.46718  1.37009
 0.76234 0.152571 -0.45594   1.4055
 0.733796  0.159818 -0.459325   1.35202
 0.765227  0.160497 -0.460147   1.41399
   0.7604  0.156536 -0.459955   1.40403
  0.76396  0.160737 -0.460528   1.41176
 0.760481  0.157004 -0.460212   1.40437
0.760623 0.157335 -0.46027  1.40474
0.757188 0.161146 -0.45332  1.39546
  0.76183   0.15727 -0.455815   1.40518
 0.761321  0.156596 -0.456066   1.40416
 0.760666  0.156883 -0.456965   1.40331
 0.760292  0.156595 -0.459942   1.40381
 0.761493   0.15695 -0.457459   1.40514
 0.760949  0.157527 -0.460115   1.40536
 0.761272  0.157492 -0.460045   1.40594
 0.761154  0.157556 -0.456072   1.40398
  0.76111  0.157519 -0.460046   1.40565
 0.760978  0.157514 -0.459714   1.40519
  0.96198  0.153475 0.0919778   1.72791
0.964835 0.146592  0.10496  1.73501
0.878658  0.34946 0.063951  1.58981
0.902796 0.272851 0.214146  1.63525
 0.960743  0.157145 0.0808554   1.72409
0.958906 0.151873 0.028975  1.71664
    0.9572   0.146738 0.00351217    1.71154
  0.958524    0.14409 0.00253123    1.71486
  0.957769   0.145453 -0.0147669     1.7136
   0.95389   0.150262 -0.0544738    1.70649
 0.953938  0.168318 0.0429249   1.70592
 0.955649  0.168777 0.0378405   1.71032
  0.955471   0.134144 -0.0566801    1.70847
 0.846724  0.339081 -0.175424   1.53562
  0.953778   0.161148 -0.0059438    1.70467
 0.953672  0.164585 0.0134612   1.70446
 0.939107  0.151404 -0.148083   1.68323
 0.945095  0.166089 -0.130903   1.69753
 0.928347  0.176885 -0.188746   1.67071
 0.824538  0.316399 -0.259108   1.50166
  0.850395   0.352734 -0.0821948    1.53169
   0.8426   0.33642 -0.112095   1.51176
 0.913081  0.194947 -0.228244   1.64841
 0.894991  0.211524 -0.265927   1.62135
 0.794745  0.296208 -0.322516   1.45198
 0.908886  0.250471 -0.178756   1.64023
 0.875814  0.227571 -0.296548   1.59172
 0.775601  0.271988 -0.366518   1.42137
 0.888039  0.265929 -0.223104   1.60785
0.825133  0.23873 -0.37097  1.51062
 0.836736  0.243457 -0.359424   1.53266
0.837694 0.272933 -0.31319  1.52745
  0.80775  0.234993 -0.394372   1.48254
 0.817589  0.240801 -0.385987   1.50169
 0.799926  0.229989 -0.416224   1.47579
 0.795986  0.238073 -0.401836   1.46367
 0.804417  0.232913 -0.411598   1.48392
 0.93064 0.141629 0.197805  1.69307
0.928233 0.100784 0.140649   1.6834
0.930204  0.14052 0.218389  1.68604
0.916445  0.18119 0.263405  1.66368
0.912762 0.179614 0.258818  1.65209
0.919256 0.145738 0.273639   1.6669
 0.91717  0.16481 0.273054  1.66396
 0.93344 0.168219 0.277043  1.69318
0.915735 0.176106  0.26238  1.65597
0.934753  0.16956 0.285155  1.69384
0.935555  0.16689 0.288373  1.69402
0.935391 0.159454 0.285244  1.69308
0.889083 0.257443 0.270824  1.61677
0.935006 0.171021 0.282362  1.69539
0.934095 0.135926 0.258353  1.68846
0.930328 0.167386 0.300458  1.68473
 0.953142 0.0529082  0.228845   1.72224
 0.949879 0.0567047    0.2448   1.71841
   0.9422 0.0808743    0.2484   1.70253
 0.950726 0.0825577  0.230424   1.71828
 0.948127 0.0715005  0.231558   1.71142
0.935592 0.170556 0.282675  1.69489
0.935623 0.165065 0.279014    1.693
0.936599 0.116997  0.24554  1.69146
0.903274 0.293012 0.135708  1.62881
0.938307 0.105137  0.25887  1.69807
0.927076 0.193727 0.257515  1.66779
0.921248 0.187725 0.264087  1.65623
0.919436 0.151787  0.23071  1.66644
0.909662  0.18594 0.279548  1.63282
0.930501 0.170507 0.295151  1.68447
0.926074 0.168131 0.287626  1.67565
0.904279 0.178466 0.278602  1.62227
0.934316 0.170068 0.275836  1.69581
0.911339 0.177834  0.26611  1.64088
0.934023 0.162005 0.259733  1.69433
0.930529 0.137531  0.21876   1.6844
0.934269  0.14145 0.240159  1.68801
0.929451 0.129474 0.196085  1.68895
0.919197 0.158797 0.272561   1.6612
0.933625 0.129767 0.192163  1.69937
0.933355 0.149484 0.258892  1.68996
0.920667 0.174692 0.277423  1.66377
 0.916823 0.0323298  0.189664   1.65655
0.932082 0.128378 0.152885  1.69556
 0.93191 0.164552  0.26875  1.68713
0.895396 0.203936 0.314567  1.62965
0.895455 0.165497 0.330874   1.6296
0.894678  0.18064 0.323664  1.62833
0.891714 0.231789  0.29731  1.62329
 0.92519 0.153509 0.308078  1.67887
0.935036 0.172199 0.280357  1.69605
 0.89623 0.244992 0.261667  1.62335
0.929706 0.169054 0.300389  1.68366
0.905043 0.180482 0.284708  1.62621
0.911229 0.183947 0.274531  1.64013
0.924084 0.169556  0.31313  1.67676
 0.92423  0.15625 0.264458  1.67167
0.919355 0.145272 0.240305  1.66294
 0.91481 0.152035 0.247287  1.65549
0.906435 0.177826 0.286867  1.63023
0.920394 0.146674 0.234678  1.66536
0.918781 0.171304 0.246028  1.65828
0.921548 0.162193 0.229403  1.66912
0.921868 0.157149 0.264939  1.66686
0.924601 0.172974   0.2426  1.67059
0.916935 0.162467  0.24278  1.65782
 0.755391  0.131158 -0.450908   1.38572
 0.765197  0.152256 -0.462976   1.41377
  0.76373  0.151813 -0.456802   1.40832
 0.765713  0.140421 -0.457618   1.41066
 0.743155  0.141039 -0.458152   1.36656
 0.765936  0.162017 -0.443548   1.40883
 0.761439  0.153607 -0.458705   1.40496
 0.739767  0.146267 -0.459727   1.36148
 0.768335  0.162867 -0.429889   1.40764
 0.760302  0.162188 -0.449203   1.40002
0.770957 0.183791 -0.44791   1.4217
0.745748  0.14402 -0.46523  1.37536
 0.730442  0.165158 -0.456737   1.34481
  0.73183  0.162337 -0.456783   1.34706
0.743586 0.184218 -0.45503  1.37315
 0.739429  0.167134 -0.465294    1.3669
0.730443 0.174572 -0.45259  1.34452
 0.731146  0.171506 -0.452956   1.34548
 0.740557  0.175051 -0.461515   1.36865
 0.731948  0.185706 -0.446141   1.34649
 0.732057  0.182141 -0.446827   1.34626
 0.760254  0.220285 -0.415715   1.39424
 0.754526  0.193687 -0.453118   1.39505
0.785689 0.205498 -0.44273  1.45361
 0.777031  0.198545 -0.452631   1.43928
 0.779199  0.204692 -0.442187   1.43994
 0.742624   0.21851 -0.425233     1.365
 0.741787  0.212994 -0.426674   1.36256
 0.755529  0.205589 -0.434688   1.39033
  0.75001  0.241426 -0.403524   1.37545
 0.749504  0.233225 -0.406864   1.37374
  0.76291  0.247068 -0.398073    1.4016
 0.760364  0.267013 -0.374013   1.39062
 0.758549  0.257157 -0.379372   1.38625
 0.786561  0.251069 -0.384317   1.44297
 0.776213   0.29378 -0.333065   1.41503
 0.771323  0.282787 -0.341415   1.40433
 0.799545  0.319329 -0.274984   1.45221
 0.790836  0.307898 -0.287156   1.43319
 0.863855  0.276644 -0.267263   1.57073
0.853421 0.263607 -0.30528  1.55685
0.826173 0.343242 -0.18843  1.49338
 0.821122  0.327686 -0.206411    1.4807
  0.937659   0.208218 -0.0970505     1.6827
 0.893962  0.288295 -0.136028   1.60936
  0.950979   0.157093 -0.0547442    1.69988
0.918243 0.213613 -0.17378  1.65116
 0.867752  0.346079 0.0442128   1.56225
   0.869726     0.34744 -0.00440194     1.56836
 0.87485 0.331944 0.117531   1.5785
 0.875057  0.333175 0.0866941   1.57677
0.959912 0.158119 0.125594  1.72533
0.948655 0.202459 0.062003  1.69904
  0.95642  0.171922 0.0669063   1.71371
 0.88125 0.303445 0.178547  1.59156
0.883391 0.306373 0.153514  1.59356
0.896972 0.278972 0.178335  1.61671
0.882334 0.281695 0.225737  1.59709
 0.88451 0.288462 0.203521  1.59947
0.883209 0.260372 0.262659  1.60203
  0.8846 0.266683 0.246253  1.60276
0.935164 0.153166 0.271385   1.6922
 0.88551 0.235836 0.291962  1.60875
0.886092 0.242648  0.27889  1.60801
0.890158 0.207418 0.314508  1.61912
0.888889 0.215104 0.304087  1.61462
0.902481  0.16047  0.33031  1.64472
0.934757 0.155951 0.269181  1.69061
 0.775878  0.231457 -0.408228   1.42654
 0.789915  0.210655 -0.434059   1.45883
  0.79448  0.215552 -0.429123   1.46719
 0.795122  0.220386 -0.423097   1.46679
 0.797489  0.223868 -0.419685   1.47102
0.787518 0.221307 -0.41972   1.4504
 0.793255  0.218318 -0.423848   1.46262
 0.766814  0.211883 -0.428345   1.41205
  0.78756  0.190576 -0.451725    1.4565
 0.777946  0.187374 -0.444868   1.43556
0.785744 0.191871 -0.45396  1.45428
0.962195 0.062852 0.157982  1.72962
 0.959234 0.0484535  0.191728    1.7274
 0.954757 0.0323975  0.190459   1.71561
 0.954375 0.0679509  0.197323   1.71705
 0.958154 0.0692864  0.185885   1.72444
0.934238 0.160222 0.268533  1.69008
0.950188 0.104637 0.198212  1.70955
0.963521 0.132429 0.114476  1.73033
 0.761421  0.155853 -0.459248   1.40568
 0.761006  0.155561 -0.459081   1.40475
 0.760845  0.155446 -0.459188   1.40445
 0.761748  0.155983 -0.460252   1.40674
 0.762018  0.155584 -0.460361    1.4072
 0.760405  0.156137 -0.459711   1.40389
 0.763522  0.161874 -0.459037   1.41035
 0.761216  0.155488 -0.459456    1.4053
 0.750469  0.139582 -0.462726   1.38285
 0.761461  0.155792 -0.460336   1.40615
 0.762743   0.15092 -0.454409   1.40536
 0.756581  0.136712 -0.459946   1.39342
 0.759628    0.1563 -0.458776   1.40201
 0.763886  0.150895 -0.458725    1.4094
 0.765635  0.148158 -0.463281   1.41398
 0.758768  0.149024 -0.457039   1.39826
 0.760676  0.137084 -0.460298   1.40162
 0.771426  0.138674 -0.447134   1.41721
 0.764902  0.138109 -0.458841   1.40982
 0.761467  0.150124 -0.454839   1.40278
 0.760885  0.157472 -0.460198   1.40526
 0.760727  0.157415 -0.460172   1.40491
 0.760761  0.157182 -0.458729   1.40429
 0.760462  0.157095 -0.460145   1.40431
 0.762759  0.161205 -0.460973   1.40961
 0.759935  0.156255 -0.459121   1.40272
  0.76027  0.156191 -0.459711   1.40362
  0.76155  0.155218 -0.460508   1.40624
 0.762034  0.161112 -0.461283   1.40841
  0.76031  0.155847 -0.459526   1.40358
 0.760925  0.154683 -0.461039   1.40513
0.760432 0.155601 -0.45939  1.40374
 0.760552  0.155423 -0.459352   1.40396
 0.760612  0.155598 -0.459346   1.40409
 0.761118  0.155644 -0.459072   1.40499
 0.760033   0.15567 -0.459289   1.40293
0.761208  0.15563 -0.45931  1.40523
 0.760821  0.155378 -0.459329   1.40446
 0.764843  0.161804 -0.436691   1.40364
 0.740232  0.160016 -0.467161   1.36818
 0.748318  0.152656 -0.475962   1.38663
 0.763517  0.161488 -0.447995   1.40593
 0.762851  0.161703 -0.455995   1.40789
 0.761402  0.151772 -0.456257   1.40356
0.762438 0.161737 -0.46049  1.40889
 0.760069  0.156486 -0.459255   1.40306
0.760292 0.156986  -0.4595  1.40367
 0.760647   0.16219 -0.456805   1.40386
 0.761429  0.159342 -0.458849   1.40602
 0.760851  0.157465 -0.456552   1.40362
 0.760459  0.157156 -0.459326   1.40395
 0.760863   0.16192 -0.461064   1.40598
 0.760877  0.156956 -0.456238   1.40341
 0.760907  0.157234 -0.458193   1.40434
  0.76088  0.157507 -0.459886   1.40508
   0.7601  0.157309 -0.457267   1.40243
 0.760681  0.157451 -0.459969    1.4047
 0.760454  0.157248 -0.458848   1.40373
 0.958527  0.170238 0.0950337   1.72058
 0.898293  0.310576 0.0887543    1.6193
 0.895331   0.31748 0.0325101   1.61162
0.893469 0.293285 0.118799  1.60464
  0.955171   0.165688 0.00671853    1.70877
 0.887992  0.306156 0.0545153   1.59162
  0.954133   0.168611 -0.0240556    1.70768
  0.949948   0.192212 -0.0103846    1.70051
  0.948309    0.19426 -0.0483749    1.70033
 0.948029  0.200431 0.0217855   1.69648
  0.944508   0.180523 -0.0961252    1.69357
 0.933243  0.192351 -0.132923   1.67408
 0.877574  0.327809 -0.138125   1.59063
  0.926922   0.247167 -0.0874175     1.6653
0.864934 0.311379 -0.20458  1.56864
  0.937867   0.222584 -0.0481105     1.6808
 0.899689  0.232491 -0.216247   1.62313
 0.877474  0.248989 -0.259988    1.5898
 0.830951  0.302842 -0.259502   1.50609
 0.881998  0.270966 -0.200251   1.58968
 0.801633  0.283774 -0.316574   1.45633
 0.848268  0.292533 -0.249723   1.53801
0.820567 0.243095 -0.37353  1.50311
 0.802161  0.239965 -0.395508   1.47432
0.824176 0.287544 -0.30329   1.5026
 0.831865  0.261876 -0.343746   1.52396
0.931941 0.138088 0.215499  1.68766
0.932205 0.114973 0.214211  1.68613
0.938384 0.160614 0.249083  1.69999
0.935365 0.161369 0.260443  1.69716
0.934883 0.170636  0.27466  1.69728
0.913868 0.177119 0.282317  1.64658
0.926389  0.17097 0.307199  1.67913
0.937179 0.165245 0.262213  1.69932
0.919045 0.176491 0.282286  1.65744
0.935771 0.168937 0.284906  1.69496
0.903472  0.23886 0.279712  1.64323
0.934738 0.172378 0.280324  1.69577
0.934168 0.143286 0.253775  1.68846
0.911331 0.171959 0.281539  1.64462
0.902023 0.257747  0.24965  1.63729
0.935268 0.170722 0.282452   1.6948
0.936152 0.129843  0.23942  1.69054
0.941551 0.113986 0.224093  1.69758
0.945129 0.111482 0.221648  1.70526
0.934743   0.1586 0.268874  1.69141
0.920294 0.186323 0.261061  1.65878
 0.91465 0.179295 0.268929  1.64825
0.916477 0.160187  0.24961  1.65676
 0.90813 0.178488 0.279464  1.63478
0.927749 0.173097 0.301291  1.68001
0.910025 0.173629 0.284561  1.64116
0.911687 0.177405 0.286204  1.64085
0.934893  0.17188 0.275102  1.69691
0.935896 0.165805 0.262002  1.69699
0.935102  0.16754 0.277647   1.6926
0.933913 0.172892  0.27898  1.69438
0.924948  0.17199 0.278762  1.67185
0.934788 0.173348 0.278776   1.6963
0.925933  0.16218  0.27246  1.67556
0.935012 0.133304 0.205142  1.69246
 0.92373 0.173643 0.284016  1.66996
0.931806 0.135505 0.216295  1.68453
0.936748 0.165405 0.264073  1.69727
0.906987 0.158104 0.316516  1.64642
0.898253 0.186311 0.322721  1.63508
0.914205 0.152108 0.316381  1.66229
0.908303 0.174083 0.319823  1.65132
0.921716 0.161711 0.308627  1.67229
0.935475 0.166092 0.278744   1.6933
0.926617 0.172392 0.306079   1.6788
0.907814 0.176017  0.28352  1.63553
0.925571 0.167886 0.291712   1.6748
0.909447 0.176882 0.275356  1.63997
 0.92143 0.157049  0.26881  1.66567
 0.91633 0.147372  0.24713  1.65648
0.913324 0.172193 0.261712  1.64909
0.924837 0.178136 0.306601  1.67591
0.916898  0.14855 0.241993  1.65768
0.915778 0.154443 0.240632  1.65733
0.917446 0.168832 0.252521  1.65741
0.912688 0.155263 0.255383   1.6498
0.914265 0.173801 0.256307  1.64967
0.909762 0.167445 0.265413  1.64065
 0.754457  0.139312 -0.461054    1.3901
 0.761588   0.14965 -0.461966     1.406
0.761327   0.1454 -0.46664  1.40656
 0.749583  0.143279 -0.464275   1.38256
 0.760066  0.161629 -0.458901   1.40363
 0.745932   0.14887 -0.467203   1.37764
 0.761237  0.151311 -0.456308   1.40327
 0.742536  0.153841 -0.467643   1.37192
 0.738726  0.156021 -0.466885   1.36414
 0.761173  0.185031 -0.466798   1.41227
 0.736589   0.16285 -0.465543   1.36037
 0.748287  0.185655 -0.463153   1.38582
 0.746484  0.161283 -0.477307   1.38524
 0.736191  0.170701 -0.462512   1.35939
0.747156 0.174078 -0.47386  1.38705
 0.737541  0.179633 -0.456825   1.36078
  0.75026   0.18125 -0.469057   1.39202
 0.740717  0.190036 -0.448279   1.36472
 0.748585  0.195481 -0.445815   1.38077
 0.748875  0.202672 -0.437103   1.37806
 0.782652  0.262831 -0.359142   1.42679
 0.812626  0.253884 -0.373456   1.49217
 0.859526  0.310974 -0.166005   1.54796
 0.906333  0.252984 -0.160669   1.63132
  0.880896   0.325063 -0.0838859    1.58818
 0.921476  0.233901 -0.122301   1.65371
  0.894513   0.308334 -0.0813011     1.6121
   0.88693   0.313939 -0.0157016    1.59197
 0.913257   0.29381 0.0601916   1.64384
 0.951087  0.203343 0.0552756    1.7052
 0.95185 0.131935 0.186757  1.71141
 0.926389  0.269132 0.0542851   1.66552
0.946061 0.182469 0.201435  1.70474
0.905605 0.279038 0.169755   1.6344
0.918541 0.251895 0.225026  1.66377
0.917385 0.255968 0.195166  1.65593
0.923753 0.268085 0.125948  1.66356
0.895669  0.26259 0.226037  1.61838
0.934166 0.148146  0.25343  1.68953
0.951793 0.195051 0.166632  1.71506
 0.90425 0.183155 0.314804  1.64194
 0.91525 0.205314 0.307178  1.66345
0.899046 0.223834  0.29032  1.63208
0.902625 0.202933 0.308955  1.64113
 0.787008  0.211028 -0.435401   1.45394
 0.774221  0.207598 -0.430308   1.42425
  0.77902  0.216215 -0.427391   1.43512
 0.764429  0.195872 -0.449387     1.414
 0.768511   0.19282 -0.460589   1.42507
  0.77109  0.179126 -0.451234   1.42426
0.95753 0.10071 0.16225   1.721
  0.95572 0.0964848  0.199838   1.72264
0.936005 0.139683 0.239295  1.69171
0.961118 0.103056 0.153232  1.72667
0.933417 0.149702 0.240537  1.68753
0.956308 0.159129  0.11114  1.71456
0.931427 0.252388 0.121089  1.67604
 0.761473  0.155568 -0.460821   1.40636
 0.760273  0.155475 -0.459398   1.40342
  0.76156  0.154914 -0.460839   1.40639
 0.760025  0.156127 -0.459186   1.40292
 0.761406  0.153209 -0.458627   1.40488
  0.75579  0.152869 -0.475317   1.40082
0.755671 0.147454 -0.47237  1.39876
 0.760477  0.159146 -0.459204    1.4042
 0.760173  0.152416 -0.458746   1.40237
 0.761119  0.149526 -0.455569    1.4024
 0.762198  0.150497 -0.459277   1.40611
 0.762802  0.150585 -0.467019   1.41048
 0.761828  0.149486 -0.470757   1.41014
 0.765568  0.146401 -0.465204   1.41477
 0.760827  0.143656 -0.468498   1.40669
 0.760107   0.15091 -0.456677   1.40104
 0.760023  0.156547 -0.459213   1.40295
 0.760325  0.158942 -0.459184   1.40395
 0.760817  0.160973 -0.461729    1.4061
 0.759159  0.161232 -0.462534   1.40318
 0.759905  0.155933 -0.459176   1.40266
 0.761052  0.155485 -0.460948   1.40553
 0.760845  0.155234 -0.459952   1.40472
0.760449 0.161563 -0.46207  1.40566
 0.757506  0.159789 -0.462482   1.39982
 0.760281  0.155554 -0.459292   1.40342
0.760583 0.155368 -0.45939    1.404
 0.759526  0.156004 -0.459648   1.40213
  0.74572  0.167191 -0.476421   1.38429
 0.759908  0.162409 -0.438581    1.3944
 0.743391   0.16343 -0.476378   1.37879
 0.759498  0.161276 -0.452478   1.39982
 0.760506  0.152728 -0.458924   1.40307
 0.752898  0.153243 -0.476395   1.39555
 0.759719  0.156506 -0.458448   1.40202
 0.755808  0.159329 -0.447592   1.38994
 0.758695  0.151987 -0.458696   1.39939
 0.760541  0.160709 -0.461851    1.4057
 0.759935  0.156615 -0.458317   1.40241
  0.75935  0.156735 -0.458725   1.40152
 0.760187  0.157485 -0.456803   1.40238
 0.760254  0.157085 -0.459402   1.40355
 0.759608  0.158304 -0.459293   1.40249
 0.760227  0.157011 -0.457134   1.40252
0.952648 0.203877 0.127546  1.71388
 0.952074  0.205511 0.0882038    1.7095
   0.942368    0.230333 -0.00568447     1.69098
 0.909505  0.284092 0.0775115   1.63323
   0.947504    0.208834 -0.00328342     1.69843
  0.935494    0.22936 -0.0465393    1.67655
  0.945362   0.204486 -0.0473404    1.69479
  0.935052   0.210605 -0.0875585    1.67522
   0.92574   0.245689 -0.0730579    1.66061
  0.935846   0.232808 -0.0111533    1.67629
 0.907596  0.288662 -0.123597   1.63957
  0.924285   0.267971 -0.0430462    1.66101
  0.91382  0.268252 -0.123478   1.64655
 0.892776  0.290601 -0.166198   1.61301
0.935592 0.172459 0.273907  1.69811
0.930592 0.171866 0.278974  1.68429
0.912171 0.175556 0.286115  1.64437
0.932644 0.165912 0.273516  1.68782
0.934957 0.171982 0.280779  1.69464
0.923382  0.17889  0.30946  1.67392
0.933607 0.162662 0.268545  1.68956
0.919211 0.158401 0.269389  1.66137
0.933215 0.150048 0.253273  1.68721
0.933787 0.169216 0.277126  1.69073
0.916904 0.239576 0.258634  1.66378
0.934081 0.171715 0.280742   1.6932
0.938056 0.134798 0.227416  1.69257
0.913096 0.196557 0.309824   1.6574
0.912342 0.242305 0.238436  1.64963
0.931647 0.155206 0.254822  1.68497
 0.90802 0.172803 0.278871  1.63739
0.913906 0.149853 0.253738  1.65156
0.923721  0.17067 0.292247   1.6714
0.914119 0.170307 0.282031  1.65101
0.916237 0.174134 0.285648  1.65405
0.934702 0.172052 0.274589  1.69526
0.919564 0.174793 0.284867  1.66031
0.926645 0.170898 0.281056  1.67545
0.935155 0.172235 0.274027  1.69573
0.917726 0.160207 0.272965  1.65856
0.935623  0.16998 0.269926  1.69429
0.933583  0.17265 0.279618  1.69264
0.915254 0.173921 0.315167  1.66269
0.916796 0.191187 0.315509  1.66644
0.921643 0.179011  0.31312  1.67285
0.934363 0.168275 0.277599  1.69162
0.930454 0.158517 0.255136  1.68334
0.923331  0.17141 0.295004   1.6708
 0.90986 0.171302 0.275254  1.64153
0.920757 0.188446 0.308034  1.66978
 0.91042 0.164242 0.267901  1.64183
0.929462 0.155188 0.248095   1.6812
0.914103 0.150874 0.248856  1.65174
0.911087   0.1664 0.265066  1.64405
0.910485 0.155205 0.257406  1.64449
0.912872 0.156683 0.250568  1.64981
 0.756467  0.143876 -0.469722   1.39839
 0.758304   0.14965 -0.465176   1.40084
 0.751833  0.147645 -0.473743    1.3917
 0.751593  0.151704 -0.475498   1.39288
   0.7597    0.1494 -0.456031   1.39967
 0.748661  0.156116 -0.476975   1.38852
 0.745308  0.157713 -0.476803   1.38187
 0.755696  0.171024 -0.457696   1.39506
 0.743018  0.169978 -0.474536   1.37819
0.758569 0.150733 -0.45719  1.39821
 0.744872  0.177713 -0.470685   1.38119
 0.755848  0.160667 -0.444432   1.38865
 0.761964  0.176345 -0.454777   1.40654
 0.756859  0.168377 -0.458384   1.39792
   0.7601  0.188841 -0.463853   1.40856
 0.754105  0.168655 -0.460689   1.39333
  0.907911   0.291208 -0.0846249    1.63524
  0.899056   0.310208 -0.0290874    1.61805
  0.914632   0.287865 -0.0799631    1.64872
0.907316 0.289251 0.024508  1.62747
 0.927579  0.266757 0.0919531   1.66955
 0.930443  0.273286 0.0427857   1.67547
0.918111 0.286346  0.09792  1.65559
0.916867 0.275495 0.125082  1.65181
0.948352  0.13394 0.203064  1.70888
0.915351 0.264273 0.161114  1.64781
0.911347  0.25631 0.201028  1.64331
0.944485 0.131503 0.213872  1.70152
0.912028 0.228688 0.268878  1.65233
0.930566 0.252187 0.153477  1.67723
 0.90414 0.217478 0.303872   1.6461
0.907749  0.19778 0.313156  1.65222
0.932561 0.154472 0.253344  1.68688
0.939384 0.151024 0.225962  1.69434
 0.76156 0.173898 -0.45539  1.40656
 0.754185  0.180496 -0.469715   1.39854
  0.76892  0.196672 -0.455872   1.42368
 0.755249  0.189205 -0.460684   1.39954
0.940869 0.133682 0.224141  1.69821
0.956265 0.142309  0.16267  1.71989
0.955099 0.143819 0.148875  1.71397
0.931288  0.15575 0.241897  1.68335
 0.948147  0.201489 0.0985497   1.69973
0.938895 0.243748 0.123055  1.69015
 0.92628 0.243836 0.190728   1.6709
0.938354 0.174286 0.231293  1.69278
 0.760962  0.155385 -0.459531    1.4048
 0.760689  0.155302 -0.460005   1.40444
 0.760943  0.155276 -0.461512   1.40555
 0.759819  0.155705 -0.460026    1.4028
 0.760205  0.155514 -0.460033   1.40357
 0.760762  0.154396 -0.461416   1.40497
 0.758358  0.161442 -0.459514   1.40038
 0.759866  0.155731 -0.459715   1.40283
 0.760081  0.154341 -0.461617   1.40366
 0.759561  0.150574 -0.456894   1.40008
   0.7594  0.150136 -0.471508   1.40567
 0.748343  0.161631 -0.477083   1.38815
 0.752841  0.156046 -0.477159    1.3964
 0.759816  0.150211 -0.462551   1.40275
 0.759629  0.156566 -0.458605   1.40196
 0.759526  0.159858 -0.462173   1.40375
 0.759473  0.156327 -0.459101   1.40184
0.759517 0.160227 -0.46222  1.40368
 0.759637  0.156004 -0.459252   1.40221
 0.760482  0.155386 -0.461627   1.40468
 0.760223  0.155307 -0.460169   1.40357
 0.759207   0.15656 -0.459783   1.40168
 0.760244  0.155279 -0.461184   1.40405
 0.759658  0.154203 -0.461777   1.40291
 0.751061  0.159821 -0.477694   1.39377
 0.750055   0.16455 -0.477039   1.39222
 0.747861  0.166716 -0.475832   1.38737
 0.757159  0.160248 -0.455755   1.39643
 0.758364  0.160846 -0.461023   1.40105
 0.752242  0.156857 -0.451869   1.38425
 0.752908  0.155669 -0.467116   1.39219
 0.759173  0.160815 -0.463126   1.40351
 0.759348  0.157137 -0.458445   1.40143
  0.75777  0.151964 -0.458968   1.39761
0.759516  0.15848  -0.4595  1.40235
 0.759589  0.156843 -0.457939   1.40165
 0.759812   0.15675 -0.457901   1.40199
 0.760174  0.156874 -0.457763   1.40269
 0.759126  0.157694 -0.459757   1.40164
 0.759534  0.157165 -0.457482   1.40134
 0.940668  0.240775 0.0901941   1.69111
  0.94316  0.246925 0.0782576   1.69793
 0.938318  0.241406 0.0340421   1.68345
 0.944139  0.230237 0.0320011   1.69475
  0.908955   0.288972 -0.0312943    1.63244
  0.924694   0.266716 0.00758636    1.65971
0.936498 0.166428 0.263409  1.69655
0.933969 0.171064 0.274597  1.69239
0.933737 0.173525 0.278305  1.69418
0.926825 0.172376  0.28119   1.6785
0.920236 0.171593 0.282804  1.66436
0.929693 0.171676 0.279617  1.68367
0.921958 0.176748 0.294992  1.66852
0.932106 0.173105 0.277961   1.6896
0.932154 0.171913 0.279773  1.68972
0.932986 0.163487 0.269249  1.68828
0.931996 0.149758 0.243709  1.68496
0.918623 0.164311 0.270795  1.66007
 0.93456 0.147813  0.23428  1.68783
0.932429 0.169314 0.277243  1.68828
0.928089 0.160191 0.248342  1.67837
0.931748 0.165147 0.269457  1.68636
0.913307 0.161055 0.260211  1.64896
0.914006 0.165039 0.252736  1.65069
0.910644 0.168311 0.277648  1.64314
0.913094 0.151075 0.257492   1.6497
0.918216 0.161633 0.273923   1.6593
0.927803 0.160636 0.257756   1.6786
0.916584 0.172463 0.283545  1.65588
0.932341 0.172701 0.278631  1.69083
0.915406 0.168951 0.280303  1.65349
0.923467 0.172368 0.282637  1.67061
0.931294 0.172875 0.279273  1.68852
0.918328 0.168235 0.280365  1.65978
 0.92041 0.210623 0.286886  1.66768
0.912172  0.21286 0.295344  1.65473
0.919519 0.200008 0.299418  1.66694
0.922448  0.18573 0.309161   1.6731
0.922162 0.174552  0.29505   1.6691
0.912486 0.166853 0.275991  1.64697
0.912154 0.161011 0.270798  1.64562
0.922068 0.182789 0.290272   1.6687
 0.91219 0.151036 0.255292  1.64773
0.911845 0.159071 0.264727  1.64671
0.911188 0.153484 0.260865   1.6465
0.912034 0.163593 0.268124  1.64599
 0.756735  0.149671 -0.474095   1.40149
 0.756539  0.149774 -0.458236   1.39444
 0.759199  0.152235 -0.459052   1.40048
 0.757877  0.150581 -0.457298    1.3969
  0.75014  0.157067 -0.477385   1.39116
 0.754011  0.158089 -0.451249   1.38784
 0.754318   0.16644 -0.462234   1.39451
0.756899 0.151973 -0.45799  1.39553
 0.751522  0.164614 -0.463416   1.38892
 0.752432  0.158509 -0.465999   1.39128
 0.750833  0.169672 -0.475219   1.39369
 0.749511   0.17254 -0.472957   1.39009
   0.9142  0.293526 0.0102435   1.64462
  0.931623   0.274235 -0.0138014    1.67904
0.924413 0.259083 0.154098  1.66613
 0.94357 0.234918 0.153718   1.7017
0.925144   0.2363 0.216374  1.67122
0.944638 0.157509 0.213998    1.702
0.921964 0.179316 0.294154  1.66938
0.915551 0.226701 0.282466  1.66186
0.926395 0.222332 0.268682  1.68029
0.916105 0.215698   0.2923  1.66339
 0.93053 0.232905 0.219611  1.68156
0.924609 0.226976 0.247533  1.67242
0.936687 0.148887 0.228165  1.69138
0.941527 0.224454 0.200385  1.70164
0.934835 0.163169   0.2397  1.68839
0.942429 0.153553 0.215316   1.6995
0.943972 0.243807 0.115779  1.70169
 0.932413  0.262815 0.0938073   1.67876
0.948226 0.194848 0.143044  1.70307
0.938692 0.237779 0.149063  1.69126
  0.76026   0.15526 -0.462585   1.40462
 0.759205   0.15613 -0.461353   1.40217
 0.759017  0.156754 -0.460543    1.4016
0.759792 0.155853 -0.46135  1.40333
 0.754892  0.153179 -0.466969   1.39558
 0.759642  0.155413 -0.461288   1.40288
 0.757862  0.149812 -0.457356    1.3967
 0.758873  0.157061 -0.462203   1.40207
 0.755226   0.15152 -0.466741    1.3957
 0.758421  0.154254 -0.462126   1.40064
 0.759131  0.157077 -0.459492   1.40145
  0.75853  0.159905 -0.463693   1.40236
 0.759284  0.155536 -0.463042    1.4029
 0.758731  0.159385 -0.462423   1.40214
  0.75294   0.15342 -0.458445   1.38797
 0.759316  0.156222 -0.460755   1.40224
 0.759746  0.155544 -0.462715   1.40368
 0.759028  0.156249 -0.462825   1.40246
 0.752446  0.174759 -0.472142   1.39603
 0.755569  0.178325 -0.468462   1.40097
 0.750336  0.160708 -0.464877   1.38671
 0.753927  0.159348 -0.448396   1.38645
 0.755567  0.159801 -0.456318   1.39334
 0.755951  0.159013 -0.458293   1.39493
 0.757141  0.160323 -0.461462   1.39866
 0.757413  0.158483 -0.463507   1.39987
 0.758215  0.160227 -0.463473    1.4016
 0.758942  0.158198 -0.460673   1.40171
 0.756738  0.159004 -0.462782   1.39824
 0.758986   0.15869 -0.462888   1.40281
  0.918032   0.286529 -0.0412518    1.65293
  0.929012   0.258246 -0.0453941    1.66938
0.931435 0.172563 0.279216  1.68854
0.923926 0.170364 0.280814   1.6723
0.926546 0.171704 0.280759  1.67808
0.931576 0.169912 0.277144   1.6869
0.920662 0.170413 0.281505  1.66514
0.930922 0.165459 0.270648  1.68481
0.915025 0.156848 0.265089  1.65375
0.929484 0.158573 0.257336  1.68147
0.923063 0.218297 0.273267  1.67274
0.927948 0.166146 0.272243  1.67926
0.930751 0.155822 0.244356  1.68338
0.929495  0.20157 0.266321  1.68256
0.914093 0.165435 0.277426  1.65016
0.912618 0.152113 0.258123  1.64881
0.928248 0.169859 0.277537  1.68045
0.913786 0.157328 0.264532  1.65101
0.929032 0.171995 0.279653  1.68359
0.916338 0.156296 0.259076  1.65677
0.929313 0.171938 0.279769  1.68389
 0.92379 0.169176 0.278675  1.67134
0.921371 0.195186 0.306557  1.67225
0.926569 0.158277 0.252694  1.67638
0.926656 0.160321 0.260174  1.67641
0.923592  0.19226 0.281968  1.67136
0.917546 0.161163 0.273438  1.65854
0.916655 0.162594 0.273058  1.65585
0.913646 0.153087 0.257968  1.65092
0.914479 0.164162 0.272159  1.65135
 0.756438  0.150917 -0.458324   1.39459
 0.757328  0.151332 -0.465697   1.39946
 0.752579  0.153985 -0.467251    1.3911
 0.753302  0.155869 -0.454228   1.38737
  0.75462  0.152598 -0.458466   1.39134
0.750934 0.156908 -0.46681  1.38814
 0.75241 0.162643 -0.46403  1.39104
 0.752525  0.156338 -0.457293   1.38712
0.932308 0.244226 0.184926   1.6842
0.937973 0.222882 0.174328  1.68842
0.930088 0.222415 0.243677  1.68335
0.940747  0.17981 0.216258  1.69622
 0.92222   0.2055 0.296574  1.67366
0.929924 0.186206 0.251988  1.67957
0.932483 0.172413 0.241232  1.68438
0.924307 0.214998 0.282866  1.67669
0.932898 0.157676 0.235313  1.68556
0.933423 0.204135 0.249934  1.68827
0.936753 0.167177 0.227575  1.69055
0.933004 0.208189 0.232491  1.68395
0.948096 0.165099 0.188052  1.70643
0.938481 0.217061 0.211491  1.69485
 0.93903 0.184762 0.217946  1.69171
0.947184 0.183776 0.182244  1.70414
0.758911 0.154396 -0.46198   1.4015
 0.755673  0.157518 -0.460187   1.39493
 0.754653  0.151577 -0.458518    1.3911
 0.758432  0.155919 -0.463835   1.40162
 0.757868   0.15451 -0.462246   1.39961
 0.756722  0.151191 -0.457573   1.39476
0.758964 0.157526 -0.46108  1.40186
 0.758629  0.157709 -0.461925   1.40152
 0.758582  0.156881 -0.462693   1.40158
 0.75846 0.158629 -0.46351  1.40196
 0.758828  0.155965 -0.463134    1.4021
 0.757691  0.157346 -0.463801   1.40039
 0.754824  0.158205 -0.458721   1.39267
0.755057 0.152512 -0.45738  1.39166
 0.758046  0.158958 -0.464012   1.40135
 0.752509  0.154971 -0.454714   1.38582
0.758499 0.158111 -0.46383  1.40213
 0.756065  0.155547 -0.461203   1.39578
0.929584 0.169333 0.277407  1.68288
0.923245 0.161098 0.262565  1.66982
0.924066 0.165859 0.273071  1.67154
0.929078  0.16612 0.270959   1.6814
0.927818 0.159341 0.248921  1.67848
0.917913 0.156713 0.259353  1.65928
0.924281 0.188651  0.28779  1.67435
0.923487 0.159434 0.256941  1.67082
0.915079 0.155907 0.259319  1.65387
0.912617 0.157738 0.266258  1.64822
0.918731  0.16709 0.276796  1.66027
0.921602 0.165666 0.273317  1.66647
0.921364 0.166184 0.276639  1.66579
0.925915 0.168903  0.27778  1.67559
0.923204 0.164722 0.256174  1.66957
0.925888 0.200372 0.269491  1.67458
0.922669  0.17243 0.269907  1.66782
0.920118 0.165608 0.269982  1.66365
 0.754418  0.153914 -0.456468   1.39025
 0.757046  0.154645 -0.461772   1.39784
0.931169  0.16889 0.251073  1.68358
0.943227  0.18854 0.202694  1.69902
0.934583 0.187054 0.233646  1.68622
0.929498  0.20535 0.253369  1.67989
0.924805 0.162251 0.254884  1.67271
0.929662 0.161947    0.243   1.6807
0.933276 0.181731 0.249938   1.6864
 0.92491 0.176562 0.261845  1.67237
0.938305 0.215188 0.216367  1.69454
0.938396 0.208329 0.228182  1.69585
0.756104  0.15621 -0.46118  1.39599
 0.758455  0.156926 -0.463901   1.40185
 0.757981  0.157457 -0.463791   1.40091
 0.756208  0.152207 -0.458136   1.39422
 0.755062   0.15354 -0.457421    1.3919
 0.755201  0.156713 -0.460389    1.3939
 0.757024  0.157744 -0.463639   1.39899
 0.756848  0.155235 -0.461774   1.39754
 0.92549 0.165729 0.272632  1.67431
 0.92452 0.160657 0.253593  1.67244
 0.91912 0.160382 0.262788  1.66165
0.924848 0.161378 0.260379  1.67313
0.926211 0.180675 0.265468   1.6739
0.921561 0.160367 0.257448  1.66673
0.920749 0.169571 0.266418  1.66482
0.921598 0.161386 0.260641  1.66649
0.926572 0.196664 0.278495   1.6783
0.929487 0.173508 0.252369  1.68038
0.917084 0.161562 0.269145   1.6573
0.919256 0.161001 0.269418  1.66198
0.921273 0.160238 0.261964  1.66636
0.919862 0.159765 0.257328  1.66386
 0.754107  0.154197 -0.456565   1.38972
 0.753698  0.154905 -0.458091   1.38977
0.926214 0.164601 0.249724  1.67493
0.924525 0.171776 0.267922  1.67226
0.927684 0.171075 0.258538  1.67786
0.929409 0.182502  0.26244  1.68112
0.758137 0.156441 -0.46381   1.4011
0.757504   0.1566 -0.46389   1.3999
