0.878723 0.340146  0.16135  1.59863
0.881519 0.326639 0.186171  1.60473
0.869509 0.341848 0.173799   1.5817
0.872005 0.333215 0.186117  1.58676
0.863384 0.342314 0.186792   1.5724
0.867779 0.335334 0.180816  1.57679
0.87617 0.32942 0.18244 1.59279
0.876405 0.332306 0.170018  1.59206
 0.760857  0.161633 -0.458908   1.40554
 0.76089  0.16161 -0.45892  1.40561
  0.79645  0.135513 -0.407379   1.45189
  0.79052  0.136529 -0.414911    1.4428
 0.793887  0.139515 -0.414272   1.45037
 0.791425  0.121584 -0.414422   1.44217
  0.78658  0.126943 -0.423061   1.43687
0.790202 0.126454 -0.42043  1.44331
 0.803575  0.123689 -0.393191   1.45884
 0.798851  0.115352 -0.400372   1.45056
 0.811725  0.103535 -0.373568   1.46549
 0.804641  0.118369 -0.397611   1.46251
0.792069 0.131001 -0.41896  1.44739
 0.795623  0.123136 -0.412519   1.45065
 0.799369  0.131628 -0.409028   1.45851
 0.796004  0.126862 -0.409992   1.45079
 0.976557  0.119336 -0.052181   1.76005
  0.976511   0.120851 -0.0458763    1.75984
  0.975624   0.123479 -0.0490004    1.75788
   0.97603   0.119509 -0.0474019     1.7585
  0.976485   0.122138 -0.0397031    1.75971
  0.976414   0.123195 -0.0338983    1.75951
  0.975632   0.125721 -0.0369987    1.75765
  0.975993   0.121589 -0.0359178    1.75826
  0.974397   0.132565 -0.0457236    1.75541
 0.974924  0.131962 -0.039669   1.75631
  0.976019   0.120462 -0.0417012    1.75838
  0.975405   0.123753 -0.0392621    1.75687
  0.975463   0.123689 -0.0439086    1.75721
  0.975715   0.124292 -0.0428507    1.75793
0.939275 0.157632 0.235656  1.69717
 0.762403  0.160098 -0.453962   1.40577
 0.760953  0.161517 -0.459232   1.40587
 0.761065  0.161903 -0.458865   1.40579
 0.761271  0.161924 -0.458593   1.40592
 0.761537  0.161844 -0.458547    1.4064
 0.761891  0.161114 -0.456605   1.40604
 0.766145  0.164787 -0.460662   1.41763
0.763998  0.16101 -0.45451  1.40966
 0.763301  0.159313 -0.452139   1.40677
 0.765055   0.16026 -0.455287   1.41211
 0.768543  0.162967 -0.463404   1.42344
 0.771302  0.159272 -0.459768   1.42702
 0.784972  0.144304 -0.428098    1.4387
 0.780516  0.145978 -0.437451   1.43396
 0.783497  0.148646 -0.437027   1.44065
 0.760864  0.161664 -0.458901   1.40555
 0.760845  0.161675 -0.458828   1.40547
 0.761111  0.161932 -0.457369   1.40499
 0.760849  0.161745 -0.459013   1.40557
 0.760867   0.16181 -0.459225   1.40571
 0.760904  0.161816 -0.459387   1.40585
 0.760958    0.1619 -0.459471   1.40601
 0.761813    0.1604 -0.454434    1.4048
 0.761002  0.161865 -0.459548   1.40614
  0.76147  0.161291 -0.456926   1.40535
   0.7609  0.161515 -0.458928   1.40561
 0.760985  0.161614 -0.459378   1.40602
 0.760916   0.16155 -0.459076   1.40572
 0.808425  0.230213 -0.432985   1.50217
 0.807052  0.225542 -0.436915   1.50032
 0.812203  0.226383 -0.435555   1.50907
 0.809612  0.227274 -0.435899   1.50547
 0.804829  0.220726 -0.441629   1.49674
 0.800829  0.215634 -0.448854   1.49102
 0.808188  0.214194 -0.446229   1.50308
 0.805401  0.216555 -0.446852    1.4997
 0.817027  0.221689 -0.435377   1.51683
0.816352 0.212804 -0.44077  1.51598
 0.826965  0.213075 -0.425959   1.53022
 0.820188  0.216684 -0.439269   1.52444
 0.807893  0.222374 -0.440334   1.50309
 0.812633  0.215957 -0.444341   1.51202
 0.813753  0.223227 -0.438491   1.51311
 0.811134  0.220574 -0.439474   1.50736
0.733447 0.161799 -0.46231  1.35376
0.734362 0.160345 -0.46221  1.35526
 0.731471  0.161448 -0.458936   1.34717
 0.728975  0.162024 -0.456689   1.34019
 0.729604  0.159549 -0.457146   1.34125
 0.730739  0.160622 -0.457326   1.34391
 0.732562  0.156902 -0.459778   1.34898
 0.730171  0.157217 -0.457407    1.3421
 0.730916  0.154891 -0.457591   1.34328
  0.73191  0.155959 -0.457864    1.3457
 0.732552  0.160588 -0.459274   1.34942
 0.731217  0.158309 -0.457665   1.34463
 0.732989  0.158192 -0.459866    1.3502
 0.731827  0.159071 -0.459254   1.34757
 0.786772  0.150043 -0.427381    1.4434
 0.781013  0.156366 -0.436196   1.43662
 0.783101  0.155594 -0.425275   1.43539
 0.971225  0.128194 0.0546188   1.74969
 0.970779  0.135951 0.0601061   1.74869
 0.971335  0.136168 0.0537261   1.74937
 0.971109  0.137036 0.0574855   1.74966
 0.970817  0.143016 0.0498364   1.74687
0.970003 0.147027 0.056545  1.74657
 0.969812  0.148143 0.0649859   1.74673
0.778047 0.157361 -0.44085  1.43264
 0.967871  0.149237 0.0863486   1.74172
 0.772783  0.162173 -0.453168   1.42793
   0.975721    0.127113 -0.00668306     1.75805
   0.975447    0.127809 -0.00120951     1.75748
   0.975079    0.129837 -0.00495815     1.75647
   0.975307    0.126201 -0.00466355     1.75688
  0.975184     0.1289 0.00465667    1.75702
 0.974914  0.129731 0.0106099   1.75658
  0.974401   0.133691 0.00631682    1.75517
  0.974688   0.128277 0.00600122     1.7557
   0.974307    0.133602 -0.00310265     1.75433
    0.974164     0.132359 -0.000932497       1.7537
   0.974994    0.127259 7.84823e-05     1.75628
    0.974222     0.131742 -0.000329625      1.75443
    0.97485    0.129376 -0.00359782     1.75575
    0.974832     0.130536 -4.77873e-05      1.75592
 0.768875  0.165482 -0.463272   1.42459
 0.762502  0.159796 -0.452446    1.4053
 0.766817  0.166593 -0.462867   1.42035
   0.7609  0.161907 -0.459332   1.40583
0.762406 0.160998 -0.45243  1.40535
 0.76088 0.161906 -0.45916  1.40572
 0.761037  0.162207 -0.458749   1.40563
 0.760853  0.161728 -0.458639   1.40537
 0.94911 0.185054 0.211034  1.70955
 0.940977  0.159123 -0.240651   1.70851
 0.941695  0.165858 -0.231117   1.70949
 0.938663  0.169708 -0.240231   1.70543
   0.9404  0.160876 -0.238098   1.70725
 0.935672  0.195581 -0.243275   1.70587
 0.938464  0.169538 -0.233424   1.70377
 0.93918 0.172361 -0.23213  1.70569
 0.966577  0.138405 0.0780213   1.74425
 0.969745  0.136644 0.0781232   1.74881
 0.968401   0.13885 0.0802327    1.7453
0.968109 0.138198 0.078576  1.74531
 0.971197  0.130563 0.0863728   1.75011
  0.97159  0.125779 0.0868086   1.75006
 0.969449  0.143914 0.0863121   1.74655
 0.968911  0.140375 0.0808544   1.74538
 0.970078  0.139043 0.0818844   1.74825
 0.969366  0.127077 0.0713797   1.74737
 0.968693  0.125773 0.0756401   1.74625
 0.969356  0.134023 0.0769958   1.74678
 0.968835  0.125972 0.0723584   1.74601
  0.96715  0.125937 0.0808764   1.74338
 0.965158  0.130734 0.0827616   1.74002
0.968121 0.135746 0.082355  1.74462
 0.966934  0.129362 0.0796034   1.74324
 0.969064  0.145889 0.0838911   1.74598
 0.969283  0.143934 0.0862583   1.74634
0.968062 0.125443 0.076365  1.74474
 0.968639  0.135598 0.0806097   1.74532
0.969078 0.134252 0.077565  1.74584
 0.968721  0.134001 0.0809388   1.74568
0.969982 0.146786 0.069454  1.74718
 0.970288  0.144705 0.0718659    1.7477
 0.970726  0.136046 0.0621179   1.74903
 0.971157  0.128817 0.0583171   1.75006
 0.970585  0.128791 0.0621115   1.74909
 0.970674  0.128462 0.0591312   1.74886
 0.970234  0.134855 0.0690236   1.74826
 0.970205  0.128615 0.0651882   1.74856
 0.969768  0.127839 0.0676866   1.74789
0.969866 0.127974 0.065856  1.74769
 0.970502  0.135358 0.0635254    1.7483
 0.970212  0.128622 0.0626022   1.74818
 0.970214  0.135163 0.0661339   1.74778
 0.970466  0.135194 0.0655491   1.74858
 0.971758  0.144263 0.0465518   1.74975
 0.971885   0.14206 0.0488704   1.74971
 0.972665  0.135473 0.0407985   1.75219
 0.973327  0.129729 0.0373417   1.75381
 0.972915  0.128965 0.0424192   1.75303
 0.972792  0.128607 0.0389357   1.75239
 0.971816  0.136618 0.0521927   1.75072
 0.972469  0.128734 0.0480877   1.75229
 0.971836  0.128677 0.0535314   1.75122
 0.971826  0.128056 0.0493021   1.75066
 0.972394  0.134678 0.0423274   1.75132
0.972329 0.128286 0.043581  1.75153
 0.971743  0.135779 0.0458516   1.74996
 0.972364  0.134773 0.0456279   1.75158
 0.970743   0.15513 0.0541809   1.74735
  0.974896   0.113778 -0.0839856    1.75734
  0.974089   0.121219 -0.0780159    1.75542
  0.973228   0.120595 -0.0897337    1.75428
  0.974031   0.120522 -0.0881794    1.75617
  0.972955   0.134651 -0.0729242    1.75353
 0.970704  0.129656 -0.098541   1.74979
  0.971464   0.129826 -0.0967833    1.75156
 0.972797  0.136334 -0.083372   1.75437
 0.739628  0.273224 -0.393848   1.35766
 0.737664  0.265197 -0.400507   1.35435
 0.746891   0.26441 -0.394333   1.37025
 0.743479  0.268768 -0.399012   1.36683
 0.736162  0.257293 -0.406534   1.35182
 0.735033  0.249688 -0.411934   1.34995
 0.743543  0.249602 -0.406384   1.36491
 0.740244  0.252968 -0.410797   1.36116
  0.75222  0.259837 -0.399647   1.38376
 0.753013  0.254322 -0.401492   1.38458
 0.741721  0.260759 -0.405233   1.36378
 0.747176  0.253349 -0.404625   1.37277
 0.749603  0.260685 -0.398668   1.37694
 0.744802  0.256684 -0.400973   1.36679
 0.954425  0.155523 -0.184448   1.72803
 0.957183  0.158259 -0.175773   1.73357
 0.956441  0.141016 -0.189212   1.73125
 0.957111  0.135237 -0.197152   1.73348
 0.959994  0.132132 -0.187311   1.73805
 0.957106  0.138138 -0.189303   1.73223
 0.961856  0.136505 -0.167972   1.73972
 0.963068  0.128649 -0.176203   1.74291
0.965561 0.124178 -0.16422  1.74618
 0.962822  0.131691 -0.165933   1.74078
 0.957234  0.145833 -0.180281   1.73215
 0.959877  0.134971 -0.178116   1.73631
0.960142 0.143126 -0.16823  1.73657
  0.95907   0.13943 -0.179768   1.73555
  0.76063  0.230661 -0.432621    1.4108
 0.729401  0.186133 -0.449406   1.34204
 0.731413  0.184384 -0.450795   1.34725
 0.732169  0.187721 -0.448877   1.34839
 0.730267  0.185813 -0.449366   1.34429
 0.734212  0.183945 -0.455006   1.35599
 0.736133  0.190264 -0.451262   1.35918
   0.7331  0.187812 -0.451734   1.35253
  0.73311  0.185955 -0.452128   1.35232
 0.732255  0.171334 -0.459754   1.35187
 0.732958  0.169716 -0.459771   1.35295
 0.730215  0.171454 -0.455941   1.34492
 0.727668   0.17262 -0.453988   1.33814
 0.727893  0.169808 -0.454897   1.33854
 0.729368  0.171009 -0.454935   1.34185
 0.730596  0.166284 -0.457715   1.34565
 0.728172  0.167185 -0.455602   1.33897
 0.728463  0.164519 -0.456277   1.33941
 0.729818  0.165707 -0.456389   1.34251
 0.731319  0.170326 -0.456573   1.34732
 0.729515  0.168346 -0.455699   1.34204
 0.731334   0.16764 -0.457656   1.34745
 0.730212  0.168747 -0.456735   1.34477
0.736114 0.153467 -0.46304  1.35792
 0.737185   0.15215 -0.462848   1.35973
 0.734212  0.152691 -0.460065    1.3517
 0.731797  0.152755 -0.457548   1.34464
 0.732715  0.150578 -0.457609   1.34615
 0.733571  0.151559 -0.457921   1.34829
0.735853 0.148774 -0.46013  1.35434
 0.733614  0.148594 -0.457476   1.34754
 0.734623  0.146661 -0.457308   1.34915
 0.735319   0.14757 -0.457673   1.35098
 0.735264  0.152078 -0.460156    1.3538
 0.734355  0.149555 -0.457854   1.34948
 0.736035  0.149966 -0.460338    1.3551
 0.734866  0.150636 -0.459978   1.35257
 0.777079  0.159968 -0.450916    1.4356
0.943439 0.154702 0.181052  1.70541
 0.928263 0.0976617 0.0922133   1.69209
 0.93922 0.147431 0.195886  1.70067
0.936231 0.146365  0.20217  1.69742
0.936538 0.143464 0.199791  1.69533
0.938886  0.15313 0.224253  1.69844
0.935401 0.153217 0.253379  1.69158
0.938557 0.156882 0.242165  1.69547
0.883232 0.252519 0.282275  1.60886
0.886479 0.238868 0.292061  1.61575
0.876859 0.249772 0.288246  1.59749
  0.8787 0.241832 0.293461  1.60142
0.871747 0.244203 0.292593  1.58884
0.875638 0.244477 0.290728  1.59435
0.881877 0.242135   0.2911  1.60606
0.881544 0.246326  0.28531  1.60458
0.937362 0.152867 0.246413  1.69407
0.934552 0.129088 0.259913    1.693
 0.935725 0.0967824  0.249057   1.69284
   0.90424 -0.0176071     0.3434    1.65173
 0.918667 0.0115206  0.328327   1.67339
  0.930297 -0.0278195   0.305108    1.69433
   0.916459 -0.00441611    0.313364     1.66364
 0.926056 0.0376642  0.313705   1.68463
 0.928869 0.0514394  0.292878   1.68473
 0.936747 0.0406786  0.287974   1.70178
 0.929368 0.0474664  0.292547   1.68561
  0.944759 -0.0082585   0.264902    1.71373
0.942058 0.021706  0.26381  1.70659
 0.952212 0.0171277  0.237768   1.72397
 0.947008 0.0107122  0.241621   1.71201
 0.925151 0.0242644  0.299873   1.67737
 0.937566 0.0256176  0.267638   1.69674
   0.936123 -0.00615675    0.271219     1.69438
  0.933899 0.00944998    0.29396    1.69626
0.949892 0.188064 0.209927  1.70921
0.949934 0.184879 0.210082  1.71201
0.934255 0.153787 0.207734  1.69308
0.944134 0.199612 0.234108  1.70036
0.939898 0.205417 0.242944  1.69323
0.932403 0.209104 0.253331  1.68013
0.926109 0.204343   0.2592   1.6653
0.937704 0.153092 0.225906  1.69534
0.910334 0.201713 0.272829  1.63416
0.935114 0.142506 0.203306  1.69214
0.949414 0.158774 0.179601  1.71494
 0.875126 0.0247974 0.0167462   1.60226
0.945981 0.177631 0.171295  1.70051
0.929045 0.117936 0.270371  1.68394
0.938166 0.152894 0.241716  1.69442
 0.93045 0.127405 0.274801  1.68761
0.932403 0.140447 0.268151  1.68926
0.934168 0.149842 0.261796  1.69079
0.936085 0.201031 0.246236  1.68471
0.937309 0.159227 0.238987  1.69383
0.941883 0.195673 0.236224  1.69568
0.938416  0.16047 0.206379  1.69718
0.942629 0.172913 0.190112  1.70496
 0.786044  0.122148 -0.427536   1.43736
 0.785026  0.115051 -0.424717   1.43259
 0.790567  0.117102 -0.419033   1.44198
  0.78768  0.117868 -0.420883   1.43676
 0.782615  0.108211 -0.424946    1.4264
 0.777027  0.104384 -0.426224   1.41426
 0.783784  0.100987 -0.418464    1.4244
0.782437 0.104908 -0.42257  1.42412
 0.797059  0.109326 -0.407926   1.44944
 0.792555 0.0977196 -0.407487   1.43764
 0.804117 0.0949295 -0.390547   1.45483
 0.799297  0.101917 -0.398017   1.44846
 0.78603 0.111177 -0.42042  1.43187
  0.78993  0.102681 -0.412817   1.43515
  0.79248   0.11161 -0.411072   1.44126
 0.789436  0.107263 -0.417227   1.43711
 0.778167  0.150345 -0.451143   1.43647
 0.766249  0.168744 -0.461886   1.41941
 0.754814   0.12715 -0.454524   1.38664
 0.756987  0.125442 -0.453958    1.3906
 0.752272  0.124751 -0.453317   1.38009
 0.749271  0.123875 -0.450911   1.37191
0.751293 0.121737 -0.44973  1.37513
 0.751572  0.122936 -0.450611   1.37643
0.756726 0.120868 -0.45039  1.38711
 0.753399  0.119639 -0.448212   1.37835
 0.755891  0.117397 -0.446247   1.38212
  0.75605  0.118866 -0.447526   1.38343
0.753641 0.124761 -0.45262  1.38255
 0.753617  0.120938 -0.449262   1.37963
 0.756044  0.122656 -0.451198   1.38644
  0.75426  0.122748 -0.451827   1.38306
  0.77195  0.166757 -0.453521   1.42737
 0.742307  0.214765 -0.437366   1.37031
 0.747669  0.224217 -0.429531   1.37968
 0.737592  0.216886 -0.432047   1.35736
 0.740089  0.221859 -0.427935   1.36147
0.734362 0.221386 -0.43136   1.3509
0.736204 0.219237  -0.4294   1.3535
 0.741621  0.221029 -0.431614   1.36725
 0.740654  0.218314 -0.432656   1.36507
 0.836701  0.234659 -0.413597   1.55026
 0.841539  0.233131 -0.408239    1.5578
 0.835791  0.236823 -0.409016   1.54825
 0.837342  0.234662 -0.410235      1.55
0.846672 0.231566 -0.40252  1.56591
0.852157 0.229476 -0.39624  1.57451
 0.845801  0.234415 -0.397561   1.56407
 0.847439  0.231605 -0.398581   1.56574
 0.835168  0.240632 -0.402197   1.54619
 0.839833  0.242572 -0.397944   1.55505
 0.842172  0.233182 -0.404711   1.55748
  0.84281  0.237017 -0.398821   1.55874
 0.837422  0.238181 -0.405213   1.55044
  0.8407 0.235466  -0.4036  1.55586
 0.747127  0.135079 -0.459731   1.37508
 0.744236  0.138841 -0.460128      1.37
 0.745347  0.133433 -0.457163   1.36937
 0.743652   0.13554 -0.457551   1.36642
  0.74363  0.132523 -0.454795   1.36384
 0.744065  0.133921 -0.457058   1.36668
 0.744277   0.13699 -0.459118   1.36911
  0.74623  0.135334 -0.458826    1.3727
 0.852925  0.229573 -0.391927   1.57423
 0.854291  0.234378 -0.384638   1.57686
 0.847526  0.236116 -0.393087   1.56633
 0.851373  0.232573 -0.390972   1.57267
 0.855655   0.24202 -0.375787   1.57983
 0.842177  0.243259 -0.392055   1.55781
 0.845092   0.23946 -0.390714   1.56199
 0.851658  0.242186 -0.384671   1.57467
 0.880391  0.236619 -0.342477   1.62051
 0.865385  0.238424 -0.362975   1.59542
 0.87848 0.224728 -0.35179  1.61473
 0.870928  0.228066 -0.362873   1.60321
0.876464  0.21806 -0.36147  1.61081
 0.874807  0.222032 -0.360319   1.60907
   0.8685  0.232845 -0.361529    1.5998
 0.875458  0.236495 -0.354221   1.61367
 0.905682  0.192407 -0.321284   1.65641
 0.911677  0.187941 -0.311467   1.66602
 0.906199  0.196906 -0.311665   1.65617
 0.907098  0.193809 -0.314801   1.65771
 0.917537  0.182277 -0.300591   1.67494
 0.922483  0.176246 -0.290133   1.68197
 0.918191  0.185913 -0.289456   1.67456
 0.918854  0.183628 -0.292959    1.6758
 0.904146   0.21418 -0.307993   1.65591
 0.911221  0.215427 -0.298601   1.66974
 0.913155  0.189321 -0.303633   1.66708
 0.916194  0.196474 -0.290517   1.67251
 0.908598   0.20105 -0.303796   1.66005
 0.912049  0.193512 -0.301677    1.6657
 0.924033  0.196498 -0.269035   1.68537
0.930217 0.198212 -0.25861  1.69755
 0.926772  0.177208 -0.271548   1.68723
 0.927041  0.171688 -0.280429   1.68883
 0.932064   0.16755 -0.269942   1.69687
 0.927779  0.173767 -0.273092   1.68873
 0.936749  0.166256 -0.247422   1.70206
0.936727 0.162287 -0.25843  1.70374
 0.940553  0.156884 -0.247754     1.709
 0.937386  0.164277 -0.250222   1.70337
 0.928563  0.182113 -0.262393   1.68981
  0.93283  0.169661 -0.261124   1.69649
 0.935006  0.177633 -0.248142   1.70032
 0.931707  0.174151 -0.260618   1.69517
 0.941055  0.177349 -0.226798   1.70984
  0.94597  0.179593 -0.216414   1.71972
0.943571 0.158482 -0.22934  1.71216
 0.944121  0.152723 -0.238031   1.71432
0.948013 0.148869 -0.22766  1.72048
 0.944459  0.155319 -0.230311   1.71358
 0.951373  0.147024 -0.205248   1.72332
 0.951482  0.143804 -0.216493   1.72539
  0.95441  0.138944 -0.206448   1.72947
   0.9518  0.146104 -0.208398   1.72464
 0.944907  0.163734 -0.219716   1.71397
 0.948403  0.151442 -0.218554    1.7196
 0.950074  0.159328 -0.205452   1.72238
 0.947442  0.155566 -0.218469   1.71833
 0.736711  0.197472 -0.447963   1.36028
 0.740829  0.205288 -0.442506    1.3676
 0.733262  0.198779 -0.443411    1.3502
  0.73501  0.202897 -0.440506    1.3531
 0.730811  0.201835 -0.442405    1.3447
 0.732096  0.200643 -0.441447   1.34703
 0.736214  0.202313 -0.443713   1.35787
 0.735439  0.200138 -0.444429   1.35612
 0.738932  0.245557 -0.415827   1.35883
 0.743261  0.239264 -0.415841   1.36641
 0.746381  0.245735 -0.410227   1.37167
 0.741397  0.242181 -0.412382   1.36134
  0.74926  0.236273 -0.421149   1.38191
  0.75577  0.248244 -0.410123   1.39311
 0.748208  0.244605 -0.413182   1.37764
 0.747408  0.240507 -0.415069   1.37572
 0.968601  0.122982 -0.120274   1.74641
 0.969196  0.124904 -0.119031   1.74796
 0.967412  0.121841 -0.138479   1.74602
  0.96765  0.119819 -0.152797   1.74877
 0.969512  0.116407 -0.142343   1.75129
 0.967698  0.123627 -0.144202   1.74797
 0.970833  0.115044 -0.120626   1.75126
 0.970837  0.113223 -0.132883    1.7528
 0.971854  0.111063 -0.124397   1.75394
 0.971074  0.117011 -0.126842   1.75299
 0.968453  0.126643 -0.131255   1.74815
 0.969591  0.120482 -0.134961   1.75087
 0.970288  0.124339 -0.122975    1.7513
 0.969395  0.119073 -0.129738   1.74936
  0.85823  0.240516 -0.349781   1.57601
 0.871157  0.246354 -0.335555   1.60141
 0.957813 0.0150962  0.201009   1.72819
 0.964767 0.0390365  0.184176   1.74254
 0.964219 0.0034715  0.188722   1.74235
 0.962967 0.0102193  0.186508   1.73822
  0.96879 0.0596293  0.117645   1.74297
 0.967619 0.0525844  0.154354   1.74485
 0.970383 -0.018464  0.144097   1.75078
 0.974926 0.0232813  0.107833   1.75596
  0.976334 -0.0197499  0.0856276    1.76034
  0.974565 -0.0288044   0.101568    1.75615
 0.967031 0.0261943  0.151778   1.74219
0.972223 0.020221 0.115895  1.75047
  0.968675 -0.0121834   0.142905     1.7456
 0.969393 0.0276124  0.144352   1.74707
 0.901856    0.1985 -0.324409   1.65003
 0.903882  0.204078 -0.313998   1.65341
 0.899316  0.209415 -0.322007   1.64733
  0.90144  0.200385 -0.319577   1.64881
0.897736 0.230574 -0.32119  1.65105
 0.900419  0.209797 -0.313294   1.64796
 0.901515   0.21049 -0.312432    1.6504
 0.973095  0.114013 -0.119071   1.75669
  0.97412  0.113479 -0.109033   1.75795
 0.971796  0.118888 -0.115633   1.75348
 0.972593  0.112113 -0.112081   1.75434
  0.975092   0.113773 -0.0997443    1.75938
  0.975722   0.113704 -0.0907471    1.76004
  0.973428   0.120057 -0.0970046    1.75548
  0.974299   0.113381 -0.0927418    1.75662
 0.970032  0.129592 -0.112993   1.74988
 0.970985  0.130725 -0.104375   1.75135
 0.973439  0.112702 -0.102576   1.75542
 0.972492  0.118317 -0.099644   1.75321
 0.971825  0.118155 -0.107833   1.75247
 0.972684   0.11855 -0.106271   1.75449
0.936009 0.138131 0.240085  1.69245
  0.96934  0.127299 0.0683479   1.74682
  0.96929  0.134457 0.0723138   1.74619
 0.970046  0.134324 0.0698419   1.74758
 0.969698  0.134074 0.0717156   1.74741
 0.970306  0.143414 0.0726719   1.74743
 0.969673  0.145356 0.0735617   1.74568
 0.970078   0.14227 0.0719709   1.74772
 0.968997  0.146518 0.0774058   1.74529
 0.969806  0.139904 0.0763814   1.74699
 0.838539  0.419167 0.0301802   1.53155
  0.849371   0.404444 0.00649958    1.54726
 0.854452  0.399776 0.0375501   1.55698
 0.846393  0.398505 0.0248348   1.53769
  0.863862   0.386997 -0.0109755    1.57251
 0.869827  0.386029 0.0446716   1.58553
 0.860928   0.38628 0.0352257   1.56481
  0.862324   0.383699 0.00671195    1.56696
0.935588 0.141339 0.256203   1.6932
 0.927037 0.0815881  0.288571   1.68141
0.926938 0.101317 0.274035  1.67874
 0.924775 0.0955546  0.294919   1.67949
0.946453 0.085814 0.216923  1.70945
 0.943012 0.0883142  0.223717   1.70282
0.906825 0.101927 0.333654  1.65118
0.913012 0.088438 0.324953  1.66109
0.904205 0.087779 0.346336  1.64953
 0.908201 0.0884198  0.331676   1.65225
 0.917718 0.0747161  0.315692   1.66751
 0.925008 0.0659008  0.295704   1.67734
 0.919386 0.0549232  0.318846   1.67142
 0.921411 0.0588959  0.311444   1.67365
 0.899468 0.0631186  0.352504   1.64156
 0.910019 0.0394745   0.33528   1.65661
0.891856 0.023973 0.353786  1.62786
 0.903205 0.0356288   0.34796    1.6466
 0.914885 0.0717267  0.323653   1.66343
 0.915288 0.0484058  0.332535   1.66672
 0.906043 0.0684612  0.343782     1.651
0.911205 0.069205 0.336417  1.66005
0.867714 0.307308  0.23165  1.58029
0.873225 0.309653 0.221816    1.589
0.874806 0.301228 0.231497  1.59242
0.871567  0.30339 0.226908  1.58458
0.881015 0.310158 0.211932  1.60301
 0.88281 0.296547 0.232124  1.60767
0.878496 0.298956  0.22865  1.59783
0.879021 0.303069  0.21809  1.59787
0.940079 0.155798  0.23452   1.6985
0.926169 0.109597 0.282894  1.67973
0.875008 0.125165 0.334234  1.58971
 0.88555 0.119986 0.345975  1.61351
0.873151 0.103851 0.344419  1.58669
0.879812 0.118296 0.342805  1.60321
0.894823 0.112371 0.346317  1.63075
0.903479 0.104853 0.334154  1.64388
 0.898924 0.0915488  0.347555   1.63822
0.899316 0.106785 0.348654  1.64134
0.874973 0.072459 0.352902  1.59103
 0.89239 0.068386 0.353642   1.6263
 0.882554 0.0312093  0.355093   1.60665
 0.883522 0.0632938  0.358576   1.61261
0.889805 0.112117 0.352024  1.62451
 0.893021 0.0895178  0.355586   1.63061
 0.880115 0.0950338  0.353256   1.60539
 0.887219 0.0972723  0.351609   1.61663
 0.914605 0.0941088  0.320357    1.6635
 0.911601 0.0993353  0.319346   1.65652
 0.919321 0.0950991  0.299996   1.66783
 0.924323 0.0775831  0.302283   1.67898
 0.919846 0.0769957  0.306393   1.66947
 0.918429 0.0952004  0.311154    1.6695
 0.782091  0.117779 -0.427701   1.42821
 0.779272  0.124548 -0.434632   1.42689
 0.781937  0.121331 -0.429221   1.42923
 0.773282  0.119444 -0.438602   1.41544
 0.772553   0.12634 -0.444892    1.4184
 0.773961  0.122596 -0.439096   1.41761
 0.780049  0.112194 -0.427964   1.42301
 0.774982  0.113632 -0.433856   1.41549
0.776358 0.107394  -0.4294  1.41493
 0.776799  0.110061 -0.431283   1.41748
 0.777771  0.121359 -0.436904    1.4244
  0.77486  0.116123 -0.435658   1.41669
 0.779594  0.115282 -0.430408   1.42389
 0.777832  0.118029 -0.432848   1.42183
 0.774045  0.156789 -0.459563   1.43246
 0.822032   0.23504 -0.429576   1.52668
 0.824881  0.235602 -0.426555   1.53146
 0.820143  0.236299 -0.427329   1.52334
 0.821794  0.235296 -0.427937   1.52537
 0.828224  0.235845 -0.422856   1.53686
 0.832179  0.235572 -0.418538   1.54314
 0.826317  0.237768 -0.419644   1.53333
 0.828232  0.235965 -0.420357   1.53563
 0.816927   0.23861 -0.421691   1.51612
 0.820301  0.240422 -0.417968   1.52209
  0.82467  0.235783 -0.424458   1.52995
 0.823588  0.238301 -0.420825   1.52813
 0.820314  0.237163 -0.425014   1.52291
 0.822981  0.237061 -0.423884   1.52794
 0.820084  0.234066 -0.431665   1.52327
 0.817596  0.233255 -0.432335   1.51934
 0.819539  0.232433 -0.432757   1.52228
 0.818868  0.232912 -0.432184   1.52065
 0.814967  0.231929 -0.432106   1.51425
 0.811047  0.232504 -0.431972   1.50791
 0.814166  0.228952 -0.434928   1.51354
 0.813725  0.231105 -0.432579   1.51195
0.820381 0.229625 -0.43247  1.52326
 0.818228  0.226059 -0.435224   1.52044
 0.823797  0.224599 -0.428817   1.52752
 0.820828  0.225324 -0.431841   1.52282
 0.816512  0.231725 -0.432646   1.51687
 0.816481  0.228046 -0.433882   1.51652
  0.81893  0.230258 -0.432858    1.5205
 0.817336  0.230492 -0.433726   1.51885
0.936103 0.145778 0.248454  1.69278
  0.977541 -0.0887716  0.0733266    1.76928
 0.959762 -0.117552  0.155922   1.73976
  0.966979 -0.0653751   0.142804    1.74569
  0.965852 -0.0784528    0.14855    1.74884
 0.929663 -0.101906  0.252891   1.68793
  0.896152 -0.0438405   0.319663    1.62608
 0.932685 -0.049999  0.269336   1.68992
  0.923232 -0.0752394   0.312507     1.6899
  0.960528 -0.0289907   0.190673    1.73462
  0.948907 -0.0271214   0.227472    1.71377
   0.955174 -9.7171e-05    0.202656     1.72193
  0.954728 -0.0166899   0.223098    1.72683
   0.94656 -0.0977568   0.238747    1.72518
  0.944869 -0.0519123   0.260322    1.71711
  0.959844 -0.0461751   0.204904    1.73895
  0.951388 -0.0721933   0.211357    1.72179
0.875377 0.209869 0.312736   1.5958
0.880585 0.217531 0.311496  1.60522
0.883494 0.208884 0.314878   1.6112
0.879726 0.212124  0.31302  1.60281
0.886647 0.221254 0.305184  1.61555
0.892473 0.204734 0.310533  1.62681
0.886304 0.209115 0.311582  1.61437
0.885308 0.213925 0.307157  1.61166
0.878268 0.138329 0.326053   1.5959
0.880955 0.146504 0.321884  1.60158
0.886753 0.147594 0.334586  1.61581
0.882666 0.144249 0.324601  1.60622
0.881351 0.154641 0.320901  1.60308
0.880282 0.163434 0.320867  1.60172
0.886923 0.165589 0.328883  1.61637
0.882628 0.161747 0.321347  1.60709
0.892422 0.152761 0.334152  1.62624
0.892565 0.161226 0.329063  1.62583
0.898851 0.150462 0.325312  1.63602
0.893974 0.155358 0.333141   1.6296
0.883254 0.153005  0.32186  1.60762
 0.88882 0.162277 0.331185  1.62094
0.888964 0.152911 0.334222  1.62131
0.887257  0.15683  0.33111  1.61696
 0.760899  0.161627 -0.458645   1.40544
 0.76096 0.161649 -0.45859  1.40554
 0.761196  0.161896 -0.458867   1.40604
 0.760972  0.161791 -0.459576    1.4061
 0.760976   0.16182 -0.459605   1.40612
 0.760959  0.161724 -0.459494   1.40604
0.760938 0.161829 -0.45952  1.40599
 0.761019   0.16172 -0.459493   1.40616
0.769237 0.165134 -0.46039  1.42412
 0.761041  0.161798 -0.459559   1.40624
 0.747433  0.133636 -0.458893   1.37495
 0.748947  0.132263 -0.458567   1.37767
 0.745577  0.132111 -0.456824   1.36941
0.743341 0.131523  -0.4542   1.3627
 0.744611  0.129635 -0.453721   1.36476
 0.745023  0.130623 -0.454267   1.36612
 0.748336  0.128553 -0.455555    1.3738
 0.745926  0.127814 -0.452992   1.36678
 0.747457   0.12586 -0.452101   1.36913
 0.747788  0.126989 -0.452836   1.37045
 0.746569  0.131887 -0.456535   1.37127
 0.746272   0.12886 -0.453643   1.36806
 0.748029  0.129953 -0.455999   1.37367
 0.746763  0.130296 -0.456086   1.37112
 0.760966  0.161823 -0.459584   1.40607
 0.762275  0.160097 -0.456556   1.40664
 0.766242  0.163374 -0.460645   1.41753
 0.767729   0.16221 -0.462527   1.42129
 0.770662  0.161204 -0.464535   1.42815
 0.770215  0.124924 -0.446328   1.41399
 0.765971  0.120404 -0.444687   1.40342
 0.770395  0.118392 -0.440293   1.41005
0.769109 0.121267 -0.44253  1.40901
 0.763331  0.116839 -0.444695   1.39716
 0.758994  0.115107 -0.443598   1.38681
 0.76263 0.112694 -0.44053  1.39243
 0.762538  0.114428 -0.442301    1.3935
 0.771752  0.112403 -0.436308   1.40973
 0.766654  0.110266 -0.436671   1.39849
 0.771456  0.107499 -0.432003   1.40581
 0.771096  0.109914 -0.434608    1.4068
 0.765614  0.117762 -0.442774   1.40106
 0.766423  0.112287 -0.438872   1.39952
 0.770133  0.115743 -0.438641   1.40806
0.767178 0.114746  -0.4408  1.40281
 0.761164  0.161843 -0.459289   1.40638
 0.763753  0.157269 -0.452486   1.40756
 0.775308  0.153448 -0.451662    1.4309
 0.779558  0.127816 -0.434361   1.42767
   0.7775  0.136753 -0.441634   1.42832
 0.772836  0.128676 -0.443832   1.41843
 0.777946  0.132602 -0.441284   1.42862
   0.7668  0.133888 -0.454185   1.41188
 0.781937  0.140985 -0.439873   1.43764
 0.784682   0.13118 -0.432335    1.4382
 0.788272  0.141114 -0.428717   1.44568
 0.784133  0.135576 -0.429706   1.43623
 0.768892  0.158223 -0.465227   1.42422
 0.760839  0.161699 -0.458864   1.40548
 0.760849   0.16182 -0.458965   1.40556
 0.761738  0.161328 -0.454403   1.40482
 0.761204  0.162242 -0.458566   1.40584
 0.764767  0.165489 -0.459642   1.41447
  0.76241  0.163586 -0.454536   1.40693
 0.761817  0.160412 -0.456728    1.4058
 0.740529   0.15714 -0.468308   1.37114
 0.761038   0.16184 -0.459576   1.40623
0.768585 0.168007 -0.46063  1.42351
 0.761543  0.161479 -0.458627   1.40638
 0.763834  0.162245 -0.454536   1.40959
 0.761242  0.161718 -0.458911   1.40612
 0.761738  0.168684 -0.446972   1.40449
 0.760973  0.161505 -0.458615   1.40555
 0.761066  0.161919 -0.459396   1.40617
 0.760943   0.16152 -0.458793   1.40563
 0.761874  0.161296 -0.458717   1.40706
 0.760978  0.161454 -0.458946   1.40578
 0.760942  0.161631 -0.459362   1.40593
 0.761088  0.161574 -0.459135   1.40614
  0.76092  0.161545 -0.459208   1.40579
 0.760926  0.161415 -0.458808   1.40558
  0.76093  0.161478 -0.459116   1.40576
 0.792648  0.145762 -0.415191   1.44931
 0.798785  0.144574 -0.406545    1.4583
0.793219 0.154446 -0.40859  1.44902
 0.794411  0.146349 -0.408362   1.44991
 0.808161  0.140797 -0.391455   1.47136
 0.824515  0.142978 -0.369799   1.49956
 0.805687   0.15903 -0.385469   1.46725
 0.810017  0.145268 -0.381081   1.47248
0.792027 0.161123 -0.40301  1.44541
 0.796404  0.166682 -0.396216   1.45311
 0.789739  0.173133 -0.405206   1.44384
 0.792549  0.165249 -0.401438   1.44698
 0.800542  0.143723 -0.395373   1.45683
0.799867 0.157881 -0.39251  1.45751
 0.794048  0.154405 -0.401117   1.44747
 0.799147  0.153798 -0.396558   1.45635
 0.789344  0.149463 -0.413813   1.44205
 0.789313  0.153771 -0.414313   1.44324
 0.787413   0.16144 -0.405547   1.43666
 0.785682  0.168962 -0.410461   1.43697
0.783468 0.158923  -0.4233  1.43619
 0.785838  0.161178 -0.414726   1.43748
  0.73977  0.146046 -0.462366   1.36353
 0.740946  0.144502 -0.462064   1.36548
 0.737909  0.145121 -0.459729   1.35765
 0.735635  0.144881 -0.456972   1.35071
 0.736709  0.143035 -0.456796   1.35249
 0.737353  0.143856 -0.457151   1.35419
 0.739545  0.141439 -0.459297   1.36004
 0.737604  0.141373 -0.456546   1.35389
 0.738438  0.139685 -0.456335   1.35518
 0.739066   0.14046 -0.456661   1.35682
 0.738918  0.144638 -0.459698   1.35962
 0.738201  0.142153 -0.456914   1.35549
 0.739807  0.142534 -0.459622   1.36102
 0.738665  0.143247 -0.459356    1.3586
0.734223 0.163285  -0.4626  1.35589
 0.733901  0.168182 -0.460977   1.35529
 0.731947  0.162759 -0.458976   1.34848
 0.731606  0.165374 -0.458133   1.34777
 0.730127  0.163175 -0.456904   1.34293
 0.730739  0.163751 -0.458159   1.34564
 0.732369  0.166097 -0.460684   1.35144
  0.73322  0.164545 -0.460706   1.35285
 0.766461  0.169848 -0.457068   1.41829
 0.772224  0.163542 -0.459407   1.42966
 0.762831  0.158575 -0.453908    1.4064
 0.751632  0.135717 -0.460872   1.38525
 0.755627   0.13289 -0.459985   1.39259
 0.761002     0.162 -0.459429   1.40605
 0.765551  0.157874 -0.457166   1.41364
 0.760923  0.162028 -0.459357   1.40585
 0.768509  0.167675 -0.456284   1.42167
 0.762882   0.16266 -0.454372   1.40763
0.760874  0.16206 -0.45926  1.40572
0.761728  0.16123 -0.45306  1.40428
 0.761275  0.161439 -0.455088   1.40421
 0.760834  0.162102 -0.455898   1.40385
 0.760964  0.162101 -0.459367   1.40596
 0.761408  0.161905 -0.456889   1.40534
 0.760885  0.161981 -0.458999   1.40562
 0.761005  0.162062 -0.458849    1.4057
 0.761453  0.162179 -0.453146   1.40396
 0.760918  0.162004 -0.458884   1.40558
 0.760861  0.162298 -0.457882   1.40484
  0.76084  0.161743 -0.458831   1.40547
 0.760862  0.162089 -0.458894   1.40549
 0.965483  0.136976 0.0681074   1.74151
 0.971032  0.130042 0.0342501   1.75361
 0.970507  0.132617 0.0619377   1.74953
 0.968547  0.141563 0.0629216   1.74953
  0.979815  0.0924629 0.00186229    1.77238
    0.981825    0.0226548 -0.000585311      1.77501
 0.978784  0.084819 0.0461323   1.76459
 0.979264 0.0482554 0.0419111   1.76658
 0.972953  0.122015 0.0679095   1.75266
 0.975155  0.103727 0.0632054     1.756
 0.972377  0.123576 0.0828036   1.75198
 0.973499  0.111018 0.0774047   1.75329
 0.973204  0.116318 0.0403584    1.7575
 0.975614 0.0940322 0.0594242   1.75709
0.972327 0.123914 0.066468  1.75275
 0.974632  0.113517 0.0425765   1.75672
 0.871596  0.372373 0.0908476   1.58635
0.878684 0.357305 0.124283  1.60012
0.861308 0.377663 0.107194  1.56757
0.866212 0.367257 0.124626  1.57663
0.854886 0.380859 0.124867  1.55814
0.859941 0.369557 0.118168  1.56237
0.870488 0.361788 0.120022  1.58255
0.869709 0.363729 0.103572  1.57968
  0.816682   0.427807 -0.0973697    1.49449
 0.825751  0.407687 -0.117134   1.50627
  0.837946   0.406409 -0.0881761    1.52887
  0.824731   0.406739 -0.0984739    1.50059
 0.839287  0.386426 -0.134683   1.53021
  0.860902   0.383591 -0.0831493    1.57054
 0.842443  0.393742 -0.093455   1.53403
 0.836873  0.386612 -0.111396   1.52066
  0.879587   0.348755 -0.0764852    1.59738
 0.973132  0.129254 0.0337755   1.75298
0.972608 0.135297 0.038346  1.75169
 0.972898   0.13572 0.0310903     1.752
 0.972874  0.136784 0.0353289   1.75258
 0.972021  0.140257 0.0245995   1.74883
 0.971491  0.145475 0.0328339   1.74892
 0.971489  0.146144 0.0417816   1.74924
 0.967097  0.139911 -0.102932   1.74254
   0.96949    0.15498 -0.0797356    1.74809
 0.973001  0.141033 0.0216009   1.75182
 0.973062  0.139082 0.0238076    1.7516
 0.973951  0.134311 0.0182542   1.75439
 0.974605  0.129915 0.0162557   1.75599
 0.974237  0.129852 0.0214908   1.75524
 0.974162   0.12907 0.0176665   1.75479
 0.973297  0.136375 0.0294589   1.75318
 0.973974  0.130262 0.0269268   1.75486
  0.97367  0.130234 0.0322618    1.7544
 0.973462  0.129609 0.0280609   1.75352
 0.973722  0.133867 0.0193332   1.75366
 0.973783  0.129576 0.0222612   1.75409
 0.973122   0.13542 0.0227591   1.75238
 0.973704  0.134168 0.0229175   1.75384
 0.974424  0.128833 0.0122512   1.75525
0.973863 0.133773 0.015283  1.75391
   0.97402    0.13314 0.00800312    1.75403
 0.974093  0.134912 0.0126358   1.75471
   0.972949     0.13512 -0.00077664     1.75072
  0.972624   0.141991 0.00879347    1.75102
 0.972723   0.14275 0.0171038   1.75137
   0.975508    0.125181 -0.00999929     1.75723
   0.974991     0.12846 -0.00765152     1.75597
  0.975137   0.126206 -0.0142647    1.75602
  0.975206   0.129199 -0.0106382     1.7567
  0.974629   0.133666 -0.0147373    1.75475
  0.974104   0.130747 -0.0150817    1.75367
   0.974121    0.134146 -0.00778047     1.75403
 0.968569  0.152262 0.0596637   1.74173
  0.974496   0.137262 -0.0219596    1.75532
  0.975018   0.135492 -0.0172695     1.7562
  0.975586   0.127273 -0.0255573    1.75751
  0.976339    0.12402 -0.0283113    1.75931
  0.976286   0.124218 -0.0228703    1.75913
  0.975921    0.12314 -0.0247835    1.75806
  0.975459   0.126486 -0.0159709    1.75695
  0.976133   0.124563 -0.0175224    1.75874
  0.97595  0.125943 -0.012126   1.75845
  0.975704   0.123851 -0.0154515    1.75754
  0.975454   0.126341 -0.0215072     1.7569
   0.97588   0.123174 -0.0199257    1.75792
  0.975419   0.125536 -0.0178345    1.75665
  0.975625   0.126577 -0.0204107    1.75743
0.975936 0.122622 -0.03029  1.75812
   0.97536    0.12696 -0.0265684    1.75682
  0.975372   0.125608 -0.0331268    1.75679
  0.975541   0.127083 -0.0314648    1.75749
  0.974325   0.130215 -0.0363358    1.75427
  0.974078   0.131965 -0.0347816    1.75406
  0.974112   0.136565 -0.0280199    1.75449
  0.976017   0.118186 -0.0534745    1.75858
  0.975348   0.123584 -0.0494941    1.75714
  0.975199   0.121342 -0.0561021    1.75675
  0.975507   0.121869 -0.0554606    1.75768
  0.974116   0.132651 -0.0573782    1.75495
  0.974054    0.12295 -0.0564098    1.75391
  0.974058   0.129628 -0.0518177    1.75452
 0.970013  0.151588 0.0323088   1.74411
  0.973296   0.127689 -0.0738636    1.75353
  0.974023   0.132615 -0.0656979    1.75534
  0.974716    0.12013 -0.0777228    1.75684
  0.976284   0.114216 -0.0820224    1.76072
   0.97662   0.114431 -0.0735359    1.76091
  0.975476   0.114651 -0.0747975    1.75812
  0.975338   0.119522 -0.0616688    1.75725
  0.976683     0.1155 -0.0657073    1.76064
  0.976654   0.117447 -0.0586683    1.76039
  0.975962   0.116352 -0.0600302    1.75855
   0.97461   0.121622 -0.0701203    1.75611
  0.97582   0.11517 -0.066957   1.75848
  0.975097   0.121815 -0.0612916    1.75681
  0.975108   0.120273 -0.0697415    1.75729
 0.964817  0.194009 0.0203654   1.73723
 0.967566  0.156953 -0.130326    1.7511
 0.958966  0.157632 -0.162986   1.73548
 0.966609  0.137703 -0.139696   1.74666
 0.962646  0.141218 -0.157214   1.74046
 0.965408  0.127543 -0.154621   1.74456
 0.964484  0.131091 -0.155208   1.74301
 0.960992  0.146437 -0.160662   1.73813
 0.964385  0.155463 -0.151131    1.7463
  0.96321  0.166865 0.0736447   1.73091
 0.954536  0.141521 -0.199226   1.72856
 0.955038   0.14732 -0.190303   1.72906
0.952778 0.150388 -0.19835   1.7258
 0.954163  0.142651 -0.196889   1.72757
 0.950395  0.177273 -0.200623   1.72643
 0.952792  0.148724 -0.189959   1.72405
 0.953279  0.150975 -0.188955   1.72539
  0.973332   0.146203 -0.0381821    1.75335
 0.796301   0.39751 -0.211978   1.45814
 0.804649  0.377196 -0.222988   1.46912
 0.815058   0.38277 -0.199734   1.48818
 0.803231  0.380214 -0.208454    1.4631
 0.816915   0.36065 -0.235934    1.4936
 0.835312  0.368826 -0.194427   1.52684
 0.819319  0.373153 -0.204361   1.49518
 0.814308  0.365275 -0.215847   1.48364
  0.886784   0.353605 -0.0123728    1.60945
 0.790881  0.327972 -0.311709   1.45002
 0.810999  0.338511 -0.279601   1.48595
 0.781964  0.339798 -0.302525   1.43075
 0.792355  0.346508 -0.284754   1.44916
 0.776203  0.355838 -0.296465   1.42335
 0.781322  0.343504 -0.291587   1.42647
 0.795212   0.33984 -0.289487   1.45519
   0.7892   0.33365 -0.297104   1.44239
 0.964868  0.175924 -0.100608   1.74344
 0.940819  0.237315 -0.141743   1.70495
 0.923377  0.177951 -0.283412   1.68228
 0.924515   0.18452 -0.273705   1.68413
 0.920747  0.188957 -0.282678   1.67917
 0.922758  0.179989 -0.280286   1.68102
 0.917687  0.212868 -0.284542   1.67991
  0.92065  0.189339 -0.275784   1.67781
0.921595  0.19181 -0.27445  1.68017
 0.758135  0.314221 -0.354602   1.39225
 0.763414   0.30213 -0.356694   1.39964
0.770801 0.310029 -0.34452   1.4126
 0.762072  0.305926 -0.349393   1.39463
 0.771207  0.294332 -0.362647   1.41739
 0.785435  0.308011 -0.340844   1.44277
 0.773184  0.305874 -0.347714   1.41847
  0.76952  0.299942 -0.352792   1.41071
 0.936473   0.21812 -0.200345    1.7025
 0.882721   0.22783 -0.341319     1.623
 0.889476  0.231088 -0.334192   1.63676
 0.881771  0.219288 -0.350389   1.62034
 0.881881  0.214308 -0.358427   1.62099
 0.888333  0.209164 -0.349057   1.63072
 0.883408  0.214575 -0.351987   1.62192
 0.895704  0.206525 -0.328212   1.64046
 0.894404  0.203636 -0.339682   1.63971
  0.90016  0.197463 -0.330315   1.64802
 0.896478  0.204241 -0.333262   1.64222
 0.884845  0.222276 -0.342839   1.62523
 0.890044   0.20956 -0.342647   1.63223
 0.893762  0.216948 -0.330071    1.6393
  0.88849  0.213723 -0.340055   1.63004
  0.74608  0.276964 -0.391945   1.37139
 0.751048  0.268066 -0.392201    1.3791
 0.755874  0.275605 -0.384002   1.38744
 0.749243    0.2715 -0.387293   1.37374
 0.758079  0.263213 -0.397177   1.39601
 0.767499  0.276757 -0.382056   1.41262
0.757949 0.273318 -0.38664  1.39334
 0.756232  0.268128 -0.389825   1.38956
0.766398 0.351456 -0.30142  1.40237
0.761124 0.341303 -0.31733  1.39325
 0.775417  0.335578 -0.307117   1.41667
 0.769991  0.346242 -0.313251   1.41256
 0.757121  0.330567 -0.332036   1.38654
 0.753534  0.319956 -0.345202   1.38051
 0.767096  0.316056 -0.334841   1.40271
 0.761811  0.324862 -0.341844   1.39846
 0.782296  0.325168 -0.316764   1.43217
 0.781899  0.316413 -0.322108   1.43007
 0.765795  0.335538 -0.328293   1.40538
  0.77302   0.32133 -0.330715    1.4157
 0.778454  0.330407 -0.317469   1.42531
0.770678 0.325761  -0.3225   1.4088
 0.857678  0.235744 -0.375133    1.5823
 0.862391  0.237698 -0.370386   1.59145
 0.857369  0.230723 -0.383512   1.58227
 0.857954  0.227266 -0.389401   1.58368
 0.863703  0.224224 -0.382221   1.59252
 0.858925  0.227307 -0.384618   1.58368
 0.868777  0.225681 -0.368861   1.60018
 0.869523  0.221432 -0.374886   1.60168
 0.875495  0.217782 -0.366982   1.61087
0.870504 0.221562 -0.36967  1.60167
 0.859569  0.232508 -0.378258   1.58544
 0.864493  0.224358 -0.377502   1.59222
  0.86559  0.229685 -0.370203   1.59458
 0.862981  0.227673 -0.376493   1.59081
 0.821624  0.240969 -0.414134   1.52332
 0.827299  0.239097 -0.416476   1.53429
  0.83252  0.235628 -0.415569    1.5424
 0.833043  0.239098 -0.410112   1.54339
 0.830908  0.237644 -0.414718   1.54054
0.833195 0.244194 -0.40315  1.54338
 0.824882  0.241332 -0.414268   1.52962
 0.830674  0.243946 -0.409427   1.54068
 0.876543  0.248695 -0.311897    1.6052
 0.814887  0.233381 -0.430579   1.51369
 0.811442  0.234977 -0.429047   1.50791
 0.812625  0.233872 -0.427702   1.50854
 0.817505  0.234257 -0.430918   1.51873
 0.819787  0.234413 -0.430611   1.52217
 0.818076  0.235745 -0.428382   1.51924
 0.818776  0.234648 -0.430319   1.52123
 0.814999  0.237518 -0.422661   1.51211
  0.81651  0.234918 -0.430685   1.51709
 0.815595  0.236079 -0.425334   1.51437
 0.817476   0.23617 -0.428724   1.51851
0.750024 0.309892 -0.35781  1.37499
 0.746478  0.300458 -0.368153    1.3689
 0.758021     0.298 -0.359908   1.38815
  0.75381   0.30491 -0.365606   1.38473
 0.743947  0.290948 -0.377526   1.36466
0.741868 0.281882 -0.38586  1.36124
 0.752557  0.280444 -0.377961   1.37913
 0.748448  0.285923 -0.383861   1.37539
 0.763964  0.290895 -0.366278    1.4023
 0.764345  0.283889 -0.369486   1.40212
 0.750972  0.295274 -0.375269   1.37982
 0.757254  0.285043 -0.375228   1.38933
  0.76093  0.293559 -0.366545   1.39582
 0.754793  0.288956 -0.369983   1.38281
0.941689 0.151276 0.186832   1.7048
0.939657  0.14925 0.187548  1.70388
0.937925 0.146813  0.19896  1.70135
0.873169 0.182329 0.280693  1.58131
0.884149 0.164877 0.267488  1.59331
 0.811311 -0.144199  0.162002    1.4744
0.918956 0.203312 0.263481  1.65563
0.862071  0.13435 0.321936  1.55841
 0.87759 0.170479 0.280121  1.57443
0.938381 0.156342 0.238879  1.69528
0.900174 0.182935 0.268275  1.62101
0.937738  0.15458 0.246742  1.69445
0.936683 0.149644 0.252292  1.69377
0.866975 0.276955 0.262662  1.57758
0.866369 0.284475 0.255035   1.5762
0.873138   0.2811 0.255066  1.58832
0.869178 0.283343 0.258125  1.58325
0.865829  0.29218 0.246847  1.57504
0.865075 0.299822  0.23796  1.57334
0.872509 0.294575 0.237512  1.58639
0.868197 0.298761 0.241517  1.58118
0.879231 0.282491 0.248029  1.59892
0.880466 0.285651 0.239096  1.60042
0.868787 0.291032 0.249993  1.58241
0.874353 0.293008 0.242642   1.5914
0.874966 0.286546 0.250757  1.59309
0.872569 0.288434 0.246443  1.58707
0.935044 0.135433 0.249209  1.69194
0.930425 0.152193 0.272941  1.68574
0.934537 0.120722 0.249425   1.6917
0.939307 0.155872 0.238958  1.69608
0.933691 0.110208 0.266776  1.69335
0.933107 0.158974 0.250218  1.68706
  0.93992 0.0673094   0.24264     1.698
 0.950908 0.0255213  0.231326   1.71953
 0.944224 0.0421052  0.243201   1.70677
 0.944996 0.0381588  0.249246    1.7101
 0.935731 0.0511847   0.26727   1.69346
 0.932645 0.0585456  0.271129   1.68746
 0.940535 0.0580155  0.260498   1.70367
0.936886 0.146949 0.241813  1.69301
0.881714  0.28109 0.252146  1.60519
 0.88392 0.268378 0.266021  1.61049
0.874951  0.27943 0.258937    1.593
0.876381 0.271743  0.26596  1.59618
 0.86984 0.275635 0.265488  1.58466
0.873465 0.274076 0.262322  1.58921
 0.87968  0.27115 0.263686  1.60115
0.879819 0.275157 0.256137  1.60053
 0.931717 0.0737012  0.285603   1.69122
 0.935256 0.0892022   0.26605   1.69558
 0.929565 0.0871637  0.271613   1.68314
0.945994 0.195587 0.225349  1.70346
0.945317 0.189035 0.227191  1.70236
0.936468 0.155635 0.225355  1.69387
 0.93618 0.155586 0.202984  1.69689
0.935476 0.155444 0.253994  1.69158
0.934465 0.160927 0.244373  1.68918
0.939399 0.151266  0.22549  1.69825
0.918496  0.19196  0.25207  1.65264
0.891577  0.18961 0.279249  1.59784
0.929982 0.146222 0.269509  1.68451
0.937049 0.136195 0.200003  1.69465
0.936656 0.158058 0.247403  1.69285
0.937874 0.137815 0.198403  1.70131
0.919495 0.170164 0.292756  1.66953
0.940576 0.136641 0.184951  1.70854
0.912476 0.201238 0.268985  1.63849
0.941933  0.14322 0.167804  1.71241
0.940504 0.150154 0.226289  1.70131
 0.937933 0.0911411  0.164146   1.70812
0.912929  0.16468 0.078132  1.64807
0.917999 0.127422 0.277139  1.65244
0.938522 0.173162 0.138782  1.68883
0.943615 0.126384 0.167866  1.71737
0.944727 0.136318 0.147289  1.70962
 0.88086 0.254261 0.278942  1.60305
0.881819 0.257763 0.271595  1.60407
0.875124 0.251702 0.284954   1.5931
0.868958 0.245788 0.290396  1.58207
0.868257 0.253651 0.284262  1.58054
0.870927 0.252264 0.286825  1.58717
0.874351 0.265576 0.270581  1.59096
0.867745 0.261469 0.277493  1.57937
0.867295 0.268922 0.270192  1.57821
0.870072 0.267672 0.273323  1.58524
0.876743 0.257092 0.281506  1.59732
0.870501 0.260116 0.280274  1.58625
0.876015 0.263695 0.274997  1.59544
0.874406 0.259287 0.277893  1.59157
0.881427 0.171487 0.321282  1.60563
0.887055 0.181381  0.32659  1.61764
0.888108 0.171223 0.328738  1.61994
0.885816 0.174814 0.326562  1.61454
 0.89317 0.182175 0.321326  1.62715
 0.89896 0.163906 0.326084  1.63896
0.894147 0.166896 0.328869  1.62985
0.892389 0.169932 0.326608  1.62556
0.892923 0.178644 0.323054  1.62725
0.878755 0.173213 0.321058  1.59962
0.876958 0.183059 0.320421  1.59674
0.884736 0.184329 0.325068  1.61234
0.879833  0.18121 0.320972  1.60328
0.875154 0.192722 0.318378  1.59361
0.873589 0.202196  0.31513  1.59079
 0.88209 0.201591 0.317383  1.60709
0.876738 0.200154 0.316565  1.59819
0.890386 0.185545 0.318532  1.62043
0.891322 0.191278 0.312949   1.6219
0.878221 0.190734 0.319447  1.60073
0.884354 0.198345 0.320547  1.61253
0.885704  0.19003 0.324352  1.61544
0.883156 0.193354 0.321848  1.60947
0.931946 0.132504 0.262021  1.68755
0.893478 0.283382 0.237709  1.62732
0.933879 0.144698 0.257734  1.68984
0.924847 0.203027 0.252603   1.6639
0.927308 0.131013 0.276298  1.68073
0.933129 0.199181 0.238003  1.68082
0.936668 0.146144 0.241293  1.69238
0.936155 0.157427  0.24389  1.69181
0.937946 0.193287  0.22523  1.69107
0.935213 0.154647 0.228981  1.69087
0.932728 0.147775 0.208683  1.68816
0.931378 0.156625  0.21319  1.68692
  0.9279 0.192696 0.242545  1.67013
0.934186 0.149699 0.203716  1.69129
 0.94081 0.177196 0.209939  1.69947
0.939706 0.163593 0.197624  1.70092
 0.93344 0.157368 0.229002  1.68816
0.940372 0.168292 0.198647  1.70106
0.935975 0.163902  0.21455   1.6911
0.944678 0.179032 0.211156  1.70317
0.937876 0.172236 0.200809  1.69525
 0.764213  0.123489 -0.446985   1.40149
 0.765746  0.126677 -0.448875   1.40621
0.757975 0.126774 -0.45219  1.39186
 0.762084  0.119429 -0.446015   1.39568
 0.758304  0.121495 -0.449192   1.38984
 0.758964  0.116762 -0.445189   1.38791
 0.759633  0.118948 -0.447696   1.39137
 0.759415  0.124418 -0.449658   1.39302
 0.762823  0.122649 -0.448339   1.39918
 0.772886    0.1488 -0.461616   1.43008
  0.75388  0.128921 -0.455848   1.38577
 0.749633  0.132594 -0.457902   1.37876
0.751756 0.126376 -0.45389  1.37962
 0.749394  0.128637 -0.454972   1.37568
 0.749497  0.125077 -0.451791   1.37311
 0.750056  0.126715 -0.454207   1.37628
 0.750206  0.130475 -0.456333   1.37863
0.752676 0.128665 -0.45579  1.38317
 0.766938  0.160589 -0.462844   1.41948
 0.773038  0.135167 -0.451907   1.42402
 0.773753  0.140192 -0.449046   1.42482
 0.743216   0.14021 -0.459902   1.36798
 0.743886   0.13888 -0.460174    1.3693
 0.741052  0.138439 -0.458113   1.36183
 0.739224  0.138102 -0.455906   1.35627
 0.740266  0.136467 -0.455452   1.35787
 0.740684  0.137374 -0.455892   1.35916
 0.742983  0.135546 -0.457901   1.36524
 0.741291  0.134846 -0.455154   1.35955
 0.742211   0.13321 -0.454803   1.36099
 0.742572  0.134139 -0.455273   1.36218
 0.742006   0.13811 -0.457996   1.36369
  0.74165  0.135711 -0.455571    1.3607
 0.742806  0.136655 -0.458117   1.36521
 0.742018  0.136965 -0.457849   1.36342
 0.739753  0.138974 -0.456333   1.35778
 0.741101  0.139618 -0.458465   1.36238
 0.740387  0.141061 -0.459224   1.36167
 0.740122  0.139813 -0.458708   1.36054
 0.741673  0.143703 -0.462409   1.36705
 0.741198  0.141973 -0.461057   1.36485
 0.742144  0.141311 -0.460304   1.36621
 0.777033  0.165028 -0.441573   1.43254
 0.739948  0.147486 -0.463043   1.36462
 0.737941  0.151558 -0.463089   1.36133
0.737982 0.146294    -0.46   1.3582
 0.736779  0.148426 -0.460033   1.35612
 0.736222  0.145777 -0.457416   1.35236
 0.736674  0.146955 -0.459678   1.35538
 0.737467  0.149639 -0.462194   1.35937
 0.738976  0.148183 -0.461915   1.36202
 0.784054   0.18096 -0.416422    1.4378
  0.78013  0.167341 -0.425026   1.43165
 0.781091  0.172634 -0.425013   1.43432
 0.736534  0.154897 -0.463513    1.3594
 0.735213   0.15933 -0.462861   1.35721
 0.734423  0.153938 -0.460231   1.35251
 0.733551  0.156298 -0.459894   1.35096
 0.732612  0.153784 -0.457909   1.34674
 0.733135  0.154737 -0.459707   1.34964
 0.734281  0.157317 -0.462229   1.35442
 0.735545  0.155831 -0.462079   1.35661
 0.794957  0.201866 -0.461163   1.48047
0.796817 0.203521 -0.46425  1.48543
 0.796334  0.209149 -0.459748   1.48497
 0.795931  0.210361 -0.455329   1.48279
 0.789843  0.202573 -0.466649   1.47326
0.793666 0.207138 -0.46428  1.48113
 0.733445  0.172872 -0.459828   1.35475
 0.734242  0.178276 -0.457109   1.35594
 0.730997  0.172837 -0.455838    1.3468
0.731248  0.17568 -0.45444  1.34705
 0.729194  0.173886 -0.454025   1.34157
 0.729904  0.174019 -0.454696   1.34404
 0.732045  0.176104 -0.457191   1.35089
 0.732434   0.17448 -0.457399   1.35144
 0.771853  0.166088 -0.446373   1.42417
 0.732576  0.182265 -0.455137   1.35226
0.733152 0.180394 -0.45526  1.35306
 0.730339  0.182854 -0.451029    1.3448
 0.727519  0.184678 -0.449487   1.33788
  0.72756  0.181462 -0.450798     1.338
 0.729345  0.182806 -0.450714   1.34192
 0.730179   0.17692 -0.453694    1.3447
 0.727556  0.178417 -0.451933   1.33797
 0.72764 0.175449 -0.45305  1.33814
  0.72928    0.1767 -0.452998   1.34176
 0.731549  0.181435 -0.451953   1.34749
 0.729243  0.179742 -0.451904   1.34172
 0.731222  0.178382 -0.453491   1.34708
 0.730074  0.179728 -0.452285   1.34424
 0.739505  0.153973 -0.467239    1.3677
  0.74199  0.151142 -0.466866   1.37203
 0.728057  0.199967 -0.442754   1.33877
 0.727731  0.195793 -0.444775   1.33824
 0.731605  0.196905 -0.443886   1.34657
  0.73021  0.197539 -0.444525   1.34361
 0.727576  0.191892 -0.446502   1.33797
 0.727447  0.188104 -0.448128   1.33774
 0.730832  0.189424 -0.447758    1.3454
 0.729616  0.189718 -0.447977   1.34249
 0.734338   0.19547 -0.448389   1.35507
 0.734743  0.193161 -0.448647   1.35546
 0.729829  0.193545 -0.446329    1.3429
 0.732288  0.191212 -0.447387   1.34865
 0.733054  0.194995 -0.445252   1.34986
 0.730965  0.192932 -0.445838   1.34537
 0.738095  0.173553 -0.466139    1.3686
0.804314 0.233291 -0.42911  1.49377
 0.792946  0.233307 -0.422502   1.46727
 0.795925  0.237218 -0.421516   1.47391
 0.739478  0.183551 -0.462104   1.37144
 0.741986  0.205331 -0.448495   1.37407
0.740323 0.201078 -0.44973  1.37026
 0.738841  0.212329 -0.438294   1.36292
0.739079 0.209393 -0.43876  1.36287
 0.735316  0.214673 -0.432861   1.35248
 0.730719  0.219202 -0.432027   1.34317
 0.72993 0.214123 -0.43509  1.34191
 0.733287  0.216164 -0.434517   1.34904
 0.733424  0.205268 -0.438781   1.34945
 0.729146  0.209172 -0.437844   1.34055
 0.72866 0.204412 -0.44043   1.3398
 0.731655  0.206331 -0.439971   1.34618
 0.737057  0.212167 -0.434851   1.35652
 0.732349  0.211243 -0.437381   1.34742
 0.735604  0.207432 -0.438068   1.35414
 0.734065  0.209715 -0.435885   1.35025
 0.751382   0.21129 -0.446008    1.3938
 0.744748  0.233424 -0.422721   1.37244
 0.745375  0.229462 -0.423623   1.37306
0.740274 0.236372 -0.41713  1.36002
  0.73416  0.242648 -0.416841   1.34863
 0.733326  0.236289 -0.421078   1.34732
 0.737621  0.238902 -0.420239   1.35651
  0.73804  0.224901 -0.425397   1.35667
0.732544 0.230311 -0.42493  1.34609
 0.731677  0.224593 -0.428626   1.34473
 0.735574  0.226875 -0.427863   1.35298
 0.742563  0.233289 -0.420029   1.36544
 0.736576  0.232743 -0.424172   1.35469
 0.740779  0.227546 -0.424315   1.36254
 0.738863  0.230288 -0.421523   1.35768
 0.823947  0.269149 -0.364179   1.51783
0.779019 0.249977 -0.40374   1.4367
 0.853246  0.252264 -0.352531   1.56964
 0.806238  0.251247 -0.395725   1.48842
 0.898264  0.244398 -0.281724    1.6434
 0.812534  0.279263 -0.358385   1.49772
 0.807247  0.358473 -0.242579   1.47308
 0.807062  0.347319 -0.251487   1.47081
 0.797606   0.37269 -0.229378   1.45343
 0.785401  0.393155 -0.218608   1.43414
 0.780255  0.383416 -0.240938    1.4251
 0.790257  0.388511 -0.235184   1.44742
 0.788236  0.353349 -0.269684    1.4376
  0.77592  0.372731 -0.262345   1.41784
 0.771349  0.361856 -0.282135   1.41015
 0.781177  0.366925 -0.276993    1.4317
 0.801554  0.367564 -0.244443   1.46448
  0.78597  0.377798 -0.256846   1.44003
 0.795174  0.358869 -0.263694   1.45308
 0.792516  0.363279 -0.251429   1.44499
 0.918408  0.233313 -0.242327   1.67488
 0.804352  0.425561 -0.106004   1.46722
 0.797399  0.420572 -0.136343   1.45448
 0.817816  0.404059 -0.125908   1.48819
 0.808903  0.425229 -0.128153   1.48074
    0.793  0.412483 -0.165738   1.44674
 0.789209  0.402654 -0.192232   1.43988
 0.809277   0.38843 -0.178806   1.47263
  0.80003  0.408316 -0.185201    1.4646
 0.829575  0.385108 -0.142498   1.50894
 0.830163  0.372471 -0.157025   1.50761
 0.804401  0.417644 -0.158015   1.47271
 0.816265   0.39486 -0.170171    1.4892
 0.822336  0.401944 -0.145898   1.50098
 0.812781  0.397884 -0.155245   1.47958
 0.951933  0.200006 -0.160084    1.7266
 0.827987  0.418646 0.0215332   1.50734
   0.822158     0.42374 -0.00860753     1.49711
   0.841708    0.403554 -0.00375752     1.52951
   0.833017    0.425296 0.000149188     1.52211
  0.816828   0.426334 -0.0400757    1.48805
  0.810971   0.426534 -0.0722788    1.47797
    0.8331   0.405523 -0.0627308    1.51449
  0.822849   0.428981 -0.0634356    1.50481
  0.855559   0.384852 -0.0212266    1.55274
 0.857897  0.375649 -0.042512   1.55548
  0.828255   0.428273 -0.0313327    1.51408
  0.840912   0.408927 -0.0516494    1.53282
  0.845872   0.408372 -0.0230218    1.54197
  0.837301   0.406658 -0.0338671    1.52224
   0.97211   0.141653 -0.0249627    1.74888
0.848447 0.382366 0.119827  1.54339
0.843589 0.392754 0.100033  1.53468
0.856555 0.378616 0.100112  1.55632
0.850627 0.392003 0.106239  1.55109
  0.83863  0.402712 0.0769943   1.52598
 0.833368  0.410611 0.0512749   1.51629
 0.850148  0.392319 0.0550712   1.54431
 0.842464  0.411412 0.0598204   1.53773
 0.865446  0.373202 0.0837169   1.57188
 0.866719  0.372386 0.0646954   1.57321
 0.846806   0.40233 0.0841921   1.54499
 0.855563  0.393236 0.0659333   1.55771
 0.859248  0.386507 0.0869638   1.56478
 0.853089  0.387227 0.0780492   1.55026
 0.967114  0.113021 0.0986304   1.73918
0.968712 0.105296 0.138123  1.74656
0.874578 0.341124 0.155535  1.58851
0.875965 0.342243 0.141069  1.58994
0.866557 0.343017 0.168088  1.57433
0.858967  0.34348 0.182699  1.56181
0.857022 0.352209 0.169156   1.5581
0.861566 0.351369 0.173716  1.56911
0.863354 0.358733 0.137399  1.56819
0.854973 0.361482 0.154233  1.55449
0.852163 0.371045 0.138049  1.54947
0.857704 0.370052  0.14311  1.56256
0.869044 0.350036 0.159012  1.58126
    0.86 0.360475 0.158888  1.56645
0.866885 0.357947 0.144618  1.57704
0.864835 0.351639  0.15295  1.57122
0.936665 0.118321  0.24696  1.69639
0.895389 0.339002 0.132702  1.63156
 0.87767 0.311646 0.207418  1.59484
0.878871 0.314152 0.196519  1.59614
0.870873 0.311226 0.217328  1.58308
0.864304 0.308588  0.22842  1.57199
0.863086 0.317067 0.218564   1.5696
0.866569  0.31596 0.222062  1.57814
0.869346 0.325864 0.194707   1.5796
0.861797 0.325853 0.207641  1.56715
 0.86037  0.33415 0.195741  1.56423
 0.86439 0.333258 0.200054  1.57414
0.872934 0.317721 0.211086  1.58869
0.865604 0.324728 0.211366  1.57642
0.871738 0.324644 0.200734  1.58592
0.869863 0.319507 0.206161  1.58116
 0.93619 0.133115 0.247517  1.69436
0.939354 0.115397 0.229551  1.69973
0.922979 0.128737  0.28803  1.67529
0.894691 0.309448 0.194262  1.62872
0.884026 0.223456 0.302826  1.60951
0.884623 0.227504 0.296604  1.60988
0.878653 0.219917  0.30867  1.60052
0.872298  0.21184 0.311311   1.5886
0.871162 0.220533 0.306905   1.5864
0.873967   0.2188 0.308784  1.59316
 0.87697 0.235384 0.297216  1.59688
0.870342 0.229075 0.301843  1.58482
0.869584 0.237224 0.296269  1.58323
 0.87233 0.235641 0.298595  1.58997
 0.88004   0.2258 0.305973  1.60431
 0.87313 0.227404 0.303872  1.59157
0.878732 0.233101 0.300921   1.6014
0.877412 0.228421 0.303123  1.59813
0.911848 0.118683 0.320794  1.66014
0.917664 0.123388 0.305505  1.66923
0.910773 0.123864 0.317619  1.65702
 0.90414 0.118181  0.33402  1.64716
0.896473 0.123747 0.346565  1.63616
0.899759  0.12856 0.335087  1.63858
0.899441 0.122029 0.334433  1.63678
 0.88874 0.129947 0.345603  1.62191
0.881148 0.133912 0.332107  1.60419
0.888624 0.142509  0.33927  1.62096
0.885845 0.136442 0.339956  1.61416
0.894635 0.147885 0.337552  1.63184
0.899568 0.141342 0.330917  1.63823
0.898192 0.143935 0.328993  1.63473
0.892997 0.129691 0.342752  1.62748
0.892492 0.141883 0.338327  1.62622
0.897816 0.134517 0.330903  1.63332
0.894931 0.136823 0.342085   1.6325
0.921271 0.149764 0.294923  1.67314
0.905741 0.121047 0.328881  1.64896
0.902886 0.126558  0.32737   1.6424
0.906412 0.131756 0.315819  1.64709
0.902962 0.139609  0.32837  1.64487
0.919516 0.125017 0.296184  1.66897
 0.800499  0.212559 -0.453325   1.49199
 0.801239  0.207092 -0.458801   1.49351
 0.808475  0.209548 -0.452145    1.5058
0.802968 0.209681  -0.4546  1.49547
 0.800242  0.204293 -0.462866   1.49211
 0.796414   0.19751 -0.457296   1.48117
 0.803907  0.196436 -0.454213   1.49471
0.799632 0.198125 -0.45626   1.4871
  0.81847  0.204788 -0.449495   1.52347
 0.814296  0.194774 -0.449749    1.5135
 0.835663  0.194492 -0.438796   1.55321
 0.819962  0.196483 -0.446368   1.52336
 0.802435  0.204922 -0.460476   1.49544
 0.807743   0.19709 -0.452975   1.50168
 0.810344  0.205817 -0.453234   1.50832
 0.807542  0.203462 -0.458186    1.5046
 0.742797  0.195579 -0.455702   1.37752
 0.971563 0.0695848  0.125376   1.74962
 0.973077  0.114862 0.0928019   1.75357
 0.973775 0.0874102 0.0789412   1.75183
 0.977059 0.0247904  0.101894   1.75985
 0.978659 0.0575032 0.0813881   1.76318
  0.978903 -0.0216243  0.0637872    1.76654
 0.979495 0.0490599 0.0712476   1.76507
 0.975202 0.0867683 0.0857076    1.7563
 0.975937 0.0729309  0.119006   1.75987
0.936445 0.128274 0.235094  1.69458
 0.761075  0.161484 -0.458623   1.40575
 0.761031  0.161426 -0.458992   1.40591
 0.761455  0.161639 -0.459074   1.40659
  0.7611 0.161802 -0.45932  1.40626
 0.761104   0.16187 -0.459364   1.40626
 0.761066  0.161699 -0.459245   1.40616
 0.761143  0.161728 -0.459233   1.40632
  0.76225  0.159054 -0.454116   1.40531
 0.763035  0.157973 -0.452326   1.40603
 0.745841  0.141823 -0.464583   1.37662
 0.749213  0.139018 -0.463785   1.38263
   0.7631  0.166712 -0.459312    1.4112
  0.76467  0.158913 -0.455488   1.41114
 0.768119  0.159043 -0.465873   1.42316
  0.76238  0.157605 -0.454204   1.40542
 0.760349  0.130831 -0.455313   1.39917
0.765167 0.130731  -0.4537  1.40839
 0.762381  0.159004 -0.456799   1.40684
 0.763041  0.156096 -0.452861   1.40603
 0.770423  0.155978 -0.467278   1.42823
 0.750915  0.139099 -0.463011   1.38565
  0.77103  0.152013 -0.460816   1.42586
 0.760841   0.16194 -0.459036   1.40554
 0.760887  0.162183 -0.459174   1.40572
 0.761008  0.162396 -0.457387   1.40488
 0.760873  0.162137 -0.459295   1.40573
 0.764125  0.166423 -0.459868   1.41345
  0.76226   0.16711 -0.459621    1.4097
 0.761039   0.16198 -0.459357   1.40611
 0.761999  0.159421 -0.456787   1.40605
 0.761133  0.161919 -0.459323   1.40631
 0.761772  0.160961 -0.458866   1.40686
 0.761456    0.1615 -0.459159    1.4066
 0.766768  0.156129 -0.470669   1.42229
0.761107 0.161379 -0.45867  1.40582
 0.761071  0.162172 -0.458485   1.40597
 0.761037  0.161357 -0.458678   1.40573
 0.761124  0.161563 -0.458932   1.40614
 0.761155  0.161887 -0.458892   1.40623
 0.761019  0.161567 -0.459118   1.40598
 0.760989  0.161388 -0.458838   1.40573
0.761181 0.161656 -0.45893  1.40627
 0.777001  0.165294 -0.432251   1.42833
 0.736707  0.161531 -0.467335    1.3637
0.738832 0.158658 -0.46708   1.3673
 0.743471  0.146164 -0.466048   1.37343
 0.745959  0.155185 -0.474965   1.38424
 0.762778  0.157027 -0.454311   1.40631
 0.738518  0.164838 -0.468043   1.36859
 0.766191  0.168218 -0.463086   1.41951
 0.761007  0.162037 -0.458842   1.40579
 0.764612  0.168741 -0.462982   1.41636
 0.760917  0.162222 -0.458999   1.40566
  0.76081   0.16229 -0.458999    1.4054
 0.759502  0.169295 -0.456487   1.40414
 0.761736  0.163693 -0.454739   1.40569
 0.761004  0.162176 -0.453948   1.40342
 0.760496   0.16265 -0.454939   1.40298
 0.760908  0.162122 -0.458793   1.40558
0.761108 0.162172 -0.45513  1.40405
 0.76085 0.162454   -0.459  1.40549
 0.760952  0.162435 -0.458765   1.40551
0.761177 0.164264 -0.45496  1.40477
 0.760888  0.162313 -0.458972   1.40552
  0.76078  0.162586 -0.457923   1.40476
 0.967822  0.149088 0.0900535   1.74285
0.969426 0.141677 0.103251  1.74717
 0.889194  0.361452 0.0660664   1.61985
0.908028 0.275605  0.21466  1.65018
 0.969219  0.154774 0.0793254    1.7453
 0.972093  0.152834 0.0280557   1.74961
  0.971392   0.148345 0.00238794    1.74708
 0.973243  0.146065 0.0015648   1.75176
  0.973122   0.147876 -0.0157979    1.75215
  0.970214    0.15416 -0.0568252     1.7477
 0.965157  0.168732 0.0418292   1.73417
 0.967971  0.170094 0.0366712   1.74128
 0.971745  0.137434 -0.058774   1.74947
 0.859275  0.350449 -0.181206   1.57085
   0.968734    0.164135 -0.00744388     1.74226
 0.966988   0.16635 0.0121816   1.73787
 0.955155  0.156361 -0.153497   1.72438
 0.961406  0.171234 -0.135688   1.73933
  0.94387  0.182589 -0.195432   1.71107
 0.836456  0.326664 -0.267259   1.53572
  0.862329   0.365057 -0.0848284    1.56514
 0.854538  0.348015 -0.115728   1.54494
 0.927814  0.201259 -0.236101   1.68735
 0.908794  0.218384 -0.274817   1.65857
 0.805328  0.305504 -0.332306   1.48327
0.923758 0.258237 -0.18522  1.67948
 0.888668  0.234875 -0.306204   1.62717
 0.785089  0.280327 -0.377218   1.45033
 0.902018   0.27424 -0.230786   1.64553
 0.835426  0.246159 -0.382239   1.54108
 0.847668  0.251015 -0.370394   1.56447
 0.849364  0.281294 -0.323104   1.56071
0.816988 0.242334 -0.40606  1.51091
 0.827441  0.248246 -0.397505   1.53138
 0.808094  0.237482 -0.428452   1.50233
 0.804511  0.245616 -0.413544   1.49068
 0.813089  0.240337 -0.423763   1.51148
0.941071 0.137406 0.194316  1.70912
 0.931593 0.0891192  0.178851    1.6807
0.938777 0.136038 0.198416  1.69845
0.889348 0.170673 0.292776   1.5928
0.898258 0.190541 0.283585  1.60947
0.894524 0.122402 0.290878  1.60344
0.896647 0.154816 0.302673  1.60792
0.939523 0.155214 0.235993  1.69698
0.897907 0.178043 0.293574  1.60845
0.938846 0.154187 0.241924  1.69547
0.937819  0.15036 0.245751  1.69455
0.936785 0.143368 0.247308  1.69398
0.893766 0.257479 0.268123  1.62834
0.938614  0.15373 0.239242  1.69408
0.936072 0.125822 0.236363  1.69318
0.932216 0.155439 0.263057   1.6873
 0.953996 0.0478439  0.222852   1.72565
 0.950742 0.0514578  0.237745   1.72194
 0.943659 0.0745792  0.239191   1.70702
 0.951525 0.0767116  0.222977   1.72189
 0.949133 0.0661674  0.224265    1.7154
 0.93766 0.153112  0.23962  1.69236
0.936409 0.148685 0.238197  1.69095
0.938493 0.109053  0.23092  1.69678
0.911333  0.29869 0.137367  1.65126
 0.939911 0.0971577  0.245157   1.70246
0.940641 0.184747 0.213842  1.69805
0.936692 0.180842 0.215628   1.6916
0.933203 0.158723 0.208918  1.69014
 0.93396 0.187764 0.228571  1.68348
0.933764 0.160179 0.254958  1.68877
0.931083 0.163383 0.250858  1.68388
0.918652 0.193983 0.259461  1.65064
0.939206 0.153741 0.235415  1.69597
0.907293 0.189945 0.278025  1.62721
0.939829 0.149068 0.228469  1.69822
 0.93786  0.12757 0.199912  1.69323
0.934539 0.133361 0.221401  1.68949
0.938703 0.118412 0.193684  1.70087
0.925155 0.160165 0.244214  1.67344
0.940152 0.110488 0.199419  1.70572
0.921068 0.130209 0.267971  1.65348
0.904249 0.174341 0.280106  1.62102
 0.914958 0.0419988  0.215868   1.64398
0.937465 0.107202 0.159151  1.70423
0.917472  0.14866 0.278753  1.64864
0.899339 0.199003 0.303716  1.63696
0.900078 0.160362 0.319925  1.63799
 0.89929 0.175794 0.313151   1.6367
0.895958 0.229122  0.29059  1.63234
0.927251 0.141842 0.282578  1.68222
0.938522 0.154675   0.2382  1.69391
0.900092 0.243745 0.258104  1.63345
0.932293 0.157588 0.262648  1.68713
0.926018 0.190934 0.237548  1.66915
0.931391 0.185571  0.22485   1.6816
0.925613 0.158005 0.284517  1.67902
0.932144 0.155919 0.233663  1.68539
0.929867 0.150824 0.214888  1.68283
0.928078 0.158277 0.218886  1.68002
0.921118 0.183768 0.242776  1.65894
0.931249 0.153115 0.209551  1.68566
   0.935 0.171051  0.20865  1.68813
 0.93727 0.166625 0.207944  1.69396
0.930058  0.15916 0.234003  1.68208
0.936907 0.168897 0.207402  1.69332
0.934345 0.167024 0.215946  1.68702
0.757524 0.134501 -0.45816  1.39551
  0.76634  0.157815 -0.466522   1.41956
 0.764521  0.156858 -0.457608   1.41153
 0.767642   0.14505 -0.463809   1.41959
 0.746398  0.144845 -0.465869   1.37913
0.768706 0.169363 -0.44765  1.41894
 0.761891  0.158495 -0.457134    1.4059
 0.743601  0.150458 -0.467521   1.37543
 0.771984  0.169813 -0.434396   1.41977
 0.762733  0.170038 -0.452886   1.40924
 0.775555  0.192459 -0.457402   1.43924
0.748942 0.148245 -0.47279  1.38786
 0.735265  0.170113 -0.465957   1.36187
  0.73674  0.167078 -0.465975   1.36423
 0.748781     0.191 -0.465023   1.39202
 0.744177  0.173269 -0.473961   1.38383
 0.735462   0.17992 -0.462523   1.36254
 0.736209  0.176664 -0.462863   1.36352
 0.745452  0.181567 -0.470804   1.38639
 0.737298  0.191428 -0.456746   1.36571
0.737337 0.187712 -0.45742  1.36528
  0.76743  0.227342 -0.427091   1.41809
 0.759999   0.20098 -0.463815    1.4151
 0.792161  0.213564 -0.454626   1.47656
0.782891 0.206807 -0.46413  1.46079
 0.785565  0.212636 -0.453938   1.46255
  0.74941  0.225101 -0.436588   1.38795
   0.7482   0.21953 -0.438083   1.38472
 0.761649  0.212792 -0.445912   1.41194
 0.757787  0.248612 -0.414893   1.40066
 0.756916  0.240355 -0.418277   1.39817
0.771351 0.254608 -0.40926  1.42829
 0.769148  0.275031 -0.384952     1.418
 0.767004   0.26501 -0.390391   1.41288
 0.795745  0.258684 -0.395351   1.47115
 0.786028  0.302822 -0.343186   1.44458
 0.78075 0.291571  -0.3517  1.43298
 0.810464  0.329507 -0.283684   1.48403
 0.801271   0.31774 -0.296157   1.46385
  0.87678  0.285192 -0.276078   1.60648
 0.865687  0.271839 -0.314967   1.59138
  0.83791  0.354715 -0.194662   1.52674
 0.832748   0.33859 -0.213102   1.51361
 0.953576  0.214217 -0.101183    1.7235
 0.908332  0.297501 -0.140874   1.64753
  0.966978   0.161019 -0.0572369    1.74025
 0.933443  0.220259 -0.180037   1.69078
 0.878379  0.358209 0.0459752   1.59237
   0.881289     0.35968 -0.00445803     1.60075
0.883831 0.342547 0.121167  1.60442
 0.884705  0.344121 0.0894977   1.60423
0.963591 0.154257 0.123358  1.73607
  0.95883  0.203329 0.0612533   1.72529
 0.966251  0.171628 0.0656202   1.73859
0.888517 0.310848 0.182364  1.61251
0.891306 0.314401 0.157149  1.61613
0.903454 0.282941 0.179909  1.63487
0.888219 0.285781  0.22791  1.61352
0.890745 0.293341 0.206119  1.61702
0.888243 0.261171 0.261748  1.61493
0.889682 0.268126 0.246316  1.61618
0.936028 0.138525 0.239174  1.69269
0.890103 0.233692 0.287192  1.61905
0.890557  0.24094 0.275293  1.61841
0.894498 0.202945 0.305849   1.6276
0.893111 0.210857 0.296514  1.62311
0.906883  0.15539 0.318496  1.65273
0.935458  0.14194 0.234998  1.69041
0.783876 0.238763 -0.41948   1.4522
 0.796783   0.21857 -0.446252    1.4827
 0.801745  0.223384 -0.441323   1.49188
 0.802736  0.227942 -0.435292   1.49214
 0.805331  0.231384 -0.431893   1.49686
 0.795074  0.228911 -0.431495    1.4754
 0.800817  0.226024 -0.436026   1.48787
 0.773608  0.219119 -0.439544   1.43508
 0.793047  0.200115 -0.463483   1.47735
 0.782949  0.196496 -0.454302   1.45405
 0.791388  0.200872 -0.465556   1.47534
 0.963007 0.0580295  0.154391   1.73387
 0.959837 0.0438652   0.18807   1.73118
 0.955572 0.0286821  0.187052   1.71984
 0.955129 0.0634351  0.192712   1.72136
 0.958848 0.0646612   0.18203   1.72847
0.933725 0.145805 0.233254  1.68619
  0.95092 0.0998161  0.192467   1.71404
0.967137    0.128 0.112705  1.74052
 0.761265  0.161334 -0.458777   1.40616
 0.761097  0.161367 -0.458806   1.40594
 0.761136  0.161391 -0.458865   1.40606
 0.761681  0.161362 -0.459494   1.40719
 0.762079  0.160703 -0.459134   1.40758
 0.761104   0.16198 -0.458837   1.40606
 0.764863  0.170104 -0.462386   1.41709
 0.761365    0.1612 -0.459025   1.40648
0.752994 0.143458 -0.47019  1.39379
 0.761616  0.161345 -0.459622   1.40712
 0.763442  0.155275 -0.453594    1.4072
 0.758756  0.140478 -0.467306   1.40348
 0.760592  0.162864 -0.457707   1.40475
 0.764911  0.155669 -0.460326   1.41353
 0.767146  0.153467 -0.468495   1.42157
 0.760321  0.153558 -0.457576    1.4027
 0.762764  0.141186 -0.467256   1.41129
0.773837 0.143216 -0.45284  1.42681
 0.767095  0.142225 -0.465793   1.41969
 0.762338  0.154626 -0.454117   1.40504
 0.760897  0.162338 -0.459086   1.40562
 0.760807  0.162375 -0.458919   1.40536
  0.76058  0.162405 -0.456741   1.40384
 0.760837  0.162353 -0.458909   1.40546
 0.763561  0.169427 -0.463352   1.41453
 0.760834  0.162522 -0.457941   1.40522
 0.761082  0.162096 -0.458761   1.40599
 0.761836   0.16051 -0.459358   1.40716
 0.762619  0.169523 -0.463237   1.41262
 0.761168  0.162021 -0.458825   1.40624
 0.761685  0.160246 -0.460095   1.40722
   0.7612   0.16187 -0.458902   1.40634
 0.761237  0.161713 -0.459005   1.40644
 0.761159  0.161746 -0.458942   1.40626
 0.761109  0.161296 -0.458751   1.40591
 0.761114  0.162289 -0.458737   1.40621
 0.761241  0.161282 -0.458855   1.40614
 0.761217  0.161392 -0.458979   1.40627
 0.767917  0.169168 -0.440833    1.4144
 0.744784  0.165716 -0.475314   1.38426
 0.751743  0.157857 -0.483073   1.39956
 0.765783  0.169246 -0.451707   1.41482
 0.764428  0.169947 -0.459415   1.41523
 0.762044  0.156372 -0.454728   1.40487
 0.763451  0.170264 -0.463391   1.41471
 0.760718  0.162186 -0.457776   1.40475
 0.760674  0.162382 -0.457847   1.40464
  0.76243  0.170535 -0.460148   1.41159
 0.761683   0.16708 -0.459281   1.40842
 0.760833   0.16413 -0.455347   1.40426
 0.760543  0.162448 -0.457581   1.40422
  0.76209  0.170557 -0.463865    1.4122
 0.760692  0.162841 -0.454082   1.40299
  0.76066  0.162617 -0.455978   1.40365
0.760774 0.162417 -0.45829  1.40493
 0.760291  0.164097 -0.456037   1.40352
 0.760714  0.162551 -0.458344   1.40487
  0.76045  0.162732 -0.456831   1.40369
 0.965334  0.168071 0.0933389   1.73835
 0.908408   0.31908 0.0906973   1.64724
 0.907152  0.327168 0.0331898   1.64375
0.902353 0.300648   0.1216  1.62934
  0.969389   0.168235 0.00541065    1.74449
 0.898674  0.315278 0.0560066   1.62081
  0.969702   0.172275 -0.0258536    1.74692
  0.964467   0.195892 -0.0121824    1.73723
  0.964267   0.199387 -0.0510091    1.74088
 0.960684  0.202969 0.0205823   1.72863
  0.96067  0.185629 -0.100008    1.7348
 0.949075  0.198171 -0.137968   1.71478
 0.891259  0.338529 -0.142797   1.62801
  0.942275   0.254247 -0.0912281    1.70498
 0.878289  0.321198 -0.211444   1.60526
  0.953212   0.228511 -0.0508185    1.72002
 0.914052  0.239908 -0.223705   1.66131
 0.890843  0.256941 -0.268589   1.62622
  0.84292  0.312308 -0.267801   1.53975
0.895862 0.279659  -0.2071  1.62688
  0.81219  0.292446 -0.326293    1.4871
 0.860814  0.301838 -0.257789   1.57291
 0.830697  0.250571 -0.384806   1.53324
 0.811265  0.247447 -0.407122   1.50251
 0.835675  0.296517 -0.312613   1.53556
 0.843001  0.269974 -0.354266    1.5563
0.938827 0.124564 0.204413  1.69546
0.933545 0.100954 0.224766  1.67999
0.932639 0.140853  0.25556   1.6794
0.940282 0.146624 0.232843  1.69981
0.939161 0.153513 0.236202  1.69641
0.910062 0.187195 0.267446   1.6342
0.928041 0.160524  0.27389  1.68156
 0.93751 0.145247  0.24286   1.6926
0.907883 0.175711 0.274408  1.63035
0.937744 0.151399  0.24162  1.69308
0.906256 0.236852 0.273051  1.65018
0.936713 0.153287 0.239042  1.68964
0.935356 0.132829 0.229668  1.69115
0.919717 0.174916 0.245443  1.65635
 0.90585 0.258064 0.247118  1.64789
0.936299  0.15248 0.240091   1.6891
0.937391 0.121627 0.222694  1.69452
 0.94258 0.107897  0.21403  1.70217
0.946071 0.105242 0.212819  1.70948
 0.93457 0.143722 0.234763  1.68874
 0.93524 0.179922 0.215452  1.69053
0.931641 0.175935   0.2191   1.6829
0.932984 0.165054 0.220279  1.68445
 0.92729 0.181071 0.228631   1.6728
0.930268 0.164006 0.263603  1.68383
0.918137 0.176078 0.246888  1.65333
0.913853 0.182257 0.258664  1.64318
0.936938 0.152427 0.237707  1.69104
  0.9381 0.148214 0.235838  1.69351
0.934683 0.150514 0.237368   1.6865
0.932903 0.153182 0.241407  1.68156
0.907529 0.163504 0.284869  1.62923
0.935805 0.153508 0.240042  1.68805
0.906593  0.15052 0.282905  1.62422
0.939971 0.116049 0.213236   1.6958
0.912039 0.165296 0.266359  1.64031
0.935974 0.121854 0.207886  1.68588
0.930066 0.142386 0.254346  1.67471
0.910616 0.150962 0.300036  1.65266
0.902127 0.180229  0.31162  1.64217
0.917597 0.144935 0.299223  1.66829
  0.9111 0.166565 0.302869    1.656
0.924013 0.151963 0.283153  1.67602
0.935342 0.148936 0.238275  1.68853
0.928516 0.161996 0.271604  1.68168
 0.92161 0.182366 0.242044  1.66117
0.929597 0.161739 0.256973  1.68164
0.927557 0.179953 0.232053  1.67371
0.928681 0.157693 0.239091  1.67941
 0.92673 0.153223 0.221207  1.67689
0.931312 0.172244 0.223699  1.67968
0.926474 0.170278 0.272246  1.67854
0.928083 0.155431 0.215994  1.67955
0.929978 0.160648 0.214525  1.68325
0.934249 0.168522 0.215877   1.6859
0.925015 0.160428 0.224679  1.67313
0.932244 0.174562 0.217768  1.68203
0.929364 0.171335 0.225526  1.67382
 0.756749  0.143441 -0.468415   1.40051
 0.762966  0.154326 -0.464495   1.41144
 0.763079  0.150278 -0.472638    1.4151
 0.752439  0.147714 -0.471735   1.39432
 0.761531   0.17026 -0.461801   1.41046
 0.749468  0.153741 -0.474807   1.39104
0.762094 0.155815 -0.45515  1.40523
 0.746678  0.159107 -0.475433   1.38681
 0.743138  0.161051 -0.474955   1.37972
 0.765595  0.193805 -0.476159   1.42954
 0.741315  0.168297 -0.474078     1.377
 0.753244  0.192897 -0.473068   1.40431
 0.750579  0.167633 -0.484733   1.40006
 0.741085  0.176542 -0.471662   1.37686
 0.751529  0.181425 -0.482356   1.40342
 0.742641  0.185792 -0.466708   1.37921
 0.754867  0.188917 -0.478201   1.40939
 0.74619 0.196458 -0.45884  1.38441
 0.754308  0.202486 -0.456454   1.40119
 0.755005  0.209397 -0.448084   1.39944
 0.792074  0.270779 -0.369763   1.45527
0.822668 0.261671 -0.38457  1.52228
 0.872531  0.321151 -0.171623   1.58347
 0.921157  0.260939 -0.166416   1.67031
  0.894338   0.335785 -0.0868417    1.62459
 0.936803  0.240848 -0.126962   1.69337
   0.90826   0.318051 -0.0842608    1.64893
  0.899231   0.323816 -0.0163311     1.6252
 0.924513   0.30118 0.0610721   1.67414
 0.962447  0.205272 0.0542887   1.73424
 0.95245 0.127378 0.181957  1.71599
 0.937568   0.27452 0.0544449   1.69523
0.946398 0.177803 0.195913  1.70895
0.912546 0.283615 0.171748  1.65403
 0.92135 0.250987 0.221886  1.67276
0.921919 0.256715 0.194755  1.66952
 0.93113 0.271055 0.126251   1.6842
0.900598 0.263954   0.2258  1.63208
0.934553 0.137198 0.229232  1.69011
0.954047 0.191383 0.163148  1.72332
0.906967 0.175956 0.298405  1.64634
0.915547 0.199131 0.287475  1.66363
0.902162 0.220205 0.282477  1.63924
0.905433 0.197259 0.297005  1.64653
 0.793819  0.218825 -0.447498   1.47763
 0.780901  0.215363 -0.442031   1.44738
  0.78592  0.223899 -0.439193   1.45878
 0.770165  0.203441 -0.460127   1.43468
 0.773364  0.201581 -0.471054   1.44397
  0.77538  0.188137 -0.459508   1.44045
 0.958523 0.0955495   0.15829   1.72565
 0.956324 0.0913668  0.194925   1.72674
0.936527  0.13104 0.222319  1.69394
0.962416 0.098653 0.150361  1.73226
0.932908 0.141638 0.221568  1.68704
0.961658  0.15597 0.109525  1.72908
0.939134 0.254861 0.121702  1.69738
 0.761784  0.161184 -0.460152   1.40768
 0.761188  0.161939 -0.458991   1.40638
 0.762047  0.160214 -0.459814   1.40781
 0.760912  0.162251 -0.458099   1.40542
 0.762065  0.158064 -0.457251   1.40636
 0.758383  0.158401 -0.480961   1.41107
  0.75809  0.152393 -0.479248   1.40934
 0.760917  0.167058 -0.459575   1.40698
 0.761299  0.157529 -0.457747    1.4051
 0.762207  0.153853 -0.455416   1.40542
 0.763354  0.155454 -0.460945   1.41059
 0.764258  0.155872 -0.471516    1.4175
 0.763563  0.154399 -0.476116   1.41825
 0.767362  0.151286 -0.471202   1.42338
 0.762865  0.148132 -0.475396   1.41634
 0.761212  0.155734 -0.455615   1.40363
 0.760587  0.162321 -0.457682   1.40445
 0.760734  0.166823 -0.459301   1.40649
0.761607 0.169512 -0.46359   1.4107
0.760428 0.170066 -0.46479  1.40914
 0.760977  0.162487 -0.458354   1.40577
  0.76165  0.161378 -0.460325   1.40754
 0.761382  0.161239 -0.459525   1.40676
 0.761451  0.170399 -0.464454   1.41116
 0.759137  0.168547 -0.464272   1.40624
 0.761181  0.161987 -0.458824   1.40633
 0.761209  0.161548 -0.459022   1.40631
 0.760853  0.163091 -0.459184   1.40604
 0.750032  0.174048 -0.484302   1.39999
 0.763043  0.169816 -0.442757   1.40529
 0.747727  0.169597 -0.484108   1.39427
 0.761556  0.169464 -0.455721   1.40805
 0.76142 0.157872 -0.45765   1.4052
 0.755822  0.158669 -0.482186   1.40657
 0.760315  0.162498 -0.456798   1.40356
 0.758463  0.167304 -0.450816   1.39928
 0.760324  0.157469 -0.458127    1.4035
 0.761211  0.169338 -0.463342   1.40981
 0.760349  0.162561 -0.456689   1.40358
 0.760285  0.163815 -0.457894   1.40443
  0.76035  0.164402 -0.455562   1.40343
  0.76055  0.162621 -0.457625   1.40429
 0.760275  0.166167 -0.459133   1.40539
 0.760245  0.163067 -0.455078   1.40263
0.957977    0.202 0.125696  1.72901
 0.960593  0.205603 0.0870777   1.73188
   0.956392    0.234984 -0.00730954     1.72691
 0.919831  0.290783 0.0789663   1.66116
   0.962314    0.213543 -0.00484463     1.73607
  0.950384    0.23504 -0.0490636    1.71471
  0.960807   0.209478 -0.0499861    1.73411
  0.950665   0.216445 -0.0913009    1.71518
  0.940781   0.252531 -0.0762213    1.69945
  0.950097   0.238405 -0.0125276    1.71282
 0.922386  0.297653 -0.128107    1.6788
  0.938507   0.275029 -0.0452911    1.69807
 0.928931  0.276535 -0.128174   1.68617
 0.907136  0.299761 -0.172089   1.65139
0.936021 0.151562 0.240738  1.68958
0.916702 0.156561 0.267396  1.64918
0.915509 0.180297 0.252953   1.6478
0.918848 0.148064 0.264236  1.65075
0.935605 0.153396 0.240071  1.68742
0.924475 0.169692 0.278933  1.67566
0.932176  0.14823 0.233548  1.68308
0.926469 0.161182 0.239582  1.67586
0.933287 0.139615 0.227499  1.68678
0.931773 0.152345 0.238778  1.67978
0.918175 0.236509  0.25176  1.66843
0.933378 0.153685 0.241017  1.68246
 0.93828 0.128853 0.215473   1.6955
0.914098  0.18867  0.28927  1.65887
0.914976 0.240213 0.234585  1.65787
 0.93045  0.14532 0.228047  1.68086
0.923898 0.176027 0.236022  1.66483
0.923434 0.155687  0.22769  1.67059
0.927522 0.166996 0.257564  1.67847
0.918068 0.169735  0.24921  1.65218
0.913319 0.172428 0.257958  1.64334
0.931866 0.151467 0.243138  1.67993
0.911155 0.173045 0.262899  1.63761
0.911621 0.160701 0.268078  1.63705
0.930422 0.149503 0.248799  1.67728
0.923183 0.163326 0.244667  1.67023
0.925836  0.14958 0.258936  1.66693
0.931869  0.15394 0.242687  1.67933
0.917371 0.165657 0.292988  1.66581
0.917791 0.183946 0.291849  1.66764
0.922943 0.170291 0.284629  1.67468
0.932908 0.151548 0.237936  1.68261
0.928598   0.1495 0.228506  1.67738
0.926034 0.166213  0.26289  1.67611
0.924368 0.175126 0.237221  1.66593
0.920925 0.180367 0.281837  1.67001
0.925931   0.1686 0.231614  1.66796
0.927599 0.148858 0.226196  1.67651
0.924869 0.157772 0.222382  1.67331
0.928078 0.170605 0.229409  1.67316
0.922678 0.160849 0.225904  1.66793
0.926771 0.162493 0.220699  1.67607
 0.758646  0.148335 -0.476567   1.40833
 0.760221  0.154469 -0.468432   1.40789
  0.75458  0.152419 -0.480722   1.40302
 0.754655  0.157055 -0.482492     1.405
 0.761027  0.154097 -0.455964   1.40331
 0.752346  0.161937 -0.484121   1.40216
  0.74929  0.163394 -0.484134   1.39623
 0.759345  0.179531 -0.464835   1.40904
 0.747522  0.176614 -0.482826   1.39452
 0.760178  0.155938 -0.456647   1.40224
 0.749538  0.184735 -0.479689   1.39842
  0.75881  0.168347 -0.448138   1.39889
 0.766063  0.184919 -0.463018    1.4222
 0.760276  0.177173 -0.464723   1.41093
  0.76491    0.1972 -0.474185   1.42719
 0.757744  0.177162 -0.467071   1.40676
  0.922419   0.300285 -0.0879471    1.67358
  0.912396     0.3199 -0.0304239    1.65373
  0.929184   0.296369 -0.0832994    1.68706
 0.919242  0.297016 0.0246722   1.65929
 0.937622  0.271546 0.0931037   1.69659
 0.942565  0.279502 0.0427354   1.70747
0.927715 0.291993 0.098935  1.68178
0.925353 0.280396 0.126783  1.67526
0.948798 0.128729 0.196908  1.71288
0.921066 0.265931  0.16108  1.66429
 0.91557 0.256289  0.20006  1.65589
0.944588 0.126605 0.206298  1.70498
0.913419  0.22435 0.260788  1.65687
0.935736  0.25237 0.152453  1.69244
0.906586 0.213541 0.292741  1.65112
0.910216 0.192503 0.297534  1.65652
0.931791 0.144147 0.227609  1.68416
0.938448 0.146585 0.216205  1.69569
 0.765266  0.182819 -0.462558   1.42079
 0.758566  0.188787 -0.478939   1.41552
 0.774455  0.204821 -0.467329   1.44447
 0.760247  0.196947 -0.470709   1.41832
0.941305  0.12733 0.213737  1.70157
0.957561 0.137648 0.159175  1.72571
0.957569 0.139714 0.146006  1.72223
0.929398 0.151595 0.225981  1.68096
 0.955282  0.200456 0.0975122   1.71895
0.945485 0.244131 0.122246  1.70871
0.929695 0.242635 0.188702  1.68185
0.936645 0.170219 0.221629  1.69271
 0.761319  0.161296 -0.459116   1.40645
 0.761426  0.161572 -0.459644   1.40699
 0.761747  0.161229 -0.461021   1.40807
 0.761074  0.162539 -0.459666   1.40655
 0.76127 0.162119 -0.45971   1.4069
 0.761717  0.159992 -0.460607   1.40755
  0.76009  0.170053 -0.462299   1.40768
0.761096 0.162565 -0.45931  1.40652
 0.761298    0.1603 -0.460901   1.40691
 0.760878  0.155312 -0.456277   1.40336
 0.761398  0.155385 -0.476827   1.41438
 0.752216  0.168187 -0.483402   1.40173
  0.75601  0.162065 -0.482985   1.40808
 0.761425  0.155309 -0.465138   1.40879
 0.760509  0.163315 -0.457459   1.40453
0.760424 0.168507 -0.46322  1.40802
 0.760653  0.163384 -0.458359   1.40531
 0.760447  0.168882 -0.463598   1.40825
 0.760826  0.162826 -0.458583   1.40569
 0.761542  0.161635 -0.461192   1.40783
 0.761199  0.161719 -0.459778   1.40662
 0.760501  0.163916 -0.459354    1.4056
 0.761373  0.161763 -0.460857   1.40745
 0.761075  0.160189 -0.461274   1.40672
 0.754715  0.166423 -0.483778   1.40674
 0.753864  0.171835 -0.483541   1.40594
 0.751889   0.17383 -0.482745   1.40178
 0.759173  0.168661 -0.458462   1.40424
 0.759862  0.169651 -0.463376   1.40761
 0.755113   0.16441 -0.454493   1.39347
 0.756057  0.162219 -0.471141   1.40261
 0.760305  0.169746 -0.465011   1.40894
 0.760106  0.164457 -0.457536   1.40398
 0.759633  0.157896 -0.458489   1.40236
 0.760169  0.166469 -0.459551   1.40538
 0.760064  0.163628 -0.456785   1.40337
 0.760124   0.16292 -0.456044   1.40286
 0.760262  0.162748 -0.455906   1.40303
 0.760023  0.165423 -0.459564   1.40496
 0.759928  0.164133 -0.456205   1.40286
 0.949917  0.242811 0.0901359   1.71581
 0.953587  0.250022 0.0779887   1.72541
 0.950188  0.245199 0.0333354   1.71429
 0.957119  0.234468 0.0311302   1.72813
  0.922388    0.29726 -0.0328671    1.66793
  0.937692   0.273044 0.00689059    1.69367
0.933898 0.146279 0.245532  1.68314
 0.92582 0.151028 0.250888  1.66665
0.930554 0.152813 0.244633  1.67699
0.917795 0.160031 0.257508  1.65179
0.916084 0.165711 0.255464  1.64834
0.918714 0.155679 0.256568  1.65233
0.922968 0.172321 0.266367  1.67125
0.923482 0.155068  0.25445   1.6634
0.929283 0.155673  0.24382  1.67392
0.931078 0.149322 0.234015  1.68018
0.931118 0.142283 0.223183  1.68325
0.919932 0.166217 0.247533  1.66428
0.933703  0.14256 0.220348  1.68817
0.929624 0.154152 0.239616  1.67522
0.925607 0.157472 0.230667  1.67415
0.929171 0.152096 0.234647  1.67631
0.929361 0.165693 0.226281  1.67715
0.931375 0.168818 0.221709  1.68109
0.922004 0.170795 0.240848  1.65994
 0.92055 0.156941 0.232329  1.66473
0.922119 0.163292 0.247553  1.66819
0.925349 0.153547 0.230765  1.67056
0.915938 0.170924 0.252587  1.64815
0.927895 0.155165 0.245977  1.67156
0.919609 0.168681 0.246594   1.6552
0.915117 0.163696 0.256959   1.6457
0.924447 0.154287 0.249346  1.66417
0.919265 0.165042 0.248919  1.65411
0.918988 0.203844 0.268847   1.6657
0.912852 0.205899 0.279554  1.65626
0.918699 0.193011 0.277446  1.66563
0.923016 0.178912 0.278904   1.6739
0.924262 0.171751 0.263168  1.67363
 0.92247 0.169752 0.240615   1.6618
0.923086 0.164663 0.236199  1.66343
0.921193 0.179149 0.266046  1.66836
0.921391 0.158023 0.228851  1.66628
0.921174  0.16319 0.232641  1.66295
0.921242 0.158702 0.229376  1.66536
0.925426 0.167846  0.23355  1.66877
 0.759042   0.15469 -0.479743   1.41103
 0.758639  0.154734 -0.459363   1.40046
 0.760592  0.157753 -0.458149   1.40391
 0.759704  0.155721 -0.457263   1.40168
 0.753642  0.163006 -0.483382   1.40363
 0.756667   0.16613 -0.453957   1.39682
0.757774  0.17512 -0.46807  1.40722
 0.759017   0.15785 -0.457928   1.40106
 0.755082  0.172523 -0.469105   1.40157
 0.755861  0.165738 -0.470444   1.40269
 0.754727  0.177521 -0.482343   1.40813
 0.753528  0.180198 -0.480575   1.40509
  0.927074   0.301714 0.00978768     1.6788
 0.945528    0.2812 -0.015497   1.71542
0.930573 0.261254 0.154448  1.68384
0.947568 0.233213 0.151508  1.71425
 0.92755 0.234394 0.213694  1.67971
0.944008 0.153004 0.206788  1.70425
0.921964 0.177129 0.266002   1.6703
0.915479 0.221335 0.269034  1.66238
0.924998 0.216745  0.25596  1.67891
0.915949 0.210249 0.277647  1.66359
0.931455 0.228811 0.213549  1.68654
0.924518 0.221612 0.238821  1.67454
0.936202 0.143101 0.215873  1.69274
0.943133 0.220853 0.195937  1.70857
0.932798 0.159511 0.227456  1.68719
0.941938 0.148659 0.207255  1.70183
0.951464 0.245145 0.115386  1.72233
0.941592 0.266272 0.093942  1.70361
0.952261 0.192056 0.140938  1.71536
0.944103 0.237402 0.148466  1.70709
 0.761481  0.161596 -0.462273    1.4082
 0.760746   0.16342 -0.461201   1.40671
 0.760485  0.164382 -0.460337   1.40605
 0.761216   0.16285 -0.461192   1.40757
 0.757618  0.159095 -0.470648   1.40479
 0.760969  0.162117 -0.461004   1.40677
 0.759699  0.154908 -0.457986    1.4019
 0.760504  0.164916 -0.462428   1.40715
 0.757719  0.156807 -0.470341   1.40426
 0.760283   0.16068 -0.462001   1.40572
  0.76032  0.164697 -0.459021   1.40519
 0.759892  0.168748 -0.465153   1.40794
 0.760925  0.162346 -0.462975   1.40761
 0.759915  0.167992 -0.463335   1.40691
 0.755822  0.159738 -0.460317   1.39637
 0.760793  0.163547 -0.460563   1.40665
 0.761219  0.162273 -0.462482   1.40792
 0.760747  0.163683 -0.462948   1.40756
 0.756473  0.183319 -0.480016   1.41141
 0.759562   0.18693 -0.476616   1.41647
 0.753865  0.168005 -0.469586    1.3985
 0.756879  0.167179 -0.451593   1.39632
 0.757872  0.168045 -0.458911   1.40162
    0.758  0.167433 -0.460428    1.4024
 0.758931  0.168977 -0.463671   1.40567
 0.759236  0.166983 -0.464732   1.40622
 0.759632  0.169057 -0.465209    1.4075
  0.76008  0.166385 -0.460788    1.4058
 0.758658   0.16749 -0.464407   1.40507
 0.760306  0.167142 -0.463756   1.40779
   0.93222   0.294831 -0.0433801    1.69025
  0.943793   0.265186 -0.0478541    1.70765
0.927469 0.155458 0.245991  1.67027
0.919885 0.161622 0.251691  1.65521
0.920039 0.159407 0.251368  1.65512
0.928102 0.154437  0.24141  1.67173
0.918345   0.1646 0.250446  1.65199
0.927874 0.152493 0.236348  1.67313
0.918834  0.15936 0.236191  1.65889
0.927229 0.149902 0.230173  1.67412
0.921692  0.21218  0.25958  1.67127
0.924535  0.15539 0.239266  1.66597
0.929224 0.148914 0.223673  1.67996
0.926736 0.196851 0.251223  1.67911
0.920815  0.16632 0.243366  1.65783
 0.91908 0.158229 0.233131  1.66159
0.923926 0.156844 0.244562  1.66287
 0.91996 0.160315 0.235169  1.66138
0.922978 0.157704 0.250543  1.66147
0.918301 0.158961 0.234877  1.65913
 0.92457 0.158033 0.247265  1.66429
0.920871 0.160201 0.246352  1.65672
0.920729 0.189088 0.280916   1.6709
0.924285 0.153632 0.229802  1.67002
 0.92404  0.15347 0.232938  1.66749
0.921431 0.188134 0.262092   1.6688
0.920465 0.164761  0.24747  1.66556
0.919761 0.162075 0.241246  1.65711
 0.91847 0.158307 0.234022  1.66031
0.920406 0.165332 0.239302  1.65864
  0.75882  0.156451 -0.459542   1.40137
 0.759557   0.15671 -0.469029   1.40732
 0.755579   0.15986 -0.471181   1.40102
 0.755921  0.163571 -0.456273   1.39572
 0.757304  0.158907 -0.459878   1.39903
 0.754327  0.163442 -0.471137   1.39925
 0.755783  0.170762 -0.468937   1.40282
 0.755449  0.163493 -0.459555   1.39606
0.936129 0.243901 0.183491  1.69622
 0.94092 0.220019  0.17171   1.6985
0.929965 0.218066 0.235912  1.68569
0.939626 0.175269 0.208313  1.69755
 0.92056 0.199481 0.275481  1.67064
0.927182  0.18297 0.238308    1.677
0.930005  0.16908 0.228393  1.68225
0.922151 0.208931 0.265833  1.67325
0.931383 0.152895 0.221022   1.6844
0.931518 0.199235 0.238698  1.68708
0.935213 0.162912 0.217259  1.69066
0.931989 0.203097   0.2238  1.68509
0.948197 0.160455 0.182585  1.71021
0.939159 0.213116 0.206179  1.69966
0.938293 0.180361 0.210521  1.69365
0.948556 0.179546  0.17797  1.71059
 0.760549  0.160806 -0.461574   1.40593
 0.757807  0.165703 -0.461693   1.40208
 0.757196  0.157225 -0.459826    1.3983
0.760385 0.163228 -0.46418  1.40736
 0.759859  0.161375 -0.462234   1.40513
 0.758779  0.156806 -0.457588   1.40016
 0.760299  0.165459 -0.461182   1.40629
0.760154 0.165855 -0.46219  1.40648
0.760305 0.164661  -0.4629  1.40682
 0.760027   0.16718 -0.464448   1.40753
  0.76059  0.163193 -0.463163    1.4072
 0.759673  0.165452 -0.464656   1.40672
 0.757125   0.16628 -0.460728   1.40048
 0.757546  0.158853 -0.457863   1.39841
 0.759695  0.167614 -0.465309   1.40737
 0.755299  0.162288 -0.456687   1.39437
 0.760208  0.166435 -0.464675   1.40788
 0.758417  0.162963 -0.461941   1.40268
0.925968 0.156676 0.242291  1.66734
0.921316 0.156467 0.235083  1.66191
0.921927 0.158443 0.241242  1.66068
 0.92598 0.155377 0.237085  1.66938
0.925679 0.154169  0.22691  1.67298
 0.91895 0.159018  0.23644  1.66074
 0.92216 0.185456 0.264444  1.67132
0.921753 0.156837 0.233137  1.66507
0.918462 0.159053 0.234748   1.6594
0.919792 0.160852 0.234464  1.65989
0.919917 0.164056 0.244278  1.65592
0.920893 0.160934 0.241283  1.65891
0.920457 0.161438 0.245386  1.65703
0.922714 0.160126 0.245045   1.6608
0.921262  0.16495 0.236716  1.66633
0.923381 0.195626 0.253437  1.67167
0.921167 0.172587 0.249787  1.66706
0.920111 0.167641 0.247403   1.6651
 0.757155   0.16093 -0.457595   1.39809
 0.759202  0.161537 -0.462052    1.4039
0.928321 0.166268 0.236188  1.68025
0.942897 0.184038 0.196124  1.70198
0.932515 0.182958 0.223219  1.68541
0.927443  0.20028 0.241092  1.67835
0.922445 0.161308 0.235576  1.66836
0.927357 0.158585 0.226743  1.67736
0.930602 0.178197 0.237094  1.68394
0.922374 0.175309 0.244259  1.66948
   0.938 0.210182  0.20939  1.69739
0.937295 0.203527 0.220073  1.69685
 0.758326  0.164083 -0.462086   1.40284
 0.760353  0.164801 -0.464453   1.40771
 0.759791  0.165555 -0.464438   1.40669
 0.758482  0.158588 -0.458163   1.40024
 0.757595   0.16061 -0.458088   1.39904
 0.757585  0.164525 -0.461737   1.40137
 0.759075  0.165907 -0.464687    1.4056
 0.759046  0.162636 -0.462186    1.4039
 0.92304  0.15847 0.239905  1.66329
0.922539 0.157637 0.230546   1.6667
0.919612 0.159114 0.235745  1.65945
0.922682 0.156515  0.23329  1.66516
0.923523  0.17878  0.24848  1.67103
0.920545 0.158827  0.23334  1.66252
0.919973 0.170725 0.245019  1.66473
0.920346 0.162606 0.239755  1.66446
0.923596 0.192502 0.259671  1.67396
0.926454 0.171398 0.236944   1.6767
0.919805   0.1613 0.238342  1.65869
0.919783  0.15946 0.239116  1.65869
0.920375 0.158705 0.235467   1.6613
0.919378 0.161213 0.235311  1.66201
 0.756664  0.161689 -0.457847    1.3974
  0.75664  0.161928 -0.460072   1.39853
0.923778  0.16291 0.231759  1.67087
0.922037  0.17166  0.24867  1.66921
0.924707 0.169589 0.241534  1.67391
0.926314 0.179898 0.246462  1.67734
0.760123 0.164126 -0.46426  1.40705
  0.75958  0.164351 -0.464585   1.40624
