0.0171325
0.04998
0.0879967
0.130544
0.17703
0.226941
0.279771
0.335074
0.392456
0.451577
0.512145
0.573929
0.636822
0.70053
0.76488
0.829722
0.894931
0.960632
1.02702
1.09352
1.16005
1.22658
1.29318
1.35969
1.4264
1.49288
1.55926
1.62547
1.69135
1.75703
1.82235
1.88726
1.9518
2.01593
2.07955
2.14266
2.20522
2.26718
2.32854
2.38943
2.44987
2.50998
2.56994
2.63031
2.69033
2.74992
2.80944
2.86889
2.92832
2.98786
3.04827
3.10839
3.16819
3.22853
3.28901
3.34882
3.40801
3.46678
3.52509
3.58313
3.64043
3.69725
3.75344
3.80921
3.86466
3.92092
3.97665
4.0321
4.08718
4.14301
4.19811
4.25341
4.30783
4.36127
4.41374
4.46578
4.51818
4.57059
4.62348
4.67574
4.727
4.77795
4.82859
4.8801
4.93158
4.98232
5.03289
5.08367
5.13512
5.18768
5.24088
5.29296
5.34408
5.39417
5.44378
5.49311
5.54175
5.58949
5.63612
5.68186
5.72764
5.77419
5.8205
5.8671
5.91277
5.95822
6.00349
6.04887
6.09369
6.13849
6.1827
6.22729
6.27232
6.31714
6.3609
6.40354
6.44581
6.48826
6.53074
6.57335
6.61514
6.65575
6.69595
6.73609
6.77705
6.81873
6.85973
6.90037
6.94028
6.97962
7.01794
7.05549
7.09243
7.12917
7.16714
7.20528
7.24385
7.28171
7.31821
7.35411
7.39062
7.42677
7.46187
7.49646
7.53019
7.56269
7.59446
7.62549
7.65712
7.68919
7.72071
7.75224
7.78344
7.81443
7.84429
7.87392
7.90369
7.9349
7.96535
7.99557
8.02564
8.05548
8.08493
8.11342
8.14136
8.16878
8.19536
8.22143
8.24736
8.27264
8.29709
8.32244
8.34906
8.376
8.40302
8.42923
8.45535
8.48053
8.50488
8.52933
8.55371
8.5786
8.60466
8.63088
8.65803
8.68538
8.71227
8.73957
8.76749
8.79476
8.82162
8.84777
8.87419
8.90065
8.92698
8.95405
8.98112
9.00783
9.035
9.06175
9.08818
9.11474
9.14062
9.16624
9.19106
9.21563
9.24159
9.26803
9.2951
9.3226
9.3501
9.37651
9.4019
9.42664
9.45173
9.47669
9.50114
9.52467
9.54866
9.57428
9.59997
9.62594
9.65189
9.67833
9.70449
9.73022
9.75489
9.77836
9.80108
9.82322
9.84559
9.87013
9.89442
9.91884
9.94368
9.96847
9.99282
10.0174
10.0415
10.0653
10.0887
10.1115
10.1351
10.1599
10.1844
10.2093
10.2333
10.2575
10.282
10.3064
10.33
10.353
10.3761
10.3994
10.4222
10.4466
10.4722
10.4977
10.5229
10.548
10.5726
10.5963
10.6195
10.642
10.6643
10.6873
10.7111
10.7349
10.7593
10.7839
10.8084
10.8334
10.8581
10.8831
10.9077
10.9319
10.9559
10.9799
11.0039
11.0284
11.0533
11.079
11.1051
11.1311
11.1567
11.1826
11.2082
11.2333
11.2587
11.2848
11.3115
11.3385
11.3652
11.3922
11.4192
11.4454
11.4717
11.498
11.525
11.5522
11.5794
11.607
11.6351
11.6642
11.6945
11.7242
11.7532
11.7819
11.8107
11.8386
11.8672
11.8961
11.9246
11.9531
11.9814
12.0096
12.0373
12.0651
12.0927
12.1211
12.1503
12.1798
12.2097
12.2402
12.2713
12.3041
12.3375
12.3703
12.4032
12.437
12.4712
12.5056
12.5405
12.5755
12.6106
12.6455
12.6812
12.7176
12.755
12.7932
12.8329
12.8747
12.9198
12.9677
13.0168
13.0676
13.1202
13.174
13.2281
13.2835
13.3399
13.3973
13.4545
13.512
13.5701
13.6283
13.6866
13.745
13.803
13.8616
13.9205
13.9797
14.0395
14.1016
14.1645
14.2274
14.2914
14.3565
14.4226
14.4906
14.5597
14.6288
14.6981
14.7676
14.8371
14.9061
14.975
15.0441
15.113
15.1825
15.2527
15.3229
15.393
15.4628
15.5324
15.6024
15.6722
15.7417
15.8122
15.8833
15.9554
16.0281
16.1015
16.1755
16.2502
16.3257
16.4018
16.4781
16.5539
16.6292
16.7039
16.7776
16.85
16.9211
16.9909
17.0608
17.1312
17.2007
17.2696
17.3371
17.4033
17.469
17.5338
17.5979
17.6621
17.7258
17.7886
17.8498
17.909
17.9669
18.0244
18.0797
18.1338
18.1858
18.236
18.2846
18.3314
18.3764
18.4201
18.4622
18.5022
18.5396
18.5748
18.6096
18.6441
18.6767
18.7073
18.7365
18.7632
18.7876
18.8106
18.8314
18.85
18.8668
18.8817
18.8942
18.9046
18.9124
18.9188
18.9228
18.9243
18.9239
18.9224
18.9196
18.9145
18.9069
18.8982
18.8886
18.8776
18.8655
18.8519
18.8358
18.817
18.7956
18.7717
18.7454
18.7169
18.6866
18.6549
18.6205
18.5835
18.5453
18.5065
18.4663
18.425
18.3832
18.3396
18.294
18.2475
18.1991
18.1485
18.097
18.0453
17.992
17.9373
17.8827
17.8269
17.7689
17.7088
17.6476
17.588
17.5313
17.4774
17.4278
17.3887
17.3638
17.3508
17.3483
17.3537
17.3657
17.3832
17.4047
17.4304
17.4617
17.4976
17.5368
17.5801
17.6267
17.6758
17.727
17.78
17.8348
17.8917
17.9505
18.011
18.0725
18.1353
18.1993
18.2643
18.3299
18.3969
18.4658
18.5356
18.6055
18.6753
18.7461
18.8163
18.8867
18.957
19.0279
19.0995
19.1706
19.2426
19.3153
19.3884
19.4616
22.1795
22.2307
22.3201
22.4109
22.5251
22.6005
22.6483
22.6931
22.7238
22.7455
22.7796
22.8081
22.8225
22.8318
22.8518
22.8788
22.915
23.0043
23.0929
23.1702
23.236
23.297
23.3518
23.4047
23.4547
23.4966
23.5577
23.6176
23.6849
23.7717
23.8678
23.9594
24.0357
24.1014
24.1588
24.2067
24.2425
24.2843
24.3332
24.3846
24.4392
24.4862
24.5249
24.561
24.6026
24.6518
24.6971
24.7348
24.7653
24.7884
24.8044
24.8155
24.825
24.8383
24.854
24.8675
24.8806
24.8895
24.8912
24.8879
24.8826
24.8761
24.8714
24.867
24.8595
24.8475
24.8294
24.8111
24.791
24.7686
24.7451
24.7217
24.6948
24.6644
24.6304
24.5931
24.5545
24.5164
24.4792
24.4393
24.3989
24.3588
24.3194
24.2808
24.2399
24.2008
24.1615
24.1185
24.0722
24.0218
23.9687
23.9173
23.8677
23.816
23.7643
23.7118
23.6598
23.6071
23.5544
23.5019
23.4467
23.3886
23.3269
23.2638
23.1998
23.1339
23.0666
22.9989
22.9307
22.8612
22.791
22.7209
22.6502
22.5805
22.5151
22.4522
22.392
22.3345
22.2777
22.2216
22.1681
22.1174
22.0688
22.0217
21.9766
21.9323
21.8898
21.8489
21.8096
21.7723
21.736
21.7031
21.6731
21.6438
21.6166
21.59
21.5651
21.542
21.5231
21.5074
21.494
21.4826
21.4733
21.466
21.4635
21.463
21.4632
21.4649
21.4691
21.4755
21.4833
21.4945
21.5076
21.5224
21.5394
21.5585
21.5783
21.6003
21.6247
21.6504
21.6757
21.703
21.7327
21.7657
21.801
21.8373
21.8759
21.919
21.9649
22.0146
22.0672
22.1213
22.1771
22.2371
22.2992
22.3636
22.4296
22.4964
22.5642
22.632
22.7014
22.7716
22.842
22.9122
22.9852
23.0599
23.1344
23.2098
23.2853
23.3619
23.439
23.5176
23.5952
23.6725
23.7506
23.83
23.912
23.9943
24.0776
24.161
24.2452
24.3286
24.4112
24.493
24.5735
24.6545
24.7371
24.8199
24.9036
24.9878
25.0704
25.1524
25.233
25.3133
25.3936
25.4731
25.5516
25.6288
25.7066
25.7819
25.8547
25.9262
25.9978
26.0684
26.1391
26.2082
26.2762
26.3438
26.4091
26.472
26.5338
26.5958
26.6566
26.7173
26.7768
26.8347
26.8916
26.9485
27.004
27.059
27.1141
27.1685
27.2218
27.2743
27.3261
27.378
27.4295
27.4817
27.5329
27.5839
27.6345
27.684
27.7327
27.7808
27.8295
27.877
27.9244
27.9721
28.0199
28.0703
28.1217
28.1724
28.2217
28.2721
28.3233
28.3738
28.4225
28.4692
28.5137
28.5576
28.6005
28.6424
28.6832
28.7221
28.7596
28.7972
28.8329
28.8657
28.8961
28.9241
28.9503
28.9752
28.9984
29.0196
29.0381
29.0537
29.0669
29.0788
29.0889
29.0976
29.1049
29.1108
29.1142
29.1147
29.1118
29.1064
29.0975
29.0867
29.0717
29.0533
29.0318
29.0077
28.9808
28.9513
28.9189
28.8824
28.8431
28.7998
28.7534
28.7044
28.6513
28.5945
28.5337
28.47
28.4033
28.3343
28.2624
28.1885
28.112
28.0322
27.9504
27.8674
27.7828
27.6968
27.6102
27.5244
27.4391
27.3565
27.2774
27.2031
27.1346
27.0721
27.0153
26.9651
26.924
26.8945
26.8806
26.8843
26.8939
26.9083
26.9272
26.9506
26.9756
26.9981
27.0177
27.0369
27.0574
27.0784
27.1006
27.1223
27.1459
27.1768
27.2189
27.2672
27.3194
27.3741
27.4314
27.4921
27.5551
27.6206
27.6886
27.7589
27.831
27.9054
27.9815
28.0594
28.1379
28.2171
28.2965
28.375
28.4536
28.533
28.6116
28.6904
28.7681
28.8448
28.9211
28.9973
29.0722
29.1448
29.2149
29.2831
29.3497
29.4147
29.4779
29.5381
29.5958
29.6508
29.7028
29.7532
29.8022
29.8482
29.8921
29.9341
29.974
30.0106
30.0444
30.0753
30.1043
30.1306
30.1531
30.1734
30.1928
30.2105
30.2257
30.2402
30.256
30.2722
30.2894
30.3068
30.323
30.3398
30.3557
30.3696
30.3807
30.3896
30.3976
30.4037
30.4074
30.4078
30.4049
30.4005
30.3934
30.3849
30.3742
30.3601
30.3439
30.3253
30.3044
30.2804
30.2548
30.2265
30.1952
30.1623
30.1274
30.0919
30.0551
30.0163
29.9752
29.9332
29.8924
29.8518
29.8097
29.7664
29.7222
29.6783
29.6344
29.5901
29.5454
29.5006
29.4558
29.412
29.3691
29.3263
29.2831
29.2391
29.1946
29.15
29.1061
29.0617
29.0174
28.9738
28.9306
28.8888
28.847
28.8058
28.7659
28.7285
28.6922
28.6577
28.6268
28.5994
28.575
28.5539
28.5338
28.5154
28.4979
28.4799
28.4626
28.4451
28.4268
28.408
28.3888
28.3696
28.3491
28.3292
28.3091
28.2886
28.2677
28.2469
28.2252
28.2024
28.1802
28.1582
28.1359
28.1135
28.0904
28.0665
28.042
28.0164
27.9918
27.9756
27.9665
27.9629
27.9628
27.9651
27.9698
27.977
27.9861
27.9972
28.0105
28.0261
28.0424
28.0601
28.0794
28.1009
28.1231
28.1464
28.1707
28.1956
28.2223
28.251
28.2796
28.3078
28.3361
28.3658
28.3967
28.4274
28.4587
28.4903
28.522
28.5529
28.5838
28.616
28.6492
28.6824
28.7157
28.7495
28.7834
28.8168
28.8508
28.885
28.9188
28.9528
28.9872
29.0216
29.0568
29.0922
29.1278
29.1632
29.1982
29.2321
29.2659
29.3006
29.335
29.37
29.4051
29.4397
29.475
29.5133
29.5518
29.5902
29.6296
29.6704
29.7123
29.7548
29.7975
29.8423
29.8891
29.9371
29.9859
30.0362
30.0882
30.1418
30.1973
30.2534
30.3101
30.3677
30.4262
30.4855
30.546
30.6078
30.6712
30.7347
30.7978
30.8602
30.9241
30.9895
31.056
31.1255
31.1965
31.2698
31.3435
31.417
31.4898
31.5616
31.6332
31.705
31.7764
31.8475
31.9182
31.9887
32.0581
32.1269
32.1946
32.2618
32.3281
32.393
32.4568
32.5189
32.5799
32.6405
32.7002
32.7584
32.8157
32.8708
32.9251
32.9782
33.0292
33.0787
33.1266
33.1727
33.2166
33.2588
33.2996
33.3378
33.3744
33.4092
33.4418
33.4715
33.4978
33.5207
33.5415
33.5593
33.5739
33.585
33.5926
33.5967
33.5976
33.5962
33.5929
33.5858
33.5751
33.5604
33.5431
33.5223
33.4983
33.4702
33.4388
33.404
33.3659
33.3238
33.2772
33.2266
33.1725
33.1148
33.0525
32.9862
32.9165
32.8445
32.7704
32.6931
32.6134
32.5293
32.4412
32.3503
32.2568
32.1613
32.0631
31.9613
31.8561
31.7485
31.6395
31.5273
31.4133
31.297
31.1781
31.0571
30.9348
30.8107
30.685
30.5574
30.4285
30.2994
30.1691
30.0389
29.9089
29.7797
29.6509
29.5208
29.3907
29.2603
29.1316
29.0103
28.9016
28.804
28.7157
28.6359
28.5649
28.5022
28.4468
28.3978
28.3544
28.3168
28.2852
28.2587
28.2379
28.2221
28.212
28.2086
28.2101
28.2157
28.2244
28.2354
28.2487
28.2668
28.2873
28.3093
28.3322
28.3564
28.3815
28.4058
28.4289
28.4515
28.4732
28.4944
28.5144
28.5328
28.5497
28.565
28.5784
28.5909
28.6029
28.6133
28.6214
28.6273
28.631
28.6324
28.6311
28.6269
28.6215
28.6139
28.6045
28.5925
28.5776
28.5605
28.5419
28.5229
28.5027
28.4814
28.4573
28.4316
28.4051
28.3779
28.3527
28.3354
28.321
28.3081
28.2958
28.2842
28.2719
28.2585
28.2445
28.2308
28.2163
28.2019
28.1857
28.1676
28.1476
28.125
28.1004
28.0725
28.0417
28.0083
27.9721
27.9329
27.8912
27.8468
27.7992
27.7482
27.6947
27.6386
27.5804
27.52
27.4577
27.3929
27.3253
27.2558
27.1838
27.1096
27.0325
26.953
26.8708
26.7862
26.6998
26.6108
26.5185
26.4238
26.327
26.2278
26.1274
26.0256
25.922
25.8168
25.7103
25.6018
25.4914
25.3797
25.2663
25.1511
25.0352
24.9184
24.8017
24.6869
24.5735
24.4602
24.3472
24.2343
24.1217
24.0095
23.9003
23.7975
23.7028
23.6131
23.5281
23.4475
23.371
23.2992
23.2322
23.1702
23.112
23.057
23.0055
22.9584
22.9168
22.8826
22.8564
22.8384
22.8257
22.8193
22.8194
22.8272
22.842
22.8636
22.892
22.93
22.98
23.0374
23.0991
23.1628
23.2272
23.293
23.3589
23.4265
23.4953
23.5634
23.6302
23.6976
23.7645
23.8305
23.8956
23.961
24.0251
24.0886
24.1511
24.2128
24.2737
24.3336
24.3926
24.4517
24.5106
24.5697
24.6272
24.6829
24.7369
24.7901
24.8437
24.8979
24.9524
25.0064
25.0597
25.1131
25.1676
25.2232
25.2787
25.3336
25.386
25.4365
25.4844
25.5299
25.5728
25.6135
25.6522
25.689
25.724
25.757
25.7881
25.8159
25.8414
25.8647
25.8861
25.9051
25.9228
25.9377
25.9496
25.9588
25.9663
25.9718
25.9746
25.975
25.9728
25.9694
25.9633
25.9543
25.9434
25.9306
25.9158
25.8987
25.8805
25.8607
25.8388
25.8141
25.7876
25.7591
25.7293
25.6969
25.663
25.6281
25.5915
25.5528
25.5124
25.4707
25.4277
25.3831
25.3372
25.2899
25.2408
25.1898
25.138
25.0852
25.031
24.9755
24.9181
24.8594
24.7993
24.7375
24.6745
24.6106
24.5461
24.4812
24.4151
24.3486
24.2827
24.2198
24.1585
24.1008
24.0463
23.995
23.9448
23.8966
23.8497
23.8037
23.7591
23.7159
23.6741
23.6332
23.5933
23.5544
23.5166
23.4792
23.4416
23.4049
23.3693
23.3353
23.3017
23.2689
23.2375
23.2074
23.1781
23.1511
23.1263
23.103
23.0814
23.0612
23.0428
23.0256
23.0084
22.9917
22.9755
22.9597
22.9439
22.9286
22.9134
22.8984
22.8832
22.8681
22.853
22.8386
22.8256
22.8127
22.7998
22.7876
22.7761
22.7661
22.7583
22.7525
22.747
22.7423
22.7379
22.7333
22.7295
22.7255
22.7217
22.7177
22.7125
22.7071
22.7013
22.695
22.6895
22.684
22.6778
22.6711
22.6648
22.6587
22.6524
22.6463
22.6403
22.634
22.6269
22.6197
22.6124
22.6045
22.5959
22.5873
22.5785
22.5706
22.5633
22.556
22.5489
22.5428
22.5373
22.532
22.5269
22.5228
22.5187
22.5146
22.5107
22.5073
22.5034
22.5001
22.497
22.4948
22.4941
22.4939
22.4933
22.4926
22.4919
22.4908
22.4895
22.4884
22.4869
22.486
22.4848
22.4835
22.4819
22.4801
22.4773
22.4735
22.4699
22.4672
22.4643
22.4612
22.458
22.4554
22.4527
22.4506
22.4481
22.4463
22.445
22.4431
22.4403
22.4371
22.4329
22.4275
22.4215
22.4146
22.4071
22.3997
22.392
22.3846
22.3761
22.3667
22.3563
22.3451
22.3347
22.3247
22.3143
22.3033
22.2922
22.281
22.2723
22.2647
22.2576
22.2521
22.2477
22.2442
22.2413
22.2394
22.238
22.2372
22.2366
22.236
22.237
22.2389
22.2412
22.2437
22.2471
22.2503
22.2537
22.2578
22.2628
22.2678
22.2729
22.2777
22.2823
22.2872
22.293
22.2986
22.3051
22.312
22.319
22.3259
22.3329
22.3396
22.3471
22.354
22.3606
22.3674
22.3735
22.3784
22.382
22.385
22.3873
22.3897
22.3922
22.3938
22.3944
22.3943
22.3931
22.3908
22.3874
22.3836
22.3786
22.3732
22.3678
22.3621
22.3564
22.3494
22.3414
22.3327
22.3234
22.3136
22.303
22.2911
22.2774
22.2624
22.2463
22.23
22.2127
22.195
22.1766
22.1576
22.138
22.1186
22.098
22.0767
22.0568
22.0367
22.0168
21.9971
21.9773
21.9575
21.9361
21.915
21.8936
21.8713
21.8485
21.8245
21.7994
21.7728
21.7454
21.7181
21.6904
21.6624
21.6336
21.605
21.576
21.5468
21.5175
21.4885
21.4599
21.4307
21.4022
21.3733
21.3439
21.314
21.2837
21.2537
21.2231
21.1921
21.1607
21.1282
21.0958
21.0635
21.0312
20.9995
20.9679
20.9362
20.9036
20.8709
20.8378
20.8059
20.775
20.7449
20.7152
20.6858
20.6565
20.6272
20.5984
20.5697
20.5414
20.5128
20.4841
20.4564
20.429
20.4018
20.3752
20.3486
20.3214
20.2943
20.2684
20.2423
20.2165
20.1915
20.1669
20.1438
20.1213
20.0986
20.077
20.0554
20.0334
20.0117
19.9919
19.9734
19.9554
19.9372
19.9195
19.9014
19.8832
19.8649
19.8477
19.8306
19.8135
19.7967
19.7795
19.7632
19.7481
19.7336
19.7196
19.7061
19.6921
19.6776
19.6632
19.6481
19.6338
19.6198
19.6066
19.5933
19.5799
19.5679
19.5565
19.5451
19.5334
19.5213
19.5094
19.4972
19.485
19.4733
19.4612
19.4494
19.4376
19.4255
19.4132
19.4018
19.391
19.3802
19.3713
19.3634
19.3558
19.349
19.3426
19.3362
19.3302
19.3244
19.3187
19.313
19.3073
19.3022
19.2986
19.295
19.2923
19.2899
19.2874
19.2855
19.2849
19.2848
19.2849
19.2855
19.2872
19.2893
19.2923
19.2951
19.2981
19.3018
19.3068
19.3126
19.3184
19.3243
19.3301
19.3352
19.341
19.3472
19.3537
19.3607
19.368
19.3754
19.3821
19.3886
19.3946
19.3996
19.4045
19.4088
19.4126
19.4161
19.4192
19.4219
19.4251
19.4291
19.4335
19.4372
19.4414
19.446
19.4497
19.4524
19.4544
19.4563
19.4586
19.4605
19.4613
19.461
19.4601
19.4589
19.4564
19.4533
19.4493
19.4438
19.4388
19.4333
19.4277
19.4217
19.4148
19.408
19.402
19.3956
19.3888
19.3812
19.3733
19.3651
19.3566
19.3472
19.337
19.3274
19.317
19.306
19.2947
19.2829
19.2706
19.2581
19.245
19.2324
19.2194
19.206
19.192
19.1775
19.1619
19.1448
19.1272
19.1093
19.0907
19.071
19.0508
19.0303
19.0085
18.9854
18.9624
18.9391
18.9144
18.888
18.8612
18.8341
18.8056
18.7765
18.7466
18.7161
18.6852
18.6541
18.6228
18.591
18.5585
18.525
18.4913
18.4576
18.4228
18.3879
18.3528
18.3184
18.2841
18.2494
18.2149
18.1817
18.1488
18.1158
18.0836
18.0516
18.0204
17.9901
17.9605
17.9328
17.9063
17.8806
17.8559
17.8327
17.8113
17.7915
17.7717
17.7532
17.736
17.7204
17.7061
17.6934
17.6816
17.671
17.6632
17.6573
17.6523
17.6477
17.6428
17.6388
17.6354
17.6322
17.6294
17.6268
17.6243
17.6219
17.6197
17.6185
17.6175
17.6163
17.6155
17.6168
17.6204
17.6247
17.6294
17.6345
17.6401
17.6456
17.6518
17.6578
17.6639
17.6692
17.6741
17.6787
17.6836
17.6891
17.6945
17.7001
17.7059
17.7124
17.7189
17.7253
17.7334
17.7424
17.7524
17.7633
17.7753
17.7878
17.801
17.8146
17.8293
17.8443
17.8592
17.8747
17.8901
17.9056
17.9209
17.9361
17.9522
17.9688
17.9856
18.0032
18.0206
18.0381
18.0557
18.0732
18.0906
18.1085
18.1263
18.1442
18.1624
18.1802
18.1979
18.2153
18.2326
18.2497
18.2667
18.2841
18.3019
18.3194
18.3367
18.3537
18.3705
18.3873
18.4046
18.4218
18.4399
18.4582
18.4762
18.4945
18.5127
18.5309
18.5502
18.5695
18.5887
18.6093
18.6311
18.6534
18.6756
18.6983
18.7222
18.7473
18.7736
18.8002
18.8263
18.8521
18.8774
18.902
18.9278
18.9531
18.9779
19.0027
19.0269
19.0514
19.0756
19.0991
19.1215
19.1444
19.1666
19.1881
19.2092
19.2296
19.2499
19.2691
19.2875
19.305
19.3227
19.3406
19.3579
19.3745
19.391
19.407
19.4227
19.4381
19.4529
19.4678
19.4821
19.4963
19.51
19.5235
19.5365
19.5491
19.5609
19.572
19.583
19.5937
19.604
19.614
19.6234
19.6322
19.6407
19.6492
19.6574
19.6655
19.6731
19.6805
19.6878
19.6955
19.7025
19.7093
19.7165
19.7228
19.7287
19.7348
19.7411
19.7469
19.7532
19.759
19.7645
19.7694
19.7738
19.7784
19.7834
19.7876
19.7914
19.7952
19.7991
19.803
19.8065
19.81
19.8131
19.8161
19.8191
19.8211
19.8234
19.8253
19.826
19.8256
19.8249
19.8235
19.8223
19.8201
19.817
19.8135
19.8093
19.8049
19.7994
19.7935
19.7872
19.7808
19.7745
19.7682
19.7615
19.7539
19.7459
19.7375
19.7294
19.721
19.7121
19.7042
19.6957
19.6868
19.6769
19.6668
19.6563
19.646
19.6351
19.624
19.6131
19.6016
19.5899
19.5776
19.5651
19.5527
19.5407
19.5287
19.5169
19.5051
19.4928
19.4806
19.4684
19.4565
19.4448
19.4328
19.4216
19.4105
19.3994
19.3875
19.3756
19.3632
19.3516
19.3401
19.3289
19.3183
19.3079
19.298
19.2887
19.2799
19.2717
19.2638
19.2565
19.2501
19.2451
19.2403
19.2356
19.2309
19.2268
19.2243
19.2233
19.2236
19.224
19.2244
19.2243
19.2241
19.2234
19.2223
19.2213
19.2197
19.2188
19.2179
19.2166
19.2149
19.2129
19.2103
19.2073
19.2042
19.2016
19.1989
19.1957
19.1927
19.1892
19.1849
19.1805
19.176
19.1711
19.1675
19.1631
19.1577
19.1517
19.1455
19.1386
19.1311
19.1237
19.1151
19.1064
19.0975
19.0885
19.0786
19.0678
19.0563
19.044
19.0315
19.0192
19.0075
18.9954
18.9824
18.9688
18.955
18.942
18.9285
18.915
18.9018
18.8886
18.8745
18.8598
18.8444
18.8287
18.8125
18.7965
18.7803
18.7643
18.7479
18.7313
18.7141
18.6962
18.6777
18.6584
18.6398
18.6223
18.6052
18.5874
18.5688
18.5493
18.5297
18.5104
18.4908
18.4717
18.4522
18.433
18.4136
18.3936
18.3731
18.3521
18.3309
18.3098
18.2881
18.2662
18.2439
18.2214
18.1988
18.1759
18.1525
18.1288
18.106
18.0842
18.0621
18.0397
18.0173
17.9947
17.9725
17.9507
17.9293
17.9082
17.8871
17.8661
17.8454
17.825
17.804
17.7834
17.7632
17.743
17.7231
17.7034
17.6842
17.6645
17.6451
17.6256
17.6063
17.5887
17.5722
17.5554
17.5378
17.5198
17.5023
17.4862
17.4705
17.4553
17.4407
17.426
17.4112
17.3959
17.3804
17.3646
17.3489
17.3328
17.3157
17.2985
17.2813
17.2645
17.2477
17.2307
17.2129
17.1945
17.177
17.1606
17.1442
17.1274
17.1101
17.0925
17.0746
17.0569
17.0389
17.0214
17.0037
16.9855
16.9683
16.951
16.9339
16.917
16.9003
16.8834
16.8659
16.848
16.8293
16.8101
16.7907
16.7711
16.7514
16.7318
16.7119
16.6918
16.6717
16.6515
16.6307
16.6101
16.5898
16.5691
16.5491
16.5296
16.511
16.4932
16.4744
16.4555
16.4368
16.4178
16.3987
16.3792
16.3587
16.3371
16.3144
16.2918
16.2701
16.2482
16.2261
16.2051
16.184
16.1626
16.1421
16.1212
16.101
16.0816
16.0628
16.0442
16.0256
16.0072
15.9888
15.9708
15.9538
15.9366
15.9202
15.9038
15.8877
15.8723
15.8574
15.8446
15.8331
15.8219
15.811
15.8008
15.791
15.783
15.7758
15.7694
15.7636
15.7584
15.7535
15.7487
15.7447
15.7411
15.7382
15.7351
15.7318
15.7293
15.7271
15.7254
15.7239
15.7218
15.719
15.7157
15.7129
15.7093
15.7058
15.7018
15.6978
15.6939
15.6895
15.6847
15.6803
15.6755
15.6705
15.6657
15.662
15.6586
15.6547
15.6499
15.6446
15.6389
15.6326
15.6261
15.6202
15.6143
15.6078
15.6006
15.5928
15.5857
15.5795
15.5727
15.5657
15.5588
15.5518
15.5442
15.5363
15.5282
15.5192
15.5105
15.5024
15.4941
15.4857
15.4784
15.4712
15.4638
15.4558
15.4475
15.4387
15.429
15.4194
15.4105
15.4021
15.3934
15.384
15.374
15.3637
15.3533
15.3435
15.3336
15.3248
15.3162
15.3077
15.2986
15.2897
15.2808
15.2715
15.262
15.2521
15.2422
15.2322
15.2225
15.2135
15.2045
15.1954
15.186
15.1771
15.1681
15.16
15.1522
15.1447
15.1375
15.1313
15.1253
15.12
15.1162
15.1127
15.1099
15.1081
15.1073
15.1076
15.1086
15.1097
15.1104
15.1115
15.1127
15.1147
15.117
15.1192
15.1207
15.1217
15.1225
15.1227
15.1223
15.1209
15.1191
15.1168
15.1139
15.1109
15.1087
15.1072
15.1058
15.1042
15.1024
15.1017
15.101
15.0997
15.0978
15.0952
15.093
15.0914
15.0894
15.0865
15.0831
15.0798
15.0761
15.0721
15.0677
15.0629
15.0579
15.0536
15.0488
15.0448
15.041
15.0373
15.0347
15.0333
15.0321
15.0309
15.0292
15.0275
15.0262
15.0254
15.0244
15.0233
15.0229
15.023
15.0234
15.0242
15.0251
15.0273
15.0304
15.0334
15.0376
15.0431
15.0502
15.0581
15.0669
15.0767
15.0874
15.0991
15.1119
15.1252
15.138
15.1505
15.1637
15.1769
15.1897
15.2036
15.2189
15.2343
15.2493
15.2645
15.2812
15.2981
15.3146
15.3315
15.3486
15.3663
15.3842
15.4028
15.4213
15.439
15.4561
15.4731
15.4904
15.5076
15.525
15.5422
15.5598
15.5776
15.5957
15.6137
15.6331
15.6524
15.6713
15.6908
15.7103
15.7296
15.7496
15.7691
15.7888
15.8086
15.8277
15.8465
15.8648
15.8824
15.8994
15.9157
15.9316
15.9483
15.9651
15.9819
15.9992
16.0161
16.0321
16.0483
16.0651
16.0828
16.1009
16.1186
16.1359
16.1536
16.1706
16.1871
16.2036
16.2204
16.2369
16.2533
16.2697
16.2864
16.3027
16.3186
16.3344
16.3512
16.3697
16.3887
16.4082
16.4272
16.4459
16.4647
16.4828
16.5005
16.5177
16.5338
16.549
16.5633
16.577
16.5905
16.6042
16.618
16.6315
16.6447
16.6567
16.6681
16.6796
16.692
16.7049
16.7174
16.7293
16.7407
16.7516
16.7624
16.7727
16.7828
16.7924
16.8019
16.8108
16.8192
16.8275
16.8356
16.8437
16.8517
16.8603
16.8702
16.8798
16.8893
16.8984
16.907
16.9154
16.9236
16.9316
16.939
16.9466
16.9537
16.9599
16.9662
16.9726
16.9788
16.9848
16.9909
16.9967
17.0022
17.0073
17.012
17.016
17.0202
17.0241
17.0273
17.0312
17.0352
17.0389
17.0427
17.0465
17.0499
17.0533
17.057
17.0604
17.0638
17.0667
17.0696
17.0723
17.0745
17.077
17.0792
17.0821
17.0848
17.0871
17.0887
17.0902
17.0918
17.0944
17.0974
17.1006
17.1037
17.1061
17.1081
17.1105
17.1134
17.116
17.1191
17.1224
17.1255
17.1284
17.1308
17.1333
17.1354
17.1372
17.1395
17.1419
17.1449
17.1482
17.1506
17.1522
17.1532
17.1548
17.1573
17.1601
17.163
17.1658
17.1678
17.1693
17.1709
17.1725
17.1742
17.1768
17.1792
17.1817
17.1841
17.186
17.1875
17.1886
17.189
17.1894
17.1903
17.1917
17.1929
17.1937
17.1941
17.1942
17.1945
17.1951
17.1961
17.1979
17.1992
17.1998
17.1998
17.1992
17.1977
17.1967
17.1966
17.1962
17.1962
17.1961
17.1958
17.1954
17.1941
17.1923
17.1901
17.1886
17.1868
17.1856
17.1844
17.1831
17.1816
17.1804
17.1789
17.1774
17.1765
17.1753
17.1733
17.1707
17.1677
17.1638
17.1603
17.157
17.1538
17.1501
17.1466
17.1427
17.1381
17.1327
17.1271
17.1212
17.1163
17.1112
17.1058
17.0999
17.0932
17.086
17.0795
17.0727
17.0657
17.0588
17.0518
17.044
17.0359
17.0276
17.0185
17.01
17.0009
16.9922
16.9829
16.9732
16.9633
16.9531
16.9422
16.9313
16.921
16.9115
16.9018
16.8916
16.8809
16.8701
16.8587
16.8478
16.8372
16.8267
16.8164
16.8058
16.7949
16.7834
16.7714
16.7592
16.7475
16.7357
16.7242
16.7125
16.7007
16.6886
16.6762
16.6636
16.6511
16.639
16.6275
16.6167
16.6061
16.5947
16.5832
16.5716
16.5605
16.5499
16.5398
16.5308
16.5218
16.5129
16.504
16.4951
16.486
16.477
16.4682
16.46
16.4527
16.4452
16.4382
16.4315
16.4247
16.4178
16.4114
16.4058
16.4011
16.3969
16.3932
16.3899
16.3865
16.3831
16.38
16.377
16.3752
16.3734
16.3715
16.3694
16.3671
16.3645
16.3616
16.3591
16.3564
16.3536
16.3513
16.349
16.3464
16.3436
16.3406
16.3373
16.3342
16.3321
16.3309
16.3293
16.3274
16.3263
16.3257
16.3258
16.3259
16.3258
16.327
16.3284
16.3288
16.3287
16.3286
16.3283
16.3275
16.3277
16.3274
16.3273
16.3272
16.3273
16.3274
16.3267
16.3258
16.3245
16.3237
16.3238
16.3244
16.3247
16.3244
16.324
16.3239
16.3242
16.3239
16.3241
16.3254
16.327
16.328
16.3287
16.3293
16.3294
16.3294
16.3294
16.3287
16.3282
16.3269
16.326
16.3249
16.3241
16.3226
16.3204
16.3188
16.3178
16.3167
16.3153
16.3131
16.3105
16.308
16.3057
16.3033
16.3016
16.3
16.298
16.2964
16.2943
16.2911
16.288
16.2851
16.2812
16.2775
16.2737
16.2701
16.2659
16.2612
16.2554
16.2494
16.2433
16.2384
16.2328
16.2263
16.2192
16.2121
16.2047
16.1975
16.1903
16.1835
16.1771
16.1699
16.1613
16.1526
16.1433
16.1337
16.1235
16.1125
16.1007
16.089
16.0771
16.0647
16.0512
16.0371
16.0225
16.0087
15.9952
15.9817
15.968
15.9537
15.9388
15.9236
15.9089
15.8936
15.8782
15.8631
15.8478
15.8331
15.8182
15.8032
15.7884
15.7735
15.7584
15.7432
15.7277
15.7116
15.6954
15.6793
15.6638
15.6491
15.6344
15.6198
15.6063
15.5929
15.5803
15.5678
15.5549
15.5428
15.5315
15.5206
15.5104
15.5008
15.4923
15.484
15.4755
15.4679
15.4602
15.4524
15.4446
15.4374
15.4298
15.4216
15.4135
15.4059
15.399
15.3922
15.3859
15.3797
15.3736
15.3687
15.364
15.3598
15.3565
15.3542
15.3537
15.3539
15.3544
15.3553
15.357
15.3594
15.3621
15.3655
15.3689
15.3722
15.3754
15.3796
15.3848
15.3907
15.3969
15.4029
15.4089
15.4146
15.4208
15.4274
15.4342
15.4414
15.4487
15.4556
15.4628
15.4698
15.4773
15.4852
15.4933
15.5013
15.5095
15.5183
15.5277
15.5371
15.5465
15.5553
15.5635
15.5719
15.5804
15.5887
15.5968
15.6047
15.613
15.621
15.6286
15.6359
15.6435
15.6508
15.6579
15.6658
15.675
15.6842
15.6933
15.7027
15.7119
15.7209
15.7298
15.7397
15.7503
15.7604
15.7701
15.7792
15.7879
15.7974
15.8076
15.8175
15.8271
15.8369
15.8464
15.8558
15.8646
15.8734
15.8817
15.8905
15.8996
15.9086
15.9173
15.9267
15.9366
15.946
15.9552
15.964
15.9721
15.9792
15.9864
15.9941
16.0016
16.0089
16.0153
16.0213
16.0265
16.0323
16.0378
16.0433
16.0498
16.0565
16.0635
16.0702
16.0764
16.0824
16.0878
16.0925
16.0965
16.0999
16.1027
16.106
16.1096
16.1129
16.1157
16.118
16.1201
16.1221
16.1247
16.1273
16.1296
16.132
16.1348
16.1369
16.1384
16.1404
16.1421
16.1438
16.1459
16.1483
16.1507
16.1531
16.1546
16.1554
16.1565
16.1573
16.1583
16.1592
16.1601
16.1602
16.1602
16.1591
16.1573
16.1551
16.1522
16.1491
16.1453
16.1411
16.1364
16.1319
16.1282
16.1242
16.1203
16.1163
16.1122
16.1087
16.105
16.1008
16.0961
16.0911
16.0866
16.0818
16.0766
16.071
16.0646
16.058
16.0506
16.0424
16.0335
16.0244
16.0156
16.0067
15.9978
15.9887
15.9789
15.9693
15.9606
15.9519
15.9436
15.9344
15.9243
15.9143
15.9046
15.8946
15.8838
15.8734
15.862
15.85
15.8376
15.8251
15.8126
15.8003
15.7874
15.7746
15.7622
15.7498
15.7374
15.7249
15.7125
15.6993
15.6857
15.6718
15.6582
15.6446
15.6303
15.6159
15.6015
15.5866
15.5714
15.5565
15.5414
15.5261
15.5102
15.4942
15.4785
15.4621
15.4454
15.4289
15.4124
15.3965
15.3816
15.3675
15.3532
15.3385
15.3235
15.3088
15.2943
15.28
15.2654
15.251
15.2374
15.2241
15.2106
15.1973
15.1846
15.1728
15.1607
15.149
15.1374
15.1265
15.1161
15.1061
15.0966
15.0872
15.0784
15.0694
15.0608
15.052
15.0427
15.0334
15.0248
15.0177
15.0112
15.0055
15.0007
14.9964
14.9926
14.9903
14.9902
14.9923
14.9947
14.9989
15.004
15.0102
15.0165
15.0234
15.0313
15.039
15.0463
15.0535
15.0603
15.0685
15.0773
15.0863
15.0953
15.1058
15.1183
15.1304
15.1423
15.1544
15.166
15.1778
15.1897
15.2014
15.213
15.224
15.2341
15.2433
15.2518
15.2602
15.2683
15.2759
15.2831
15.2904
15.2968
15.3031
15.3092
15.3152
15.3212
15.3266
15.3318
15.3365
15.3407
15.3445
15.3481
15.3514
15.3541
15.3564
15.3586
15.3599
15.361
15.362
15.3629
15.3637
15.3645
15.3648
15.3647
15.3649
15.3653
15.3653
15.3657
15.3658
15.365
15.3637
15.3618
15.3594
15.3568
15.3534
15.35
15.346
15.3416
15.3376
15.3325
15.3266
15.32
15.313
15.3061
15.2993
15.2921
15.2853
15.2793
15.2725
15.2653
15.2579
15.2504
15.2426
15.2357
15.2283
15.2203
15.2122
15.2032
15.1938
15.1837
15.1737
15.1637
15.1541
15.1451
15.1362
15.1265
15.1159
15.1051
15.0944
15.0848
15.0761
15.068
15.0597
15.0509
15.0425
15.0345
15.026
15.0175
15.0102
15.0033
14.9967
14.9902
14.9835
14.9763
14.9689
14.9611
14.9535
14.9475
14.9425
14.938
14.9334
14.9289
14.9246
14.9209
14.9175
14.915
14.9134
14.9125
14.9114
14.9103
14.9097
14.9091
14.9082
14.9086
14.91
14.9127
14.9153
14.918
14.9206
14.9231
14.9254
14.928
14.932
14.9367
14.9416
14.9466
14.9514
14.9563
14.9617
14.9669
14.9739
14.9812
14.9884
14.9955
15.0023
15.0087
15.015
15.0218
15.0294
15.0377
15.0461
15.0541
15.0624
15.0702
15.0776
15.0846
15.0916
15.0997
15.1082
15.1171
15.1256
15.1337
15.1417
15.1499
15.1579
15.1663
15.1749
15.1827
15.1898
15.1962
15.2018
15.207
15.2127
15.2184
15.2243
15.2304
15.2357
15.2405
15.2445
15.2475
15.2501
15.2529
15.2562
15.2587
15.2608
15.2624
15.2628
15.2629
15.263
15.2625
15.2621
15.2612
15.2602
15.2586
15.2565
15.2536
15.2499
15.2466
15.2424
15.2384
15.2334
15.2282
15.2226
15.2161
15.209
15.2021
15.1951
15.1882
15.1808
15.1727
15.1642
15.1552
15.1456
15.1364
15.1267
15.1172
15.1071
15.0969
15.0861
15.0748
15.0627
15.0502
15.0378
15.0248
15.0123
14.999
14.9854
14.9716
14.9576
14.9437
14.9299
14.9163
14.9038
14.8914
14.8789
14.8659
14.8528
14.8399
14.8277
14.8161
14.8055
14.7955
14.7856
14.7759
14.7663
14.7569
14.7474
14.7387
14.7302
14.7231
14.7165
14.7102
14.7042
14.6985
14.6931
14.6882
14.6834
14.6801
14.677
14.6744
14.6717
14.6693
14.6666
14.6647
14.6634
14.663
14.6638
14.6647
14.6655
14.666
14.667
14.6678
14.669
14.6704
14.6716
14.6741
14.6765
14.6795
14.6822
14.6846
14.6868
14.6889
14.692
14.6962
14.7003
14.7038
14.7078
14.7119
14.7157
14.7201
14.724
14.7295
14.7354
14.7411
14.7463
14.7511
14.7556
14.7601
14.7651
14.77
14.7745
14.7791
14.7843
14.7897
14.7946
14.7997
14.8046
14.8089
14.8147
14.8209
14.8267
14.8319
14.8372
14.8427
14.8487
14.8546
14.8607
14.8681
14.8759
14.883
14.8902
14.8978
14.9046
14.9109
14.9177
14.9239
14.9302
14.9369
14.9443
14.9518
14.9589
14.9657
14.972
14.9791
14.9876
14.9966
15.0055
15.0145
15.0231
15.032
15.0426
15.0528
15.0639
15.0761
15.0885
15.1009
15.1132
15.1254
15.1374
15.1499
15.1615
15.1728
15.1847
15.1965
15.2082
15.2201
15.2313
15.2419
15.2525
15.2642
15.2757
15.2875
15.2991
15.3105
15.3215
15.3329
15.3443
15.356
15.3687
15.3806
15.3917
15.4024
15.4127
15.4227
15.4321
15.4409
15.4492
15.4583
15.4667
15.4745
15.4815
15.488
15.4943
15.5015
15.5083
15.5152
15.5217
15.5281
15.534
15.5395
15.545
15.5501
15.5543
15.5589
15.5639
15.5693
15.5746
15.5796
15.5838
15.5877
15.5913
15.5951
15.5982
15.6005
15.6018
15.6023
15.6023
15.6026
15.6022
15.6014
15.6008
15.5995
15.5982
15.5965
15.5944
15.593
15.5925
15.5919
15.592
15.592
15.5927
15.5928
15.5924
15.5929
15.5933
15.5931
15.5923
15.5909
15.589
15.5861
15.5831
15.5798
15.5765
15.5726
15.5685
15.5639
15.5592
15.5548
15.5505
15.5473
15.5435
15.5397
15.5363
15.5324
15.528
15.5232
15.5193
15.5148
15.5095
15.5042
15.498
15.4909
15.4835
15.4767
15.4707
15.4648
15.4586
15.4516
15.4441
15.436
15.4278
15.4205
15.4132
15.4062
15.3988
15.3909
15.383
15.3765
15.3725
15.3697
15.3676
15.3666
15.3663
15.3672
15.3693
15.372
15.3756
15.3791
15.3826
15.387
15.392
15.3973
15.403
15.409
15.4152
15.4211
15.4277
15.4346
15.4416
15.449
15.4568
15.4654
15.475
15.4847
15.4945
15.5045
15.5141
15.5235
15.5326
15.5426
15.5532
15.5636
15.5734
15.5827
15.592
15.6026
15.6138
15.6249
15.6358
15.6469
15.6583
15.6691
15.6799
15.6902
15.7004
15.711
15.7217
15.7321
15.7427
15.7545
15.7664
15.7776
15.7888
15.7995
15.8093
15.8185
15.8279
15.8376
15.8473
15.8565
15.8651
15.873
15.8804
15.8883
15.896
15.9038
15.9125
15.921
15.9295
15.9375
15.9452
15.9522
15.9586
15.9641
15.9688
15.9729
15.9762
15.9804
15.9845
15.9885
15.9919
15.9945
15.9969
15.9993
16.0016
16.0034
16.0051
16.0066
16.0084
16.0093
16.0097
16.0101
16.0097
16.0096
16.0098
16.0099
16.0101
16.01
16.009
16.0071
16.0055
16.0038
16.0022
16.0005
15.9987
15.9961
15.9931
15.9892
15.985
15.9801
15.9741
15.9676
15.9606
15.9531
15.9451
15.9376
15.931
15.924
15.9167
15.9094
15.9024
15.896
15.8891
15.8814
15.8732
15.8651
15.8571
15.8488
15.8398
15.8302
15.8201
15.8096
15.7983
15.7859
15.773
15.7595
15.7464
15.7328
15.7194
15.7055
15.691
15.6768
15.6634
15.6502
15.6369
15.6221
15.6068
15.5915
15.5764
15.5606
15.5443
15.5282
15.5114
15.4938
15.476
15.4578
15.4398
15.4216
15.4024
15.3837
15.365
15.3462
15.3274
15.3082
15.289
15.2687
15.2478
15.2268
15.2056
15.1841
15.162
15.1399
15.1175
15.0941
15.07
15.0463
15.0221
14.9969
14.9711
14.9454
14.9193
14.8923
14.8654
14.8379
14.8102
14.7828
14.7552
14.7276
14.6994
14.6707
14.6413
14.6121
14.5825
14.5527
14.5222
14.4919
14.4623
14.4326
14.4022
14.373
14.3444
14.3157
14.2863
14.2575
14.2287
14.2003
14.1725
14.1454
14.1186
14.0925
14.0666
14.0404
14.0141
13.9872
13.9604
13.9332
13.9077
13.8829
13.8586
13.8358
13.8136
13.7921
13.7717
13.7538
13.738
13.7234
13.7102
13.6976
13.6864
13.6759
13.6659
13.6574
13.65
13.6435
13.6395
13.6372
13.6367
13.6377
13.6395
13.6421
13.6458
13.6527
13.6609
13.6695
13.6786
13.6884
13.6988
13.7104
13.7224
13.7349
13.7475
13.7599
13.7721
13.7843
13.7965
13.8085
13.8211
13.8337
13.8462
13.8582
13.8696
13.8811
13.8924
13.9046
13.9162
13.9273
13.938
13.9481
13.9575
13.967
13.9761
13.9847
13.9937
14.0025
14.0106
14.0185
14.0263
14.0345
14.0429
14.0514
14.0597
14.0678
14.0765
14.0848
14.0924
14.1005
14.1081
14.115
14.1211
14.1269
14.1325
14.1376
14.1423
14.1467
14.1508
14.1548
14.1591
14.1629
14.1661
14.1691
14.1719
14.1741
14.1761
14.1781
14.1802
14.1833
14.1857
14.1879
14.1906
14.193
14.1954
14.1977
14.1997
14.2011
14.2024
14.2031
14.2033
14.2032
14.2028
14.2026
14.2021
14.2025
14.203
14.2028
14.2018
14.2003
14.1991
14.199
14.1988
14.1992
14.1993
14.1986
14.1985
14.1986
14.1982
14.1979
14.1981
14.1983
14.1984
14.1983
14.1972
14.196
14.1945
14.1925
14.1908
14.1899
14.1896
14.1895
14.1889
14.1884
14.1878
14.1871
14.1875
14.1887
14.1902
14.1917
14.1934
14.1948
14.1959
14.1969
14.1982
14.2006
14.2029
14.2062
14.2092
14.2122
14.2149
14.2172
14.2194
14.2219
14.2257
14.23
14.2341
14.2382
14.2419
14.2454
14.2493
14.2536
14.2596
14.2659
14.2716
14.2768
14.2815
14.2853
14.2886
14.2935
14.2988
14.3049
14.3107
14.3159
14.3212
14.3261
14.3303
14.3346
14.3396
14.3447
14.3506
14.3569
14.3623
14.3672
14.372
14.3772
14.3823
14.388
14.3936
14.3983
14.4021
14.4051
14.4073
14.4093
14.4118
14.414
14.4166
14.4188
14.4203
14.4214
14.4217
14.4218
14.4221
14.4229
14.4237
14.4245
14.4246
14.4242
14.423
14.4222
14.4215
14.4203
14.4196
14.4184
14.4172
14.4153
14.4131
14.4102
14.408
14.4057
14.4034
14.4018
14.3995
14.397
14.3938
14.3901
14.3863
14.3831
14.3801
14.377
14.3738
14.3704
14.3666
14.3621
14.3582
14.3545
14.3506
14.3472
14.3433
14.3391
14.3341
14.3289
14.3235
14.3191
14.3139
14.3087
14.3036
14.2983
14.293
14.2877
14.2823
14.277
14.2719
14.2681
14.2648
14.2615
14.2577
14.2539
14.2504
14.2478
14.2458
14.2438
14.2426
14.2415
14.2405
14.2393
14.2382
14.2363
14.2347
14.2337
14.2327
14.2321
14.2314
14.2309
14.2304
14.2301
14.2304
14.2309
14.2322
14.2342
14.2369
14.2397
14.2421
14.2445
14.2471
14.2502
14.2545
14.2599
14.2655
14.271
14.2765
14.2823
14.2875
14.2923
14.2974
14.3022
14.308
14.3136
14.319
14.3241
14.3286
14.3328
14.3371
14.3415
14.3469
14.3525
14.3578
14.363
14.3685
14.3733
14.3783
14.3829
14.3881
14.3945
14.4011
14.4071
14.4129
14.4185
14.4238
14.4289
14.4339
14.4383
14.4428
14.4474
14.4519
14.4557
14.4591
14.462
14.4644
14.4677
14.4715
14.4748
14.4773
14.4792
14.4806
14.4823
14.484
14.4853
14.4876
14.4901
14.4926
14.495
14.4978
14.5
14.5017
14.5041
14.5063
14.5083
14.5108
14.5136
14.5165
14.5192
14.5214
14.5231
14.5251
14.528
14.5318
14.5353
14.5384
14.541
14.5432
14.5473
14.5512
14.5553
14.5606
14.5658
14.5707
14.5759
14.5814
14.587
14.5931
14.5988
14.6043
14.6106
14.617
14.6234
14.63
14.6363
14.6425
14.6488
14.6553
14.6626
14.6696
14.6764
14.6831
14.6891
14.6952
14.7014
14.7077
14.7155
14.7228
14.729
14.7344
14.74
14.7449
14.7491
14.7526
14.7554
14.7593
14.7625
14.7651
14.7667
14.7675
14.7683
14.7699
14.771
14.7722
14.773
14.7733
14.7733
14.7727
14.7721
14.7714
14.7694
14.7678
14.7666
14.7658
14.765
14.7636
14.7617
14.7595
14.7566
14.754
14.751
14.7473
14.7423
14.7365
14.7302
14.7242
14.7179
14.7109
14.7043
14.6973
14.69
14.6826
14.6749
14.6669
14.6603
14.654
14.6484
14.6433
14.6388
14.6339
14.6283
14.6234
14.6186
14.6134
14.6076
14.6013
14.5943
14.5865
14.5787
14.5711
14.5631
14.5549
14.5464
14.5379
14.5287
14.5202
14.5118
14.5042
14.4966
14.4889
14.4819
14.4746
14.4669
14.4586
14.4511
14.4437
14.4352
14.4266
14.4174
14.4074
14.3969
14.3872
14.3782
14.37
14.3616
14.3525
14.3429
14.333
14.3234
14.3156
14.3092
14.3038
14.2994
14.2953
14.2917
14.2894
14.2875
14.287
14.2868
14.287
14.2874
14.2885
14.2906
14.2927
14.2958
14.2982
14.3002
14.3027
14.3059
14.3095
14.3132
14.3172
14.3219
14.3261
14.3299
14.3339
14.3377
14.3417
14.3459
14.3509
14.3567
14.3628
14.3686
14.3745
14.3799
14.385
14.3896
14.3946
14.4003
14.4058
14.4105
14.415
14.4189
14.4242
14.4303
14.4363
14.4423
14.4487
14.4549
14.4609
14.467
14.4731
14.4787
14.4844
14.4907
14.4967
14.5026
14.51
14.5176
14.5247
14.5315
14.5377
14.5433
14.5482
14.5537
14.5595
14.5652
14.5705
14.5754
14.58
14.5841
14.5885
14.5928
14.5975
14.6026
14.6078
14.6135
14.6185
14.6236
14.6282
14.6323
14.6354
14.638
14.64
14.6416
14.6437
14.6459
14.6482
14.6501
14.6519
14.6537
14.6552
14.6572
14.6592
14.6608
14.6628
14.6649
14.6664
14.6678
14.6697
14.6717
14.6742
14.6769
14.6801
14.6834
14.6862
14.6884
14.6899
14.6918
14.6934
14.6954
14.6972
14.6989
14.6998
14.6999
14.6993
14.6984
14.6964
14.6932
14.6898
14.6859
14.6815
14.6768
14.6727
14.6692
14.6652
14.6615
14.6574
14.6535
14.6499
14.6456
14.6407
14.6353
14.6298
14.6242
14.6182
14.6114
14.6041
14.5963
14.5879
14.5783
14.5675
14.5562
14.5447
14.5331
14.5213
14.5097
14.4975
14.4853
14.4735
14.462
14.4505
14.4384
14.4252
14.4115
14.3976
14.3837
14.3689
14.354
14.339
14.323
14.3059
14.2889
14.2714
14.254
14.2364
14.2179
14.1997
14.1815
14.1633
14.1446
14.126
14.1071
14.0869
14.0667
14.0461
14.0255
14.0043
13.9824
13.9608
13.9388
13.9158
13.8928
13.8699
13.8462
13.8217
13.7973
13.7739
13.7501
13.7258
13.7015
13.6774
13.6532
13.6294
13.606
13.583
13.5602
13.5369
13.5137
13.4911
13.4681
13.4455
13.4233
13.4015
13.3808
13.3605
13.3409
13.3225
13.3051
13.2881
13.2719
13.2564
13.2418
13.2284
13.2165
13.206
13.1976
13.191
13.1855
13.1812
13.1778
13.175
13.1727
13.1721
13.1744
13.1777
13.1816
13.1867
13.1918
13.1968
13.2027
13.2101
13.2186
13.2268
13.2356
13.2443
13.2535
13.2622
13.2711
13.2806
13.2895
13.2977
13.3055
13.3139
13.3232
13.3325
13.3418
13.3511
13.3614
13.374
13.3864
13.3986
13.4108
13.4227
13.4348
13.447
13.4587
13.4695
13.4791
13.4878
13.4954
13.5025
13.5093
13.516
13.5226
13.5291
13.5352
13.5403
13.545
13.5497
13.5553
13.5606
13.5655
13.5698
13.5735
13.5768
13.5799
13.5824
13.584
13.5855
13.5872
13.5881
13.5885
13.5887
13.5889
13.5892
13.5893
13.59
13.5904
13.591
13.5915
13.5915
13.591
13.591
13.5903
13.5886
13.5866
13.5839
13.581
13.5775
13.5736
13.5695
13.5652
13.5609
13.5565
13.5511
13.5455
13.5396
13.5335
13.5268
13.5202
13.5134
13.5074
13.5015
13.495
13.4886
13.4831
13.4786
13.4745
13.4716
13.4685
13.4654
13.4623
13.4593
13.4565
13.454
13.4518
13.4497
13.4487
13.4484
13.4479
13.4468
13.4453
13.4439
13.4436
13.4442
13.4455
13.4473
13.4485
13.4493
13.4507
13.452
13.4536
13.4564
13.4601
13.4633
13.4667
13.4694
13.472
13.4745
13.4764
13.4787
13.4821
13.4867
13.4915
13.4962
13.5002
13.5041
13.5083
13.5136
13.5195
13.526
13.5326
13.539
13.5458
13.5526
13.5591
13.5655
13.573
13.5809
13.5892
13.5975
13.6054
13.6132
13.6206
13.6275
13.6346
13.6426
13.6515
13.6606
13.6691
13.6775
13.6857
13.6943
13.7031
13.713
13.7239
13.7347
13.7448
13.7544
13.7635
13.772
13.7806
13.7904
13.8
13.8103
13.8203
13.8303
13.84
13.8488
13.8575
13.866
13.8756
13.8848
13.8948
13.9046
13.914
13.9232
13.9326
13.9419
13.9514
