0.876349 0.331004 0.152083  1.58876
0.880843 0.315459 0.173903  1.59733
0.868337 0.332074 0.165809  1.57441
0.871792 0.322261 0.176512  1.58089
0.863481 0.332564  0.17984  1.56785
 0.86744 0.324762 0.172939  1.57112
 0.87537 0.319098 0.172141  1.58579
0.874715 0.322219 0.160995  1.58342
 0.759294  0.154667 -0.453608   1.40119
 0.759373  0.154571 -0.453621   1.40135
 0.792628  0.131884 -0.399976   1.44036
 0.786921  0.132651 -0.406997   1.43162
 0.790097  0.135517 -0.406383   1.43876
 0.787918  0.118607 -0.406802   1.43124
 0.783202   0.12353 -0.414803     1.426
 0.786624  0.123093 -0.412297   1.43209
 0.799465  0.120824 -0.386643   1.44709
  0.79503    0.1128 -0.393553   1.43933
 0.807385  0.101594 -0.367895    1.4537
 0.800497  0.115743 -0.390902   1.45062
 0.788367   0.12747 -0.410858   1.43588
 0.791875    0.1201 -0.404969   1.43923
 0.795362  0.128239 -0.401535   1.44655
 0.792204  0.123647 -0.402467   1.43931
  0.959981   0.113347 -0.0495684    1.72748
  0.959874   0.114852 -0.0436093    1.72713
  0.959084   0.117648 -0.0467322    1.72541
  0.959455   0.113529 -0.0450602    1.72595
  0.959788   0.116186 -0.0377727    1.72685
  0.959658   0.117269 -0.0322652     1.7265
  0.958959   0.120127 -0.0353768    1.72488
   0.95929   0.115692 -0.0342099    1.72541
  0.957933   0.126898 -0.0438693     1.7231
  0.958372   0.126392 -0.0381513    1.72381
  0.95938  0.114511 -0.039709   1.72567
0.958771 0.118081 -0.03767  1.72421
  0.958909   0.117873 -0.0419333    1.72472
 0.959109    0.1185 -0.040911   1.72531
0.934086 0.150599 0.225815  1.68054
 0.760797  0.153728 -0.450128   1.40223
 0.759383  0.153756 -0.453889   1.40134
 0.759581   0.15491 -0.453718   1.40182
 0.759778  0.155028 -0.453741   1.40218
 0.759995  0.154925 -0.453676   1.40255
0.760318 0.154481 -0.45233  1.40245
 0.763968   0.15666 -0.452402   1.41004
 0.762199  0.153971 -0.449106   1.40451
 0.761605  0.153029 -0.448137   1.40278
  0.76308  0.153461 -0.449387   1.40636
 0.765962  0.154803 -0.453093   1.41395
  0.76845  0.151696 -0.448769   1.41651
0.781529 0.139603 -0.41935  1.42753
 0.777194  0.140726 -0.427909   1.42279
0.779971 0.143322 -0.42752  1.42906
 0.759334  0.154824 -0.453593    1.4013
 0.759299  0.154886 -0.453572   1.40123
 0.759634  0.155183 -0.453066   1.40156
 0.759221  0.154973 -0.453851   1.40122
 0.759202  0.154896 -0.454093   1.40128
 0.759204  0.154673 -0.454286   1.40133
 0.759057  0.154569 -0.454343   1.40102
 0.760327  0.153944 -0.450629   1.40154
 0.759072  0.154213 -0.454406   1.40101
 0.759988   0.15463 -0.452645   1.40195
 0.759387  0.154328 -0.453608   1.40133
 0.759326  0.153579 -0.454039   1.40126
 0.759375  0.154257 -0.453726   1.40133
0.801838 0.222557 -0.41902  1.48418
 0.800498  0.218037 -0.422945   1.48231
 0.805323  0.218398 -0.420817   1.49036
 0.802934  0.219615 -0.421898   1.48725
 0.798296   0.21317 -0.427578   1.47868
 0.794582  0.208224 -0.434661   1.47337
  0.80145  0.206332 -0.431255   1.48445
 0.79888 0.208995 -0.43269  1.48159
 0.809865   0.21345 -0.420038   1.49751
 0.809202  0.204663 -0.425237   1.49659
0.819285 0.204596 -0.41003  1.51002
 0.812826  0.208517 -0.423812   1.50468
 0.801265  0.214848 -0.426329   1.48489
  0.80567  0.208057 -0.429434   1.49301
 0.806777  0.215247 -0.423693   1.49418
  0.80427  0.212657 -0.424644   1.48862
 0.730808  0.158263 -0.453791   1.34357
 0.731728  0.156796 -0.453642   1.34506
 0.728951  0.158321 -0.450936   1.33748
 0.726687  0.159318 -0.449493   1.33142
 0.727291  0.156889 -0.449921   1.33243
 0.728326  0.157913 -0.450103   1.33488
 0.730073   0.15384 -0.451737   1.33935
 0.727874   0.15458 -0.450177   1.33332
 0.728633   0.15229 -0.450352   1.33452
 0.729518  0.153301 -0.450621   1.33672
 0.730032  0.157372 -0.451297   1.33972
 0.728823  0.155618 -0.450429   1.33564
0.730463 0.155033 -0.45184  1.34049
 0.729344  0.155981 -0.451271   1.33797
 0.783178   0.14528 -0.418721   1.43187
 0.777706  0.150851 -0.426879   1.42538
 0.779784  0.150353 -0.416795   1.42444
  0.95269  0.127537 0.0535735   1.71262
 0.952156  0.136982 0.0586258   1.71158
 0.952911  0.136416 0.0523134   1.71268
 0.952586  0.137521 0.0566765   1.71278
0.952476 0.143277 0.046551  1.71032
 0.951556  0.148787 0.0553191   1.70998
 0.951324  0.149842 0.0633982   1.70994
 0.774936  0.151335 -0.431546    1.4219
 0.949094  0.158792 0.0754579   1.70394
0.769922  0.15474 -0.44283  1.41744
   0.958631    0.121492 -0.00640671     1.72417
   0.958277    0.122354 -0.00118951     1.72341
   0.957997    0.124418 -0.00490271     1.72264
   0.958207    0.120713 -0.00460569       1.723
   0.95793   0.123658 0.00442418    1.72275
  0.95757  0.124724 0.0101521   1.72209
  0.957165   0.128744 0.00586325    1.72099
  0.957424   0.123218 0.00555076    1.72143
   0.957277    0.128452 -0.00333395     1.72068
   0.957061    0.127453 -0.00140835     1.71989
    0.957816     0.121974 -0.000124219      1.72221
    0.957046     0.126759 -0.000779305      1.72041
    0.95775    0.124111 -0.00378595      1.7219
    0.957676     0.125305 -0.000246132      1.72192
 0.766263  0.157091 -0.452959   1.41498
 0.760952  0.153356 -0.448596   1.40171
 0.764493  0.157789 -0.453175   1.41159
 0.759074  0.154868 -0.454198   1.40105
 0.760884  0.154314 -0.448619   1.40178
 0.759137  0.155055 -0.453999   1.40112
 0.759509  0.155354 -0.453905    1.4018
 0.759329  0.154849 -0.453426   1.40121
0.941498 0.174185  0.18255  1.69642
 0.927796  0.151775 -0.229363   1.68129
0.928497 0.158375 -0.22045  1.68226
0.925702 0.162094 -0.22922  1.67848
 0.927302  0.153525 -0.227164   1.68019
 0.923026  0.187437 -0.232619     1.679
 0.925598  0.161918 -0.222861   1.67701
 0.926268   0.16457 -0.221668   1.67881
  0.94352  0.158068 0.0832188   1.69868
  0.94721  0.164909 0.0782503   1.70529
 0.946727  0.158684 0.0829791   1.70295
 0.945492  0.159402 0.0836089   1.70099
 0.950038  0.158584 0.0789694    1.7085
 0.951409   0.15217 0.0786456   1.71008
  0.94888  0.160239 0.0821327   1.70573
  0.94813   0.16067 0.0827692   1.70481
 0.948722  0.161599 0.0782818   1.70597
 0.949305   0.13137 0.0732994   1.70718
0.948012  0.13234 0.078894  1.70482
 0.949292  0.141938 0.0787631   1.70698
 0.948626  0.132131 0.0735891   1.70561
 0.945566  0.135539 0.0860731   1.70015
 0.942027  0.144883 0.0902176   1.69368
0.946594 0.151866 0.087396  1.70232
0.945108 0.142144 0.083744  1.69973
 0.949276  0.155428 0.0828957   1.70658
 0.948844  0.155772 0.0833695    1.7054
 0.947174  0.134395 0.0788031     1.703
 0.947545  0.151088 0.0817441   1.70381
 0.948821  0.144892 0.0780317   1.70578
 0.948042  0.145121 0.0839098   1.70477
 0.951416  0.148759 0.0671199   1.71015
 0.951454  0.147619 0.0687101   1.71004
 0.952005  0.137359 0.0614741   1.71176
 0.952473  0.128419 0.0579344   1.71268
 0.951615  0.129325 0.0620898   1.71112
 0.951908  0.128702 0.0582754   1.71133
 0.950961  0.139276 0.0697828   1.71001
 0.950947  0.130367 0.0658152   1.71004
 0.950186  0.130748 0.0689518   1.70871
 0.950516  0.130667 0.0660479   1.70902
 0.951678  0.137669 0.0619341   1.71083
  0.95115  0.130117 0.0620194   1.71006
 0.951024   0.13946 0.0647043   1.70964
 0.951483  0.137738 0.0651365    1.7108
 0.953934  0.142041 0.0440107   1.71424
 0.953825   0.14059 0.0458342   1.71367
 0.954739  0.133124 0.0394173   1.71649
 0.955397  0.126592 0.0363119     1.718
 0.954819  0.126394 0.0413992   1.71686
 0.954834  0.125865 0.0375535   1.71654
 0.953508  0.136341 0.0512349   1.71429
 0.954202  0.126878 0.0472192   1.71577
 0.953376  0.127523 0.0528744   1.71429
 0.953498  0.126697 0.0480783   1.71403
 0.954405  0.132963 0.0403197   1.71551
 0.954192  0.126245 0.0421627    1.7153
 0.953493  0.135268 0.0438129   1.71363
0.954266 0.133212 0.044234  1.71552
 0.952811  0.155525 0.0505153   1.71161
  0.958698   0.108125 -0.0797342    1.72556
 0.957927  0.115749 -0.074345   1.72378
  0.957201   0.115176 -0.0855287    1.72288
  0.957906   0.115041 -0.0840848    1.72455
   0.95684   0.129451 -0.0700638    1.72197
  0.954889   0.124503 -0.0945118    1.71881
  0.955543   0.124565 -0.0928284    1.72037
 0.956759  0.130946 -0.079856   1.72292
 0.735254  0.270564 -0.389896   1.34651
0.733557 0.262481 -0.39627  1.34358
  0.74255  0.261309 -0.389491   1.35861
 0.739206  0.266094 -0.394879   1.35578
 0.732311  0.254523 -0.402049   1.34143
 0.731422  0.246884 -0.407172   1.33988
 0.739692  0.246425 -0.400946   1.35394
 0.736457  0.250197 -0.406142   1.35079
 0.747894  0.256337 -0.393661   1.37155
  0.74887  0.250706 -0.395441   1.37268
 0.737712  0.258017 -0.400842   1.35311
  0.74316   0.25022 -0.399262   1.36152
 0.745334   0.25759 -0.393685   1.36536
 0.740745  0.253557 -0.395897   1.35559
 0.940216   0.14842 -0.176154   1.69928
 0.942733  0.151098 -0.167942   1.70434
 0.942036  0.134484 -0.180461   1.70228
 0.942658   0.12876 -0.187809   1.70433
 0.945299  0.125785 -0.178429   1.70851
 0.942629  0.131615 -0.180274   1.70312
 0.946983   0.13025 -0.160268   1.71001
 0.948119  0.122461 -0.167843   1.71298
 0.950391  0.118183 -0.156393   1.71594
 0.947855  0.125465 -0.157975   1.71092
 0.942758  0.139137 -0.171919   1.70308
 0.945163  0.128579 -0.169608   1.70685
0.945407 0.136569 -0.16048   1.7071
  0.94444  0.132993 -0.171483   1.70621
 0.756644  0.226121 -0.423984   1.39808
 0.727107  0.183213 -0.442585   1.33343
 0.728987  0.181054 -0.443152   1.33789
 0.729766  0.184363 -0.441356   1.33914
 0.727904  0.182527 -0.441828   1.33511
 0.731628  0.180216 -0.446674   1.34597
 0.733549  0.186483 -0.443164   1.34925
 0.730603  0.184217 -0.443687   1.34281
 0.730612  0.182309 -0.444043   1.34258
 0.729674   0.16773 -0.451272   1.34178
 0.730374  0.166088 -0.451241   1.34283
 0.727768  0.168233 -0.448039    1.3354
 0.725438  0.169802 -0.446893   1.32952
 0.725633  0.167029 -0.447748   1.32984
 0.727021  0.168192 -0.447798   1.33297
0.728143 0.163117 -0.44973  1.33608
 0.725909  0.164424 -0.448426   1.33025
 0.726194  0.161793 -0.449073   1.33067
 0.727455  0.162933 -0.449188   1.33358
0.728857 0.167033 -0.44868  1.33775
  0.72717  0.165542 -0.448525   1.33315
 0.728853  0.164395 -0.449688   1.33783
 0.727786  0.165558 -0.448829   1.33529
 0.733529  0.150038 -0.454511    1.3479
 0.734634  0.148714 -0.454262   1.34975
 0.731716  0.149678 -0.452031   1.34209
 0.729524  0.150174 -0.450327   1.33593
 0.730455  0.148043 -0.450366   1.33746
  0.73119  0.148968 -0.450679   1.33936
 0.733476  0.145832 -0.452052   1.34498
 0.731409   0.14608 -0.450225   1.33897
 0.732476  0.144178 -0.450039    1.3407
 0.733046  0.145028 -0.450407   1.34227
 0.732793  0.148966 -0.452143   1.34424
 0.732033  0.146983 -0.450599   1.34067
 0.733599  0.146917 -0.452278   1.34561
0.732449 0.147661 -0.45196  1.34313
  0.77378  0.153146 -0.440289   1.42408
0.938045 0.148879  0.16522  1.69352
0.899435  0.08548  0.13207  1.61377
0.937935 0.145394 0.197966    1.689
0.931126  0.13963 0.195345   1.6819
0.930157 0.136238 0.193034  1.67645
0.933299 0.145482 0.216489  1.68047
0.933897 0.149898 0.231172   1.6809
0.933779 0.151407 0.228853  1.67994
0.890073 0.234543 0.255691  1.61234
0.894123 0.220562 0.262211  1.62014
0.884989 0.230863 0.262572  1.60385
0.887307 0.222818 0.265902  1.60839
0.881354 0.226092  0.26873  1.59876
0.884483 0.225011   0.2649  1.60221
0.889931 0.223581 0.263236  1.61183
0.889029 0.227456 0.258524  1.60935
0.933503  0.14969  0.22921   1.6794
0.933805 0.134297 0.231018  1.68079
0.935191 0.106885 0.214187  1.68169
   0.921186 -0.00586255    0.275444     1.66979
 0.929037 0.0246063  0.263635   1.67989
   0.93793 -0.0020867   0.238461    1.69537
  0.929109 0.00931018   0.244631    1.67549
 0.932639 0.0501715  0.254385   1.68468
 0.933404 0.0622758  0.237533   1.68165
  0.93909 0.0581078  0.232814   1.69439
 0.934485 0.0593224  0.236169   1.68405
   0.9459 0.0229483  0.206731   1.70532
 0.942774 0.0454487  0.210362   1.69777
 0.949158 0.0474438  0.188217   1.70948
 0.946625 0.0366174  0.190298   1.70323
 0.932925 0.0374609  0.238096   1.68102
 0.940082 0.0442885  0.212399   1.69156
 0.940938 0.0163594   0.21046   1.69383
 0.938414 0.0304415  0.233975   1.69312
0.944822 0.181049 0.177774  1.70032
0.945823 0.170277 0.178831   1.7093
0.931949 0.145394 0.197817  1.68458
0.945784 0.193161 0.214496  1.70206
 0.94382 0.197784 0.222814  1.69892
0.941391 0.202733 0.232498  1.69514
0.939518 0.196386 0.235033  1.69149
0.933294 0.145937 0.216122  1.67994
0.934285 0.201645 0.248357  1.68191
0.930217 0.135218 0.195552  1.67621
0.934968 0.131398 0.163657  1.68799
  0.855261 0.00282522  0.0949999    1.55402
0.927649 0.153881   0.1551  1.66833
0.931026 0.123475 0.234535  1.67636
0.932056 0.149667 0.229302  1.67575
 0.93196  0.13147 0.240006  1.67884
0.932865 0.141442 0.237401  1.67967
0.933585 0.147947 0.235076  1.68085
0.942708 0.191292 0.224348   1.6977
0.934652 0.152186 0.225099  1.68299
 0.94487 0.186594 0.215174   1.7023
0.938784 0.153649 0.203124   1.6924
0.942803 0.166122 0.181706  1.70235
 0.782716   0.11899 -0.419175    1.4265
 0.781896  0.112342 -0.416779   1.42227
 0.787094  0.114319 -0.411253   1.43106
  0.78437  0.115054 -0.413039   1.42614
0.779681 0.105951 -0.41729  1.41659
 0.774483  0.102446 -0.418985   1.40539
 0.780864 0.0991247 -0.411462   1.41492
 0.779583   0.10296 -0.415435   1.41467
 0.793338   0.10701 -0.400849    1.4383
 0.789165 0.0959304 -0.400816   1.42738
 0.800138 0.0932034 -0.384387   1.44361
  0.79556  0.100043 -0.391601    1.4376
 0.782914  0.108782 -0.412922   1.42175
0.786676 0.100788 -0.40597  1.42506
 0.789003  0.109208 -0.403884   1.43057
 0.786129  0.105018 -0.409846   1.42668
 0.774767  0.144497 -0.440315    1.4247
 0.763895  0.159626 -0.451842   1.41016
 0.753086  0.124167 -0.445521   1.37847
 0.755191  0.122466 -0.444916   1.38228
 0.750717  0.122153 -0.444862   1.37243
 0.74798 0.121621 -0.44322  1.36512
 0.749954  0.119519 -0.442001   1.36824
 0.750158   0.12069 -0.442883   1.36937
 0.755073   0.11833 -0.441872   1.37928
 0.752013  0.117437 -0.440471   1.37138
 0.754425  0.115225 -0.438502   1.37501
 0.754529  0.116663 -0.439768   1.37618
 0.752072  0.122088 -0.444173   1.37487
 0.752173  0.118705 -0.441512   1.37252
 0.754394  0.120042 -0.442686   1.37861
 0.752696  0.120178 -0.443377    1.3754
 0.769033  0.159038 -0.443184   1.41666
 0.739213  0.211019 -0.429746   1.35969
 0.744258  0.220422 -0.422331   1.36863
 0.734641  0.213532 -0.425347   1.34749
  0.73701  0.218503 -0.421489   1.35148
 0.731483  0.218443 -0.425633   1.34174
 0.733259  0.215908 -0.422896   1.34374
 0.738442  0.217424 -0.424396   1.35667
 0.737622  0.214598 -0.425377   1.35472
 0.828742  0.226274 -0.398744   1.53026
 0.833414  0.224723 -0.393448    1.5376
 0.827996  0.228685 -0.394677    1.5286
 0.829378  0.226322 -0.395399   1.53006
 0.838378  0.223151 -0.387789   1.54553
 0.843657  0.221019 -0.381569   1.55385
 0.837685  0.226219 -0.383306   1.54402
 0.839134  0.223242 -0.383853   1.54541
 0.827517  0.232684 -0.388424    1.5269
0.831992 0.234669 -0.38421  1.53545
0.834037 0.224823 -0.38994  1.53734
 0.834788  0.228851 -0.384526   1.53883
 0.829587  0.230084 -0.390887   1.53076
 0.832726   0.22727 -0.389284   1.53598
 0.745341  0.131939 -0.450907   1.36673
 0.742427  0.135602 -0.451584   1.36164
 0.743714  0.130668 -0.448906   1.36155
  0.74202  0.132728 -0.449361   1.35859
 0.742133  0.130166 -0.447263   1.35663
 0.742469  0.131222 -0.448855   1.35894
 0.742565  0.133941 -0.450589   1.36099
 0.744499  0.132277 -0.450254   1.36453
 0.844394  0.221179 -0.377282   1.55359
 0.845806  0.226164 -0.370503   1.55632
 0.839354  0.227951 -0.378866   1.54624
 0.843009  0.224313 -0.376786   1.55228
 0.847232  0.234009 -0.362242   1.55941
 0.834307  0.235381 -0.378366   1.53822
 0.837109  0.231351 -0.376963   1.54225
 0.843332  0.234125 -0.371016   1.55433
 0.871036  0.228572 -0.329335   1.59874
 0.856659  0.230491 -0.349608   1.57461
 0.869053  0.216481 -0.337942    1.5929
 0.861871  0.219874 -0.348911   1.58192
 0.867034  0.209646 -0.347074   1.58898
 0.865545  0.213729 -0.346401   1.58749
 0.859649  0.224706 -0.348098   1.57885
 0.866235  0.228404 -0.340922   1.59204
 0.894846  0.184145 -0.307479   1.63255
 0.900487  0.179737 -0.297899   1.64162
 0.895389  0.188733 -0.298377   1.63242
0.896164  0.18563 -0.30111  1.63376
 0.905991  0.174202 -0.287309   1.65001
 0.910622  0.168321 -0.277133   1.65661
 0.906672  0.177908 -0.276732   1.64973
 0.907204  0.175636 -0.279848   1.65078
 0.893612  0.205727 -0.295282   1.63239
 0.900203  0.207039 -0.286231   1.64532
 0.901856  0.181205 -0.290224   1.64258
 0.904786  0.188352 -0.277745    1.6478
 0.89765 0.192869 -0.29066  1.63609
 0.900885  0.185366 -0.288656   1.64138
 0.912227  0.188108 -0.257361   1.65997
  0.91794  0.189866 -0.247395   1.67125
 0.914663  0.169382 -0.259386    1.6616
 0.914877  0.163867 -0.267724   1.66303
 0.919552  0.159825 -0.257601   1.67052
  0.91555  0.165984 -0.260587   1.66291
 0.923938  0.158717 -0.236119   1.67537
  0.92388   0.15473 -0.246506   1.67691
 0.927424  0.149523 -0.236225   1.68179
  0.92447  0.156756 -0.238563   1.67651
  0.91633    0.1742 -0.250509   1.66399
 0.920244  0.161977 -0.249047   1.67012
 0.922315  0.169843 -0.236789   1.67376
 0.919245  0.166391 -0.248864   1.66898
 0.927984  0.169345 -0.216648   1.68262
  0.93249  0.171585 -0.206801   1.69169
 0.930225  0.151206 -0.218782   1.68474
  0.93072  0.145503 -0.226885   1.68671
 0.934308  0.141782 -0.216959   1.69239
0.931013 0.148092 -0.21944  1.68598
   0.9374  0.140193 -0.195751   1.69498
 0.937497  0.136931 -0.206279    1.6969
 0.940184  0.132303 -0.196684   1.70065
0.937763 0.139225 -0.19851  1.69615
 0.931453  0.156309 -0.209534   1.68639
 0.934644   0.14435 -0.208196   1.69153
 0.936205  0.152086 -0.195922   1.69412
 0.933785  0.148401 -0.208407   1.69041
 0.733987  0.193741 -0.439949   1.35016
 0.737999  0.201456 -0.434755   1.35739
 0.730696  0.195422 -0.436168   1.34079
  0.73241  0.199504 -0.433425    1.3437
0.728359 0.198872 -0.43604  1.33602
 0.729572  0.197315 -0.434339   1.33777
 0.733509  0.198692 -0.436022   1.34795
0.732792 0.196455 -0.43669  1.34627
 0.735397  0.242719 -0.410936   1.34883
 0.739712  0.235986 -0.409986   1.35581
 0.742613  0.242532 -0.404692    1.3608
 0.737819  0.238951 -0.406766   1.35081
 0.745581  0.232558 -0.414178   1.37049
 0.751646  0.244663 -0.403861   1.38112
  0.74439  0.241141 -0.406824   1.36624
  0.74382  0.236858 -0.408662   1.36472
 0.953022  0.117717 -0.115175   1.71586
  0.95357  0.119656 -0.113964   1.71729
 0.952015  0.116306 -0.132173   1.71567
 0.952288   0.11402 -0.145477   1.71825
 0.953979  0.110764 -0.135479   1.72053
0.952289 0.117759 -0.13724  1.71742
 0.955108  0.109593 -0.114915   1.72033
 0.955162  0.107671 -0.126394   1.72183
 0.956059  0.105569 -0.118259   1.72278
 0.955346  0.111362 -0.120622   1.72193
 0.952947  0.120989 -0.125257   1.71757
  0.95401  0.114765 -0.128388   1.72005
 0.954621  0.118822 -0.117231   1.72043
0.953815 0.113645 -0.12378  1.71868
 0.849845  0.232891 -0.337462   1.55611
 0.862178  0.238806 -0.323458   1.58044
 0.951994 0.0462877  0.150791   1.70949
 0.955494 0.0704852  0.140874   1.71791
  0.95693 0.0417913  0.140341   1.72055
 0.955317 0.0439367  0.141985   1.71648
 0.955515 0.0905918 0.0876371   1.71417
 0.95542 0.083897   0.1187  1.71603
  0.96115 0.0315256 0.0965092   1.72635
 0.961244 0.0685933 0.0712273   1.72598
 0.963392 0.0420435  0.040637   1.73091
 0.962387 0.0240474 0.0654793    1.7275
 0.956382 0.0605647  0.115522    1.7166
  0.95945 0.0598327 0.0856993   1.72184
0.959121 0.029282 0.104037  1.72161
 0.958552 0.0648921  0.105711   1.72132
 0.891215  0.190264 -0.310524   1.62648
 0.893209  0.195903 -0.300646   1.62981
   0.8889  0.201185 -0.308577   1.62403
   0.8909  0.192191 -0.306132   1.62545
0.887594 0.222567 -0.30847  1.62795
 0.890109  0.201537 -0.300315   1.62488
 0.891163   0.20215 -0.299516   1.62723
 0.957183  0.108396 -0.113231   1.72527
 0.958096  0.107881 -0.103687   1.72638
 0.955982  0.113355 -0.110107   1.72235
 0.956703   0.10659 -0.106544   1.72307
  0.958967   0.108151 -0.0948306    1.72765
  0.959498   0.108025 -0.0862383    1.72815
  0.957414   0.114632 -0.0924609    1.72406
  0.958201   0.107797 -0.0880519    1.72502
 0.954336  0.124273 -0.108101   1.71906
  0.955206   0.125408 -0.0998812    1.72038
  0.957444   0.107154 -0.0974831    1.72399
  0.956562   0.112904 -0.0950098    1.72197
 0.955995  0.112687 -0.102741    1.7214
 0.956764  0.113093 -0.101252   1.72321
0.932778 0.141518 0.221451   1.6769
 0.949653  0.131277 0.0691896   1.70747
   0.9495  0.142182 0.0732462   1.70705
 0.950629  0.139956 0.0699559   1.70906
 0.950069  0.139975 0.0733473    1.7085
 0.951172  0.148414 0.0687881   1.70921
 0.950221  0.152301 0.0699375    1.7069
 0.950638  0.149311 0.0723161   1.70925
 0.949447  0.155822 0.0775044   1.70664
 0.950117  0.147253 0.0766087   1.70786
0.831829 0.418003 0.029495  1.51673
   0.84208   0.402532 0.00534641    1.53076
 0.847911  0.397104 0.0357993   1.54171
 0.839568   0.39638 0.0237595   1.52212
   0.85605   0.384604 -0.0126982     1.5545
 0.863251  0.382347 0.0415452   1.56954
0.854106  0.38351 0.032946  1.54878
  0.854894   0.381299 0.00516081    1.54975
0.933783 0.143025  0.23126  1.68027
 0.931213 0.0896529  0.241344    1.6782
0.930003 0.106738 0.231709  1.67354
0.928942 0.101469 0.248333   1.6752
0.940968 0.103107 0.183547  1.69104
0.939017 0.103518  0.18869  1.68666
 0.917367 0.0974773   0.27813   1.65803
 0.922081 0.0876635  0.268102   1.66527
 0.916373 0.0844364  0.286864   1.65878
 0.918962 0.0852027  0.275928   1.66009
 0.925881 0.0788228  0.257908   1.67037
 0.930804 0.0730864   0.23965   1.67671
  0.92796 0.0623366  0.258208   1.67517
 0.928623 0.0653589  0.254133   1.67506
 0.914538 0.0626855  0.288793   1.65599
 0.922808 0.0465314  0.269089   1.66746
  0.91212 0.0285771  0.283804   1.65154
 0.918581 0.0383957  0.284154   1.66265
 0.924094 0.0739584  0.266637   1.66838
 0.925541 0.0542849    0.2716   1.67323
0.918692 0.067691  0.28417  1.66201
 0.922078 0.0714976  0.274962   1.66717
0.871333 0.293497 0.219399  1.58103
0.875449 0.295748 0.208422  1.58671
0.877947 0.286425  0.21626   1.5915
0.874657 0.288688 0.213496  1.58401
0.881921 0.297197   0.1973  1.59793
0.885377 0.281808 0.214178  1.60498
0.881038 0.284763  0.21282  1.59574
0.880664  0.28892 0.203525  1.59412
 0.93195 0.148515 0.228644  1.67511
0.929617 0.115502  0.24469  1.67485
0.894011 0.109913 0.289425  1.61625
0.901809 0.106114 0.295179  1.63264
 0.894576 0.0906506   0.29462   1.61734
0.897665 0.104698 0.294907  1.62609
  0.9088 0.101781 0.292512  1.64473
  0.91503 0.0979813  0.280548   1.65337
 0.912782 0.0849743  0.290562   1.65169
 0.912087 0.0990709  0.292195   1.65198
 0.898495 0.0632548  0.296851   1.62509
 0.909763 0.0630738  0.293937   1.64672
 0.907364 0.0291195  0.291472   1.64257
 0.903959 0.0583308  0.297395   1.63803
0.905114 0.101191 0.298032  1.64064
 0.908665 0.0827974  0.296785   1.64666
 0.899506 0.0845403  0.299426   1.63007
 0.904474 0.0866694  0.296543   1.63726
 0.922969 0.0944244  0.269212   1.66704
0.920576 0.096902 0.269597  1.66168
 0.925303 0.0975955  0.254063   1.66759
 0.930166 0.0853813  0.251955   1.67843
 0.927003 0.0820469   0.25669   1.67181
 0.925488 0.0964316  0.260986   1.67069
 0.779132  0.114946 -0.419631   1.41816
 0.776341  0.121188 -0.425861   1.41664
 0.778902  0.118207 -0.420796   1.41895
 0.770781   0.11652 -0.430087   1.40607
 0.769895  0.122788 -0.435494   1.40841
 0.771329  0.119401 -0.430168   1.40792
  0.77725  0.109776 -0.420197   1.41339
 0.772456  0.111158 -0.425871   1.40629
0.773836 0.105382 -0.42206  1.40602
 0.774179  0.107754 -0.423403   1.40817
 0.774894  0.118201 -0.428067   1.41425
 0.772283  0.113391 -0.427302   1.40727
 0.776759  0.112589 -0.422246   1.41406
 0.775072  0.115203 -0.424588   1.41208
  0.77085  0.149768 -0.448132   1.42103
 0.814642  0.226633 -0.414244   1.50723
 0.817381  0.227197 -0.411362   1.51191
 0.812969  0.228103 -0.412513   1.50434
 0.814448  0.226893 -0.412683   1.50608
 0.820601   0.22745 -0.407791   1.51722
 0.824387  0.227155 -0.403587   1.52331
 0.818924  0.229577 -0.405146   1.51416
 0.820635  0.227595 -0.405345   1.51611
 0.810052  0.230623 -0.407687   1.49784
 0.813246  0.232449 -0.404066   1.50354
 0.817206  0.227393 -0.409339   1.51056
0.816301 0.230071 -0.40628  1.50911
 0.813176  0.228961 -0.410309   1.50404
   0.8157   0.22884 -0.409227   1.50886
 0.812761  0.225648 -0.416192   1.50384
 0.810493  0.224986 -0.417209   1.50029
 0.812225  0.224013 -0.417146   1.50277
 0.811617   0.22448 -0.416669   1.50133
 0.808034    0.2238 -0.417327   1.49554
 0.804409  0.224825 -0.418029   1.48985
 0.807231  0.220937 -0.420193   1.49476
  0.80686  0.223116 -0.417852   1.49334
 0.813013  0.221213 -0.416711   1.50358
 0.811029  0.217825 -0.419913   1.50106
 0.816246  0.216198 -0.412902   1.50748
 0.813466  0.216835 -0.416039   1.50314
 0.809468  0.223457 -0.417497   1.49789
 0.809404  0.219795 -0.418636   1.49742
 0.811667   0.22181 -0.417206   1.50106
 0.810225  0.222241 -0.418501    1.4997
0.933477 0.145577 0.227774  1.67901
  0.965198 -0.0278784  0.0260701    1.73769
 0.959142 -0.068362 0.0925476   1.72863
  0.960327 -0.0162725  0.0934138    1.72527
  0.960797 -0.0176431  0.0893968    1.72866
  0.942171 -0.0705459   0.180879    1.70055
  0.918799 -0.0297533   0.247421    1.65757
  0.940864 -0.0238781   0.199662    1.69387
  0.935091 -0.0467826   0.240175    1.69603
  0.955694 0.00965618   0.140565    1.71731
   0.94911 0.00400033   0.166854    1.70493
  0.95099 0.0294585  0.151284   1.70664
 0.951825 0.0186105  0.164752   1.71129
  0.950483 -0.0504858   0.170152    1.71759
  0.947523 -0.0153143   0.193904    1.70866
   0.956442 0.000472559    0.147504     1.72162
  0.952584 -0.0325858   0.150413      1.714
0.886971 0.191828 0.283074  1.60876
0.890671 0.198321 0.279256  1.61418
0.893704 0.190027  0.28067  1.62012
0.890401 0.192402 0.280572  1.61307
0.895518 0.203154  0.27239  1.62176
0.901422 0.187286 0.274365  1.63257
0.896106 0.190829 0.277435  1.62239
0.894735 0.195048 0.274047  1.61905
0.895015 0.122182 0.285001  1.61849
0.895977 0.130072 0.283495  1.62106
0.900498 0.130852 0.290031  1.63074
0.897448 0.128481 0.284598  1.62468
0.895441 0.137951  0.28433  1.62084
0.893911 0.146459 0.285726  1.61863
0.899127 0.147677 0.288144  1.62865
0.895824 0.145307 0.285179  1.62282
0.904445 0.136618 0.288181  1.63716
0.903944 0.144389 0.285021  1.63573
0.909146 0.136391 0.280412  1.64363
0.905238 0.139867 0.287945  1.63899
0.897028 0.136884 0.284084  1.62437
0.900864 0.145423 0.289182  1.63262
0.901673 0.136795 0.290276  1.63407
0.900059 0.139446 0.288689  1.63025
 0.759394  0.154649 -0.453407    1.4013
 0.759495  0.154594 -0.453332   1.40146
 0.759706  0.154852 -0.453685   1.40204
 0.759313  0.153641 -0.454294   1.40136
 0.759282  0.153802 -0.454402   1.40137
 0.759339  0.153608 -0.454144   1.40133
 0.759222  0.154378 -0.454413   1.40137
 0.759257  0.153543 -0.454188   1.40118
 0.766639  0.156725 -0.449855   1.41424
 0.759185  0.153653 -0.454312    1.4011
0.745737 0.130626 -0.45005  1.36679
  0.74729  0.129232 -0.449661   1.36956
 0.743981  0.129438 -0.448543   1.36166
 0.741944  0.129205 -0.446667   1.35571
 0.743259  0.127345 -0.446124   1.35784
 0.743555    0.1283 -0.446686   1.35896
  0.74685  0.125932 -0.447143   1.36625
 0.744626  0.125532 -0.445352   1.35995
 0.746182  0.123599 -0.444416   1.36235
 0.746417  0.124695 -0.445161   1.36347
 0.744998  0.129144 -0.448249   1.36356
 0.744871  0.126544 -0.446011   1.36103
 0.746501  0.127261 -0.447613   1.36604
 0.745258  0.127656 -0.447775   1.36355
 0.759251  0.154062 -0.454446   1.40138
   0.7605   0.15358 -0.452163   1.40257
 0.764018  0.155406 -0.452392   1.40988
 0.765261  0.154579 -0.453475    1.4128
  0.76776  0.153495 -0.453546   1.41771
 0.767659   0.12151 -0.436917   1.40422
 0.763852   0.11748 -0.435977   1.39469
  0.76804  0.115572 -0.431732   1.40095
 0.766787  0.118283 -0.433882   1.39991
 0.761391   0.11435 -0.436307   1.38889
 0.757401  0.112954 -0.435902    1.3795
0.760856 0.110588 -0.43288  1.38481
 0.760738  0.112284 -0.434613   1.38578
   0.7694  0.110027 -0.428235   1.40084
 0.764683  0.108194 -0.429122   1.39056
 0.769223  0.105489 -0.424588   1.39745
 0.768862  0.107841 -0.427114   1.39837
 0.763583  0.115153 -0.434458   1.39264
 0.764443  0.110164 -0.431258    1.3915
 0.767856  0.113202 -0.430476   1.39925
 0.765063  0.112293 -0.432562   1.39429
 0.758877  0.153671 -0.454132   1.40039
 0.761817  0.151351 -0.448179   1.40293
 0.772213  0.147008 -0.441019    1.4199
 0.776504  0.124158 -0.425273   1.41718
 0.774459    0.1322 -0.431819    1.4176
  0.77008  0.124892 -0.434123    1.4083
 0.774891  0.128517 -0.431639   1.41787
  0.76423  0.129614 -0.443654   1.40181
  0.77851  0.136237 -0.430122   1.42612
0.781262 0.127352 -0.42331  1.42695
 0.784589  0.136766 -0.419817   1.43395
 0.780746   0.13139 -0.420762   1.42515
 0.766093   0.15075 -0.454243   1.41404
 0.759249  0.154947 -0.453649   1.40117
 0.759193  0.155065 -0.453776   1.40114
 0.760257  0.154682 -0.450651   1.40156
 0.759685  0.155329 -0.453771   1.40206
 0.762786  0.157074 -0.452039   1.40757
  0.76079   0.15591 -0.449519   1.40225
 0.760187  0.153828 -0.452385   1.40207
 0.737651  0.152673 -0.459038   1.36015
 0.759121   0.15389 -0.454391   1.40105
 0.765939  0.159356 -0.450109   1.41346
 0.759953  0.154518 -0.453696   1.40239
 0.762091  0.155002 -0.449143   1.40452
 0.759712  0.154569 -0.453686   1.40199
 0.759456  0.161699 -0.439398   1.39579
 0.759486  0.154302 -0.453325   1.40138
 0.758916  0.154248 -0.454429   1.40071
 0.759475   0.15426 -0.453452   1.40143
 0.760167  0.154349 -0.453717    1.4028
 0.759363  0.153683 -0.453527   1.40112
 0.759358  0.153709 -0.453978   1.40132
 0.759156  0.153422 -0.453779   1.40077
  0.75936  0.153925 -0.453831   1.40129
 0.759397   0.15395 -0.453435    1.4012
 0.759417  0.154022 -0.453787   1.40141
 0.788922  0.141573 -0.407253   1.43774
 0.794801  0.140662 -0.399173   1.44634
  0.78957  0.150109 -0.401162   1.43764
0.790688 0.142274 -0.40097  1.43848
 0.803786  0.137351 -0.384967    1.4589
0.819431 0.139415 -0.36407  1.48588
 0.801421  0.154749 -0.378925   1.45495
0.805591 0.141597 -0.37493  1.46002
0.788507 0.156745 -0.39612  1.43436
 0.792529  0.161948 -0.389085   1.44137
  0.78608  0.167847 -0.397492   1.43231
 0.788881  0.160524 -0.394155   1.43556
 0.796578  0.140043 -0.388791   1.44518
 0.795885  0.153611 -0.385736   1.44567
 0.790435  0.150272 -0.394339   1.43635
0.795246 0.149805  -0.3899  1.44469
 0.785849  0.144955 -0.406028   1.43099
 0.785819  0.149297 -0.406701   1.43213
0.784215 0.156967 -0.39857  1.42623
0.782414 0.163867 -0.40288  1.42613
0.780179 0.154054 -0.41536  1.42537
 0.782572  0.156554 -0.407084   1.42674
 0.737438  0.142758 -0.453768   1.35406
 0.738688  0.141216 -0.453396   1.35613
 0.735629  0.142229 -0.451639    1.3485
0.733549 0.142412 -0.44971   1.3424
0.734678 0.140608  -0.4495  1.34428
 0.735191   0.14137 -0.449864   1.34571
0.737496 0.138664 -0.45118  1.35138
 0.735674  0.138967 -0.449226   1.34588
 0.736617  0.137312 -0.448983   1.34739
 0.737117  0.138021 -0.449321   1.34876
  0.73669  0.141643 -0.451617   1.35057
0.736147 0.139683  -0.4496  1.34722
 0.737672  0.139616 -0.451506   1.35217
 0.736512  0.140406 -0.451278   1.34973
 0.731535  0.159595 -0.454061   1.34558
 0.73134 0.164389 -0.45251  1.34521
 0.729415  0.159539 -0.450989   1.33875
 0.729169  0.162091 -0.450183   1.33824
 0.727764  0.160415 -0.449694   1.33399
 0.728292  0.160592 -0.450222    1.3361
 0.729835  0.162522 -0.452312   1.34149
 0.730594  0.160974 -0.452312   1.34271
 0.763878   0.16139 -0.447101   1.40835
 0.769258  0.155661 -0.448412   1.41883
 0.760998  0.152457 -0.449904   1.40231
  0.74977   0.13208 -0.451205   1.37648
 0.753653  0.129246 -0.450237   1.38358
 0.758896  0.154647 -0.454496   1.40077
 0.763311   0.15147 -0.450598   1.40704
 0.758923   0.15497 -0.454419   1.40085
 0.765964    0.1594 -0.446297   1.41187
 0.761266  0.155231 -0.449341     1.403
 0.759007  0.155176 -0.454238   1.40098
 0.760293  0.154444 -0.449305   1.40093
 0.759847  0.154758 -0.451282   1.40105
 0.759309   0.15522 -0.452016   1.40041
 0.758762  0.154832 -0.454418   1.40049
  0.75991  0.155135 -0.452669   1.40191
 0.759225  0.155218 -0.453861   1.40126
0.759485 0.155126 -0.45375  1.40168
 0.759972  0.155108 -0.449427   1.40047
  0.75937  0.155155 -0.453756   1.40148
 0.759247  0.155466 -0.453512   1.40107
 0.759248  0.154968 -0.453599   1.40115
 0.759231   0.15524 -0.453808   1.40123
 0.940472  0.159154 0.0772983   1.69151
 0.945516  0.163724 0.0413622   1.70279
  0.94717  0.162557 0.0655206   1.70417
 0.944456  0.172586 0.0672938   1.70278
  0.956634   0.137304 -0.0002386    1.72555
 0.965271 0.0815485 -0.018218   1.74071
 0.957975   0.12691 0.0286245   1.72338
 0.957591  0.107873 0.0238866   1.72346
0.951236 0.152355  0.06412  1.70992
 0.954556  0.139206 0.0530358   1.71552
 0.952565  0.150593 0.0714915    1.7122
 0.952534  0.146249 0.0681781   1.71224
 0.949392   0.16038 0.0393889   1.71176
 0.953978  0.138727 0.0503413   1.71561
 0.949667  0.160825 0.0641174   1.70949
 0.951757  0.151668 0.0410113   1.71235
  0.86628  0.367093 0.0861235   1.57224
0.874817  0.34998 0.117313  1.58809
0.856853 0.372257 0.103543  1.55543
0.862645 0.360688 0.119822  1.56582
0.851389 0.375776 0.122047   1.5482
0.856177 0.363569 0.114674  1.55155
0.866499 0.355513 0.114586  1.57088
 0.864924  0.357819 0.0991619   1.56652
  0.807983    0.42839 -0.0974946     1.4766
0.817003 0.407278 -0.11696  1.48759
  0.829467    0.40589 -0.0882401    1.51058
  0.816055   0.406379 -0.0984846    1.48209
 0.830563  0.385313 -0.134184   1.51103
 0.852388  0.382139 -0.083323   1.55138
  0.833924   0.392615 -0.0934257    1.51524
 0.828148  0.385659 -0.111183   1.50152
  0.870522   0.346274 -0.0769134    1.57663
0.955316 0.125971 0.032488  1.71744
 0.954762  0.132785 0.0365581   1.71617
 0.955181  0.132694 0.0295466   1.71676
  0.95508  0.133896 0.0340509   1.71716
 0.954424  0.137452 0.0225219   1.71394
 0.953804  0.143004 0.0312657    1.7138
 0.953755  0.143653 0.0397919   1.71396
  0.951441   0.134974 -0.0992373    1.71188
  0.953614   0.149563 -0.0769907    1.71689
0.955672 0.136786 0.020077  1.71744
0.955598 0.135288 0.021956  1.71694
 0.956526  0.129903 0.0173241   1.71977
0.957163 0.125167   0.0156  1.72128
0.956684  0.12543 0.020669  1.72028
 0.956708  0.124555 0.0167575   1.72007
 0.955635  0.133004 0.0282774   1.71806
 0.956304  0.126243 0.0259921   1.71963
 0.955878   0.12664 0.0312648   1.71889
 0.955775  0.125898 0.0268605   1.71828
 0.956265  0.129797 0.0180259     1.719
 0.956218  0.125452 0.0211682   1.71912
0.955529  0.13195 0.021261  1.71743
 0.956168  0.130179 0.0218046   1.71897
 0.957069  0.124014 0.0115669   1.72076
 0.956504  0.129288 0.0142536   1.71945
  0.956752   0.128397 0.00727565     1.7198
 0.956763  0.130219 0.0119407    1.7203
   0.955796    0.130796 -0.00145236     1.71685
   0.95541   0.137565 0.00801311    1.71695
 0.955465  0.138313 0.0159632   1.71716
   0.958481     0.11954 -0.00967937     1.72352
   0.957959    0.123026 -0.00756246     1.72228
  0.958176   0.120696 -0.0139289    1.72252
  0.958195   0.123682 -0.0103328    1.72305
  0.957764   0.129181 -0.0142637     1.7216
  0.957159   0.125603 -0.0148727    1.72025
   0.957141    0.128934 -0.00775735      1.7205
 0.950506   0.15572 0.0533253    1.7058
  0.957761   0.132316 -0.0210583    1.72244
  0.958221   0.130666 -0.0165612    1.72317
  0.958787   0.121649 -0.0244046    1.72441
  0.959523   0.118097 -0.0269535    1.72615
 0.959407  0.118303 -0.021784   1.72579
  0.959098   0.117269 -0.0235878    1.72489
  0.958526   0.120868 -0.0153965     1.7235
  0.959185   0.118696 -0.0167157    1.72522
  0.958934   0.120191 -0.0115901    1.72476
  0.958749    0.11809 -0.0148577    1.72402
  0.958642   0.120765 -0.0204829    1.72377
  0.958995   0.117335 -0.0190109    1.72457
  0.958539   0.120002 -0.0170948    1.72336
  0.958762   0.120947 -0.0195142    1.72417
  0.959172   0.116743 -0.0288439    1.72511
  0.958603   0.121404 -0.0253158    1.72384
  0.958671   0.120067 -0.0317205    1.72396
  0.958799   0.121504 -0.0300977    1.72454
  0.957693   0.125128 -0.0352801    1.72165
  0.957397    0.12703 -0.0336496    1.72133
  0.957412   0.131608 -0.0269635    1.72169
  0.959503    0.11222 -0.0507915    1.72616
 0.958853  0.117748 -0.047188   1.72478
  0.958773   0.115606 -0.0535028    1.72455
  0.959028   0.116078 -0.0529005    1.72536
  0.95779  0.127626 -0.055199   1.72299
  0.957655   0.117517 -0.0541942    1.72181
  0.957634   0.124031 -0.0497339    1.72232
 0.952532  0.151546 0.0285269   1.70961
   0.95712   0.122685 -0.0709827    1.72191
  0.957778   0.127512 -0.0630813    1.72355
  0.958492   0.114712 -0.0740779    1.72506
 0.959974  0.108493 -0.077915   1.72867
  0.960226    0.10862 -0.0698144    1.72871
  0.959186   0.108943 -0.0709266    1.72617
  0.958936   0.113839 -0.0587926    1.72511
   0.96022   0.109607 -0.0623731    1.72831
  0.960132   0.111496 -0.0557067    1.72794
  0.959512   0.110445 -0.0569824    1.72629
  0.958364   0.116184 -0.0667694     1.7243
  0.959444    0.10936 -0.0635017    1.72637
  0.958747   0.116245 -0.0583288    1.72478
  0.958787   0.114721 -0.0664826    1.72531
 0.948191  0.188042 0.0150247   1.70344
 0.952142  0.150123 -0.124796   1.72021
 0.944335   0.15058 -0.155821     1.706
0.951285 0.131494 -0.13333  1.71627
  0.94769  0.134803 -0.149998   1.71064
 0.950208  0.121498 -0.147184   1.71434
 0.949362  0.125096 -0.148122   1.71298
 0.946171  0.139877 -0.153575   1.70846
0.949277 0.148587 -0.14455  1.71594
0.946065 0.171428  0.06256  1.69656
 0.940273  0.134853 -0.189751   1.69976
0.940749 0.140553 -0.18147  1.70025
  0.93868  0.143462 -0.189173   1.69724
 0.939952   0.13603 -0.187776   1.69889
0.936554 0.169484 -0.19172  1.69783
 0.938716  0.141913 -0.181338   1.69561
 0.939168  0.144061 -0.180404   1.69686
  0.956834   0.141465 -0.0372902      1.721
 0.787584  0.397608 -0.211725   1.44023
 0.796187   0.37641 -0.221913   1.45097
 0.806436  0.382304 -0.198945   1.46977
 0.794574   0.37955 -0.207732   1.44468
 0.808687  0.359232 -0.233927   1.47533
 0.826686  0.367883 -0.193073   1.50781
 0.810778  0.372059 -0.202957   1.47644
 0.805922  0.364026 -0.214439   1.46523
 0.878041  0.350658 -0.014739   1.58928
 0.783881   0.32568 -0.308364   1.43374
 0.803326   0.33681 -0.277026   1.46859
 0.774756  0.337996 -0.300274   1.41466
 0.784805  0.345057 -0.282866   1.43253
 0.768733  0.354677 -0.295166    1.4074
 0.773874  0.341805 -0.289689   1.41005
 0.787734  0.337954 -0.286795   1.43824
 0.782053  0.331481 -0.294409   1.42609
  0.949447   0.168587 -0.0970665     1.7125
 0.927624  0.228555 -0.136009   1.67704
 0.911441  0.170083 -0.270581   1.65688
 0.912566  0.176584 -0.261441    1.6587
 0.909052  0.180926 -0.270174   1.65403
 0.910923  0.172119 -0.267831   1.65578
0.906315 0.204648 -0.27255  1.65495
 0.909087   0.18127 -0.263722   1.65291
 0.909981  0.183592 -0.262488   1.65516
 0.752247  0.312101 -0.351967   1.37877
  0.75771  0.299507 -0.353128   1.38593
 0.764699  0.307661 -0.341332   1.39828
 0.756176  0.303391 -0.346129   1.38069
 0.765593  0.291263 -0.357966   1.40325
0.779084 0.305415 -0.33698  1.42753
  0.76712  0.303195 -0.343695   1.40377
 0.763849   0.29698 -0.348748   1.39675
0.923651 0.209662 -0.19175  1.67542
 0.873321  0.219717 -0.328202   1.60121
 0.879703   0.22296 -0.321279   1.61427
 0.872234  0.211053 -0.336583   1.59835
 0.872244  0.205839 -0.344097   1.59882
 0.878406  0.200697 -0.334815   1.60814
 0.873689   0.20621 -0.337669   1.59968
 0.885511  0.198268 -0.314636   1.61755
 0.884183  0.195226 -0.325563   1.61672
 0.889636  0.189132 -0.316335   1.62462
 0.886124  0.195945 -0.319219   1.61906
 0.875173    0.2141 -0.329086   1.60305
 0.880009  0.201203 -0.328458   1.60953
 0.883645  0.208725 -0.316468   1.61645
 0.878621  0.205429 -0.326349    1.6076
 0.741553  0.274346 -0.388091   1.35997
 0.746589  0.265002 -0.387417   1.36725
 0.751097   0.27268 -0.379574   1.37514
 0.744687  0.268497 -0.382775   1.36184
 0.753572  0.259715 -0.391269   1.38347
 0.762398  0.273515 -0.376938   1.39926
 0.753163  0.270116 -0.381388   1.38057
 0.751761  0.264704 -0.384533   1.37736
 0.758936    0.3501 -0.300055   1.38642
 0.754057  0.339693 -0.315606   1.37792
0.768289  0.33362 -0.30485  1.40073
0.762865 0.344812 -0.31162  1.39715
  0.75049  0.328725 -0.329975    1.3719
0.747343 0.317912 -0.34277  1.36656
 0.760758  0.313709 -0.331855   1.38803
  0.75549  0.322965 -0.339534    1.3843
 0.775464  0.322722 -0.313327   1.41619
 0.775389  0.313773 -0.318609   1.41468
 0.759079  0.333849 -0.326334   1.39061
 0.766525  0.319132 -0.327784   1.40073
 0.771565  0.328438 -0.314951   1.40974
 0.763959  0.323614 -0.319924   1.39355
 0.849247  0.227742 -0.361611   1.56194
 0.853747  0.229729 -0.356934   1.57072
 0.848803  0.222532 -0.369402   1.56164
 0.849244  0.218824 -0.374804   1.56276
 0.854787   0.21576 -0.367674   1.57133
 0.850185  0.218931 -0.370017   1.56278
 0.859807  0.217446 -0.354862     1.579
 0.860398  0.212967 -0.360396   1.58023
 0.866124  0.209283 -0.352555   1.58906
 0.861341  0.213172 -0.355174   1.58022
 0.850934  0.224367 -0.364161   1.56472
 0.855545  0.215961 -0.362961   1.57105
0.856724 0.221481 -0.35616  1.57356
 0.854197  0.219429 -0.362423   1.56988
 0.814495  0.233031 -0.400353   1.50471
0.819856 0.230924 -0.40205  1.51509
 0.824718  0.227255 -0.400675   1.52263
  0.82531  0.230911 -0.395752   1.52379
  0.82327   0.22942 -0.400304   1.52104
 0.825543  0.236199 -0.389345   1.52399
 0.817583  0.233231 -0.400315   1.51075
0.823074 0.235921 -0.39553  1.52129
 0.867321  0.241232 -0.300091   1.58399
0.807963 0.225279 -0.41583  1.49502
 0.804849  0.227339 -0.415088   1.48997
0.805889 0.225879 -0.41349  1.49036
 0.810409  0.225978 -0.415887   1.49973
 0.812507  0.225993 -0.415227   1.50289
 0.810989  0.227516 -0.413543   1.50037
0.811631  0.22643 -0.41532   1.5022
0.808171 0.229508  -0.4086  1.49387
 0.809459  0.226662 -0.415833   1.49818
 0.808699  0.228107 -0.411183   1.49593
0.810382 0.227932 -0.41391  1.49957
 0.744257  0.307666 -0.355069   1.36172
 0.74108 0.298098 -0.36508  1.35619
 0.752436   0.29529 -0.356291   1.37465
 0.748266  0.302641 -0.362647   1.37178
 0.738907  0.288473 -0.374156   1.35251
 0.737172  0.279314 -0.382165    1.3496
 0.747637  0.277536 -0.373673   1.36663
 0.743574  0.283426 -0.380288   1.36345
 0.758528  0.287757 -0.361506   1.38848
 0.75917   0.2806 -0.36465  1.38876
 0.745782  0.292868 -0.372008   1.36741
 0.752157  0.282221 -0.371014   1.37652
 0.755494  0.290851 -0.362739   1.38252
 0.749573  0.286158 -0.366087   1.36991
0.940028 0.144574 0.180249  1.69439
0.938622 0.146875 0.191654  1.69099
0.932076 0.140104 0.194482  1.68351
0.889011 0.216415 0.311543  1.61138
0.917185 0.219252 0.279059  1.65639
 0.807551 -0.106509  0.210768   1.45081
0.937652 0.208783 0.244078  1.68942
0.869486 0.168412 0.359446  1.57078
0.906354 0.200907 0.297093  1.63124
 0.93413 0.150437 0.225872  1.68071
0.930865  0.21552 0.258899  1.67874
0.933907 0.150636  0.22966  1.68051
0.933758 0.148197 0.231091  1.68029
0.874192 0.260364 0.245807  1.58444
0.872789 0.268488 0.239634  1.58182
0.878599 0.263883  0.23702  1.59118
0.875284 0.267205 0.241603  1.58779
0.871444 0.276928 0.232885  1.57944
0.869847 0.285396 0.225455  1.57646
0.876405 0.278878 0.222455  1.58694
0.872693 0.284078 0.227826  1.58326
  0.8833 0.266592 0.229151  1.59894
0.883738 0.269779 0.221312  1.59902
0.874107 0.275577 0.234871  1.58575
0.878278 0.277334 0.226173  1.59163
0.879717 0.270137  0.23261  1.59455
0.877304 0.271982 0.229962  1.58891
0.933538  0.13858 0.224943  1.67904
0.932037 0.149037 0.241065  1.67893
0.933824 0.127197 0.220456  1.67969
0.932065 0.150335 0.230205  1.67538
0.933907 0.119171  0.23232  1.68223
0.933345 0.152934  0.22845  1.68178
  0.93858 0.0817561  0.201168   1.68635
 0.947782 0.0521864  0.186577   1.70555
 0.942506 0.0624641  0.196151   1.69428
 0.943922 0.0596919  0.198699   1.69846
  0.93755 0.0664486  0.217345   1.68671
 0.934985 0.0693521  0.220086   1.68131
0.940047 0.075265 0.211569  1.69207
0.932301 0.146796 0.226258  1.67611
0.885841 0.264981 0.231623  1.60481
0.889355 0.251099 0.242121  1.61187
0.880386 0.262351 0.239539  1.59546
0.882558 0.254132 0.244665  1.59971
 0.87671  0.25894 0.247466  1.59036
0.879711 0.256304 0.242823  1.59332
 0.88527 0.254061 0.241901  1.60346
0.884644  0.25794 0.235539  1.60145
 0.934454 0.0865998  0.239067    1.6852
0.935614 0.101319 0.224506  1.68509
 0.932352 0.0976955  0.228987    1.6779
0.945859 0.190618 0.205221  1.70186
0.946524  0.18013 0.205869  1.70581
0.933916 0.148077  0.21485  1.68288
0.933244 0.147017  0.19519  1.68662
0.934022 0.151275 0.231768  1.68182
0.934032 0.153716 0.226136  1.68302
0.931519  0.14329 0.218573  1.67505
0.930255 0.185208 0.229817  1.67889
0.924708 0.205467 0.267097  1.66447
0.931745 0.144511  0.23794  1.67754
0.927582 0.127409 0.194318  1.66876
 0.93432 0.152488 0.229355  1.68208
0.928163 0.129284 0.195803  1.67415
0.924547 0.161476 0.254652  1.66761
0.933029 0.128407 0.192575  1.67874
0.931576 0.199189  0.24201  1.67884
0.931223 0.131931 0.181757  1.67811
0.930814 0.141617 0.221725  1.67447
 0.912674 0.0818053  0.197825   1.64178
0.881609 0.090282 0.126495  1.58756
0.907797 0.139704 0.311687  1.63451
0.909231 0.118235 0.145525  1.63273
0.924059 0.109038 0.185904  1.66374
0.918908 0.114442 0.143693  1.65194
0.887746 0.236232 0.253938  1.60711
0.887979 0.239612 0.247661  1.60688
0.883364 0.232462 0.260577  1.60002
0.879028 0.227584 0.267618  1.59334
 0.87769 0.235677 0.262919  1.59081
0.879946  0.23432 0.264427  1.59619
0.881281 0.247192  0.24933  1.59599
0.876506 0.243859 0.257609  1.58862
0.875312 0.251784 0.251815  1.58632
0.877727 0.250462 0.253795  1.59215
0.884304  0.23854 0.257126  1.60286
0.878869 0.242486 0.259281  1.59426
0.882901 0.245529 0.252349  1.60001
 0.88206 0.240452 0.255147  1.59772
0.894228 0.154638 0.286438  1.62061
0.898235 0.163249 0.287723  1.62782
0.899745 0.154045 0.288354    1.631
0.897648 0.156531  0.28745  1.62625
0.903258 0.166369 0.281977  1.63476
0.908911 0.149078 0.281641  1.64551
0.904807 0.151258 0.285683  1.63825
0.903124 0.153172 0.284933  1.63446
0.903024  0.16096 0.282183  1.63477
0.892069 0.155885 0.287123  1.61592
 0.89006 0.165322  0.28759  1.61263
0.896226 0.165341 0.287112  1.62334
0.892359 0.163886 0.287304  1.61772
0.888074 0.174806 0.286823  1.60928
0.886205 0.184081 0.285024  1.60603
0.892971 0.182246 0.282977  1.61743
0.888718 0.182394  0.28541  1.61175
 0.90069 0.168859 0.280756  1.62893
0.900875 0.173835 0.276396  1.62904
0.890534 0.173197 0.286916  1.61481
0.894953 0.179863 0.284701  1.62194
0.896748 0.171963 0.286581  1.62552
0.894394  0.17428 0.285679  1.62027
 0.93256 0.135294 0.232038  1.67815
0.895024 0.270143 0.215969  1.62189
0.933406 0.144278 0.231744  1.67958
0.936141 0.194104 0.227198   1.6877
0.930155 0.132176 0.241157   1.6749
0.938853  0.18885 0.214607  1.69346
0.931369 0.147679 0.226484  1.67421
0.934258 0.151576 0.226503  1.68239
0.940466 0.183813 0.202701  1.69722
0.933475 0.147822 0.216114  1.68175
0.930987 0.140522   0.1988  1.67935
0.931244 0.148683  0.20132  1.68371
0.935281 0.183044 0.217823   1.6874
0.931398 0.142144 0.195176   1.6804
0.937809 0.157251 0.182808  1.69597
0.940457 0.156054 0.198169   1.6955
0.933243 0.150031 0.215474  1.68278
0.941494 0.159159 0.195309  1.69769
0.937067 0.156318 0.206264  1.69029
0.939706 0.161341 0.180391  1.69869
0.940628 0.162941 0.196752  1.69615
 0.762198  0.120392 -0.438172   1.39288
 0.763479  0.123208 -0.439371   1.39696
0.756193 0.123618 -0.44321  1.38359
0.760202 0.116834  -0.4376  1.38748
 0.756635  0.118837 -0.440708   1.38199
 0.757346   0.11457 -0.437454   1.38051
 0.757889  0.116413 -0.439262   1.38343
 0.757619  0.121447 -0.440787   1.38482
 0.760828  0.119698 -0.439475    1.3906
  0.76966  0.142669 -0.449836   1.41839
 0.752145  0.125818 -0.446826   1.37755
0.748035 0.129408 -0.44904  1.37078
 0.750207  0.123696 -0.445445   1.37197
0.747946 0.125904 -0.44658  1.36821
 0.748142  0.122787 -0.444089   1.36616
 0.748592  0.124086 -0.445823   1.36879
 0.748655   0.12748 -0.447533   1.37081
 0.751019  0.125669 -0.446965   1.37514
 0.764436  0.153068 -0.453804   1.41094
 0.770052  0.130736 -0.441389   1.41312
0.770899 0.135286 -0.43863  1.41419
 0.741296  0.137171 -0.451331    1.3594
  0.74203  0.135783 -0.451572   1.36082
 0.739212  0.135758 -0.450056   1.35364
 0.737517  0.135744 -0.448549    1.3487
 0.738632  0.134137 -0.448062   1.35045
0.738934 0.134999 -0.44851   1.3515
 0.741291  0.132845 -0.449684   1.35729
 0.739737  0.132521 -0.447706   1.35227
 0.740752  0.130891 -0.447297   1.35388
 0.740991  0.131787 -0.447782   1.35482
 0.740193  0.135371 -0.449918   1.35555
 0.739983  0.133357 -0.448134   1.35319
0.741063 0.133888 -0.44993  1.35717
 0.740264  0.134278 -0.449738   1.35538
 0.737934  0.136551 -0.448972   1.34997
 0.739213  0.136827 -0.450407   1.35408
 0.738435   0.13816 -0.451101   1.35319
 0.738214  0.137089 -0.450648    1.3522
 0.739522  0.140279 -0.453766    1.3579
 0.739194  0.138851 -0.452557   1.35611
 0.740175  0.138262 -0.451784   1.35755
0.773858 0.158646 -0.43225  1.42152
0.737501 0.144008 -0.45444  1.35489
0.735469  0.14794 -0.45457  1.35151
 0.735651  0.143284 -0.451924   1.34895
 0.734468  0.145349 -0.451986   1.34689
 0.734025  0.143245 -0.450144    1.3438
 0.734384  0.144021 -0.451646   1.34622
 0.735073   0.14627 -0.453759   1.34979
 0.736539  0.144822 -0.453446   1.35235
 0.780576  0.174779 -0.407961   1.42633
 0.776888    0.1621 -0.416937   1.42075
0.777719 0.166936 -0.41611  1.42289
 0.733867  0.151294 -0.454972   1.34918
  0.73263  0.155596 -0.454371   1.34711
0.731898 0.150816 -0.45221  1.34283
 0.731099  0.153107 -0.451894    1.3414
 0.730246  0.151142 -0.450671   1.33782
 0.730679  0.151685 -0.451726   1.34011
 0.731737  0.153822 -0.453838   1.34449
 0.732915   0.15235 -0.453665    1.3465
 0.789092  0.193533 -0.446099   1.46316
 0.790745  0.195166 -0.448737   1.46771
 0.790275  0.201452 -0.444998   1.46744
 0.789955  0.202782 -0.441006   1.46551
 0.784048  0.194695 -0.451701   1.45608
 0.787775  0.199257 -0.449451   1.46386
  0.73083  0.169143 -0.451328   1.34457
 0.731718  0.174479 -0.448758   1.34598
 0.728543  0.169544 -0.447953   1.33726
 0.728866  0.172344 -0.446631   1.33768
 0.726895  0.171026 -0.446932   1.33281
 0.727529  0.170779 -0.446886    1.3347
 0.729567  0.172502 -0.448914   1.34109
   0.7299  0.170856 -0.449093    1.3415
 0.769126  0.159096 -0.437258   1.41416
 0.730036  0.178637 -0.446811   1.34232
 0.730624  0.176727 -0.446882   1.34312
 0.72793 0.179574 -0.44336  1.33546
 0.725298  0.181785 -0.442646   1.32941
 0.725329  0.178595 -0.443861   1.32946
 0.727028  0.179917 -0.443808   1.33323
 0.727788  0.173678 -0.445869   1.33532
 0.725335  0.175561 -0.444932   1.32942
 0.725419  0.172618 -0.445982   1.32955
0.726971 0.173836 -0.44595    1.333
 0.729123  0.178102 -0.444272   1.33811
 0.726945  0.176856 -0.444922   1.33301
 0.728795  0.175087 -0.445692   1.33764
   0.7277  0.176474 -0.444578   1.33495
 0.736787  0.149877 -0.458002   1.35711
 0.739281  0.147071 -0.457524   1.36142
 0.725704  0.197024 -0.436347   1.33027
 0.725415  0.192873 -0.438228   1.32974
 0.729091  0.193585 -0.436605   1.33724
 0.727788  0.194605 -0.438028   1.33493
 0.725307  0.188977 -0.439845    1.3295
 0.725212  0.185207 -0.441358   1.32928
 0.728417  0.186141 -0.440244   1.33615
 0.727283  0.186801 -0.441248   1.33386
 0.731709   0.19184 -0.440365   1.34513
 0.732167  0.189475 -0.440563   1.34559
 0.727468  0.190612 -0.439711   1.33427
 0.729813  0.187893 -0.439911   1.33929
 0.730534  0.191636 -0.437935   1.34049
  0.72853  0.189638 -0.438482   1.33615
 0.735231   0.16898 -0.456832   1.35753
 0.798045  0.226041 -0.415919   1.47647
 0.787082  0.226355 -0.409986    1.4508
 0.790005   0.23011 -0.409071   1.45745
 0.736635  0.179033 -0.452831   1.36044
  0.73891  0.201079 -0.439616   1.36291
 0.737397  0.196738 -0.440738   1.35931
 0.735898  0.208673 -0.430642   1.35258
 0.736251  0.205646 -0.431037   1.35271
0.732451 0.211327 -0.42611  1.34275
  0.72796  0.216262 -0.426234   1.33421
 0.727287  0.211185 -0.429104   1.33308
 0.730512  0.213227 -0.428605   1.33999
 0.730794  0.201943 -0.431724   1.34002
 0.726626  0.206223 -0.431704   1.33187
 0.726232  0.201471 -0.434136   1.33122
 0.729106  0.203378 -0.433739   1.33739
 0.734217  0.208786 -0.428042    1.3468
 0.729711  0.208286 -0.431301   1.33854
0.732876 0.204082 -0.43106  1.34454
 0.731349  0.206382 -0.429023   1.34075
  0.74803  0.206652 -0.437048   1.38205
 0.741214  0.229747 -0.415699   1.36127
 0.741969  0.225687 -0.416533    1.3621
 0.736813  0.233081 -0.411223   1.34956
0.730761 0.239793 -0.41187  1.33886
0.730092 0.233414 -0.41587  1.33775
 0.734243  0.236046 -0.415118    1.3467
 0.734905  0.221595 -0.419008   1.34661
 0.729475  0.227405 -0.419524   1.33673
0.728767 0.221679   -0.423  1.33557
 0.732515  0.223972 -0.422325   1.34357
 0.739131  0.229992 -0.414023   1.35498
 0.733377  0.229847 -0.418842   1.34512
0.737515 0.224257 -0.41799  1.35226
 0.735603  0.226999 -0.415438   1.34752
 0.816877  0.262744 -0.353532   1.49989
 0.773858  0.244197 -0.393699   1.42176
 0.844965  0.244833 -0.340169   1.54978
 0.799976  0.244485 -0.384511   1.47167
 0.887981   0.23668 -0.270553   1.62036
  0.80607  0.274181 -0.349871   1.48084
 0.799111  0.356905 -0.240529   1.45501
 0.799178    0.3456 -0.249382    1.4532
  0.78913  0.371754 -0.228349   1.43526
 0.77653 0.393052 -0.21839  1.41593
 0.771635     0.383 -0.240462   1.40727
  0.78173  0.388319 -0.234714    1.4298
 0.780395  0.351928 -0.268055   1.42049
 0.767652  0.371991 -0.261609   1.40058
 0.763472    0.3608 -0.281072   1.39352
 0.773305  0.366098 -0.275992   1.41511
 0.793341  0.366593 -0.243149   1.44675
 0.777763  0.377276 -0.256137   1.42292
 0.787258  0.357627 -0.262062   1.43583
  0.78435   0.36211 -0.250154   1.42736
 0.906871  0.225151 -0.232201   1.64983
 0.795384  0.426173 -0.106216   1.44892
 0.788219  0.421129 -0.136493   1.43581
 0.808921  0.403715 -0.125741    1.4693
 0.799961  0.425842 -0.128221   1.46247
 0.783811  0.412893 -0.165831   1.42806
  0.78013  0.402842 -0.192184   1.42135
 0.800426  0.387986 -0.178306   1.45386
 0.791119  0.408669 -0.185108   1.44638
 0.820779  0.384128 -0.141957   1.48976
 0.821382  0.371586 -0.156328   1.48845
 0.795435  0.418156 -0.158033   1.45441
 0.807469  0.394449 -0.169651   1.47049
 0.813545   0.40159 -0.145591   1.48226
 0.803871  0.397536 -0.154965   1.46072
 0.937815  0.191584 -0.153457   1.69744
 0.821071  0.417936 0.0210839   1.49239
   0.814519     0.42361 -0.00892095     1.48097
    0.83417    0.402032 -0.00449272     1.51271
    0.825596      0.42483 -0.000276685      1.50618
  0.808627   0.426629 -0.0403442      1.471
  0.802328   0.427071 -0.0725018     1.4602
  0.824679   0.404965 -0.0629226    1.49633
   0.81445   0.429388 -0.0636263    1.48738
  0.84744  0.383103 -0.022516   1.53439
   0.84946   0.374292 -0.0432031    1.53653
  0.820295   0.428318 -0.0316319    1.49732
  0.832658   0.408077 -0.0520549    1.51483
  0.838068   0.407042 -0.0238444    1.52469
  0.829277   0.405726 -0.0343324    1.50472
  0.955421   0.137634 -0.0252477    1.71619
0.844953 0.377857  0.11776  1.53384
  0.83918   0.38932 0.0985896   1.52369
 0.851925  0.373637 0.0973942    1.5441
0.846263 0.388028 0.104191  1.53984
 0.833353  0.400301 0.0760111   1.51363
0.827246 0.409106  0.05064   1.5026
 0.843999  0.389258 0.0535775   1.52973
 0.836487  0.409411 0.0588184   1.52403
 0.859859  0.368731 0.0800267   1.55765
   0.8605   0.36827 0.0618385   1.55779
0.841629 0.399381 0.082715  1.53251
  0.84963   0.38973 0.0637453   1.54333
 0.854099  0.382056 0.0839775   1.55162
 0.847712  0.383314 0.0760106   1.53694
 0.950237  0.137204 0.0825903   1.70498
0.952762 0.131067 0.106431  1.71233
0.872018 0.332724 0.147779  1.57878
0.872642 0.334157 0.134401  1.57883
0.865288 0.333532 0.161407  1.56719
0.859245 0.334223 0.176835  1.55809
0.856342 0.344124 0.164411   1.5529
0.860743 0.342772 0.167985  1.56318
0.860398 0.351503 0.132906  1.55851
0.853354 0.354593 0.150494  1.54785
0.849603 0.365354 0.135214  1.54138
0.855094 0.363795 0.139422  1.55396
0.867091 0.341286 0.152067  1.57282
0.858278 0.353044 0.154222  1.55918
0.864063  0.35032 0.138958  1.56731
0.862745 0.343334 0.147461   1.5629
 0.93465 0.128356 0.219215  1.68183
0.890593 0.331428 0.122047  1.61681
0.878459 0.299133 0.194406  1.59003
0.878864 0.301805 0.184615   1.5899
0.873072 0.297375 0.205318  1.58109
0.868196 0.295076 0.217367  1.57376
0.866098  0.30448 0.208882  1.57002
0.869328 0.303042 0.211258  1.57758
0.869862  0.31404 0.185411  1.57512
0.863945 0.314301 0.199268  1.56627
0.861601 0.323707 0.188651  1.56197
0.865415 0.322367 0.191851  1.57098
0.874413 0.304718 0.198867  1.58531
0.867513 0.312785 0.201865  1.57459
0.872329 0.312632 0.190064  1.58122
0.871269 0.306694 0.195587  1.57806
0.933628 0.138825 0.224335  1.67939
0.935568 0.128311 0.202407  1.68291
0.927399 0.130124 0.248594  1.67164
0.892959 0.299254 0.177794  1.61852
0.893053 0.205012 0.271624  1.61652
0.892993 0.208726  0.26652  1.61578
0.888949 0.200125 0.277735  1.61025
0.884518 0.193483  0.28268  1.60321
0.882936 0.202072 0.279692  1.60032
0.885199 0.200559 0.280556  1.60558
0.886299 0.215768 0.269581  1.60533
0.881608  0.21063 0.276079  1.59797
0.880278 0.218885 0.271995   1.5955
0.882547 0.217424 0.273231  1.60085
0.889701 0.206626  0.27511  1.61272
0.883883  0.20913 0.277052  1.60327
 0.88792 0.213934 0.271884  1.60919
0.887296 0.208675 0.273921  1.60739
0.920212  0.11338 0.271447  1.66342
0.923644 0.121445 0.259347  1.66777
0.918961 0.119771 0.271666  1.66017
0.914751 0.109963 0.280976   1.6543
0.909113 0.112574 0.293485  1.64694
0.911098 0.118309 0.284631  1.64758
0.911389 0.111432 0.283239  1.64724
0.903222 0.116239 0.295806  1.63713
0.897352 0.118764 0.288789   1.6248
0.902232 0.127337 0.292731  1.63507
0.900812 0.120637 0.292607  1.63113
0.906357 0.133336  0.28997  1.64172
0.910345  0.12969 0.283504  1.64634
0.909138 0.131111 0.282986  1.64359
0.906469 0.116193 0.291879  1.64069
0.905271 0.126921 0.290104  1.63839
 0.90955 0.122098 0.282299  1.64367
0.907241 0.123569 0.292121  1.64317
0.926107 0.145328 0.256417  1.67039
0.915914 0.114094 0.279575  1.65594
0.913451 0.117584 0.279249  1.65038
0.915252 0.124099 0.271805  1.65198
0.913085 0.128745 0.280623  1.65133
0.925161 0.124856 0.256356   1.6679
 0.794301  0.205093 -0.439083   1.47437
 0.794936   0.19912 -0.443821   1.47557
 0.801776  0.201625 -0.437126   1.48717
 0.796547  0.201888 -0.439517   1.47732
 0.794063  0.195937 -0.447399   1.47425
 0.790704  0.189166 -0.442466   1.46418
 0.797778  0.188129 -0.439214   1.47702
 0.793699   0.18994 -0.441196   1.46974
 0.811245  0.196593 -0.433958   1.50387
 0.807532  0.186435 -0.434526   1.49474
 0.827615  0.186003 -0.423333   1.53216
 0.812736  0.188367 -0.430714    1.5038
  0.79607  0.196722 -0.444902   1.47725
0.801313 0.188933 -0.43765  1.48348
 0.803526  0.197734 -0.437603   1.48939
0.800967 0.195184 -0.44265   1.4861
0.739811 0.191094 -0.44659  1.36635
 0.956169 0.0980922 0.0934517   1.71655
  0.95428  0.144261 0.0771393   1.71582
 0.954902  0.124261 0.0656343   1.71465
 0.961032 0.0703758 0.0686991   1.72539
 0.958989  0.104278 0.0564752   1.72315
 0.962996 0.0435334 0.0347466   1.73001
 0.961578 0.0942781 0.0401305   1.72843
 0.956699   0.11999 0.0607801   1.71844
 0.958606  0.108872 0.0840497   1.72314
0.933256 0.137094 0.213558  1.67848
 0.759561  0.154228 -0.453283   1.40149
 0.759307  0.153533 -0.453612   1.40102
 0.759856  0.154456 -0.453788    1.4023
 0.759062   0.15363 -0.454105   1.40076
 0.758976  0.153894 -0.454289   1.40071
 0.759164  0.153498 -0.453905   1.40086
 0.759007  0.153471 -0.453958   1.40055
 0.760575  0.152811 -0.450219   1.40163
 0.761265  0.151862 -0.448275    1.4019
 0.743744  0.138041 -0.455057   1.36732
0.747128 0.135265 -0.45414  1.37332
 0.761253  0.157895 -0.452264   1.40478
 0.762614  0.152238 -0.449572   1.40523
 0.765372  0.151881 -0.455907   1.41371
 0.760433  0.151511 -0.450129   1.40106
 0.758227  0.127135 -0.445442   1.38999
0.762848  0.12687 -0.44381   1.3988
 0.760317  0.152546 -0.452228   1.40205
 0.761009  0.150226 -0.448496   1.40118
 0.767338  0.148968 -0.455628   1.41715
 0.748886  0.135134 -0.453334   1.37646
 0.768069  0.145326 -0.449375   1.41496
 0.759104  0.155157 -0.453945   1.40104
 0.759048  0.155325 -0.454115   1.40103
 0.759433  0.155499 -0.453142   1.40125
 0.758859  0.155148 -0.454319    1.4007
 0.762161  0.157827 -0.452267   1.40655
 0.760357  0.158118 -0.452592   1.40314
 0.758728  0.154396 -0.454395   1.40033
0.760106 0.152871 -0.45232  1.40168
 0.758781  0.153996 -0.454285   1.40032
 0.759941  0.153906 -0.453808   1.40228
 0.759751  0.154158 -0.453833   1.40204
 0.763814  0.149336 -0.459734   1.41197
 0.759527  0.153957 -0.453313   1.40139
0.758263 0.153761 -0.45349  1.39887
  0.75943  0.153795 -0.453267   1.40115
 0.759066   0.15338 -0.453518   1.40047
 0.758703  0.153646 -0.453806    1.3999
 0.759269  0.153516 -0.453705   1.40099
  0.75943   0.15383 -0.453481   1.40127
 0.758868  0.153358 -0.453586   1.40008
0.773983 0.159638 -0.42428  1.41797
 0.733865  0.157305 -0.458138    1.3528
 0.735915  0.154458 -0.457802   1.35622
 0.741031  0.142252 -0.456586   1.36342
 0.742722  0.149685 -0.463561   1.37203
 0.760676  0.151071 -0.450059   1.40149
 0.735599  0.160271 -0.458776   1.35745
 0.763848  0.159213 -0.453405   1.41066
 0.758547  0.154399 -0.454159   1.39984
 0.762479  0.159389 -0.453886   1.40819
0.758598 0.154891 -0.45435  1.40011
 0.758713  0.155251 -0.454354    1.4004
 0.756998  0.160938 -0.448081   1.39486
 0.760166  0.155903 -0.449966   1.40123
 0.759534  0.155073 -0.450196   1.39996
 0.758837   0.15529 -0.451109   1.39905
 0.758397   0.15453 -0.454121   1.39953
 0.759603   0.15526 -0.451374   1.40069
 0.759031  0.155523 -0.454172   1.40101
 0.759326  0.155517 -0.453976   1.40149
 0.759522  0.156213 -0.450207   1.40009
 0.759212  0.155486 -0.454098   1.40134
 0.759007  0.155586 -0.453604   1.40065
 0.948646  0.161323 0.0831063   1.70431
 0.950045  0.158422 0.0865582   1.70752
 0.882202  0.356665 0.0601601   1.60216
0.905745 0.266015 0.192057  1.63775
 0.950541  0.158979 0.0734053   1.70764
 0.954735  0.150852 0.0259881    1.7153
  0.954369   0.146274 0.00105437    1.71369
  0.956241   0.142883 0.00107445    1.71834
  0.956321   0.144486 -0.0155624    1.71923
  0.954126   0.148929 -0.0552746    1.71612
  0.94802  0.169691 0.0351874   1.70021
 0.950723  0.168776 0.0321207   1.70697
  0.955484   0.132863 -0.0571385    1.71771
 0.850452  0.348346 -0.178757   1.55071
    0.95213     0.16025 -0.00982004     1.70949
  0.950134   0.164907 0.00877023    1.70471
  0.94075  0.149607 -0.147152   1.69553
 0.946464  0.163929 -0.130321   1.70921
  0.93049  0.174714 -0.187161   1.68338
 0.828519  0.324174 -0.263279   1.51704
  0.853605   0.362949 -0.0847861    1.54545
 0.845672  0.346284 -0.115191   1.52508
 0.915657  0.193145 -0.226283   1.66146
 0.897909  0.210345 -0.263889   1.63465
 0.798669  0.302292 -0.327008   1.46673
  0.91186  0.250268 -0.177761   1.65371
 0.878964  0.227088 -0.294647   1.60512
 0.779567  0.276425 -0.370662   1.43552
 0.891492  0.267256 -0.222345   1.62199
 0.827895  0.238564 -0.369515   1.52235
 0.839573    0.2435 -0.357833   1.54477
  0.84122  0.275123 -0.313164   1.54109
 0.810041  0.234605 -0.393066   1.49289
 0.820047  0.240693 -0.384584   1.51262
 0.801734  0.230029 -0.415178   1.48489
 0.798325  0.238472 -0.401226   1.47383
 0.806548  0.233008 -0.410459   1.49376
0.928289 0.127426 0.199247   1.6748
 0.907762 0.0729567   0.20764   1.62571
0.926754 0.126938 0.195011  1.66757
0.911081 0.195242 0.286435  1.63993
0.923717 0.202266  0.26112  1.66407
0.897278 0.151662 0.311098  1.61156
0.905655 0.168614 0.303433   1.6292
0.932647  0.14901 0.227053  1.67638
0.917287 0.185555 0.272463  1.65047
0.932668 0.150162 0.229541  1.67688
0.932716 0.148906  0.22949  1.67741
0.933062 0.145232 0.227633  1.67809
0.898083 0.242316   0.2411  1.62685
0.930368 0.149701 0.231217  1.67117
0.933567 0.132937 0.213966   1.6784
0.933009 0.151251  0.23539  1.68002
 0.948603 0.0732465  0.180171   1.70738
  0.94646 0.0752268  0.192516   1.70408
 0.940786 0.0931795  0.198736   1.69221
 0.945264 0.0983172   0.18367   1.70126
 0.944636 0.0859569  0.183473   1.69853
0.929768 0.149816   0.2313  1.67042
0.930284 0.148285 0.226953  1.67171
0.935651 0.119977 0.202748  1.68183
0.904969 0.291234 0.121289  1.63286
0.937505 0.111523 0.211647  1.68744
0.940379 0.173952 0.189572  1.69914
0.937945 0.169801 0.192564  1.69414
0.932479 0.150382 0.198272  1.68569
0.937486 0.178038 0.205886  1.69241
0.933758 0.154076 0.231786   1.6819
0.932613 0.155703 0.228351  1.68123
0.932006 0.187051 0.231463     1.68
0.929662 0.147432 0.230295  1.66942
0.926436 0.189119 0.248671  1.66839
0.927969 0.140562  0.22471  1.66698
0.922728 0.117884 0.197484  1.65624
0.930851 0.140379  0.20391  1.67356
0.922555  0.11245 0.200538  1.66022
0.928942 0.153692 0.222224  1.67588
0.920311 0.101751  0.21189  1.65591
0.911188 0.138282 0.275292  1.63446
0.918564 0.181513 0.259556  1.65412
 0.892363 0.0315323   0.24769   1.59101
0.917468 0.101264 0.190328  1.65025
0.913264 0.153136 0.276682   1.6424
0.907102 0.185027  0.26691  1.63994
0.909681 0.148748  0.27872  1.64438
0.908149 0.161623 0.273661  1.64155
0.902372 0.213561 0.258648  1.63374
0.930053 0.141016 0.246736  1.67607
0.929201 0.149216 0.233376  1.66865
0.903254  0.22992 0.230641  1.63008
0.933065 0.152684 0.235413  1.68083
0.933954 0.181562 0.219283  1.68633
0.936878 0.176576 0.210676   1.6918
0.929115 0.152627 0.248508  1.67479
0.932538 0.149462 0.217612  1.68127
0.930522 0.144231 0.203045   1.6796
0.930106  0.15156 0.206121  1.68154
0.930945 0.177162 0.223075  1.67968
0.931144 0.145988 0.199029  1.68096
0.940969 0.166228 0.204223  1.69454
0.938809 0.157645 0.203541  1.69295
0.931788 0.151964 0.217396  1.68101
0.940554 0.160183 0.204023   1.6944
0.936764  0.16018 0.206838  1.68985
 0.755468  0.130593 -0.448256   1.38638
 0.763598  0.150666 -0.456577   1.41012
 0.762201   0.15044 -0.451021   1.40473
 0.764774  0.139211 -0.452021   1.40865
 0.744084  0.140698 -0.456371   1.36933
 0.765997  0.162162 -0.438522   1.40888
 0.759662  0.151909 -0.452486   1.40068
 0.740928   0.14614 -0.458069    1.3649
 0.769105  0.163951 -0.426348   1.40957
 0.760271  0.162196 -0.444061    1.3998
 0.771311  0.184855 -0.444521   1.42519
 0.746125  0.143201 -0.461463   1.37661
 0.732442  0.165833 -0.456722   1.35095
 0.733822    0.1628 -0.456666   1.35308
 0.745298  0.185151 -0.453722   1.37929
 0.740682  0.167191 -0.462691   1.37099
 0.732689  0.175657 -0.453298   1.35171
 0.733391  0.172361 -0.453554   1.35255
  0.74201  0.175568 -0.459469   1.37366
 0.734487  0.187212 -0.447654    1.3549
 0.734569  0.183415 -0.448231   1.35448
 0.762944  0.221503 -0.416386   1.40405
 0.756047  0.194647 -0.451372   1.40137
 0.786356  0.206328 -0.440968   1.45969
 0.777568  0.199502 -0.450175   1.44456
0.780042 0.205491 -0.44038  1.44612
   0.7458  0.220756 -0.427857    1.3759
  0.74488  0.215029 -0.429202   1.37314
 0.757534  0.206702 -0.434363   1.39829
0.75357  0.2444  -0.407 1.38782
0.753078 0.235874 -0.41026  1.38598
 0.766664  0.250328 -0.401552   1.41463
0.764069 0.271078 -0.37819  1.40396
  0.76241   0.26074 -0.383515   1.39971
  0.79002  0.253038 -0.385584    1.4553
 0.779836  0.299417 -0.337641   1.42887
 0.775188  0.287717 -0.346063   1.41843
 0.803003  0.326768 -0.279433    1.4663
 0.794389  0.314528 -0.291837   1.44722
 0.867593  0.279146 -0.266909   1.58521
 0.857067  0.265734 -0.305232   1.57104
 0.829401  0.352369 -0.192033   1.50731
  0.82454   0.33605 -0.210355   1.49479
  0.939098   0.205227 -0.0977285    1.69359
 0.897719  0.291743 -0.137057   1.62374
   0.95094   0.156323 -0.0562696    1.70877
 0.920858  0.211957 -0.172861    1.6641
 0.871075  0.354801 0.0420417   1.57475
   0.873103    0.356675 -0.00679397     1.58138
0.879007 0.336522 0.113338  1.59067
 0.878618  0.338724 0.0837778   1.58814
0.947011 0.164111 0.100582  1.70102
 0.942811  0.199702 0.0498406   1.69209
 0.948628  0.172959 0.0578485    1.7031
0.886358 0.301887 0.169184   1.6025
0.887648 0.305852 0.146581  1.60343
0.900632 0.273057 0.162169  1.62264
0.889545 0.273231 0.209548  1.60874
0.890485 0.280824  0.19016  1.60937
0.892592 0.246168 0.237875  1.61452
0.892633 0.252876 0.224739  1.61332
0.932158 0.143616 0.221343  1.67598
0.896884 0.217652 0.257937  1.62204
 0.89624  0.22429 0.248163  1.61958
0.903013  0.18793 0.271278  1.63291
0.900909  0.19471 0.264148  1.62741
0.915067 0.146339 0.274987  1.65541
0.930989  0.14485  0.22104  1.67317
 0.778765  0.232923 -0.409075   1.43714
 0.790748  0.211272 -0.432639   1.46554
 0.795393  0.216104 -0.427816   1.47418
 0.796445  0.220664 -0.422019    1.4747
  0.79896  0.224141 -0.418656   1.47932
 0.789032  0.221992 -0.418814   1.45845
 0.794547  0.218731 -0.422683   1.47042
0.768865 0.213194 -0.42816  1.42039
 0.787209  0.191617 -0.448502   1.46006
 0.778156  0.188617 -0.441699   1.43902
 0.785466  0.192892 -0.450623   1.45795
 0.951936 0.0842736  0.122426   1.70788
 0.951682 0.0718044  0.147317   1.70934
 0.949108 0.0543426  0.144253   1.70161
0.946846 0.085951  0.15532  1.69938
 0.950115 0.0887722  0.143172     1.706
0.928734  0.14797   0.2226   1.6688
0.942055 0.114623 0.159947  1.69091
 0.949413  0.147421 0.0930823    1.7045
 0.759608  0.153879 -0.453365   1.40154
 0.759283  0.153464 -0.453356   1.40084
 0.759109   0.15336 -0.453463   1.40051
 0.759842  0.154019 -0.454049   1.40229
 0.760086  0.153684 -0.453957   1.40262
  0.75859  0.153985 -0.453975   1.39979
 0.762446  0.160818 -0.452379   1.40768
 0.759401  0.153522 -0.453532   1.40113
 0.750447  0.138568 -0.458764   1.38313
 0.759584  0.153779 -0.454147   1.40175
 0.761262   0.14961 -0.448868   1.40183
 0.756252  0.135544 -0.455735   1.39294
0.757755 0.154459 -0.45304  1.39772
0.762433 0.149532 -0.45294  1.40602
 0.764242  0.146641 -0.456866   1.41089
 0.757714  0.147824 -0.451804    1.3957
0.760026 0.136003  -0.4554  1.40038
 0.770805  0.137835 -0.441965   1.41589
 0.764138  0.136879 -0.453862   1.40831
 0.760049  0.148842 -0.449329   1.39938
0.759001 0.155424 -0.45428  1.40099
   0.7588  0.155374 -0.454234   1.40054
 0.758831  0.155359 -0.452723   1.39983
 0.758538  0.155053 -0.454254   1.39996
 0.761366  0.159918 -0.454291    1.4062
 0.758038  0.154331 -0.453362   1.39842
 0.758411  0.154108 -0.453955   1.39942
 0.759656  0.153299 -0.454123   1.40173
 0.760527   0.15975 -0.454719   1.40475
 0.758488  0.153742 -0.453815   1.39947
 0.759091  0.152818 -0.454631   1.40073
  0.75865  0.153481 -0.453696   1.39971
 0.758772  0.153354 -0.453561   1.39987
 0.758871  0.153436 -0.453655   1.40014
 0.759384   0.15361 -0.453354   1.40107
 0.758199  0.153662 -0.453546   1.39874
 0.759425  0.153612 -0.453429   1.40114
 0.759053  0.153339 -0.453494   1.40039
 0.765403  0.162754 -0.432985   1.40507
 0.741231  0.159704 -0.464091   1.37135
0.748195 0.151387 -0.47066  1.38671
 0.763384    0.1615 -0.442854   1.40554
 0.762094  0.161003 -0.449837   1.40599
 0.759797  0.150307 -0.450401   1.39968
 0.761215  0.160589 -0.453866   1.40589
  0.75816  0.154498 -0.453453   1.39872
 0.758362  0.155003 -0.453603   1.39927
 0.759976  0.161491 -0.450631    1.4021
 0.759802  0.157951 -0.452707   1.40212
 0.759144  0.156046 -0.450732   1.39959
 0.758514  0.155253 -0.453374    1.3995
  0.75971  0.160784 -0.454414    1.4031
 0.759095   0.15544 -0.450364   1.39921
0.758986 0.155484 -0.45214  1.39987
0.758937 0.155516 -0.45385  1.40063
 0.758344  0.155812 -0.451481   1.39832
 0.758716  0.155455 -0.453942   1.40021
  0.75851  0.155425 -0.452845   1.39925
  0.94744  0.173332 0.0801909   1.70158
 0.900527  0.313894 0.0806002   1.62727
0.897955 0.323039 0.027556  1.62211
0.896563 0.294794 0.110617   1.6136
   0.95256   0.165142 0.00378114    1.71129
 0.890906  0.311108 0.0496231   1.60202
  0.953239   0.167284 -0.0262997    1.71434
  0.948147   0.189551 -0.0144344    1.70429
  0.948531   0.191145 -0.0507049    1.70886
 0.944472  0.197594 0.0143028   1.69563
  0.945539   0.177968 -0.0968264    1.70408
 0.935149  0.189819 -0.132602   1.68604
 0.881586  0.334711 -0.140135   1.60578
  0.928947   0.245346 -0.0886653    1.67643
 0.868973  0.316686 -0.205775   1.58372
  0.938556   0.219215 -0.0508514    1.68937
 0.902776  0.232146 -0.215341   1.63674
 0.880988  0.249972 -0.259516    1.6039
 0.834665   0.30767 -0.261309    1.5201
0.885632 0.273521 -0.20089  1.60392
 0.805271   0.28743 -0.318617   1.46962
 0.852244  0.297361 -0.251395   1.55281
 0.823241  0.243055 -0.372012   1.51452
 0.804733  0.240453 -0.394814   1.48507
 0.828125  0.291878 -0.305199   1.51702
 0.835359  0.263693 -0.343873   1.53744
0.921187 0.114224 0.203876  1.65366
 0.91062 0.087813 0.234639  1.62854
0.916476 0.140681 0.268558  1.64689
0.926311 0.137335 0.231731  1.66473
0.928136 0.146146 0.233863  1.66677
0.925233 0.186553  0.24325  1.66841
0.930831 0.154723 0.241259  1.67699
0.920108 0.136182 0.245824  1.65207
0.920895 0.175795 0.250272  1.65955
  0.9308 0.149802 0.229914   1.6728
0.909408 0.223871 0.241036  1.64535
0.927319 0.149763 0.234518  1.66436
0.931858 0.139105 0.212516    1.675
0.929639 0.171862  0.23219  1.67462
0.906456 0.246405 0.219599  1.63954
0.928382 0.150992 0.232088  1.66735
0.933649 0.131092 0.201163  1.67819
0.937005 0.120701 0.186161  1.68359
0.939884 0.120712 0.180683  1.68963
0.930023 0.147781 0.221226  1.67165
0.939013 0.169252 0.203591  1.69623
0.937193 0.168064 0.206864  1.69031
0.935084 0.158807 0.209578  1.68737
0.934771 0.174101 0.214002  1.68608
0.932287 0.156844 0.235553  1.67985
0.929183 0.172543 0.231313  1.67428
0.926449 0.178201 0.234846    1.671
0.925515 0.146794  0.23568  1.66096
0.923134 0.139933 0.235238  1.65714
0.927893 0.149926 0.229138  1.66673
 0.92422 0.151199 0.238732  1.65829
  0.9151 0.167356 0.267765  1.64736
0.925612 0.148757  0.23777  1.66094
0.911989 0.162487 0.274045   1.6387
0.917859 0.102298 0.220712  1.64626
0.919885 0.166074 0.249922   1.6566
 0.91587 0.109549 0.208681  1.63944
0.916028 0.140487 0.254927  1.64382
 0.91839 0.143754 0.261196  1.65594
0.910222 0.168063 0.273912  1.64589
0.923331 0.141186 0.258925  1.66666
0.918096 0.158083 0.264164  1.65728
0.928033 0.147857 0.246809  1.67232
0.929153 0.150059 0.227389  1.66951
0.931168 0.155657 0.239871  1.67793
0.931474 0.176281  0.22764   1.6803
0.931716  0.15505  0.23109  1.67943
0.935368 0.173245 0.221506  1.68674
0.930909 0.151369 0.219919  1.67914
0.929411 0.147378 0.207559   1.6782
0.937628 0.167639 0.216836  1.68827
0.930055 0.161499 0.239867  1.67642
0.930149 0.149004 0.203695  1.67978
0.931329 0.153663 0.202267  1.68366
0.939731 0.164546 0.211251  1.69163
0.929175  0.15456 0.211134  1.67891
0.938403 0.169234 0.212333  1.69008
0.936863 0.167561 0.217896  1.68611
 0.754228  0.138337 -0.456961   1.38992
 0.760299  0.148277 -0.456221   1.40303
 0.760162  0.143959 -0.460521   1.40406
   0.7497  0.142426 -0.460376   1.38323
 0.759204   0.16081 -0.452693   1.40145
 0.746298  0.148024 -0.463369   1.37896
 0.759727  0.149883 -0.450579   1.39961
 0.743247  0.153239 -0.464161   1.37419
 0.739684  0.155443 -0.463673   1.36704
 0.761432  0.185786 -0.462752   1.41527
 0.73782 0.162582 -0.46278  1.36418
 0.749475  0.186191 -0.460415   1.39077
 0.746657  0.160443 -0.472424   1.38635
 0.737657  0.170816 -0.460268   1.36412
 0.747768  0.174035 -0.469816   1.38988
 0.739264   0.18014 -0.455306    1.3666
 0.751068  0.181785 -0.465554   1.39582
 0.742709  0.190937 -0.447567   1.37173
 0.750561  0.196774 -0.445291   1.38811
 0.751109  0.203957 -0.436972   1.38618
 0.786283  0.265303 -0.360979    1.4395
 0.815825  0.255186 -0.373545   1.50458
  0.86338  0.317407 -0.168399    1.5625
 0.909504  0.253585 -0.160687   1.64491
   0.88459   0.332062 -0.0862317    1.60243
 0.923982  0.232461 -0.122684   1.66596
  0.897859   0.313668 -0.0843121    1.62531
  0.889925   0.320154 -0.0195431    1.60372
 0.914232   0.29543 0.0516348   1.64983
 0.945775  0.199931 0.0448729   1.69964
0.941273 0.138302   0.1512  1.68947
 0.925824  0.268485 0.0442044   1.66821
0.936378 0.175306 0.161186  1.68275
0.907303  0.27623  0.15402   1.6375
0.918079 0.240664  0.19294   1.6574
0.916452 0.248275 0.170177  1.65144
0.921913 0.263857 0.107683  1.66065
 0.90095 0.251915 0.203296   1.6247
0.930951 0.144123 0.212541  1.67396
0.940949 0.189744 0.132198  1.69227
0.914683 0.165255 0.260703  1.64946
0.920108 0.186612 0.249688  1.66077
0.907468 0.205795 0.250321  1.63864
 0.91191 0.184064 0.261434  1.64724
0.787936 0.211719 -0.43395  1.46069
 0.775523  0.208298 -0.429061   1.43146
 0.780357  0.216916 -0.426398   1.44262
 0.765805  0.197156 -0.447853   1.42037
0.768834 0.193783 -0.45723  1.42906
 0.771304  0.180311 -0.447596   1.42681
0.947274 0.116049 0.126294  1.69955
0.946323 0.111379 0.158421  1.70078
0.932632 0.140334 0.201244  1.67738
0.948782 0.118897 0.121329  1.70236
0.929622 0.147897 0.204174  1.67216
   0.9451  0.165426 0.0908077   1.69518
0.928245 0.249057 0.103542  1.67116
 0.759578  0.153617 -0.454522   1.40188
  0.75847   0.15344 -0.453613   1.39928
  0.75968  0.153051 -0.454407   1.40188
 0.758155  0.154124 -0.453447   1.39867
 0.759683  0.151565 -0.452479   1.40072
 0.754885  0.151409 -0.469085   1.39895
 0.754943  0.146129 -0.466698   1.39738
0.758892 0.157778 -0.45304  1.40037
 0.758618  0.150871 -0.452763   1.39858
 0.759818  0.148266 -0.450179   1.39928
 0.760801  0.149127 -0.453541   1.40285
 0.761333  0.148975 -0.460624   1.40721
 0.760454  0.147856 -0.464337   1.40716
 0.764275  0.144884 -0.459011   1.41199
 0.759817  0.142225 -0.462817   1.40466
 0.758677  0.149538 -0.450976   1.39756
 0.758099  0.154636 -0.453381   1.39857
 0.758649  0.157495 -0.453135   1.39996
  0.75937  0.159638 -0.455136   1.40255
 0.757891  0.159969 -0.455916   1.40001
  0.75804  0.153969 -0.453446   1.39841
 0.759178  0.153498 -0.454671    1.4011
 0.759022   0.15329 -0.453937   1.40048
 0.759142  0.160329 -0.455472   1.40244
 0.756329  0.158593 -0.456181    1.3969
  0.75848  0.153495 -0.453547    1.3993
0.758802 0.153332 -0.45357   1.3999
 0.757686  0.154107 -0.453811   1.39787
 0.746124  0.166705 -0.471923   1.38623
  0.76059  0.163338 -0.434881   1.39604
 0.743821   0.16265 -0.471727   1.38056
 0.759256  0.161139 -0.447232   1.39916
 0.758853  0.151134 -0.452801   1.39907
 0.752265  0.151786 -0.470288    1.3943
 0.757814  0.154686 -0.452674   1.39766
 0.756112  0.159833 -0.443645   1.39071
 0.757352  0.150579 -0.452943   1.39608
 0.758976   0.15929 -0.455381   1.40191
 0.758043  0.154861 -0.452528   1.39809
 0.757526  0.155045 -0.452945   1.39728
 0.758496  0.156067 -0.450974   1.39838
 0.758295  0.155188 -0.453453   1.39908
 0.757878  0.156784 -0.453336   1.39841
 0.758394  0.155414 -0.451279   1.39825
0.942676 0.199936 0.103077  1.69509
 0.944176  0.202043 0.0726736   1.69705
  0.941325   0.226316 -0.0114998     1.6949
 0.910874  0.285254 0.0686585   1.63948
   0.946447    0.205002 -0.00814698     1.70316
  0.936111   0.226434 -0.0501735    1.68451
  0.945346   0.201055 -0.0503203     1.7022
 0.936408  0.207712 -0.089012   1.68548
  0.927737   0.244388 -0.0753676     1.6713
  0.935741   0.229597 -0.0160374    1.68233
 0.911086  0.291409 -0.125114   1.65335
 0.925835  0.267017 -0.047392   1.67009
 0.916808  0.268885 -0.123486   1.65979
0.896389 0.293547 -0.16645  1.62733
0.923233 0.144971 0.240865  1.65702
0.916969 0.158197 0.257046  1.64981
0.927065 0.176933 0.235484  1.67211
0.915102 0.151974 0.257979  1.64369
0.927063 0.150404   0.2346  1.66444
0.928482 0.161194 0.243657  1.67351
0.927797 0.151241 0.222871  1.66745
 0.92988 0.153983 0.219968  1.67801
0.929518 0.144468 0.214025  1.67078
0.925708 0.151918 0.231878  1.66239
0.917514 0.224764 0.218712  1.65687
0.926008 0.152877 0.235327   1.6624
0.933212 0.136812 0.191734  1.67766
0.919692 0.176744 0.251406  1.65821
0.914065 0.228351 0.205478   1.6471
0.927193 0.148675 0.216686  1.66679
0.933318 0.171546  0.22434  1.68108
0.927862 0.150419  0.21221  1.67541
0.930706 0.158482 0.231085  1.67819
0.927886 0.167948 0.235468  1.67002
0.924453 0.170958 0.240111  1.66572
0.921161 0.148686 0.242349  1.65317
0.922196 0.173861 0.244945  1.66196
 0.91763  0.16491 0.253993  1.65119
0.919429 0.146525   0.2478  1.65055
0.927866  0.15614 0.222373  1.67429
0.916725 0.149856 0.257272  1.64755
0.924607 0.151986 0.238162  1.65943
0.923076 0.157883 0.254631  1.66482
0.923004 0.173251 0.253452  1.66584
0.927331 0.162129   0.2481  1.67207
0.926945 0.152483 0.229582  1.66509
0.926366 0.152742  0.21683  1.66597
 0.92963 0.158381 0.233435  1.67582
0.932605 0.170912 0.225404  1.68022
 0.92545 0.169438 0.244598  1.66822
0.932325 0.164447 0.219971  1.67998
0.925963 0.151266 0.212241  1.66594
0.928815 0.151883 0.208379  1.67746
0.933934 0.166546   0.2181  1.68337
0.928175 0.156022 0.212051  1.67642
0.930186 0.156335   0.2078  1.68081
 0.755721  0.142527 -0.464089   1.39691
 0.757286  0.148305 -0.459484   1.39849
 0.751433  0.146317 -0.468223   1.39105
  0.75121  0.150431 -0.470005   1.39235
 0.758489   0.14819 -0.450674   1.39675
  0.74856  0.155019 -0.471763   1.38879
 0.745479  0.156646 -0.471793    1.3828
 0.756155  0.171738 -0.453686   1.39722
0.743681 0.169571 -0.47031  1.38083
 0.757344  0.149466 -0.451675    1.3952
 0.745737  0.177763 -0.466964   1.38476
 0.756368  0.161355 -0.440606   1.38989
 0.762405  0.177294 -0.450953   1.40929
 0.757167  0.169052 -0.454309   1.39951
 0.760639  0.189492 -0.460216   1.41262
 0.754447  0.169056 -0.456452   1.39492
  0.911018   0.293947 -0.0865958     1.6481
  0.901995   0.315325 -0.0325572     1.6301
  0.917255   0.289158 -0.0827466    1.66041
 0.909009  0.291845 0.0182435   1.63574
 0.926348   0.26546 0.0794882   1.66998
  0.92966  0.271638 0.0340893    1.6782
 0.918163  0.285555 0.0850708   1.65789
0.916944 0.274088 0.111125  1.65352
0.939828  0.14003 0.164213  1.68916
0.914875 0.257056 0.139729  1.64573
0.912328 0.245682 0.175499  1.64195
 0.93685 0.135279 0.176438  1.68328
0.915273 0.210958 0.227861  1.65028
0.926644 0.244774 0.128927  1.66848
0.911872  0.20053 0.257158  1.64935
0.916466 0.180907 0.260254  1.65635
0.928493 0.149151 0.214199  1.66952
0.932455 0.148995 0.187707  1.67658
 0.761889  0.174846 -0.451484   1.40864
 0.754557  0.180825 -0.465425   1.40141
 0.769605  0.197414 -0.453131   1.42893
 0.756378  0.190233 -0.458177   1.40473
0.935558 0.137769 0.186326  1.68244
0.944679  0.14958 0.128884   1.6967
0.943445  0.15114 0.118967  1.69184
0.927023 0.152624 0.205764  1.66842
 0.940299  0.198705 0.0804629   1.68716
0.933477   0.2383 0.102046  1.68036
 0.92311 0.233744 0.161761  1.66162
0.930949 0.165821 0.188918  1.67392
 0.759161  0.153377 -0.453621   1.40065
 0.758861  0.153306 -0.454004   1.40018
 0.759071  0.153353 -0.455147   1.40109
 0.757988  0.153746 -0.454102   1.39854
0.758385  0.15352 -0.45409  1.39933
0.758965 0.152593 -0.45498  1.40062
  0.75754  0.160571 -0.453296   1.39827
 0.758028   0.15378 -0.453871   1.39856
 0.758327  0.152562 -0.455213   1.39941
  0.75826  0.149234 -0.451346   1.39689
 0.758187  0.148607 -0.465157   1.40306
0.748239 0.160594  -0.4715  1.38839
 0.752229  0.154723 -0.471147   1.39529
 0.758628   0.14887 -0.456857   1.40001
 0.757754  0.154804 -0.452854   1.39767
0.757885 0.158341  -0.4558  1.39978
 0.757614  0.154498 -0.453333   1.39757
 0.757989  0.158806 -0.455729   1.39995
 0.757787  0.154109 -0.453484   1.39795
 0.758632  0.153445 -0.455291   1.40026
 0.758411   0.15335 -0.454165   1.39934
 0.757382  0.154785 -0.453911   1.39741
 0.758417  0.153363 -0.454982   1.39971
 0.757987  0.152474 -0.455419   1.39883
 0.750689  0.158716 -0.471948   1.39335
 0.749915  0.163761 -0.471596   1.39254
 0.747973  0.166039 -0.470569   1.38835
 0.756749   0.15989 -0.450406   1.39536
 0.757355  0.159855 -0.454772   1.39853
 0.752351  0.156777 -0.447769   1.38447
 0.752488  0.154724 -0.461966   1.39133
 0.757757  0.159456 -0.456566   1.40004
 0.757549  0.155525 -0.452653   1.39724
 0.75651 0.150675 -0.45324   1.3945
 0.757859  0.157027 -0.453433   1.39839
 0.757791  0.155252 -0.452184   1.39747
 0.757936  0.155068 -0.452078   1.39766
 0.758307  0.155196 -0.451937   1.39838
 0.757372  0.156113 -0.453788   1.39748
 0.757787  0.155657 -0.451688   1.39725
  0.93636  0.236274 0.0749309   1.68516
 0.938968  0.241959 0.0647129   1.69263
 0.935947  0.237497 0.0244022   1.68337
 0.941785  0.225983 0.0235812   1.69524
  0.911204   0.291437 -0.0358177    1.64278
  0.925081   0.265713 0.00102842    1.66568
0.918786 0.143908 0.247804  1.64956
0.918268 0.150791 0.248204  1.64861
0.922131 0.150088 0.242109  1.65424
0.921223 0.160791 0.247159  1.65647
  0.9243 0.165546  0.24212  1.66299
0.919168 0.157808 0.248205  1.65189
0.927332  0.16306 0.234167  1.67152
0.919577 0.154852 0.249141  1.65223
0.924347 0.155832  0.23857  1.65957
0.926572 0.150817 0.225033  1.66484
0.928151 0.146858 0.208107  1.66924
0.924875 0.159435 0.222411  1.66764
0.929768 0.146625 0.198871  1.67241
0.925279 0.155112 0.232129  1.66209
0.925128 0.156137 0.210992  1.66581
0.925964 0.154224 0.225221  1.66431
0.932976 0.159817  0.21406  1.68359
0.934612 0.162329 0.210637  1.68635
0.930958 0.167586 0.228204  1.67608
0.926249 0.152531 0.215464  1.67187
0.926897 0.156559 0.223502  1.67191
0.924856 0.155316 0.219386  1.66378
0.925836 0.170159 0.238663  1.66718
0.922154 0.155166 0.242775  1.65553
 0.92795 0.167288 0.233523  1.67043
0.922027 0.165212 0.244507  1.65895
0.921007 0.154852 0.243572  1.65334
0.926496 0.164046 0.236004  1.66695
 0.92146 0.190321  0.23132  1.65988
0.917159 0.192257 0.242937  1.65337
0.922674 0.180242 0.239698  1.66264
  0.9274 0.168236 0.243207  1.67227
0.928531 0.162145 0.233314  1.67439
0.930195 0.166742 0.227456   1.6759
0.929678 0.161125 0.222683  1.67589
0.925226 0.168639 0.232107   1.6673
0.926953 0.153136 0.213164  1.67351
0.927654 0.159771  0.21843  1.67374
0.927133 0.154459 0.215081   1.6741
0.931392 0.163865 0.220671  1.67965
 0.755763  0.148135 -0.467797   1.39943
 0.755729  0.148632 -0.453149   1.39245
 0.757725  0.150767 -0.453094   1.39688
 0.756802  0.149348 -0.451973   1.39425
0.749787 0.155779 -0.47152  1.39066
 0.754113  0.158252 -0.447155   1.38812
 0.754486  0.166684 -0.457931   1.39557
  0.75584  0.150738 -0.452602    1.3929
 0.751739   0.16453 -0.458953   1.38993
 0.752217  0.157859 -0.461179   1.39102
 0.750881  0.169319 -0.470127   1.39476
0.749791 0.172323 -0.46806  1.39183
  0.915743   0.295615 0.00469571      1.653
  0.932188   0.273004 -0.0194113    1.68562
0.922271 0.254439 0.133344  1.66161
0.935826 0.227239 0.125722   1.6855
0.922655  0.22527 0.184412  1.66219
0.935644 0.154665 0.174805  1.68139
0.926365 0.166526 0.233647  1.67036
0.917424 0.208312 0.232587  1.65501
0.923723 0.204417 0.219247  1.66586
0.918795 0.197113 0.241427  1.65791
0.925881 0.218533 0.180283  1.66691
0.922533 0.208906 0.204423  1.66099
0.931579 0.148754 0.192218  1.67575
0.933649 0.214319 0.163279  1.68229
0.928835 0.157563 0.199467  1.67142
0.934798 0.152501 0.177399  1.68086
 0.937854  0.238101 0.0963485   1.69075
 0.929699  0.259598 0.0786449   1.67565
0.938967 0.190813 0.116076  1.68536
0.932866 0.231977 0.125142  1.67961
 0.758425  0.153375 -0.456102    1.4002
 0.757396  0.154257 -0.455215   1.39788
 0.757211  0.154943 -0.454553   1.39735
 0.757942  0.153927 -0.455198   1.39896
  0.75421  0.152036 -0.461545   1.39406
  0.75784  0.153529 -0.455101    1.3986
 0.756873  0.148666 -0.452167    1.3943
 0.757085  0.155285 -0.455974   1.39779
 0.754508  0.150242 -0.461193   1.39405
  0.75691  0.152641 -0.455868   1.39692
 0.757325  0.155362 -0.453627   1.39723
 0.757008  0.158413 -0.457169   1.39865
 0.757533    0.1537 -0.456575   1.39865
 0.757131  0.157851 -0.456032   1.39824
0.752549 0.152583 -0.45368  1.38698
  0.75749  0.154366 -0.454744   1.39794
 0.757936  0.153651 -0.456263   1.39932
0.757239 0.154426 -0.45647  1.39816
  0.75265  0.174921 -0.467474   1.39789
 0.755796  0.178706 -0.463982   1.40311
  0.75038  0.160159 -0.460172   1.38705
 0.754249    0.1597 -0.444472   1.38722
 0.755173  0.159309 -0.450972   1.39227
 0.755332  0.158381 -0.452802   1.39336
 0.756144  0.159238 -0.455201   1.39612
 0.756043  0.157084 -0.457118   1.39649
 0.756819  0.158815 -0.456893   1.39814
 0.757219   0.15658 -0.454592   1.39761
 0.755552  0.157705 -0.456467   1.39526
 0.757285  0.157098 -0.456499    1.3987
  0.920236   0.287828 -0.0450559    1.66343
  0.930444    0.25638 -0.0485868    1.67862
0.923401 0.155063 0.240505  1.65767
0.924317 0.161718 0.240894  1.66168
0.922763 0.160699 0.242257  1.65812
0.924347 0.154449 0.234155  1.66002
0.925244 0.165035 0.238531  1.66413
0.924998 0.153524 0.227457  1.66226
0.925117 0.156638 0.221023  1.66809
0.925321 0.151942  0.21939  1.66383
 0.92214 0.198629  0.22312  1.66157
0.924249 0.156025 0.229382  1.66152
0.927095 0.152617 0.208386  1.66807
0.925648 0.185518 0.215599  1.66736
 0.92846 0.163918 0.229783  1.67198
0.925308 0.154018 0.216089  1.66977
0.923751 0.157074 0.235736  1.65939
0.926329 0.157621 0.219943  1.67102
 0.92247 0.158201 0.243484  1.65702
0.923657 0.156135 0.218637  1.66531
0.923508 0.158662 0.240533  1.65869
0.924673 0.160979 0.235268  1.66214
0.924873 0.176751  0.24352  1.66817
0.924488 0.154289  0.21575  1.66403
0.924144 0.154481 0.221528  1.66234
0.924016 0.176447 0.226932   1.6644
0.925717 0.157767  0.22347  1.66997
0.926166 0.160307 0.227489  1.66813
0.924411 0.154297 0.216687  1.66762
0.927372 0.163279 0.225482  1.67093
 0.755634  0.149831 -0.453322   1.39264
 0.756386  0.150046 -0.460072    1.3973
  0.75215  0.152858 -0.461947   1.39015
 0.753138  0.155653 -0.449814   1.38696
 0.754014  0.151681 -0.453596   1.38984
 0.750751  0.156021 -0.461793   1.38785
0.752421 0.162396 -0.45949  1.39144
 0.752285  0.155741 -0.452699   1.38654
0.927877 0.236701 0.156573    1.673
0.931378 0.214056 0.144224  1.67391
 0.92574 0.207809 0.201593  1.66804
0.932729 0.171297 0.176194  1.67689
0.923408 0.186134 0.237863  1.66528
 0.92578 0.174162 0.205504  1.66579
0.927276 0.165005 0.200163  1.66891
0.923153 0.195648  0.22842  1.66447
 0.92829 0.155071 0.199376  1.67047
0.927664 0.189384 0.202789  1.67037
0.930277 0.161793 0.188611   1.6734
0.927282 0.193408 0.188759  1.66744
0.938103 0.162476 0.151868  1.68498
 0.93146 0.205328 0.173855  1.67672
0.931453 0.174521 0.176088  1.67312
  0.9375 0.176897 0.146511  1.68318
 0.757296  0.152711 -0.455651   1.39756
 0.754822  0.156593 -0.454495   1.39279
 0.754032  0.150531 -0.453549   1.38955
  0.75678  0.154199 -0.457339   1.39758
 0.756404   0.15299 -0.456019   1.39601
0.755748 0.150039 -0.45227  1.39234
 0.757185  0.155846 -0.454993   1.39764
 0.756888  0.155987 -0.455716   1.39736
 0.756844  0.155101 -0.456366    1.3974
 0.756811   0.15703 -0.457051   1.39796
 0.757099  0.154161 -0.456697    1.3979
 0.756196  0.155799 -0.457395   1.39673
 0.754187  0.157392 -0.453225   1.39101
 0.754292  0.151496 -0.452293   1.38973
 0.756501  0.157415 -0.457462   1.39756
 0.752281  0.154521 -0.450308   1.38523
 0.756788   0.15642 -0.457361   1.39798
 0.754973  0.154282 -0.455321   1.39304
0.924495 0.157564 0.234123  1.66106
0.923828 0.156584 0.222388  1.66258
0.924584 0.158757 0.229845  1.66315
0.924855 0.156783 0.227476  1.66281
0.925237  0.15567 0.212467  1.66536
0.923821 0.156566 0.217995  1.66536
0.925279 0.173697 0.230681  1.66812
0.923883  0.15628 0.218537  1.66387
0.924385 0.156344 0.218164  1.66703
0.926472 0.157827 0.220112  1.67091
0.926174 0.163506 0.231511  1.66683
0.925136 0.160724  0.22923  1.66501
0.925236 0.160956 0.233302  1.66467
0.924604  0.16089 0.235454  1.66212
0.923838 0.160859 0.215594  1.66487
0.923987 0.183869 0.217665  1.66334
0.924281 0.164476 0.220799  1.66539
 0.92457   0.1604 0.222499  1.66717
 0.753851  0.153167 -0.451636   1.38884
 0.755746  0.153191 -0.455722    1.3946
0.926471 0.161587 0.208742  1.66835
 0.93446  0.17821 0.162511  1.67846
0.928401 0.175824  0.19023  1.66942
0.925517 0.188982 0.205248  1.66531
0.924058 0.158178 0.215089  1.66468
0.926021 0.158198 0.206176  1.66719
0.927565 0.170724 0.204471  1.66952
0.923993 0.167655 0.216216  1.66468
0.930675 0.202321 0.174588  1.67491
0.930901 0.195498 0.185265  1.67593
 0.755036  0.155062 -0.455323   1.39333
 0.756756  0.155214 -0.457409   1.39772
 0.756363   0.15581 -0.457302   1.39695
 0.755226  0.151127 -0.452778   1.39179
 0.754327   0.15269 -0.452378   1.39009
 0.754326  0.155648 -0.454681   1.39168
 0.755653  0.156264 -0.457228   1.39558
 0.755586  0.153896 -0.455755   1.39442
0.924769  0.15911 0.229085  1.66359
 0.92414  0.15754 0.215827  1.66412
0.924328 0.158223 0.221249  1.66511
0.924099 0.157155 0.221304  1.66321
0.924477 0.169713 0.216111  1.66439
0.923935 0.157776 0.218241  1.66438
0.923827 0.163132  0.22062  1.66541
0.923787 0.158631    0.218  1.66491
 0.92489  0.18078 0.224724  1.66685
0.925724 0.165604 0.209221  1.66715
0.925776 0.159901 0.224298   1.6681
0.924783 0.158109 0.225458   1.6657
0.923968 0.157679 0.221822  1.66429
0.923385 0.157693 0.217609  1.66443
 0.753616  0.153648 -0.451739    1.3885
 0.753275  0.154212 -0.453432   1.38876
0.924489 0.160213 0.211484  1.66524
0.924271 0.164163 0.220238  1.66563
 0.92501 0.163212 0.214445  1.66637
 0.92562 0.171045 0.214514   1.6672
 0.75652 0.154787 -0.45734  1.39714
 0.756014  0.155009 -0.457449   1.39622
