0.877815 0.331733 0.152278  1.59236
0.882445 0.315895 0.173937  1.60112
0.869831 0.332648 0.165999  1.57803
0.873359 0.322671 0.176613   1.5846
0.865018 0.332984 0.180006  1.57151
0.868978 0.325235 0.173128   1.5748
0.876926 0.319635 0.172261  1.58952
0.876209 0.322811 0.161195  1.58704
 0.759327   0.15516 -0.453347   1.40119
 0.759433   0.15507 -0.453349   1.40139
  0.79207  0.131581 -0.400707   1.43958
 0.786442  0.132321 -0.407666   1.43099
 0.789573  0.135155 -0.407067   1.43803
 0.787428  0.118458 -0.407399   1.43059
0.782779 0.123335 -0.41534  1.42546
 0.786155  0.122901 -0.412867   1.43146
  0.79885  0.120683 -0.387484   1.44624
 0.794464  0.112716 -0.394277   1.43856
 0.806758  0.101627 -0.368801   1.45285
 0.799894  0.115674 -0.391657   1.44977
 0.787876   0.12722 -0.411446    1.4352
 0.79134 0.119943 -0.40559  1.43848
 0.794791  0.127994 -0.402219   1.44574
 0.791662  0.123441 -0.403139   1.43856
  0.958961   0.113466 -0.0495726     1.7249
   0.9589  0.115004 -0.043621   1.72465
  0.958085    0.11783 -0.0467172    1.72287
 0.958448   0.11367 -0.045062    1.7234
  0.958859   0.116376 -0.0377871    1.72448
  0.958775   0.117489 -0.0322814    1.72424
  0.958047   0.120389 -0.0353648    1.72255
 0.958373  0.115898 -0.034217   1.72306
  0.956962    0.12717 -0.0438155    1.72064
   0.95743   0.126684 -0.0380761    1.72141
  0.958416   0.114683 -0.0397191    1.72322
  0.957838   0.118319 -0.0376396    1.72183
  0.957934   0.118085 -0.0418975    1.72224
   0.95815   0.118714 -0.0409003    1.72287
0.924398 0.151535 0.234472   1.6602
 0.761248  0.153712 -0.450364   1.40319
0.759376 0.154393  -0.4536  1.40126
   0.7598  0.155318 -0.453546   1.40215
 0.760087   0.15534 -0.453693   1.40273
 0.760336  0.155178 -0.453705    1.4032
 0.760728  0.154605 -0.452482   1.40329
 0.764316  0.156199 -0.452763   1.41084
 0.762642  0.153728 -0.449392   1.40546
  0.76206  0.152872 -0.448421   1.40375
  0.76349  0.153189 -0.449726   1.40727
 0.766199  0.154377 -0.453492   1.41459
 0.768523  0.151228 -0.449201   1.41685
 0.781124  0.139177 -0.419938     1.427
 0.776912  0.140307 -0.428444    1.4225
 0.779611   0.14285 -0.428076   1.42859
  0.75938   0.15534 -0.453317   1.40133
 0.759395   0.15537 -0.453283   1.40133
 0.760047  0.155383 -0.453056   1.40233
 0.759267  0.155512 -0.453547   1.40123
 0.759242  0.155476 -0.453774   1.40128
0.759234 0.155306 -0.45396  1.40132
 0.759113  0.155212 -0.454013   1.40106
 0.760771  0.153983 -0.450794   1.40244
 0.759105  0.154897 -0.454071   1.40101
 0.760376  0.154815 -0.452718   1.40271
 0.759428  0.154861 -0.453328   1.40133
 0.759311  0.154259 -0.453733   1.40117
 0.759388  0.154827 -0.453454    1.4013
 0.800557  0.221548 -0.417101   1.48013
0.799313 0.216945 -0.42104  1.47845
 0.804144  0.217252 -0.418802   1.48646
 0.801728  0.218537 -0.419998   1.48336
 0.797184   0.21195 -0.425704   1.47496
 0.793554    0.2069 -0.432861   1.46985
 0.800452  0.204928 -0.429294    1.4809
  0.79785  0.207677 -0.430875   1.47806
 0.808797  0.212171 -0.417909   1.49378
0.808244  0.20322  -0.4231  1.49305
 0.818342   0.20317 -0.407687   1.50648
  0.81184  0.207164 -0.421689    1.5011
0.800148 0.213677 -0.42446  1.48118
 0.804668    0.2067 -0.427471   1.48946
 0.805677  0.214032 -0.421694   1.49043
 0.803192  0.211394 -0.422633    1.4849
 0.729704  0.157979 -0.453442   1.34118
 0.730638  0.156529 -0.453301    1.3427
 0.727821  0.158096 -0.450546   1.33503
 0.725564  0.159153 -0.449139   1.32902
 0.726182  0.156749 -0.449619   1.33009
 0.727197  0.157744 -0.449779   1.33248
0.728987  0.15366 -0.45145  1.33706
 0.726785   0.15446 -0.449927   1.33106
 0.727566  0.152189 -0.450152   1.33235
0.728431 0.153173  -0.4504  1.33448
 0.72892 0.157127 -0.45094  1.33732
 0.727714  0.155469 -0.450157   1.33332
 0.729367  0.154815 -0.451537   1.33816
 0.728235  0.155779 -0.450935    1.3356
 0.782718  0.144758 -0.419327   1.43121
 0.777334  0.150209 -0.427436   1.42486
 0.779348  0.149707 -0.417453   1.42383
 0.952344  0.128504 0.0539677   1.71185
 0.951805  0.138046 0.0590408   1.71086
 0.952545  0.137414 0.0526842    1.7119
  0.95223  0.138552 0.0570959   1.71203
 0.952086   0.14423 0.0467992   1.70951
0.951184 0.149909  0.05572  1.70925
 0.950961  0.150994 0.0638413   1.70926
 0.774615  0.150665 -0.432093   1.42147
 0.948838  0.160309 0.0757422   1.70364
 0.769823  0.154074 -0.443307   1.41742
   0.957962    0.121845 -0.00639312     1.72244
   0.957645     0.12274 -0.00116092     1.72178
   0.957332    0.124829 -0.00486789     1.72094
   0.957545    0.121082 -0.00458953     1.72129
  0.957333   0.124085 0.00447353    1.72122
 0.957006  0.125194 0.0102219   1.72066
  0.956564   0.129243 0.00593539    1.71948
   0.95683   0.123665 0.00559735    1.71991
   0.956613    0.128944 -0.00324867     1.71901
  0.956419   0.127949 -0.0013062    1.71828
    0.957188      0.12238 -9.74799e-05      1.72059
    0.956425     0.127229 -0.000723557      1.71884
   0.957099    0.124539 -0.00373373     1.72024
    0.957042     0.125749 -0.000197278      1.72031
 0.766457  0.156545 -0.453375   1.41551
0.761419 0.153242 -0.44882  1.40267
 0.764768  0.157248 -0.453553   1.41225
 0.759153  0.155461 -0.453877   1.40113
0.761382 0.154119 -0.44885  1.40279
 0.759224  0.155598 -0.453688   1.40122
 0.759833  0.155685 -0.453776   1.40236
 0.759491  0.155312 -0.453171   1.40143
0.904008 0.122988 0.203408  1.61787
  0.92607  0.151391 -0.228547   1.67688
 0.926815  0.158103 -0.219611   1.67794
 0.923999  0.161805 -0.228307   1.67408
   0.9256  0.153191 -0.226308    1.6758
 0.921365   0.18727 -0.231573   1.67465
 0.923955  0.161668 -0.221907   1.67271
 0.924633  0.164337 -0.220799   1.67456
  0.94294  0.159994 0.0840834   1.69768
 0.946682   0.16717 0.0789188   1.70448
  0.94624  0.160629 0.0837961   1.70218
 0.944946  0.161405 0.0844788   1.70008
0.949592 0.160778 0.079408  1.70784
 0.951028  0.154271 0.0790609   1.70955
 0.94847 0.162054 0.082721  1.70512
 0.947691  0.162621 0.0835447   1.70416
 0.948255  0.163646 0.0788346   1.70524
 0.948951   0.13259 0.0739805   1.70649
 0.947619  0.133644 0.0796618   1.70408
 0.948915  0.143357 0.0794995   1.70633
 0.948252  0.133414 0.0742613    1.7049
 0.945098  0.136972 0.0869512    1.6993
0.941436 0.146545 0.091189  1.69259
 0.946117   0.15365 0.0883054   1.70154
0.944615 0.143723  0.08459  1.69885
 0.948896  0.156977 0.0835701   1.70599
 0.948433  0.157416 0.0839963   1.70476
 0.946754  0.135786 0.0795588   1.70223
 0.947104  0.152833 0.0825076    1.7031
 0.948429  0.146424 0.0787344   1.70513
 0.947626  0.146684 0.0847331   1.70408
 0.95106 0.149926 0.067572  1.70949
 0.951096  0.148818 0.0691569   1.70939
 0.951659  0.138449 0.0619456   1.71105
 0.952137  0.129415 0.0583923   1.71193
 0.951284  0.130384 0.0626047   1.71041
 0.951572  0.129735 0.0587254   1.71059
0.950616 0.140531 0.070403  1.70937
0.950618 0.131491 0.066393  1.70937
 0.949853  0.131919 0.0695794   1.70805
  0.95018  0.131824 0.0666221   1.70834
 0.951334  0.138808 0.0623849   1.71014
 0.950815  0.131223 0.0625228   1.70935
 0.950674  0.140699 0.0652017   1.70897
  0.95114  0.138898 0.0656591   1.71013
 0.953515  0.142905 0.0442558   1.71332
 0.953418  0.141471 0.0460868   1.71279
 0.954326  0.133934 0.0396535   1.71553
 0.954986  0.127331 0.0365418   1.71701
0.954433 0.127195 0.041677  1.71594
 0.954428  0.126639 0.0377722   1.71557
 0.953134  0.137309 0.0515969   1.71348
 0.953837  0.127747 0.0475576   1.71492
 0.953029  0.128458 0.0532731   1.71351
 0.953135  0.127601 0.0484098    1.7132
 0.954002  0.133812 0.0405488   1.71459
0.953808 0.127087 0.042428   1.7144
 0.953105  0.136199 0.0440815   1.71278
0.953874 0.134083 0.044514  1.71463
 0.952447  0.156641 0.0508218   1.71094
 0.957468  0.108164 -0.079634   1.72247
  0.956737   0.115883 -0.0741744    1.72077
  0.955957   0.115284 -0.0853409    1.71974
  0.956685   0.115131 -0.0839553    1.72147
  0.955705   0.129698 -0.0698257    1.71909
  0.953627   0.124699 -0.0941871     1.7156
  0.954322   0.124716 -0.0926105    1.71727
  0.955579   0.131158 -0.0796459    1.71993
 0.733886  0.270054 -0.389068   1.34301
 0.732143  0.261952 -0.395385   1.33995
 0.741164   0.26085 -0.388596   1.35507
 0.737829  0.265596 -0.394006   1.35223
 0.730863   0.25398 -0.401115   1.33771
 0.729952  0.246333 -0.406195   1.33611
 0.738229  0.245918 -0.399953    1.3502
 0.735005  0.249665 -0.405176   1.34706
 0.746466  0.255918 -0.392645   1.36789
 0.747419  0.250268 -0.394425   1.36897
0.736291 0.257499 -0.39992  1.34945
 0.741711   0.24975 -0.398271   1.35781
 0.743918  0.257154 -0.392744   1.36175
 0.739314  0.253072 -0.394952   1.35194
 0.938677  0.148325 -0.175552   1.69534
 0.941209   0.15106 -0.167349   1.70044
 0.940446  0.134283 -0.179892   1.69825
 0.941054  0.128487 -0.187256   1.70029
 0.943723  0.125543 -0.177929   1.70455
 0.941019  0.131369 -0.179743   1.69907
 0.945452  0.130112 -0.159797   1.70614
 0.946572   0.12225 -0.167396    1.7091
 0.948875  0.118002 -0.156004   1.71214
 0.946303   0.12528 -0.157549   1.70704
 0.941189  0.138994 -0.171351   1.69911
 0.943581  0.128365 -0.169127   1.70288
 0.943868  0.136462 -0.159944    1.7032
 0.942875  0.132827 -0.170963   1.70225
 0.755219   0.22557 -0.422774   1.39432
 0.725855   0.18281 -0.441753   1.33036
 0.727733  0.180586 -0.442299    1.3348
0.728511 0.183861 -0.44045    1.336
 0.726646   0.18207 -0.440941     1.332
 0.730395  0.179678 -0.445855   1.34293
0.732302 0.185888 -0.44224  1.34609
 0.729351  0.183676 -0.442796   1.33968
 0.729354  0.181791 -0.443164   1.33945
 0.72851 0.167341  -0.4507  1.33909
 0.72922 0.165717 -0.45068  1.34017
0.726583 0.167907 -0.44742  1.33265
 0.724266  0.169538 -0.446307   1.32683
 0.724472  0.166793 -0.447218   1.32722
 0.725839  0.167924 -0.447244   1.33028
 0.726991   0.16284 -0.449224   1.33349
 0.724762  0.164213 -0.447954   1.32771
  0.72506  0.161605 -0.448659    1.3282
 0.726303  0.162714 -0.448749   1.33104
 0.727688  0.166685 -0.448098   1.33506
 0.726004  0.165299 -0.448028   1.33054
 0.727693  0.164077 -0.449164    1.3352
 0.726618  0.165257 -0.448269   1.33262
 0.732526  0.149848 -0.454349   1.34584
 0.733657  0.148535 -0.454104   1.34776
 0.730676  0.149539 -0.451842   1.33997
  0.72848  0.150092 -0.450178   1.33383
 0.729438  0.147979 -0.450259   1.33545
  0.73015  0.148879 -0.450554   1.33728
 0.732511  0.145729 -0.451944   1.34306
 0.730427   0.14603 -0.450159   1.33706
0.731534 0.144143 -0.45001   1.3389
 0.732077  0.144969 -0.450363    1.3404
 0.731778  0.148807 -0.451982   1.34218
 0.731027  0.146909 -0.450516   1.33869
 0.732617  0.146781 -0.452158   1.34365
 0.731445  0.147541 -0.451815   1.34111
  0.77357  0.152514 -0.440776   1.42385
0.909027 0.161403 0.234829  1.61773
0.929963  0.14195 0.166692  1.66592
0.913798 0.148215  0.22263  1.63813
0.912097 0.140596 0.211759  1.64176
 0.91497 0.138609 0.209003  1.64246
0.921469 0.146969 0.228381  1.65432
0.928255 0.149502 0.236802  1.66831
0.926175 0.152328 0.235237  1.66392
0.891508 0.233947 0.255268  1.61529
0.895254 0.219986 0.261887  1.62242
0.886324 0.230314 0.262111  1.60655
 0.88848 0.222296 0.265494  1.61075
0.882587 0.225623 0.268273  1.60122
0.885725 0.224493 0.264438  1.60471
0.891155 0.222965 0.262849  1.61429
0.890371 0.226867 0.258059  1.61208
0.927769 0.150743 0.234298  1.66685
0.930595 0.135643 0.234294  1.67408
0.933246 0.108011 0.215919  1.67747
   0.920085 -0.00571629    0.276446      1.6674
 0.927875 0.0250399  0.264658   1.67732
   0.937042 -0.00147508    0.239137     1.69332
  0.928049 0.00962858   0.245411    1.67307
 0.931384 0.0508224  0.255598   1.68194
 0.931995 0.0629624  0.238815   1.67853
 0.937911 0.0590606  0.233936   1.69179
 0.933189 0.0600153  0.237382   1.68119
 0.945089 0.0239816  0.207381   1.70346
  0.94178 0.0464564  0.211119   1.69551
 0.948372 0.0487552  0.188924   1.70772
 0.945775 0.0376287  0.191024   1.70128
  0.93176 0.0379719  0.239022   1.67838
 0.939001 0.0450742   0.21317   1.68908
 0.940024 0.0170296  0.211153   1.69171
 0.937371 0.0311594  0.234836   1.69076
0.903489 0.129385 0.208822  1.62274
0.906399 0.133807 0.210924  1.62384
0.915848 0.140206 0.211696  1.64954
  0.9329 0.178015 0.184018  1.68135
 0.93825 0.190659 0.195784  1.69044
0.939766 0.196861 0.210388  1.69292
0.940221  0.18384 0.212606   1.6974
0.922329 0.147449 0.227818  1.65641
0.938493  0.19069 0.228547  1.69275
0.916565 0.137659 0.211505    1.646
0.906511 0.160311 0.231671  1.61641
   0.87685 -0.0015151  0.0374793    1.59845
0.910981 0.152089 0.220237  1.63186
0.928346 0.124165 0.237162  1.67064
0.927501 0.152573   0.2326  1.66623
0.928893 0.132054 0.242988  1.67234
0.928976 0.141697 0.241247  1.67128
0.928698 0.147786 0.240025  1.67001
0.939723 0.175434 0.196979   1.6988
0.925228 0.150691 0.233948  1.66298
0.935733 0.164551 0.182654  1.69305
0.917856 0.144485  0.21814  1.64788
0.914999 0.145825 0.238235  1.63268
 0.782298  0.118862 -0.419635   1.42594
 0.781474  0.112291 -0.417243   1.42172
 0.786613   0.11423 -0.411791   1.43041
 0.783922  0.114962 -0.413558   1.42556
 0.779278  0.105974 -0.417731   1.41608
 0.774126  0.102515 -0.419389   1.40499
 0.780425 0.0992072 -0.411953   1.41437
 0.779175  0.103009 -0.415886   1.41416
 0.792789  0.106998 -0.401483   1.43754
 0.788645 0.0960293  -0.40142   1.42669
 0.799547  0.093321 -0.385146   1.44281
 0.794995  0.100087 -0.392303   1.43684
 0.782476  0.108764 -0.413417   1.42119
 0.786187  0.100839 -0.406525   1.42442
 0.788498  0.109166 -0.404486    1.4299
  0.78565  0.105033 -0.410374   1.42604
 0.774581  0.144076 -0.440737   1.42454
 0.764057  0.158904 -0.452244   1.41059
 0.752953  0.124164 -0.445634   1.37839
 0.755077   0.12246 -0.445029   1.38224
0.750559 0.122168 -0.44499  1.37232
 0.747805  0.121658 -0.443379   1.36499
  0.74981  0.119557 -0.442165   1.36818
 0.749999  0.120721 -0.443046   1.36928
 0.754954  0.118349 -0.442022   1.37926
 0.751887  0.117476 -0.440645   1.37136
0.754302 0.115266 -0.43869    1.375
 0.754407  0.116697 -0.439949   1.37617
 0.751931  0.122094 -0.444308   1.37479
  0.75204  0.118737 -0.441681   1.37248
0.754273 0.120052 -0.44283  1.37858
 0.752565  0.120195 -0.443516   1.37534
 0.768873  0.158224 -0.443667   1.41647
 0.737802  0.210414 -0.428621   1.35602
 0.742804  0.219848 -0.421192   1.36485
 0.733207  0.212957 -0.424241   1.34378
 0.735558  0.217932 -0.420384   1.34772
 0.730046  0.217891 -0.424568   1.33803
 0.731813  0.215338 -0.421792   1.34001
 0.736989  0.216847 -0.423257    1.3529
 0.736193  0.214006 -0.424238     1.351
 0.826996  0.225356 -0.396991   1.52534
 0.831639  0.223822 -0.391729   1.53264
  0.82623  0.227832 -0.392909   1.52362
   0.8276  0.225427 -0.393654   1.52508
 0.836582   0.22227 -0.386106   1.54054
 0.841845  0.220155 -0.379923   1.54885
 0.835877  0.225404 -0.381602   1.53899
 0.837312  0.222385 -0.382177   1.54037
 0.825753  0.231936 -0.386665   1.52194
 0.830212  0.233962 -0.382476   1.53047
 0.832233  0.223946 -0.388229   1.53233
 0.832996  0.228058 -0.382781   1.53382
 0.827811  0.229277 -0.389118   1.52576
 0.830934  0.226432 -0.387547   1.53096
 0.744961  0.131892 -0.451004   1.36613
 0.741901  0.135524 -0.451677   1.36073
 0.743301  0.130648 -0.449017    1.3609
 0.741534    0.1327 -0.449463   1.35779
0.741686 0.130184 -0.44741  1.35595
 0.742022  0.131216 -0.448957   1.35822
 0.742088  0.133905 -0.450681   1.36019
 0.744083  0.132233 -0.450344   1.36385
 0.842558  0.220341 -0.375644   1.54855
 0.843988  0.225416 -0.368825   1.55129
 0.837543  0.227184 -0.377164   1.54121
 0.841187  0.223515 -0.375118   1.54724
 0.845441  0.233391 -0.360538   1.55444
 0.832523  0.234728 -0.376619   1.53324
 0.835313  0.230637 -0.375258   1.53725
 0.841527  0.233457 -0.369334   1.54933
  0.86928  0.228095 -0.327768   1.59394
 0.854871  0.229962 -0.347981    1.5697
 0.867244  0.215854 -0.336412   1.58798
 0.860053   0.21922 -0.347351   1.57696
 0.865194  0.208905 -0.345589   1.58402
 0.863723   0.21304 -0.344884   1.58252
 0.857856  0.224112 -0.346529   1.57393
 0.864444  0.227871 -0.339382   1.58715
  0.89305  0.183509 -0.306231    1.6278
   0.8987  0.179132 -0.296704   1.63691
 0.893596  0.188184 -0.297119   1.62766
0.894353 0.185027 -0.29988  1.62899
  0.90421  0.173631 -0.286169   1.64535
  0.90885  0.167782 -0.276056     1.652
 0.904895  0.177424 -0.275572   1.64504
0.905406 0.175098 -0.27873  1.64609
 0.891862  0.205305 -0.294013   1.62772
 0.898451  0.206684 -0.284978   1.64065
  0.90005  0.180636 -0.289046   1.63785
 0.903014  0.187908 -0.276521   1.64312
 0.895869  0.192385 -0.289403   1.63137
 0.899097  0.184853 -0.287445   1.63665
 0.910522  0.187808 -0.256311   1.65549
  0.91624  0.189634 -0.246358    1.6668
 0.91291 0.168958 -0.25836  1.65703
 0.913118  0.163358 -0.266709   1.65847
 0.917808  0.159348 -0.256643   1.66602
 0.913777  0.165508 -0.259593   1.65833
 0.922216  0.158357 -0.235193   1.67091
  0.92215  0.154285 -0.245604   1.67246
  0.92571  0.149108 -0.235385   1.67741
 0.922725  0.156343 -0.237682   1.67204
 0.914592  0.173842 -0.249484   1.65948
 0.918484  0.161534 -0.248106    1.6656
 0.920594  0.169528 -0.235796    1.6693
 0.917505  0.166006 -0.247888   1.66446
  0.92635  0.169164 -0.215825   1.67839
 0.930866   0.17147 -0.205989    1.6875
0.928539 0.150903 -0.21799  1.68042
 0.929025  0.145116 -0.226106   1.68239
 0.932634  0.141425 -0.216233   1.68814
 0.929307  0.147736 -0.218681   1.68164
 0.935759  0.139946 -0.195053   1.69079
 0.935844  0.136602 -0.205605   1.69272
0.938554 0.132002 -0.19607  1.69653
   0.9361  0.138925 -0.197857   1.69195
0.929786 0.156071 -0.20874  1.68212
 0.932959  0.144025 -0.207485   1.68726
 0.934562  0.151888 -0.195157   1.68992
 0.932119  0.148135 -0.207662   1.68615
 0.732671  0.193135 -0.438945   1.34679
 0.736658   0.20082 -0.433676    1.3539
 0.729358  0.194872 -0.435145   1.33737
 0.731062  0.198932 -0.432369   1.34022
 0.727022  0.198373 -0.435041   1.33261
 0.728226  0.196776 -0.433295   1.33432
 0.732163  0.198093 -0.434967   1.34448
 0.731452  0.195866 -0.435641   1.34283
  0.73393  0.242174 -0.409933   1.34505
 0.738237  0.235462 -0.408921   1.35201
 0.741137  0.242042 -0.403667   1.35702
 0.736344  0.238423 -0.405733   1.34702
 0.744108  0.232045 -0.413033   1.36667
 0.750165  0.244247 -0.402778   1.37732
 0.742907  0.240669 -0.405728   1.36242
 0.742356  0.236349 -0.407565   1.36093
 0.951652  0.117732 -0.114807   1.71238
 0.952213  0.119693 -0.113674   1.71386
 0.950558  0.116226 -0.131823     1.712
 0.950803  0.113864 -0.145144   1.71455
 0.952527   0.11063 -0.135202   1.71691
 0.950807  0.117629 -0.136926   1.71372
 0.953715  0.109534 -0.114691   1.71684
 0.953743  0.107557 -0.126175   1.71829
0.954677 0.105478  -0.1181  1.71935
0.953937 0.111265 -0.12043  1.71842
 0.951521  0.120971 -0.124922   1.71398
 0.952564  0.114655 -0.128134   1.71644
  0.95323  0.118807 -0.116964   1.71694
 0.952394   0.11358 -0.123494   1.71511
 0.848103  0.232471 -0.335916   1.55137
 0.860446  0.238516 -0.321951   1.57578
 0.951329 0.0475761  0.150844    1.7079
 0.954952 0.0720534  0.140963   1.71668
  0.95642 0.0432315  0.140336   1.71931
 0.954746 0.0452991  0.142076   1.71513
 0.955128 0.0924921 0.0878629   1.71339
 0.954998 0.0857837   0.11889   1.71517
 0.960777 0.0332406 0.0962681    1.7254
 0.960896 0.0707224 0.0711238   1.72522
  0.96306 0.0443223 0.0398697   1.73016
 0.962053 0.0258394 0.0653236   1.72666
 0.955904 0.0622359  0.115717   1.71553
 0.959072 0.0617336 0.0859016   1.72101
 0.958682 0.0307912  0.104069   1.72054
 0.958124 0.0666706  0.105759   1.72036
 0.889395  0.189634 -0.309241   1.62167
 0.891424  0.195388 -0.299347   1.62506
 0.887106  0.200655 -0.307215   1.61922
 0.889103  0.191614 -0.304818   1.62065
  0.88585  0.222198 -0.307027   1.62324
  0.88837  0.201052 -0.298925   1.62018
 0.889424  0.201681 -0.298202   1.62256
 0.955842  0.108315 -0.113065   1.72193
 0.956795  0.107843 -0.103536   1.72313
 0.954619  0.113334 -0.109913   1.71894
 0.955346  0.106531 -0.106386   1.71969
  0.957704   0.108142 -0.0947022    1.72449
  0.958275   0.108041 -0.0861381    1.72508
 0.956146   0.11469 -0.092299   1.72087
  0.956928   0.107809 -0.0879263    1.72183
 0.953001  0.124374 -0.107839   1.71568
  0.953909   0.125567 -0.0995979    1.71709
  0.956129   0.107136 -0.0973355    1.72071
   0.95527   0.112972 -0.0947781    1.71872
 0.954653  0.112711 -0.102506   1.71802
 0.955449  0.113119 -0.101069   1.71991
0.930107 0.143845 0.223786  1.67128
 0.949307  0.132481 0.0698168    1.7068
 0.949134  0.143585 0.0739213   1.70641
  0.95028   0.14126 0.0705699   1.70843
 0.949716  0.141298 0.0740352   1.70787
 0.950811  0.149694 0.0692226   1.70858
 0.949856  0.153664 0.0703929   1.70629
 0.950277  0.150708 0.0729586   1.70864
 0.949078  0.157349 0.0781796   1.70607
0.949747 0.148663 0.077276  1.70724
 0.832577  0.419342 0.0296726     1.519
   0.84282   0.403886 0.00556608    1.53298
 0.848773  0.398444 0.0360551   1.54421
 0.840343  0.397735 0.0239546   1.52442
  0.856781   0.385937 -0.0124111    1.55666
 0.864217  0.383662 0.0418641   1.57226
0.854969 0.384869 0.033201  1.55127
  0.855677   0.382682 0.00543999    1.55205
0.929683 0.144314 0.235493  1.67145
 0.929487 0.0903782  0.243144   1.67449
0.927925 0.107262 0.233594  1.66899
0.927047  0.10204 0.250055  1.67107
0.940035 0.104857 0.184271   1.6891
0.937799 0.105274 0.189685  1.68406
 0.915769 0.0977851  0.279671    1.6546
 0.920483 0.0879972  0.269624   1.66181
 0.914823 0.0847664  0.288337   1.65547
 0.917386 0.0855497  0.277441    1.6567
 0.924345 0.0793136  0.259319   1.66701
 0.929312 0.0735995   0.24098   1.67341
 0.926577 0.0628297   0.25949   1.67214
 0.927158 0.0658587  0.255484   1.67184
 0.913068 0.0630192  0.290115   1.65284
 0.921488 0.0469142  0.270203   1.66456
 0.910785 0.0287998   0.28495   1.64865
 0.917234 0.0387139  0.285396   1.65975
 0.922566 0.0744289  0.268109   1.66508
 0.924168 0.0547561  0.272921   1.67026
  0.91721 0.0680965  0.285599   1.65884
 0.920608 0.0719109   0.27634     1.664
0.873062 0.293347 0.219219  1.58486
0.877149 0.295736 0.208295  1.59053
0.879675  0.28628 0.216019  1.59532
0.876381 0.288582 0.213351  1.58786
0.883603 0.297361 0.197213  1.60178
0.887116 0.281705 0.213886  1.60883
0.882761  0.28473 0.212627  1.59959
0.882355 0.288924 0.203408  1.59793
0.924745 0.153045 0.234514  1.66009
0.927283  0.11621 0.247173  1.66994
0.892413 0.110396 0.290829   1.6129
0.900246 0.106511 0.296585  1.62935
 0.892907 0.0910778  0.296113   1.61385
0.896075 0.105128 0.296381  1.62277
0.907242 0.102122 0.293976  1.64142
 0.913448 0.0983048  0.282093      1.65
 0.911228 0.0853288  0.292036   1.64838
 0.910522 0.0993714  0.293685   1.64865
 0.896887 0.0635739  0.298333   1.62172
 0.908251 0.0634055  0.295332    1.6435
  0.90598 0.0293165   0.29278   1.63963
 0.902419 0.0586178  0.298818    1.6348
0.903546  0.10153  0.29948  1.63734
 0.907104 0.0831248  0.298222   1.64336
 0.897886 0.0849112  0.300943    1.6267
0.902888 0.087037 0.297986  1.63391
 0.921317 0.0948643  0.270948   1.66353
0.918921 0.097307 0.271395  1.65818
 0.923435 0.0980904  0.255926   1.66357
 0.928577 0.0860797  0.253647   1.67503
 0.925374 0.0826591  0.258503   1.66836
 0.923795 0.0968309  0.262798   1.66707
 0.778752  0.114873 -0.420061   1.41769
0.776023 0.121059 -0.42624  1.41627
 0.778532  0.118098 -0.421236    1.4185
 0.770534  0.116478 -0.430382   1.40583
  0.7697 0.122694 -0.43575  1.40825
 0.771085  0.119321 -0.430487   1.40768
 0.776888  0.109767 -0.420605   1.41295
 0.772165  0.111158 -0.426207   1.40598
 0.773507  0.105428 -0.422431   1.40565
 0.773853  0.107779 -0.423767    1.4078
 0.774595  0.118123 -0.428412   1.41391
    0.772   0.11337 -0.427629   1.40696
0.776408 0.112553 -0.42264  1.41364
 0.774756  0.115149 -0.424955   1.41172
0.770838  0.14933 -0.44855  1.42121
 0.813144  0.225614 -0.412322   1.50274
 0.815797   0.22621 -0.409488   1.50727
 0.811436  0.227132 -0.410599   1.49976
 0.812904  0.225898 -0.410779   1.50151
0.818949 0.226489 -0.40596  1.51245
  0.82268  0.226215 -0.401796   1.51845
0.817244 0.228675 -0.40331  1.50932
 0.818944  0.226657 -0.403526   1.51127
 0.808483  0.229758 -0.405816   1.49322
 0.811619  0.231621 -0.402223   1.49882
 0.815579   0.22643 -0.407479   1.50584
 0.814659  0.229177 -0.404406   1.50433
 0.811606  0.228031 -0.408399   1.49939
0.814085 0.227907 -0.40735  1.50413
 0.811366  0.224597 -0.414214   1.49954
 0.809151  0.223927 -0.415207   1.49606
 0.810943  0.222923 -0.415098   1.49867
 0.810272  0.223406 -0.414659   1.49712
 0.806724  0.222754 -0.415339   1.49138
  0.80311  0.223849 -0.416129   1.48577
 0.806025  0.219833 -0.418198   1.49081
0.805582 0.222068 -0.41585  1.48925
  0.81186  0.220066 -0.414571    1.4997
 0.809922  0.216624 -0.417813   1.49727
 0.815236  0.214954 -0.410627   1.50384
 0.812378  0.215603 -0.413852   1.49937
 0.808171  0.222375 -0.415464   1.49375
 0.808218  0.218638 -0.416552   1.49347
0.810441 0.220679 -0.41512  1.49705
 0.808994  0.221128 -0.416448   1.49568
0.929065 0.146733 0.231965  1.66934
  0.964868 -0.0264656  0.0250951    1.73684
    0.9588 -0.0678015     0.0919    1.72764
   0.95994 -0.0150796  0.0931175    1.72422
   0.96048 -0.0161765  0.0887778    1.72771
  0.941593 -0.0704936   0.180906    1.69907
  0.917786 -0.0298076   0.248083    1.65525
  0.940109 -0.0234996   0.199805    1.69197
  0.934316 -0.0466091   0.240664    1.69423
 0.955154 0.0107728  0.140546   1.71594
  0.948408 0.00478573   0.166874    1.70316
 0.950282 0.0304984  0.151351   1.70492
  0.95118 0.0196868  0.164758   1.70969
  0.950005 -0.0498386   0.170061     1.7163
 0.946869 -0.014574  0.193995     1.707
  0.955974 0.00167252   0.147377    1.72038
  0.952071 -0.0318892   0.150274    1.71262
0.887345 0.191632 0.283035  1.60941
0.891215 0.197946 0.279158  1.61519
0.893975 0.189724 0.280743  1.62057
0.890795 0.192121 0.280498  1.61376
 0.89623 0.202579 0.272326  1.62315
 0.90159 0.186893 0.274652  1.63283
 0.89646  0.19035 0.277509    1.623
0.895295 0.194623 0.273958  1.62011
0.893568 0.122667 0.286263  1.61544
0.894721 0.130519 0.284597  1.61838
0.899183 0.131205 0.291212  1.62794
0.896125 0.128883 0.285803  1.62188
0.894388 0.138336 0.285261  1.61857
0.893079 0.146759 0.286471  1.61682
0.898198 0.147883 0.289019  1.62663
0.894897 0.145567 0.286052  1.62082
0.903209 0.136822 0.289359  1.63452
 0.90288 0.144532 0.286102  1.63344
 0.90795 0.136509 0.281675  1.64106
0.904079 0.139976 0.289078  1.63649
0.895892 0.137225 0.285129  1.62195
0.899825 0.145573 0.290168  1.63037
0.900446 0.137026 0.291412  1.63145
0.898924  0.13974 0.289725  1.62782
 0.759521  0.155118 -0.453153   1.40143
 0.759653   0.15504 -0.453101   1.40166
  0.75996  0.155212 -0.453569   1.40246
 0.759304  0.154368 -0.453974   1.40129
 0.759278  0.154532 -0.454074   1.40131
  0.75933  0.154313 -0.453838   1.40127
 0.759239  0.155059 -0.454083   1.40134
 0.759242  0.154251 -0.453866   1.40108
 0.766743  0.156108 -0.450289    1.4146
0.759179 0.154371 -0.45398  1.40103
0.745403 0.130607 -0.45014  1.36628
 0.747012  0.129206 -0.449745   1.36917
 0.743601  0.129437 -0.448654   1.36108
 0.741538  0.129235 -0.446814   1.35511
 0.742919  0.127378 -0.446275   1.35738
 0.743178  0.128322 -0.446839   1.35842
0.746601 0.125942 -0.44726  1.36594
 0.744349  0.125567 -0.445506   1.35962
 0.745962  0.123635 -0.444571   1.36214
 0.746168  0.124722 -0.445317   1.36319
 0.744652  0.129132 -0.448367   1.36305
  0.74456  0.126569 -0.446166   1.36063
 0.746222  0.127257 -0.447731   1.36567
 0.744948  0.127662 -0.447891   1.36312
 0.759256  0.154777 -0.454115   1.40134
 0.760869  0.153698 -0.452373   1.40336
 0.764381  0.155057 -0.452741   1.41073
 0.765569  0.154219 -0.453862   1.41356
 0.767923  0.153079 -0.453957   1.41822
 0.767485  0.121456 -0.437148   1.40409
 0.763691  0.117464 -0.436193    1.3946
 0.767825  0.115552 -0.432003   1.40077
   0.7666  0.118247 -0.434128   1.39978
 0.761239  0.114371 -0.436512   1.38882
 0.757264  0.112997 -0.436112   1.37947
 0.760687  0.110634 -0.433121   1.38473
 0.760584  0.112321 -0.434839   1.38572
 0.769144  0.110049 -0.428539    1.4006
 0.764466  0.108243 -0.429404   1.39039
 0.768943  0.105546 -0.424925   1.39717
 0.768605  0.107882 -0.427423   1.39813
 0.763416  0.115156 -0.434687   1.39255
 0.764246  0.110201 -0.431519   1.39137
 0.767633  0.113203 -0.430754   1.39906
 0.764868  0.112313 -0.432811   1.39415
 0.758917  0.154307 -0.453775   1.40034
0.762227 0.151231 -0.44849  1.40385
 0.772096  0.146542 -0.441478   1.41989
 0.776196  0.123991 -0.425706   1.41685
 0.774225  0.131954 -0.432232   1.41739
0.769904 0.124766 -0.43445   1.4082
 0.774631  0.128323 -0.432009    1.4176
 0.764182  0.129493 -0.443907   1.40194
 0.778203  0.135915 -0.430562   1.42574
 0.780881   0.12713 -0.423772   1.42646
 0.784152  0.136398 -0.420364   1.43334
 0.780375  0.131104 -0.421292   1.42469
 0.766306  0.150445 -0.454631   1.41467
  0.75929   0.15545 -0.453359   1.40118
 0.759282  0.155575 -0.453481   1.40123
 0.760748  0.154655 -0.450823   1.40255
 0.760051  0.155599 -0.453727   1.40273
 0.763191  0.156637 -0.452343   1.40844
 0.761289  0.155519 -0.449748   1.40323
 0.760538  0.154005 -0.452526   1.40279
 0.736707  0.152344 -0.458907   1.35819
 0.759132  0.154599 -0.454054     1.401
 0.765999  0.158625 -0.450551    1.4137
 0.760235  0.154819 -0.453715   1.40292
 0.762543  0.154658 -0.449438   1.40547
0.759914 0.154975 -0.45356   1.4023
  0.75915  0.160546 -0.439632   1.39513
 0.759602  0.154789 -0.453088   1.40148
 0.758992   0.15489 -0.454087   1.40075
 0.759533  0.154787 -0.453182   1.40144
 0.760476   0.15459 -0.453812   1.40342
 0.759378  0.154302 -0.453238   1.40104
0.759353 0.154376 -0.45369  1.40125
 0.759156  0.154066 -0.453452   1.40064
 0.759363  0.154542 -0.453557   1.40124
  0.75944  0.154513 -0.453159   1.40117
 0.759422  0.154607 -0.453509   1.40136
 0.788392  0.141125 -0.407932   1.43697
  0.79421  0.140256 -0.399918   1.44548
 0.788985  0.149528 -0.401923   1.43676
 0.790127  0.141834 -0.401721   1.43768
 0.803131  0.137038 -0.385829   1.45793
 0.818751  0.139012 -0.364939   1.48476
 0.800751  0.154083 -0.379643   1.45376
 0.804936   0.14121 -0.375731   1.45896
 0.787879  0.156013 -0.396949   1.43338
 0.791868  0.161043 -0.389671   1.44011
 0.785408  0.166676 -0.397931   1.43091
 0.788239  0.159624 -0.394706   1.43435
  0.79596  0.139681 -0.389661   1.44431
 0.795236  0.152953 -0.386411   1.44454
 0.789828  0.149711 -0.395193   1.43547
 0.794598   0.14928 -0.390769   1.44372
 0.78534 0.144431 -0.40675  1.43028
 0.785278  0.148704 -0.407415   1.43133
 0.783641  0.156201 -0.399369   1.42535
 0.781817   0.16276 -0.403395   1.42498
 0.779673  0.153307 -0.416014    1.4246
 0.782029  0.155809 -0.407806   1.42591
 0.736612  0.142646 -0.453747   1.35247
 0.737911   0.14111 -0.453375   1.35464
 0.734751  0.142158 -0.451607   1.34681
 0.732649  0.142389 -0.449718    1.3407
 0.733824  0.140599 -0.449537    1.3427
0.734309 0.141338 -0.44989  1.34406
0.736736 0.138624 -0.45121  1.34998
 0.734875  0.138968 -0.449291   1.34443
 0.735875  0.137324 -0.449071   1.34607
 0.736348  0.138012 -0.449399   1.34738
 0.735848  0.141552 -0.451605   1.34896
 0.735319  0.139663 -0.449654    1.3457
 0.736888  0.139544 -0.451526    1.3507
  0.73569   0.14035 -0.451278   1.34818
  0.73042   0.15926 -0.453691   1.34313
0.730222 0.163979 -0.45202  1.34267
 0.728277  0.159274 -0.450582   1.33626
 0.728035  0.161789 -0.449714    1.3357
 0.726624  0.160219 -0.449314   1.33152
0.727151 0.160338 -0.44978  1.33358
 0.728708  0.162175 -0.451863   1.33897
0.729451 0.160656 -0.45188  1.34018
0.763815 0.160494 -0.44753  1.40831
 0.769263  0.155056 -0.448865   1.41901
 0.761404  0.152451 -0.450183   1.40321
 0.749545  0.132031 -0.451282   1.37617
 0.753505  0.129194 -0.450306   1.38342
 0.759012  0.155247 -0.454168    1.4009
 0.763681  0.151271 -0.450959   1.40792
 0.759075  0.155524 -0.454107   1.40105
 0.765926  0.158583 -0.446735   1.41191
 0.761751   0.15493 -0.449565   1.40398
 0.759177  0.155678 -0.453936   1.40122
0.760799 0.154306 -0.44946  1.40192
 0.760324  0.154797 -0.451368   1.40197
 0.759802  0.155278 -0.452011   1.40132
 0.758939  0.155365 -0.454099   1.40072
 0.760353  0.155268 -0.452748   1.40278
 0.759405  0.155671 -0.453587   1.40151
 0.759755  0.155506 -0.453579   1.40212
 0.760508  0.154896 -0.449585   1.40151
 0.759589   0.15558 -0.453517    1.4018
 0.759662  0.155698 -0.453415   1.40181
 0.759355  0.155441 -0.453314   1.40128
 0.759481  0.155653 -0.453572   1.40163
 0.939758   0.16119 0.0782116   1.69021
 0.944798  0.166177 0.0419236   1.70149
 0.946589  0.164858 0.0661692   1.70321
 0.943817  0.174998 0.0679729   1.70173
   0.956084    0.139925 -0.00030381     1.72455
   0.96498   0.084117 -0.0188917    1.74018
 0.957526  0.129335 0.0283171   1.72259
  0.95709  0.110727 0.0234856   1.72255
 0.950756  0.154552 0.0645109   1.70914
 0.954117  0.141425 0.0530917   1.71479
 0.952179  0.152696 0.0717127   1.71163
 0.952087  0.148545 0.0684212   1.71154
 0.948776  0.163148 0.0396421   1.71075
0.953488  0.14132 0.050403  1.71481
 0.949133  0.163337 0.0645476   1.70867
 0.951208  0.154146 0.0412718   1.71142
0.867424 0.368281 0.086453  1.57531
0.876145 0.350947 0.117589  1.59148
0.858013  0.37337 0.103872  1.55851
0.863908 0.361676 0.120129  1.56909
0.852583 0.376795 0.122373  1.55134
0.857384 0.364617 0.115007  1.55471
0.867755 0.356577 0.114884  1.57415
0.866102 0.358937 0.099508  1.56963
  0.808239   0.429498 -0.0975664    1.47766
0.817238 0.408386 -0.11691  1.48854
  0.829838   0.407129 -0.0881457    1.51189
 0.816332  0.407515 -0.098512   1.48316
 0.830749  0.386393 -0.133975   1.51181
   0.85286   0.383418 -0.0830207    1.55289
  0.834281   0.393786 -0.0932671    1.51646
  0.82841  0.386811 -0.111067   1.50251
  0.870968   0.347556 -0.0764199    1.57805
 0.954883  0.126683 0.0326668   1.71639
 0.954337  0.133572 0.0367597   1.71518
0.954723 0.133422 0.029724  1.71568
 0.954641  0.134654 0.0342502   1.71613
 0.953936  0.138163 0.0226733    1.7128
 0.953351  0.143819 0.0314595   1.71277
 0.953321  0.144502 0.0400185   1.71299
  0.950238   0.135229 -0.0988934    1.70881
  0.952494    0.14994 -0.0767233    1.71407
 0.955133  0.137446 0.0202267   1.71615
 0.955081  0.135954 0.0221162   1.71571
 0.955993  0.130487 0.0174309   1.71846
0.956632 0.125682 0.015693  1.71994
 0.956184  0.125993 0.0207893   1.71903
 0.956182  0.125097 0.0168434   1.71875
 0.955162  0.133705 0.0284471   1.71693
 0.955835  0.126863 0.0261464   1.71847
 0.955439  0.127319 0.0314541   1.71782
  0.95531   0.12655 0.0270039   1.71714
 0.955745  0.130406 0.0181378   1.71772
 0.955721  0.126049 0.0212767   1.71789
0.955035 0.132619 0.021388  1.71624
 0.955664  0.130807 0.0219341   1.71774
  0.95651  0.124506 0.0116321   1.71934
 0.955956  0.129854 0.0143529   1.71809
  0.956168   0.128918 0.00736226    1.71834
 0.956199  0.130762 0.0120269    1.7189
   0.955181    0.131329 -0.00135874     1.71533
  0.95483  0.138177 0.0081121   1.71553
0.954908 0.138961 0.016091  1.71582
   0.957781    0.119875 -0.00967109     1.72171
   0.957277    0.123428 -0.00751543     1.72054
  0.957455    0.12107 -0.0138815    1.72067
  0.957494   0.124064 -0.0103087    1.72126
  0.957017   0.129636 -0.0141354    1.71971
  0.956451    0.12603 -0.0148263    1.71845
   0.956457    0.129409 -0.00769749     1.71877
0.950218 0.156966 0.053614  1.70535
  0.956945   0.132769 -0.0209789    1.72037
  0.957435   0.131122 -0.0164465    1.72119
  0.957961   0.121965 -0.0243885    1.72229
  0.958686   0.118344 -0.0269681      1.724
  0.958615   0.118572 -0.0217917    1.72375
  0.958271    0.11753 -0.0235897    1.72276
  0.957783   0.121219 -0.0153686     1.7216
 0.958436  0.118988 -0.016716   1.72329
  0.958225   0.120511 -0.0115853    1.72293
  0.958007   0.118395 -0.0148503     1.7221
  0.957837   0.121098 -0.0204279    1.72171
  0.958211   0.117616 -0.0190071    1.72255
  0.957776   0.120344 -0.0170351     1.7214
  0.957976   0.121279 -0.0194877    1.72215
  0.958301    0.11698 -0.0288507    1.72287
  0.957761   0.121723 -0.0252729    1.72168
  0.957786   0.120359 -0.0316808     1.7217
  0.957932   0.121796 -0.0300895    1.72233
  0.956795   0.125431 -0.0351991    1.71936
  0.956534    0.12739 -0.0336171    1.71914
  0.956574    0.13203 -0.0269178    1.71957
  0.958452   0.112335 -0.0507777     1.7235
  0.957843   0.117942 -0.0471423    1.72221
  0.957722   0.115794 -0.0534296    1.72188
  0.957991   0.116234 -0.0528703    1.72272
  0.956754   0.127942 -0.0550476    1.72037
 0.956643  0.117724 -0.054105   1.71923
  0.956644   0.124266 -0.0496821     1.7198
 0.952144  0.152583 0.0287552   1.70884
   0.95601   0.122911 -0.0708297    1.71909
  0.956698   0.127792 -0.0629474    1.72081
   0.95732   0.114835 -0.0739656     1.7221
  0.958791   0.108535 -0.0778397     1.7257
  0.959082   0.108676 -0.0697603    1.72583
  0.958001   0.109007 -0.0708402    1.72319
  0.957856   0.113981 -0.0587326    1.72237
  0.959116   0.109679 -0.0623414    1.72553
  0.959069   0.111587 -0.0556955    1.72526
  0.958417   0.110541 -0.0569439    1.72352
   0.95722   0.116358 -0.0666269    1.72141
  0.958303   0.109439 -0.0634394    1.72349
  0.957653   0.116426 -0.0582089    1.72201
   0.95766   0.114858 -0.0663987    1.72246
 0.947928  0.189096 0.0153267   1.70305
 0.950762   0.15019 -0.124347    1.7167
  0.94285  0.150595 -0.155203   1.70219
 0.949824  0.131453 -0.132922   1.71258
 0.946184  0.134728 -0.149535   1.70684
  0.94869  0.121344 -0.146813   1.71055
 0.947866  0.124995 -0.147716   1.70921
 0.944711  0.139834 -0.153057   1.70473
 0.947842    0.1486 -0.144091    1.7123
 0.946015  0.172886 0.0628138   1.69679
 0.938636  0.134579 -0.189162   1.69563
 0.939159   0.14038 -0.180855   1.69621
 0.937062  0.143283 -0.188484   1.69311
 0.938338  0.135801 -0.187144   1.69479
 0.934974  0.169428 -0.190901   1.69374
 0.937159  0.141768 -0.180609   1.69159
 0.937624  0.143922 -0.179758   1.69289
  0.955924   0.141917 -0.0371632    1.71872
 0.787388  0.398149 -0.211806   1.43999
 0.795957  0.376999 -0.221832   1.45061
0.806307 0.383064  -0.1989  1.46972
 0.794384  0.380156 -0.207762   1.44444
 0.808383  0.359842 -0.233624   1.47474
 0.826611  0.368774 -0.192808   1.50787
 0.810627  0.372772 -0.202781   1.47628
 0.805706  0.364686 -0.214293    1.4649
  0.87875   0.35194 -0.014309   1.59136
 0.783137  0.325846 -0.307828   1.43192
 0.802775  0.337232 -0.276611   1.46732
 0.774096  0.338103 -0.299944   1.41306
 0.784231  0.345305 -0.282621    1.4312
 0.768123  0.354704 -0.294984   1.40593
 0.773258  0.341909 -0.289472   1.40859
 0.787133  0.338193 -0.286412    1.4368
 0.781397  0.331667 -0.294037   1.42452
  0.948228   0.168879 -0.0965612    1.70941
 0.926626  0.229112 -0.135123   1.67462
 0.909654  0.169575 -0.269527   1.65224
 0.910818  0.176189 -0.260369   1.65414
 0.907289  0.180512 -0.269029    1.6494
 0.909159  0.171662 -0.266741   1.65117
 0.904596  0.204361 -0.271286   1.65037
 0.907382  0.180897 -0.262543   1.64838
  0.90828   0.18324 -0.261392   1.65067
 0.751238  0.311799 -0.351443    1.3762
 0.756652  0.299289 -0.352489   1.38324
 0.763712  0.307534 -0.340781   1.39581
 0.755159  0.303157 -0.345583   1.37812
 0.764466  0.291117 -0.357164   1.40038
  0.77811  0.305447 -0.336311   1.42509
 0.766109  0.303084 -0.343031   1.40122
 0.762794  0.296832 -0.348082   1.39409
 0.922204  0.209802 -0.190743   1.67169
 0.871559  0.219204 -0.326719   1.59641
 0.877932  0.222512 -0.319846   1.60948
 0.870419  0.210406 -0.335106   1.59343
 0.870431  0.205097 -0.342644   1.59393
 0.876597  0.199979 -0.333405   1.60328
 0.871855  0.205502 -0.336224   1.59475
 0.883708   0.19767 -0.313256    1.6127
 0.882377  0.194536 -0.324204   1.61189
 0.887834  0.188469 -0.315031   1.61983
 0.884297  0.195289 -0.317876    1.6142
 0.873368  0.213523 -0.327608   1.59817
 0.878178   0.20052 -0.327061   1.60463
 0.881848  0.208174 -0.315032    1.6116
0.876811 0.204805 -0.32492  1.60271
 0.740228  0.273875 -0.387276   1.35657
0.745231 0.264593 -0.38652  1.36378
 0.749782  0.272326 -0.378745   1.37179
 0.743353  0.268072 -0.381942   1.35844
0.752174 0.259361 -0.39025  1.37989
 0.761091  0.273284 -0.376027   1.39593
0.751831 0.269786 -0.38047  1.37717
 0.750408  0.264342 -0.383612   1.37391
  0.75824  0.350026 -0.299873   1.38473
 0.753264  0.339526 -0.315335   1.37596
 0.767573  0.333618 -0.304548   1.39898
 0.762154  0.344735 -0.311353   1.39539
 0.749597   0.32848 -0.329615   1.36967
 0.746354    0.3176 -0.342321   1.36406
 0.759833  0.313545 -0.331396   1.38572
 0.754575  0.322728 -0.339096   1.38198
 0.774656  0.322757 -0.312825   1.41419
 0.774506  0.313783 -0.318115   1.41251
 0.758265  0.333686 -0.325981   1.38857
  0.76565  0.319058 -0.327308   1.39855
 0.770788  0.328462 -0.314552   1.40783
 0.763136  0.323523 -0.319543   1.39151
 0.847448  0.227099 -0.359973   1.55698
 0.851945  0.229139 -0.355323   1.56577
 0.846976  0.221769 -0.367767    1.5566
 0.847425  0.217984 -0.373194   1.55777
0.852965  0.21494  -0.3661  1.56635
 0.848344  0.218119 -0.368413   1.55775
 0.857983  0.216733 -0.353301   1.57401
 0.858577  0.212172 -0.358861   1.57527
 0.864305  0.208511 -0.351061   1.58414
 0.859499  0.212407 -0.353647   1.57522
 0.849111  0.223659 -0.362521    1.5597
 0.853701   0.21517 -0.361396   1.56604
0.854908 0.220793 -0.35455  1.56857
 0.852369  0.218685 -0.360824   1.56486
 0.812822  0.232263 -0.398514   1.49991
0.818152 0.230063 -0.40022  1.51021
 0.822975  0.226338 -0.398896   1.51771
 0.823564   0.23007 -0.393948   1.51884
  0.82154  0.228537 -0.398504   1.51612
 0.823795  0.235472 -0.387536   1.51905
 0.815882  0.232417 -0.398493   1.50588
 0.821339  0.235143 -0.393733   1.51637
 0.865699  0.241034 -0.298563   1.57962
 0.806593   0.22427 -0.413851   1.49075
 0.803475  0.226428 -0.413179   1.48575
0.804497 0.224915 -0.41156  1.48607
 0.809017  0.224944 -0.413902   1.49542
 0.811059  0.224961 -0.413274   1.49849
 0.809514  0.226531 -0.411597    1.4959
 0.810192  0.225414 -0.413365    1.4978
 0.806645  0.228634 -0.406688   1.48933
 0.808059   0.22565 -0.413864   1.49386
 0.807243  0.227173 -0.409273   1.49152
 0.80892 0.226954 -0.41195  1.49512
 0.743181  0.307297 -0.354531   1.35898
  0.73992   0.29768 -0.364462   1.35323
 0.751333  0.294992 -0.355661   1.37185
 0.747171  0.302282 -0.362041   1.36897
 0.737667  0.288018 -0.373463   1.34934
 0.735861  0.278829 -0.381403   1.34624
 0.746367  0.277149 -0.372907    1.3634
 0.742314  0.282986 -0.379539   1.36021
0.757349 0.287513 -0.36072  1.38548
 0.757931  0.280339 -0.363865   1.38563
 0.744601  0.292464 -0.371328   1.36438
 0.750924  0.281897 -0.370242   1.37338
 0.754337  0.290585 -0.362035   1.37958
 0.748381  0.285811 -0.365386   1.36688
 0.91452 0.158768 0.239584  1.63094
0.912488 0.148739 0.224585  1.63241
0.910359 0.141521 0.210913  1.63725
0.913076 0.235493 0.303681  1.65695
0.930131 0.217997 0.261988  1.67982
0.817823 -0.15191 0.178737  1.49393
0.939045  0.20216 0.225111  1.69202
0.897355 0.167543 0.354025  1.62632
0.924615 0.194039 0.277278  1.66798
0.925146 0.151558 0.234282  1.66217
0.936339 0.208573 0.240889  1.68833
 0.92695 0.151708 0.236065  1.66585
0.928497 0.149359  0.23632  1.66882
0.875891  0.25989 0.245381  1.58801
0.874527 0.268074 0.239274  1.58553
0.880317 0.263472 0.236633  1.59485
0.877004 0.266776 0.241183  1.59143
  0.8732 0.276594 0.232605  1.58324
0.871601 0.285165 0.225264  1.58031
0.878149 0.278647 0.222216  1.59076
0.874439 0.283815 0.227555  1.58707
0.885034 0.266298 0.228825   1.6027
0.885474  0.26952 0.221017  1.60282
0.875849 0.275221  0.23452  1.58949
0.880015 0.277075 0.225872  1.59541
0.881444 0.269784 0.232229  1.59825
0.879043 0.271653 0.229646  1.59268
0.930073 0.139803 0.228207  1.67164
0.928179 0.148072 0.245065  1.67038
 0.93119 0.128417 0.222874  1.67409
0.926084 0.153791 0.234499  1.66343
0.931513 0.120494 0.234731  1.67722
0.927304 0.150714 0.234305  1.66849
  0.93715 0.0828979  0.202514   1.68321
 0.946921 0.0534901  0.187393   1.70363
 0.941393 0.0635238  0.196937   1.69177
 0.942925 0.0607525  0.199369   1.69618
0.936214 0.067487 0.218567  1.68377
 0.933492 0.0700881  0.221348   1.67796
 0.938783 0.0764696  0.212644   1.68927
0.928893 0.149385 0.229147  1.66876
 0.88756 0.264659 0.231243  1.60852
0.890987 0.250627 0.241629  1.61531
 0.88208 0.261923 0.239108  1.59905
0.884202 0.253644 0.244174  1.60316
0.878384 0.258459 0.246991  1.59387
0.881382  0.25583 0.242375  1.59685
0.886929 0.253607 0.241458  1.60697
0.886333 0.257508 0.235115  1.60505
 0.932838 0.0876714  0.240764   1.68176
0.933873 0.102535 0.226088  1.68133
 0.930486 0.0989089    0.2307   1.67389
0.924988 0.150271 0.184384  1.66589
0.928096 0.153751 0.176953  1.67657
0.922442  0.14611 0.227046  1.65784
0.913669 0.140938 0.212004  1.64454
0.927734 0.150634 0.237796  1.66799
 0.92665 0.151133 0.233558  1.66705
0.922424 0.149244 0.228752  1.65553
0.936237  0.17527 0.223797  1.69319
0.934245 0.195798 0.247113   1.6846
0.928017 0.143867 0.241916   1.6695
0.915889  0.13703 0.208028  1.64368
 0.92699 0.151569 0.236193  1.66611
0.911615 0.142477 0.209345  1.64087
0.923333 0.160021 0.256269  1.66493
0.916108 0.153119 0.222422  1.64047
0.936113 0.187297 0.224188  1.69305
0.914733  0.15433 0.220091  1.63482
0.922265 0.148389 0.228611  1.65516
0.932063 0.132493 0.182536  1.68231
0.922123 0.192445 0.146316  1.65304
0.929952 0.137471 0.279486  1.68307
0.924397  0.17783   0.2035  1.65591
0.921946 0.161055 0.215039  1.65298
0.920978 0.166413 0.216269  1.64425
 0.88925 0.235616 0.253484  1.61021
0.889556 0.239023 0.247161  1.61015
0.884755 0.231919 0.260089  1.60285
0.880309 0.227099 0.267137  1.59591
0.879115  0.23516 0.262417   1.5937
 0.88133 0.233816 0.263932  1.59899
0.882888 0.246662 0.248844  1.59934
 0.87805 0.243334 0.257109  1.59179
0.876947  0.25127  0.25134  1.58971
0.879331 0.249949 0.253293  1.59547
0.885765 0.237993  0.25664  1.60585
0.880376 0.241968  0.25877  1.59735
 0.88447 0.244988 0.251861  1.60326
0.883571  0.23991 0.254649  1.60083
0.893536 0.154809 0.287122  1.61909
0.897666 0.163187 0.288354  1.62653
0.898917 0.154084  0.28918  1.62919
0.896952 0.156643 0.288133  1.62471
0.902789 0.165978 0.282687  1.63366
0.907814 0.148982 0.282902  1.64314
0.903863 0.151091 0.286695  1.63617
0.902334 0.153075 0.285743   1.6327
 0.90239 0.160914 0.282945  1.63337
0.891477 0.156087 0.287677  1.61459
0.889721 0.165408 0.287954   1.6118
 0.89579 0.165338 0.287608  1.62233
0.891918 0.163957 0.287802   1.6167
0.887999  0.17478 0.287005  1.60899
0.886396  0.18395 0.285036  1.60629
0.893097  0.18202 0.283075  1.61757
0.888822 0.182274 0.285542  1.61184
 0.90049 0.168434  0.28119  1.62838
0.900885 0.173503 0.276665  1.62895
0.890364 0.173171 0.287227  1.61435
0.894952 0.179598 0.284944  1.62182
 0.89644 0.171782 0.287044  1.62476
 0.89424 0.174153 0.285959  1.61983
0.929022 0.135729  0.23561  1.67062
0.896779 0.270118 0.215621   1.6258
0.928928 0.144296 0.236318   1.6698
 0.93848 0.180699 0.212377  1.69855
0.927222 0.132188 0.244382  1.66871
0.939613 0.172613 0.205106    1.701
0.929409 0.151459 0.228548  1.67039
0.926099 0.150472  0.23406  1.66507
0.938067 0.163232 0.204597  1.69566
0.923459 0.146371 0.226373  1.66025
 0.91896  0.13857 0.212626  1.65242
0.920505 0.142438 0.211688  1.65965
0.937518 0.171629 0.207049  1.69574
0.917285 0.139316 0.211527  1.64866
0.927175  0.15636 0.216222  1.66309
0.915348 0.144266 0.222444  1.64079
0.924295  0.14661 0.225391  1.66338
0.920937 0.147668 0.231062  1.64485
 0.92306 0.147287 0.215349  1.66128
0.921805 0.158097  0.20479   1.6563
0.928056 0.156731  0.22806  1.66255
 0.762075  0.120362 -0.438362   1.39286
 0.763357  0.123148 -0.439577   1.39693
 0.756094   0.12359 -0.443352   1.38359
 0.760067  0.116842 -0.437793   1.38744
0.756521 0.118843 -0.44087  1.38198
 0.757217  0.114604 -0.437653   1.38049
 0.757762  0.116432 -0.439437   1.38339
  0.75751  0.121436 -0.440948   1.38481
 0.760705   0.11969 -0.439642   1.39057
 0.769654  0.142398 -0.450165   1.41858
 0.751995  0.125797 -0.446937   1.37743
 0.747793  0.129369 -0.449144   1.37047
 0.750034  0.123699 -0.445572   1.37182
 0.747728  0.125901 -0.446702   1.36796
 0.747945  0.122815 -0.444248   1.36599
 0.748396  0.124098 -0.445947    1.3686
 0.748446  0.127471 -0.447638   1.37057
 0.750847  0.125654 -0.447067   1.37497
 0.764764  0.152813 -0.454174   1.41176
 0.769922  0.130588 -0.441674   1.41308
 0.770769  0.135044 -0.438965   1.41416
 0.740693  0.137124 -0.451369   1.35831
 0.741469  0.135718 -0.451621   1.35982
 0.738566  0.135742 -0.450128   1.35249
 0.736836  0.135763 -0.448658   1.34752
 0.738015  0.134161 -0.448184    1.3494
 0.738284  0.135009 -0.448626   1.35038
  0.74077  0.132832 -0.449774   1.35641
  0.73919  0.132546 -0.447838   1.35138
 0.740276  0.130919 -0.447437   1.35313
 0.740472  0.131803 -0.447921   1.35399
  0.73958  0.135342 -0.449995   1.35447
 0.739398   0.13337 -0.448263   1.35221
 0.740507  0.133859 -0.450018   1.35621
 0.739678  0.134264 -0.449818   1.35436
 0.737227  0.136551 -0.449071   1.34873
 0.738546   0.13679 -0.450472   1.35288
  0.73772    0.1381 -0.451141   1.35188
 0.737514  0.137062 -0.450707   1.35093
 0.738807  0.140155 -0.453795   1.35657
  0.73851   0.13878 -0.452608   1.35486
 0.739527  0.138214 -0.451831   1.35637
 0.773456  0.157742 -0.432789   1.42085
 0.736644  0.143853 -0.454409   1.35322
 0.734535  0.147731 -0.454464   1.34963
 0.734752  0.143181 -0.451882    1.3472
 0.733534  0.145222 -0.451903   1.34505
 0.733099  0.143199 -0.450136   1.34204
0.733461 0.143932 -0.45158  1.34442
0.734152 0.146114 -0.45368  1.34796
 0.735641  0.144679 -0.453374   1.35057
 0.779943  0.173296 -0.408274    1.4249
 0.776323  0.161032 -0.417537   1.41975
 0.777077  0.165609 -0.416285   1.42143
 0.732845  0.151057 -0.454793   1.34707
 0.731577  0.155294 -0.454093   1.34486
 0.730846  0.150642 -0.452007   1.34066
 0.730036  0.152902 -0.451638   1.33917
0.729181 0.151032  -0.4505  1.33567
 0.729615  0.151523 -0.451493   1.33791
 0.730683  0.153578 -0.453595   1.34228
 0.731861  0.152129 -0.453435    1.3443
 0.788249   0.19161 -0.444629   1.46015
0.789886 0.193308 -0.44709  1.46454
 0.789344  0.199892 -0.443342   1.46414
0.788984 0.201295 -0.43931  1.46213
 0.783127  0.193016 -0.450226   1.45289
 0.786873  0.197584 -0.447913   1.46067
 0.729658    0.1687 -0.450734   1.34184
 0.730547  0.173963 -0.448041   1.34315
  0.72735  0.169176 -0.447319   1.33447
  0.72768  0.171937 -0.445934   1.33486
 0.725705  0.170729 -0.446319   1.33005
 0.726336  0.170422 -0.446214   1.33189
 0.728386   0.17205 -0.448237   1.33828
 0.728701  0.170433 -0.448432   1.33867
 0.768864  0.158179 -0.437722   1.41375
 0.728814  0.178149 -0.446011   1.33933
 0.729416  0.176253 -0.446091   1.34017
0.726686 0.179145 -0.44252  1.33242
 0.724067  0.181415 -0.441836   1.32641
 0.724114  0.178254 -0.443102   1.32654
 0.725791  0.179543 -0.443027   1.33023
 0.726583  0.173298 -0.445133   1.33244
 0.724139  0.175245 -0.444227   1.32658
 0.724237  0.172328 -0.445335   1.32679
 0.725769  0.173513 -0.445278   1.33017
 0.727897  0.177651 -0.443466   1.33511
 0.725727  0.176507 -0.444193    1.3301
 0.727583  0.174666 -0.444941   1.33472
 0.726478  0.176069 -0.443791   1.33199
 0.735871  0.149637 -0.457904   1.35525
 0.738424  0.146857 -0.457434   1.35969
 0.724389  0.196552 -0.435362   1.32693
 0.724123  0.192427 -0.437278   1.32648
0.727766 0.193065 -0.43559  1.33387
 0.726472   0.19413 -0.437063    1.3316
 0.724039  0.188555 -0.438935   1.32634
 0.723966  0.184811 -0.440496    1.3262
 0.727142  0.185662 -0.439306   1.33295
 0.726013  0.186373 -0.440365    1.3307
 0.730407  0.191274 -0.439373   1.34182
 0.730885  0.188916 -0.439575   1.34232
 0.726177   0.19016 -0.438784   1.33103
 0.728527  0.187379 -0.438961   1.33605
 0.729228  0.191099 -0.436944   1.33717
 0.727231  0.189138 -0.437505   1.33287
 0.734127  0.168418 -0.456333   1.35495
 0.796652  0.225177 -0.414085   1.47227
 0.785648   0.22557 -0.408203   1.44658
 0.788538  0.229355 -0.407301   1.45317
 0.735477  0.178368 -0.452109   1.35757
 0.737576  0.200415 -0.438541   1.35943
 0.736092  0.196079 -0.439671   1.35591
 0.734496   0.20808 -0.429518   1.34894
  0.73488  0.205043 -0.429912   1.34913
 0.731026  0.210758 -0.425004   1.33907
0.726537 0.215719 -0.42517  1.33055
 0.725891  0.210656 -0.428046   1.32948
 0.729097  0.212684 -0.427544   1.33634
 0.729425  0.201389 -0.430647   1.33649
 0.725259  0.205709 -0.430661   1.32836
 0.724892  0.200977 -0.433119   1.32779
 0.727744  0.202861 -0.432711    1.3339
  0.73281  0.208207 -0.426945   1.34316
 0.728323  0.207753 -0.430253   1.33497
 0.731495  0.203509 -0.429979   1.34098
0.729953 0.205819 -0.42793  1.33715
 0.746724   0.20594 -0.435935   1.37858
 0.739733  0.229207 -0.414552   1.35744
 0.740505  0.225123 -0.415385   1.35829
 0.735333  0.232534 -0.410157   1.34575
 0.729284  0.239236 -0.410858   1.33506
 0.728618  0.232854 -0.414832   1.33395
 0.732771  0.235494 -0.414087    1.3429
  0.73344  0.221028 -0.417904   1.34283
 0.728011  0.226847 -0.418469   1.33296
 0.727321  0.221127 -0.421935   1.33184
 0.731059  0.223416 -0.421263   1.33981
 0.737651  0.229451 -0.412942   1.35116
 0.731909   0.22929 -0.417791   1.34133
 0.736045    0.2237 -0.416888   1.34846
 0.734127   0.22644 -0.414353   1.34372
 0.815349  0.262478 -0.351976   1.49575
 0.772375  0.243764 -0.392236   1.41775
 0.843251  0.244457 -0.338518    1.5451
 0.798374   0.24402 -0.382854   1.46724
 0.886417    0.2366 -0.269168    1.6162
0.804716 0.274187 -0.34861  1.47733
 0.798731  0.357368 -0.240295   1.45421
 0.798722  0.346028 -0.249168   1.45222
0.788835  0.37222 -0.22833  1.43472
 0.776227  0.393471 -0.218505   1.41541
 0.771232  0.383279 -0.240519   1.40645
  0.78143  0.388714 -0.234747   1.42924
 0.779881  0.352149 -0.267921   1.41932
  0.76715  0.372142 -0.261596   1.39947
0.762872 0.360833 -0.28098  1.39211
 0.772796  0.366238 -0.275893   1.41394
 0.792992  0.367069 -0.243025   1.44605
 0.777359  0.377539 -0.256109   1.42205
 0.786804  0.357964 -0.261887   1.43483
 0.783943  0.362446 -0.250082   1.42651
 0.905357  0.225173 -0.231001   1.64587
0.795508 0.427182 -0.10637  1.44965
 0.788225  0.421994 -0.136671   1.43621
 0.809076  0.404725 -0.125794   1.47004
0.800092 0.426816 -0.12833  1.46319
0.783709 0.413608 -0.16601  1.42814
 0.779927   0.40341 -0.192345   1.42113
 0.800346  0.388741 -0.178376   1.45395
 0.791029  0.409354 -0.185225   1.44646
0.820869 0.385097 -0.14186  1.49029
 0.821391  0.372531 -0.156263   1.48878
 0.795454  0.418988 -0.158156    1.4548
 0.807462  0.395311 -0.169643   1.47078
 0.813657  0.402589 -0.145564   1.48288
 0.803903  0.398413 -0.155036   1.46112
 0.936444  0.191793 -0.152677   1.69394
 0.821706  0.419268 0.0211987   1.49439
   0.815023    0.424914 -0.00888466     1.48267
   0.834831    0.403379 -0.00435078     1.51474
    0.826221     0.426163 -0.000167638      1.50816
  0.809002   0.427867 -0.0403828    1.47238
  0.802577   0.428211 -0.0726079    1.46126
  0.825091   0.406218 -0.0629024    1.49776
   0.81483   0.430604 -0.0636486    1.48876
  0.848058   0.384445 -0.0223224    1.53629
      0.85   0.375648 -0.0430161    1.53824
  0.820798    0.42961 -0.0315898    1.49902
  0.833157    0.40938 -0.0519367    1.51647
  0.838692   0.408386 -0.0236683    1.52664
  0.829812   0.407038 -0.0342536    1.50645
  0.954625   0.138149 -0.0250917    1.71421
0.846088 0.378928 0.118099  1.53686
 0.840198  0.390501 0.0989017   1.52649
 0.853034  0.374794 0.0977216   1.54708
0.847351 0.389167  0.10451  1.54279
 0.834248  0.401564 0.0762739   1.51619
 0.828013  0.410423 0.0508344   1.50489
 0.844895  0.390575 0.0538321   1.53229
 0.837352  0.410715 0.0590571   1.52655
 0.860927  0.369986 0.0803411   1.56056
 0.861502  0.369564 0.0621682   1.56056
 0.842609  0.400616 0.0830049   1.53526
 0.850593   0.39102 0.0640375   1.54603
0.855168 0.383264 0.084296  1.55453
 0.848714  0.384562 0.0763087   1.53972
 0.949954  0.139083 0.0827293    1.7046
0.952466 0.132968 0.106223  1.71188
0.873435 0.333541 0.148026  1.58231
0.874001  0.33503 0.134699  1.58226
0.866758 0.334159 0.161657  1.57078
0.860761 0.334703 0.177072  1.56174
0.857777 0.344763 0.164702  1.55643
0.862207  0.34335 0.168216  1.56674
0.861704  0.35242 0.133227  1.56185
0.854699 0.355385 0.150822  1.55124
0.850849 0.366294 0.135557   1.5446
0.856387 0.364676 0.139732  1.55726
0.868518 0.341998 0.152306  1.57635
 0.85966 0.353776 0.154504  1.56262
0.865408 0.351182 0.139244  1.57071
0.864134 0.344108 0.147756  1.56637
0.932597 0.130432 0.221294  1.67767
0.891982 0.332346 0.122267  1.62032
0.880121 0.299364 0.194396  1.59387
0.880487 0.302086 0.184665  1.59368
 0.87477   0.2974 0.205267  1.58494
0.869928 0.294964 0.217272  1.57763
0.867796 0.304503 0.208881  1.57387
0.871028 0.303019 0.211172  1.58141
0.871468 0.314354 0.185524  1.57888
0.865595 0.314467 0.199355  1.57008
 0.86319 0.324029 0.188818  1.56571
 0.86702 0.322631 0.191939  1.57473
0.876083 0.304836 0.198814  1.58913
0.869171   0.3129  0.20187  1.57839
0.873951 0.312898 0.190106  1.58499
0.872925 0.306861 0.195623  1.58187
0.930927 0.141164 0.227158  1.67387
0.934662 0.130693 0.203321  1.68126
 0.92498 0.130084 0.251068  1.66646
0.894588 0.299734 0.177737  1.62237
0.893908  0.20438 0.271414  1.61818
0.894005 0.208127  0.26618  1.61779
0.889588 0.199765 0.277539  1.61145
0.884968  0.19327 0.282547  1.60401
0.883623 0.201771  0.27944  1.60162
0.885818  0.20028 0.280384  1.60675
0.887366 0.215267 0.269186  1.60745
0.882514 0.210256 0.275728  1.59972
0.881382 0.218441 0.271565  1.59767
0.883596    0.217 0.272854  1.60292
0.890469  0.20619 0.274906  1.61421
0.884729 0.208777 0.276764  1.60491
 0.88891 0.213422  0.27157  1.61115
0.888162 0.208247 0.273612  1.60908
 0.91856 0.113535 0.273239   1.6599
0.921755 0.121405 0.261203  1.66365
0.917294 0.119756 0.273291  1.65655
0.913171 0.110157 0.282531  1.65092
0.907582 0.112826 0.294939  1.64369
  0.9096 0.118497 0.286096  1.64438
 0.90985 0.111672 0.284721  1.64394
0.901718 0.116565 0.297189  1.63395
 0.89587   0.1192 0.290145  1.62169
0.900848 0.127629 0.294003  1.63213
0.899348 0.121027 0.293916  1.62803
0.905043 0.133487 0.291233  1.63891
0.908973 0.129725 0.284919   1.6434
0.907846 0.131197 0.284286  1.64081
0.904971 0.116498 0.293272  1.63751
0.903887 0.127184   0.2914  1.63544
0.908097 0.122309 0.283743  1.64057
0.905804 0.123783 0.293486  1.64011
0.923999 0.144512 0.258698  1.66586
0.914337 0.114272 0.281192  1.65257
0.911935 0.117786 0.280837  1.64716
0.913742 0.124182 0.273386  1.64874
0.911634 0.128793 0.282208  1.64825
0.923064 0.124999 0.258643  1.66348
 0.793334   0.20368 -0.437355     1.471
 0.794045   0.19748 -0.442101   1.47232
0.800854 0.200102 -0.43526  1.48381
 0.795608   0.20037 -0.437672   1.47393
 0.793247    0.1941 -0.445707   1.47115
  0.78992  0.187188 -0.440986   1.46132
 0.797003  0.186233 -0.437574    1.4741
 0.792895  0.188068 -0.439582   1.46677
 0.810375  0.194989 -0.431944   1.50055
  0.80674  0.184628 -0.432704   1.49171
 0.826771  0.184304 -0.421273   1.52894
 0.811884  0.186701 -0.428686   1.50056
0.795205 0.194984 -0.44309    1.474
 0.800501  0.187145 -0.435851   1.48041
 0.802633  0.196117 -0.435618   1.48602
  0.80014  0.193435 -0.440797   1.48292
 0.738576  0.190373 -0.445653   1.36316
 0.955801 0.0998128 0.0932273   1.71582
 0.953928  0.146394 0.0772718   1.71531
 0.954516  0.126372 0.0657063     1.714
 0.960667 0.0724758 0.0683449    1.7246
 0.958565  0.106668 0.0561448   1.72236
  0.96265 0.0459335 0.0342073    1.7292
 0.961201 0.0965466 0.0396091   1.72768
 0.956308  0.121956 0.0605038   1.71772
 0.958231  0.110834 0.0836728   1.72243
0.932028 0.139862 0.214782  1.67623
 0.759711  0.154676 -0.453087   1.40168
 0.759313  0.154149 -0.453309   1.40091
 0.760091  0.154808 -0.453736    1.4027
 0.759075  0.154312 -0.453756   1.40067
 0.759016  0.154563 -0.453938   1.40067
0.759163 0.154177 -0.45357  1.40074
 0.759019  0.154121 -0.453611   1.40045
 0.760976  0.152855 -0.450443   1.40248
 0.761688  0.151779 -0.448546   1.40282
 0.743239  0.137945 -0.455109   1.36641
 0.746744  0.135171 -0.454176   1.37266
 0.761706  0.157403 -0.452501   1.40569
 0.763016  0.152059 -0.449898   1.40615
  0.76565  0.151623 -0.456292   1.41446
 0.760786  0.151546 -0.450393   1.40185
 0.758141  0.127093 -0.445578      1.39
 0.762768  0.126796 -0.443964   1.39883
 0.760642  0.152641 -0.452481   1.40278
  0.76138  0.150154 -0.448794   1.40203
 0.767489   0.14868 -0.455997   1.41766
 0.748587   0.13502 -0.453415   1.37599
0.768136 0.145012 -0.44976  1.41532
 0.759283  0.155632 -0.453661    1.4013
 0.759265  0.155774 -0.453829   1.40135
 0.759891  0.155656 -0.453136   1.40211
 0.759072  0.155641 -0.454016   1.40101
  0.76256  0.157293 -0.452579   1.40739
 0.760813  0.157557 -0.452835   1.40404
  0.75886  0.154972 -0.454057   1.40047
 0.760415  0.153028 -0.452514   1.40235
 0.758864  0.154605 -0.453933   1.40035
  0.76019   0.15419 -0.453888   1.40278
 0.759934  0.154554 -0.453767   1.40233
 0.764046  0.149148 -0.460102   1.41264
 0.759641  0.154447 -0.453099   1.40149
 0.758432  0.154159 -0.453187   1.39901
 0.759495  0.154325 -0.453027   1.40116
 0.759091  0.153974 -0.453228   1.40037
 0.758779  0.154215 -0.453462   1.39988
  0.75927  0.154173 -0.453394   1.40088
 0.759461  0.154395 -0.453198   1.40121
  0.75891  0.153912 -0.453282       1.4
 0.773488  0.158595 -0.424764   1.41707
 0.732823  0.156963 -0.457887   1.35057
 0.734892  0.154157 -0.457567   1.35405
 0.740334  0.142099 -0.456594   1.36208
 0.741996  0.149397 -0.463531   1.37055
 0.761031  0.151057 -0.450361   1.40231
 0.734553  0.159831 -0.458478   1.35516
 0.764098  0.158571 -0.453794   1.41126
 0.758738  0.154902 -0.453841   1.40007
0.762809 0.158771 -0.45422  1.40891
 0.758846  0.155352 -0.454062   1.40048
 0.759017  0.155677 -0.454103   1.40089
 0.756901  0.159956 -0.448366   1.39467
 0.760689  0.155572 -0.450109   1.40223
 0.760067  0.154934 -0.450263   1.40095
0.759376 0.155185 -0.45108  1.40001
 0.758659  0.154942 -0.453816   1.39989
 0.760121  0.155241 -0.451464    1.4017
 0.759372   0.15586 -0.453966   1.40158
 0.759693  0.155817 -0.453849   1.40214
  0.76006  0.155816 -0.450352    1.4011
0.759524 0.155854 -0.45389  1.40185
 0.759453   0.15579 -0.453511   1.40145
 0.948326  0.162956 0.0835685   1.70389
 0.949732  0.160222 0.0867021   1.70712
 0.883286  0.357907 0.0605337   1.60511
0.907368 0.266312 0.191686  1.64149
 0.950229  0.160299 0.0737988   1.70717
 0.954254  0.151763 0.0262228   1.71425
  0.953813   0.147093 0.00125489    1.71241
  0.955604   0.143593 0.00127252    1.71682
   0.95558   0.145118 -0.0154263    1.71742
  0.953114   0.149383 -0.0549721    1.71359
  0.94785  0.170949 0.0354512   1.70008
 0.950415  0.169899 0.0324069   1.70646
  0.954491   0.133239 -0.0569754     1.7152
 0.850411  0.349265 -0.178184    1.5508
   0.951563    0.161095 -0.00955142     1.70822
  0.949785   0.165965 0.00902733    1.70407
 0.939348  0.149676 -0.146519   1.69192
 0.945112  0.164103 -0.129834   1.70577
 0.928971  0.174755 -0.186326   1.67945
 0.827975   0.32475 -0.262607   1.51576
  0.853993   0.364068 -0.0844272     1.5467
 0.845855  0.347386 -0.114919   1.52583
 0.914058  0.193093 -0.225245   1.65729
 0.896255  0.210175 -0.262657   1.63027
  0.79772   0.30251 -0.326148   1.46434
0.910801  0.25072 -0.17672  1.65109
  0.87728  0.226847 -0.293267   1.60062
 0.778293  0.276354 -0.369597   1.43226
 0.890383   0.26761 -0.221178   1.61918
 0.826136  0.238008 -0.367838   1.51749
 0.837797  0.243045 -0.356192   1.53992
 0.839843   0.27506 -0.311747   1.53743
 0.808359  0.233918 -0.391274   1.48812
 0.818311  0.240085 -0.382832   1.50777
 0.800323  0.229194 -0.413349   1.48065
 0.796787   0.23781 -0.399465   1.46941
 0.805039  0.232263 -0.408624   1.48934
0.912806 0.142739   0.2055  1.64221
 0.922202 0.0819423  0.161961   1.66204
0.915445 0.138078 0.202947  1.64279
0.926655 0.186721 0.262577  1.67441
0.932418 0.191577 0.240451  1.68549
0.921328 0.145267 0.284454  1.66308
0.923266 0.161289 0.276757  1.66877
0.925045 0.153307 0.234534  1.66116
0.928068  0.17629 0.249614   1.6775
0.926587 0.153529 0.235001  1.66482
0.928159 0.151727 0.233825  1.66791
0.929613 0.147796 0.231246   1.6708
0.899711 0.241896 0.240637  1.63032
0.926954 0.155305 0.234136  1.66543
0.931504 0.135021 0.215653  1.67412
0.928392  0.15007 0.240409  1.66973
 0.947796 0.0747609  0.180902   1.70561
 0.945535 0.0767821  0.193178   1.70205
 0.939561 0.0949051  0.199928   1.68961
 0.94448 0.100066 0.184277  1.69963
 0.943686 0.0874958  0.184147   1.69645
0.927762 0.154534 0.231573    1.667
0.928826 0.152269  0.22758  1.66888
0.934144 0.121884 0.203994  1.67869
0.906266 0.292133 0.121368  1.63615
0.936007 0.113418 0.213115  1.68436
 0.93122 0.157323  0.21181  1.67607
 0.93616 0.162143 0.210323  1.68375
0.918898 0.143484 0.211163  1.65619
0.938659 0.166286   0.2043  1.69467
0.927973 0.152257 0.237811  1.66894
0.927928   0.1529 0.233755  1.67075
0.935064 0.176158 0.215736  1.69204
0.926021 0.154623 0.234326  1.66258
0.932124 0.178802 0.229445  1.68594
0.924041 0.149869 0.228895  1.65834
  0.9174 0.131681 0.201616  1.64584
0.931236 0.143226 0.203015  1.67475
0.915188 0.134358 0.203019  1.64787
0.927435 0.150647 0.224418  1.67211
0.921037 0.131836 0.200172  1.66016
0.929492 0.137899 0.246841  1.67604
0.929797 0.172824 0.241526  1.68103
 0.914073 0.0210347  0.209646   1.64134
0.920593 0.131024 0.189576  1.65629
0.929657 0.151417 0.249724  1.67925
0.907306 0.184278 0.267401  1.64029
0.908693 0.148355 0.279789  1.64216
0.907557 0.161339  0.27461  1.64024
0.903457 0.212892 0.258464  1.63595
0.926991 0.140567 0.249792  1.66949
0.926915 0.155164 0.233949  1.66501
0.904916  0.22939 0.230105  1.63362
0.928306 0.151114 0.240307  1.67005
0.939065 0.171471 0.220318  1.69629
0.939764 0.167025 0.220632  1.69356
 0.92653 0.151297 0.251304  1.66911
0.925125 0.146628  0.22517  1.66522
0.921975 0.140565 0.213118  1.66025
0.924565 0.145443 0.212359  1.66821
0.938178 0.171163 0.222439  1.69253
0.920684 0.141373 0.212142  1.65739
0.933991 0.159373 0.223873   1.6773
0.921918 0.148136 0.216583  1.65756
0.926154  0.14825 0.224226  1.66869
0.929621 0.155971 0.226723  1.66645
 0.92671 0.151036 0.214254  1.66956
 0.755367  0.130514 -0.448381   1.38635
 0.763879  0.150477 -0.456949   1.41088
0.762552 0.150305 -0.45137  1.40558
 0.764829  0.139014 -0.452314   1.40897
 0.743514  0.140525 -0.456413   1.36827
 0.765711  0.161138 -0.438959   1.40837
0.759929 0.152018 -0.45272  1.40129
 0.740156    0.1459 -0.458061   1.36338
0.768588 0.162766 -0.42678  1.40857
 0.760088  0.161162 -0.444407   1.39946
 0.770557  0.183228 -0.443875   1.42292
 0.745611  0.142991 -0.461512   1.37563
 0.731327  0.165376 -0.456278   1.34842
 0.732703  0.162395 -0.456244   1.35057
 0.744216  0.184263 -0.452941   1.37645
 0.739709   0.16655 -0.462342   1.36873
 0.731517  0.175094 -0.452629   1.34889
 0.732214  0.171846 -0.452907   1.34974
 0.740988   0.17478 -0.458926   1.37113
0.733241 0.186576 -0.44676  1.35175
 0.733337  0.182808 -0.447354   1.35138
 0.761559  0.220827 -0.414947   1.40021
 0.754987  0.193621 -0.450352   1.39836
 0.785318  0.205004 -0.439399   1.45627
 0.776582  0.198083 -0.448831   1.44138
 0.778969  0.204238 -0.438859   1.44268
 0.744364  0.220177 -0.426647   1.37212
 0.743506  0.214398 -0.427989   1.36949
 0.756316  0.205795 -0.433058   1.39482
   0.7521  0.243985 -0.405775   1.38399
 0.751644  0.235368 -0.409044    1.3822
 0.765204  0.250028 -0.400341   1.41084
 0.762743  0.270839 -0.377133   1.40055
 0.761028  0.260438 -0.382469   1.39617
0.788509 0.252793 -0.38413  1.45128
 0.778821  0.299416 -0.336811   1.42629
 0.774064  0.287653 -0.345249    1.4156
 0.802386  0.327088 -0.278829    1.4648
 0.793633  0.314773 -0.291274    1.4454
 0.866407  0.279364 -0.265614   1.58214
 0.855636  0.265804 -0.303896    1.5673
 0.829238   0.35307 -0.191616   1.50708
0.824208 0.336702    -0.21  1.49415
  0.938158   0.205782 -0.0970589    1.69131
 0.897429  0.292655 -0.136257   1.62324
  0.950075   0.156897 -0.0559741    1.70665
 0.919667  0.212363 -0.171949   1.66111
 0.872023  0.356138 0.0423711    1.5774
   0.873907    0.358025 -0.00640183     1.58369
0.880295 0.337612 0.113616  1.59401
 0.879778  0.339911 0.0841472   1.59122
0.946947 0.165766 0.100555  1.70121
0.942961 0.201002  0.05008  1.69283
  0.94845  0.174285 0.0581657   1.70299
0.887911 0.302535 0.169273  1.60625
0.889103 0.306605 0.146802  1.60702
0.902211 0.273485 0.162107  1.62638
0.891271  0.27332 0.209362  1.61264
0.892155 0.280992 0.190093  1.61321
0.894268 0.245775  0.23749  1.61811
0.894357 0.252538 0.224373  1.61706
0.930606 0.146887 0.223061  1.67304
0.898151 0.216894 0.257639  1.62462
0.897721 0.223586 0.247699  1.62264
0.903372 0.187119 0.271444   1.6335
0.901693 0.193947 0.263962  1.62892
0.913718 0.145879 0.276524  1.65246
0.929825 0.148241 0.221756  1.67092
 0.777313  0.232389 -0.407647   1.43317
 0.789651  0.210033 -0.430896   1.46192
0.794251 0.214957 -0.42603  1.47047
 0.795196  0.219662 -0.420204   1.47078
0.797658 0.223204 -0.41683   1.4753
 0.787751  0.221069 -0.417108   1.45455
 0.793306  0.217674 -0.420855    1.4665
  0.76762  0.212367 -0.426812   1.41684
 0.786346  0.189608 -0.447144   1.45705
 0.777353  0.186762 -0.441042   1.43658
0.784558 0.191121 -0.44934  1.45491
 0.951488 0.0860527  0.122731   1.70696
 0.951038 0.0733592  0.147495   1.70789
 0.948365 0.0555835  0.144407   1.69987
 0.946195 0.0875359  0.155411   1.69795
 0.949527 0.0903697  0.143286   1.70471
0.929616  0.15208 0.221204  1.67112
0.941722  0.11651  0.15987  1.69033
 0.949179   0.14925 0.0931797   1.70427
 0.759745  0.154319 -0.453227   1.40171
 0.759325  0.154034 -0.453103   1.40079
 0.759147  0.153904 -0.453197   1.40044
 0.760051  0.154354 -0.454055   1.40266
  0.76036    0.1539 -0.454112   1.40319
  0.75872   0.15452 -0.453634   1.39988
 0.762589  0.160028 -0.452782   1.40805
 0.759523  0.153931 -0.453414   1.40127
0.750177  0.13843 -0.45885  1.38269
 0.759744  0.154151 -0.454134   1.40202
 0.761618  0.149505 -0.449189   1.40266
 0.756173  0.135431 -0.455845   1.39291
  0.75811  0.154592 -0.452802   1.39822
  0.76275  0.149378 -0.453312   1.40682
 0.764422  0.146424 -0.457215   1.41146
 0.757884   0.14764 -0.452127   1.39617
 0.760014  0.135854 -0.455587   1.40052
 0.770716  0.137562 -0.442354   1.41595
 0.764137  0.136721 -0.454061   1.40848
 0.760355  0.148749 -0.449639   1.40011
 0.759288  0.155829 -0.454047   1.40145
0.759137  0.15574   -0.454  1.40109
 0.759313  0.155466 -0.452625   1.40068
 0.758856  0.155422 -0.453988   1.40046
0.761686 0.159233 -0.45463  1.40689
 0.758347  0.154575 -0.453069   1.39882
 0.758603  0.154554 -0.453621   1.39963
 0.759875  0.153541 -0.454258   1.40218
 0.760917  0.159109 -0.454992   1.40555
 0.758616  0.154231 -0.453471   1.39954
 0.759292  0.152986 -0.454811   1.40117
 0.758724  0.154011 -0.453364   1.39968
 0.758844  0.153838 -0.453331   1.39986
  0.75891  0.154027 -0.453331   1.40006
 0.759435  0.154126 -0.453106   1.40103
 0.758361  0.154025 -0.453267   1.39887
 0.759517  0.154083 -0.453279   1.40121
 0.759119  0.153821 -0.453306   1.40039
 0.765005   0.16159 -0.433323   1.40428
 0.740334    0.1592 -0.463904   1.36938
 0.747687  0.151075 -0.470811   1.38576
 0.763215  0.160497 -0.443227   1.40525
  0.76214   0.16013 -0.450222   1.40615
 0.760098  0.150302 -0.450688   1.40039
  0.76145   0.15983 -0.454221   1.40643
  0.75848  0.154818 -0.453175   1.39918
 0.758726  0.155293 -0.453366   1.39984
 0.760008  0.160593 -0.451006   1.40222
 0.760299  0.157453 -0.452865   1.40306
 0.759692   0.15573 -0.450782   1.40058
 0.758952  0.155448 -0.453184   1.40023
 0.759936  0.159999 -0.454769    1.4036
 0.759653  0.155245 -0.450432   1.40025
  0.75951  0.155501 -0.452137   1.40083
 0.759325  0.155797 -0.453684   1.40129
 0.758888  0.155556 -0.451438   1.39925
 0.759117  0.155749 -0.453774   1.40091
 0.759007  0.155512 -0.452752   1.40013
 0.947322  0.174841 0.0804342   1.70166
 0.901646  0.315109 0.0809492   1.63029
 0.898814  0.324395 0.0280342   1.62458
0.897889  0.29587 0.110906  1.61702
  0.952057   0.166041 0.00405147     1.7102
 0.891949  0.312424 0.0500494   1.60488
  0.952509   0.167991 -0.0260549    1.71262
   0.94774   0.190484 -0.0141167     1.7035
  0.947722    0.19175 -0.0502749    1.70693
 0.944393  0.198741 0.0145977   1.69575
  0.944509   0.178449 -0.0963081    1.70153
 0.934014  0.190253 -0.131881   1.68321
0.881523 0.335797 -0.13942  1.60589
  0.928465   0.246272 -0.0879055    1.67546
  0.86839  0.317373 -0.204863   1.58239
  0.938111   0.220091 -0.0502961    1.68848
 0.901527   0.23243 -0.214275   1.63355
 0.879686  0.250154 -0.258321   1.60054
 0.833899  0.307931 -0.260368   1.51816
 0.884857  0.274112 -0.199964   1.60208
 0.804174  0.287448 -0.317517   1.46678
 0.851424  0.297865 -0.250488   1.55082
 0.821516  0.242523 -0.370254   1.50972
0.803099 0.239897 -0.39305  1.48048
 0.827012   0.29212 -0.304118    1.5142
  0.83377  0.263534 -0.342401   1.53321
0.917996 0.131472  0.19745  1.64793
 0.922816 0.0973678  0.206598     1.659
0.931259  0.14546 0.238034   1.6801
0.924525 0.148028 0.229556  1.65997
0.926248 0.153969 0.234361   1.6628
0.932954 0.176913 0.231119  1.68767
0.927589 0.153221 0.245132  1.66987
0.927046 0.147008 0.233165  1.66659
0.930998 0.169641 0.236354  1.68252
0.928121 0.154223 0.232122  1.66795
0.911005 0.223296 0.240399  1.64871
 0.92812  0.15666 0.233551  1.66778
0.930896 0.141972 0.212982  1.67322
0.936477 0.168022 0.229389  1.68823
0.908197 0.246244 0.218932  1.64335
0.928617 0.156387 0.231131  1.66928
0.932913 0.133572 0.201486  1.67686
0.936487 0.122783 0.186271  1.68263
0.939297 0.122817 0.181094  1.68855
0.930169 0.151652 0.221233  1.67248
0.936497 0.162097 0.222592  1.68366
0.939294 0.163533  0.22168  1.68865
0.927279 0.149931 0.214302   1.6714
  0.9403 0.168318 0.221258  1.69335
0.928462 0.154748 0.240178  1.67112
0.937387 0.168809 0.230338  1.68946
0.934629 0.171972 0.227413   1.6881
0.927841 0.155285 0.234067  1.66627
0.926564 0.149929 0.230151   1.6642
0.929092 0.154815 0.226902     1.67
0.929826 0.157673 0.233465  1.67143
  0.9285 0.162363 0.247318  1.67806
0.928532 0.156125 0.233775   1.6684
0.927887 0.156056 0.250076  1.67508
0.922501 0.116286 0.196529  1.65879
 0.93301 0.164024 0.239392  1.68248
0.919718 0.121339 0.197592  1.64994
0.929893 0.148532 0.235523  1.67469
0.916953 0.143347 0.262999  1.65287
0.909805 0.167315   0.2746  1.64484
0.921345 0.140623 0.261161  1.66237
0.917034 0.157038 0.265713  1.65494
0.925391 0.146945 0.249853  1.66668
0.929396  0.15461 0.227074  1.67073
0.928156 0.153733 0.243322  1.67098
0.938337 0.170675 0.228281  1.69225
0.928134 0.152489 0.235046  1.67113
 0.93895 0.167531 0.225968  1.69176
0.926597 0.148128 0.224593  1.66948
0.924657 0.143283 0.213673  1.66705
0.936124 0.161322 0.223355  1.68505
0.928119 0.159493 0.242891  1.67196
0.923887 0.144092  0.21262  1.66545
0.923591 0.146623 0.211243   1.6663
0.933528 0.158661 0.223723  1.67775
0.927833 0.149107 0.213893  1.67458
0.936507 0.162404  0.22313  1.68491
0.936948 0.161707 0.222452  1.68801
 0.754084  0.138162 -0.457062   1.38974
 0.760523  0.148126 -0.456602   1.40367
0.760247 0.143775 -0.46082  1.40443
 0.749338  0.142195 -0.460452   1.38257
0.759333 0.159953 -0.45303  1.40175
 0.745712  0.147713 -0.463394    1.3778
 0.760021  0.149828 -0.450891   1.40032
 0.742476  0.152845 -0.464101   1.37258
 0.738793  0.155067 -0.463535   1.36514
0.760675 0.184346 -0.46221  1.41308
 0.736828   0.16209 -0.462492   1.36195
 0.748489  0.185195 -0.459707   1.38811
 0.745984  0.159918 -0.472449   1.38494
   0.7366  0.170194 -0.459793   1.36161
 0.746961  0.173168 -0.469533   1.38791
 0.738144  0.179404 -0.454592   1.36377
 0.750203  0.180726 -0.465077   1.39356
 0.741511  0.190142 -0.446594   1.36855
 0.749398   0.19587 -0.444254   1.38493
0.749842 0.203171 -0.43578  1.38271
  0.78493  0.265102 -0.359704   1.43594
 0.814164  0.254854 -0.371949   1.50009
 0.863184  0.318241 -0.167781    1.5622
 0.908736  0.254295 -0.159772   1.64312
  0.884833   0.333208 -0.0856434    1.60333
  0.92331  0.233256 -0.121905   1.66445
  0.898112   0.314946 -0.0836443    1.62626
   0.89062   0.321544 -0.0190238    1.60578
 0.915075  0.296758 0.0520365   1.65226
 0.945741  0.201139 0.0451302    1.6999
0.941454  0.14013  0.15067  1.69014
 0.92654 0.269815 0.044602  1.67033
0.937084 0.176586 0.160264  1.68458
0.908719 0.277009    0.154    1.641
0.919668 0.240864 0.192234  1.66101
0.917847 0.248901  0.16979   1.6548
0.922939 0.264879 0.107735  1.66338
0.902675 0.251861 0.202933  1.62856
 0.93098 0.147339 0.212475  1.67452
0.941329 0.191049 0.131781  1.69346
0.914155 0.164414 0.261796  1.64829
0.920942 0.185469  0.24985  1.66257
0.908689 0.204849 0.249966   1.6411
0.912374 0.182967 0.261629  1.64807
 0.786835  0.210553 -0.432253   1.45711
 0.774334  0.207165 -0.427442   1.42777
 0.779154  0.215886 -0.424744   1.43889
 0.764782  0.196059 -0.446784   1.41739
 0.768034  0.192225 -0.456328   1.42651
 0.770611  0.178646 -0.447219   1.42485
0.946939 0.117927 0.126541  1.69899
0.945902 0.113302 0.158408  1.69999
0.932628 0.143027 0.201171  1.67779
0.948538 0.120639 0.121223    1.702
0.930755 0.150573 0.202899  1.67509
 0.945117   0.16708 0.0908791    1.6956
0.929083 0.250302 0.103635  1.67354
 0.759767   0.15391 -0.454588   1.40224
 0.758575  0.153857 -0.453373   1.39932
 0.759922  0.153216 -0.454613   1.40242
 0.758397  0.154472 -0.453141   1.39896
0.759962 0.151608 -0.45276  1.40137
 0.754739  0.151129 -0.469429   1.39884
 0.754797  0.145893 -0.466915   1.39722
 0.759392  0.157241 -0.453203   1.40131
 0.758847  0.150831 -0.453054   1.39914
 0.760096  0.148139 -0.450502   1.39997
 0.761074  0.148994 -0.453905   1.40357
 0.761527  0.148803 -0.460989   1.40781
 0.760576  0.147688 -0.464686   1.40762
 0.764397  0.144687 -0.459313   1.41243
 0.759835  0.142058 -0.463031   1.40486
 0.758915  0.149463 -0.451273   1.39814
 0.758475  0.154863 -0.453123   1.39914
  0.75917  0.157045 -0.453205   1.40089
 0.759756  0.158965 -0.455415   1.40333
 0.758185  0.159243 -0.456229   1.40063
 0.758274  0.154267 -0.453146   1.39867
 0.759329  0.153811 -0.454712   1.40137
 0.759147  0.153641 -0.453871   1.40064
 0.759446  0.159595 -0.455778   1.40308
 0.756579  0.157918 -0.456459   1.39743
 0.758588  0.153945 -0.453274   1.39934
 0.758875  0.153778 -0.453362    1.3999
 0.757941  0.154272 -0.453624   1.39819
 0.745366  0.166029 -0.471812   1.38452
 0.760183  0.162143 -0.435173    1.3952
 0.743034  0.162121 -0.471673   1.37886
 0.759177  0.160145 -0.447536   1.39901
0.759082 0.151163 -0.45306  1.39961
 0.751986  0.151491 -0.470622   1.39391
  0.75825  0.154804 -0.452463   1.39835
 0.755885  0.158745 -0.443806   1.39018
 0.757529  0.150426 -0.453232   1.39653
 0.759415  0.158685 -0.455588   1.40275
 0.758499  0.154918 -0.452323    1.3988
 0.757974  0.154961 -0.452806   1.39798
 0.759053  0.155712 -0.451028   1.39938
 0.758733  0.155363 -0.453273   1.39981
 0.758388  0.156422 -0.453323   1.39928
 0.758948  0.155275 -0.451252   1.39923
 0.94293 0.201301 0.103038  1.69607
 0.944297  0.203371 0.0728794   1.69773
  0.941258   0.227417 -0.0110935    1.69504
  0.91189  0.286531 0.0690455   1.64229
   0.946087    0.205938 -0.00778129     1.70251
  0.935915   0.227505 -0.0495786    1.68428
  0.944799     0.2019 -0.0498699    1.70102
  0.935775   0.208526 -0.0883509    1.68406
  0.927529    0.24552 -0.0746374    1.67106
  0.935751   0.230667 -0.0155615    1.68265
0.910822 0.292462 -0.12432  1.65295
  0.925962   0.268232 -0.0467712    1.67073
 0.916266  0.269673 -0.122601   1.65862
  0.89578  0.294335 -0.165505   1.62599
0.928359 0.154205 0.234608  1.66754
0.931942 0.158328    0.241  1.68039
0.936068 0.171307 0.231832  1.68921
0.930829 0.151896 0.239402  1.67762
0.928655 0.156227 0.231195  1.66922
0.927118 0.159273 0.245638   1.6703
0.929924 0.155132 0.220807  1.67263
0.927441 0.150667 0.223798  1.67244
0.930093 0.147862 0.212929  1.67243
0.929726 0.156822 0.226845  1.67203
 0.91927 0.224654 0.217757  1.66072
0.929653 0.158133 0.230851  1.67178
0.933508 0.139199 0.191009   1.6786
0.919763 0.175368 0.251977  1.65829
0.915785 0.228307 0.204811  1.65094
0.929492 0.152161 0.213982  1.67227
0.938441 0.166957  0.22671  1.69074
0.926426 0.146578  0.21469  1.67151
0.928588 0.155919 0.234447  1.67314
0.935578 0.165244 0.231177  1.68623
0.935186 0.167889 0.234839  1.68603
0.929906 0.155703 0.234263  1.67136
0.933445 0.168506 0.236303  1.68477
0.931505 0.161024 0.239961  1.68049
0.930435 0.154284 0.235732  1.67328
0.927988 0.153496 0.223754  1.67427
0.931381  0.15333 0.237761  1.67823
0.930018  0.15764 0.231463  1.67244
 0.92163 0.156957  0.25678  1.66179
0.922637  0.17181 0.254701  1.66507
0.925558 0.160577 0.250625  1.66826
0.929724  0.15702 0.226484  1.67201
0.929425 0.155598 0.213757  1.67316
 0.92826 0.155946 0.235574  1.67228
0.936263 0.166094   0.2245  1.68793
0.925505 0.167743 0.245276  1.66823
0.933424 0.158643 0.219013  1.68346
0.928913 0.153769 0.208869  1.67278
0.926312 0.147359 0.213305  1.67136
0.933498 0.160175 0.218446  1.68338
0.929109  0.15201 0.213504   1.6774
  0.9274 0.150342 0.212643   1.6739
 0.755635  0.142361 -0.464308    1.3969
 0.757362   0.14811 -0.459874   1.39884
 0.751138  0.146087 -0.468419   1.39058
 0.750849  0.150114 -0.470189   1.39172
 0.758707   0.14804 -0.450989   1.39731
 0.748017  0.154611 -0.471888   1.38773
 0.744805   0.15624 -0.471861   1.38144
 0.755587  0.170413 -0.453503   1.39573
 0.742826  0.168885 -0.470098   1.37886
 0.757514  0.149295 -0.451973   1.39564
 0.744823  0.176904 -0.466553   1.38249
 0.756041  0.160208 -0.440803   1.38917
 0.761729   0.17582 -0.450595   1.40742
0.756685 0.167741 -0.45422  1.39827
 0.759772  0.188131 -0.459397   1.41004
 0.753929  0.167876 -0.456377   1.39364
  0.911005   0.295046 -0.0858847    1.64837
  0.902476   0.316631 -0.0319645    1.63165
   0.91724   0.290332 -0.0820052    1.66069
 0.909777  0.293222 0.0187359   1.63799
 0.927147  0.266746 0.0797257   1.67229
 0.930166  0.272867 0.0344871   1.67982
 0.919152  0.286737 0.0853159   1.66059
0.918059 0.275205 0.111276  1.65649
0.939857 0.141938 0.163918  1.68949
0.916201  0.25774 0.139597  1.64899
0.913894  0.24597 0.175111  1.64559
0.937086 0.137298 0.175735  1.68404
0.916961 0.210444  0.22714  1.65392
0.927663 0.245717 0.128808  1.67114
0.912859 0.199574  0.25716  1.65137
0.916436 0.179766 0.261151  1.65621
0.930042  0.15242 0.212603  1.67343
0.933457 0.150966 0.186322  1.67905
 0.761313  0.173365 -0.451293   1.40709
0.753779 0.179606 -0.46495  1.39929
  0.76862  0.196065 -0.451845    1.4258
 0.755451  0.189078 -0.457402   1.40211
0.935577 0.140059 0.186167  1.68282
0.944709  0.15133 0.128618  1.69706
0.943564 0.152877 0.118727  1.69245
0.929329 0.154739 0.203261  1.67383
 0.940612  0.200086 0.0806001    1.6883
0.934178 0.239542 0.102079   1.6824
0.924408 0.234432  0.16137  1.66478
0.932404  0.16713 0.187237  1.67733
  0.75926  0.153812 -0.453477   1.40072
 0.758974  0.153679 -0.453913    1.4003
 0.759257  0.153567 -0.455268   1.40146
 0.758172  0.153995 -0.453964   1.39876
  0.75852  0.153857 -0.453961   1.39946
0.759184 0.152675 -0.45523  1.40113
0.757655 0.159727 -0.45363  1.39854
 0.758225   0.15405 -0.453688   1.39879
  0.75852  0.152621 -0.455435   1.39985
 0.758477  0.149108 -0.451659   1.39744
 0.758225  0.148391 -0.465508   1.40333
 0.747686  0.160072 -0.471694   1.38732
 0.751918  0.154348 -0.471462   1.39481
 0.758784  0.148694 -0.457234   1.40051
  0.75817   0.15483 -0.452628   1.39828
 0.758346  0.157829 -0.455941   1.40064
 0.757952  0.154583 -0.453111   1.39803
 0.758418  0.158198 -0.455946   1.40077
0.758058 0.154304 -0.45326  1.39829
 0.758808  0.153648 -0.455378   1.40059
 0.758546  0.153651 -0.454077   1.39949
0.757744 0.154766 -0.45379  1.39796
 0.758571  0.153588 -0.455012   1.39996
 0.758188  0.152446 -0.455692   1.39931
 0.750253  0.158221 -0.472195   1.39256
 0.749395  0.163105 -0.471739   1.39148
 0.747346   0.16535 -0.470632   1.38701
 0.756751  0.158962 -0.450665   1.39536
 0.757555  0.159068 -0.455074   1.39896
0.752174 0.155903 -0.44788  1.38405
 0.752266  0.154244 -0.462256   1.39099
  0.75811  0.158799 -0.456827   1.40075
 0.758044  0.155331 -0.452535   1.39804
0.756661  0.15046 -0.45351  1.39488
 0.758375  0.156571 -0.453513   1.39931
 0.758299  0.155099 -0.452057    1.3983
 0.758452  0.155017 -0.451957   1.39853
 0.758822  0.155163 -0.451811   1.39925
 0.757871  0.155821 -0.453772   1.39834
 0.758327  0.155385 -0.451654   1.39817
 0.936885  0.237548 0.0751502   1.68682
 0.939321  0.243185 0.0649226   1.69388
 0.936275  0.238711 0.0247582   1.68453
 0.941848  0.227154 0.0239162   1.69574
  0.911621    0.29276 -0.0352132    1.64416
  0.925491    0.26698 0.00150944    1.66704
0.928996 0.151019 0.233494  1.67171
0.931371  0.15485  0.23553  1.67586
0.930489 0.156859 0.234122  1.67277
0.933837 0.161545 0.237343  1.68177
0.934777 0.164322 0.235282  1.68419
0.932861 0.158709 0.236973  1.67977
0.927691 0.161019 0.234707   1.6719
0.932638 0.158338 0.237024  1.67858
0.931057 0.159782 0.231223  1.67511
0.929664  0.15501 0.221432  1.67206
0.929842 0.149731 0.205897  1.67334
0.927012 0.157763 0.221097  1.67212
0.931066 0.149021 0.197208  1.67559
0.930381 0.158783 0.226502  1.67408
0.928264 0.157706 0.207915  1.67304
 0.92997 0.157456 0.221122  1.67354
0.930164 0.153099 0.215186  1.67775
0.930002  0.15438 0.213873  1.67724
0.935639 0.163549 0.225794   1.6868
0.927297 0.149546 0.215608  1.67375
0.927557 0.154077  0.22366   1.6729
0.929142 0.157344 0.215192  1.67361
0.935457 0.167177 0.233427  1.68603
0.931648 0.159253 0.234125  1.67575
0.934587 0.164446 0.227912  1.68491
0.934111  0.16356 0.236228  1.68294
0.932274 0.158947 0.234187  1.67719
0.933811 0.162285  0.22912  1.68324
0.923165 0.189511 0.230359   1.6636
0.918287 0.191188 0.242619  1.65573
0.923797 0.178911 0.239351  1.66504
0.927083 0.166542 0.244676  1.67152
0.928488 0.160082 0.234812  1.67395
0.934274 0.162543 0.223515  1.68516
0.932485 0.156849 0.219353  1.68222
0.926769 0.167081 0.231461  1.67049
0.927506 0.150037 0.214648  1.67432
0.930461 0.155603 0.216798  1.67928
0.928786 0.151323 0.214997  1.67653
0.932572 0.157906 0.219061  1.68252
 0.755684  0.147917 -0.468146   1.39947
 0.755784   0.14837 -0.453464   1.39268
 0.757915  0.150688 -0.453364   1.39734
 0.756935  0.149128 -0.452277   1.39462
 0.749347  0.155384 -0.471803    1.3899
 0.753958  0.157279 -0.447275   1.38773
 0.754061  0.165566 -0.457908   1.39453
 0.755957  0.150455 -0.452866   1.39321
 0.751291  0.163605 -0.458976    1.3889
 0.751931  0.157219 -0.461372   1.39047
 0.750298  0.168453 -0.470124   1.39343
 0.749127  0.171417 -0.467958   1.39026
  0.916309   0.296944 0.00524344    1.65477
  0.932398   0.274234 -0.0188525     1.6865
0.923393  0.25541 0.133257  1.66452
0.936514  0.22839 0.125565  1.68744
0.924132 0.225885 0.183783  1.66569
0.936417 0.156317 0.173638  1.68333
0.927804 0.165121 0.233564  1.67339
 0.91912 0.207797 0.231718  1.65867
0.925583 0.204489 0.217986  1.67001
0.920352 0.196372 0.240831  1.66128
0.927296 0.219071 0.179435  1.67021
0.924284 0.208956 0.203452  1.66492
0.932454 0.151015 0.191226  1.67805
0.934565  0.21535  0.16259  1.68461
0.930657 0.159259 0.197417  1.67569
0.935471 0.154376 0.176504  1.68265
 0.938358  0.239307 0.0964366   1.69235
 0.930425  0.260832 0.0788557   1.67777
0.939421 0.192193 0.115952  1.68679
 0.93364 0.233182 0.125027  1.68178
0.758617 0.153483 -0.45629  1.40061
 0.757651  0.154305 -0.455207   1.39829
 0.757544  0.154903 -0.454478   1.39786
 0.758154  0.154083 -0.455194    1.3993
 0.754094  0.151684 -0.461896   1.39398
 0.75803 0.153658 -0.45513   1.3989
 0.756992  0.148438 -0.452477   1.39466
 0.757419  0.155151 -0.456029   1.39838
 0.754423  0.149967 -0.461569   1.39406
 0.757095  0.152476 -0.456164   1.39737
 0.757742  0.155233 -0.453511   1.39788
 0.757373  0.157865 -0.457395   1.39937
 0.757745  0.153675 -0.456786   1.39911
 0.757564  0.157347 -0.456192   1.39905
 0.752436  0.152081 -0.453921   1.38681
 0.757767  0.154433 -0.454676   1.39836
 0.758115  0.153736 -0.456424   1.39969
 0.757501  0.154372 -0.456588   1.39865
 0.752004  0.173763 -0.467277   1.39624
 0.755137  0.177453 -0.463719   1.40137
 0.749995  0.159464 -0.460323   1.38627
 0.753991  0.158653 -0.444603   1.38662
 0.755154  0.158429 -0.451223   1.39222
 0.755405  0.157565 -0.453043   1.39351
 0.756327  0.158492 -0.455508   1.39652
0.756325 0.156552 -0.45738  1.39709
 0.757153  0.158189 -0.457169   1.39882
 0.757674  0.156246 -0.454602   1.39839
 0.755782  0.157086 -0.456758   1.39576
 0.757706  0.156687 -0.456636   1.39949
  0.920445   0.289079 -0.0443845     1.6643
  0.930342   0.257511 -0.0479445    1.67868
0.931582 0.159264 0.232015  1.67611
0.933515 0.161886 0.232277  1.68169
 0.93343 0.161579 0.233374  1.68064
0.930667 0.158382  0.22712  1.67473
0.934223 0.163772 0.231282   1.6832
0.929998 0.157052 0.222012  1.67369
0.929351 0.154935 0.217313   1.6771
0.929202    0.155 0.215366  1.67281
0.923995 0.198258 0.222081  1.66567
0.930526 0.158309  0.22274  1.67571
0.929408 0.154906  0.20589  1.67355
0.927749 0.185697 0.213757  1.67207
0.933548 0.160675 0.224562  1.68355
0.927721 0.151813  0.21528  1.67503
0.931637 0.159404 0.227698  1.67742
0.929649 0.154585 0.217459  1.67781
0.932784 0.160471 0.233974  1.67918
0.927636 0.155167 0.215146   1.6742
 0.93233  0.16108 0.231787  1.67813
0.932726 0.161325  0.22769  1.68022
0.925811 0.175472 0.243661  1.67024
0.928419 0.156038 0.211595  1.67301
0.929183 0.156664 0.216697  1.67386
0.926071  0.17562 0.225615  1.66889
0.927656 0.156081 0.222943  1.67413
0.931707 0.158402 0.221966  1.68033
0.926993 0.152572 0.214804  1.67328
0.932176 0.159949 0.221145  1.68151
 0.755667   0.14952 -0.453612   1.39281
 0.756398  0.149797 -0.460451   1.39751
 0.751926  0.152474 -0.462275   1.38984
 0.753065  0.154841 -0.449948   1.38676
 0.753984  0.151244 -0.453856   1.38986
 0.750426  0.155499 -0.462042   1.38727
  0.75208  0.161534 -0.459586   1.39069
  0.75214  0.155088 -0.452885   1.38626
0.928986  0.23762 0.156207   1.6758
0.932313 0.215172 0.143919  1.67637
0.927341  0.20835  0.20054  1.67173
0.933878 0.172517 0.174926  1.67964
0.925109 0.185364 0.237053  1.66904
0.928025 0.174464 0.203487  1.67084
0.929421 0.166147 0.198085  1.67386
0.925098 0.195336 0.227148  1.66878
0.930101  0.15704 0.197521  1.67482
0.929411 0.190012 0.201155  1.67436
0.931717 0.163367 0.187087  1.67685
0.928844 0.194015 0.187524  1.67106
0.938635 0.164015 0.151236  1.68646
0.932609 0.206262 0.173135  1.67953
0.932669 0.175697 0.174922  1.67607
0.938142 0.178235 0.145941  1.68494
 0.757484  0.152641 -0.455896     1.398
 0.754954  0.155916 -0.454741   1.39308
    0.754  0.150171 -0.453843   1.38958
 0.757008  0.154012 -0.457601   1.39809
 0.756591  0.152761 -0.456288   1.39645
 0.755839  0.149765 -0.452565   1.39262
 0.757605  0.155617 -0.454995   1.39835
  0.75727   0.15575 -0.455763   1.39802
 0.757141  0.154948 -0.456468   1.39794
 0.757193   0.15661 -0.457222   1.39869
 0.757334  0.154084 -0.456873   1.39838
 0.756452  0.155414 -0.457653   1.39728
0.754243  0.15665 -0.45347  1.39114
 0.754342  0.151059 -0.452525   1.38988
 0.756851  0.156915 -0.457705   1.39827
 0.752207  0.153809 -0.450445   1.38505
 0.757152    0.1561 -0.457531   1.39869
 0.755115  0.153818 -0.455597   1.39338
0.931243 0.159871 0.226836  1.67654
0.929445 0.157606 0.217373  1.67533
0.931218 0.159403 0.223008  1.67802
0.930275 0.158827 0.221771  1.67504
0.928558 0.157236 0.208951  1.67298
0.927373 0.155486 0.214955  1.67331
0.927511 0.173009 0.229348  1.67303
0.928316 0.157032 0.214095  1.67389
0.927968 0.154521 0.215488  1.67491
0.930221 0.154906 0.217306  1.67858
0.932797 0.161723 0.225121   1.6816
0.931456 0.160078 0.222688  1.67901
0.932253 0.160246  0.22596  1.68034
0.932241 0.161321 0.227522  1.67926
0.927267 0.160621 0.212509  1.67257
 0.92608  0.18353 0.216076  1.66798
0.927016 0.163796 0.218745  1.67141
0.927601 0.159544 0.220549  1.67386
 0.753856  0.152575 -0.451829   1.38886
 0.755908  0.152876 -0.456014   1.39501
0.928996 0.162845 0.206244  1.67414
0.935426 0.179405 0.161641  1.68089
0.930166 0.176581 0.188518  1.67347
0.927429 0.189088 0.203756  1.66961
0.927697 0.158934 0.211873    1.673
0.928664 0.159629 0.203604  1.67332
0.929633 0.171599 0.202331  1.67421
0.926824  0.16759 0.213698  1.67097
0.931828 0.203158 0.173498  1.67765
0.932216 0.196348  0.18408  1.67903
   0.7552  0.154531 -0.455578    1.3937
 0.757035  0.154973 -0.457613   1.39829
 0.756676  0.155476 -0.457503   1.39757
  0.75533   0.15076 -0.453022   1.39205
 0.754387   0.15217 -0.452586   1.39023
 0.754437  0.155044 -0.454941   1.39193
 0.755901  0.155792 -0.457515   1.39612
 0.755763   0.15351 -0.456022   1.39484
0.930872 0.159657 0.222476  1.67715
0.928128 0.158125 0.211712  1.67311
0.929258 0.157457 0.216957   1.6761
0.929142   0.1581 0.216508  1.67461
0.927065   0.1696 0.214054  1.67019
0.928296 0.157565 0.214069  1.67415
0.926834 0.162576 0.218298  1.67203
0.927308 0.158337 0.215209  1.67289
0.927199 0.180497  0.22295  1.67197
0.928395 0.166185 0.206813  1.67321
0.930774 0.157966 0.219652  1.67898
 0.93031 0.157501 0.219879  1.67781
0.928996 0.157429 0.216949  1.67547
0.927271 0.157408 0.213876  1.67318
 0.753632  0.152978 -0.451923   1.38853
 0.753189  0.153623 -0.453637   1.38862
0.927699 0.160915  0.20846  1.67255
0.927262 0.164021 0.217916  1.67233
0.928011 0.163911 0.211771  1.67319
0.928113 0.171458 0.212232  1.67281
 0.756768  0.154533 -0.457577   1.39768
 0.756246   0.15467 -0.457733   1.39675
