352.832
393.211
420.85
429.111
421.01
400.573
372.431
340.008
308.832
280.128
249.693
219.762
193
168.256
146.121
127.816
115.071
108.613
107.887
110.256
114.396
119.988
126.516
133.333
140.005
146.316
152.137
157.273
161.734
165.561
168.869
172.042
174.718
176.715
177.892
178.32
178.165
177.407
175.896
173.614
170.621
167.089
163.041
158.507
153.571
148.338
143.386
139.168
136.032
133.678
131.914
131.247
131.948
133.402
135.143
136.686
138.005
139.277
140.86
142.428
143.781
145.105
146.826
149.343
152.357
155.244
157.618
159.45
160.749
161.611
162.004
161.962
161.429
160.437
159.025
157.342
155.593
154.084
152.634
151.037
149.266
147.295
145.118
142.739
140.244
137.674
135.116
132.755
130.992
130.041
129.281
128.489
127.651
126.705
125.608
124.358
122.982
121.517
120.06
118.745
117.997
117.669
117.241
116.667
115.952
115.116
114.173
113.169
112.193
111.316
110.611
110.148
109.822
109.548
109.327
109.126
108.971
108.866
108.839
108.922
109.204
109.617
110.178
110.9
111.755
112.71
113.764
114.922
116.178
123.281
130.37
140.404
141.442
142.672
143.959
145.247
146.499
147.633
148.636
149.541
150.342
151.019
151.6
152.048
152.355
152.514
152.526
152.386
152.106
151.712
151.268
150.797
150.319
149.829
149.366
148.95
148.631
148.485
148.526
148.778
149.245
149.957
150.966
152.276
153.861
155.706
157.8
160.099
162.577
165.197
167.916
170.689
173.483
176.267
179.02
181.721
184.332
186.824
189.19
191.433
193.53
195.466
197.221
198.803
200.212
201.484
202.677
203.789
204.846
205.942
206.957
207.903
208.794
209.588
210.297
211.005
211.805
212.547
213.176
213.704
214.141
214.449
214.639
214.703
214.633
214.387
214.01
213.51
212.896
212.142
211.284
210.243
209.053
207.715
206.229
204.596
202.825
200.92
198.87
196.743
194.455
192.02
189.448
186.762
184.02
181.101
178.481
176.244
174.485
173.036
172.098
171.433
171.331
171.8
172.78
174.202
175.662
177.046
178.376
179.621
180.707
181.762
182.862
184.111
185.713
187.955
190.978
195.117
200.642
207.654
216.225
226.498
238.567
252.407
268.106
285.734
305.184
326.248
348.942
373.764
400.499
431.903
481.485
512.401
544.858
578.763
614.318
652.481
693.583
739.168
790.168
847.656
912.348
984.894
1066.73
1157.23
1255.26
1360.35
1470.23
1582.13
1693.91
1804.59
1913.23
2019.19
2123.27
2225.84
2326.22
2423.47
2516.27
2604.87
2686.92
2761.57
2828.25
2886.02
2934.73
2974.46
3004.52
3025.21
3036.88
3040.34
3037.33
3027.94
3011.49
2988.19
2960.45
2928.48
2892.73
2853.39
2811.1
2767.36
2722.32
2676.78
2631.3
2586.86
2543.4
2500.7
2459.52
2420.03
2382.18
2345.51
2310.32
2276.78
2244.54
2212.78
2180.95
2149.02
2116.3
2082.44
2047.43
2011.72
1975.55
1939.55
1904.3
1869.67
1836.32
1804.34
1773.53
1744.13
1716.45
1690.57
1666.42
1643.82
1622.63
1602.82
1584.25
1566.76
1550.07
1534.23
1519.04
1504.56
1490.45
1477.01
1464.46
1452.74
1441.41
1430.23
1419.7
1409.26
1398.76
1388.21
1377.49
1366.82
1355.89
1344.55
1332.9
1320.68
1307.89
1294.72
1280.92
1266.36
1251.18
1235.34
1218.87
1201.83
1184.2
1165.86
1146.86
1127.27
1107.27
1086.88
1066.3
1045.65
1025.15
1004.75
984.431
964.209
944.09
924.521
905.619
887.278
869.653
852.732
836.469
820.834
806.181
791.792
777.675
763.753
750.362
737.087
723.978
710.826
697.86
684.849
671.722
658.536
645.327
632.171
619.003
605.752
592.49
579.078
565.603
552.114
538.602
524.983
511.279
497.565
483.86
470.298
456.888
443.645
430.699
418.148
405.955
394.38
383.458
373.276
363.734
354.627
345.822
337.279
328.948
320.788
312.711
304.672
296.728
288.84
281.007
273.301
265.666
258.182
250.87
243.748
236.939
230.59
224.71
219.028
213.477
208.007
202.588
197.231
191.888
186.584
181.285
175.969
170.691
165.407
160.227
155.264
150.554
146.1
141.888
137.86
133.993
130.472
127.391
124.732
122.308
119.988
117.721
115.526
113.397
111.349
109.439
107.768
106.367
105.185
104.135
103.159
102.244
101.392
100.623
99.8854
99.1815
98.5183
97.875
97.2618
96.713
96.2358
95.7985
95.4007
95.0115
94.5808
94.1132
93.5826
92.9804
92.2879
91.532
90.74
89.9211
89.1054
88.3518
87.6359
86.9954
86.4401
86.036
85.8939
86.1129
86.4618
86.849
87.2584
87.6779
88.1098
88.5454
88.9915
89.4484
89.9065
90.3589
90.8021
91.2508
91.7112
92.2104
92.7472
93.3235
93.8965
94.4262
94.9013
95.3181
95.6778
95.9874
96.2493
96.4624
96.6417
96.777
96.8905
96.984
97.0581
97.1213
97.1994
97.2695
97.3268
97.3812
97.4349
97.4938
97.564
97.6591
97.7695
97.8951
98.046
98.1898
98.2842
98.3269
98.3185
98.2519
98.1301
97.953
97.7206
97.4427
97.1239
96.7719
96.3901
95.9891
95.5763
95.167
94.7805
94.4363
94.1595
93.9929
93.8865
93.765
93.6245
93.4644
93.2875
93.0905
92.87
92.6321
92.3831
92.1296
91.8749
91.6217
91.3679
91.1078
90.8313
90.5389
90.2296
89.9056
89.567
89.2134
88.8461
88.4771
88.1051
87.721
87.3264
86.9145
86.4826
86.0324
85.5636
85.0765
84.5712
84.0479
83.5063
82.9471
82.3721
81.7828
81.1809
80.5669
79.9482
79.333
78.7239
78.1265
77.5394
76.9616
76.3924
75.8275
75.2649
74.707
74.1535
73.6048
73.0506
72.4955
71.9376
71.3743
70.8047
70.2176
69.6138
68.9892
68.3444
67.6806
66.9963
66.2943
65.5763
64.8431
64.0934
63.3305
62.5517
61.7736
61.0063
60.2654
59.5481
58.8683
58.2223
57.6197
57.0676
56.5709
56.0947
55.6426
55.2284
54.8494
54.5095
54.2
53.9112
53.6544
53.4298
53.229
53.0507
52.8957
52.7705
52.6649
52.5834
52.5255
52.481
52.4555
52.4442
52.4453
52.4589
52.4867
52.5171
52.5484
52.5859
52.6267
52.671
52.7124
52.7528
52.8034
52.8518
52.8928
52.9255
52.9535
52.9703
52.9803
52.9838
52.9724
52.9476
52.9103
52.8618
52.8094
52.7486
52.6721
52.5864
52.4882
52.3812
52.2666
52.1444
52.0085
51.8612
51.7143
51.5666
51.41
51.2491
51.0893
50.9301
50.7707
50.6134
50.4608
50.3141
50.1711
50.0382
49.9067
49.786
49.6687
49.5804
49.5626
49.6081
49.7093
49.8654
50.07
50.323
50.5947
50.8684
51.1367
51.3966
51.6493
51.8938
52.1273
52.3501
52.5592
52.7484
52.9171
53.0645
53.191
53.2978
53.3844
53.4513
53.4978
53.5266
53.5379
53.533
53.5109
53.4721
53.4167
53.3445
53.258
53.1577
53.0405
52.9134
52.7751
52.6227
52.4589
52.2808
52.0896
51.8854
51.6708
51.4466
51.2148
50.9776
50.7378
50.4961
50.2554
50.0186
49.7834
49.5517
49.3222
49.0974
48.8702
48.6434
48.4145
48.1834
47.9487
47.7119
47.4722
47.228
46.9802
46.7295
46.4769
46.2205
45.9629
45.7035
45.444
45.1835
44.9211
44.6554
44.3879
44.1176
43.846
43.5721
43.2965
43.0204
42.744
42.4657
42.1818
41.8919
41.5971
41.2972
40.9917
40.6808
40.3658
40.0475
39.7246
39.398
39.0681
38.736
38.4011
38.0631
37.7231
37.3797
37.0331
36.6847
36.3335
35.9803
35.6258
35.2698
34.9123
34.5593
34.2184
33.9
33.6166
33.3647
33.1381
32.9333
32.7505
32.5913
32.4524
32.3316
32.2263
32.1343
32.055
31.9874
31.9322
31.8848
31.8448
31.8132
31.7893
31.7724
31.7614
31.7549
31.7571
31.7634
31.7759
31.795
31.8231
31.8683
31.944
32.0474
32.1602
32.2887
32.4258
32.5675
32.7055
32.8388
32.969
33.0948
33.2139
33.3265
33.4356
33.541
33.6392
33.7329
33.8207
33.9047
33.9826
34.0545
34.1191
34.178
34.2316
34.2806
34.3259
34.3671
34.4015
34.4307
34.4556
34.4777
34.4962
34.5093
34.5163
34.5196
34.5184
34.5132
34.5028
34.4877
34.4698
34.448
34.4226
34.3944
34.3608
34.3244
34.2846
34.2411
34.1949
34.144
34.0891
34.029
33.9642
33.895
33.8203
33.7409
33.6576
33.5699
33.4782
33.3806
33.2783
33.1726
33.0622
32.9481
32.8293
32.7079
32.5835
32.4563
32.3247
32.1895
32.0535
31.9139
31.7719
31.6267
31.4814
31.3367
31.1921
31.0465
30.9012
30.756
30.6096
30.4614
30.3138
30.1667
30.0164
29.8621
29.7059
29.5479
29.3871
29.225
29.0616
28.8953
28.7277
28.5584
28.3863
28.2129
28.0379
27.8607
27.6822
27.5014
27.3185
27.1331
26.9467
26.7578
26.567
26.3745
26.1803
25.9855
25.789
25.5918
25.3934
25.1941
24.9936
24.7929
24.5917
24.3894
24.187
23.9838
23.7807
23.5773
23.3737
23.1704
22.9675
22.7649
22.563
22.362
22.1628
21.9654
21.7693
21.5749
21.3818
21.191
21.0013
20.813
20.6271
20.4459
20.2681
20.0925
19.9196
19.7494
19.5811
19.4138
19.2472
19.0814
18.916
18.7507
18.5865
18.4224
18.2583
18.0951
17.9317
17.7699
17.6102
17.4565
17.3176
17.1996
17.0984
17.0127
16.9358
16.8668
16.8056
16.7541
16.7131
16.6808
16.6568
16.6407
16.6309
16.6282
16.6299
16.6382
16.6511
16.6686
16.6916
16.719
16.7521
16.7919
16.8364
16.8856
16.9386
16.9973
17.0623
17.1331
17.2127
17.3018
17.3997
17.5028
17.609
17.7186
17.8331
17.9505
18.0664
18.1807
18.2931
18.4031
18.5113
18.6177
18.7215
18.8236
18.9233
19.0212
19.1173
19.2105
19.301
19.3892
19.4756
19.5596
19.641
19.7197
19.7958
19.8689
19.9399
20.0081
20.0735
20.1361
20.1958
20.252
20.3057
20.3563
20.4032
20.447
20.4873
20.5243
20.558
20.5889
20.6161
20.6397
20.6599
20.6765
20.6897
20.6991
20.7053
20.7079
20.707
20.7025
20.6947
20.6835
20.6689
20.6508
20.6296
20.6046
20.576
20.544
20.5084
20.4693
20.4271
20.3817
20.3332
20.2816
20.2266
20.1684
20.1075
20.0436
19.9769
19.9073
19.835
19.7606
19.6844
19.6069
19.5282
19.4478
19.3655
19.2814
19.1954
19.1074
19.0165
18.9229
18.8263
18.7269
18.6248
18.52
18.4122
18.3015
18.1882
18.072
17.9528
17.8307
17.7056
17.5776
17.447
17.3135
17.1769
17.0379
16.8961
16.7514
16.604
16.4536
16.3006
16.1453
15.9874
15.827
15.6643
15.4997
15.3329
15.1637
14.9925
14.8191
14.6437
14.4666
14.2877
14.1074
13.9253
13.7423
13.558
13.3725
13.1861
12.9981
12.8094
12.6201
12.4309
12.2417
12.0522
11.8624
11.6719
11.4812
11.2897
11.0976
10.9053
10.7126
10.5202
10.3295
10.1404
9.95277
9.76767
9.5865
9.41498
9.24953
9.08794
8.93004
8.77596
8.62453
8.476
8.33042
8.18743
8.04754
7.91076
7.77732
7.64729
7.52009
7.39742
7.2787
7.16499
7.05669
6.95324
6.8545
6.76026
6.67071
6.58444
6.50179
6.42293
6.34842
6.27767
6.21286
6.15758
6.12129
6.11097
6.12487
6.15091
6.18375
6.22088
6.26247
6.30697
6.35417
6.40435
6.45673
6.51064
6.56584
6.62307
6.6822
6.74362
6.80652
6.87084
6.93612
7.00268
7.06973
7.13753
7.20569
7.27421
7.34322
7.41304
7.48361
7.55587
7.6302
7.70671
7.78393
7.85955
7.9336
8.00591
8.07741
8.14743
8.21586
8.28202
8.34582
8.40724
8.46629
8.5233
8.578
8.63055
8.68092
8.72919
8.7754
8.81959
8.86214
8.90318
8.94158
8.97738
9.01057
9.04109
9.06882
9.09384
9.11633
9.1364
9.15398
9.16888
9.18128
9.19147
9.19906
9.20414
9.20684
9.20725
9.2055
9.20148
9.19513
9.18656
9.17599
9.16343
9.14913
9.13295
9.11508
9.09537
9.07395
9.05067
9.02564
8.99893
8.97086
8.94116
8.90984
8.87709
8.84289
8.80716
8.76985
8.73125
8.69142
8.65033
8.60806
8.56444
8.51988
8.47411
8.42739
8.3795
8.33108
8.28162
8.23135
8.1803
8.12869
8.07634
8.02363
7.9711
7.91954
7.8692
7.81918
7.76979
7.7206
7.67193
7.62343
7.57587
7.52859
7.48152
7.43505
7.38914
7.34345
7.2987
7.25468
7.21171
7.16939
7.12784
7.08711
7.04722
7.00797
6.9695
6.93195
6.89531
6.85908
6.8235
6.78901
6.75526
6.72205
6.68993
6.65854
6.62787
6.5974
6.56723
6.53715
6.50711
6.47719
6.44726
6.41736
6.38722
6.35678
6.3261
6.29513
6.26381
6.23209
6.19984
6.16718
6.13403
6.10046
6.06632
6.03164
5.99625
5.96017
5.92351
5.88624
5.84834
5.80991
5.7708
5.73104
5.69072
5.64989
5.60836
5.56616
5.52334
5.47984
5.43561
5.39069
5.34526
5.2992
5.25246
5.20521
5.15734
5.10872
5.05944
5.00968
4.95935
4.90834
4.85662
4.80434
4.75143
4.69787
4.64351
4.58852
4.5329
4.47668
4.41979
4.36228
4.30426
4.24569
4.18675
4.12746
4.06776
4.00777
3.9481
3.88863
3.82931
3.76991
3.71058
3.65138
3.59233
3.53323
3.47416
3.41549
3.35691
3.29858
3.24077
3.18354
3.12697
3.07133
3.01691
2.96401
2.91286
2.86329
2.81478
2.76755
2.72185
2.67747
2.63431
2.59259
2.5526
2.51441
2.47797
2.44315
2.40989
2.37807
2.34782
2.31907
2.29213
2.26719
2.24534
2.22616
2.20914
2.19444
2.1821
2.1727
2.1673
2.16699
2.17055
2.17634
2.18357
2.19215
2.20196
2.21287
2.22491
2.23792
2.25218
2.2675
2.28416
2.30214
2.3215
2.3413
2.36179
2.38262
2.40437
2.42676
2.44984
2.47346
2.49756
2.52206
2.54693
2.57209
2.59758
2.62343
2.64944
2.6759
2.70272
2.73001
2.75792
2.78656
2.81583
2.84609
2.87625
2.90617
2.93602
2.96585
2.99519
3.02412
3.05256
3.08048
3.10783
3.13486
3.16145
3.18751
3.21303
3.23794
3.26219
3.2858
3.30872
3.33086
3.35228
3.37303
3.39307
3.41236
3.43088
3.44863
3.46562
3.48189
3.49737
3.51209
3.52603
3.5392
3.55157
3.56317
3.57399
3.58405
3.59335
3.60189
3.60972
3.61686
3.62325
3.62895
3.63402
3.6385
3.64241
3.64566
3.6483
3.65053
3.65233
3.65372
3.65468
3.65499
3.65457
3.65335
3.65135
3.64854
3.64495
3.64059
3.63545
3.6296
3.62298
3.61557
3.6074
3.59849
3.58888
3.57871
3.56799
3.5567
3.54491
3.53264
3.51987
3.50656
3.49265
3.47814
3.46305
3.44729
3.43088
3.41381
3.39611
3.3778
3.35899
3.33961
3.31968
3.29919
3.27817
3.25666
3.23464
3.21212
3.18913
3.16565
3.14165
3.11718
3.09223
3.06682
3.04093
3.01456
2.98776
2.96051
2.93281
2.90469
2.87616
2.84724
2.81794
2.78824
2.75816
2.72772
2.6969
2.66573
2.63424
2.60246
2.57035
2.53794
2.50523
2.47223
2.43895
2.40539
2.37161
2.33758
2.30338
2.26895
2.23434
2.19956
2.1646
2.12945
2.0942
2.05885
2.02344
1.98798
1.95254
1.91715
1.88187
1.84687
1.8121
1.77754
1.74324
1.70939
1.67601
1.64317
1.61111
1.57969
1.54915
1.5194
1.49059
1.46254
1.43527
1.40892
1.38366
1.35951
1.33647
1.31433
1.29297
1.27247
1.25276
1.23383
1.21572
1.1983
1.18154
1.16543
1.15014
1.13569
1.12209
1.10934
1.09768
1.08714
1.07812
1.07093
1.06533
1.06088
1.05757
1.05509
1.05358
1.05301
1.05315
1.0542
1.05596
1.05845
1.06157
1.06555
1.07016
1.0754
1.08146
1.08808
1.09543
1.10335
1.1119
1.12115
1.13091
1.14129
1.1523
1.16403
1.17642
1.18948
1.20327
1.21788
1.23342
1.24997
1.26675
1.28365
1.30049
1.31734
1.33421
1.35109
1.36789
1.38458
1.40117
1.41767
1.43405
1.45031
1.46643
1.48241
1.49832
1.51412
1.52976
1.54533
1.56075
1.576
1.59103
1.60565
1.61985
1.63362
1.64696
1.65985
1.67229
1.68428
1.69582
1.70691
1.71754
1.72771
1.73742
1.74667
1.75548
1.76384
1.77173
1.77917
1.78615
1.79269
1.79878
1.80443
1.80964
1.81464
1.81976
1.8248
1.82962
1.83414
1.83835
1.84215
1.84553
1.84847
1.85099
1.85309
1.85476
1.856
1.85681
1.85721
1.85719
1.85675
1.8559
1.85464
1.85297
1.85089
1.84841
1.84552
1.84223
1.83853
1.83443
1.82995
1.82509
1.81983
1.8142
1.80818
1.80179
1.79502
1.7879
1.7804
1.77256
1.76435
1.75581
1.74693
1.73771
1.72817
1.71831
1.70813
1.69763
1.68682
1.67569
1.66428
1.65257
1.64058
1.62832
1.61577
1.60296
1.58988
1.57655
1.56297
1.54914
1.53508
1.52078
1.50625
1.49159
1.47685
1.46197
1.44695
1.43179
1.41652
1.40114
1.38566
1.37007
1.35439
1.33863
1.3228
1.30697
1.29115
1.27539
1.25979
1.24441
1.22931
1.21441
1.19955
1.18464
1.16966
1.15464
1.13958
1.12448
1.1094
1.09454
1.08007
1.0662
1.05294
1.04015
1.02776
1.0157
1.00395
0.992548
0.981571
0.971122
0.961241
0.951916
0.943049
0.934735
0.926875
0.919574
0.912804
0.90667
0.901182
0.89645
0.892362
0.888827
0.885817
0.883282
0.881197
0.879439
0.877988
0.876862
0.87594
0.875322
0.874987
0.874801
0.874896
0.875216
0.875735
0.876534
0.877465
0.878524
0.879712
0.881071
0.882515
0.884111
0.885878
0.88763
0.889447
0.891379
0.893345
0.895265
0.897237
0.899283
0.901372
0.90343
0.905532
0.907579
0.90956
0.911522
0.913497
0.915529
0.917514
0.919378
0.921124
0.922743
0.924202
0.925612
0.927038
0.92845
0.929755
0.930944
0.931996
0.932972
0.933847
0.934667
0.935358
0.935994
0.936507
0.936924
0.937282
0.937561
0.937769
0.937827
0.937826
0.937726
0.937561
0.937313
0.936923
0.936456
0.935931
0.935356
0.934671
0.933855
0.932956
0.931925
0.930837
0.929643
0.928316
0.926862
0.92531
0.923637
0.921848
0.919946
0.917914
0.91578
0.913572
0.91122
0.90874
0.906147
0.903438
0.900616
0.897719
0.894701
0.891758
0.888917
0.886097
0.883296
0.880407
0.87747
0.874454
0.871385
0.868269
0.865036
0.861733
0.858325
0.85485
0.85128
0.847596
0.843835
0.839979
0.836068
0.832088
0.82804
0.823955
0.819823
0.815669
0.811446
0.807196
0.802892
0.79855
0.79411
0.789588
0.784983
0.78029
0.775504
0.770658
0.765739
0.760739
0.755653
0.75051
0.745325
0.740053
0.734733
0.729388
0.723981
0.718528
0.713065
0.707583
0.702018
0.696401
0.690765
0.685071
0.679309
0.673501
0.667666
0.66178
0.655851
0.649903
0.643919
0.637895
0.631841
0.625778
0.619692
0.613613
0.607517
0.601441
0.595382
0.589311
0.583261
0.577245
0.571264
0.565322
0.559432
0.553621
0.54788
0.542257
0.536824
0.531807
0.527443
0.523802
0.520733
0.518011
0.515657
0.513558
0.511752
0.510193
0.508901
0.507844
0.507027
0.506417
0.506001
0.505782
0.505692
0.505817
0.506087
0.506555
0.507275
0.508142
0.509221
0.510515
0.512027
0.513754
0.515694
0.517836
0.520129
0.522606
0.525244
0.528006
0.530847
0.533825
0.536875
0.539971
0.543063
0.546202
0.549337
0.552445
0.555581
0.558736
0.561865
0.564965
0.568062
0.57117
0.574234
0.577231
0.580175
0.583081
0.58593
0.58872
0.591471
0.594173
0.596831
0.599403
0.601885
0.604328
0.606733
0.609067
0.611313
0.613483
0.615571
0.617587
0.619516
0.621366
0.623127
0.624796
0.626365
0.627815
0.629139
0.630365
0.631487
0.632525
0.633479
0.634335
0.635087
0.635723
0.636253
0.636679
0.636993
0.637178
0.637243
0.637236
0.637138
0.636968
0.636698
0.636334
0.635863
0.635299
0.634619
0.633849
0.632994
0.632061
0.631057
0.629975
0.628827
0.627609
0.626295
0.624905
0.623455
0.621943
0.620381
0.618791
0.617149
0.615436
0.613646
0.611797
0.609893
0.607928
0.605894
0.603793
0.601664
0.5995
0.597297
0.59507
0.592809
0.590508
0.588172
0.585789
0.583337
0.58085
0.578323
0.575716
0.573048
0.570322
0.567584
0.564811
0.561954
0.559019
0.556001
0.552907
0.549732
0.546477
0.543152
0.53976
0.536276
0.532711
0.529075
0.525382
0.52163
0.517809
0.513914
0.509958
0.505932
0.501855
0.49771
0.49351
0.489257
0.484954
0.480592
0.476178
0.47172
0.467225
0.462683
0.45809
0.453462
0.448797
0.444092
0.43935
0.434569
0.429755
0.424904
0.420026
0.415135
0.410204
0.405246
0.400274
0.395278
0.390275
0.385268
0.380237
0.375209
0.370158
0.365116
0.360085
0.355057
0.350046
0.34503
0.340032
0.335041
0.330074
0.32521
0.320689
0.316417
0.312286
0.308313
0.304461
0.300742
0.297161
0.293765
0.290543
0.287491
0.284613
0.281893
0.27933
0.276932
0.274719
0.272707
0.270888
0.26925
0.267755
0.266416
0.265201
0.264134
0.263214
0.262424
0.261782
0.261275
0.260894
0.260649
0.260505
0.260449
0.260496
0.260662
0.260869
0.261172
0.261577
0.262086
0.262668
0.263381
0.264227
0.265223
0.266334
0.267567
0.268912
0.270375
0.272
0.273798
0.275757
0.277796
0.279854
0.281951
0.284092
0.28627
0.288507
0.290788
0.293031
0.295261
0.297463
0.299635
0.301778
0.303881
0.305947
0.307964
0.309933
0.31185
0.313731
0.315554
0.317311
0.31901
0.320654
0.322231
0.323744
0.325186
0.326566
0.327889
0.329146
0.330342
0.33147
0.332537
0.333533
0.334452
0.335305
0.336082
0.336788
0.337426
0.338002
0.338507
0.338938
0.339304
0.339597
0.339824
0.339981
0.340069
0.340096
0.340044
0.339918
0.339725
0.339458
0.339121
0.338717
0.338252
0.337724
0.33713
0.336469
0.335746
0.334966
0.334128
0.333234
0.33228
0.331269
0.330202
0.329076
0.327891
0.326673
0.325414
0.324118
0.322782
0.321413
0.320013
0.31857
0.317083
0.315556
0.313984
0.312373
0.310721
0.309025
0.3073
0.305539
0.303734
0.301891
0.300015
0.2981
0.296152
0.294173
0.292173
0.290146
0.288101
0.286041
0.283956
0.28185
0.279735
0.27761
0.275467
0.273318
0.271157
0.268972
0.266766
0.264538
0.262289
0.26002
0.257728
0.255422
0.253096
0.250744
0.248367
0.245966
0.243552
0.241133
0.238715
0.236309
0.233895
0.231475
0.229049
0.226619
0.224184
0.221745
0.219305
0.216873
0.214436
0.212001
0.20957
0.207158
0.204781
0.202526
0.200383
0.198285
0.19623
0.194206
0.19222
0.190272
0.188355
0.186473
0.184619
0.182788
0.180984
0.179205
0.177456
0.17573
0.174026
0.172347
0.170692
0.169054
0.167447
0.16586
0.164302
0.16276
0.161239
0.159747
0.158271
0.156823
0.155403
0.154006
0.152629
0.151284
0.149956
0.148645
0.14735
0.146092
0.144859
0.143638
0.142443
0.141266
0.140126
0.139007
0.137914
0.136844
0.135811
0.134804
0.133821
0.132861
0.13193
0.131033
0.130171
0.129358
0.128593
0.127904
0.127285
0.126714
0.126215
0.125792
0.125444
0.125158
0.124925
0.124739
0.124594
0.124483
0.124404
0.124334
0.12428
0.124247
0.124213
0.124193
0.124171
0.124177
0.124209
0.124269
0.124403
0.124607
0.124871
0.125187
0.125561
0.126007
0.126541
0.127207
0.12799
0.128781
0.129568
0.130355
0.131133
0.131904
0.132665
0.133421
0.134174
0.134935
0.135686
0.136411
0.137101
0.137759
0.138385
0.138982
0.139546
0.140082
0.140588
0.141064
0.141508
0.141923
0.142315
0.142677
0.143012
0.143316
0.143591
0.143834
0.144045
0.144225
0.144374
0.144493
0.144581
0.144636
0.14466
0.144652
0.144614
0.144544
0.144444
0.144312
0.14415
0.14396
0.143741
0.143491
0.143212
0.142907
0.142576
0.14222
0.141843
0.141446
0.141025
0.14058
0.140116
0.139637
0.139139
0.13862
0.138079
0.137512
0.136923
0.13631
0.135673
0.135011
0.134327
0.133624
0.132909
0.132182
0.131444
0.130695
0.129943
0.12919
0.128434
0.127679
0.126948
0.126259
0.125593
0.124944
0.124318
0.123716
0.123129
0.122555
0.121991
0.121436
0.120891
0.120358
0.119832
0.119317
0.118808
0.118312
0.117822
0.117342
0.116869
0.1164
0.115942
0.115492
0.115053
0.114624
0.114213
0.113811
0.113418
0.113039
0.112668
0.112306
0.111956
0.111607
0.11126
0.110916
0.110575
0.11023
0.109883
0.109533
0.109181
0.108821
0.108454
0.108074
0.107687
0.107289
0.106879
0.106459
0.106026
0.10558
0.105121
0.104649
0.104164
0.103665
0.103153
0.102628
0.102093
0.101545
0.100989
0.10042
0.0998384
0.0992487
0.0986546
0.0980581
0.0974546
0.0968414
0.0962139
0.0955733
0.0949221
0.0942572
0.0935775
0.0928855
0.0921786
0.0914559
0.0907192
0.0899676
0.0891999
0.0884173
0.0876204
0.08681
0.0859842
0.0851428
0.0842868
0.0834171
0.0825334
0.0816358
0.0807244
0.0797989
0.078858
0.0779046
0.0769388
0.0759596
0.0749704
0.0739712
0.0729619
0.0719417
0.0709116
0.0698716
0.0688242
0.0677683
0.0667029
0.0656301
0.0645515
0.0634681
0.0623801
0.061287
0.0601913
0.0590924
0.0579913
0.0568893
0.0557971
0.0547616
0.0538248
0.0530039
0.0522704
0.0515847
0.0509337
0.0503082
0.0497034
0.0491168
0.0485499
0.0480028
0.0474849
0.0470025
0.0465469
0.0461194
0.0457126
0.0453253
0.0449609
0.0446158
0.0442935
0.0439946
0.0437232
0.0434852
0.0432922
0.0431446
0.0430273
0.0429192
0.04282
0.0427302
0.0426531
0.0425901
0.0425384
0.0424914
0.0424523
0.0424192
0.0423897
0.0423642
0.0423414
0.0423222
0.042305
0.0422887
0.0422729
0.0422599
0.0422548
0.042263
0.042294
0.0423689
0.042478
0.0426217
0.0427928
0.0429905
0.0432221
0.0434836
0.0437748
0.044089
0.0444338
0.0448151
0.0452138
0.0456216
0.0460393
0.0464657
0.0469016
0.0473482
0.0478006
0.0482596
0.0487305
0.0492158
0.0497092
0.0502106
0.0507167
0.0512324
0.051756
0.052286
0.0528283
0.0533745
0.0539097
0.0544328
0.0549438
0.0554423
0.0559278
0.0564005
0.056861
0.0573088
0.0577454
0.0581693
0.0585811
0.0589805
0.0593677
0.0597433
0.0601061
0.060456
0.0607934
0.0611176
0.0614294
0.0617296
0.0620165
0.0622904
0.062548
0.0627903
0.0630176
0.063231
0.0634303
0.0636149
0.0637864
0.063944
0.0640872
0.0642149
0.0643273
0.0644247
0.0645073
0.0645747
0.0646266
0.0646639
0.0646861
0.0646945
0.0646891
0.0646704
0.0646399
0.0645993
0.0645587
0.0645181
0.0644711
0.0644168
0.0643544
0.0642815
0.0641976
0.0641021
0.0639953
0.0638758
0.0637425
0.063595
0.0634335
0.0632579
0.0630687
0.0628657
0.0626495
0.0624202
0.0621782
0.0619232
0.0616555
0.0613758
0.0610845
0.0607814
0.0604659
0.0601386
0.0597999
0.0594498
0.059088
0.058715
0.0583306
0.057935
0.0575287
0.0571114
0.0566831
0.0562447
0.0557962
0.0553377
0.0548693
0.0543909
0.0539026
0.0534052
0.0528987
0.0523829
0.0518581
0.0513243
0.0507823
0.0502321
0.0496737
0.0491078
0.0485336
0.0479519
0.0473629
0.0467665
0.0461638
0.0455546
0.0449386
0.044317
0.0436893
0.0430554
0.0424157
0.0417708
0.0411202
0.0404645
0.0398045
0.0391398
0.0384711
0.0377988
0.0371238
0.0364451
0.035764
0.0350808
0.0343955
0.0337082
0.03302
0.0323308
0.0316407
0.0309517
0.0302647
0.02958
0.0288973
0.0282179
0.0275407
0.0268653
0.026192
0.0255213
0.0248528
0.0241865
0.0235234
0.0228642
0.0222147
0.0215834
0.0209849
0.0204158
0.0198829
0.0193961
0.0189563
0.018566
0.018226
0.0179276
0.017668
0.017452
0.0172732
0.0171285
0.0170169
0.0169387
0.0168919
0.0168737
0.0168785
0.0169064
0.016958
0.017028
0.0171173
0.0172259
0.0173521
0.0174928
0.0176452
0.0178096
0.0179859
0.0181723
0.0183704
0.0185755
0.0187913
0.019015
0.0192468
0.0194815
0.0197219
0.0199658
0.0202141
0.0204637
0.0207151
0.0209662
0.0212208
0.0214788
0.0217371
0.0219971
0.022257
0.0225165
0.0227764
0.0230367
0.023298
0.0235565
0.0238144
0.0240728
0.0243305
0.0245901
0.0248492
0.0251083
0.0253697
0.0256337
0.0258967
0.0261543
0.0264059
0.0266536
0.0268958
0.0271317
0.0273624
0.0275871
0.0278062
0.0280191
0.0282256
0.0284265
0.0286221
0.0288116
0.0289959
0.0291756
0.0293496
0.0295166
0.0296769
0.0298308
0.0299773
0.0301172
0.0302505
0.0303774
0.030497
0.03061
0.0307165
0.0308157
0.0309086
0.0309936
0.0310717
0.0311425
0.0312061
0.0312619
0.0313097
0.0313498
0.0313818
0.0314062
0.0314286
0.0314545
0.0314816
0.0315042
0.03152
0.0315287
0.03153
0.0315239
0.0315105
0.0314901
0.0314623
0.0314269
0.0313842
0.0313343
0.0312771
0.0312129
0.0311417
0.0310634
0.0309782
0.0308859
0.0307865
0.0306804
0.0305675
0.0304481
0.0303222
0.0301896
0.0300506
0.0299051
0.0297532
0.029595
0.0294309
0.0292607
0.0290844
0.0289022
0.0287142
0.0285205
0.0283212
0.0281164
0.027906
0.0276904
0.0274695
0.0272436
0.0270125
0.0267766
0.0265359
0.0262906
0.0260407
0.0257864
0.0255277
0.0252647
0.0249976
0.0247265
0.0244515
0.0241727
0.0238902
0.0236043
0.023315
0.0230226
0.0227272
0.0224292
0.0221292
0.0218272
0.0215236
0.0212188
0.0209137
0.0206093
0.020305
0.02
0.0196944
0.0193884
0.0190822
0.0187764
0.0184706
0.0181646
0.0178584
0.0175533
0.0172497
0.0169479
0.0166484
0.0163519
0.01606
0.0157737
0.0154957
0.0152313
0.0149886
0.0147674
0.0145633
0.0143763
0.0142008
0.0140368
0.0138818
0.0137369
0.0136008
0.0134746
0.0133576
0.0132517
0.0131571
0.0130729
0.0130003
0.0129377
0.0128856
0.0128452
0.0128191
0.012803
0.0128006
0.012808
0.0128256
0.0128524
0.0128883
0.012932
0.012984
0.0130433
0.0131055
0.0131734
0.0132446
0.0133186
0.013395
0.0134738
0.0135566
0.0136397
0.0137236
0.0138104
0.013898
0.0139857
0.0140755
0.0141661
0.0142565
0.0143483
0.0144417
0.0145344
0.0146271
0.0147211
0.0148148
0.0149076
0.0149997
0.0150914
0.0151825
0.0152732
0.0153642
0.0154539
0.0155413
0.0156268
0.0157106
0.0157932
0.0158747
0.0159554
0.0160345
0.0161113
0.0161854
0.0162569
0.0163264
0.0163941
0.0164597
0.0165221
0.0165824
0.0166397
0.0166951
0.0167481
0.0167995
0.0168481
0.0168942
0.0169367
0.0169764
0.0170143
0.0170499
0.0170827
0.0171129
0.0171397
0.0171643
0.0171866
0.0172064
0.0172237
0.0172378
0.0172492
0.0172581
0.0172635
0.0172663
0.0172663
0.0172629
0.0172563
0.0172468
0.0172335
0.0172174
0.017198
0.0171754
0.0171508
0.0171255
0.0171005
0.0170753
0.017048
0.0170193
0.0169889
0.0169563
0.0169217
0.0168846
0.016845
0.0168027
0.0167571
0.0167091
0.0166584
0.0166044
0.0165484
0.0164895
0.0164273
0.0163629
0.0162957
0.0162262
0.0161541
0.0160792
0.0160021
0.0159219
0.0158392
0.0157543
0.0156665
0.0155768
0.0154847
0.0153903
0.0152935
0.0151945
0.0150935
0.0149903
0.0148846
0.014777
0.0146668
0.014555
0.0144414
0.0143259
0.0142088
0.0140897
0.013969
0.0138467
0.0137224
0.0135967
0.0134697
0.0133409
0.013211
0.0130796
0.0129471
0.0128132
0.0126781
0.0125418
0.0124046
0.0122663
0.0121269
0.0119865
0.0118455
0.011704
0.0115618
0.0114186
0.0112752
0.0111321
0.0109888
0.0108453
0.0107021
0.0105597
0.0104174
0.010275
0.0101335
0.00999302
0.00985299
0.00971313
0.00957451
0.00943942
0.0093144
0.00920053
0.00909614
0.00900122
0.00891663
0.00884068
0.00877262
0.00871041
0.00865274
0.00859981
0.00855152
0.00850756
0.00846914
0.00843539
0.00840608
0.00838228
0.00836348
0.00834947
0.0083404
0.00833694
0.00833853
0.00834502
0.00835662
0.00837231
0.00839267
0.00841676
0.00844557
0.00847858
0.00851557
0.00855607
0.00860154
0.00865002
0.00870288
0.00875849
0.00881713
0.00887875
0.00894422
0.00901242
0.00908206
0.00915396
0.00922826
0.00930356
0.00937988
0.00945676
0.00953263
0.00960866
0.00968464
0.00976025
0.00983545
0.00990987
0.00998295
0.0100559
0.0101278
0.0101986
0.010268
0.0103363
0.0104034
0.0104693
0.0105335
0.0105962
0.0106575
0.0107168
0.0107739
0.0108287
0.0108818
0.010933
0.0109827
0.0110307
0.0110766
0.0111204
0.0111619
0.0112012
0.0112379
0.0112721
0.0113039
0.0113336
0.0113619
0.0113884
0.0114127
0.011435
0.0114554
0.0114735
0.0114889
0.0115017
0.011512
0.0115201
0.0115263
0.0115307
0.0115332
0.0115334
0.0115312
0.0115268
0.0115201
0.0115112
0.0115003
0.0114871
0.0114719
0.0114548
0.0114358
0.0114151
0.011392
0.0113669
0.0113398
0.0113107
0.01128
0.0112476
0.0112135
0.0111785
0.0111428
0.0111063
0.0110692
0.0110314
0.0109932
0.0109544
0.0109153
0.0108754
0.0108342
0.0107919
0.010749
0.0107053
0.0106609
0.0106156
0.0105691
0.0105216
0.010473
0.0104234
0.0103722
0.0103197
0.0102655
0.0102098
0.0101524
0.0100935
0.0100329
0.00997075
0.00990733
0.0098425
0.00977599
0.00970836
0.00963937
0.00956927
0.0094979
0.00942521
0.00935123
0.00927584
0.00919939
0.00912179
0.00904293
0.00896299
0.00888203
0.00880001
0.00871724
0.00863315
0.0085481
0.00846217
0.00837523
0.00828755
0.008199
0.00810967
0.00801956
0.00792889
0.00783712
0.00774465
0.00765155
0.00755801
0.0074637
0.0073689
0.00727367
0.00717812
0.00708205
0.00698566
0.00688868
0.00679172
0.00669427
0.00659699
0.00650006
0.00640383
0.00630913
0.006217
0.00613214
0.00605294
0.00597764
0.00590513
0.00583526
0.00576778
0.00570278
0.00563982
0.00557906
0.00552062
0.00546468
0.00541055
0.0053587
0.00530854
0.00526075
0.00521451
0.00517117
0.00513012
0.00509162
0.00505545
0.00502197
0.00499185
0.00496445
0.00493957
0.00491789
0.00489842
0.00488154
0.00486709
0.00485463
0.00484421
0.00483625
0.00482996
0.00482551
0.00482354
0.00482357
0.00482539
0.00482969
0.00483585
0.00484352
0.00485294
0.00486348
0.00487592
0.00488886
0.0049027
0.00491751
0.0049329
0.00494899
0.00496559
0.00498285
0.00500087
0.00502006
0.00503996
0.00506039
0.00508228
0.00510597
0.00513185
0.00515957
0.00518925
0.00522158
0.00525694
0.00529519
0.00533416
0.00537327
0.00541245
0.00545127
0.00548991
0.00552834
0.00556648
0.00560493
0.00564254
0.00567893
0.00571396
0.00574781
0.00578035
0.00581177
0.00584176
0.00587043
0.005898
0.00592417
0.00594901
0.00597234
0.00599422
0.00601451
0.00603359
0.00605116
0.00606744
0.00608242
0.00609601
0.00610828
0.00611916
0.00612874
0.0061371
0.00614429
0.00614997
0.00615428
0.00615719
0.00615872
0.00615885
0.00615793
0.00615597
0.00615281
0.00614867
0.00614356
0.00613742
0.00613011
0.00612172
0.00611226
0.00610184
0.00609035
0.00607773
0.00606403
0.00604912
0.00603319
0.00601605
0.00599767
0.00597833
0.00595802
0.00593676
0.00591443
0.0058911
0.00586673
0.0058414
0.00581534
0.00578831
0.00576045
0.00573169
0.00570198
0.00567145
0.00564019
0.00560807
0.00557504
0.00554114
0.00550639
0.00547083
0.00543438
0.00539712
0.00535908
0.00532049
0.00528112
0.00524105
0.00520054
0.00515941
0.00511771
0.0050754
0.0050327
0.00498953
0.00494576
0.00490152
0.00485695
0.00481219
0.00476712
0.00472185
0.00467643
0.00463083
0.00458501
0.00453891
0.00449248
0.00444564
0.0043984
0.00435071
0.00430264
0.00425422
0.00420549
0.00415675
0.00410818
0.00405982
0.00401176
0.00396413
0.00391778
0.00387435
0.00383317
0.00379374
0.00375537
0.00371793
0.00368156
0.00364613
0.00361159
0.00357816
0.00354569
0.00351416
