381.611
438.42
469.714
482.712
478.211
456.217
426.332
393.773
355.325
312.632
271.671
235.086
205.861
180.558
160.601
144.809
132.384
122.785
115.44
109.582
104.82
101.152
98.1853
95.6731
93.4852
91.4049
89.5651
88.0797
86.9365
86.208
85.8076
85.6576
85.7849
86.2716
86.9711
87.7922
88.6968
89.6723
90.777
91.9302
93.1077
94.3497
95.6798
97.0388
98.3906
99.7345
101.056
102.338
103.58
104.788
105.922
106.981
107.974
108.918
109.818
110.669
111.487
112.28
113.104
113.909
114.655
115.298
115.822
116.223
116.511
116.675
116.723
116.667
116.497
116.232
115.872
115.417
114.872
114.243
113.555
112.842
112.048
111.178
110.238
109.241
108.193
107.09
105.93
104.739
103.519
102.3
101.195
100.261
99.516
98.9609
98.5786
98.3357
98.2026
98.1711
98.2452
98.3904
98.5999
98.8772
99.2091
99.5518
99.9008
100.242
100.572
100.876
101.152
101.421
101.659
101.874
102.046
102.172
102.254
102.289
102.288
102.244
102.151
102.027
101.877
101.68
101.453
101.176
100.863
100.512
100.125
99.7008
99.2232
98.7134
98.1686
97.6024
97.0082
96.3841
95.7353
95.0658
94.3698
93.6415
92.9029
92.1609
91.4113
90.7024
90.0857
89.517
89.031
88.607
88.199
87.8056
87.4604
87.1709
86.9481
86.7353
86.5341
86.3493
86.1643
85.9776
85.7789
85.583
85.4169
85.2496
85.0787
84.9207
84.788
84.6658
84.5733
84.5152
84.5072
84.5396
84.6079
84.6944
84.7826
84.8778
84.9826
85.0913
85.2034
85.3194
85.4349
85.5471
85.6611
85.7656
85.8726
85.9895
86.1064
86.2241
86.3382
86.4645
86.5923
86.7101
86.8266
86.926
87.0209
87.1004
87.1631
87.2103
87.248
87.2809
87.2991
87.3066
87.3207
87.3251
87.3206
87.3245
87.3345
87.3646
87.429
87.5287
87.6657
87.8401
88.0365
88.2631
88.5088
88.7609
89.0211
89.2875
89.5573
89.8367
90.1245
90.4172
90.7139
91.0096
91.3048
91.5897
91.8659
92.1427
92.4201
92.6991
92.974
93.2389
93.4961
93.7519
93.9929
94.2134
94.4186
94.6043
94.7706
94.9238
95.0644
95.1936
95.3136
95.4253
95.5315
95.6354
95.7461
95.8636
95.9972
96.1631
96.3581
96.5387
96.7008
96.8449
96.9682
97.0709
97.1524
97.2172
97.2658
97.2993
97.3191
97.3181
97.3028
97.2727
97.2262
97.1614
97.0831
96.9869
96.8745
96.7529
96.6238
96.4803
96.3239
96.1556
95.9808
95.7976
95.6078
95.4087
95.2062
95.0021
94.7952
94.5891
94.3884
94.1867
93.9794
93.7671
93.5515
93.3311
93.1051
92.8725
92.6318
92.3864
92.132
91.872
91.6028
91.3202
91.0275
90.7311
90.455
90.1906
89.9406
89.6971
89.4556
89.2217
88.997
88.7757
88.5454
88.3043
88.0521
87.7908
87.5241
87.2581
86.9865
86.7238
86.4628
86.197
85.9183
85.6285
85.3275
85.023
84.7118
84.3916
84.0692
83.7476
83.4198
83.0851
82.7516
82.416
82.0756
81.7251
81.3687
81.0084
80.6469
80.2813
79.9108
79.5365
79.16
78.7747
78.3939
78.0162
77.6381
77.2571
76.8772
76.4975
76.1216
75.7702
75.4439
75.1296
74.8275
74.5397
74.2665
74.0091
74.7646
74.1471
73.7816
73.3725
73.0483
72.7421
72.4099
72.0723
71.7638
71.4498
71.1246
70.8013
70.4946
70.1896
69.9156
69.6549
69.4046
69.1707
68.9518
68.7478
68.5475
68.3476
68.1527
67.9589
67.7606
67.5559
67.3476
67.1414
66.9344
66.7241
66.5113
66.2979
66.0792
65.8581
65.6388
65.4234
65.2076
64.9916
64.7804
64.5683
64.3582
64.1496
63.9421
63.735
63.5315
63.3309
63.1345
62.9465
62.7662
62.5902
62.418
62.2486
62.0823
61.9192
61.7598
61.6046
61.452
61.3023
61.1552
61.0125
60.8733
60.7363
60.6017
60.4708
60.3404
60.2099
60.0786
59.9454
59.8109
59.6748
59.5373
59.3984
59.2596
59.1189
58.978
58.8359
58.6911
58.5418
58.3899
58.2352
58.0759
57.9126
57.7458
57.5748
57.4026
57.2286
57.0515
56.874
56.6955
56.5148
56.3335
56.1539
55.9739
55.7949
55.6182
55.4469
55.2845
55.1281
54.9743
54.8243
54.6784
54.5352
54.3983
54.267
54.1416
54.0196
53.8994
53.7818
53.6705
53.5603
53.4534
53.3509
53.2554
53.1674
53.0801
52.9932
52.9101
52.83
52.7546
52.6826
52.6102
52.5409
52.4758
52.4136
52.3548
52.298
52.2422
52.1895
52.1376
52.0889
52.0451
52.0011
51.9584
51.9194
51.8818
51.846
51.8115
51.7793
51.7502
51.7251
51.7037
51.6844
51.6684
51.6529
51.636
51.619
51.6018
51.5824
51.5622
51.5411
51.518
51.495
51.4705
51.4451
51.4185
51.3915
51.361
51.3301
51.2965
51.2615
51.2267
51.1913
51.153
51.113
51.0718
51.0281
50.9821
50.9346
50.8839
50.8318
50.7772
50.7183
50.6552
50.5905
50.5243
50.4544
50.3844
50.3141
50.2405
50.1636
50.0852
50.0046
49.9208
49.8326
49.7417
49.6486
49.5524
49.4543
49.355
49.2539
49.1512
49.0459
48.9383
48.8283
48.7182
48.6067
48.4943
48.3814
48.2673
48.1517
48.0357
47.9183
47.8003
47.6819
47.5621
47.4414
47.3203
47.1963
47.0708
46.9438
46.8158
46.6864
46.5563
46.4251
46.2921
46.1578
46.0229
45.8872
45.7512
45.6133
45.4731
45.3318
45.1922
45.0533
44.9147
44.7749
44.6352
44.4948
44.3541
44.2127
44.0708
43.9288
43.7859
43.6425
43.4991
43.3566
43.2144
43.0724
42.931
42.7901
42.6473
42.5032
42.3594
42.2144
42.0713
41.9272
41.7816
41.6343
41.4861
41.3367
41.1858
41.0341
40.8803
40.7258
40.5698
40.413
40.2561
40.0982
39.9407
39.7816
39.6207
39.4586
39.2979
39.1362
38.9728
38.8107
38.6502
38.4896
38.3308
38.1744
38.0183
37.8619
37.7045
37.5464
37.3876
37.228
37.0677
36.9082
36.7493
36.5914
36.4346
36.2782
36.123
35.968
35.8142
35.6619
35.5105
35.3615
35.2172
35.0756
34.9367
34.8012
34.6778
34.5705
34.4751
34.3893
34.3143
34.248
34.1896
34.1397
34.0961
34.0567
34.0191
33.9848
33.9523
33.9222
33.8943
33.8675
33.8396
33.8112
33.7827
33.7529
33.7227
33.6917
33.6594
33.627
33.5925
33.557
33.5207
33.4823
33.4417
33.3989
33.3534
33.3047
33.2527
33.1976
33.1398
33.0789
33.0161
32.951
32.8835
32.8138
32.7424
32.669
32.5945
32.5182
32.4391
32.3585
32.2785
32.1976
32.1181
32.0388
31.9602
31.8846
31.8101
31.7386
31.6694
31.6019
31.5383
31.4784
31.4232
31.3726
31.3297
31.2965
31.2722
31.2535
31.238
31.2223
31.2035
31.1821
31.1588
31.1336
31.1054
31.0738
31.0423
31.0098
30.9777
30.9486
30.922
30.9019
30.8859
30.8713
30.8594
30.8495
30.8415
30.8332
30.8238
30.8136
30.8036
30.7939
30.7851
30.7783
30.7735
30.7708
30.7703
30.7769
30.8021
30.8536
30.9202
30.9837
31.0444
31.1016
31.1547
31.2039
31.2489
31.2908
31.3293
31.3654
31.3986
31.4296
31.4577
31.4831
31.5063
31.5275
31.546
31.562
31.5761
31.5889
31.6007
31.6114
31.6226
31.6327
31.6426
31.6521
31.6617
31.672
31.6832
31.6946
31.7058
31.7174
31.7305
33.0239
33.0444
33.0822
33.1375
33.1793
33.2237
33.2625
33.2903
33.3167
33.3516
33.3926
33.4389
33.4919
33.552
33.6306
33.7188
33.8104
33.9032
34.0022
34.0973
34.1934
34.2934
34.3888
34.4759
34.5608
34.6451
34.7287
34.8083
34.8841
34.9621
35.0424
35.123
35.203
35.2778
35.3508
35.4202
35.4887
35.5534
35.6187
35.6817
35.7378
35.7906
35.841
35.8899
35.9355
35.9799
36.0204
36.0615
36.1035
36.1474
36.191
36.2318
36.2702
36.3052
36.3385
36.3712
36.3999
36.4261
36.4559
36.4871
36.5171
36.5502
36.5876
36.6248
36.6631
36.7014
36.738
36.7743
36.8092
36.8407
36.8708
36.8972
36.9241
36.9482
36.9705
36.9907
37.0104
37.0272
37.0405
37.0508
37.0612
37.0681
37.0738
37.0776
37.079
37.077
38.3868
38.3902
38.402
38.4279
38.4563
38.4748
38.4778
38.4807
38.4814
38.4757
38.4629
38.4454
38.4277
38.4013
38.3736
38.3386
38.3023
38.2689
38.2304
38.1952
38.1657
38.1288
38.0816
38.025
37.9683
37.9078
37.8383
37.7623
37.6934
37.6245
37.555
37.4841
37.409
37.3283
37.2485
37.1641
37.0736
36.9801
36.8817
36.7834
36.6834
36.5828
36.4886
36.3924
36.2967
36.2101
36.129
36.0489
35.9694
35.8942
35.8299
35.7771
35.7273
35.6833
35.645
35.6164
35.596
35.5804
35.5729
35.569
35.5704
35.5758
35.5856
35.6049
35.6292
35.6559
35.6862
35.7181
35.7528
35.792
35.8358
35.8828
35.933
35.9895
36.0504
36.1155
36.1818
36.2502
36.3196
36.3904
37.7625
37.8435
37.9414
38.0252
38.1115
38.1838
38.2372
38.2867
38.3349
38.3784
38.426
38.4754
38.5162
38.5546
38.5896
38.6225
38.6532
38.6898
38.7385
38.7836
38.82
38.8451
38.873
38.8918
38.9021
38.9183
38.94
38.9562
38.974
38.9836
38.9938
38.9984
38.9882
38.9664
38.9396
38.9019
38.8598
38.8111
38.7569
38.7042
38.6483
38.5843
38.5145
38.4448
38.3755
38.3078
38.2362
38.1607
38.0816
38.0034
37.9229
37.8391
37.7559
37.6715
37.5887
37.5079
37.4274
37.347
37.2664
37.1851
37.1049
37.0261
36.9485
36.8727
36.7995
36.7279
36.6576
36.5879
36.5205
36.4528
36.3868
36.322
36.2591
36.1987
36.1398
36.0837
36.0309
35.978
35.9263
35.8755
35.8258
35.7757
35.7267
35.6789
35.6326
35.5897
35.5488
35.5089
35.47
35.4314
35.3934
35.3556
35.3175
35.2788
35.2388
35.198
35.1545
35.1109
35.067
35.0243
34.9804
34.9341
34.887
34.8386
34.7893
34.738
34.6876
34.6373
34.5857
34.5338
34.4816
34.4299
34.3784
34.3255
34.2746
34.2253
34.1763
34.1277
34.079
34.0296
33.9806
33.9324
33.8845
33.8373
33.7897
33.7421
33.6945
33.6503
33.6071
33.5659
33.5267
33.49
33.4558
33.4225
33.3923
33.3655
33.3405
33.3179
33.296
33.2757
33.2563
33.2396
33.224
33.2096
33.1967
33.1852
33.1751
33.1651
33.1563
33.1508
33.1471
33.146
33.1466
33.1483
33.1504
33.1519
33.1542
33.1577
33.1611
33.1633
33.1648
33.1651
33.1637
33.1609
33.1561
33.1495
33.1414
33.1316
33.1196
33.1051
33.0884
33.0685
33.0461
33.0232
32.9978
32.9697
32.9385
32.9043
32.8674
32.8285
32.7868
32.7437
32.699
32.6514
32.602
32.5502
32.4963
32.441
32.3841
32.3257
32.2656
32.2036
32.1405
32.075
32.0076
31.9382
31.8671
31.7968
31.7258
31.6533
31.5796
31.5046
31.4284
31.3511
31.2729
31.1942
31.1157
31.0356
30.955
30.8731
30.7897
30.7045
30.6177
30.5299
30.4409
30.3498
30.2564
30.1617
30.0647
29.9654
29.8653
29.765
29.6632
29.5597
29.4548
29.3487
29.2413
29.1323
29.0216
28.9104
28.7986
28.6877
28.576
28.4624
28.3475
28.2315
28.1145
27.9965
27.8769
27.7561
27.6343
27.5122
27.3918
27.2725
27.1527
27.0321
26.9108
26.7893
26.6671
26.5441
26.4204
26.2971
26.1736
26.0502
25.9262
25.8017
25.6763
25.5502
25.4241
25.2991
25.1735
25.047
24.9194
24.7908
24.6613
24.5313
24.401
24.2713
24.141
24.0101
23.8794
23.7486
23.6171
23.485
23.352
23.2193
23.0862
22.9551
22.824
22.6924
22.5611
22.4296
22.2985
22.1684
22.0386
21.9109
21.7841
21.6602
21.5421
21.4328
21.33
21.2315
21.138
21.0503
20.9687
20.8949
20.8273
20.7642
20.7046
20.6478
20.5967
20.5487
20.504
20.4646
20.4296
20.3968
20.367
20.3378
20.3105
20.285
20.2598
20.2361
20.2131
20.1905
20.1684
20.1468
20.1261
20.1057
20.0858
20.0682
20.0506
20.0327
20.0159
20.0001
19.9836
19.9663
19.9489
19.9323
19.915
19.8977
19.8801
19.862
19.8434
19.8242
19.8039
19.7828
19.7607
19.7376
19.7141
19.6915
19.6683
19.6452
19.6226
19.5999
19.5772
19.5545
19.5315
19.5076
19.4829
19.458
19.4337
19.4095
19.3855
19.3611
19.3364
19.3116
19.2863
19.2607
19.2358
19.2112
19.1869
19.1632
19.1401
19.1177
19.0954
19.0738
19.0515
19.029
19.0074
18.9864
18.9659
18.9457
18.9269
18.909
18.8922
18.8761
18.8615
18.848
18.8374
18.8291
18.8241
18.822
18.823
18.8277
18.835
18.8446
18.856
18.8686
18.8823
18.8969
18.9114
18.9262
18.9411
18.9561
18.9707
18.9849
18.9984
19.012
19.0259
19.039
19.0507
19.061
19.0701
19.0777
19.0838
19.0886
19.0923
19.0947
19.0958
19.0952
19.0928
19.0893
19.0838
19.0764
19.0681
19.0583
19.0469
19.0345
19.0206
19.0065
18.9914
18.9746
18.9563
18.9364
18.915
18.8923
18.8695
18.8459
18.8211
18.795
18.7678
18.7391
18.7091
18.678
18.6467
18.6148
18.5827
18.5501
18.5178
18.4849
18.4516
18.4198
18.389
18.3594
18.3293
18.2989
18.2692
18.2396
18.21
18.1808
18.1534
18.128
18.1029
18.0779
18.053
18.0288
18.0043
17.9794
17.9547
17.9297
17.9049
17.8803
17.8558
17.8322
17.8093
17.7874
17.7679
17.7512
17.7364
17.726
17.7208
17.7193
17.7205
17.7237
17.7283
17.7344
17.7427
17.7527
17.7649
17.7798
17.7977
17.8178
17.8396
17.8624
17.8859
17.9101
17.934
17.9575
17.9805
18.0038
18.027
18.05
18.0741
18.0996
18.1247
18.1506
18.1777
18.2051
18.2321
18.2584
18.2837
18.3082
18.3331
18.3575
18.3809
18.4036
18.4249
18.4451
18.464
18.482
18.499
18.5153
18.5302
18.5447
18.5581
18.5704
18.5816
18.5916
18.6006
18.61
18.6197
18.6287
18.6376
18.6472
18.6556
18.6628
18.6689
18.6743
18.6792
18.6848
18.6902
18.6948
18.699
18.7029
18.7059
18.7079
18.7097
18.7113
18.7134
18.715
18.7158
18.7161
18.7166
18.7167
18.716
18.7146
18.7139
18.7138
18.7145
18.7147
18.7153
18.7156
18.7163
18.7166
18.7161
18.7149
18.7135
18.7127
18.7119
18.7106
18.7096
18.708
18.7056
18.7029
18.7007
18.6985
18.6959
18.6925
18.6885
18.6845
18.6804
18.6756
18.6708
18.668
18.6654
18.6637
18.6618
18.6597
18.6573
18.6544
18.651
18.6468
18.6433
18.6394
18.6363
18.6331
18.6299
18.6267
18.6232
18.6201
18.6172
18.614
18.6104
18.6069
18.6035
18.5999
18.5979
18.5969
18.5959
18.5971
18.5982
18.5987
18.5993
18.6002
18.6013
18.602
18.6027
18.6046
18.6066
18.6085
18.6101
18.611
18.612
18.6135
18.6162
18.6189
18.6212
18.6253
18.6296
18.6336
18.637
18.6405
18.6434
18.6455
18.6474
18.6501
18.6525
18.6544
18.6561
18.6572
18.659
18.6604
18.6622
18.6639
18.6661
18.6704
18.6755
18.6806
18.6857
18.6907
18.6966
18.7034
18.7107
18.718
18.725
18.7328
18.74
18.7469
18.7532
18.7593
18.7649
18.7709
18.7767
18.7824
18.7876
18.7934
18.7987
18.804
18.8086
18.8127
18.8165
18.821
18.8251
18.8294
18.8331
18.8363
18.839
18.842
18.8458
18.8494
18.8535
18.8569
18.8602
18.863
18.8652
18.867
18.8691
18.8711
18.8725
18.8726
18.8717
18.8706
18.8709
18.8711
18.8706
18.8691
18.8676
18.8655
18.8631
18.8603
18.8575
18.8556
18.8546
18.8534
18.8518
18.8497
18.8471
18.8434
18.8395
18.835
18.8297
18.824
18.8184
18.8128
18.8069
18.8002
18.7945
18.7898
18.7859
18.7809
18.7752
18.7691
18.7623
18.7545
18.7461
18.7373
18.7284
18.7201
18.7132
18.7065
18.699
18.6919
18.6841
18.6754
18.6657
18.655
18.6433
18.6308
18.6175
18.6031
18.589
18.577
18.5665
18.5565
18.546
18.5357
18.5251
18.5139
18.5025
18.4909
18.4796
18.4686
18.458
18.4479
18.4369
18.4254
18.4139
18.4021
18.3901
18.3778
18.3669
18.3568
18.3466
18.3361
18.3263
18.3161
18.3052
18.2938
18.2821
18.2702
18.2575
18.2447
18.2332
18.2213
18.2093
18.1972
18.1845
18.1708
18.1562
18.1409
18.1251
18.1092
18.093
18.0761
18.0593
18.042
18.0241
18.0059
17.987
17.968
17.9487
17.9288
17.9078
17.8856
17.8624
17.8381
17.8128
17.7867
17.76
17.733
17.7056
17.6789
17.6526
17.6257
17.5976
17.5686
17.5384
17.507
17.475
17.4428
17.4109
17.3786
17.346
17.3134
17.2805
17.2473
17.2135
17.1798
17.146
17.1118
17.077
17.041
17.0044
16.9677
16.9307
16.8941
16.8577
16.8217
16.7862
16.7503
16.7136
16.6764
16.6396
16.603
16.5656
16.5276
16.4894
16.4507
16.4118
16.3731
16.3347
16.2974
16.2608
16.2235
16.186
16.1483
16.1097
16.0705
16.0303
15.9898
15.9485
15.9079
15.8669
15.826
15.7865
15.7467
15.7059
15.6646
15.6227
15.5802
15.5367
15.4924
15.4483
15.4043
15.3597
15.3154
15.2711
15.2267
15.1816
15.1365
15.0913
15.0465
15.001
14.9544
14.9072
14.8599
14.812
14.764
14.7167
14.669
14.6226
14.5755
14.5277
14.4799
14.4319
14.3826
14.3324
14.2812
14.229
14.1767
14.1241
14.0716
14.0183
13.9653
13.9116
13.8571
13.8022
13.7467
13.6906
13.6347
13.5793
13.5238
13.4679
13.4115
13.3551
13.3002
13.2456
13.1936
13.1426
13.0918
13.0413
12.9918
12.9435
12.8958
12.8489
12.8023
12.756
12.7108
12.6664
12.6227
12.5794
12.5369
12.495
12.4544
12.4145
12.3744
12.3346
12.2947
12.2564
12.2188
12.1828
12.1472
12.1133
12.0811
12.0498
12.0208
11.9921
11.9633
11.9347
11.9066
11.8791
11.8518
11.8243
11.797
11.77
11.7441
11.7187
11.6941
11.6704
11.647
11.6243
11.6027
11.5815
11.5604
11.539
11.518
11.4981
11.4797
11.4621
11.4453
11.4297
11.4164
11.4032
11.3907
11.379
11.3675
11.3561
11.3451
11.3341
11.3233
11.3131
11.3029
11.2928
11.2846
11.2777
11.2715
11.2659
11.2602
11.2548
11.25
11.2463
11.2442
11.2447
11.2479
11.253
11.2605
11.2704
11.281
11.2931
11.306
11.3199
11.3345
11.3501
11.3669
11.3855
11.4069
11.431
11.4578
11.4884
11.5216
11.5554
11.5899
11.6251
11.6619
11.6997
11.7394
11.7798
11.8203
11.8615
11.9031
11.9437
11.9835
12.0237
12.0641
12.1039
12.1429
12.1816
12.2203
12.2587
12.2965
12.3334
12.3704
12.4072
12.4437
12.4799
12.5157
12.5527
12.5892
12.6256
12.6628
12.7002
12.7372
12.7733
12.8089
12.844
12.8794
12.9147
12.9496
12.9849
13.0205
13.0561
13.0917
13.1269
13.1621
13.1974
13.2328
13.2678
13.3029
13.3376
13.3736
13.4095
13.4456
13.4819
13.5184
13.5561
13.5938
13.633
13.6721
13.7116
13.7508
13.7898
13.8293
13.8681
13.9061
13.9436
13.9806
14.0169
14.0525
14.0883
14.1245
14.1604
14.1955
14.23
14.2641
14.2976
14.3315
14.3654
14.399
14.4327
14.466
14.4985
14.5302
14.5619
14.5938
14.6263
14.6584
14.6899
14.7214
14.7516
14.7809
14.8096
14.8374
14.864
14.8898
14.915
14.9407
14.9667
14.9919
15.016
15.0394
15.064
15.0884
15.1124
15.1359
15.159
15.1823
15.2047
15.2263
15.2471
15.2693
15.2911
15.3131
15.3345
15.3555
15.3755
15.3948
15.4138
15.4322
15.4494
15.4657
15.4809
15.4951
15.5087
15.5212
15.5334
15.5469
15.5596
15.5739
15.5883
15.6016
15.6142
15.6262
15.6374
15.6477
15.6571
15.6658
15.6741
15.6827
15.6908
15.6981
15.7054
15.7131
15.7208
15.7284
15.7359
15.7427
15.7493
15.755
15.7608
15.766
15.7705
15.7747
15.7788
15.7835
15.7875
15.7914
15.7956
15.8008
15.8054
15.8103
15.8155
15.8206
15.8254
15.8298
15.8342
15.8381
15.8414
15.8443
15.8467
15.8487
15.8502
15.8511
15.8524
15.8535
15.8546
15.8553
15.856
15.8561
15.8556
15.8544
15.8526
15.8507
15.8489
15.8466
15.8434
15.8403
15.8363
15.8317
15.8269
15.822
15.8176
15.8131
15.8081
15.8024
15.7961
15.7897
15.7831
15.7763
15.7696
15.7632
15.757
15.7508
15.7456
15.7405
15.7354
15.7306
15.7253
15.7191
15.7125
15.7059
15.699
15.6918
15.6842
15.6766
15.6687
15.6617
15.6561
15.6517
15.6471
15.6428
15.6382
15.6336
15.6295
15.6252
15.6204
15.6165
15.6129
15.6092
15.6059
15.6037
15.6009
15.5983
15.5965
15.5948
15.5927
15.5902
15.5872
15.5845
15.5812
15.5772
15.5725
15.5685
15.5651
15.5619
15.5592
15.5558
15.5521
15.5479
15.5435
15.5388
15.5336
15.5287
15.5247
15.521
15.5181
15.5144
15.5108
15.5069
15.5023
15.4969
15.4915
15.4862
15.481
15.4758
15.47
15.4637
15.457
15.4501
15.4443
15.4388
15.4342
15.43
15.4253
15.4204
15.4148
15.4091
15.4029
15.3966
15.39
15.3841
15.38
15.3761
15.3717
15.3673
15.3631
15.3586
15.3533
15.3474
15.3414
15.3363
15.3315
15.3267
15.3215
15.3158
15.3093
15.3032
15.2975
15.2918
15.286
15.2796
15.2734
15.2666
15.2597
15.2523
15.2443
15.2357
15.2269
15.2185
15.2113
15.2039
15.1955
15.1864
15.1766
15.1659
15.1548
15.1433
15.1314
15.1194
15.1075
15.0953
15.0826
15.0688
15.0538
15.0387
15.0239
15.0087
14.9933
14.9774
14.9609
14.9439
14.9262
14.9076
14.888
14.8676
14.8466
14.8263
14.8066
14.7867
14.7663
14.746
14.7257
14.7047
14.6832
14.6608
14.6379
14.6158
14.5941
14.5715
14.5484
14.5247
14.5008
14.4777
14.4543
14.4303
14.406
14.3808
14.3546
14.3278
14.3008
14.2737
14.2468
14.2205
14.1942
14.1675
14.1415
14.1155
14.0899
14.0638
14.0376
14.0108
13.9837
13.9558
13.9273
13.8993
13.8709
13.8431
13.816
13.789
13.7612
13.7333
13.7054
13.6777
13.6499
13.6222
13.5941
13.5663
13.5383
13.5109
13.485
13.4596
13.4352
13.4102
13.3847
13.3587
13.3322
13.3063
13.2796
13.2533
13.2265
13.199
13.1708
13.1421
13.114
13.0852
13.0563
13.0271
12.9978
12.9677
12.9373
12.9063
12.8748
12.8436
12.8121
12.7799
12.7472
12.7144
12.6825
12.6511
12.6203
12.5889
12.5569
12.5242
12.4908
12.457
12.4225
12.3877
12.3523
12.3169
12.2819
12.2463
12.2105
12.1747
12.1401
12.1051
12.0704
12.0356
12.0001
11.9642
11.9288
11.8933
11.8579
11.822
11.7853
11.7481
11.7118
11.6756
11.6387
11.601
11.5639
11.5267
11.4898
11.4532
11.4165
11.3793
11.3414
11.3032
11.2647
11.2253
11.1855
11.1467
11.1073
11.0675
11.0271
10.9862
10.9448
10.9041
10.8637
10.8236
10.7831
10.7422
10.7008
10.6593
10.6175
10.5752
10.5332
10.4911
10.4488
10.4059
10.363
10.3193
10.2749
10.2298
10.1841
10.1381
10.0915
10.0444
9.99685
9.94914
9.90076
9.8523
9.80487
9.75741
9.70963
9.66221
9.6145
9.56694
9.51964
9.47246
9.42566
9.37839
9.33135
9.28525
9.23906
9.19237
9.1453
9.098
9.04993
9.00129
8.9527
8.90377
8.85459
8.80508
8.75559
8.70646
8.6591
8.61363
8.56924
8.52534
8.48115
8.43742
8.3936
8.34984
8.30624
8.26313
8.22132
8.18027
8.14045
8.10144
8.06366
8.02669
7.99093
7.95555
7.92107
7.88752
7.85538
7.82507
7.79649
7.77057
7.74585
7.72189
7.69925
7.67765
7.65719
7.63729
7.61839
7.60193
7.58771
7.57428
7.56134
7.54935
7.5385
7.52769
7.51736
7.50821
7.49997
7.49305
7.4874
7.48236
7.47856
7.47509
7.47194
7.46955
7.46762
7.46636
7.46592
7.4657
7.46574
7.46602
7.46597
7.46576
7.46574
7.46583
7.46564
7.46576
7.4657
7.46548
7.46481
7.46415
7.46383
7.46429
7.46466
7.46469
7.46431
7.46366
7.4629
7.46219
7.46139
7.46176
7.46243
7.46321
7.4638
7.46389
7.46399
7.46438
7.46439
7.46381
7.46319
7.46212
7.46061
7.45854
7.45592
7.4528
7.44951
7.44611
7.44395
7.44233
7.44039
7.43804
7.43557
7.433
7.43059
7.42849
7.42605
7.42417
7.42386
7.42468
7.42601
7.42826
7.43099
7.43357
7.43612
7.43875
7.44214
7.44573
7.44905
7.45235
7.45581
7.45933
7.46316
7.46755
7.47373
7.48103
7.48865
7.49623
7.50407
7.51183
7.51928
7.52728
7.53551
7.54384
7.55445
7.56595
7.57747
7.58926
7.60131
7.61394
7.6266
7.63968
7.65303
7.66624
7.67926
7.69261
7.70734
7.72173
7.7356
7.74917
7.76396
7.77949
7.79502
7.81048
7.82599
7.84128
7.85637
7.87115
7.88562
7.90026
7.9151
7.93114
7.94787
7.96468
7.98129
7.99731
8.01328
8.02885
8.04401
8.05886
8.0739
8.08901
8.10351
8.11741
8.13104
8.14448
8.15733
8.1699
8.1835
8.19733
8.21069
8.22374
8.23594
8.24747
8.25825
8.26842
8.27785
8.28649
8.29494
8.30437
8.31359
8.32305
8.33185
8.34028
8.34802
8.35552
8.3629
8.36991
8.37638
8.38226
8.38766
8.39297
8.39849
8.40414
8.40922
8.41382
8.41959
8.42653
8.43302
8.43924
8.44476
8.4497
8.45418
8.45833
8.46182
8.46483
8.46776
8.47187
8.47599
8.48068
8.48502
8.48884
8.49227
8.4955
8.49881
8.50181
8.50436
8.50632
8.50834
8.5101
8.51219
8.51456
8.51631
8.51922
8.52292
8.52693
8.53092
8.53462
8.53766
8.5399
8.54159
8.54248
8.54287
8.5432
8.54364
8.5444
8.54667
8.5488
8.5504
8.55124
8.55212
8.55217
8.55151
8.55038
8.5487
8.54634
8.54311
8.5394
8.53879
8.53895
8.53886
8.53809
8.53662
8.53501
8.53269
8.52991
8.5267
8.5234
8.51963
8.51587
8.51271
8.50948
8.50615
8.50261
8.49968
8.49641
8.49247
8.48813
8.48396
8.47988
8.47526
8.47007
8.46485
8.45931
8.45391
8.44953
8.44687
8.44608
8.4468
8.44779
8.44913
8.45093
8.45307
8.45637
8.46
8.46413
8.46868
8.47324
8.47813
8.48416
8.49118
8.49864
8.50556
8.51213
8.51827
8.52395
8.52888
8.53337
8.53741
8.54218
8.54649
8.55026
8.55389
8.55746
8.56051
8.56283
8.56495
8.56686
8.56808
8.56965
8.5709
8.57219
8.57348
8.57444
8.57522
8.57573
8.57718
8.57798
8.57828
8.57831
8.57805
8.57895
8.57996
8.58069
8.58114
8.58118
8.58069
8.58005
8.57987
8.57951
8.57949
8.57933
8.5787
8.57888
8.57911
8.57899
8.57885
8.58018
8.58229
8.58444
8.58739
8.59029
8.59317
8.59582
8.59895
8.60215
8.6058
8.6099
8.61432
8.6188
8.62371
8.62849
8.63321
8.63794
8.64257
8.64679
8.65086
8.65493
8.65923
8.66323
8.66785
8.6726
8.67894
8.68575
8.6927
8.69967
8.7062
8.71243
8.71841
8.72433
8.73109
8.73785
8.74447
8.75247
8.76059
8.76897
8.77714
8.78567
8.79406
8.80232
8.81114
8.81969
8.82784
8.8358
8.84318
8.84994
8.85622
8.86468
8.87326
8.88211
8.89255
8.90345
8.91408
8.92446
8.93462
8.94411
8.95309
8.96163
8.96999
8.97926
8.98831
8.99734
9.00687
9.01565
9.02415
9.03203
9.03938
9.0465
9.05308
9.05984
9.06635
9.07248
9.07939
9.0861
9.09243
9.09828
9.10428
9.10955
9.11418
9.11975
9.12511
9.12967
9.13399
9.13885
9.14276
9.14569
9.14789
9.1496
9.15158
9.15337
9.15438
9.15479
9.15444
9.15317
9.15119
9.14854
9.14596
9.14285
9.13924
9.13527
9.13069
9.12537
9.11898
9.11226
9.10496
9.09706
9.0884
9.07937
9.06977
9.05967
9.05044
9.04159
9.03214
9.02216
9.01193
9.00143
8.99043
8.97908
8.9675
8.95698
8.94631
8.93569
8.92503
8.91429
8.90302
8.89208
8.8814
8.87027
8.85889
8.84715
8.83521
8.82311
8.81084
8.79838
8.78563
8.77356
8.76237
8.7522
8.74151
8.73063
8.71988
8.70915
8.69843
8.68748
8.67662
8.66624
8.6569
8.64827
8.63972
8.63184
8.62528
8.61845
8.61142
8.60416
8.59742
8.59157
8.58539
8.57883
8.57209
8.56559
8.55871
8.55182
8.54601
8.5416
8.53726
8.53236
8.5266
8.5202
8.51346
8.50654
8.49898
8.49147
8.48419
8.47751
8.47014
8.46238
8.45478
8.44655
8.43783
8.4289
8.41964
8.40952
8.39878
8.38712
8.37519
8.36291
8.34989
8.33629
8.3226
8.30955
8.29838
8.2865
8.27366
8.25979
8.24518
8.22979
8.2137
8.19659
8.17894
8.16129
8.14449
8.12742
8.10977
8.09227
8.07424
8.0554
8.03655
8.0174
7.99745
7.97687
7.95565
7.93378
7.9114
7.889
7.8665
7.84415
7.82248
7.80129
7.78224
7.76276
7.74283
7.72248
7.70188
7.68114
7.66024
7.63899
7.61757
7.59658
7.57666
7.55714
7.53752
7.51805
7.49864
7.47955
7.46129
7.44289
7.42422
7.40551
7.38726
7.36946
7.35164
7.33389
7.31683
7.29977
7.28288
7.26768
7.25441
7.24167
7.22912
7.21663
7.20371
7.19037
7.17673
7.1632
7.14965
7.13627
7.12414
7.11361
7.10325
7.09334
7.08413
7.0752
7.06636
7.05718
7.04768
7.03797
7.02808
7.01763
7.0066
6.99572
6.98614
6.97705
6.968
6.96111
6.9549
6.94862
6.94191
6.93561
6.9294
6.92298
6.91634
6.90937
6.90247
6.8963
6.89066
6.88617
6.88227
6.87847
6.87486
6.87155
6.86843
6.86504
6.86164
6.85821
6.85467
6.85093
6.84721
6.84375
6.84394
6.84441
6.84564
6.84721
6.84828
6.84865
6.84829
6.8474
6.84641
6.84526
6.8436
6.84201
6.84166
6.84192
6.84263
6.84356
6.84406
6.84422
6.84445
6.84445
6.84496
6.84583
6.84653
6.84653
6.84612
6.84519
6.84385
6.84199
6.83973
6.83822
6.83598
6.83343
6.83032
6.82653
6.82234
6.81774
6.81241
6.8067
6.80116
6.79594
6.79065
6.7861
6.78176
6.77714
6.77284
6.76924
6.76524
6.76128
6.75704
6.75225
6.74696
6.74176
6.73735
6.73272
6.72784
6.72243
6.71651
6.71062
6.70549
6.70011
6.69424
6.68845
6.68308
6.67801
6.67275
6.66791
6.66336
6.65843
6.65336
6.64926
6.64547
6.64184
6.63806
6.63431
6.63165
6.6295
6.62698
6.62414
6.62159
6.61947
6.6179
6.61615
6.6143
6.6123
6.6099
6.60756
6.6062
6.6044
6.60208
6.59918
6.59614
6.59472
6.59407
6.59352
6.59277
6.59194
6.59112
6.59008
6.58948
6.58993
6.59098
6.5918
6.59254
6.59285
6.59249
6.59145
6.58976
6.58802
6.58636
6.584
6.58132
6.57813
6.57453
6.57095
6.56882
6.56626
6.56473
6.56457
6.56411
6.56409
6.56433
6.56424
6.56397
6.56343
6.56235
6.56114
6.56046
6.55949
6.55902
6.55822
6.55685
6.55534
6.55426
6.55315
6.55239
6.55155
6.55059
6.54913
6.54735
6.54468
6.54191
6.53882
6.53747
6.53695
6.53679
6.53738
6.53893
6.54074
6.54213
6.5433
6.54387
6.54408
6.54395
6.54352
6.5429
6.54286
6.54288
6.54216
6.54149
6.54143
6.54123
6.54142
6.54159
6.54129
6.5407
6.54089
6.54127
6.54132
6.54207
6.54239
6.54217
6.54191
6.54151
6.54116
6.5415
6.54287
6.54414
6.54495
6.54542
6.5456
6.54592
6.54668
6.54714
6.54721
6.54647
6.54548
6.54457
6.54317
6.54153
6.53928
6.53652
6.53366
6.53078
6.52757
6.52376
6.51938
6.51427
6.50918
6.50319
6.49637
6.48908
6.48135
6.47326
6.46462
6.45593
6.44673
6.43718
6.42922
6.42136
6.41324
6.40451
6.39513
6.385
6.37437
6.36319
6.35191
6.34132
6.33067
6.31945
6.3084
6.29779
6.2881
6.27807
6.2676
6.25677
6.24606
6.23528
6.22392
6.21257
6.20151
6.19053
6.18012
6.17027
6.1611
6.15281
6.14494
6.13726
6.13025
6.12308
6.11567
6.1083
6.1007
6.09354
6.08786
6.08287
6.0786
6.07393
6.06896
6.0641
6.05933
6.05507
6.05183
6.04899
6.04613
6.04361
6.04066
6.03721
6.03356
6.02973
6.02605
6.02263
6.0202
6.01839
6.01607
6.013
6.00972
6.0062
6.00214
5.99753
5.99211
5.98634
5.98116
5.97657
5.9716
5.96659
5.96176
5.95616
5.94971
5.94226
5.93395
5.92516
5.91684
5.90799
5.89895
5.88922
5.87899
5.86785
5.85739
5.84687
5.83752
5.82752
5.81692
5.80544
5.79346
5.7807
5.76745
5.75381
5.74056
5.7286
5.71808
5.70868
5.69999
5.69248
5.68527
5.67775
5.66973
5.66136
5.65256
5.64371
5.63453
5.6256
5.61726
5.60819
5.59856
5.58879
5.57925
5.56975
5.56147
5.55357
5.54545
5.53713
5.52844
5.51974
5.51056
5.50094
5.49103
5.48076
5.47096
5.46254
5.45729
5.45431
5.45256
5.45179
5.45182
5.45248
5.453
5.45401
5.45544
5.45753
5.4602
5.4635
5.46694
5.47043
5.47386
5.47875
5.48439
5.4915
5.49891
5.50682
5.51506
5.52358
5.53241
5.5414
5.55037
5.55946
5.56904
5.57902
5.59015
5.6012
5.61264
5.624
5.6351
5.6465
5.6572
5.6673
5.67702
5.6864
5.6952
5.70394
5.71246
5.7206
5.72834
5.73557
5.74518
5.75421
5.76286
5.77081
5.77864
5.7858
5.79201
5.79804
5.80314
5.80721
5.81025
5.81263
5.81525
5.81818
5.82149
5.82435
5.82644
5.8278
5.82876
5.829
5.8286
5.8272
5.82533
5.82327
5.82122
5.81959
5.81883
5.81731
5.8153
5.81239
5.80977
5.80649
5.80262
5.79818
5.79346
5.7882
5.78264
5.77826
5.77434
5.77055
5.76672
5.76294
5.75906
5.75557
5.75219
5.74959
5.7475
5.74485
5.74224
5.73973
5.73777
5.73693
5.73727
5.73882
5.74032
5.74166
5.74285
5.74375
5.74431
5.7451
5.74595
5.74724
5.74824
5.74898
5.75043
5.7514
5.7521
5.75395
5.7561
5.75874
5.76284
5.76659
5.77031
5.77413
5.77759
5.78094
5.7843
5.78733
5.79113
5.79566
5.79991
5.80376
5.80791
5.81215
5.81647
5.82174
5.82821
5.8345
5.84053
5.84642
5.8521
5.85724
5.86202
5.86616
5.8699
5.87369
5.87831
5.88269
5.88654
5.89004
5.89398
5.89781
5.90169
5.90466
5.90757
5.91043
5.9132
5.91557
5.91741
5.91833
5.91839
5.919
5.91902
5.91808
5.91612
5.91364
5.91092
5.90827
5.9054
5.90201
5.89881
5.89545
5.89204
5.88797
5.8839
5.88038
5.87659
5.87281
5.86853
5.86356
5.85792
5.85134
5.84397
5.83675
5.82902
5.82073
5.8126
5.80385
5.79493
5.78689
5.7782
5.76882
5.75927
5.75162
5.74399
5.73589
5.72714
5.71781
5.7084
5.6988
5.68883
5.67917
5.66987
5.66049
5.65166
5.64198
5.63237
5.6236
5.61531
5.60623
5.59651
5.58621
5.57537
5.56485
5.55365
5.5415
5.52862
5.51529
5.50278
5.49089
5.4799
5.46989
5.45958
5.44948
5.43912
5.42812
5.4166
5.40466
5.3922
5.37907
5.36675
5.35461
5.34276
5.33095
5.31991
5.30863
5.2972
5.28511
5.27248
5.26012
5.24722
5.23491
5.22275
5.21044
5.19786
5.1864
5.17535
5.16401
5.15255
5.14146
5.13252
5.12422
5.11643
5.10856
5.10077
5.09331
5.0858
5.07804
5.06995
5.06199
5.054
5.04645
5.03892
5.03153
5.02423
5.01686
5.00986
5.00314
4.9965
4.99012
4.98351
4.97656
4.96952
4.96251
4.95536
4.94843
4.94115
4.93354
4.92558
4.9177
4.90991
4.90225
4.89459
4.88789
4.88208
4.87665
4.87161
4.86626
4.86048
4.85438
4.84803
4.84151
4.8354
4.82986
4.82489
4.82035
4.81637
4.81375
4.81148
4.80927
4.80694
4.80492
4.80313
4.80142
4.79981
4.79833
4.79669
4.79535
4.79411
4.79371
4.79414
4.79623
4.79869
4.80076
4.80254
4.80445
4.8068
4.80964
4.81263
4.81626
4.82058
4.82535
4.82992
4.83512
4.84013
4.84515
4.85052
4.85663
4.86258
4.8679
4.87313
4.87893
4.88429
4.88905
4.89359
4.89817
4.90304
4.90881
4.91509
4.92136
4.92719
4.93299
4.93815
4.94248
4.94583
4.94847
4.95132
4.95476
4.95863
4.96325
4.96726
4.97046
4.97303
4.97531
4.97738
4.9796
4.9819
4.98484
4.98752
4.98963
4.99122
4.99229
4.99298
4.99432
4.99605
4.99843
5.00041
5.00301
5.0054
5.00776
5.01018
5.01232
5.01432
5.01642
5.01988
5.02514
5.03244
5.04014
5.04772
5.05514
5.06211
5.06866
5.0759
5.08317
5.09016
5.09663
5.10401
5.11149
5.11863
5.1254
5.13174
5.13879
5.14655
5.15441
5.16147
5.16815
5.17414
5.17936
5.18448
5.18918
5.19314
5.19634
5.19914
5.20252
5.20591
5.20979
5.2132
5.21611
5.21822
5.21986
5.22136
5.22205
5.22198
5.22143
5.22036
5.22012
5.2196
5.21861
5.21709
5.21539
5.214
5.21276
5.21103
5.20914
5.20679
5.20398
5.2004
5.19625
5.19163
5.18612
5.18008
5.1747
5.16987
5.16558
5.16167
5.15762
5.153
5.14795
5.14247
5.1376
5.1329
5.12776
5.1224
5.11806
5.11407
5.10973
5.10522
5.10177
5.0999
5.09768
5.09534
5.09248
5.08923
5.0855
5.08137
5.07726
5.07287
5.06847
5.0643
5.0608
5.05818
5.05657
5.05522
5.05371
5.05242
5.05119
5.04972
5.04763
5.04488
5.04174
5.03806
5.03435
5.0314
5.02956
5.02757
5.02561
5.02421
5.02269
5.02063
5.01826
5.01543
5.01283
5.01058
5.0083
5.00654
5.00564
5.00571
5.00554
5.00565
5.00585
5.0061
5.00587
5.00577
5.00598
5.00563
5.00475
5.00324
5.00109
4.99883
4.99627
4.99359
4.99085
4.98755
4.98376
4.97934
4.97455
4.96943
4.96461
4.95986
4.95484
4.94993
4.9444
4.93829
4.93147
4.9255
4.92014
4.91596
4.9112
4.90558
4.89907
4.89179
4.88428
4.87631
4.86787
4.85931
4.85263
4.84578
4.83877
4.832
4.82533
4.81923
4.81321
4.80733
4.80151
4.79572
4.78962
4.78342
4.77706
4.77025
4.76365
4.75662
4.74885
4.74199
4.73458
4.72636
4.71748
4.70909
4.70031
4.6915
4.68254
4.6731
4.66412
4.6553
4.64599
4.63604
4.62577
4.61498
4.60365
4.59316
4.58245
4.57109
4.55895
4.54593
4.53334
4.52142
4.50982
4.49763
4.48468
4.47143
4.45758
4.44349
4.42957
4.41557
4.40158
4.38726
4.37235
4.35709
4.34156
4.32537
4.30853
4.2916
4.27407
4.25621
4.23822
4.21973
4.20096
4.18295
4.16435
4.14597
4.12854
4.11066
4.09266
4.07455
4.05608
4.03713
4.01795
3.99934
3.98081
3.96216
3.94374
3.92627
3.90905
3.89179
3.87412
3.85597
3.83827
3.82021
3.80177
3.78304
3.76422
3.74501
3.72547
3.70563
3.68655
3.66964
3.65402
3.64043
3.62819
3.62016
3.61462
3.61185
3.61204
3.61419
3.61868
3.62586
3.63506
3.64543
3.65626
3.66733
3.67801
3.68831
3.69864
3.70831
3.71732
3.72632
3.73456
3.74322
3.75277
3.76191
3.77043
3.77887
3.78682
3.79418
3.80119
3.80838
3.8159
3.82445
3.8325
3.83999
3.84757
3.8548
3.86122
3.86722
3.87292
3.87782
3.88318
3.88838
3.89295
3.89677
3.89956
3.90166
3.90276
3.90345
3.90356
3.90339
3.90263
3.90128
3.8996
3.89738
3.89442
3.89078
3.88637
3.88098
3.87518
3.86878
3.86185
3.85423
3.84667
3.83958
3.83295
3.82608
3.81879
3.81117
3.80313
3.79454
3.78546
3.77632
3.76846
3.76107
3.75342
3.74584
3.73841
3.73067
3.72379
3.71681
3.70958
3.70225
3.69484
3.68713
3.67988
3.67275
3.66559
3.6587
3.65178
3.64601
3.64159
3.63719
3.63273
3.62814
3.62334
3.61878
3.6146
3.61035
3.60695
3.60504
3.60392
3.60313
3.60352
3.60411
3.60509
3.60577
3.60651
3.6076
3.60922
3.6107
3.61253
3.61406
3.61557
3.61706
3.61816
3.61999
3.62301
3.62685
3.63088
3.6346
3.63784
3.64039
3.64257
3.64458
3.64605
3.6478
3.6504
3.65273
3.6555
3.65807
3.66018
3.66184
3.66372
3.66549
3.66654
3.66691
3.6668
3.66735
3.66788
3.66868
3.6692
3.66924
3.66976
3.67137
3.67337
3.67532
3.67714
3.67935
3.68131
3.68282
3.68394
3.68506
3.6859
3.68753
3.69051
3.69405
3.69802
3.70212
3.70627
3.71096
3.71624
3.72169
3.72771
3.73466
3.74141
3.74783
3.75432
3.76067
3.7664
3.7713
3.77671
3.78273
3.78858
3.79386
3.79837
3.80185
3.8044
3.80616
3.80712
3.80738
3.8072
3.80658
3.8069
3.80654
3.80557
3.80486
3.80354
3.80179
3.79969
3.79667
3.79308
3.78894
3.78432
3.7792
3.77377
3.76912
3.76477
3.7607
3.75803
3.75727
3.75793
3.75836
3.75828
3.75804
3.75762
3.75695
3.75598
3.75472
3.75347
3.75229
3.75204
3.75255
3.753
3.75424
3.75533
3.75605
3.75656
3.75659
3.756
3.75471
3.75309
3.75172
3.75
3.74871
3.74747
3.74612
3.74524
3.74631
3.74712
3.74754
3.74747
3.74686
3.74577
3.74416
3.74169
3.73845
3.73484
3.73125
3.72732
3.72368
3.72137
3.71917
3.71686
3.71378
3.7105
3.70694
3.70261
3.69788
3.6925
3.68642
3.67943
3.67242
3.66766
3.66263
3.65799
3.6529
3.64687
3.64031
3.63332
3.62636
3.61931
3.61173
3.60376
3.59652
3.59012
3.58395
3.57853
3.57408
3.57318
3.57412
3.57587
3.57885
3.58339
3.58856
3.59431
3.59999
3.60529
3.61049
3.61556
3.62035
3.62493
3.62969
3.63392
3.6377
3.64121
3.64419
3.64648
3.64829
3.64961
3.65093
3.65287
3.65479
3.65628
3.65823
3.66027
3.66322
3.66755
3.67286
3.67998
3.68905
3.69863
3.70826
3.71757
3.72671
3.7366
3.7461
3.7554
3.76501
3.77466
3.78429
3.7932
3.80151
3.80927
3.8174
3.82612
3.83405
3.84183
3.84975
3.85753
3.86472
3.87162
3.87952
3.88752
3.89493
3.90163
3.90766
3.914
3.92002
3.92601
3.93191
3.93681
3.94064
3.94488
3.94815
3.95054
3.95274
3.95424
3.95491
3.95574
3.95607
3.95613
3.95564
3.95461
3.95443
3.95447
3.95418
3.95376
3.95331
3.95228
3.95061
3.94899
3.94665
3.94436
3.94179
3.93853
3.93436
3.92957
3.92503
3.91994
3.91446
3.90872
3.90282
3.89673
3.89049
3.88431
3.87795
3.87208
3.86646
3.86284
3.86014
3.85752
3.85529
3.85308
3.85042
3.84748
3.84453
3.84172
3.84009
3.83856
3.83771
3.83708
3.83737
3.83905
3.84176
3.84476
3.8482
3.85149
3.85507
3.85883
3.8629
3.86669
3.8701
3.87296
3.8759
3.88041
3.88509
3.89094
3.89756
3.90445
3.91078
3.91678
3.92248
3.9277
3.93259
3.93729
3.94242
3.9486
3.95428
3.95967
3.96628
3.97314
3.98023
3.98693
3.9932
3.99938
4.00487
4.01074
4.01642
4.02116
4.02591
4.03052
4.03488
4.03961
4.04457
4.04985
4.05465
4.06074
4.06662
4.07201
4.077
4.08174
4.087
4.09213
4.09733
4.10288
4.1081
4.11358
4.11873
4.12333
4.12757
4.13136
4.13487
4.13798
4.14055
4.14331
4.14587
4.14792
4.14988
4.15222
4.15421
4.15616
4.15775
4.15903
4.16001
4.16053
4.16082
4.16069
4.16044
4.16122
4.16273
4.16379
4.16421
4.16414
4.16367
4.16328
4.16303
4.1621
4.16189
4.16145
4.16121
4.16077
4.16038
4.16023
4.16066
4.16076
4.16029
4.15947
4.1583
4.15655
4.15493
4.15346
4.15201
4.15038
4.1489
4.14803
4.14824
4.14838
4.1484
4.14831
4.14833
4.14838
4.14879
4.14912
4.14905
4.14955
4.15151
4.15348
4.15507
4.15736
4.16037
4.16324
4.16612
4.16887
4.17212
4.17568
4.17892
4.18188
4.18476
4.18762
4.19026
4.19349
4.197
4.20212
4.20676
4.21085
4.21437
4.21724
4.21946
4.2218
4.22364
4.22444
4.2257
4.22718
4.22841
4.22956
4.23101
4.23211
4.23235
4.2319
4.23136
4.23001
4.22798
4.22588
4.22369
4.221
4.21824
4.21481
4.21089
4.20671
4.2031
4.19916
4.19472
4.18929
4.1829
4.17541
4.16726
4.15828
4.14857
4.138
4.12792
4.11822
4.1079
4.09796
4.08822
4.07766
4.06628
4.05397
4.04169
4.02883
4.01525
4.00141
3.98767
3.97421
3.96014
3.94586
3.93171
3.9198
3.91014
3.9014
3.89327
3.88492
3.87615
3.8673
3.85812
3.84873
3.83897
3.82882
3.81868
3.80968
3.80092
3.79217
3.78412
3.77625
3.76775
3.75868
3.74991
3.74053
3.73055
3.72008
3.70919
3.69887
3.68867
3.67795
3.66734
3.6579
3.64927
3.64229
3.63575
3.62934
3.6225
3.61514
3.60758
3.60004
3.59247
3.58499
3.57763
3.57106
3.56565
3.56052
3.55582
3.55154
3.54724
3.54258
3.5374
3.53186
3.52598
3.52035
3.5146
3.50911
3.50445
3.50029
3.49565
3.49168
3.49047
3.48951
3.48872
3.48781
3.4863
3.48441
3.48209
3.47919
3.47634
3.47281
3.46907
3.46517
3.46177
3.45911
3.45671
3.45389
3.45114
3.448
3.44404
3.43971
3.43462
3.42875
3.42258
3.41596
3.41006
3.40562
3.40029
3.39456
3.38871
3.3821
3.37494
3.3669
3.35836
3.34935
3.34003
3.33011
3.31991
3.31038
3.30108
3.29257
3.28421
3.27562
3.26936
3.26565
3.2635
3.26374
3.26482
3.26727
3.27082
3.27524
3.28007
3.28553
3.29136
3.29973
3.30962
3.31979
3.32963
3.33901
3.34766
3.35564
3.36327
3.37074
3.37805
3.38609
3.39372
3.40093
3.40869
3.41642
3.42467
3.43411
3.44304
3.45154
3.45942
3.46742
3.47507
3.48222
3.48876
3.49586
3.5029
3.5096
3.51622
3.52252
3.52814
3.53398
3.53961
3.54492
3.55089
3.55666
3.56237
3.56791
3.57353
3.57883
3.58354
3.58761
3.59247
3.59806
3.60315
3.60773
3.61157
3.61571
3.61982
3.6232
3.62608
3.62877
3.63196
3.63472
3.63696
3.63843
3.63891
3.63885
3.63906
3.63919
3.63848
3.63698
3.6355
3.6333
3.63179
3.62998
3.62824
3.62651
3.62435
3.62168
3.61833
3.6151
3.61201
3.60868
3.60514
3.60117
3.59615
3.59
3.58296
3.57567
3.56819
3.55959
3.55077
3.54164
3.53208
3.52228
3.51254
3.50258
3.49236
3.48311
3.4752
3.46665
3.45772
3.44801
3.43802
3.42713
3.41552
3.40302
3.39179
3.38025
3.36844
3.35704
3.34564
3.33457
3.3236
3.31337
3.30272
3.29196
3.28091
3.26984
3.25901
3.24933
3.24133
3.23505
3.23021
3.22892
3.229
3.23103
3.23511
3.23963
3.24405
3.24854
3.25319
3.2576
3.26196
3.26649
3.27113
3.27724
3.28383
3.29064
3.29818
3.30677
3.3155
3.32433
3.3328
3.34122
3.34934
3.35737
3.36576
3.37386
3.38135
3.38856
3.39596
3.40406
3.41181
3.41927
3.42668
3.4351
3.44326
3.45139
3.45914
3.46636
3.47313
3.4803
3.4869
3.49294
3.49792
3.50235
3.50629
3.5093
3.51141
3.51246
3.51279
3.51219
3.51162
3.51068
3.50915
3.50697
3.5045
3.50096
3.49681
3.49222
3.48691
3.48089
3.47411
3.46654
3.45812
3.44923
3.43959
3.43031
3.42212
3.41406
3.40541
3.39648
3.38715
3.37718
3.36721
3.35741
3.34803
3.33958
3.33152
3.32415
3.317
3.31009
3.30382
3.29732
3.2907
3.28397
3.277
3.27027
3.26431
3.25868
3.25279
3.24695
3.24153
3.2367
3.23272
3.231
3.22971
3.22855
3.22738
3.22611
3.22524
3.22473
3.2245
3.22535
3.22816
3.23159
3.23475
3.23814
3.24245
3.24676
3.25151
3.25616
3.26216
3.26805
3.27362
3.27887
3.28433
3.28997
3.29518
3.2999
3.30544
3.31111
3.3181
3.3248
3.33139
3.33716
3.34276
3.34791
3.35239
3.35639
3.36041
3.36561
3.37167
3.37837
3.38611
3.39354
3.40036
3.40618
3.41113
3.41599
3.42044
3.42432
3.42833
3.43213
3.43545
3.4384
3.44042
3.44251
3.44472
3.44711
3.44863
3.44971
3.45034
3.45037
3.45011
3.44944
3.44829
3.44655
3.44458
3.44339
3.44205
3.44205
3.44238
3.44263
3.44287
3.44264
3.44216
3.44195
3.44173
3.44196
3.44211
3.44321
3.44477
3.44608
3.44745
3.44954
3.45214
3.45581
3.45945
3.46341
3.46729
3.47069
3.47366
3.47657
3.47916
3.48116
3.48304
3.48575
3.48925
3.49274
3.49691
3.50108
3.50493
3.50861
3.51237
3.51652
3.52046
3.52403
3.5273
3.53048
3.53413
3.53822
3.54298
3.54754
3.5527
3.55896
3.56542
3.57161
3.57738
3.5824
3.58704
3.59128
3.59545
3.59916
3.60224
3.6047
3.60805
3.61152
3.61556
3.6197
3.62379
3.62705
3.6298
3.63197
3.63389
3.63577
3.63765
3.6391
3.64125
3.64322
3.64449
3.64567
3.64859
3.65194
3.65578
3.65943
3.66273
3.66543
3.66759
3.66954
3.67116
3.6724
3.67351
3.67467
3.67617
3.67874
3.68267
3.68767
3.69249
3.69694
3.70102
3.70486
3.7085
3.71191
3.7148
3.7174
3.71961
3.72232
3.72589
3.72894
3.73196
3.73488
3.73733
3.73918
3.74056
3.74155
3.74233
3.74316
3.74388
3.7449
3.74706
3.75013
3.75283
3.75499
3.75719
3.75876
3.76038
3.76245
3.76481
3.76687
3.76843
3.76976
3.77057
3.77057
3.77029
3.77092
3.77213
3.77419
3.77755
3.78166
3.7864
3.79129
3.79637
3.80159
3.80704
3.81376
3.82036
3.82736
3.83444
3.84176
3.84919
3.85819
3.86712
3.8758
3.88431
3.89209
3.90009
3.90748
3.91406
3.92026
3.92697
3.93364
3.93957
3.94523
3.95042
3.95597
3.96129
3.96633
3.97197
3.97763
3.98279
3.98752
3.99231
3.99669
4.00045
4.00379
4.00722
4.01183
4.01603
4.01931
4.02192
4.02454
4.02754
4.0302
4.03209
4.03404
4.03615
4.03757
4.03862
4.03906
4.03868
4.03742
4.03539
4.0342
4.03259
4.03047
4.02778
4.02422
4.02062
4.01739
4.0145
4.01136
4.00786
4.00343
3.99845
3.99315
3.98762
3.9814
3.97529
3.96856
3.96085
3.95251
3.9434
3.93403
3.92423
3.91406
3.9033
3.89207
3.88011
3.86755
3.85454
3.84186
3.82893
3.81561
3.80408
3.79217
3.77981
3.76671
3.75313
3.73868
3.72362
3.708
3.69338
3.67863
3.66334
3.649
3.63509
3.62139
3.60779
3.59394
3.58018
3.56611
3.55139
3.53693
3.5221
3.50693
3.4912
3.47524
3.45883
3.44394
3.4305
3.41797
3.40703
3.39592
3.38494
3.37386
3.36262
3.35258
3.34471
3.33814
3.33222
3.32827
3.32537
3.32358
3.3229
3.3231
3.32353
3.32502
3.32753
3.33108
3.33471
3.33796
3.34192
3.34553
3.34887
3.35282
3.3575
3.36178
3.3655
3.36909
3.37291
3.37802
3.38361
3.38848
3.393
3.39747
3.40164
3.40539
3.40806
3.40987
3.411
3.41177
3.41197
3.41112
3.40973
3.40763
3.40474
3.40121
3.39729
3.39298
3.38819
3.38241
3.37621
3.36939
3.36198
3.35421
3.34566
3.33624
3.32584
3.31446
3.30227
3.28983
3.27707
3.26433
3.25253
3.24107
3.22914
3.21706
3.20472
3.19272
3.18105
3.16963
3.15891
3.14934
3.14027
3.13187
3.12366
3.11546
3.10776
3.10014
3.09242
3.08436
3.07639
3.06836
3.06084
3.05365
3.04696
3.04037
3.03394
3.02812
3.02329
3.02011
3.017
3.0141
3.01194
3.00986
3.00782
3.00615
3.00452
3.00377
3.00456
3.00596
3.00747
3.00956
3.01228
3.01529
3.01841
3.02159
3.02547
3.02929
3.03284
3.03629
3.04012
3.04367
3.04679
3.0493
3.05251
3.05632
3.06136
3.06627
3.07066
3.07439
3.07776
3.08089
3.08338
3.08518
3.08636
3.08827
3.09068
3.09312
3.09557
3.09765
3.09933
3.10057
3.10221
3.1044
3.10667
3.10872
3.11183
3.11564
3.11905
3.12165
3.12346
3.1257
3.12857
3.13188
3.13473
3.13763
3.13996
3.14195
3.14384
3.1453
3.14655
3.14749
3.14912
3.15149
3.15402
3.1575
3.16098
3.1642
3.16738
3.17059
3.17428
3.17789
3.18133
3.18498
3.18856
3.1927
3.19725
3.20181
3.20651
3.2121
3.21848
3.22558
3.23221
3.23841
3.24438
3.24974
3.25432
3.25835
3.26208
3.26521
3.26756
3.2704
3.27367
3.27634
3.27902
3.28142
3.28332
3.28458
3.28588
3.28634
3.28612
3.28536
3.28391
3.28191
3.28049
3.27886
3.27721
3.27536
3.27441
3.27474
3.27559
3.27668
3.27782
3.27899
3.28056
3.28308
3.28595
3.28862
3.29071
3.29329
3.29719
3.30124
3.30559
3.31063
3.31507
3.31868
3.32202
3.32485
3.32719
3.3295
3.33171
3.33346
3.33628
3.33901
3.34177
3.3451
3.35051
3.35623
3.36228
3.36767
3.37247
3.37657
3.38065
3.38423
3.3872
3.38989
3.39226
3.39415
3.39573
3.39832
3.40125
3.40353
3.40557
3.40679
3.40768
3.40792
3.40764
3.40665
3.40477
3.40207
3.39932
3.3977
3.39652
3.39481
3.39347
3.39223
3.39079
3.38943
3.38896
3.3887
3.38845
3.38761
3.38677
3.38739
3.3887
3.3907
3.39225
3.39348
3.39485
3.39568
3.39604
3.39702
3.39783
3.39835
3.3983
3.39764
3.39642
3.39503
3.39419
3.39689
3.40118
3.40594
3.41066
3.41549
3.4206
3.42582
3.43098
3.43683
3.44276
3.44972
3.45656
3.46316
3.47008
3.47755
3.48602
3.49578
3.50535
3.51484
3.52398
3.53292
3.54125
3.54888
3.55558
3.56209
3.56886
3.57573
3.58232
3.58856
3.59457
3.60064
3.60625
3.61157
3.61731
3.62304
3.62853
3.63354
3.63858
3.64359
3.64783
3.65213
3.65676
3.66228
3.66701
3.67091
3.67407
3.67732
3.68054
3.68318
3.6853
3.68732
3.68894
3.69003
3.69039
3.69012
3.68911
3.68734
3.68506
3.68318
3.68082
3.6779
3.67412
3.6695
3.6656
3.66202
3.65797
3.65372
3.64872
3.64314
3.637
3.63033
3.62354
3.61624
3.60869
3.60055
3.59174
3.5821
3.57207
3.56192
3.55147
3.54062
3.52934
3.51743
3.50466
3.49132
3.47761
3.46394
3.44973
3.4362
3.42371
3.41057
3.39714
3.38313
3.36858
3.35316
3.33721
3.3206
3.30522
3.28938
3.2732
3.25782
3.24313
3.22885
3.21476
3.20079
3.18754
3.17565
3.16611
3.15858
3.15195
3.14587
3.14058
3.13588
3.13149
3.12967
3.12874
3.13013
3.13325
3.13719
3.1415
3.1462
3.15083
3.15567
3.16059
3.16554
3.17094
3.17832
3.18565
3.19345
3.20234
3.21115
3.21971
3.22799
3.23572
3.24337
3.25039
3.25718
3.26452
3.27119
3.2775
3.28515
3.29309
3.30071
3.30811
3.31499
3.3224
3.33121
3.34015
3.34849
3.35618
3.36403
3.37172
3.37914
3.38606
3.39247
3.39807
3.40376
3.40908
3.41444
3.41971
3.42446
3.42859
3.43229
3.43554
3.43844
3.44101
3.443
3.44461
3.44599
3.44692
3.44704
3.44668
3.44541
3.44334
3.44036
3.43666
3.43237
3.42798
3.42482
3.42239
3.41968
3.41624
3.41207
3.40782
3.40335
3.39832
3.39257
3.38744
3.38314
3.379
3.37465
3.37039
3.36579
3.36177
3.3576
3.35306
3.3484
3.34366
3.33868
3.33423
3.33015
3.32608
3.32235
3.31841
3.3154
3.31333
3.31214
3.31061
3.3092
3.30832
3.30732
3.30662
3.30611
3.30558
3.30637
3.30828
3.31067
3.31322
3.31651
3.32011
3.32403
3.32783
3.33168
3.3366
3.34129
3.34585
3.34994
3.35461
3.35898
3.36301
3.36703
3.37152
3.37768
3.3839
3.38971
3.39516
3.40041
3.40507
3.40929
3.4128
3.41565
3.41879
3.42261
3.42592
3.42967
3.43367
3.43699
3.43951
3.44147
3.44351
3.44506
3.44605
3.44735
3.44873
3.45027
3.45122
3.45139
3.45133
3.45163
3.4526
3.45307
3.45328
3.45316
3.45219
3.45048
3.44876
3.4469
3.44448
3.44129
3.43883
3.43667
3.43441
3.43267
3.43144
3.42999
3.42793
3.42584
3.42393
3.42158
3.41935
3.41729
3.41524
3.41376
3.41236
3.41068
3.40938
3.40851
3.40859
3.40881
3.40911
3.4093
3.40911
3.4087
3.40778
3.40636
3.40452
3.40215
3.39984
3.39815
3.3962
3.39408
3.39222
3.39008
3.38727
3.38445
3.38176
3.3785
3.37479
3.37069
3.36628
3.36194
3.35783
3.35404
3.35121
3.34885
3.34737
3.34691
3.34663
3.34594
3.34507
3.34397
3.34263
3.34119
3.33987
3.3383
3.33595
3.3349
3.33476
3.33472
3.33488
3.33549
3.33563
3.33553
3.33529
3.33479
3.33382
3.33354
3.33351
3.33379
3.33509
3.33594
3.33667
3.33852
3.34206
3.34577
3.34961
3.35293
3.3556
3.35792
3.35978
3.36097
3.36146
3.36139
3.36121
3.36064
3.35984
3.36043
3.36073
3.36078
3.36022
3.35883
3.35699
3.35459
3.35148
3.34769
3.34303
3.33757
3.33272
3.32914
3.32471
3.32021
3.31558
3.31008
3.30369
3.29664
3.28912
3.28119
3.27288
3.26404
3.25544
3.24795
3.24122
3.23454
3.22729
3.22031
3.21317
3.20579
3.19837
3.19174
3.18535
3.18154
3.18059
3.18133
3.18359
3.18747
3.19239
3.19922
3.20649
3.21343
3.21999
3.22665
3.23294
3.23892
3.24497
3.25163
3.25846
3.26537
3.27206
3.27894
3.28668
3.29441
3.30323
3.31344
3.32417
3.33499
3.34585
3.35671
3.36688
3.37618
3.38497
3.39449
3.40368
3.41292
3.42169
3.43008
3.4386
3.44684
3.45443
3.46173
3.46972
3.47759
3.48467
3.4916
3.49839
3.50478
3.51045
3.51595
3.52224
3.52878
3.53464
3.53964
3.54411
3.54849
3.55307
3.5569
3.56039
3.56362
3.56678
3.56905
3.57093
3.57212
3.57238
3.57209
3.57136
3.57053
3.56925
3.56745
3.56499
3.56192
3.55926
3.55738
3.55504
3.55266
3.54969
3.54607
3.54195
3.53794
3.53323
3.52849
3.52313
3.51694
3.50978
3.50176
3.49333
3.48479
3.47554
3.46589
3.45579
3.44536
3.43428
3.42291
3.41137
3.39949
3.38728
3.37659
3.36633
3.35534
3.34378
3.33176
3.31909
3.30568
3.29168
3.27797
3.26548
3.25253
3.24036
3.22889
3.21936
3.21115
3.20445
3.19928
3.19482
3.19124
3.18841
3.18646
3.18464
3.18274
3.18106
3.17947
3.17891
3.18004
3.18173
3.18576
3.19057
3.19583
3.20098
3.2064
3.21186
3.21739
3.22294
3.22816
3.23387
3.24086
3.24833
3.25625
3.26558
3.27483
3.28402
3.29308
3.30183
3.31047
3.31849
3.32698
3.33544
3.34322
3.35063
3.35854
3.36687
3.3751
3.38285
3.39055
3.39835
3.4075
3.41625
3.42411
3.43127
3.4385
3.44563
3.45279
3.45907
3.46466
3.46936
3.47356
3.47671
3.47904
3.48035
3.48074
3.4805
3.47981
3.47868
3.477
3.47428
3.47104
3.46782
3.46413
3.46071
3.45712
3.45316
3.44881
3.444
3.43848
3.4327
3.42629
3.41981
3.41485
3.41095
3.40707
3.40285
3.39798
3.3926
3.38691
3.38096
3.37456
3.36924
3.36414
3.35935
3.35444
3.3497
3.34508
3.34069
3.33611
3.33109
3.32592
3.32086
3.31569
3.31094
3.30612
3.30117
3.2968
3.29259
3.28989
3.28863
3.28754
3.28675
3.28601
3.28498
3.28378
3.28273
3.28203
3.28151
3.2827
3.28528
3.28792
3.29017
3.2933
3.29681
3.30086
3.30459
3.30857
3.31353
3.31855
3.32334
3.32763
3.33217
3.33652
3.34055
3.34478
3.34915
3.35554
3.36146
3.36718
3.37262
3.37755
3.38197
3.38571
3.38863
3.39082
3.39354
3.39665
3.39926
3.40257
3.4056
3.40841
3.41059
3.41188
3.41307
3.41392
3.41392
3.41373
3.41343
3.41324
3.41259
3.41132
3.40985
3.40844
3.40756
3.40584
3.4036
3.40077
3.39725
3.39303
3.38853
3.38347
3.37798
3.37201
3.36658
3.36136
3.35652
3.3523
3.34796
3.34307
3.33772
3.33225
3.32707
3.32156
3.31575
3.31043
3.30568
3.30192
3.29828
3.29453
3.29132
3.28882
3.2875
3.28593
3.28461
3.28309
3.28116
3.27885
3.27621
3.2736
3.27046
3.26706
3.26432
3.26254
3.2608
3.25924
3.25839
3.25726
3.25573
3.25441
3.25332
3.25159
3.24905
3.24608
3.24276
3.23962
3.23634
3.23333
3.23057
3.22825
3.22699
3.22658
3.22629
3.22588
3.22563
3.22513
3.22419
3.22338
3.22279
3.22206
3.22102
3.22117
3.22211
3.22341
3.22513
3.22748
3.22965
3.23165
3.23337
3.23502
3.23719
3.24001
3.243
3.24633
3.2502
3.25352
3.25634
3.26024
3.26534
3.27069
3.27631
3.28157
3.2862
3.2904
3.29413
3.29701
3.29927
3.30099
3.30227
3.30306
3.30384
3.30582
3.30753
3.30923
3.31039
3.31086
3.31092
3.31023
3.30901
3.30742
3.30508
3.3023
3.29999
3.299
3.29734
3.2957
3.29411
3.29209
3.28966
3.28731
3.28489
3.28246
3.28043
3.27828
3.27724
3.27764
3.28008
3.28304
3.28565
3.28808
3.29023
3.29192
3.29389
3.29643
3.29905
3.30167
3.30631
3.31262
3.31987
3.32759
3.33559
3.34473
3.35395
3.3626
3.37089
3.37927
3.38737
3.39534
3.40288
3.41031
3.41867
3.42711
3.43535
3.44343
3.45215
3.46069
3.47011
3.48004
3.48991
3.49927
3.50815
3.51682
3.52497
3.53247
3.53945
3.5471
3.55422
3.56104
3.56767
3.57388
3.58028
3.5866
3.59234
3.59793
3.60414
3.61016
3.61582
3.62128
3.62662
3.63157
3.63591
3.64024
3.64523
3.65056
3.65519
3.65914
3.6624
3.66586
3.66912
3.67147
3.6734
3.67577
3.67785
3.67926
3.68037
3.68054
3.67969
3.67826
3.67665
3.67514
3.67305
3.6705
3.66733
3.66354
3.66018
3.65741
3.65455
3.6517
3.6484
3.64451
3.64021
3.63615
3.63145
3.62676
3.62129
3.61529
3.60822
3.60024
3.5915
3.5827
3.5732
3.56339
3.55324
3.54255
3.53124
3.51966
3.50806
3.49599
3.48361
3.47272
3.46233
3.45134
3.43981
3.42775
3.41491
3.40115
3.38682
3.37277
3.35966
3.34589
3.33244
3.31898
3.30644
3.29393
3.28162
3.26941
3.25692
3.24407
3.23097
3.21791
3.20448
3.19057
3.178
3.16833
3.16192
3.15946
3.15891
3.16075
3.16352
3.16683
3.17037
3.17428
3.17837
3.18257
3.18663
3.1906
3.19509
3.20083
3.20723
3.2139
3.22214
3.23035
3.23881
3.24709
3.25489
3.26263
3.26961
3.27688
3.28413
3.29068
3.29683
3.30328
3.31047
3.31734
3.3236
3.32951
3.33577
3.34319
3.35037
3.35684
3.36287
3.36862
3.37421
3.37954
3.38429
3.38823
3.39124
3.39397
3.39565
3.39636
3.3962
3.39514
3.39355
3.39153
3.38908
3.38593
3.38161
3.37701
3.3721
3.36653
3.36073
3.35441
3.34717
3.33907
3.33028
3.32063
3.31034
3.2993
3.2878
3.2778
3.26887
3.26045
3.25226
3.24419
3.23626
3.22873
3.22113
3.21331
3.20602
3.19935
3.19324
3.18703
3.18098
3.17479
3.16906
3.16301
3.15683
3.15041
3.14413
3.13787
3.1323
3.12669
3.12119
3.11628
3.11154
3.10807
3.10566
3.10385
3.10218
3.1007
3.0989
3.09726
3.09587
3.09498
3.09463
3.09593
3.09846
3.10121
3.10366
3.10726
3.11124
3.11591
3.12023
3.12492
3.13043
3.13591
3.14093
3.14567
3.15077
3.15543
3.15977
3.16439
3.16904
3.17533
3.18127
3.18671
3.19206
3.19703
3.20132
3.20488
3.20754
3.20927
3.21136
3.21404
3.21648
3.21945
3.22224
3.22436
3.22576
3.22655
3.22711
3.22722
3.22678
3.22637
3.22627
3.22615
3.22549
3.22435
3.22314
3.22236
3.22299
3.2241
3.22547
3.22691
3.22789
3.22841
3.22937
3.23
3.23021
3.22975
3.23015
3.23081
3.23162
3.23314
3.23488
3.23633
3.23774
3.23879
3.24004
3.24093
3.24168
3.24269
3.24409
3.24599
3.24783
3.24941
3.25118
3.25347
3.25675
3.2598
3.26272
3.26553
3.26774
3.26956
3.27085
3.27178
3.27205
3.27197
3.27186
3.27272
3.27374
3.27454
3.27556
3.27603
3.27575
3.27537
3.27494
3.27381
3.2721
3.26991
3.26725
3.26474
3.26236
3.26058
3.25877
3.25739
3.25712
3.25801
3.25936
3.2604
3.26111
3.26175
3.26223
3.26326
3.26456
3.26619
3.26816
3.27157
3.2758
3.28061
3.28559
3.29078
3.29547
3.30001
3.304
3.30744
3.31075
3.31376
3.31661
3.31934
3.32268
3.32544
3.32766
3.33059
3.33481
3.3391
3.34347
3.34768
3.35145
3.35475
3.35788
3.36032
3.36205
3.3634
3.3646
3.3653
3.36571
3.36754
3.36925
3.37065
3.37145
3.37144
3.37129
3.37042
3.36923
3.36765
3.36555
3.36321
3.36116
3.36055
3.35946
3.35843
3.35847
3.35862
3.35857
3.35887
3.3592
3.35937
3.35969
3.35949
3.35944
3.36046
3.36237
3.36428
3.36562
3.36707
3.36813
3.36891
3.36981
3.37174
3.37352
3.3751
3.37654
3.37752
3.3783
3.38051
3.38513
3.39168
3.39865
3.40548
3.41229
3.41922
3.42625
3.43302
3.43984
3.44656
3.45413
3.46183
3.46929
3.47678
3.48505
3.49296
3.50211
3.51181
3.52124
3.53046
3.53928
3.5478
3.5557
3.56295
3.56946
3.57669
3.58389
3.59062
3.59712
3.60308
3.60912
3.61506
3.62049
3.62583
3.63193
3.63772
3.64296
3.64816
3.65312
3.65796
3.6622
3.66652
3.67129
3.67646
3.68076
3.68436
3.68756
3.691
3.69424
3.69641
3.69832
3.70034
3.70216
3.70305
3.70359
3.70337
3.70218
3.70015
3.69807
3.69615
3.69363
3.69055
3.68664
3.68232
3.67888
3.67584
3.67245
3.66906
3.66503
3.66024
3.65509
3.64991
3.64411
3.63832
3.63209
3.62503
3.61691
3.60806
3.59893
3.58923
3.57892
3.5683
3.55719
3.54524
3.53255
3.5192
3.50595
3.49213
3.47797
3.46505
3.45223
3.43885
3.42492
3.41049
3.39527
3.37909
3.36232
3.34588
3.33003
3.31359
3.29772
3.28213
3.26741
3.25252
3.2378
3.22304
3.20821
3.1929
3.17747
3.1621
3.14617
3.12967
3.11339
3.09834
3.0878
3.08143
3.07836
3.07911
3.08062
3.08283
3.08542
3.08816
3.09106
3.09415
3.09747
3.10082
3.10535
3.11128
3.11766
3.12476
3.13316
3.14137
3.14973
3.15803
3.16581
3.17373
3.18083
3.18839
3.19588
3.20276
3.20954
3.21746
3.22531
3.23271
3.23966
3.24621
3.25333
3.26177
3.27
3.27728
3.28393
3.29076
3.29727
3.30325
3.30836
3.31286
3.31669
3.32012
3.32245
3.32383
3.3246
3.32454
3.32385
3.32306
3.32174
3.3201
3.31803
3.31565
3.31282
3.30951
3.30621
3.3025
3.29902
3.29515
3.29083
3.28601
3.28068
3.27478
3.26933
3.26499
3.26107
3.25682
3.25187
3.24643
3.24095
3.23511
3.22871
3.22173
3.21576
3.21019
3.20476
3.19898
3.19331
3.18775
3.18233
3.17658
3.17053
3.16429
3.15807
3.1515
3.14562
3.13972
3.13399
3.12857
3.12334
3.11923
3.11608
3.1132
3.11044
3.108
3.10567
3.10337
3.10135
3.09981
3.09871
3.0991
3.10039
3.10211
3.10411
3.1069
3.11003
3.11368
3.11722
3.12126
3.12591
3.13051
3.13482
3.13891
3.14359
3.1479
3.15162
3.15581
3.16047
3.16693
3.1731
3.17886
3.18447
3.18966
3.1943
3.19823
3.20136
3.20369
3.20679
3.21051
3.21369
3.21806
3.22195
3.22536
3.22793
3.23002
3.2321
3.23369
3.2347
3.23617
3.2379
3.23949
3.24035
3.24052
3.24078
3.24138
3.24244
3.24284
3.24288
3.24249
3.24146
3.23979
3.23826
3.23635
3.23402
3.23188
3.23093
3.23053
3.23081
3.23155
3.23245
3.23305
3.23344
3.23393
3.23439
3.23447
3.23475
3.23514
3.23582
3.23701
3.23822
3.23942
3.2409
3.24285
3.24604
3.24906
3.25223
3.25526
3.25792
3.26012
3.26189
3.26326
3.26405
3.26446
3.26491
3.26622
3.26716
3.2681
3.26916
3.26974
3.26948
3.26928
3.26872
3.26741
3.26553
3.26334
3.2604
3.25768
3.25479
3.25243
3.24976
3.24798
3.24715
3.24731
3.24783
3.24818
3.24811
3.24807
3.24788
3.24788
3.24799
3.24788
3.24731
3.24837
3.25006
3.25201
3.25445
3.25694
3.25922
3.26192
3.2645
3.26691
3.26923
3.27172
3.27426
3.27711
3.28027
3.28304
3.28587
3.29049
3.29583
3.30169
3.30722
3.31226
3.3166
3.32073
3.32433
3.32708
3.32911
3.33055
3.33164
3.3324
3.33315
3.33501
3.33655
3.33761
3.33792
3.33747
3.3368
3.33519
3.33314
3.33032
3.32654
3.32244
3.31875
3.31633
3.31286
3.30957
3.30621
3.3022
3.29744
3.29253
3.28711
3.28184
3.27636
3.2708
3.26645
3.26377
3.26241
3.26183
3.26148
3.26173
3.26156
3.26151
3.26156
3.26221
3.2625
3.26258
3.2623
3.2624
3.26518
3.26926
3.27458
3.28145
3.2887
3.29599
3.30322
3.31106
3.31904
3.32691
3.3348
3.34266
3.35127
3.35983
3.36844
3.377
3.38604
3.39484
3.40503
3.41514
3.42503
3.43505
3.44471
3.45408
3.46276
3.47058
3.47799
3.48607
3.49375
3.50109
3.508
3.51456
3.52167
3.52841
3.5345
3.5408
3.54748
3.55395
3.55985
3.5657
3.57128
3.57654
3.58125
3.58606
3.59191
3.59753
3.60223
3.60622
3.6099
3.61374
3.61731
3.62003
3.6227
3.62509
3.62733
3.62857
3.62952
3.62953
3.62872
3.62722
3.62568
3.62399
3.62175
3.61892
3.61512
3.61122
3.60791
3.6051
3.60187
3.59843
3.59433
3.58967
3.58455
3.57944
3.57345
3.56751
3.56101
3.55353
3.54514
3.53619
3.52713
3.51765
3.50758
3.49719
3.48655
3.4751
3.46313
3.45066
3.43839
3.42555
3.41241
3.40103
3.38924
3.3769
3.36381
3.35044
3.33621
3.32127
3.3055
3.29035
3.2752
3.25945
3.24451
3.22981
3.21614
3.20242
3.18893
3.17577
3.16252
3.15019
3.14126
3.1348
3.12907
3.12396
3.11963
3.1155
3.11304
3.11207
3.11227
3.11472
3.11764
3.12109
3.12494
3.12894
3.13323
3.13746
3.1418
3.1459
3.15149
3.15798
3.165
3.17289
3.18175
3.19024
3.19893
3.20733
3.21536
3.22319
3.23045
3.2385
3.24614
3.25318
3.26034
3.26849
3.27642
3.28389
3.29085
3.29785
3.30548
3.31418
3.32231
3.32968
3.33655
3.34371
3.35048
3.35697
3.3625
3.36731
3.37161
3.37536
3.37802
3.37982
3.38074
3.38102
3.38066
3.38025
3.37944
3.37798
3.37572
3.37351
3.37068
3.36764
3.36491
3.36196
3.3586
3.35471
3.35036
3.34559
3.34061
3.33497
3.3297
3.32598
3.32244
3.31852
3.31389
3.30872
3.30324
3.29738
3.29119
3.28478
3.27922
3.27407
3.26928
3.26431
3.25904
3.25414
3.24918
3.24413
3.23866
3.23305
3.22743
3.22185
3.21664
3.21143
3.2065
3.20177
3.1977
3.1947
3.19286
3.19087
3.18888
3.18714
3.18537
3.18358
3.18213
3.18085
3.18043
3.1817
3.18368
3.18601
3.18857
3.19168
3.19543
3.19947
3.20338
3.20808
3.21309
3.21815
3.2228
3.22724
3.23196
3.23634
3.24037
3.24514
3.25046
3.25729
3.26331
3.26906
3.27472
3.27994
3.28459
3.28843
3.29141
3.29375
3.29724
3.30093
3.30427
3.30847
3.31206
3.31515
3.31766
3.31988
3.32169
3.32296
3.32353
3.32463
3.32571
3.32662
3.32692
3.3266
3.32647
3.32655
3.3269
3.32651
3.32571
3.32421
3.32194
3.31929
3.31648
3.31327
3.3095
3.30557
3.30221
3.29892
3.29604
3.29363
3.29103
3.28794
3.2845
3.28111
3.27771
3.27433
3.2713
3.26878
3.26705
3.26557
3.2642
3.26258
3.26146
3.26099
3.26153
3.26164
3.26178
3.26173
3.26136
3.26043
3.25907
3.25739
3.25517
3.25298
3.25182
3.25145
3.2508
3.25021
3.24995
3.2492
3.2477
3.24671
3.24516
3.24305
3.24033
3.2373
3.23373
3.23062
3.2271
3.22424
3.22143
3.21969
3.21933
3.21932
3.21953
3.21943
3.2194
3.21926
3.21889
3.21876
3.21863
3.2183
3.21808
3.21952
3.22138
3.22357
3.22624
3.22883
3.23134
3.23356
3.23526
3.23684
3.23893
3.24116
3.24369
3.24686
3.25023
3.253
3.25581
3.26105
3.26674
3.27292
3.27877
3.28397
3.28838
3.2925
3.29586
3.29831
3.30008
3.30133
3.30211
3.30261
3.30337
3.30493
3.30613
3.30703
3.30697
3.30634
3.30524
3.30327
3.30086
3.29771
3.29385
3.28972
3.28655
3.28402
3.28069
3.27758
3.27424
3.27036
3.26569
3.26072
3.25507
3.24937
3.24327
3.23725
3.23282
3.22978
3.22826
3.22673
3.22572
3.22597
3.2259
3.22619
3.22678
3.2278
3.22879
3.2296
3.23232
3.23711
3.24287
3.24963
3.25805
3.26723
3.27627
3.28496
3.29344
3.30197
3.31025
3.31849
3.32645
3.33485
3.34376
3.3525
3.36112
3.36987
3.37893
3.38796
3.39821
3.40849
3.41862
3.42834
3.43775
3.44687
3.45516
3.46282
3.47042
3.47847
3.48593
3.49315
3.49991
3.50654
3.51341
3.51981
3.52574
3.532
3.53872
3.54497
3.55063
3.55643
3.56223
3.56748
3.57211
3.57706
3.58306
3.58851
3.59312
3.59701
3.60073
3.60454
3.60805
3.61081
3.61341
3.61613
3.6182
3.61947
3.62051
3.62057
3.61979
3.61828
3.61692
3.61529
3.61301
3.61019
3.60658
3.60299
3.59974
3.59683
3.59382
3.59054
3.5865
3.58193
3.57701
3.57207
3.56653
3.56084
3.55459
3.54746
3.53938
3.53081
3.52206
3.51287
3.50307
3.49294
3.48249
3.47145
3.46001
3.44808
3.43632
3.42393
3.41144
3.40063
3.38924
3.37744
3.36481
3.35164
3.33747
3.32254
3.30709
3.29264
3.27804
3.26291
3.24843
3.23421
3.22106
3.20785
3.1949
3.18228
3.16938
3.15665
3.1462
3.13902
3.13338
3.12856
3.12459
3.12082
3.11925
3.11878
3.11962
3.12248
3.12578
3.1294
3.13339
3.13743
3.14176
3.14613
3.15047
3.15473
3.16049
3.16732
3.1745
3.18248
3.19155
3.20053
3.20974
3.21848
3.22702
3.23527
3.2429
3.25115
3.25878
3.2658
3.27279
3.28047
3.28816
3.29545
3.30209
3.30882
3.31648
3.32474
3.33238
3.33936
3.34589
3.35255
3.35884
3.36483
3.37006
3.37465
3.37861
3.38192
3.38414
3.38543
3.38593
3.38565
3.38476
3.38379
3.38219
3.37961
3.37613
3.3726
3.36843
3.36402
3.35953
3.3544
3.34866
3.34264
3.33662
3.33019
3.32367
3.31673
3.31073
3.30642
3.30222
3.29765
3.2924
3.28667
3.28049
3.27422
3.26761
3.26089
3.255
3.24932
3.24412
3.23863
3.23294
3.22787
3.22264
3.2172
3.21139
3.20548
3.19945
3.19366
3.18821
3.18275
3.17754
3.17272
3.1688
3.16604
3.16431
3.16265
3.16115
3.15959
3.15791
3.15637
3.15523
3.15447
3.15448
3.15614
3.15849
3.1609
3.16353
3.16681
3.17069
3.17471
3.17852
3.18341
3.18858
3.19355
3.19814
3.20276
3.20748
3.21181
3.21589
3.22072
3.22629
3.23295
3.23881
3.24458
3.25038
3.25543
3.25991
3.26356
3.26632
3.26867
3.27191
3.27553
3.27895
3.28294
3.28645
3.28941
3.2917
3.29356
3.29511
3.29604
3.29647
3.29714
3.2982
3.29893
3.29903
3.29853
3.29824
3.29835
3.29859
3.29803
3.29702
3.29534
3.29292
3.29018
3.28724
3.28391
3.27996
3.276
3.27271
3.26988
3.26797
3.26701
3.26596
3.26468
3.2633
3.262
3.26076
3.25925
3.25776
3.25656
3.25615
3.25595
3.25569
3.25521
3.25546
3.25641
3.25811
3.25956
3.26125
3.26264
3.26366
3.26423
3.26437
3.26383
3.26261
3.26131
3.26056
3.26041
3.25992
3.2596
3.2595
3.25879
3.25723
3.25608
3.25432
3.25199
3.24913
3.24578
3.24211
3.23899
3.23583
3.23327
3.23059
3.22884
3.22858
3.22876
3.22909
3.22899
3.22895
3.22869
3.22818
3.22792
3.22782
3.22741
3.22719
3.22845
3.23021
3.23249
3.23552
3.23869
3.24282
3.24698
3.25076
3.25446
3.25814
3.26151
3.26469
3.26842
3.27206
3.27501
3.2776
3.28224
3.2873
3.29299
3.29844
3.30319
3.30734
3.3113
3.31452
3.31688
3.31847
3.31974
3.32058
3.32098
3.32198
3.32359
3.32494
3.32583
3.32585
3.32546
3.32444
3.32255
3.32044
3.31778
3.31443
3.31095
3.30849
3.30663
3.30409
3.30185
3.29958
3.29671
3.29309
3.28935
3.28563
3.28234
3.27911
3.2762
3.27514
3.27582
3.27759
3.27902
3.2802
3.28148
3.28202
3.28269
3.28385
3.28532
3.28681
3.28811
3.28956
3.29295
3.29835
3.30478
3.31247
3.32071
3.32899
3.33712
3.34505
3.35312
3.36102
3.36864
3.37619
3.38386
3.39221
3.4004
3.40835
3.41686
3.42552
3.43412
3.44431
3.45427
3.46383
3.47321
3.48225
3.49078
3.49871
3.50611
3.51349
3.52123
3.52858
3.53553
3.54191
3.54819
3.55477
3.56084
3.56654
3.57273
3.57897
3.58469
3.59017
3.59577
3.60111
3.60582
3.61015
3.61478
3.62053
3.6256
3.62995
3.63366
3.63724
3.64099
3.64415
3.64647
3.64883
3.65129
3.6531
3.6543
3.65501
3.65467
3.65339
3.65143
3.64986
3.6479
3.64533
3.64229
3.63839
3.63473
3.63136
3.62828
3.62502
3.62156
3.61745
3.61286
3.60797
3.60299
3.5976
3.59194
3.58571
3.57847
3.57022
3.56137
3.55228
3.54266
3.53244
3.52192
3.51109
3.49933
3.48714
3.47452
3.46192
3.44884
3.43597
3.42456
3.41251
3.40008
3.3869
3.37326
3.35867
3.34341
3.32766
3.31311
3.29819
3.28286
3.26821
3.25403
3.24045
3.22682
3.21325
3.1998
3.18606
3.17186
3.15798
3.14398
3.13003
3.11923
3.11188
3.10653
3.10435
3.10342
3.10408
3.10658
3.10936
3.11259
3.11629
3.12008
3.12402
3.12799
3.13189
3.13584
3.14159
3.14838
3.1554
3.16353
3.17243
3.1814
3.19054
3.19925
3.20775
3.21581
3.22354
3.23166
3.23908
3.24598
3.2529
3.26063
3.26809
3.27518
3.28178
3.28834
3.29595
3.30411
3.31152
3.31829
3.3247
3.33109
3.33718
3.34273
3.34743
3.35149
3.35501
3.3579
3.35974
3.36063
3.36074
3.36013
3.35899
3.35762
3.35558
3.35259
3.34898
3.3452
3.34066
3.33605
3.3313
3.32599
3.31994
3.31318
3.30643
3.2995
3.29246
3.28509
3.27897
3.27456
3.2701
3.26521
3.25965
3.25375
3.2477
3.24116
3.2343
3.22746
3.22151
3.21567
3.21
3.20439
3.19835
3.19289
3.1871
3.18133
3.17512
3.16885
3.16247
3.15637
3.15054
3.14474
3.13938
3.13442
3.13025
3.12691
3.12479
3.12283
3.12094
3.11919
3.11733
3.11566
3.11429
3.11314
3.11317
3.11453
3.11651
3.11857
3.1212
3.12431
3.12814
3.13203
3.13574
3.1407
3.1457
3.15047
3.15494
3.15963
3.16426
3.16851
3.17274
3.17745
3.18318
3.18971
3.19556
3.20126
3.20683
3.21169
3.21595
3.21942
3.22207
3.22433
3.22759
3.23083
3.23432
3.23828
3.24172
3.24465
3.2469
3.24881
3.25035
3.25119
3.2518
3.25273
3.25392
3.25463
3.25468
3.25418
3.25418
3.25465
3.25508
3.25478
3.25404
3.25267
3.2506
3.24845
3.24608
3.2435
3.24097
3.23897
3.23789
3.23711
3.23693
3.23735
3.2376
3.23759
3.23722
3.23711
3.23679
3.23616
3.23579
3.23566
3.23624
3.23698
3.23764
3.23818
3.23956
3.24168
3.24433
3.24674
3.24921
3.25131
3.2529
3.25395
3.25455
3.25462
3.25412
3.25351
3.25357
3.25411
3.2543
3.25449
3.25477
3.25422
3.25289
3.25198
3.25029
3.248
3.2455
3.24266
3.23932
3.23633
3.23344
3.23104
3.22869
3.22741
3.22765
3.22823
3.22902
3.22925
3.22951
3.22952
3.22958
3.2297
3.22992
3.22977
3.23004
3.23172
3.23393
3.23658
3.24012
3.24415
3.24845
3.25261
3.25628
3.25968
3.26311
3.2664
3.26933
3.27302
3.27636
3.27912
3.28181
3.28668
3.29201
3.29778
3.30304
3.30773
3.31181
3.31569
3.31887
3.32122
3.3229
3.32434
3.32522
3.32565
3.32696
3.32872
3.33015
3.33103
3.33099
3.3306
3.32958
3.32785
3.32569
3.32289
3.31943
3.31582
3.31343
3.31124
3.30868
3.30633
3.30385
3.3008
3.29716
3.29339
3.28959
3.28635
3.28308
3.28031
3.2796
3.28017
3.2816
3.28282
3.28394
3.28501
3.28547
3.28594
3.2872
3.28853
3.28975
3.29058
3.29127
3.29351
3.29849
3.30456
3.31221
3.3204
3.32862
3.3366
3.34448
3.35235
3.36014
3.36774
3.3753
3.3831
3.39137
3.39961
3.40768
3.41627
3.42495
3.43367
3.4438
3.45361
3.46301
3.4724
3.48157
3.49013
3.49801
3.50526
3.51261
3.52026
3.52762
3.53454
3.54091
3.5472
3.55375
3.55973
3.56537
3.57162
3.57787
3.58357
3.58912
3.59454
3.59988
3.60453
3.60895
3.61367
3.61931
3.62437
3.62853
3.63205
3.63565
3.63944
3.64242
3.6446
3.64704
3.64928
3.65095
3.65195
3.65241
3.65187
3.6504
3.64838
3.6468
3.64478
3.64213
3.63892
3.63481
3.63125
3.62805
3.62476
3.62149
3.61788
3.61361
3.60881
3.60372
3.59846
3.59276
3.58676
3.58016
3.57253
3.56391
3.55486
3.54561
3.53574
3.5253
3.51465
3.50352
3.49144
3.47905
3.4664
3.45358
3.44035
3.42765
3.41597
3.40363
3.39091
3.37752
3.36367
3.34888
3.33345
3.31745
3.30263
3.28716
3.27161
3.25661
3.24243
3.22853
3.21471
3.20094
3.18713
3.17304
3.15871
3.1447
3.13094
3.11986
3.11275
3.10732
3.10246
3.10056
3.09959
3.10055
3.10286
3.10556
3.10873
3.11236
3.11611
3.11991
3.12388
3.12788
3.13205
3.13804
3.14475
3.15181
3.16013
3.16887
3.17766
3.18646
3.19474
3.20303
3.2108
3.21858
3.22664
3.23397
3.24081
3.24817
3.25612
3.26375
3.27089
3.27753
3.28418
3.29224
3.30057
3.30816
3.31493
3.32163
3.32817
3.3345
3.34009
3.34498
3.34915
3.35287
3.35581
3.35773
3.35874
3.35895
3.3584
3.35752
3.35624
3.35436
3.3516
3.34846
3.34527
3.34143
3.3379
3.33402
3.32939
3.32457
3.31942
3.31385
3.30813
3.30227
3.29596
3.29087
3.287
3.28289
3.2783
3.273
3.26741
3.26169
3.25545
3.24881
3.24235
3.23677
3.23128
3.22585
3.22051
3.21487
3.20978
3.20435
3.19869
3.19272
3.18668
3.18056
3.17469
3.16908
3.16357
3.1583
3.1534
3.14958
3.14656
3.14438
3.14221
3.14019
3.13828
3.13634
3.13451
3.13316
3.13212
3.13239
3.13392
3.13598
3.13814
3.14106
3.14423
3.14817
3.1521
3.15597
3.16087
3.16586
3.17065
3.175
3.17967
3.18431
3.18852
3.19275
3.19726
3.20341
3.20991
3.2158
3.22154
3.22717
3.23217
3.2365
3.23999
3.24268
3.24535
3.24896
3.2523
3.25609
3.26009
3.26357
3.26646
3.26863
3.27072
3.27241
3.27336
3.27431
3.27549
3.27695
3.27783
3.27798
3.27772
3.27776
3.27848
3.27882
3.27853
3.27772
3.27622
3.27412
3.27192
3.26944
3.26648
3.26289
3.25961
3.25683
3.25436
3.25288
3.25212
3.25136
3.25039
3.24916
3.24841
3.24738
3.24621
3.2453
3.24463
3.24467
3.24469
3.24458
3.24452
3.24513
3.24662
3.24829
3.24985
3.25148
3.25294
3.25413
3.2548
3.25515
3.25495
3.25426
3.25364
3.25376
3.25408
3.2541
3.25419
3.25426
3.25352
3.25223
3.25126
3.24956
3.24734
3.24479
3.24181
3.2386
3.23557
3.2326
3.22994
3.2277
3.22657
3.2267
3.22729
3.22788
3.22805
3.22832
3.22829
3.22821
3.22824
3.2284
3.22805
3.22858
3.23022
3.23229
3.23462
3.23762
3.24025
3.2431
3.24623
3.24918
3.2522
3.25532
3.25835
3.26137
3.2651
3.26833
3.27098
3.27415
3.27953
3.28524
3.29118
3.29663
3.30138
3.30553
3.30937
3.31241
3.31468
3.3162
3.31742
3.31817
3.31857
3.31998
3.32151
3.32275
3.32342
3.3232
3.32261
3.32133
3.31938
3.31687
3.31364
3.30961
3.30568
3.30321
3.30034
3.2972
3.29431
3.29112
3.28727
3.28289
3.27821
3.27293
3.26794
3.26309
3.25888
3.25629
3.25508
3.25536
3.25562
3.25614
3.25666
3.25674
3.25681
3.25786
3.2588
3.25955
3.26008
3.26092
3.26448
3.26947
3.2755
3.28325
3.29188
3.30032
3.30868
3.31688
3.3251
3.3331
3.34095
3.34868
3.35695
3.36555
3.37388
3.38237
3.39123
3.4
3.40934
3.41962
3.42953
3.43922
3.44866
3.45781
3.46649
3.47446
3.48178
3.48966
3.49741
3.50472
3.51181
3.51826
3.52492
3.53172
3.53781
3.54371
3.55029
3.55676
3.56272
3.56839
3.57393
3.57938
3.58414
3.58885
3.59393
3.59972
3.60482
3.60903
3.61259
3.61634
3.62016
3.62312
3.62547
3.62808
3.6305
3.63217
3.63329
3.6337
3.63316
3.63183
3.63007
3.62858
3.62664
3.62409
3.62081
3.61669
3.61325
3.61023
3.60704
3.60384
3.60024
3.59589
3.59098
3.58593
3.58049
3.57484
3.56872
3.56191
3.55413
3.54542
3.53646
3.52728
3.51744
3.5071
3.49653
3.48562
3.47385
3.46178
3.44951
3.43686
3.42386
3.41175
3.40034
3.38827
3.37575
3.36256
3.34874
3.33402
3.31867
3.30296
3.2883
3.27288
3.25761
3.24268
3.22887
3.21512
3.20157
3.18809
3.17463
3.16103
3.14716
3.13485
3.12613
3.11955
3.11436
3.10979
3.10596
3.10457
3.10397
3.1057
3.1083
3.11148
3.115
3.11891
3.12293
3.12703
3.1314
3.13563
3.14013
3.14648
3.15339
3.16072
3.16933
3.17824
3.18712
3.19593
3.20422
3.21266
3.22041
3.22834
3.23648
3.24394
3.25091
3.25847
3.26648
3.27416
3.28127
3.28796
3.29479
3.3032
3.3115
3.31901
3.32582
3.33263
3.3392
3.3457
3.35132
3.35627
3.36054
3.36439
3.36727
3.36921
3.37017
3.37038
3.36993
3.36912
3.3679
3.36611
3.36328
3.36019
3.35706
3.35326
3.34975
3.34579
3.34124
3.33657
3.33145
3.32594
3.3203
3.31443
3.30823
3.30347
3.29957
3.29545
3.29076
3.28543
3.27977
3.27401
3.26774
3.26113
3.25482
3.24925
3.24397
3.23859
3.2333
3.22785
3.22283
3.21748
3.21199
3.20604
3.20012
3.19403
3.18844
3.18299
3.17751
3.17242
3.16766
3.16423
3.1617
3.15971
3.15779
3.156
3.15421
3.15229
3.15072
3.14948
3.14856
3.14925
3.15107
3.15332
3.15562
3.15862
3.16202
3.166
3.16988
3.17391
3.17887
3.18391
3.18872
3.19309
3.19788
3.20244
3.20654
3.21094
3.21552
3.22197
3.22832
3.23416
3.23997
3.2456
3.25048
3.25466
3.25798
3.26049
3.26331
3.26689
3.2702
3.27412
3.27801
3.28141
3.2842
3.28629
3.28828
3.28984
3.29071
3.29159
3.29274
3.29401
3.29464
3.29465
3.29428
3.2942
3.2948
3.29482
3.29424
3.29319
3.29132
3.28888
3.28645
3.28359
3.28027
3.27629
3.27298
3.26993
3.26699
3.26491
3.26349
3.2621
3.26058
3.2589
3.2576
3.25606
3.25441
3.25315
3.25227
3.252
3.2517
3.25113
3.2508
3.25097
3.25232
3.25359
3.2548
3.25607
3.25705
3.25782
3.25815
3.25803
3.2573
3.25622
3.25527
3.25515
3.25499
3.25471
3.2546
3.25427
3.25318
3.25174
3.25036
3.24832
3.24585
3.24297
3.23962
3.23623
3.23296
3.22993
3.22711
3.22504
3.22406
3.22408
3.22457
3.22486
3.22494
3.22514
3.22501
3.22483
3.22478
3.22476
3.2242
3.22501
3.22666
3.22877
3.23124
3.23423
3.23697
3.2399
3.24306
3.24614
3.24935
3.25262
3.25582
3.25903
3.26281
3.26605
3.26875
3.27219
3.27741
3.28316
3.289
3.29433
3.299
3.30312
3.30683
3.30972
3.31178
3.31321
3.31431
3.31499
3.31536
3.3169
3.3183
3.31947
3.32005
3.3197
3.31903
3.31754
3.31552
3.31298
3.30964
3.30568
3.30208
3.29988
3.29705
3.2942
3.29157
3.28855
3.28477
3.28051
3.27583
3.27076
3.26621
3.26171
3.25813
3.25601
3.25563
3.25646
3.25702
3.25798
3.25873
3.25906
3.25945
3.2607
3.26184
3.26283
3.2636
3.26544
3.26995
3.2761
3.28324
3.29161
3.30029
3.30878
3.31704
3.32524
3.33345
3.34139
3.34915
3.35685
3.36525
3.3738
3.38202
3.39043
3.39939
3.4081
3.41763
3.42783
3.4377
3.4474
3.45673
3.46575
3.47421
3.48203
3.48922
3.49724
3.50485
3.51206
3.51896
3.5254
3.53202
3.53868
3.54464
3.55055
3.55713
3.56344
3.56924
3.57492
3.58044
3.58571
3.59032
3.59501
3.60025
3.60592
3.6108
3.61484
3.6184
3.62209
3.62583
3.62861
3.63096
3.63354
3.63591
3.63738
3.63851
3.63881
3.63808
3.63663
3.63491
3.6333
3.63119
3.62856
3.62521
3.62121
3.6177
3.61475
3.61146
3.60833
3.60461
3.60025
3.59537
3.59047
3.58498
3.57948
3.57345
3.56664
3.55882
3.55015
3.54124
3.53201
3.52213
3.51179
3.50117
3.49013
3.47832
3.46618
3.45398
3.4413
3.4282
3.41642
3.40502
3.39299
3.3804
3.36724
3.35333
3.33853
3.32308
3.3077
3.2931
3.27776
3.26279
3.24803
3.23449
3.22083
3.2074
3.1941
3.18067
3.16703
3.15324
3.14012
3.1293
3.12203
3.11676
3.11215
3.10881
3.10766
3.10739
3.10954
3.11222
3.1155
3.11911
3.12308
3.12717
3.13127
3.13549
3.13957
3.14435
3.15073
3.15767
3.16511
3.17385
3.18278
3.19184
3.20081
3.20927
3.21778
3.22558
3.23359
3.24157
3.24884
3.25569
3.26316
3.27093
3.27838
3.2853
3.29191
3.29873
3.30699
3.31506
3.32231
3.32884
3.33554
3.34189
3.34808
3.35336
3.35802
3.36203
3.36565
3.36823
3.36984
3.37049
3.37042
3.36969
3.36873
3.36722
3.36501
3.36175
3.35832
3.35453
3.35018
3.3461
3.34147
3.33618
3.33036
3.3244
3.31811
3.31173
3.305
3.29841
3.2936
3.28945
3.285
3.28
3.27448
3.26863
3.26253
3.25606
3.24915
3.24293
3.23711
3.23166
3.22609
3.22059
3.21497
3.20972
3.20421
3.19844
3.19235
3.18626
3.18009
3.17442
3.1688
3.16332
3.15815
3.15349
3.15004
3.14775
3.1457
3.14386
3.1421
3.14033
3.1385
3.13696
3.13578
3.13501
3.13587
3.13787
3.14008
3.14222
3.14541
3.14891
3.15287
3.15677
3.16098
3.16593
3.17098
3.17577
3.18018
3.18491
3.18944
3.19351
3.19801
3.20267
3.20935
3.21558
3.22133
3.22705
3.2325
3.23724
3.24127
3.24444
3.24676
3.24965
3.25322
3.25651
3.2606
3.26436
3.26756
3.27016
3.27216
3.27401
3.27543
3.27612
3.27693
3.27799
3.27902
3.27951
3.27939
3.27915
3.2791
3.27972
3.27962
3.27903
3.2779
3.27597
3.27354
3.27111
3.26831
3.26494
3.26109
3.25792
3.25546
3.25365
3.25277
3.25224
3.25145
3.25054
3.24942
3.24864
3.24753
3.24636
3.24546
3.245
3.24504
3.24514
3.24496
3.24518
3.24583
3.24769
3.24934
3.25123
3.25307
3.25445
3.25548
3.25598
3.25603
3.25536
3.25441
3.25358
3.25369
3.25365
3.25349
3.25357
3.25329
3.25215
3.25089
3.24946
3.24737
3.24486
3.24201
3.23859
3.23533
3.23214
3.22941
3.22672
3.22474
3.22402
3.22424
3.22481
3.22516
3.22529
3.22547
3.22527
3.22522
3.22529
3.22531
3.22484
3.22578
3.22768
3.22993
3.23271
3.23585
3.23919
3.24319
3.24697
3.25046
3.25398
3.25728
3.2606
3.26389
3.2676
3.27079
3.27349
3.27718
3.28233
3.28808
3.29378
3.29894
3.30341
3.30748
3.31105
3.31381
3.3158
3.31722
3.31835
3.31907
3.31951
3.32123
3.32267
3.32385
3.32433
3.32399
3.32335
3.32181
3.3198
3.3173
3.31408
3.31036
3.30695
3.30496
3.30231
3.2998
3.29745
3.2946
3.29097
3.28706
3.28263
3.27844
3.27477
3.27113
3.26843
3.26757
3.26863
3.26982
3.27081
3.27205
3.27276
3.2732
3.27383
3.27524
3.27651
3.2775
3.2783
3.27998
3.28456
3.29067
3.2977
3.30593
3.31442
3.32268
3.33074
3.33881
3.34684
3.35467
3.36233
3.36986
3.37818
3.38655
3.39465
3.40286
3.41185
3.42038
3.43001
3.44006
3.44978
3.45932
3.46852
3.47744
3.4857
3.49341
3.50054
3.50847
3.51598
3.52308
3.5298
3.53611
3.54267
3.54915
3.555
3.56088
3.5673
3.57338
3.57902
3.58467
3.59009
3.59521
3.59956
3.60425
3.60959
3.61503
3.61977
3.62366
3.6272
3.63088
3.63448
3.63712
3.63943
3.64185
3.64408
3.64537
3.64641
3.6465
3.64557
3.6439
3.64209
3.64041
3.63809
3.63536
3.63183
3.62792
3.62431
3.6214
3.61804
3.6148
3.61097
3.60651
3.60153
3.59663
3.59099
3.58551
3.57938
3.57239
3.56439
3.55556
3.54657
3.53715
3.52709
3.51666
3.50595
3.49458
3.48252
3.47006
3.4577
3.44481
3.43151
3.41986
3.40817
3.39589
3.38299
3.36965
3.35547
3.34047
3.32481
3.30958
3.29474
3.27918
3.26424
3.24947
3.23585
3.22198
3.20841
3.19497
3.18122
3.16725
3.15318
3.13955
3.12691
3.11814
3.11227
3.10729
3.10403
3.10274
3.10255
3.10468
3.10725
3.11037
3.11394
3.11777
3.12173
3.1257
3.12975
3.13369
3.13875
3.14507
3.15197
3.15947
3.16834
3.1771
3.18616
3.19494
3.20332
3.21164
3.21931
3.22749
3.2353
3.24239
3.24924
3.25686
3.26465
3.27201
3.27896
3.28558
3.29262
3.3009
3.30889
3.31607
3.32257
3.32931
3.33562
3.34173
3.3469
3.35142
3.3553
3.35881
3.36128
3.36274
3.36329
3.3631
3.36226
3.36129
3.3597
3.35733
3.35403
3.35064
3.34685
3.34268
3.3387
3.33417
3.32899
3.32341
3.31762
3.3115
3.30536
3.2988
3.29266
3.28805
3.28396
3.2795
3.27445
3.26894
3.26315
3.25702
3.25052
3.24366
3.23764
3.23181
3.22641
3.22089
3.21535
3.20985
3.20455
3.19902
3.19316
3.18701
3.18092
3.17475
3.16907
3.16345
3.15804
3.15292
3.14835
3.14486
3.14261
3.14048
3.1385
3.13669
3.13491
3.13306
3.13155
3.13036
3.1297
3.13067
3.13263
3.13475
3.13701
3.14017
3.14371
3.14764
3.15154
3.15589
3.1608
3.16578
3.17049
3.17491
3.17959
3.18409
3.18816
3.19272
3.19754
3.20428
3.21043
3.21622
3.22194
3.22727
3.23198
3.2359
3.23898
3.24124
3.24437
3.24794
3.25126
3.25543
3.25916
3.26233
3.2649
3.26692
3.26873
3.27006
3.27072
3.27172
3.27292
3.274
3.27446
3.27431
3.2742
3.27438
3.27498
3.27487
3.27433
3.27319
3.27131
3.26902
3.26669
3.26397
3.26067
3.25705
3.25409
3.25192
3.25047
3.24986
3.24951
3.24883
3.24808
3.2472
3.24655
3.24557
3.24465
3.24389
3.24366
3.24384
3.24404
3.24406
3.24453
3.24539
3.24742
3.24915
3.25121
3.25313
3.25459
3.25569
3.25619
3.25638
3.2558
3.25495
3.25437
3.25478
3.25485
3.25483
3.25505
3.2547
3.25347
3.25237
3.25089
3.24882
3.24637
3.24357
3.24014
3.23705
3.23378
3.23114
3.22839
3.22663
3.22625
3.22658
3.22724
3.22761
3.22781
3.22798
3.22785
3.22791
3.228
3.22798
3.22752
3.22877
3.23075
3.23306
3.23594
3.23897
3.24218
3.24596
3.24947
3.2528
3.25613
3.25931
3.26249
3.26585
3.26945
3.27244
3.27504
3.27917
3.28445
3.29026
3.29592
3.301
3.3054
3.30944
3.3129
3.31552
3.31742
3.31884
3.31982
3.32051
3.32109
3.32285
3.32425
3.32541
3.32571
3.32533
3.32458
3.3229
3.32085
3.31816
3.31471
3.31083
3.30745
3.30534
3.30244
3.29979
3.29722
3.29406
3.29022
3.28615
3.28138
3.27689
3.27283
3.2689
3.26608
3.26488
3.26567
3.26651
3.26719
3.26837
3.26887
3.26924
3.2698
3.27111
3.27222
3.27304
3.27358
3.27526
3.27956
3.28542
3.29263
3.30089
3.30939
3.31767
3.32574
3.3339
3.3419
3.34973
3.35742
3.36506
3.37351
3.38191
3.39009
3.39848
3.40743
3.41602
3.42596
3.436
3.44566
3.45525
3.46445
3.47334
3.48161
3.48925
3.49647
3.50443
3.51192
3.51902
3.52572
3.53208
3.5388
3.54524
3.5511
3.55711
3.56354
3.56962
3.57528
3.58096
3.58643
3.59148
3.59593
3.6006
3.60619
3.6116
3.61621
3.62008
3.62367
3.62739
3.63088
3.63345
3.63581
3.6382
3.64037
3.64159
3.64254
3.64248
3.64143
3.63972
3.63804
3.63627
3.63392
3.63118
3.62751
3.62367
3.62012
3.61718
3.61384
3.61058
3.60662
3.60205
3.59701
3.59209
3.58633
3.5807
3.57441
3.5672
3.55902
3.55011
3.54109
3.53155
3.5214
3.51092
3.50014
3.48865
3.47657
3.46407
3.45178
3.43885
3.42557
3.41411
3.40233
3.39
3.37696
3.36359
3.3493
3.33423
3.31843
3.30334
3.28834
3.27263
3.25778
3.24311
3.22952
3.21567
3.20201
3.18858
3.17484
3.16082
3.14691
3.1337
3.12324
3.11619
3.11097
3.10619
3.10337
3.10226
3.10234
3.10469
3.10734
3.11058
3.11423
3.11813
3.12214
3.1262
3.13038
3.13437
3.13981
3.14628
3.15328
3.16103
3.16995
3.1787
3.18772
3.19638
3.20472
3.21288
3.22052
3.2288
3.23655
3.24363
3.25054
3.25839
3.26624
3.27359
3.28048
3.28716
3.2945
3.30288
3.31083
3.31793
3.32451
3.33132
3.33765
3.34375
3.34888
3.35343
3.35734
3.36077
3.36313
3.3645
3.36503
3.36484
3.36401
3.36305
3.36146
3.35904
