353.474
382.327
408.545
425.551
434.349
435.909
432.176
423.421
410.384
394.198
375.822
356.546
337.574
318.841
299.034
278.911
259.085
240.038
222.028
205.347
190.112
176.567
164.437
155.059
145.778
138.978
132.002
126
121.042
116.896
113.427
110.315
107.605
105.265
103.18
101.348
99.7898
98.4276
97.2176
96.0901
95.012
94.0202
93.0899
92.2834
91.5846
90.9347
90.3716
89.9153
89.5606
89.3074
89.1459
89.0483
89.0139
89.0735
89.2602
89.5285
89.8473
90.2101
90.6252
91.0847
91.5797
92.0983
92.6418
93.1897
93.7723
94.3823
95.0181
95.683
96.3659
97.055
97.7411
98.4445
99.1538
99.85
100.548
101.254
101.966
102.683
103.409
104.113
104.786
105.438
106.063
106.674
107.263
107.829
108.377
108.905
109.406
109.872
110.301
110.698
111.071
111.411
111.715
111.985
112.215
112.412
112.568
112.677
112.743
112.773
112.759
112.701
112.602
112.46
112.277
112.05
111.782
111.481
111.147
110.776
110.369
109.936
109.47
108.972
108.437
107.869
107.272
106.643
105.993
105.324
104.631
103.906
103.154
102.377
101.58
100.766
99.9322
99.081
98.2084
97.318
96.4151
95.5037
94.6071
93.7915
93.0438
92.3282
91.6465
91.0025
90.406
89.8585
89.3598
88.9151
88.5145
88.1546
87.823
87.526
87.2535
86.9999
86.7729
86.5637
86.3783
86.2184
86.0767
85.9536
85.8406
85.7298
85.6327
85.5525
85.4817
85.4139
85.3531
85.2846
85.2354
85.1823
85.1245
85.0738
85.0271
84.9955
84.958
84.926
84.8873
84.848
84.8003
84.7514
84.6995
84.6433
84.5837
84.5102
84.4383
84.361
84.2606
84.1431
84.011
83.8661
83.7118
83.5385
83.347
83.143
82.9228
82.6869
82.4345
82.1674
81.8879
81.5898
81.279
80.953
80.6149
80.2686
79.9032
79.5354
79.157
78.7807
78.4282
78.1013
77.788
77.4733
77.1442
76.8034
76.4536
76.0996
75.7324
75.3485
74.954
74.5453
74.1217
73.6858
73.2399
72.7795
72.3048
71.8269
71.3464
70.8556
70.3582
69.8519
69.3403
68.8301
68.3311
67.8474
67.4094
67.0389
66.7072
66.3954
66.107
65.8425
65.6081
65.4018
65.222
65.0568
64.916
64.8152
64.7542
64.7267
64.75
64.8451
64.9847
65.1458
65.3208
65.5042
65.6902
65.8793
66.0681
66.2547
66.4394
66.6153
66.7808
66.9437
67.1033
67.2563
67.402
67.5401
67.6693
67.7917
67.9114
68.0303
68.154
68.2751
68.401
68.5306
68.6617
68.793
68.9201
69.0442
69.1671
69.2878
69.4074
69.527
69.6512
69.7786
69.9069
70.0305
70.15
70.2688
70.391
70.5089
70.6247
70.736
70.8463
70.9589
71.0669
71.1683
71.2685
71.3647
71.4547
71.5404
71.6205
71.6961
71.7662
71.8304
71.8913
71.9474
72.0014
72.0534
72.1024
72.1526
72.2005
72.2484
72.2969
72.3467
72.396
72.4507
72.512
72.5727
72.6365
72.7008
72.7645
72.8281
72.8906
72.9588
73.0276
73.0978
73.171
73.2459
73.328
73.4186
73.5282
73.6639
73.8048
73.9449
74.0811
74.2119
74.3429
74.471
74.5969
74.7219
74.8483
74.975
75.1063
75.242
75.3778
75.5153
75.6559
75.7947
75.9326
76.0688
76.2008
76.327
76.4456
76.5575
76.6666
76.7702
76.8689
76.9605
77.0456
77.1257
77.203
77.2761
77.3423
77.402
77.4571
77.5072
77.5526
77.5919
77.6266
77.6586
77.6844
77.703
77.7164
77.7246
77.7291
77.7315
77.7304
77.7268
77.7185
77.7115
77.7023
77.6946
77.691
77.6895
77.6877
77.6864
77.6886
77.693
77.6985
77.7057
77.7158
77.7264
77.7324
77.7344
77.7313
77.7215
77.706
77.685
77.6574
77.6234
77.5843
77.5407
77.493
77.4433
77.3887
77.3297
77.2673
77.202
77.1328
77.0629
76.9936
76.9228
76.8503
76.7739
76.6941
76.6111
76.5259
76.4379
76.3471
76.2527
76.1539
76.052
75.9463
75.8362
75.7225
75.6041
75.4827
75.3583
75.2299
75.0969
74.9599
74.8187
74.673
74.5231
74.3698
74.2148
74.0571
73.8963
73.7333
73.5718
73.4157
73.2642
73.1131
72.9609
72.809
72.6574
72.505
72.3612
72.2723
72.206
72.1465
72.0903
72.0344
71.9786
71.9228
71.8661
71.8086
71.7503
71.6897
71.6268
71.5629
71.4989
71.4352
71.3701
71.3047
71.2397
71.1733
71.1061
71.0383
70.9686
70.8968
70.8232
70.7485
70.6714
70.5924
70.5119
70.4308
70.3532
70.2813
70.2098
70.1369
70.062
69.9856
69.9074
69.8276
69.7474
69.6661
69.5845
69.5026
69.42
69.3342
69.2478
69.1616
69.0757
68.9917
68.9069
68.8211
68.736
68.6514
68.5651
68.4773
68.3878
68.297
68.2051
68.1111
68.0153
67.9186
67.8219
67.7244
67.6253
67.5261
67.4259
67.3237
67.2188
67.1115
67.0022
66.89
66.7745
66.6562
66.5356
66.4138
66.2902
66.1649
66.0379
65.9087
65.7778
65.6466
65.5138
65.3801
65.2468
65.1138
64.9815
64.8495
64.717
64.5839
64.4506
64.3167
64.1842
64.0526
63.9224
63.7919
63.6619
63.5315
63.4006
63.2692
63.1378
63.0063
62.8748
62.7444
62.6198
62.5036
62.3921
62.2838
62.1776
62.0751
61.9764
61.8826
61.7919
61.7021
62.6787
62.5631
62.456
62.3642
62.2677
62.1774
62.0905
62.0034
61.9109
61.815
61.7167
61.6156
61.5116
61.4051
61.2947
61.1813
61.0677
60.9541
60.8409
60.7283
60.6143
60.4986
60.3847
60.2728
60.1617
60.0503
59.9448
59.8391
59.7363
59.6352
59.5363
59.4402
59.3479
59.261
59.1825
59.1151
59.0544
58.9983
58.9465
58.9011
58.8585
58.8183
58.7786
58.7396
58.6995
58.6571
58.6136
58.5683
58.5212
58.472
58.4218
58.3722
58.3222
58.2697
58.2146
58.1582
58.1008
58.042
57.9807
57.918
57.8553
57.7916
57.7264
57.6608
57.5935
57.5242
57.4527
57.3791
57.3039
57.2271
57.1486
57.0679
56.9854
56.9012
56.8159
56.7287
56.6415
56.5543
56.4659
56.376
56.2842
56.1914
56.0975
56.0039
55.9101
55.8152
55.7187
55.6205
55.5205
55.4192
55.3175
55.2151
55.1122
55.0084
54.9038
54.799
54.6934
54.5871
54.4801
54.3733
54.2657
54.1577
54.0493
53.9396
53.8293
53.7179
53.6058
53.4932
53.3804
53.2683
53.156
53.0433
52.9299
52.8162
52.702
52.5877
52.4728
52.3564
52.2391
52.1212
52.003
51.8855
51.7681
51.6504
51.5328
51.4152
51.2972
51.1785
51.0593
50.9391
50.8189
50.6984
50.5773
50.4559
50.3342
50.2119
50.0889
49.9664
49.8437
49.7227
49.602
49.4824
49.3629
49.2434
49.126
49.0089
48.8924
48.7775
48.664
48.5526
48.4431
48.3371
48.2331
48.131
48.031
47.9332
47.8382
47.7468
47.6572
47.5709
47.487
47.4058
47.3266
47.2495
47.1766
47.1055
47.0369
46.9703
46.9062
46.8445
46.7854
46.7281
46.672
46.6188
46.5688
46.5207
46.4751
46.4322
46.3913
46.3523
46.3164
46.2821
46.2512
46.2223
46.1968
46.1736
46.1518
46.1299
46.1096
46.0927
46.0777
46.0635
46.0501
46.0393
46.0311
46.0242
46.0188
46.0132
46.0086
46.0051
46.0032
46.0022
46.0017
46.0013
46.003
46.0062
46.0101
46.0143
46.0188
46.0235
46.0284
46.0338
46.0392
46.0444
46.0495
46.0548
46.06
46.0657
46.0725
46.079
46.0855
46.0918
46.0976
46.1027
46.1071
46.1109
46.1142
46.1169
46.1196
46.1218
46.1233
46.1241
46.1242
46.1248
46.1247
46.1242
46.1236
46.1229
46.1226
46.1231
46.1241
46.1249
46.1257
46.1266
46.127
46.1264
46.1259
46.1256
46.1264
46.1273
46.1283
46.1297
46.1321
46.1352
46.1393
46.1441
46.1491
46.154
46.1592
46.1656
46.1723
46.1792
46.1859
46.1919
46.1968
46.2012
46.2047
46.2074
46.2093
46.2104
46.2108
46.2102
46.2089
46.2066
46.2027
46.1974
46.191
46.1832
46.174
46.1634
46.1517
46.1385
46.124
46.1082
46.0911
46.0726
46.0529
46.0318
46.0093
45.9856
45.9611
45.9354
45.9083
45.8797
45.8497
45.8181
45.7849
45.7503
45.7143
45.6766
45.6374
45.5966
45.5542
45.5105
45.4652
45.4186
45.3708
45.3223
45.2728
45.2218
45.1693
45.1156
45.0603
45.0034
44.9448
44.885
44.8238
44.7612
44.6976
44.6329
44.5671
44.4999
44.4317
44.3626
44.2923
44.2208
44.148
44.0741
43.9992
43.9227
43.8448
43.7657
43.6854
43.6039
43.5211
43.437
43.3517
43.2653
43.1777
43.089
42.9991
42.9081
42.816
42.7229
42.6287
42.5335
42.4374
42.3412
42.2457
42.1509
42.0567
41.9633
41.8703
41.7775
41.6846
41.5918
41.4996
41.4077
41.3159
41.2244
41.1331
41.0417
40.9501
40.8583
40.7665
40.6746
40.583
40.4932
40.407
40.3228
40.2414
40.1618
40.0839
40.0073
39.9321
39.8579
39.7851
39.7137
39.6427
39.5722
39.5032
39.4349
39.367
39.2995
39.2331
39.1671
39.1015
39.0365
38.9718
38.9077
38.844
38.7807
38.7176
38.6551
38.5927
38.5311
38.4697
38.4082
38.3471
38.2863
38.2252
38.164
38.1033
38.0427
37.9821
37.9212
37.8606
37.7997
37.7388
37.6784
37.6182
37.5578
37.4974
37.4371
37.3772
37.3176
37.2579
37.1981
37.1382
37.0786
37.019
36.9592
36.8993
36.8396
36.7798
36.7205
36.6613
36.6023
36.5434
36.4846
36.4257
36.3671
36.3084
36.2495
36.1906
36.1317
36.0726
36.0135
35.9543
35.8952
35.8364
35.7777
35.7189
35.6602
35.6017
35.5431
35.4847
35.4267
35.3687
35.3109
35.2533
35.1962
35.1394
35.0828
35.0262
34.9701
34.9142
34.8588
34.8037
34.7489
34.6942
34.6396
34.5858
34.5323
34.4793
34.4267
34.3744
34.3226
34.2716
34.2211
34.1715
34.1225
34.0746
34.0277
33.9812
33.9354
33.8904
33.8462
33.8024
33.7594
33.7178
33.6771
33.6372
33.5985
33.5606
33.5244
33.4895
33.4555
33.4226
33.3903
33.3599
33.3307
33.3027
33.2764
33.2515
33.2285
33.2068
33.1875
33.1706
33.1557
33.143
33.1314
33.1204
33.1098
33.1003
33.0919
33.0846
33.0781
33.072
33.0661
33.0603
33.0546
33.0486
33.0425
33.0363
33.0299
33.0232
33.0165
33.0097
33.0029
32.9961
32.989
32.9816
32.9741
32.9666
32.9588
32.9509
32.9427
32.9342
32.9256
32.9167
32.9072
32.8972
32.8868
32.8762
32.8653
32.8536
32.8413
32.8286
32.8155
32.8018
32.7877
32.7732
32.7582
32.7426
32.7266
32.7098
32.6922
32.6741
32.6554
32.636
32.6159
32.5954
32.5744
32.553
32.5307
32.5077
32.4841
32.4598
32.4348
32.4089
32.3824
32.3553
32.3276
32.2996
32.2709
32.2413
32.211
32.1801
32.1492
32.1176
32.0854
32.053
32.0203
31.9875
31.9544
31.921
31.8877
31.855
31.8222
31.7891
31.7562
31.723
31.6894
31.6553
31.6212
31.5871
31.5531
31.5186
31.4843
31.45
31.4153
31.3804
31.3457
31.3111
31.2762
31.2415
31.2066
31.1716
31.1365
31.101
31.0657
31.0304
30.9953
30.9605
30.9257
30.891
30.8563
30.8219
30.788
30.7546
30.7216
30.689
30.6571
30.6259
30.5953
30.5652
30.5363
30.508
30.4801
30.4527
30.4258
30.3996
30.3737
30.3483
30.3237
30.3005
30.2792
30.2594
30.241
30.2239
30.2078
30.1923
30.1776
30.1631
30.1488
30.1348
30.121
30.107
30.0929
30.0789
30.0648
30.0507
30.0368
30.0229
30.0092
29.9957
29.9824
29.9701
29.9587
29.9482
29.9381
29.929
29.9207
29.913
29.9062
29.8997
29.8938
29.8883
29.8835
29.8793
29.8752
29.871
29.8671
29.8636
29.8605
29.8577
29.8551
29.8527
29.8504
29.848
29.8457
29.8437
29.8425
29.8415
29.8408
29.8403
29.8403
29.8405
29.8408
29.8414
29.8427
29.8445
29.8466
29.8492
29.8529
29.8581
29.8656
29.8749
29.887
29.9007
29.9156
29.9311
29.9471
29.9632
29.9798
29.9966
30.0135
30.0304
30.0476
30.0651
30.0825
30.1
30.1178
30.1353
30.1526
30.1697
30.1866
30.2033
30.2197
30.2358
30.2517
30.2675
30.2832
30.2985
30.3133
30.3277
30.3418
30.3555
30.3688
30.3818
30.3944
30.4069
30.4191
30.431
30.4427
30.4541
30.4651
30.4756
30.4856
30.495
30.5038
30.5121
30.5199
30.5273
30.5341
30.5405
30.5467
30.5526
30.5581
30.5633
30.5681
30.5726
30.5769
30.5811
30.5851
30.5885
30.5915
30.5943
30.5968
30.5991
30.6011
30.6028
30.6043
30.6055
30.6063
30.6066
30.6066
30.6061
30.6054
30.6046
30.6034
30.6021
30.6005
30.5985
30.5963
30.5939
30.5914
30.5884
30.5852
30.5821
30.5786
30.5747
30.5705
30.5661
30.5616
30.557
30.5523
30.5473
30.542
30.5367
30.5314
30.5261
30.5208
30.5152
30.5094
30.5035
30.4975
30.4914
30.4853
30.4792
30.4732
30.4675
30.4617
30.4558
30.4498
30.4439
30.4377
30.4315
30.4252
30.4189
30.4126
30.4062
30.3997
30.3932
30.3866
30.3801
30.3734
30.3663
30.3592
30.3522
30.3451
30.3379
30.3303
30.3224
30.3144
30.3064
30.2982
30.2897
30.2811
30.272
30.2628
30.2533
30.2434
30.2334
30.2234
30.2133
30.2028
30.1922
30.1813
30.1701
30.1587
30.1471
30.1355
30.1237
30.1119
30.0998
30.0874
30.0748
30.0619
30.0492
30.0362
30.0229
30.0094
29.9958
29.9817
29.9673
29.9525
29.9375
29.9222
29.9069
29.8914
29.8758
29.86
29.8439
29.8274
29.8107
29.794
29.777
29.7599
29.7425
29.725
29.7071
29.689
29.6707
29.6522
29.6336
29.6146
29.5953
29.5759
29.5564
29.5365
29.5168
29.4969
29.4774
29.4587
29.4407
29.4232
29.4061
29.3896
29.3735
29.3578
29.3423
29.3271
29.312
29.2974
29.2831
29.269
29.2552
29.2416
29.2285
29.216
29.2036
29.1912
29.1792
29.1674
29.1558
29.145
29.1344
29.1238
29.1132
29.1031
29.093
30.2248
30.1938
30.1768
30.1637
30.1502
30.1471
30.1476
30.1437
30.1378
30.1319
30.126
30.1185
30.1113
30.1023
30.0931
30.0828
30.0726
30.0619
30.0514
30.0402
30.0289
30.0183
30.0072
29.9963
29.9867
29.9768
29.9667
29.956
29.9486
29.9433
29.9401
29.9442
29.9468
29.9474
29.9466
29.9444
29.9406
29.9374
29.934
29.9297
29.9243
29.9191
29.914
29.9079
29.9006
29.8935
29.888
29.8824
29.8805
29.8774
29.8731
29.8679
29.8622
29.8584
29.8559
29.8547
29.8528
29.8505
29.8505
29.8515
29.8513
29.8499
29.8471
29.8426
29.8367
29.8299
29.8222
29.8138
29.8047
29.7954
29.787
29.7776
29.7676
29.7587
29.7491
29.7384
29.728
29.7182
29.7082
29.6967
29.6848
29.6729
29.6605
29.6474
29.6341
29.6211
29.6078
29.5951
29.5823
29.5699
29.5566
29.5425
29.5288
29.5154
29.5018
29.4877
29.473
29.4577
29.442
29.4261
29.4105
29.395
29.3791
29.3641
29.3492
29.3342
29.3189
29.3034
29.2879
29.2728
29.2578
29.2432
29.2288
29.2142
29.1995
29.1846
29.1703
29.1565
29.1432
29.1304
29.1177
29.105
29.0926
29.0802
29.0677
29.0544
29.0407
29.0268
29.0128
28.9991
28.9854
28.9712
28.9565
28.9423
28.9288
28.9156
28.902
28.8878
28.8735
28.8592
28.8447
28.8303
28.8159
28.8016
28.7873
28.7732
28.76
28.7466
28.7331
28.7192
28.7049
28.6904
28.6757
28.6609
28.6462
28.6313
28.6165
28.6016
28.5866
28.5718
28.5571
28.5425
28.5279
28.5134
28.4989
28.4842
28.4695
28.4547
28.4398
28.4246
28.4099
28.3953
28.3808
28.3661
28.3515
28.3371
28.3225
28.3077
28.2929
28.2777
28.2625
28.2475
28.2323
28.2171
28.202
28.1871
28.172
28.1569
28.1421
28.1271
28.1123
28.0974
28.0827
28.0679
28.0533
28.0389
28.0246
28.0102
27.9959
27.9817
27.9678
27.954
27.9403
27.9265
27.913
27.8994
27.8857
27.8723
27.8593
27.8465
27.8341
27.8223
27.8109
27.7997
27.7888
27.7783
27.768
27.7584
27.7493
27.7408
27.7327
27.725
27.7176
27.7109
27.7051
27.6997
27.6948
27.6904
27.6866
27.6833
27.6803
27.6778
27.6758
27.6744
27.6737
27.6735
27.6736
27.6747
27.6764
27.6786
27.6812
27.6842
27.6877
27.6915
27.6957
27.7001
27.7047
27.71
27.7156
27.7215
27.7278
27.7342
27.7407
27.7476
27.755
27.7626
27.7705
27.7784
27.7866
27.795
27.8034
27.8119
27.8203
27.8287
27.8373
27.8459
27.8546
27.8631
27.8718
27.8803
27.8885
27.8966
27.9044
27.9121
27.9196
27.927
27.9342
27.941
27.9474
27.9536
27.9594
27.9651
27.9701
27.9748
27.9791
27.983
27.9863
27.989
27.9912
27.9928
27.994
27.9945
27.9944
27.9936
27.9923
27.9904
27.9882
27.9852
27.9815
27.9773
27.9723
27.9666
27.9598
27.9523
27.9442
27.9356
27.9263
27.9164
27.9063
27.8957
27.8844
27.8725
27.86
27.8469
27.833
27.8183
27.8029
27.7867
27.77
27.7527
27.7347
27.7159
27.6964
27.6761
27.6554
27.6342
27.6126
27.5905
27.5678
27.5444
27.5204
27.4958
27.4707
27.445
27.4188
27.3921
27.3648
27.3367
27.308
27.2787
27.2487
27.2181
27.1871
27.1554
27.123
27.0903
27.0568
27.0227
26.9884
26.9539
26.919
26.8836
26.8476
26.8115
26.7751
26.7384
26.7014
26.6642
26.6267
26.5889
26.5507
26.5123
26.4737
26.435
26.3961
26.3574
26.3185
26.2794
26.2401
26.2007
26.1614
26.122
26.0824
26.0429
26.0036
25.9645
25.9254
25.8862
25.847
25.8079
25.7691
25.7305
25.6922
25.654
25.6161
25.5783
25.5406
25.5031
25.4658
25.4289
25.3925
25.3563
25.3204
25.2846
25.2492
25.2142
25.1795
25.1449
25.1108
25.077
25.0437
25.0107
24.978
24.9455
24.9134
24.8818
24.8503
24.8191
24.7881
24.7573
24.7268
24.6966
24.6669
24.6376
24.6085
24.5798
24.5515
24.5235
24.4957
24.4683
24.4413
24.4146
24.3882
24.3621
24.3363
24.3108
24.2856
24.2607
24.2362
24.2119
24.1879
24.1643
24.1411
24.1183
24.0958
24.0738
24.052
24.0307
24.0097
23.989
23.9684
23.9483
23.9286
23.9091
23.8898
23.8707
23.8521
23.8339
23.8159
23.7981
23.7807
23.7636
23.7467
23.73
23.7135
23.6973
23.6813
23.6653
23.6496
23.6339
23.6184
23.6031
23.5879
23.5729
23.5581
23.5436
23.5294
23.5155
23.5017
23.4881
23.4747
23.4613
23.4482
23.4351
23.4224
23.4097
23.3971
23.3845
23.372
23.3595
23.347
23.3346
23.3222
23.3098
23.2976
23.2852
23.2727
23.2603
23.2477
23.2351
23.2226
23.21
23.1975
23.1847
23.1719
23.1589
23.146
23.1329
23.1195
23.106
23.0924
23.0787
23.0649
23.0511
23.0371
23.023
23.0086
22.9941
22.9795
22.9647
22.9496
22.9345
22.9195
22.9044
22.889
22.8734
22.8573
22.841
22.8244
22.8074
22.7902
22.7726
22.7547
22.7364
22.7178
22.6988
22.6796
22.6599
22.6396
22.6188
22.5975
22.576
22.554
22.5316
22.5087
22.4854
22.4616
22.4372
22.4124
22.3871
22.3613
22.335
22.3083
22.2812
22.2534
22.2252
22.1967
22.1677
22.1383
22.1083
22.0779
22.047
22.0156
21.9836
21.9513
21.9184
21.8852
21.8514
21.8171
21.7822
21.7469
21.7113
21.6752
21.6388
21.6019
21.5644
21.5267
21.4886
21.4501
21.4111
21.3718
21.3321
21.292
21.2516
21.2108
21.1697
21.1282
21.0864
21.0442
21.0017
20.9589
20.9159
20.8727
20.8294
20.7859
20.7424
20.6989
20.6553
20.6115
20.5677
20.524
20.4805
20.4371
20.3941
20.3519
20.3104
20.2698
20.2312
20.1945
20.1594
20.1249
20.0909
20.0571
20.0235
19.9902
19.9569
19.9235
19.8902
19.8568
19.8233
19.7899
19.7563
19.7225
19.6887
19.6548
19.6209
19.5867
19.5526
19.5183
19.4836
19.449
19.4142
19.3793
19.3447
19.3099
19.2752
19.2405
19.2059
19.1715
19.1374
19.1037
19.0706
19.0382
19.0062
18.9749
18.9446
18.9155
18.8872
18.8602
18.8342
18.8089
18.7845
18.7608
18.7377
18.7149
18.6925
18.6704
18.6488
18.6277
18.6067
18.5859
18.5654
18.5449
18.5246
18.5042
18.4839
18.4638
18.4437
18.4235
18.4034
18.3832
18.3631
18.343
18.3228
18.3026
18.2823
18.2621
18.2419
18.2216
18.2012
18.1808
18.1603
18.1397
18.119
18.0981
18.0772
18.0562
18.035
18.0138
17.9924
17.9711
17.9497
17.9282
17.9066
17.8848
17.8631
17.8412
17.8193
17.7974
17.7754
17.7534
17.7312
17.709
17.6867
17.6644
17.642
17.6195
17.5969
17.5741
17.5513
17.5283
17.5052
17.482
17.4587
17.4354
17.412
17.3884
17.3646
17.3407
17.3169
17.293
17.269
17.2448
17.2207
17.1967
17.1726
17.1486
17.1245
17.1005
17.0764
17.0524
17.0283
17.0042
16.98
16.9558
16.9316
16.9073
16.8832
16.8591
16.8352
16.8114
16.7878
16.7643
16.7411
16.718
16.6951
16.6724
16.6499
16.6276
16.6057
16.5839
16.5622
16.541
16.5203
16.4998
16.4797
16.4596
16.4398
16.4202
16.4008
16.3814
16.362
16.3428
16.3237
16.3048
16.2858
16.2668
16.2479
16.229
16.2102
16.1914
16.1728
16.1544
16.1361
16.1178
16.0996
16.0813
16.0632
16.0451
16.027
16.0089
15.9909
15.9731
15.9551
15.9371
15.9192
15.9012
15.8833
15.8653
15.8473
15.8294
15.8118
15.7946
15.7776
15.7608
15.7444
15.7281
15.7123
15.6965
15.6808
15.6652
15.6499
15.6346
15.6194
15.6042
15.589
15.574
15.5588
15.5439
15.5291
15.5144
15.4998
15.4852
15.4706
15.456
15.4414
15.4268
15.4122
15.3977
15.3831
15.3685
15.354
15.3395
15.3251
15.3107
15.2961
15.2816
15.267
15.2524
15.2377
15.223
15.2085
15.1939
15.1793
15.1647
15.1501
15.1356
15.1212
15.1066
15.092
15.0774
15.0627
15.0481
15.0334
15.0186
15.0039
14.9892
14.9745
14.9597
14.9448
14.93
14.9152
14.9005
14.8859
14.8714
14.8567
14.842
14.8273
14.8127
14.7982
14.7836
14.7692
14.7547
14.7402
14.7256
14.7109
14.6964
14.682
14.6676
14.6533
14.6391
14.6249
14.6108
14.5967
14.5828
14.5688
14.5549
14.5411
14.5273
14.5136
14.4999
14.4863
14.4728
14.4593
14.4459
14.4326
14.4194
14.4063
14.3933
14.3804
14.3676
14.3551
14.3426
14.3304
14.3182
14.3062
14.2945
14.2828
14.2714
14.2601
14.2488
14.2378
14.2269
14.2161
14.2057
14.1955
14.1855
14.1757
14.1661
14.1571
14.1484
14.14
14.1319
14.124
14.1162
14.1086
14.1012
14.0941
14.0873
14.0808
14.0745
14.0685
14.0626
14.0568
14.0513
14.0458
14.0404
14.0351
14.03
14.025
14.0201
14.0154
14.0108
14.0063
14.0019
13.9978
13.9938
13.99
13.9863
13.9826
13.9792
13.9758
13.9725
13.9694
13.9665
13.9637
13.961
13.9583
13.9558
13.9534
13.9509
13.9485
13.9461
13.9439
13.9419
13.94
13.9382
13.9363
13.9346
13.9331
13.9314
13.9298
13.9285
13.9272
13.926
13.9249
13.9239
13.9229
13.9219
13.9208
13.9197
13.9187
13.9177
13.917
13.9162
13.9155
13.9148
13.9141
13.9134
13.9128
13.9122
13.9117
13.9113
13.9108
13.9103
13.9098
13.9095
13.9093
13.9092
13.9093
13.9093
13.9093
13.9095
13.9098
13.9101
13.9103
13.9105
13.9107
13.9109
13.9111
13.9114
13.9117
13.9119
13.9123
13.9127
13.9132
13.9136
13.9141
13.9147
13.9154
13.9163
13.9172
13.918
13.9189
13.9198
13.9206
13.9215
13.9224
13.9233
13.9242
13.9251
13.9261
13.927
13.9279
13.9287
13.9297
13.9305
13.9314
13.9322
13.9331
13.934
13.935
13.9359
13.9369
13.9377
13.9386
13.9394
13.9402
13.9409
13.9417
13.9424
13.943
13.9436
13.9441
13.9447
13.9453
13.9459
13.9465
13.9471
13.9477
13.9483
13.9488
13.9493
13.9498
13.9501
13.9504
13.9506
13.9508
13.951
13.9512
13.9514
13.9515
13.9515
13.9515
13.9515
13.9514
13.9513
13.9512
13.951
13.9508
13.9506
13.9504
13.9501
13.9497
13.9493
13.9488
13.9484
13.9479
13.9473
13.9467
13.9461
13.9455
13.9449
13.9444
13.9439
13.9435
13.943
13.9425
13.942
13.9415
13.941
13.9406
13.9401
13.9396
13.939
13.9385
13.9379
13.9373
13.9369
13.9364
13.936
13.9356
13.9352
13.9348
13.9346
13.9345
13.9345
13.9347
13.9351
13.9355
13.936
13.9365
13.9371
13.9376
13.9382
13.9389
13.9397
13.9405
13.9413
13.9422
13.9431
13.9441
13.9451
13.9462
13.9472
13.9483
13.9494
13.9505
13.9516
13.9527
13.9539
13.955
13.9562
13.9575
13.9588
13.96
13.9612
13.9624
13.9636
13.9647
13.966
13.9672
13.9685
13.9697
13.971
13.9724
13.9738
13.9752
13.9766
13.978
13.9794
13.9808
13.9823
13.9837
13.9851
13.9864
13.9878
13.9891
13.9903
13.9915
13.9928
13.994
13.9951
13.9963
13.9975
13.9987
13.9998
14.001
14.0021
14.0032
14.0044
14.0055
14.0066
14.0076
14.0087
14.0097
14.0106
14.0116
14.0126
14.0135
14.0144
14.0153
14.0162
14.0171
14.018
14.0188
14.0196
14.0204
14.0212
14.0219
14.0227
14.0234
14.0242
14.025
14.0259
14.0267
14.0275
14.0282
14.029
14.0297
14.0305
14.0311
14.0318
14.0325
14.0331
14.0337
14.0342
14.0346
14.0351
14.0355
14.0359
14.0362
14.0366
14.0369
14.0371
14.0374
14.0375
14.0377
14.0377
14.0377
14.0377
14.0376
14.0374
14.0373
14.0371
14.0369
14.0366
14.0363
14.036
14.0357
14.0353
14.0349
14.0344
14.0339
14.0332
14.0325
14.0318
14.031
14.0302
14.0294
14.0284
14.0274
14.0265
14.0255
14.0244
14.0234
14.0222
14.0211
14.0199
14.0186
14.0173
14.0159
14.0145
14.0131
14.0116
14.0101
14.0085
14.0069
14.0053
14.0036
14.0019
14.0001
13.9982
13.9962
13.9942
13.9922
13.9901
13.9879
13.9858
13.9836
13.9813
13.979
13.9767
13.9743
13.9719
13.9693
13.9667
13.964
13.9612
13.9583
13.9555
13.9525
13.9495
13.9465
13.9434
13.9403
13.9371
13.9338
13.9305
13.927
13.9236
13.9201
13.9165
13.9129
13.9092
13.9055
13.9017
13.898
13.8942
13.8904
13.8865
13.8826
13.8787
13.8747
13.8707
13.8667
13.8627
13.8586
13.8545
13.8503
13.846
13.8417
13.8373
13.8329
13.8284
13.8239
13.8194
13.8149
13.8103
13.8057
13.801
13.7963
13.7915
13.7866
13.7817
13.7767
13.7717
13.7665
13.7613
13.756
13.7505
13.7451
13.7395
13.7338
13.728
13.7222
13.7162
13.7103
13.7044
13.6984
13.6923
13.6861
13.6799
13.6736
13.6673
13.661
13.6545
13.6479
13.6413
13.6345
13.6277
13.6208
13.6138
13.6067
13.5994
13.5921
13.5846
13.577
13.5694
13.5617
13.5539
13.546
13.538
13.5299
13.5218
13.5135
13.5052
13.4969
13.4884
13.4799
13.4713
13.4625
13.4536
13.4446
13.4355
13.4262
13.4169
13.4075
13.398
13.3884
13.3787
13.3689
13.359
13.349
13.3388
13.3286
13.3183
13.3078
13.2973
13.2866
13.2759
13.2651
13.2541
13.243
13.2319
13.2207
13.2094
13.198
13.1865
13.175
13.1633
13.1516
13.1398
13.1279
13.1159
13.1038
13.0916
13.0793
13.0669
13.0545
13.0419
13.0293
13.0165
13.0036
12.9907
12.9777
12.9645
12.9513
12.938
12.9247
12.9112
12.8976
12.884
12.8703
12.8565
12.8426
12.8286
12.8146
12.8005
12.7863
12.772
12.7577
12.7432
12.7287
12.7142
12.6995
12.6847
12.6699
12.655
12.64
12.625
12.6098
12.5946
12.5793
12.5639
12.5484
12.5329
12.5173
12.5017
12.486
12.4703
12.4544
12.4385
12.4225
12.4064
12.3902
12.374
12.3577
12.3413
12.3249
12.3084
12.2918
12.2751
12.2584
12.2416
12.2247
12.2078
12.1909
12.1738
12.1568
12.1397
12.1225
12.1053
12.088
12.0707
12.0533
12.0358
12.0183
12.0008
11.9833
11.9656
11.9479
11.9302
11.9124
11.8945
11.8766
11.8586
11.8406
11.8226
11.8045
11.7864
11.7683
11.7501
11.7318
11.7135
11.6951
11.6767
11.6582
11.6397
11.6211
11.6026
11.5839
11.5653
11.5466
11.5279
11.5091
11.4902
11.4714
11.4525
11.4336
11.4147
11.3957
11.3766
11.3576
11.3386
11.3195
11.3004
11.2813
11.2621
11.2428
11.2236
11.2043
11.1849
11.1656
11.1462
11.1268
11.1073
11.0878
11.0683
11.0487
11.0291
11.0095
10.9899
10.9703
10.9506
10.9309
10.9112
10.8914
10.8716
10.8518
10.832
10.8122
10.7925
10.7727
10.7529
10.7332
10.7134
10.6937
10.6739
10.6541
10.6343
10.6145
10.5947
10.5748
10.5549
10.535
10.5152
10.4953
10.4754
10.4555
10.4356
10.4157
10.3958
10.376
10.3561
10.3363
10.3164
10.2965
10.2766
10.2568
10.2369
10.217
10.1971
10.1772
10.1574
10.1375
10.1178
10.098
10.0782
10.0584
10.0386
10.0188
9.99903
9.97928
9.95953
9.93976
9.92004
9.90033
9.88062
9.86096
9.84128
9.82159
9.80186
9.78213
9.76244
9.74275
9.72309
9.70343
9.68381
9.66422
9.64466
9.62514
9.60568
9.58629
9.56691
9.54754
9.52819
9.50881
9.48951
9.4703
9.45111
9.43196
9.41287
9.39381
9.37476
9.35578
9.33678
9.31785
9.29899
9.28023
9.26175
9.24357
9.2257
9.20825
9.19101
9.17407
9.15742
9.14122
9.12526
9.10952
9.094
9.0787
9.06361
9.04874
9.03405
9.01945
9.00502
8.99075
8.97657
8.96256
8.94872
8.93506
8.92155
8.90819
8.89496
8.88187
8.86892
8.85614
8.84356
8.83118
8.81902
8.80696
8.79502
8.78334
8.77189
8.76079
8.74995
8.7393
8.72893
8.71887
8.70906
8.6996
8.69038
8.68137
8.67259
8.66411
8.656
8.64812
8.64056
8.63335
8.62643
8.61989
8.61361
8.6077
8.60205
8.59672
8.59169
8.58702
8.58262
8.57843
8.5745
8.57086
8.56758
8.56462
8.56185
8.55945
8.55744
8.55573
8.55436
8.55322
8.55237
8.55191
8.55169
8.55181
8.55213
8.55269
8.55365
8.55494
8.55653
8.55837
8.56059
8.5631
8.56586
8.56907
8.57256
8.57642
8.58067
8.58521
8.59015
8.59547
8.60108
8.60723
8.61398
8.62117
8.6289
8.63716
8.64574
8.65449
8.66343
8.67249
8.6817
8.69104
8.70057
8.71037
8.72043
8.73065
8.74106
8.75151
8.76207
8.77285
8.78379
8.7949
8.80617
8.81773
8.82957
8.8416
8.85379
8.86606
8.87841
8.89089
8.90347
8.91612
8.92893
8.94188
8.95489
8.96797
8.98106
8.99414
9.00734
9.02065
9.03403
9.04744
9.06088
9.07435
9.08783
9.10133
9.11495
9.12868
9.14244
9.15629
9.17024
9.18426
9.19835
9.21243
9.22655
9.24077
9.25502
9.26929
9.28364
9.298
9.31241
9.32687
9.34136
9.3559
9.3705
9.38517
9.39992
9.4147
9.42945
9.44418
9.45889
9.47356
9.48822
9.50298
9.51777
9.53257
9.54741
9.56232
9.57731
9.59234
9.60742
9.62257
9.63774
9.65296
9.6682
9.68346
9.69878
9.71413
9.72952
9.745
9.76051
9.77603
9.79164
9.8073
9.82298
9.83876
9.85454
9.87036
9.88625
9.90216
9.91814
9.93414
9.95017
9.96623
9.98233
9.99845
10.0146
10.0308
10.0469
10.0631
10.0792
10.0955
10.1118
10.1282
10.1446
10.1611
10.1776
10.1942
10.2109
10.2276
10.2445
10.2614
10.2784
10.2953
10.3123
10.3293
10.3463
10.3633
10.3804
10.3974
10.4144
10.4315
10.4485
10.4655
10.4824
10.4993
10.5162
10.5332
10.5501
10.567
10.5839
10.6007
10.6176
10.6345
10.6513
10.6682
10.685
10.7018
10.7186
10.7355
10.7523
10.7691
10.7859
10.8026
10.8193
10.8359
10.8525
10.8691
10.8857
10.9023
10.9189
10.9355
10.952
10.9685
10.9849
11.0013
11.0176
11.034
11.0502
11.0665
11.0827
11.0989
11.115
11.1311
11.1471
11.163
11.1788
11.1947
11.2104
11.2261
11.2418
11.2574
11.2729
11.2885
11.3039
11.3193
11.3346
11.3498
11.3651
11.3802
11.3953
11.4103
11.4252
11.4401
11.4549
11.4696
11.4842
11.4988
11.5133
11.5277
11.542
11.5563
11.5706
11.5847
11.5988
11.6129
11.6268
11.6407
11.6545
11.6683
11.682
11.6956
11.7092
11.7227
11.7361
11.7495
11.7628
11.776
11.7892
11.8023
11.8153
11.8282
11.8411
11.8538
11.8665
11.8792
11.8917
11.9042
11.9166
11.9289
11.9412
11.9533
11.9654
11.9775
11.9894
12.0013
12.0131
12.0248
12.0365
12.048
12.0595
12.071
12.0823
12.0936
12.1049
12.1161
12.1272
12.1382
12.1491
12.1599
12.1707
12.1813
12.192
12.2025
12.2129
12.2233
12.2335
12.2437
12.2538
12.2639
12.2738
12.2837
12.2936
12.3033
12.3129
12.3225
12.332
12.3415
12.3509
12.3602
12.3695
12.3787
12.3879
12.3969
12.4058
12.4147
12.4235
12.4323
12.4409
12.4495
12.458
12.4664
12.4748
12.483
12.4912
12.4994
12.5074
12.5155
12.5234
12.5313
12.5391
12.5469
12.5546
12.5623
12.5699
12.5774
12.5849
12.5923
12.5997
12.6069
12.6141
12.6212
12.6283
12.6352
12.6421
12.6488
12.6555
12.6621
12.6687
12.6752
12.6816
12.688
12.6944
12.7006
12.7068
12.713
12.7191
12.7251
12.7311
12.737
12.7429
12.7486
12.7543
12.76
12.7656
12.771
12.7764
12.7818
12.787
12.7922
12.7973
12.8023
12.8072
12.812
12.8168
12.8215
12.8262
12.8307
12.8352
12.8397
12.844
12.8483
12.8526
12.8568
12.8609
12.8649
12.8688
12.8727
12.8765
12.8802
12.8838
12.8874
12.891
12.8944
12.8978
12.9012
12.9045
12.9077
12.9109
12.914
12.9169
12.9198
12.9226
12.9254
12.9281
12.9307
12.9332
12.9357
12.9381
12.9405
12.9428
12.945
12.9472
12.9493
12.9514
12.9534
12.9553
12.9571
12.9588
12.9605
12.9621
12.9636
12.9651
12.9665
12.9678
12.9691
12.9703
12.9713
12.9723
12.9732
12.974
12.9747
12.9754
12.976
12.9765
12.9769
12.9773
12.9776
12.9778
12.9779
12.978
12.978
12.9779
12.9778
12.9775
12.9772
12.9768
12.9764
12.9759
12.9752
12.9745
12.9738
12.973
12.9721
12.9712
12.9702
12.9692
12.9681
12.967
12.9657
12.9644
12.9631
12.9617
12.9603
12.9587
12.9571
12.9554
12.9536
12.9518
12.9499
12.9478
12.9457
12.9436
12.9414
12.9391
12.9368
12.9343
12.9318
12.9291
12.9264
12.9236
12.9207
12.9177
12.9146
12.9115
12.9083
12.905
12.9016
12.8982
12.8947
12.8911
12.8875
12.8838
12.88
12.8762
12.8723
12.8683
12.8643
12.8601
12.8559
12.8516
12.8473
12.8428
12.8384
12.8339
12.8293
12.8246
12.8199
12.8151
12.8102
12.8052
12.8001
12.7951
12.79
12.7848
12.7795
12.7741
12.7687
12.7633
12.7577
12.7521
12.7464
12.7407
12.7349
12.7291
12.7231
12.7171
12.711
12.7048
12.6986
12.6923
12.6859
12.6795
12.673
12.6664
12.6598
12.6531
12.6464
12.6396
12.6327
12.6258
12.6188
12.6117
12.6046
12.5974
12.5901
12.5828
12.5755
12.568
12.5605
12.5529
12.5452
12.5375
12.5298
12.522
12.5141
12.5062
12.4983
12.4903
12.4822
12.474
12.4658
12.4576
12.4493
12.441
12.4326
12.4241
12.4156
12.407
12.3984
12.3897
12.381
12.3722
12.3634
12.3545
12.3455
12.3365
12.3275
12.3184
12.3092
12.2999
12.2906
12.2812
12.2718
12.2623
12.2527
12.2431
12.2335
12.2238
12.2141
12.2043
12.1944
12.1846
12.1747
12.1647
12.1546
12.1445
12.1343
12.1241
12.1139
12.1037
12.0934
12.083
12.0726
12.0622
12.0518
12.0413
12.0307
12.0202
12.0095
11.9988
11.9881
11.9773
11.9665
11.9556
11.9447
11.9337
11.9227
11.9116
11.9004
11.8893
11.8781
11.8669
11.8557
11.8444
11.8332
11.8219
11.8105
11.7991
11.7876
11.7761
11.7646
11.7531
11.7415
11.7299
11.7182
11.7065
11.6947
11.6829
11.671
11.6592
11.6473
11.6354
11.6235
11.6115
11.5996
11.5877
11.5757
11.5637
11.5517
11.5398
11.5277
11.5157
11.5036
11.4914
11.4793
11.4671
11.4549
11.4426
11.4302
11.4178
11.4054
11.3929
11.3804
11.3679
11.3554
11.3428
11.3302
11.3176
11.305
11.2923
11.2796
11.2669
11.2541
11.2413
11.2285
11.2156
11.2028
11.1899
11.1769
11.1639
11.1509
11.1379
11.1249
11.1118
11.0986
11.0854
11.0722
11.059
11.0457
11.0324
11.0191
11.0057
10.9923
10.9789
10.9654
10.9519
10.9384
10.9248
10.9113
10.8977
10.8841
10.8704
10.8568
10.8431
10.8294
10.8157
10.802
10.7882
10.7744
10.7606
10.7467
10.7328
10.7189
10.7049
10.691
10.677
10.663
10.649
10.6349
10.6209
10.6068
10.5926
10.5785
10.5643
10.5501
10.5359
10.5216
10.5074
10.4931
10.4789
10.4646
10.4503
10.4359
10.4216
10.4072
10.3928
10.3783
10.3639
10.3494
10.3349
10.3204
10.3058
10.2913
10.2767
10.2621
10.2475
10.2328
10.2181
10.2034
10.1886
10.1739
10.159
10.1441
10.1293
10.1144
10.0995
10.0846
10.0696
10.0546
10.0396
10.0246
10.0095
9.99446
9.97937
9.96426
9.9491
9.93392
9.91874
9.90353
9.88829
9.87301
9.85774
9.84242
9.82708
9.81171
9.79631
9.78088
9.76542
9.74995
9.73444
9.71891
9.70336
9.68778
9.67215
9.65649
9.64082
9.62514
9.60946
9.59375
9.578
9.56222
9.54642
9.53061
9.51478
9.49895
9.48311
9.46728
9.45144
9.43557
9.41968
9.4038
9.38788
9.37193
9.35596
9.33995
9.32391
9.30784
9.29174
9.27562
9.25949
9.24335
9.22719
9.211
9.19477
9.1785
9.1622
9.14589
9.12955
9.11317
9.09678
9.08038
9.06396
9.04752
9.03104
9.01453
8.99798
8.98143
8.96483
8.94818
8.9315
8.91481
8.89811
8.8814
8.86464
8.84784
8.83101
8.81415
8.79731
8.78044
8.76353
8.74658
8.72961
8.71262
8.69561
8.67857
8.66152
8.64444
8.62732
8.61018
8.59303
8.57585
8.55865
8.54144
8.52422
8.50701
8.48978
8.47253
8.45524
8.43794
8.42061
8.40324
8.38586
8.36848
8.35109
8.33368
8.31623
8.29876
8.28126
8.26372
8.24616
8.22857
8.21098
8.19339
8.17578
8.15814
8.14048
8.1228
8.1051
8.08737
8.06961
8.05183
8.03403
8.01621
7.9984
7.98057
7.96273
7.9449
7.92707
7.90924
7.89139
7.87352
7.85564
7.83773
7.81982
7.8019
7.78396
7.766
7.74801
7.73002
7.71201
7.69397
7.67593
7.65786
7.63977
7.62165
7.60352
7.58539
7.56724
7.54907
7.53089
7.51268
7.49446
7.47625
7.45803
7.43979
7.42154
7.40326
7.38499
7.36673
7.34846
7.33017
7.31189
7.2936
7.2753
7.25699
7.23866
7.22035
7.20205
7.18375
7.16545
7.14715
7.12885
7.11054
7.09224
7.07393
7.05562
7.0373
7.01897
7.00065
6.98235
6.96404
6.94571
6.9274
6.90908
6.89076
6.87243
6.85408
6.83571
6.81733
6.79893
6.78054
6.76215
6.74377
6.72542
6.70707
6.68874
6.6704
6.65207
6.63376
6.61545
6.59718
6.57891
6.56066
6.54243
6.52423
6.50609
6.48798
6.4699
6.45185
6.43383
6.41585
6.39791
6.37999
6.36212
6.34431
6.32655
6.30888
6.29128
6.27373
6.25621
6.23871
6.22123
6.20384
6.18648
6.16919
6.15192
6.13467
6.11745
6.10027
6.08313
6.06604
6.04899
6.032
6.01508
5.9982
5.98136
5.96459
5.9479
5.9313
5.91475
5.89826
5.88181
5.86542
5.84908
5.83281
5.81661
5.80046
5.78441
5.76848
5.75261
5.73684
5.72113
5.70548
5.68989
5.67437
5.65891
5.64353
5.62827
5.61313
5.59814
5.58327
5.56855
5.55401
5.53969
5.52564
5.51181
5.49814
5.48461
5.47117
5.45787
5.44475
5.43176
5.41888
5.40608
5.39341
5.38089
5.36849
5.35622
5.34408
5.33207
5.32021
5.30846
5.29676
5.28514
5.27362
5.26222
5.25085
5.23956
5.22837
5.21722
5.20614
5.19512
5.18415
5.17323
5.16243
5.15175
5.14115
5.13066
5.1203
5.11006
5.0999
5.08987
5.07999
5.07028
5.06073
5.05138
5.04221
5.03325
5.02448
5.01589
5.00753
4.99942
4.99148
4.98374
4.97618
4.96877
4.96154
4.95451
4.94768
4.941
4.93452
4.92831
4.92242
4.91679
4.91136
4.90607
4.90088
4.89576
4.89071
4.88577
4.88099
4.87626
4.87158
4.86694
4.86234
4.85781
4.85333
4.84891
4.84455
4.84026
4.83604
4.83187
4.82782
4.82385
4.81994
4.81612
4.81237
4.80872
4.80513
4.80155
4.79799
4.79446
4.79099
4.78758
4.7842
4.78084
4.77749
4.77418
4.77091
4.76773
4.7646
4.76151
4.75848
4.75552
4.75259
4.74967
4.74676
4.74391
4.74112
4.73839
4.73569
4.73303
4.73039
4.72778
4.72519
4.72264
4.72012
4.71765
4.71523
4.71284
4.7105
4.70821
4.70594
4.70369
4.70149
4.69932
4.69717
4.69502
4.69289
4.69078
4.68867
4.68657
4.68448
4.68239
4.68031
4.67827
4.67627
4.6743
4.67235
4.67043
4.66856
4.66672
4.66487
4.66304
4.66122
4.65945
4.65769
4.65593
4.65419
4.65249
4.65082
4.64918
4.64755
4.64596
4.64441
4.64288
4.64139
4.63993
4.63851
4.6371
4.6357
4.63431
4.63296
4.63163
4.63033
4.62906
4.62781
4.62661
4.62542
4.62426
4.6231
4.62198
4.62088
4.61979
4.61874
4.61773
4.61675
4.6158
4.61487
4.61396
4.61304
4.61211
4.6112
4.61027
4.60937
4.60846
4.60757
4.6067
4.60586
4.60504
4.60425
4.6035
4.60279
4.60209
4.60142
4.60079
4.6002
4.59966
4.59912
4.59861
4.5981
4.59763
4.59717
4.59672
4.59627
4.59583
4.59539
4.59496
4.59457
4.59419
4.5938
4.59343
4.59307
4.59274
4.59243
4.59215
4.59189
4.5916
4.59132
4.59103
4.59074
4.59045
4.59019
4.58995
4.58973
4.5895
4.58928
4.58905
4.58883
4.58859
4.58839
4.58822
4.58806
4.58792
4.58779
4.58769
4.5876
4.58751
4.58745
4.58738
4.58729
4.58722
4.58714
4.58708
4.587
4.58692
4.58684
4.58676
4.58669
4.58665
4.58664
4.58663
4.58663
4.58662
4.5866
4.58659
4.58659
4.5866
4.58661
4.58663
4.58666
4.58673
4.58681
4.5869
4.587
4.58711
4.58722
4.58734
4.58747
4.58761
4.58775
4.58791
4.58808
4.58827
4.58848
4.5887
4.58893
4.58917
4.58943
4.58968
4.58995
4.59023
4.5905
4.59078
4.59106
4.59134
4.59165
4.59198
4.59233
4.59267
4.59304
4.59342
4.59382
4.59423
4.59464
4.59505
4.59545
4.59588
4.59629
4.59672
4.59717
4.59764
4.5981
4.59857
4.59904
4.59952
4.60001
4.6005
4.60098
4.60147
4.60196
4.60247
4.603
4.60354
4.60409
4.60466
4.60523
4.60582
4.60643
4.60705
4.60771
4.6084
4.6091
4.6098
4.6105
4.61121
4.61194
4.61269
4.61346
4.61424
4.61503
4.61584
4.61668
4.61754
4.61841
4.61929
4.62023
4.62117
4.6221
4.62305
4.62403
4.62504
4.62608
4.62713
4.62817
4.62922
4.63029
4.63139
4.63249
4.6336
4.63469
4.63579
4.6369
4.638
4.63907
4.64015
4.64123
4.64232
4.64341
4.64453
4.64564
4.64674
4.64785
4.64898
4.65012
4.65126
4.6524
4.65357
4.65477
4.656
4.65722
4.65845
4.65968
4.6609
4.66212
4.66336
4.6646
4.66583
4.66706
4.66828
4.66948
4.67068
4.67187
4.67306
4.67425
4.67544
4.67662
4.67779
4.67898
4.68015
4.68132
4.68249
4.68365
4.68481
4.68595
4.68708
4.6882
4.6893
4.69039
4.69147
4.69253
4.69358
4.69463
4.69569
4.69674
4.69782
4.69891
4.69998
4.70104
4.7021
4.70315
4.70422
4.70528
4.70633
4.70737
4.70841
4.70947
4.71053
4.71157
4.71261
4.71364
4.71467
4.7157
4.71673
4.71777
4.71881
4.71985
4.7209
4.72196
4.72303
4.72409
4.72517
4.72626
4.72734
4.72842
4.7295
4.73062
4.73173
4.73284
4.73395
4.73507
4.73619
4.73732
4.73848
4.73964
4.74083
4.74203
4.74324
4.74448
4.74573
4.74701
4.74834
4.74971
4.75111
4.75254
4.75399
4.75546
4.75695
4.75846
4.75999
4.76154
4.7631
4.7647
4.7663
4.76788
4.76947
4.77106
4.77265
4.77425
4.77585
4.77745
4.77906
4.78071
4.78237
4.78404
4.78573
4.78743
4.78912
4.7908
4.79247
4.79414
4.79583
4.79754
4.79928
4.801
4.80272
4.80446
4.80623
4.808
4.80975
4.81149
4.81323
4.81498
4.81672
4.81845
4.82019
4.82192
4.82365
4.82539
4.82712
4.82885
4.83057
4.83229
4.83401
4.83571
4.83743
4.83915
4.84087
4.84259
4.84431
4.84602
4.84772
4.84943
4.85114
4.85286
4.85457
4.85628
4.85798
4.85968
4.86138
4.8631
4.86484
4.86658
4.86834
4.8701
4.87187
4.87366
4.87544
4.87722
4.879
4.8808
4.88261
4.88441
4.88622
4.88805
4.88991
4.89179
4.89367
4.89557
4.89748
4.89942
4.90137
4.90334
4.90532
4.90729
4.90926
4.91121
4.91316
4.9151
4.91703
4.91897
4.92092
4.92286
4.92481
4.92676
4.92872
4.93067
4.93261
4.93456
4.93651
4.93845
4.94037
4.94229
4.9442
4.94609
4.94798
4.94984
4.95169
4.95352
4.95536
4.95718
4.95899
4.96079
4.96258
4.96436
4.96613
4.96791
4.9697
4.97148
4.97327
4.97506
4.97685
4.97863
4.98039
4.98216
4.98391
4.98566
4.9874
4.98911
4.99081
4.9925
4.99419
4.99587
4.99753
4.99916
5.00078
5.00239
5.00401
5.00561
5.0072
5.00877
5.01032
5.01185
5.01336
5.01484
5.0163
5.01775
5.01918
5.02059
5.02199
5.02337
5.02474
5.02609
5.02742
5.02873
5.03003
5.03131
5.03256
5.0338
5.03502
5.03621
5.03739
5.03854
5.03968
5.04079
5.04187
5.04293
5.04398
5.045
5.046
5.04698
5.04795
5.0489
5.04983
5.05075
5.05164
5.05251
5.05336
5.05419
5.05499
5.05577
5.05653
5.05727
5.05799
5.05868
5.05935
5.05999
5.0606
5.0612
5.06177
5.06233
5.06285
5.06335
5.06382
5.06427
5.0647
5.0651
5.06548
5.06583
5.06616
5.06647
5.06675
5.06702
5.06725
5.06746
5.06764
5.0678
5.06794
5.06805
5.06814
5.06819
5.06822
5.06823
5.0682
5.06815
5.06808
5.06799
5.06787
5.06772
5.06753
5.06732
5.06707
5.06681
5.06651
5.06618
5.06583
5.06544
5.06503
5.06459
5.06413
5.06364
5.06313
5.06259
5.06202
5.06141
5.06078
5.06011
5.05941
5.05869
5.05794
5.05716
5.05635
5.05551
5.05465
5.05375
5.05283
5.05187
5.05088
5.04987
5.04883
5.04775
5.04665
5.04552
5.04436
5.04316
5.04194
5.04068
5.0394
5.03808
5.03673
5.03536
5.03396
5.03252
5.03106
5.02957
5.02806
5.02653
5.02496
5.02337
5.02175
5.0201
5.01842
5.01671
5.01497
5.01319
5.01139
5.00956
5.0077
5.00581
5.00389
5.00193
4.99994
4.99793
4.99588
4.99379
4.99168
4.98953
4.98736
4.98515
4.98291
4.98065
4.97837
4.97605
4.97371
4.97134
4.96893
4.9665
4.96405
4.96157
4.95906
4.95652
4.95396
4.95138
4.94877
4.94614
4.94347
4.94079
4.93807
4.93532
4.93255
4.92975
4.92694
4.92409
4.92121
4.91831
4.91537
4.91241
4.90943
4.90641
4.90336
4.90029
4.89718
4.89404
4.89088
4.88768
4.88445
4.8812
4.87792
4.87461
4.87127
4.8679
4.8645
4.86107
4.85762
4.85414
4.85063
4.84709
4.84352
4.83993
4.83631
4.83266
4.82897
4.82526
4.82152
4.81775
4.81395
4.81013
4.80628
4.80241
4.79852
4.79459
4.79064
4.78667
4.78268
4.77865
4.7746
4.77053
4.76643
4.76231
4.75816
4.75399
4.7498
4.74558
4.74134
4.73708
4.73279
4.72847
4.72414
4.71979
4.71541
4.711
4.70657
4.70211
4.69762
4.6931
4.68857
4.68401
4.67943
4.67482
4.67019
4.66553
4.66085
4.65616
4.65144
4.64669
4.64193
4.63713
4.63231
4.62747
4.62261
4.61772
4.61281
4.60788
4.60293
4.59796
4.59297
4.58796
4.58292
4.57786
4.57277
4.56767
4.56255
4.5574
4.55223
4.54705
4.54185
4.53663
4.53138
4.52611
4.52082
4.51551
4.51018
4.50483
4.49946
4.49408
4.48867
4.48325
4.47781
4.47241
4.46702
4.46163
4.45624
4.45086
4.44546
4.44006
4.43465
4.42924
4.42384
4.41848
4.41312
4.40777
4.40245
4.39714
4.39186
4.38659
4.38131
4.37606
4.37081
4.36556
4.3603
4.35508
4.34984
4.3446
4.33937
4.33415
4.32892
4.3237
4.31852
4.31333
4.30814
4.30296
4.29778
4.29259
4.28743
4.28227
4.2771
4.27192
4.26675
4.26157
4.25639
4.25121
4.24605
4.24092
4.23579
4.23064
4.22552
4.2204
4.21533
4.21028
4.20524
4.20021
4.19517
4.19016
4.18514
4.18015
4.17519
4.17024
4.16532
4.1604
4.15551
4.15065
4.14579
4.14097
4.13617
4.13138
4.12662
4.12189
4.11717
4.11247
4.10781
4.10317
4.09856
4.09396
4.08936
4.08477
4.08019
4.07562
4.07107
4.06653
4.06201
4.05749
4.05302
4.04857
4.04415
4.03974
4.03534
4.03093
4.02656
4.0222
4.01786
4.01353
4.0092
4.00486
4.00055
3.99624
3.99193
3.98762
3.98333
3.97905
3.97478
3.97051
3.96624
3.962
3.95778
3.95355
3.94935
3.94516
3.94096
3.93679
3.93262
3.92843
3.92425
3.92009
3.91595
3.91181
3.90767
3.90354
3.89943
3.89532
3.89122
3.88714
3.88307
3.87901
3.87495
3.87088
3.86683
3.86279
3.85875
3.85472
3.8507
3.8467
3.84271
3.83872
3.83473
3.83074
3.82678
3.82282
3.81886
3.8149
3.81094
3.80697
3.80299
3.799
3.79501
3.79104
3.78707
3.78311
3.77915
3.7752
3.77126
3.76732
3.76338
3.75943
3.75549
3.75156
3.74762
3.74368
3.73975
3.73585
3.73194
3.72804
3.72414
3.72024
3.71633
3.71243
3.70853
3.70465
3.70077
3.69691
3.69307
3.68923
3.6854
3.68157
3.67773
3.67388
3.67003
3.66618
3.66234
3.65852
3.65468
3.65084
3.64699
3.64315
3.63933
3.63551
3.63169
3.62786
3.62405
3.62024
3.61646
3.61267
3.6089
3.60513
3.60137
3.59761
3.59385
3.59008
3.58631
3.58255
3.57878
3.57501
3.57125
3.5675
3.56375
3.55999
3.55625
3.55255
3.54886
3.54516
3.54146
3.53777
3.53409
3.53041
3.52674
3.52308
3.51942
3.51577
3.51212
3.50847
3.50483
3.5012
3.49755
3.49391
3.49027
3.48663
3.48299
3.47937
3.47576
3.47215
3.46857
3.465
3.46144
3.45789
3.45435
3.45085
3.44738
3.44393
3.44048
3.43705
3.43362
3.43019
3.42679
3.42342
3.42007
3.41674
3.41341
3.4101
3.40679
3.40349
3.4002
3.39693
3.39367
3.39044
3.38721
3.38402
3.38084
3.37767
3.3745
3.37134
3.3682
3.36508
3.36196
3.35886
3.35576
3.3527
3.34965
3.34661
3.34359
3.34059
3.33759
3.33459
3.33162
3.32867
3.32574
3.32283
3.31993
3.31702
3.31411
3.31122
3.30834
3.30548
3.30262
3.29979
3.29699
3.2942
3.29141
3.28863
3.28587
3.2831
3.28035
3.27761
3.27488
3.27217
3.26949
3.26681
3.26413
3.26147
3.25883
3.2562
3.25358
3.25096
3.24834
3.24574
3.24314
3.24055
3.23796
3.23537
3.23281
3.23026
3.2277
3.22515
3.22259
3.22003
3.21749
3.21494
3.2124
3.20985
3.20729
3.20475
3.20222
3.19969
3.19716
3.19464
3.19213
3.18963
3.18713
3.18464
3.18216
3.17968
3.1772
3.17472
3.17223
3.16974
3.16725
3.16477
3.16228
3.15982
3.15735
3.15489
3.15244
3.14998
3.14753
3.14508
3.14263
3.1402
3.13779
3.1354
3.133
3.13062
3.12824
3.12585
3.12348
3.12112
3.11876
3.11641
3.11407
3.11174
3.10941
3.10707
3.10474
3.10243
3.10013
3.09785
3.09557
3.0933
3.09105
3.08882
3.08661
3.08442
3.08224
3.08008
3.07792
3.07577
3.07362
3.07149
3.06937
3.06727
3.06515
3.06305
3.06095
3.05887
3.0568
3.05474
3.0527
3.05068
3.04867
3.04667
3.04466
3.04264
3.04062
3.0386
3.03658
3.03459
3.0326
3.03062
3.02866
3.02669
3.02473
3.02278
3.02082
3.01886
3.01691
3.01498
3.01308
3.01117
3.00926
3.00735
3.00544
3.00355
3.00165
2.99976
2.99786
2.99597
2.9941
2.99221
2.99033
2.98845
2.98658
2.98471
2.98286
2.981
2.97914
2.97728
2.97542
2.97355
2.97169
2.96984
2.96799
2.96615
2.9643
2.96247
2.96062
2.95878
2.95695
2.95512
2.95331
2.9515
2.9497
2.9479
2.94609
2.94429
2.94249
2.94068
2.93886
2.93707
2.93528
2.93349
2.9317
2.92991
2.92812
2.92633
2.92453
2.92273
2.92093
2.91915
2.91738
2.91562
2.91385
2.91208
2.91033
2.90858
2.90682
2.90506
2.9033
2.90153
2.8998
2.89806
2.89631
2.89455
2.89279
2.89104
2.8893
2.88754
2.88579
2.88403
2.88227
2.88051
2.87877
2.87703
2.8753
2.87356
2.87182
2.87009
2.86834
2.86661
2.86489
2.86318
2.86147
2.85978
2.85809
2.85638
2.85469
2.85299
2.85129
2.84961
2.84792
2.84622
2.84452
2.84283
2.84115
2.83948
2.83781
2.83613
2.83447
2.83282
2.83117
2.82951
2.82786
2.82621
2.82455
2.8229
2.82125
2.81961
2.81797
2.81634
2.81472
2.81311
2.8115
2.80989
2.80829
2.8067
2.80513
2.80355
2.80198
2.80042
2.79887
2.79733
2.79579
2.79425
2.79271
2.79118
2.78967
2.78816
2.78664
2.78514
2.78365
2.78216
2.78066
2.77917
2.7777
2.77624
2.77479
2.77334
2.77189
2.77046
2.76904
2.76765
2.76631
2.76504
2.76382
2.76263
2.76151
2.76046
2.75948
2.75855
2.75767
2.75685
2.75612
2.75544
2.7548
2.75425
2.75377
2.75337
2.75303
2.75277
2.75256
2.75242
2.75236
2.75235
2.75239
2.75248
2.75262
2.75282
2.7531
2.7535
2.75397
2.75448
2.75503
2.75563
2.75631
2.75708
2.75786
2.75867
2.75948
2.76032
2.76115
2.762
2.76287
2.76375
2.76464
2.76556
2.76647
2.76737
2.76827
2.76918
2.77007
2.77095
2.77183
2.77269
2.77354
2.77439
2.77523
2.77608
2.77693
2.77778
2.77862
2.77946
2.78029
2.78112
2.78194
2.78275
2.78355
2.78434
2.78512
2.78589
2.78664
2.78739
2.78814
2.78888
2.78961
2.79033
2.79105
2.79176
2.79245
2.79312
2.79379
2.79444
2.79509
2.79573
2.79635
2.79696
2.79757
2.79816
2.79874
2.79932
2.7999
2.80048
2.80104
2.80159
2.80214
2.80266
2.80318
2.80369
2.80419
2.80468
2.80515
2.80562
2.80609
2.80654
2.80698
2.80741
2.80783
2.80824
2.80864
2.80901
2.80939
2.80975
2.81011
2.81047
2.81083
2.81117
2.81149
2.8118
2.8121
2.81238
2.81266
2.81293
2.81318
2.81342
2.81365
2.81387
2.81407
2.81426
2.81445
2.81463
2.8148
2.81496
2.81513
2.81528
2.81541
2.81553
2.81565
2.81575
2.81585
2.81593
2.81602
2.81609
2.81615
2.8162
2.81625
2.81629
2.81632
2.81634
2.81635
2.81634
2.8163
2.81626
2.81622
2.81617
2.81611
2.81605
2.81598
2.8159
2.81581
2.8157
2.81557
2.81543
2.81527
2.8151
2.81492
2.81472
2.81452
2.81431
2.81409
2.81386
2.81363
2.81339
2.81314
2.81287
2.81259
2.8123
2.81199
2.81167
2.81135
2.81102
2.81068
2.81033
2.80998
2.80962
2.80926
2.80889
2.80853
2.80815
2.80775
2.80733
2.8069
2.80647
2.80604
2.80559
2.80512
2.80464
2.80416
2.80366
2.80316
2.80265
2.80213
2.8016
2.80106
2.80051
2.79994
2.79935
2.79875
2.79814
2.79752
2.79689
2.79624
2.79558
2.79491
2.79423
2.79354
2.79283
2.79211
2.79138
2.79063
2.78988
2.78912
2.78835
2.78756
2.78676
2.78595
2.78513
2.78429
2.78345
2.78259
2.78174
2.78087
2.77999
2.7791
2.77819
2.77727
2.77635
2.77542
2.77447
2.77352
2.77256
2.7716
2.77063
2.76964
2.76864
2.76763
2.7666
2.76556
2.76453
2.76348
2.76243
2.76136
2.76028
2.7592
2.75811
2.757
2.75588
2.75476
2.75363
2.75251
2.75137
2.75023
2.74909
2.74794
2.74678
2.74561
2.74443
2.74324
2.74205
2.74084
2.73964
2.73842
2.7372
2.73598
2.73476
2.73353
2.7323
2.73105
2.7298
2.72854
2.72728
2.72602
2.72475
2.72347
2.72219
2.72089
2.71958
2.71825
2.71692
2.71558
2.71424
2.7129
2.71155
2.71019
2.70882
2.70745
2.70609
2.70472
2.70334
2.70197
2.70059
2.6992
2.69781
2.69641
2.69503
2.69364
2.69224
2.69084
2.68943
2.68802
2.6866
2.68518
2.68377
2.68235
2.68093
2.6795
2.67806
2.67661
2.67516
2.67371
2.67227
2.67082
2.66938
2.66794
2.66649
2.66504
2.66358
2.66211
2.66066
2.6592
2.65773
2.65627
2.65481
2.65335
2.65189
2.65044
2.64901
2.64759
2.64617
2.64475
2.64332
2.6419
2.6405
2.63909
2.63768
2.63627
2.63486
2.63348
2.63211
2.63074
2.62937
2.62801
2.62665
2.62531
2.62398
2.62267
2.62136
2.62006
2.61876
2.61745
2.61615
2.61485
2.61354
2.61223
2.61092
2.6096
2.6083
2.607
2.6057
2.6044
2.60309
2.60179
2.60049
2.59919
2.5979
2.59662
2.59534
2.59405
2.59277
2.5915
2.59023
2.58896
2.58768
2.5864
2.58511
2.58382
2.58255
2.58127
2.58
2.57872
2.57744
2.57616
2.57489
2.57361
2.57233
2.57104
2.56974
2.56845
2.56715
2.56585
2.56454
2.56323
2.56192
2.56061
2.55931
2.558
2.55669
2.55539
2.55407
2.55275
2.55142
2.55008
2.54874
2.54739
2.54604
2.54468
2.54331
2.54194
2.54055
2.53916
2.53777
2.53636
2.53495
2.53353
2.5321
2.53067
2.52923
2.5278
2.52636
2.5249
2.52345
2.52199
2.52053
2.51906
2.51758
2.5161
2.51461
2.51311
2.51162
2.51011
2.5086
2.50708
2.50556
2.50402
2.50248
2.50093
2.49937
2.49781
2.49624
2.49467
2.49309
2.4915
2.48991
2.48831
2.4867
2.48508
2.48346
2.48182
2.48018
2.47854
2.47689
2.47524
2.47358
2.47192
2.47025
2.46858
2.46691
2.46524
2.46357
2.4619
2.46022
2.45854
2.45685
2.45516
2.45347
2.45177
2.45008
2.44838
2.44668
2.44496
2.44324
2.44152
2.43979
2.43806
2.43632
2.43459
2.43285
2.43109
2.42933
2.42757
2.42582
2.42406
2.4223
2.42054
2.41878
2.41702
2.41525
2.41349
2.41172
2.40995
2.40818
2.4064
2.40464
2.40286
2.40109
2.39931
2.39753
2.39575
2.39397
2.39219
2.3904
2.3886
2.38681
2.38501
2.38321
2.38141
2.37959
2.37777
2.37594
2.37409
2.37225
2.3704
2.36853
2.36666
2.36479
2.36291
2.36102
2.35913
2.35723
2.35532
2.35342
2.35151
2.34961
2.34771
2.3458
2.34389
2.34198
2.34005
2.33812
2.33618
2.33422
2.33227
2.3303
2.32833
2.32635
2.32437
2.32238
2.32039
2.31839
2.31639
2.31437
2.31235
2.31032
2.30828
2.30624
2.30421
2.30215
2.30009
2.29802
2.29595
2.29386
2.29178
2.28969
2.28759
2.28549
2.28339
2.28128
2.27916
2.27704
2.27491
2.27279
2.27066
2.26853
2.2664
2.26426
2.26212
2.25997
2.25782
2.25567
2.25351
2.25135
2.24918
2.24701
2.24483
2.24264
2.24046
2.23828
2.23609
2.2339
2.2317
2.22949
2.22729
2.22508
2.22286
2.22065
2.21843
2.2162
2.21397
2.21173
2.20949
2.20725
2.20499
2.20273
2.20048
2.19823
2.19598
2.19372
2.19146
2.1892
2.18693
2.18466
2.18238
2.18011
2.17782
2.17554
2.17325
2.17097
2.16868
2.1664
2.16412
2.16184
2.15956
2.15728
2.15499
2.15271
2.15043
2.14817
2.14592
2.14368
2.14146
2.13924
2.13704
2.13484
2.13267
2.13052
2.12838
2.12626
2.12415
2.12208
2.12003
2.118
2.11599
2.114
2.11207
2.11018
2.10835
2.10657
2.10487
2.10324
2.10168
2.10016
2.09867
2.0972
2.09577
2.09436
2.09296
2.09158
2.09021
2.08886
2.08754
2.08624
2.08496
2.08368
2.08241
2.08115
2.0799
2.07866
2.07742
2.07619
2.07498
2.07377
2.07255
2.07134
2.07014
2.06893
2.06773
2.06654
2.06536
2.06419
2.06302
2.06184
2.06067
2.0595
2.05835
2.05721
2.05608
2.05495
2.05384
2.05273
2.05164
2.05055
2.04947
2.04842
2.04737
2.04632
2.04527
2.04424
2.04321
2.04219
2.04118
2.04018
2.03919
2.03821
2.03723
2.03625
2.03528
2.03431
2.03336
2.0324
2.03146
2.03052
2.02959
2.02866
2.02774
2.02683
2.02593
2.02503
2.02414
2.02326
2.02238
2.02151
2.02066
2.0198
2.01895
2.0181
2.01725
2.01641
2.01558
2.01473
2.01389
2.01305
2.01221
2.01138
2.01056
2.00973
2.0089
2.00807
2.00725
2.00644
2.00564
2.00484
2.00405
2.00325
2.00244
2.00163
2.00082
2.00002
1.99922
1.99842
1.99763
1.99684
1.99605
1.99527
1.99448
1.9937
1.99292
1.99214
1.99136
1.99058
1.98981
1.98904
1.98826
1.98748
1.98671
1.98594
1.98518
1.98441
1.98363
1.98286
1.9821
1.98133
1.98056
1.97979
1.97902
1.97826
1.97749
1.97672
1.97595
1.97518
1.97442
1.97367
1.97292
1.97216
1.9714
1.97065
1.96991
1.96916
1.96842
1.96768
1.96695
1.96622
1.96549
1.96478
1.96406
1.96335
1.96265
1.96196
1.96127
1.96058
1.95989
1.9592
1.9585
1.95779
1.95708
1.95636
1.95565
1.95493
1.95421
1.95348
1.95274
1.952
1.95125
1.95049
1.94973
1.94896
1.94819
1.94741
1.94663
1.94584
1.94505
1.94426
1.94346
1.94266
1.94184
1.94102
1.9402
1.93937
1.93853
1.93769
1.93684
1.93597
1.9351
1.93422
1.93335
1.93246
1.93157
1.93068
1.92978
1.92888
1.92798
1.92706
1.92615
1.92522
1.92429
1.92336
1.92242
1.92148
1.92054
1.9196
1.91865
1.9177
1.91674
1.91578
1.91481
1.91383
1.91286
1.91189
1.91092
1.90994
1.90897
1.90799
1.90701
1.90602
1.90502
1.90403
1.90303
1.90203
1.90103
1.90003
1.89902
1.89799
1.89696
1.89592
1.89487
1.89383
1.89277
1.89171
1.89064
1.88956
1.88847
1.88738
1.88627
1.88516
1.88405
1.88294
1.88181
1.88069
1.87956
1.87842
1.87727
1.87612
1.87497
1.87382
1.87265
1.87149
1.87031
1.86913
1.86794
1.86675
1.86556
1.86436
1.86316
1.86196
1.86074
1.85952
1.8583
1.85708
1.85584
1.85461
1.85337
1.85212
1.85086
1.84959
1.84833
1.84706
1.84579
1.8445
1.84322
1.84194
1.84066
1.83936
1.83806
1.83675
1.83544
1.83413
1.8328
1.83148
1.83015
1.82882
1.82748
1.82614
1.8248
1.82346
1.82211
1.82076
1.8194
1.81803
1.81666
1.81528
1.8139
1.81251
1.81112
1.80972
1.80831
1.8069
1.80548
1.80405
1.80261
1.80117
1.79972
1.79826
1.7968
1.79533
1.79386
1.79238
1.79089
1.7894
1.78791
1.78642
1.78492
1.78341
1.7819
1.78038
1.77887
1.77735
1.77582
1.77429
1.77276
1.77121
1.76967
1.76812
1.76657
1.76501
1.76346
1.7619
1.76033
1.75876
1.75719
1.7556
1.75402
1.75243
1.75084
1.74924
1.74763
1.74602
1.74441
1.7428
1.74118
1.73956
1.73793
1.73631
1.73469
1.73306
1.73144
1.72981
1.72818
1.72654
1.7249
1.72326
1.72162
1.71996
1.71831
1.71665
1.71498
1.7133
1.71162
1.70993
1.70824
1.70655
1.70486
1.70317
1.70146
1.69976
1.69805
1.69633
1.69461
1.69289
1.69117
1.68944
1.68771
1.68596
1.68421
1.68245
1.68068
1.67891
1.67713
1.67535
1.67357
1.67178
1.66998
1.66817
1.66636
1.66455
1.66273
1.66092
1.65909
1.65726
1.65542
1.65357
1.65173
1.64988
1.64802
1.64615
1.64429
1.64242
1.64054
1.63866
1.63677
1.63488
1.63298
1.63107
1.62916
1.62725
1.62534
1.62343
1.62151
1.61958
1.61766
1.61573
1.6138
1.61187
1.60993
1.60798
1.60602
1.60405
1.60208
1.6001
1.59812
1.59614
1.59416
1.59217
1.59019
1.58819
1.5862
1.5842
1.5822
1.58019
1.57818
1.57617
1.57415
1.57212
1.57009
1.56806
1.56602
1.56397
1.56193
1.55988
1.55783
1.55577
1.55371
1.55164
1.54957
1.54749
1.54542
1.54333
1.54124
1.53914
1.53704
1.53494
1.53283
1.53073
1.52862
1.5265
1.52438
1.52225
1.52012
1.51798
1.51584
1.5137
1.51155
1.5094
1.50724
1.50508
1.50291
1.50074
1.49856
1.49639
1.49422
1.49204
1.48987
1.48769
1.48551
1.48333
1.48114
1.47894
1.47675
1.47454
1.47234
1.47014
1.46793
1.46571
1.4635
1.46129
1.45907
1.45685
1.45464
1.45242
1.45019
1.44797
1.44574
1.44351
1.44127
1.43904
1.4368
1.43456
1.43232
1.43008
1.42783
1.42559
1.42334
1.42109
1.41884
1.41659
1.41434
1.41208
1.40982
1.40757
1.40531
1.40306
1.40079
1.39853
1.39626
1.39399
1.39171
1.38944
1.38717
1.3849
1.38263
1.38036
1.37809
1.37582
1.37355
1.37128
1.36901
1.36675
1.36448
1.36221
1.35994
1.35766
1.35539
1.35312
1.35084
1.34857
1.34629
1.34402
1.34174
1.33947
1.3372
1.33492
1.33265
1.33038
1.32811
1.32585
1.32358
1.32131
1.31903
1.31675
1.31447
1.3122
1.30993
1.30767
1.30541
1.30315
1.30089
1.29864
1.29637
1.29411
1.29186
1.28961
1.28735
1.2851
1.28286
1.28062
1.27839
1.27616
1.27392
1.27169
1.26946
1.26724
1.26503
1.26281
1.2606
1.25839
1.25619
1.254
1.25181
1.24963
1.24746
1.24528
1.24311
1.24095
1.23879
1.23665
1.23452
1.23239
1.23027
1.22816
1.22607
1.22399
1.22191
1.21984
1.21778
1.21573
1.21371
1.2117
1.2097
1.20772
1.20577
1.20387
1.20209
1.20045
1.19893
1.1975
1.19617
1.19491
1.19369
1.19248
1.19128
1.1901
1.18894
1.18778
1.18665
1.18554
1.18444
1.18334
1.18226
1.1812
1.18017
1.17916
1.17815
1.17716
1.17618
1.17522
1.17427
1.17333
1.17239
1.17147
1.17056
1.16967
1.16878
1.16791
1.16705
1.16622
1.16541
1.16461
1.16382
1.16305
1.16228
1.16153
1.1608
1.16009
1.15939
1.15871
1.15805
1.15743
1.15683
1.15626
1.15572
1.15519
1.15467
1.15417
1.15368
1.15319
1.1527
1.15223
1.15176
1.1513
1.15084
1.15038
1.14993
1.14948
1.14905
1.14863
1.14822
1.14781
1.14741
1.147
1.1466
1.1462
1.14581
1.14541
1.14502
1.14462
1.14423
1.14383
1.14343
1.14302
1.14261
1.14219
1.14177
1.14135
1.14093
1.1405
1.14008
1.13966
1.13924
1.13882
1.1384
1.13798
1.13756
1.13714
1.13671
1.13628
1.13585
1.13542
1.13499
1.13456
1.13412
1.13368
1.13324
1.13281
1.13237
1.13192
1.13148
1.13105
1.13061
1.13017
1.12973
1.1293
1.12886
1.12841
1.12796
1.12751
1.12706
1.12661
1.12616
1.12571
1.12526
1.1248
1.12435
1.12389
1.12344
1.123
1.12255
1.1221
1.12165
1.1212
1.12074
1.12028
1.11982
1.11935
1.11887
1.1184
1.11793
1.11746
1.11698
1.11651
1.11604
1.11557
1.1151
1.11463
1.11416
1.11369
1.11323
1.11276
1.11229
1.11182
1.11135
1.11087
1.11041
1.10994
1.10948
1.10902
1.10855
1.10809
1.10763
1.10716
1.1067
1.10622
1.10574
1.10526
1.10478
1.1043
1.10382
1.10334
1.10287
1.10239
1.1019
1.10141
1.10092
1.10043
1.09995
1.09947
1.09897
1.09848
1.09799
1.09749
1.09699
1.0965
1.09601
1.09552
1.09503
1.09454
1.09406
1.09358
1.0931
1.09262
1.09214
1.09166
1.09118
1.0907
1.09022
1.08974
1.08926
1.08878
1.08831
1.08783
1.08736
1.08689
1.08642
1.08595
1.08547
1.08499
1.08452
1.08405
1.08358
1.08311
1.08265
1.08218
1.08171
1.08125
1.08079
1.08032
1.07986
1.07941
1.07896
1.0785
1.07804
1.07758
1.07713
1.07669
1.07624
1.07579
1.07534
1.07489
1.07446
1.07403
1.07359
1.07316
1.07274
1.07231
1.07189
1.07147
1.07104
1.07062
1.07021
1.06979
1.06938
1.06898
1.06858
1.06819
1.0678
1.06742
1.06705
1.06669
1.06633
1.06599
1.06565
1.06533
1.06502
1.06471
1.06442
1.06414
1.06387
1.0636
1.06334
1.06308
1.06283
1.06258
1.06234
1.06209
1.06185
1.06162
1.06139
1.06115
1.06092
1.06068
1.06045
1.06021
1.05998
1.05974
1.05951
1.05927
1.05904
1.05881
1.05857
1.05834
1.05811
1.05788
1.05765
1.05742
1.05719
1.05696
1.05673
1.0565
1.05627
1.05605
1.05582
1.05558
1.05535
1.05512
1.05488
1.05465
1.05442
1.05419
1.05396
1.05374
1.05352
1.05329
1.05307
1.05285
1.05262
1.0524
1.05218
1.05196
1.05174
1.05152
1.0513
1.05108
1.05087
1.05065
1.05044
1.05022
1.05001
1.04981
1.0496
1.0494
1.0492
1.049
1.0488
1.04861
1.04842
1.04823
1.04805
1.04787
1.04769
1.04752
1.04735
1.04718
1.04704
1.04689
1.04676
1.04663
1.04651
1.0464
1.04629
1.04618
1.04607
1.04597
1.04588
1.04579
1.04571
1.04562
1.04554
1.04546
1.04539
1.04532
1.04525
1.0452
1.04515
1.0451
1.04505
1.045
1.04495
1.04491
1.04486
1.04481
1.04476
1.04471
1.04467
1.04462
1.04457
1.04453
1.04448
1.04443
1.04438
1.04433
1.04427
1.04421
1.04416
1.04409
1.04403
1.04396
1.0439
1.04383
1.04377
1.04371
1.04364
1.04357
1.04351
1.04345
1.0434
1.04335
1.0433
1.04326
1.04322
1.04317
1.04312
1.04308
1.04303
1.04299
1.04294
1.0429
1.04285
1.0428
1.04275
1.04269
1.04264
1.04259
1.04254
1.04248
1.04243
1.04237
1.04232
1.04226
1.0422
1.04215
1.04209
1.04203
1.04198
1.04192
1.04185
1.0418
1.04174
1.04168
1.04163
1.04157
1.04151
1.04146
1.04141
1.04136
1.04131
1.04125
1.0412
1.04114
1.04108
1.04103
1.04097
1.0409
1.04084
1.04078
1.04071
1.04065
1.04058
1.04052
1.04044
1.04037
1.04029
1.04021
1.04011
1.04002
1.03992
1.03983
1.03974
1.03964
1.03955
1.03945
1.03935
1.03924
1.03913
1.03903
1.03892
1.03881
1.03869
1.03857
1.03846
1.03834
1.03822
1.0381
1.03797
1.03784
1.0377
1.03756
1.03743
1.03729
1.03715
1.03701
1.03686
1.03671
1.03656
1.03641
1.03625
1.0361
1.03593
1.03577
1.0356
1.03543
1.03526
1.03508
1.0349
1.03471
1.03452
1.03433
1.03414
1.03394
1.03374
1.03353
1.03333
1.03313
1.03292
1.03271
1.0325
1.03228
1.03207
1.03185
1.03162
1.0314
1.03117
1.03095
1.03072
1.03049
1.03025
1.03001
1.02976
1.02951
1.02925
1.02899
1.02873
1.02846
1.0282
1.02793
1.02765
1.02737
1.02708
1.02679
1.0265
1.0262
1.0259
1.0256
1.02529
1.02498
1.02467
1.02435
1.02403
1.02371
1.02339
1.02306
1.02273
1.0224
1.02206
1.02172
1.02138
1.02103
1.02068
1.02032
1.01996
1.0196
1.01923
1.01887
1.0185
1.01813
1.01775
1.01738
1.017
1.01661
1.01622
1.01583
1.01545
1.01505
1.01466
1.01426
1.01385
1.01344
1.01303
1.01262
1.0122
1.01177
1.01135
1.01092
1.01049
1.01006
1.00963
1.00921
1.00878
1.00835
1.00792
1.00749
1.00705
1.0066
1.00616
1.00571
1.00527
1.00482
1.00436
1.00391
1.00346
1.003
1.00253
1.00207
1.00161
1.00115
1.00068
1.00022
0.999752
0.999287
0.998818
0.998348
0.997877
0.997407
0.996936
0.996462
0.995985
0.995505
0.995024
0.994539
0.994053
0.993565
0.993077
0.992587
0.992093
0.991595
0.991094
0.99059
0.990083
0.989578
0.989072
0.988567
0.98806
0.987551
0.987038
0.986527
0.986016
0.985503
0.984987
0.984469
0.983947
0.983423
0.982901
0.982378
0.981854
0.981327
0.980799
0.980272
0.979743
0.979212
0.978679
0.978143
0.977602
0.97706
0.976517
0.975973
0.975427
0.974881
0.974333
0.973783
0.973231
0.972678
0.972126
0.971574
0.971021
0.970465
0.969908
0.969348
0.968789
0.968227
0.967664
0.967098
0.96653
0.96596
0.965388
0.964816
0.964242
0.96367
0.963093
0.962515
0.961936
0.961354
0.960771
0.960187
0.959602
0.959013
0.958421
0.957825
0.957227
0.956626
0.956022
0.955417
0.954811
0.954201
0.953591
0.952979
0.952363
0.951745
0.951123
0.9505
0.949876
0.949251
0.948625
0.947997
0.947365
0.946732
0.946098
0.945464
0.944829
0.944193
0.943554
0.942911
0.942268
0.941622
0.940973
0.940323
0.939672
0.939017
0.93836
0.937702
0.937042
0.936381
0.935716
0.935051
0.934383
0.93371
0.933034
0.932356
0.931675
0.930993
0.930312
0.929627
0.92894
0.928251
0.92756
0.926869
0.926176
0.92548
0.924782
0.924081
0.923377
0.922668
0.921957
0.921243
0.920525
0.919805
0.919082
0.918358
0.917631
0.916901
0.91617
0.915437
0.9147
0.913958
0.913212
0.912466
0.911722
0.910976
0.910226
0.909476
0.908725
0.90797
0.90721
0.906446
0.905679
0.904911
0.904142
0.903373
0.902602
0.90183
0.901055
0.900276
0.899497
0.898716
0.897935
0.897151
0.896365
0.895577
0.894785
0.893989
0.893188
0.892388
0.891585
0.890781
0.889973
0.88916
0.888344
0.887526
0.886707
0.885887
0.885067
0.884245
0.883419
0.882591
0.881762
0.880932
0.880102
0.87927
0.878437
0.877603
0.87677
0.875936
0.875098
0.874257
0.873411
0.872563
0.871712
0.870861
0.870008
0.869151
0.868293
0.867432
0.866575
0.865717
0.864858
0.863998
0.863137
0.862275
0.861415
0.860556
0.859695
0.858832
0.85797
0.857107
0.856244
0.855381
0.854519
0.853656
0.852793
0.851929
0.851063
0.850195
0.849324
0.848453
0.84758
0.846706
0.845832
0.844955
0.844077
0.8432
0.842323
0.841443
0.840563
0.839685
0.838804
0.83792
0.837036
0.836149
0.835257
0.834362
0.833469
0.832575
0.831682
0.830787
0.829892
0.828995
0.828095
0.827198
0.826297
0.825393
0.824489
0.823581
0.822671
0.821762
0.820853
0.819942
0.819032
0.818123
0.817212
0.816299
0.815387
0.814473
0.813558
0.812642
0.811723
0.810801
0.809876
0.80895
0.808023
0.807094
0.806162
0.80523
0.804295
0.803359
0.802422
0.801485
0.800547
0.79961
0.798672
0.797731
0.796789
0.795845
0.794898
0.793949
0.792998
0.792046
0.791094
0.790141
0.789186
0.78823
0.787273
0.786313
0.785351
0.784385
0.78342
0.782454
0.781486
0.780519
0.779551
0.77858
0.77761
0.776638
0.775664
0.774687
0.773708
0.772728
0.771745
0.770761
0.769774
0.768786
0.767796
0.766806
0.765815
0.764821
0.763826
0.762828
0.761831
0.760831
0.759827
0.758824
0.757819
0.756813
0.755804
0.754793
0.75378
0.752768
0.751754
0.750741
0.749725
0.748708
0.747688
0.746667
0.745644
0.74462
0.743596
0.742572
0.741547
0.740519
0.739487
0.738454
0.737419
0.736386
0.735351
0.734315
0.733275
0.732236
0.731196
0.730155
0.729114
0.728071
0.727025
0.725976
0.724924
0.723871
0.722818
0.721764
0.720713
0.719662
0.71861
0.717556
0.7165
0.715444
0.714389
0.713334
0.712277
0.711219
0.710161
0.709105
0.708046
0.706985
0.705926
0.704868
0.70381
0.70275
0.70169
0.700633
0.699577
0.69852
0.69746
0.696399
0.695339
0.694277
0.693216
0.692156
0.691094
0.69003
0.688965
0.687898
0.686831
0.685765
0.684699
0.683635
0.682573
0.681511
0.680448
0.679385
0.67832
0.677256
0.676192
0.675126
0.674061
0.672999
0.671937
0.670875
0.669813
0.668751
0.667689
0.666627
0.665566
0.664505
0.663446
0.662388
0.661329
0.660271
0.659211
0.658152
0.657091
0.656029
0.654969
0.65391
0.652852
0.651795
0.650738
0.649681
0.648626
0.647573
0.64652
0.645469
0.644417
0.643364
0.64231
0.641254
0.640197
0.639143
0.638091
0.63704
0.63599
0.63494
0.633889
0.632838
0.631788
0.630741
0.629693
0.628645
0.627598
0.62655
0.625502
0.624456
0.623412
0.622367
0.621322
0.620277
0.619231
0.618186
0.617142
0.6161
0.615058
0.614017
0.612977
0.611937
0.610894
0.609852
0.60881
0.607768
0.606727
0.605689
0.604654
0.603619
0.602584
0.601552
0.600521
0.59949
0.598461
0.597434
0.59641
0.595389
0.59437
0.593352
0.592335
0.591321
0.590306
0.589293
0.58828
0.587267
0.586258
0.585249
0.584243
0.583242
0.582245
0.58125
0.58026
0.579276
0.578296
0.577318
0.576341
0.575369
0.574401
0.573438
0.572477
0.571519
0.570566
0.569624
0.568685
0.567746
0.566812
0.56588
0.564952
0.564033
0.563121
0.562216
0.561318
0.560425
0.559536
0.558652
0.557773
0.556898
0.556027
0.555168
0.554315
0.553469
0.552628
0.551805
0.55101
0.550244
0.549495
0.548772
0.548082
0.547411
0.546754
0.546116
0.5455
0.544907
0.544328
0.543768
0.543228
0.542705
0.542198
0.541705
0.541234
0.540789
0.540372
0.539979
0.539611
0.539263
0.538942
0.538644
0.538372
0.538127
0.537923
0.537751
0.537618
0.537527
0.537467
0.537429
0.537403
0.537386
0.537382
0.537392
0.53741
0.537435
0.537478
0.537536
0.53761
0.537697
0.537796
0.537898
0.538002
0.538105
0.538208
0.538314
0.538422
0.53853
0.538642
0.538756
0.53887
0.538986
0.539105
0.539225
0.539345
0.539464
0.539586
0.539711
0.539837
0.539965
0.5401
0.540239
0.540379
0.540521
0.540666
0.540812
0.540959
0.541106
0.541254
0.541403
0.541551
0.5417
0.541848
0.541999
0.542149
0.5423
0.542452
0.542605
0.542758
0.54291
0.543063
0.543215
0.543368
0.543522
0.543675
0.543829
0.543983
0.544135
0.544287
0.54444
0.544591
0.544739
0.544889
0.54504
0.545189
0.545338
0.545486
0.545636
0.545786
0.545934
0.54608
0.546226
0.546373
0.546524
0.546676
0.546827
0.54698
0.547135
0.547287
0.547441
0.547594
0.547747
0.5479
0.548054
0.548209
0.548364
0.548516
0.548666
0.548815
0.548964
0.549111
0.549256
0.549401
0.549546
0.549692
0.549837
0.549981
0.550126
0.550268
0.55041
0.550548
0.550685
0.550822
0.550963
0.551103
0.551244
0.551384
0.551525
0.551664
0.551801
0.551937
0.552071
0.552204
0.552341
0.552477
0.55261
0.552742
0.552875
0.553009
0.553144
0.553279
0.553415
0.55355
0.553684
0.553817
0.55395
0.554083
0.554216
0.554351
0.554483
0.554615
0.554749
0.554884
0.55502
0.555157
0.555292
0.555429
0.555564
0.555696
0.555827
0.555957
0.556087
0.556218
0.55635
0.556484
0.556615
0.556747
0.55688
0.557012
0.557142
0.557274
0.557407
0.557542
0.557675
0.557809
0.557941
0.558077
0.558213
0.55835
0.558489
0.558632
0.558778
0.558922
0.559064
0.559207
0.55935
0.559494
0.559637
0.559781
0.559926
0.56007
0.560215
0.560359
0.560503
0.560649
0.560796
0.560942
0.561088
0.561235
0.561382
0.561529
0.561675
0.561822
0.561969
0.562116
0.562261
0.562406
0.562551
0.562697
0.562841
0.562985
0.56313
0.563275
0.563418
0.563561
0.563705
0.56385
0.563994
0.564139
0.564287
0.564433
0.564579
0.564723
0.564867
0.565009
0.565148
0.565289
0.565431
0.565573
0.565714
0.565855
0.565996
0.566136
0.566276
0.566417
0.566558
0.566696
0.566832
0.566969
0.567104
0.567241
0.56738
0.56752
0.56766
0.567799
0.567937
0.568077
0.568218
0.568359
0.568502
0.568645
0.568789
0.568932
0.569078
0.569225
0.569372
0.569518
0.569669
0.569821
0.569973
0.570124
0.570274
0.570423
0.570576
0.570731
0.570886
0.571041
0.571195
0.571352
0.571507
0.571665
0.571825
0.571988
0.572151
0.572319
0.572489
0.57266
0.57283
0.573003
0.573181
0.573362
0.573541
0.573721
0.5739
0.574083
0.574266
0.574452
0.574641
0.574829
0.575019
0.575216
0.575416
0.575617
0.575815
0.576013
0.576213
0.576413
0.576615
0.576819
0.577023
0.577225
0.577428
0.577632
0.577835
0.578039
0.578242
0.578446
0.57865
0.578855
0.579058
0.579261
0.579464
0.579665
0.579865
0.580064
0.580263
0.580461
0.580656
0.58085
0.58104
0.581231
0.581422
0.581612
0.581801
0.581989
0.582173
0.582356
0.582539
0.582721
0.582903
0.583085
0.583266
0.583444
0.583622
0.5838
0.583978
0.584154
0.584328
0.5845
0.584671
0.58484
0.585007
0.585173
0.585337
0.585497
0.585656
0.585813
0.585969
0.586123
0.586275
0.586425
0.586572
0.586719
0.586864
0.587007
0.587148
0.587289
0.587429
0.587566
0.587701
0.587833
0.587965
0.588096
0.588224
0.588349
0.588472
0.588592
0.58871
0.588826
0.588938
0.589047
0.589156
0.589262
0.589368
0.589473
0.589577
0.58968
0.589782
0.589882
0.58998
0.590077
0.590173
0.590267
0.590361
0.590453
0.590543
0.590632
0.590719
0.590805
0.590889
0.590971
0.591051
0.591129
0.591206
0.591282
0.591356
0.591428
0.591497
0.591565
0.591632
0.591698
0.591761
0.591824
0.591884
0.591943
0.592002
0.59206
0.592115
0.592169
0.59222
0.592269
0.592316
0.592361
0.592405
0.592448
0.592487
0.592525
0.592559
0.592592
0.592623
0.592652
0.59268
0.592705
0.592728
0.592748
0.592768
0.592785
0.592801
0.592817
0.592831
0.592843
0.592854
0.592863
0.592869
0.592872
0.592873
0.592874
0.592874
0.592872
0.592869
0.592863
0.592855
0.592846
0.592837
0.592827
0.592815
0.592803
0.59279
0.592779
0.592767
0.592754
0.592739
0.592723
0.592706
0.592688
0.592668
0.592647
0.592626
0.592604
0.592579
0.592553
0.592526
0.592497
0.592466
0.592432
0.592398
0.592362
0.592324
0.592283
0.592239
0.592195
0.592149
0.592102
0.592053
0.592001
0.59195
0.591897
0.591842
0.591786
0.591729
0.591669
0.59161
0.591549
0.591486
0.591422
0.591357
0.591289
0.591218
0.591147
0.591073
0.590997
0.59092
0.59084
0.59076
0.590677
0.590593
0.590507
0.590419
0.590329
0.590235
0.590138
0.590039
0.589937
0.589833
0.589729
0.589622
0.589511
0.5894
0.589288
0.589173
0.589057
0.588941
0.588823
0.588703
0.588581
0.588456
0.588328
0.588199
0.588067
0.587931
0.587795
0.587658
0.58752
0.58738
0.587238
0.587094
0.586949
0.586803
0.586654
0.586503
0.58635
0.586195
0.586036
0.585874
0.585709
0.585541
0.58537
0.585199
0.585025
0.584848
0.584668
0.584485
0.5843
0.584112
0.583922
0.583729
0.583535
0.583339
0.58314
0.582938
0.582734
0.58253
0.582324
0.582115
0.581904
0.58169
0.581475
0.581257
0.581036
0.580813
0.580588
0.580362
0.580132
0.579899
0.579665
0.579427
0.579188
0.578948
0.578706
0.578462
0.578217
0.577969
0.57772
0.577473
0.577224
0.576974
0.576721
0.576466
0.576208
0.57595
0.575688
0.575425
0.575159
0.57489
0.574619
0.574345
0.574068
0.573788
0.573508
0.573227
0.572943
0.572658
0.572371
0.572081
0.571789
0.571497
0.571203
0.570909
0.570614
0.570318
0.57002
0.569719
0.569416
0.56911
0.568803
0.568496
0.568186
0.567874
0.567559
0.567241
0.56692
0.566598
0.566274
0.565947
0.565619
0.565288
0.564956
0.564622
0.564287
0.563951
0.563615
0.563277
0.562937
0.562594
0.562248
0.5619
0.56155
0.561197
0.560842
0.560485
0.560126
0.559765
0.559403
0.559039
0.558675
0.55831
0.557943
0.557573
0.557201
0.556827
0.556452
0.556075
0.555697
0.555318
0.554937
0.554555
0.554171
0.553785
0.553395
0.553004
0.55261
0.552214
0.551816
0.551416
0.551013
0.550608
0.550201
0.549791
0.549379
0.548965
0.548548
0.54813
0.547711
0.547289
0.546866
0.546443
0.546018
0.54559
0.545161
0.544729
0.544295
0.543859
0.54342
0.54298
0.542538
0.542097
0.541653
0.541208
0.540761
0.540314
0.539864
0.539412
0.538958
0.5385
0.538041
0.537579
0.537115
0.536649
0.536182
0.535714
0.535242
0.534768
0.534293
0.533817
0.533339
0.532859
0.532375
0.53189
0.531403
0.530914
0.530421
0.529927
0.529431
0.528934
0.528435
0.527935
0.527434
0.52693
0.526426
0.525919
0.525411
0.524902
0.524391
0.523878
0.523364
0.522849
0.522332
0.521813
0.521291
0.520767
0.520241
0.519713
0.519185
0.518654
0.518121
0.517586
0.517048
0.516509
0.51597
0.515429
0.514885
0.51434
0.513794
0.513245
0.512695
0.512142
0.511588
0.511032
0.510474
0.509915
0.509355
0.508792
0.508228
0.507662
0.507094
0.506525
0.505954
0.505381
0.504806
0.504228
0.503649
0.503068
0.502487
0.501904
0.50132
0.500735
0.500148
0.499559
0.498969
0.498376
0.497782
0.497186
0.496588
0.495989
0.49539
0.494789
0.494186
0.493582
0.492976
0.49237
0.491763
0.491154
0.490543
0.489931
0.489318
0.488705
0.488089
0.487472
0.486853
0.486232
0.485609
0.484983
0.484356
0.483729
0.4831
0.48247
0.481838
0.481205
0.480571
0.479935
0.479297
0.478658
0.478019
0.477377
0.476735
0.476092
0.475449
0.474805
0.474161
0.473514
0.472867
0.472219
0.471569
0.470919
0.470268
0.469617
0.468964
0.468311
0.467656
0.467
0.466344
0.465687
0.465028
0.464368
0.463707
0.463044
0.462379
0.461712
0.461044
0.460376
0.459707
0.459037
0.458365
0.457694
0.457023
0.456351
0.455679
0.455007
0.454334
0.453658
0.452982
0.452304
0.451627
0.450949
0.450271
0.449592
0.448912
0.448232
0.447551
0.446869
0.446186
0.445504
0.444822
0.444141
0.443459
0.442776
0.442093
0.441408
0.440723
0.440037
0.439351
0.438665
0.437979
0.437293
0.436606
0.435919
0.435231
0.434542
0.433852
0.433162
0.432474
0.431786
0.431097
0.43041
0.429722
0.429034
0.428346
0.427656
0.426965
0.426275
0.425585
0.424894
0.424204
0.423513
0.422824
0.422136
0.421447
0.420758
0.420069
0.419379
0.418689
0.417997
0.417305
0.416613
0.415923
0.415233
0.414543
0.413855
0.413167
0.412478
0.411792
0.411106
0.410421
0.409735
0.40905
0.408365
0.407681
0.406997
0.406313
0.40563
0.404947
0.404264
0.403581
0.402897
0.402213
0.401531
0.400851
0.400174
0.399497
0.398821
0.398145
0.397469
0.396793
0.396116
0.395439
0.394763
0.394088
0.393413
0.39274
0.392068
0.3914
0.390733
0.390067
0.389404
0.38874
0.388077
0.387414
0.386753
0.386092
0.385433
0.384774
0.384117
0.383461
0.382805
0.38215
0.381498
0.380846
0.380195
0.379545
0.378896
0.378249
0.377603
0.376961
0.37632
0.375681
0.375043
0.374404
0.373766
0.373127
0.372488
0.371849
0.37121
0.370572
0.369935
0.369299
0.368664
0.36803
0.367396
0.366763
0.366131
0.365498
0.364866
0.364235
0.363607
0.362978
0.362351
0.361723
0.361096
0.360472
0.35985
0.359229
0.358609
0.357991
0.357374
0.35676
0.356147
0.355535
0.354923
0.354313
0.353703
0.353093
0.352484
0.351877
0.351269
0.350663
0.350058
0.349455
0.348854
0.348253
0.347653
0.347053
0.346454
0.345856
0.345258
0.344663
0.344068
0.343474
0.342881
0.342289
0.341698
0.341107
0.340517
0.339926
0.339337
0.33875
0.338165
0.337581
0.336997
0.336415
0.335835
0.335255
0.334677
0.334101
0.333526
0.332951
0.332377
0.331804
0.331232
0.330661
0.330091
0.329524
0.328957
0.328391
0.327828
0.327266
0.326707
0.326148
0.32559
0.325032
0.324475
0.323921
0.323369
0.322818
0.322269
0.32172
0.321174
0.320629
0.320086
0.319544
0.319002
0.318462
0.317924
0.317387
0.31685
0.316314
0.315778
0.315243
0.314709
0.314176
0.313645
0.313116
0.312587
0.312062
0.311538
0.311016
0.310494
0.309974
0.309456
0.308941
0.308427
0.307914
0.307401
0.30689
0.306383
0.305876
0.305371
0.304869
0.304368
0.303869
0.303371
0.302874
0.302377
0.301882
0.301389
0.300896
0.300404
0.299914
0.299423
0.298933
0.298444
0.297956
0.297469
0.296983
0.296498
0.296015
0.295533
0.295053
0.294574
0.294096
0.29362
0.293143
0.292668
0.292193
0.291718
0.291245
0.290774
0.290305
0.289836
0.289368
0.288902
0.288437
0.287973
0.28751
0.287049
0.28659
0.28613
0.285672
0.285214
0.284757
0.284301
0.283847
0.283393
0.282941
0.28249
0.282041
0.281593
0.281145
0.280698
0.280252
0.279807
0.279363
0.27892
0.278477
0.278037
0.277598
0.27716
0.276723
0.276288
0.275853
0.275418
0.274982
0.274549
0.274118
0.273687
0.273258
0.27283
0.272403
0.271977
0.271552
0.271129
0.270709
0.270291
0.269876
0.269463
0.269052
0.268643
0.268234
0.267827
0.267421
0.267016
0.266613
0.266212
0.265815
0.265419
0.265025
0.264633
0.264242
0.263852
0.263465
0.263084
0.262713
0.262352
0.261999
0.261655
0.261318
0.260988
0.260663
0.260345
0.260031
0.259723
0.259421
0.259128
0.258844
0.258566
0.258293
0.258026
0.257766
0.257513
0.25727
0.257035
0.256806
0.256584
0.25637
0.256165
0.255966
0.255772
0.255583
0.255401
0.255227
0.255058
0.254895
0.25474
0.254593
0.254453
0.254319
0.254191
0.25407
0.253956
0.253849
0.253748
0.253652
0.253562
0.253479
0.253402
0.25333
0.253262
0.253201
0.253148
0.2531
0.25306
0.253025
0.252998
0.252979
0.25297
0.252968
0.252972
0.252983
0.252999
0.253021
0.253049
0.253084
0.25313
0.253183
0.253243
0.253313
0.253391
0.253476
0.253565
0.25366
0.253758
0.253862
0.253968
0.254077
0.254191
0.25431
0.254437
0.254569
0.254702
0.254838
0.254979
0.25512
0.25526
0.2554
0.255539
0.255678
0.255819
0.255959
0.256102
0.256245
0.256388
0.256531
0.256675
0.256817
0.25696
0.257102
0.257245
0.257386
0.257527
0.257669
0.25781
0.257953
0.258095
0.258237
0.258379
0.258521
0.258664
0.258807
0.25895
0.259092
0.259234
0.259376
0.259517
0.259658
0.259799
0.259942
0.260084
0.260225
0.260366
0.260507
0.260647
0.260786
0.260925
0.261064
0.261203
0.261341
0.261479
0.261617
0.261755
0.261892
0.26203
0.262168
0.262306
0.262444
0.262582
0.26272
0.262857
0.262995
0.263134
0.263272
0.26341
0.263547
0.263683
0.263819
0.263955
0.264092
0.264228
0.264364
0.264499
0.264635
0.264771
0.264907
0.265042
0.265176
0.265311
0.265445
0.265579
0.265712
0.265846
0.26598
0.266115
0.26625
0.266385
0.266519
0.266653
0.266789
0.266926
0.267063
0.2672
0.267336
0.267471
0.267606
0.267741
0.267876
0.268011
0.268147
0.268282
0.268417
0.268553
0.268688
0.268823
0.268958
0.269094
0.269228
0.269363
0.269498
0.269634
0.269769
0.269904
0.270038
0.270171
0.270305
0.270439
0.270572
0.270705
0.270837
0.27097
0.271103
0.271236
0.271368
0.2715
0.271632
0.271763
0.271894
0.272024
0.272154
0.272285
0.272415
0.272548
0.27268
0.272811
0.272943
0.273076
0.273208
0.273339
0.273471
0.273603
0.273735
0.273867
0.274
0.274133
0.274265
0.274398
0.274531
0.274664
0.274796
0.274929
0.275061
0.275192
0.275323
0.275452
0.27558
0.275708
0.275835
0.275961
0.276088
0.276217
0.276345
0.276473
0.2766
0.276726
0.276853
0.276978
0.277102
0.277226
0.277352
0.277478
0.277603
0.277728
0.277853
0.277977
0.278102
0.278226
0.278349
0.278471
0.278594
0.278715
0.278836
0.278956
0.279076
0.279196
0.279316
0.279436
0.279556
0.279675
0.279794
0.279914
0.280032
0.28015
0.280269
0.28039
0.280512
0.280634
0.280756
0.280877
0.280997
0.281117
0.281238
0.281359
0.281479
0.2816
0.281722
0.281844
0.281965
0.282087
0.282209
0.282332
0.282455
0.282578
0.282703
0.282829
0.282957
0.283084
0.28321
0.283337
0.283463
0.283591
0.28372
0.283851
0.283981
0.284111
0.284242
0.284373
0.284502
0.284631
0.28476
0.284892
0.285025
0.28516
0.285297
0.285435
0.285572
0.285711
0.285851
0.285992
0.286133
0.286276
0.286417
0.286558
0.286699
0.28684
0.28698
0.287121
0.287262
0.287403
0.287544
0.287687
0.287828
0.287969
0.288109
0.288251
0.288393
0.288536
0.288679
0.288822
0.288964
0.289105
0.289246
0.289387
0.289528
0.289668
0.289809
0.289949
0.29009
0.29023
0.29037
0.290508
0.290648
0.290787
0.290926
0.291064
0.291203
0.291341
0.29148
0.291618
0.291755
0.291893
0.29203
0.292166
0.292301
0.292437
0.292571
0.292705
0.292837
0.292969
0.293101
0.293233
0.293364
0.293495
0.293624
0.293753
0.293882
0.294009
0.294136
0.294262
0.294387
0.294512
0.294636
0.294759
0.29488
0.295001
0.295121
0.29524
0.295358
0.295475
0.295592
0.295708
0.295824
0.29594
0.296054
0.296167
0.296279
0.296391
0.296501
0.296612
0.296721
0.29683
0.296938
0.297044
0.29715
0.297256
0.29736
0.297463
0.297566
0.297669
0.29777
0.29787
0.29797
0.298067
0.298164
0.29826
0.298354
0.298447
0.29854
0.298632
0.298723
0.298813
0.298901
0.298988
0.299075
0.299161
0.299246
0.299331
0.299415
0.299498
0.29958
0.299663
0.299744
0.299824
0.299903
0.299981
0.300058
0.300134
0.300208
0.300282
0.300355
0.300428
0.3005
0.300571
0.300641
0.300708
0.300775
0.30084
0.300904
0.300966
0.301028
0.301088
0.301147
0.301204
0.30126
0.301314
0.301368
0.30142
0.301471
0.30152
0.301568
0.301614
0.30166
0.301704
0.301747
0.301789
0.30183
0.30187
0.301909
0.301946
0.301981
0.302016
0.302049
0.302082
0.302113
0.302144
0.302174
0.302204
0.302232
0.30226
0.302286
0.302312
0.302337
0.302362
0.302385
0.302407
0.302428
0.302448
0.302467
0.302484
0.3025
0.302516
0.302531
0.302546
0.302559
0.302572
0.302584
0.302594
0.302602
0.302609
0.302614
0.302619
0.302622
0.302624
0.302625
0.302625
0.302623
0.302619
0.302614
0.302607
0.302599
0.302591
0.302581
0.302571
0.302559
0.302547
0.302533
0.302519
0.302503
0.302485
0.302466
0.302446
0.302425
0.302402
0.302379
0.302354
0.302329
0.302303
0.302276
0.302247
0.302217
0.302186
0.302154
0.302121
0.302086
0.302049
0.30201
0.30197
0.301929
0.301885
0.301841
0.301796
0.301749
0.301701
0.301651
0.3016
0.301548
0.301495
0.301441
0.301385
0.301328
0.30127
0.30121
0.301148
0.301086
0.301023
0.300958
0.300891
0.300823
0.300755
0.300686
0.300616
0.300545
0.300472
0.300398
0.300322
0.300246
0.300169
0.30009
0.30001
0.299928
0.299844
0.299758
0.299672
0.299584
0.299494
0.299403
0.299311
0.299217
0.299122
0.299025
0.298927
0.298828
0.298728
0.298627
0.298524
0.298421
0.298315
0.298209
0.2981
0.297991
0.29788
0.297767
0.297654
0.297539
0.297423
0.297305
0.297186
0.297065
0.296943
0.296819
0.296695
0.296569
0.296442
0.296314
0.296184
0.296053
0.295921
0.295788
0.295653
0.295518
0.295382
0.295244
0.295105
0.294966
0.294825
0.294682
0.294539
0.294394
0.294248
0.2941
0.29395
0.293799
0.293647
0.293493
0.293338
0.293181
0.293023
0.292863
0.292702
0.292539
0.292375
0.29221
0.292043
0.291875
0.291705
0.291534
0.291361
0.291188
0.291012
0.290836
0.290658
0.290479
0.290299
0.290118
0.289936
0.289753
0.289569
0.289383
0.289197
0.289009
0.288819
0.288628
0.288435
0.288241
0.288045
0.287848
0.28765
0.28745
0.287249
0.287048
0.286846
0.286642
0.286438
0.286232
0.286025
0.285817
0.285608
0.285398
0.285187
0.284975
0.284762
0.284548
0.284332
0.284115
0.283897
0.283677
0.283456
0.283235
0.283012
0.282788
0.282563
0.282338
0.282111
0.281883
0.281655
0.281425
0.281195
0.280964
0.280731
0.280497
0.280262
0.280025
0.279787
0.279548
0.279308
0.279067
0.278824
0.27858
0.278335
0.278088
0.277839
0.27759
0.277339
0.277087
0.276834
0.276581
0.276326
0.27607
0.275813
0.275555
0.275295
0.275034
0.274772
0.274509
0.274245
0.273981
0.273715
0.273448
0.273181
0.272912
0.272643
0.272374
0.272103
0.271832
0.271559
0.271285
0.27101
0.270734
0.270456
0.270177
0.269898
0.269617
0.269336
0.269053
0.268769
0.268484
0.268198
0.26791
0.267622
0.267333
0.267042
0.266751
0.266458
0.266163
0.265868
0.265571
0.265273
0.264974
0.264675
0.264373
0.264071
0.263769
0.263465
0.263161
0.262855
0.262549
0.262241
0.261933
0.261623
0.261313
0.261002
0.26069
0.260378
0.260065
0.259751
0.259435
0.259118
0.258801
0.258482
0.258163
0.257842
0.257521
0.257199
0.256875
0.25655
0.256225
0.255899
0.255572
0.255244
0.254915
0.254584
0.254253
0.253922
0.253589
0.253256
0.252921
0.252586
0.25225
0.251912
0.251573
0.251233
0.250893
0.250552
0.25021
0.249867
0.249523
0.249178
0.248832
0.248485
0.248138
0.24779
0.247441
0.247091
0.24674
0.246389
0.246038
0.245686
0.245334
0.244981
0.244628
0.244274
0.24392
0.243565
0.243209
0.242853
0.242496
0.242138
0.24178
0.241422
0.241063
0.240704
0.240344
0.239984
0.239623
0.239261
0.238898
0.238535
0.238172
0.237808
0.237444
0.23708
0.236716
0.236351
0.235986
0.235622
0.235256
0.234891
0.234525
0.23416
0.233795
0.233431
0.233067
0.232703
0.232338
0.231974
0.23161
0.231246
0.230881
0.230516
0.230151
0.229786
0.229421
0.229056
0.228691
0.228328
0.227964
0.2276
0.227236
0.226873
0.22651
0.226147
0.225784
0.225422
0.225059
0.224697
0.224335
0.223973
0.223613
0.223252
0.222892
0.222533
0.222174
0.221817
0.22146
0.221103
0.220746
0.22039
0.220036
0.219683
0.21933
0.218977
0.218624
0.218272
0.217919
0.217566
0.217213
0.216861
0.216511
0.216162
0.215814
0.215467
0.215121
0.214777
0.214436
0.214096
0.213756
0.213418
0.213081
0.212745
0.212412
0.212081
0.211752
0.211426
0.211104
0.210784
0.210466
0.21015
0.209834
0.209521
0.209212
0.208904
0.208597
0.208292
0.20799
