0.827384 0.332088 0.129712   1.4535
0.835476 0.312743 0.139635  1.46566
0.822471 0.329715 0.149383  1.44417
0.828571 0.316107 0.154626  1.45327
   0.821 0.327719 0.169205  1.44315
0.823447 0.319556 0.158108  1.44372
0.829641 0.318786 0.146243  1.45588
0.826579 0.321409 0.140711  1.44903
  0.770239  0.0530116 -0.0162695    1.24565
  0.766714  0.0524259 -0.0183336    1.23811
 0.752516  0.096162 -0.290802   1.27424
 0.745343 0.0919762 -0.295238   1.25998
 0.749712 0.0965888 -0.294711   1.26975
 0.744797 0.0826017 -0.294513   1.25754
 0.738787 0.0818381 -0.299293   1.24652
 0.742931 0.0839651 -0.297846   1.25502
 0.758281 0.0911426 -0.280065    1.2821
 0.752454  0.082149 -0.284991   1.27025
 0.765547 0.0759757 -0.260147   1.28982
 0.758199 0.0876006 -0.283096   1.28264
 0.745201 0.0889303 -0.296592   1.25996
 0.749113 0.0861628  -0.29348   1.26681
  0.75364 0.0948151 -0.290818   1.27658
 0.749939 0.0885467 -0.291406   1.26804
   0.92257  0.0928847 -0.0381106    1.60315
  0.921483  0.0942627 -0.0334231    1.60064
  0.920103  0.0994094 -0.0345103    1.59855
   0.92081  0.0936109 -0.0336449    1.59897
  0.920326  0.0954664 -0.0284943    1.59802
  0.919003  0.0958454 -0.0237789    1.59492
 0.917555  0.102756 -0.024212   1.59304
 0.918387 0.0954242 -0.023982   1.59341
   0.91791   0.112763 -0.0297904    1.59598
  0.917305   0.113987 -0.0239075    1.59475
  0.919676   0.094459 -0.0291144    1.59634
  0.917973   0.101031 -0.0244379    1.59383
  0.919417   0.100673 -0.0282506    1.59711
  0.919125    0.10051 -0.0293978    1.59633
0.890829 0.138813  0.20554   1.5809
  0.72353 0.0734793 -0.137537   1.17278
  0.766251  0.0607621 -0.0119937    1.23873
  0.752439  0.0602995 -0.0456655    1.21098
  0.743714    0.06837 -0.0664531    1.19761
  0.738471  0.0668295 -0.0713563     1.1887
  0.73018  0.071926 -0.101396   1.17886
 0.721105 0.0772973  -0.24304   1.19043
 0.719116  0.082465 -0.205155    1.1779
  0.71909 0.0732884 -0.180494   1.17256
 0.717287 0.0731943 -0.224718   1.17837
 0.719229 0.0788423 -0.274435   1.19546
 0.722097   0.07774 -0.293475   1.20762
 0.739848 0.0907954 -0.303948   1.25133
 0.732508 0.0829386 -0.304371   1.23477
 0.736955 0.0881058 -0.304295    1.2448
  0.769993  0.0499697 -0.0184342    1.24519
  0.766964  0.0513729 -0.0196117    1.23913
  0.742286  0.0618994 -0.0851344    1.19596
  0.770517  0.0441546 -0.0114703    1.24665
   0.770335   0.0394093 -0.00625751     1.24609
   0.770109   0.0350089 -0.00208982     1.24548
   0.767036   0.0307083 0.000225796     1.23937
 0.727876 0.0802288 -0.122644   1.17883
  0.766425  0.0310871 0.00181364    1.23829
  0.735255  0.0757977 -0.0919453    1.18683
  0.766673  0.0583845 -0.0183755    1.23854
   0.765506   0.0572993 -0.00705584     1.23758
 0.770398 0.0563859 -0.017777   1.24637
 0.803722  0.116722 -0.195193   1.35487
 0.797192  0.117181 -0.194164   1.34017
 0.799826  0.115118 -0.196766   1.34521
 0.800043  0.115885 -0.195047   1.34636
 0.790927  0.116957 -0.192721   1.32568
 0.783927  0.118193 -0.190478   1.30987
 0.786439  0.116819 -0.193866   1.31492
 0.786935  0.117032 -0.191678   1.31644
0.795767 0.114046 -0.19913  1.33563
  0.78885  0.115671 -0.197791   1.32013
 0.790898  0.114578 -0.204523   1.32557
 0.791819  0.113811 -0.198681   1.32658
 0.793573  0.116411 -0.193707   1.33174
 0.789333  0.115674 -0.194847   1.32131
 0.796128  0.114405 -0.196487   1.33666
 0.793267  0.115836 -0.195619    1.3304
 0.724752 0.0415707 -0.185568   1.17814
 0.723672 0.0444414 -0.185877   1.17597
 0.726635 0.0474721 -0.166003   1.17685
 0.728929 0.0522882  -0.15679   1.17919
  0.72739 0.0538567 -0.164993   1.17791
 0.727174 0.0485394 -0.162538   1.17648
 0.723521 0.0503232 -0.182465   1.17441
 0.725809 0.0556693 -0.173086   1.17659
 0.724246 0.0574359 -0.182013   1.17561
 0.723963 0.0518338 -0.179119   1.17383
 0.725867 0.0421521 -0.171981   1.17635
 0.725493  0.050481 -0.170586   1.17491
 0.723973 0.0445352 -0.180973   1.17471
 0.724911 0.0492978 -0.174207    1.1752
 0.743377  0.100539 -0.304347   1.26032
 0.738118 0.0979948 -0.307316   1.24968
 0.742041  0.101467 -0.305959   1.25803
 0.860454 0.0988634 0.0459243   1.47917
0.855039 0.143304 0.063927  1.47867
0.861855 0.142514 0.060892  1.48964
  0.85866  0.141931 0.0617347   1.48452
 0.864362  0.173686 0.0545921   1.49514
  0.85777  0.183385 0.0710639    1.4892
 0.854975  0.184623 0.0772181   1.48544
 0.735611 0.0942337 -0.310654   1.24503
  0.83302  0.295062 0.0616585   1.45323
  0.72834 0.0857282 -0.300183   1.22422
   0.909789   0.0979924 -0.00320022     1.57388
   0.907455   0.0993074 0.000921951     1.56865
   0.907488    0.103243 -8.0728e-05     1.56946
   0.907814   0.0976212 -0.00111208     1.56927
  0.905068   0.101126 0.00579457    1.56341
 0.902451  0.101962 0.0106886   1.55757
 0.902293  0.110327 0.0104891    1.5587
  0.902783   0.100647 0.00808134    1.55811
  0.906019   0.112011 0.00428695      1.568
  0.904158   0.113171 0.00678859    1.56402
  0.905391   0.099294 0.00250985    1.56388
  0.903462   0.107241 0.00479676    1.56091
  0.906465   0.103263 0.00236494    1.56727
  0.905266   0.105075 0.00401986    1.56464
 0.722305 0.0782432 -0.272679   1.20131
 0.722307 0.0822889  -0.16132    1.1755
 0.722142 0.0835064 -0.260069   1.19766
   0.767574     0.03396 -0.00333961     1.24049
 0.724886 0.0700473 -0.159535   1.17871
    0.76794   0.0376314 -0.00795829     1.24127
  0.750046  0.0555214 -0.0600665    1.20701
  0.761258  0.0470653 -0.0300414    1.22687
0.890656 0.241701 0.264796  1.61887
 0.910252 0.0985429 -0.145179   1.58558
 0.910354  0.105825 -0.139884   1.58703
 0.908369  0.107114 -0.143411   1.58327
 0.909627  0.100801 -0.143775   1.58517
 0.905551  0.125894 -0.142389   1.58106
 0.908264  0.107816 -0.138427   1.58344
 0.908862  0.109842 -0.139805   1.58548
0.763779 0.252732 0.105657  1.31827
 0.771726  0.340476 0.0943939   1.35369
0.788527 0.291425 0.106934  1.37463
 0.77263 0.302479 0.118158  1.34628
 0.786808  0.360828 0.0656486   1.38202
 0.801521   0.35867 0.0563707   1.40922
 0.807096  0.307423 0.0882293   1.40967
0.798543  0.31827 0.104102  1.39723
 0.784971  0.335345 0.0821075   1.37084
 0.821136  0.121707 0.0660885   1.41436
 0.809011  0.139808 0.0791959   1.39295
0.820982 0.197658 0.095993  1.42494
 0.816042  0.135712 0.0625808   1.40591
0.792797  0.16639 0.097992   1.3635
0.767667 0.209477 0.117573  1.31814
0.794029 0.263204 0.118507  1.38109
 0.786257  0.194759 0.0922714   1.35369
 0.824767  0.253828 0.0984419   1.43692
 0.813465  0.271777 0.0917682   1.41515
 0.803327  0.158892 0.0751826   1.38349
   0.8029   0.25701 0.0988054   1.39695
 0.817017  0.219884 0.0898074   1.41941
0.809649 0.224666 0.106873  1.40636
 0.852774  0.186587 0.0762359   1.48157
0.848365 0.193822  0.07348  1.47312
 0.852428  0.144427 0.0661127   1.47479
 0.858088 0.0990005 0.0473332   1.47605
 0.849795  0.101288 0.0502423   1.46245
 0.852807  0.100305 0.0475437    1.4669
 0.838882  0.167233 0.0814107   1.45459
  0.84151   0.10653 0.0552219   1.44945
 0.831845  0.111178 0.0587718     1.433
 0.836521  0.110107 0.0549519    1.4409
 0.849297  0.150293 0.0633695   1.47006
 0.844716  0.105463 0.0488647   1.45396
 0.841768  0.165763 0.0655557   1.45827
 0.846001  0.152359 0.0703574   1.46484
 0.877436  0.149216 0.0513311   1.51834
 0.872801  0.154621 0.0517237   1.50965
 0.879597  0.122969 0.0424557   1.51637
  0.88439 0.0997762 0.0314909   1.52018
 0.878972   0.09899 0.0348818   1.51035
0.880599 0.098572  0.03398   1.5128
0.866512 0.139388 0.059299  1.49751
 0.873115 0.0999029 0.0404679   1.50099
 0.865957 0.0987775 0.0442501   1.48908
 0.867982 0.0989873 0.0432316   1.49151
 0.876883   0.12534 0.0427336   1.51239
 0.874652 0.0993648 0.0362594    1.5024
 0.869164  0.136121 0.0453377   1.49994
 0.874047  0.127182 0.0473808   1.50773
 0.868339  0.216867 0.0685147   1.51082
  0.924398  0.0860168 -0.0585619     1.6079
  0.922813  0.0968197 -0.0513977     1.6059
 0.922971 0.0951969 -0.060986   1.60679
 0.923341 0.0944429 -0.061828   1.60731
  0.919914   0.115392 -0.0463084    1.60256
  0.920321    0.10515 -0.0666328    1.60348
 0.920805   0.10616 -0.067268   1.60434
  0.921206   0.114196 -0.0558769     1.6057
 0.809574  0.125277 -0.180586   1.36683
 0.805874  0.117776 -0.178197   1.35706
0.809405 0.124858  -0.1812  1.36703
 0.808619  0.123479 -0.179119   1.36421
 0.801924  0.110768 -0.175418   1.34685
 0.797872  0.104178 -0.172304   1.33651
 0.801113  0.110957 -0.175835   1.34575
 0.800582  0.109545 -0.173428   1.34342
 0.807674  0.123588 -0.179653   1.36363
 0.805219   0.11957 -0.179338   1.35753
  0.80467  0.116302 -0.176441   1.35391
 0.803638  0.116212 -0.176688   1.35225
 0.807824  0.123838 -0.179189     1.363
 0.805342  0.117499 -0.178387   1.35637
 0.915681  0.106432 -0.117632   1.59789
0.916541 0.110267 -0.11269  1.59994
 0.917541 0.0953639 -0.122262   1.60006
  0.91908  0.089103 -0.126845   1.60269
 0.920539  0.088213 -0.121966   1.60539
 0.918318 0.0921027 -0.122172   1.60057
   0.9198 0.0963266 -0.111132   1.60427
 0.922101 0.0870904 -0.115914   1.60818
 0.923329 0.0849838 -0.108815    1.6099
 0.920969 0.0906026 -0.108838   1.60496
0.917852 0.100374 -0.11633  1.60074
 0.919613 0.0913214 -0.116082   1.60274
 0.918919  0.100583 -0.109557   1.60253
 0.918715 0.0960789 -0.117595   1.60235
 0.787328  0.105466 -0.165182   1.31458
 0.747418   0.05381 -0.129016   1.21334
 0.745481 0.0527452 -0.129241   1.20961
 0.748588 0.0564212 -0.130576   1.21677
 0.747166 0.0537064 -0.129404   1.21323
 0.743135 0.0518067 -0.131714   1.20556
 0.749188 0.0605015 -0.133482   1.21955
 0.747512 0.0560344 -0.131625   1.21513
 0.745633 0.0541054 -0.131291   1.21083
 0.731918  0.040796 -0.151604   1.18517
  0.73084 0.0414284 -0.151739   1.18287
 0.734026 0.0451889 -0.137803   1.18619
 0.736044 0.0485194  -0.13267   1.18909
 0.734107 0.0488551 -0.137187   1.18587
 0.734469  0.045859 -0.136051   1.18622
 0.730314  0.044955 -0.149231   1.18068
  0.73231 0.0496684 -0.142586   1.18318
 0.730593 0.0507737 -0.149454   1.18103
 0.730678 0.0461374 -0.147475   1.18047
 0.733026 0.0408483 -0.142186   1.18475
 0.732484 0.0459992 -0.141134     1.183
 0.730948 0.0411024 -0.148469   1.18172
 0.732022 0.0452277  -0.14329   1.18301
 0.718692 0.0485197 -0.217146   1.17414
  0.71763 0.0515647 -0.217746   1.17216
 0.720263 0.0546311 -0.199566   1.17229
 0.722612 0.0594905 -0.190232   1.17439
 0.721201  0.061164 -0.198787   1.17383
 0.720765 0.0561161 -0.195953    1.1717
 0.717504 0.0579768  -0.21545   1.17114
 0.719753 0.0629884  -0.20677   1.17311
  0.71836 0.0646237  -0.21522   1.17273
 0.717909 0.0597695 -0.212191   1.17045
 0.719609 0.0499683 -0.204972   1.17208
 0.719239 0.0583122 -0.204044   1.17084
 0.717876 0.0525032 -0.213704   1.17108
 0.718698 0.0567427  -0.20747   1.17126
 0.731088 0.0852151 -0.302657   1.23094
 0.856867 0.0882914  0.116026   1.55702
0.878372 0.270309 0.339971  1.59683
0.885197 0.144175 0.309313  1.61392
0.883414 0.139684 0.300726  1.60395
0.885523 0.140507 0.284684  1.59937
0.887538 0.133894 0.246542  1.58926
 0.889409  0.147094 0.0852355   1.54149
  0.8937 0.148783 0.158371  1.57087
0.872857 0.183493 0.135791  1.51194
0.881342 0.164007  0.11388   1.5246
0.874762 0.163475  0.14411  1.51295
0.879918 0.150537 0.131109  1.52042
0.877568 0.146796 0.152159  1.51713
0.877218 0.148847 0.147184  1.51638
0.878096 0.166258 0.132679  1.52013
0.874611 0.164684 0.138944  1.51252
0.894272 0.161845 0.117925  1.56148
0.888501 0.186019 0.027489  1.53771
  0.885064   0.175378 -0.0221204    1.52649
0.888563 0.057811 -0.13876  1.53337
 0.890514 0.0962168 -0.116895   1.53699
0.879402 0.122735 -0.16194   1.5234
 0.887127 0.0736395 -0.156631   1.53431
  0.891395   0.121625 -0.0906979    1.53804
  0.892074   0.137699 -0.0703074    1.53955
  0.886458   0.146977 -0.0901739    1.52982
  0.890906   0.125846 -0.0889153    1.53693
 0.874945  0.165445 -0.149357   1.51635
 0.881291  0.162835 -0.106457   1.52275
 0.871585  0.195795 -0.125785   1.50977
 0.877114  0.158354 -0.125949   1.51492
 0.889435  0.105103 -0.119878   1.53545
 0.884057  0.137694 -0.108916   1.52501
 0.880886  0.125904 -0.148658   1.52306
 0.884751  0.137486 -0.121976   1.52921
0.894262 0.251673 0.268991  1.62062
0.899804 0.220797  0.29411  1.64069
0.874517 0.102639 0.297233  1.58492
0.883948 0.271763 0.351596  1.61988
0.875429 0.283992 0.363963  1.60674
0.870577 0.291278 0.365948  1.59752
0.869865 0.294123 0.367311  1.59737
0.887858 0.137378 0.223317  1.58318
 0.87178 0.295944 0.360937  1.59891
0.884791 0.136226 0.271281  1.59553
 0.844243 0.0153181  0.121124   1.52064
0.884385 0.278531 0.332966  1.61015
  0.797847 -0.0591604   0.235877    1.42983
   0.887487    0.154123 -0.00701139      1.5279
0.895191 0.191138 0.147008  1.58087
   0.88742   0.165291 0.00864291     1.5299
0.887279 0.164078  0.03055  1.53096
 0.887584  0.156961 0.0567836   1.53471
 0.87157 0.285477 0.368952  1.60064
0.885646 0.113282 0.169989  1.55602
0.878012  0.26854 0.361349  1.60986
0.877138 0.117127 0.320103  1.60407
0.876058 0.159814  0.21459  1.59824
 0.737362 0.0791193 -0.301638   1.24422
 0.737232 0.0764237 -0.301767   1.24365
 0.743075 0.0796913 -0.297812   1.25485
 0.739678 0.0785308 -0.298829    1.2479
 0.734841   0.07366 -0.302629   1.23848
 0.731059 0.0728517 -0.305115   1.23116
 0.737998 0.0708255 -0.300437    1.2438
  0.73503 0.0732642 -0.302916   1.23873
 0.750058 0.0775834 -0.290977   1.26682
 0.747071 0.0685373 -0.292172   1.25981
 0.758972 0.0661186 -0.277448   1.28007
  0.75277 0.0733058 -0.283302   1.26932
 0.738149 0.0753939 -0.299685   1.24451
 0.742878 0.0726502 -0.295968   1.25266
 0.745139 0.0774997 -0.293067   1.25706
 0.741949 0.0742106 -0.297819   1.25173
 0.728196 0.0792715 -0.305359    1.2254
  0.72518 0.0815089 -0.273057   1.20795
 0.709185 0.0698652  -0.30258     1.185
 0.710143  0.070335 -0.302811   1.18709
 0.708405 0.0740059 -0.297999   1.18172
 0.708835 0.0776485 -0.295545   1.18154
 0.709673 0.0775819 -0.299352   1.18479
0.708601 0.076078 -0.29808  1.18191
 0.711356 0.0741313 -0.303763   1.19011
 0.710938 0.0773881   -0.3025   1.18865
 0.712659 0.0769757 -0.305125   1.19323
 0.711358 0.0759399 -0.304311    1.1901
  0.70918 0.0717736 -0.300191   1.18398
 0.709717 0.0761472 -0.301489   1.18559
 0.710414 0.0724149 -0.303271   1.18783
 0.709588 0.0742068 -0.301192   1.18543
 0.730111 0.0836555 -0.299424   1.22747
 0.773576 0.0844499 -0.152671   1.27868
 0.782816 0.0961097 -0.160717   1.30173
 0.776563 0.0828787 -0.154278   1.28464
 0.780927 0.0889699 -0.158381   1.29554
 0.778712 0.0824118 -0.155226   1.28895
 0.778782 0.0832058 -0.156661   1.28986
 0.779973 0.0886796 -0.158259   1.29402
 0.777272 0.0858166 -0.157381   1.28761
 0.841671  0.116067 -0.202212   1.43977
  0.84644  0.116596 -0.201952    1.4507
 0.842142  0.119209 -0.201928    1.4422
  0.84299   0.11684 -0.201651   1.44279
 0.851114  0.117251 -0.201549   1.46142
 0.855633  0.117454 -0.200754   1.47164
 0.851362  0.120866 -0.200966    1.4634
 0.852234  0.118193 -0.200572   1.46392
 0.843743  0.123474 -0.200764   1.44749
 0.846856   0.12637 -0.199931   1.45496
 0.847636  0.117429 -0.201368   1.45344
 0.849037  0.121976 -0.199989   1.45798
 0.844265  0.121399 -0.200761   1.44721
 0.846902  0.119735 -0.201676   1.45303
 0.707282 0.0640492 -0.286099    1.1742
 0.710178 0.0588252 -0.275037   1.17575
  0.70744 0.0687478 -0.278779   1.17187
 0.709134 0.0663028 -0.271535   1.17245
 0.708312 0.0735813 -0.273591   1.17163
 0.707909 0.0712444 -0.273888   1.17116
 0.708453 0.0641079 -0.279156   1.17409
 0.706921 0.0668472 -0.280153   1.17142
0.856608 0.118465 -0.19967   1.4738
 0.857915  0.123715 -0.197573   1.47815
  0.85327  0.123312 -0.199416    1.4679
 0.855835  0.121149 -0.200182   1.47345
   0.8587  0.130333 -0.193326   1.48148
 0.849442  0.127947 -0.197085   1.46068
 0.852727    0.1256 -0.199488   1.46802
 0.855984  0.128949 -0.197912   1.47575
 0.875525  0.135605 -0.182925   1.51948
0.866279  0.13286 -0.19054  1.49914
 0.874669  0.125494 -0.188465   1.51541
 0.870115  0.125916 -0.192436   1.50585
 0.873388  0.118194 -0.192296   1.51091
0.872505 0.121841 -0.19303  1.51068
 0.869361  0.129164 -0.192741   1.50584
 0.872594  0.133493 -0.190284   1.51358
 0.891467  0.108689 -0.179202    1.5489
 0.894829  0.107167 -0.175377   1.55583
 0.891335  0.114408 -0.175569   1.54977
 0.891979  0.111131 -0.176032   1.54982
 0.898014  0.105115 -0.170883   1.56219
 0.900834  0.102832 -0.166625   1.56769
 0.897509  0.110311 -0.165655   1.56196
 0.898231  0.107494 -0.166964   1.56228
0.890459 0.126964 -0.17386    1.551
 0.893118  0.130029 -0.169282   1.55697
 0.895189  0.109629 -0.171314   1.55622
 0.896257  0.117882 -0.164492   1.55987
 0.892702  0.119168 -0.170936   1.55285
 0.894338  0.113643 -0.171415   1.55592
0.901041 0.121423 -0.15759  1.57187
 0.903336  0.124814 -0.152195   1.57699
0.902614 0.107355 -0.15889  1.57208
 0.903456  0.101188 -0.162738    1.5729
 0.906137 0.0997532 -0.158289   1.57824
 0.903422  0.103864 -0.158867   1.57246
 0.907441  0.102843 -0.147346   1.58101
 0.908533 0.0978069 -0.153194   1.58277
   0.9106 0.0959636 -0.148778   1.58666
 0.908257  0.100359 -0.148941   1.58172
 0.903568  0.112502 -0.153264   1.57413
0.905974 0.102512 -0.15345  1.57735
0.906451 0.111278 -0.14593   1.5796
 0.905023  0.106753 -0.153977   1.57682
 0.909525  0.114198 -0.138106   1.58746
0.911277 0.117838 -0.13262  1.59144
 0.911309  0.100593 -0.140359   1.58852
 0.912541 0.0946484 -0.144844   1.59044
 0.914526 0.0934686  -0.14033   1.59432
 0.912127 0.0974588 -0.140711   1.58915
 0.914804 0.0959539 -0.128521    1.5946
  0.91619 0.0916643 -0.135214   1.59732
 0.917675  0.090205 -0.130962   1.60007
 0.915575 0.0942321 -0.130966   1.59556
  0.91194  0.105869 -0.134344   1.58988
 0.914008 0.0963579 -0.135218   1.59266
 0.914112   0.10486 -0.126793   1.59388
 0.913098  0.100208 -0.135331   1.59196
 0.756639 0.0668303 -0.138313   1.23723
 0.764577 0.0773305 -0.145004   1.25671
 0.759577 0.0660236 -0.138563   1.24296
0.763476 0.071009 -0.14229  1.25254
 0.761823 0.0659248 -0.139838   1.24763
 0.761657 0.0661845 -0.140488   1.24777
  0.76234 0.0705738 -0.142067    1.2505
 0.759902 0.0682215  -0.14133    1.2448
 0.796365  0.103219 -0.170063   1.33272
0.794878 0.103381 -0.17004  1.33006
 0.799256  0.110615 -0.173245   1.34111
 0.796828  0.104379 -0.172038   1.33469
 0.792664   0.10401 -0.169116   1.32604
 0.802189  0.117443 -0.174973   1.34979
 0.798824  0.110241 -0.173399   1.34088
 0.796179  0.106659 -0.172794   1.33447
  0.921851  0.0929965 -0.0797899    1.60583
  0.921811  0.0943291 -0.0808777    1.60606
  0.922381  0.0875046 -0.0927587    1.60682
 0.924221 0.0826462  -0.10196    1.6109
  0.924995  0.0813046 -0.0961036    1.61192
  0.923166  0.0865749 -0.0963722    1.60817
 0.923916 0.0832695 -0.083146   1.60864
   0.92542  0.0798556 -0.0909378    1.61218
 0.925719 0.0792752 -0.086798   1.61234
   0.92454  0.0831101 -0.0875872     1.6101
  0.922629  0.0934057 -0.0877292     1.6077
  0.923969  0.0852456 -0.0914692     1.6094
  0.923503  0.0918685 -0.0835721    1.60905
  0.923359  0.0860638 -0.0880196     1.6084
 0.863387  0.135889 -0.185047     1.493
 0.869768  0.144186 -0.179432   1.50817
 0.863085  0.232442 -0.132051   1.50055
0.852309 0.268791 -0.12223  1.48546
 0.849165   0.25589 -0.159604   1.48202
 0.855128  0.240317 -0.127772   1.48366
  0.827868   0.317282 -0.0996781    1.44527
  0.839071    0.30855 -0.0935197    1.46625
  0.82525   0.29149 -0.184101   1.44885
 0.811263  0.339854 -0.134141   1.42627
 0.783135  0.340841 -0.189639   1.38531
 0.804145  0.314132 -0.152569   1.40473
 0.843316  0.279666 -0.110811   1.46699
 0.821895  0.319559 -0.111299    1.4356
 0.835288  0.269849 -0.148212   1.45279
0.835677 0.299204 -0.13859  1.46222
 0.888816  0.112731 -0.179771   1.54343
 0.890045  0.119829 -0.175527   1.54769
 0.886856  0.121802 -0.178403   1.54138
 0.888491  0.115286 -0.178367   1.54387
 0.885131  0.136532 -0.175189   1.54089
 0.888158  0.122458 -0.172992   1.54456
 0.889317  0.123494 -0.174806   1.54791
  0.926129  0.0814724 -0.0833592     1.6133
  0.926258  0.0827406 -0.0768563    1.61326
  0.924161  0.0876071 -0.0803375     1.6095
  0.924945  0.0810015 -0.0785606    1.61006
  0.926402  0.0842661 -0.0706201    1.61333
 0.926219 0.0849602 -0.064366   1.61249
  0.923654  0.0929126 -0.0677653    1.60839
  0.924722  0.0849094 -0.0646448    1.60898
  0.921873  0.0999893 -0.0773211    1.60667
  0.921894   0.103079 -0.0710833     1.6069
  0.924811  0.0830563 -0.0719364    1.60949
  0.923377   0.090909 -0.0681296    1.60756
 0.923801 0.0885725 -0.073753   1.60853
   0.92403  0.0894819 -0.0740947    1.60912
 0.891183  0.204771 0.0728461   1.55415
 0.826901  0.119176 0.0568861   1.42469
0.825502 0.195517 0.083595  1.43307
 0.835253  0.176732 0.0792679    1.4486
 0.829715  0.177732 0.0869195   1.43951
 0.842738  0.211543 0.0711559   1.46395
 0.835936  0.241741 0.0794767   1.45486
0.835883 0.215598 0.089888  1.45443
 0.829976  0.250637 0.0991066   1.44749
 0.829743  0.215791 0.0969425   1.44155
 0.805847  0.400509 0.0302343   1.42688
  0.818267   0.378134 0.00955704    1.44364
 0.817431  0.380937 0.0365772   1.44331
 0.812608   0.37694 0.0243684   1.43046
    0.832637     0.352628 -0.000736329       1.4655
 0.827775  0.366832 0.0412039   1.46079
 0.823407  0.363741 0.0342243   1.44931
  0.828368   0.358629 0.00827449     1.4581
 0.890866  0.182192 0.0575393   1.54576
  0.891464   0.125024 -0.0492322    1.53424
  0.889174   0.138997 -0.0285546    1.52985
 0.891276  0.137882 -0.035001   1.53485
 0.873166  0.232644 -0.032238   1.51309
  0.877117    0.21481 -0.0409435    1.51791
  0.897941  0.0723967 -0.0313254    1.54338
  0.896808  0.0809086 -0.0464388    1.54217
  0.898534   0.060475 -0.0541309    1.54527
   0.89804  0.0694988 -0.0327309     1.5435
 0.895252 0.0861736  -0.05679   1.53964
   0.89345   0.113252 -0.0690428    1.53898
  0.893855  0.0900147 -0.0882641    1.53978
  0.894366   0.102615 -0.0577425    1.53928
 0.897779 0.0424647 -0.085665   1.54545
 0.894081 0.0606221 -0.113338   1.54142
 0.893267 0.0226514 -0.133658   1.54147
  0.896075   0.038753 -0.0882658    1.54156
   0.89627  0.0773707 -0.0477242    1.54062
  0.895453  0.0759259 -0.0737861    1.54071
 0.897893 0.0537588 -0.056086   1.54344
  0.896645  0.0673684 -0.0720756    1.54264
0.841221  0.26696 0.186039  1.46989
0.839395 0.277197 0.169899  1.46652
 0.84685 0.261066 0.167232  1.47755
0.842273 0.263878 0.176353  1.46981
 0.84009 0.288386 0.152616  1.46944
0.851794 0.264251 0.149965  1.48747
0.846279 0.270354 0.161627  1.47893
0.841625 0.273195 0.161152  1.46905
0.892034  0.18579 0.227687  1.59983
   0.888776    0.149406 -0.00727161     1.52992
  0.902975 0.00485994 0.00596539    1.55184
   0.90145  0.0234084 -0.0101498    1.54882
   0.902853 -0.00438906  -0.0224347      1.5522
     0.902  0.0194195 -0.0166823       1.55
  0.900225  0.0456756 -0.0189702    1.54694
  0.898681  0.0649543 -0.0225367    1.54434
  0.899585  0.0472444 -0.0378262    1.54606
 0.899587 0.0585844 -0.035755   1.54655
   0.901109 -0.00923364  -0.0575283     1.55008
  0.899073  0.0241785 -0.0628605    1.54579
   0.896898 -0.00472647  -0.0984467     1.54422
  0.898361  0.0140695 -0.0921777    1.54711
  0.900927  0.0396792 -0.0321005    1.54871
  0.899908  0.0385302 -0.0596234    1.54788
  0.901115  0.0140645 -0.0513398    1.54958
  0.900855  0.0206772 -0.0358543    1.54823
  0.896002  0.0928252 -0.0272861    1.54039
  0.895988  0.0779063 -0.0187132     1.5388
  0.891635   0.104558 -0.0172421      1.531
  0.893869   0.122741 -0.0515917    1.53985
  0.893996  0.0919173 -0.0352434    1.53591
  0.894683  0.0972389 -0.0318869    1.53791
 0.734057 0.0762606 -0.303048   1.23745
 0.730553 0.0761199 -0.304467   1.23065
 0.733982 0.0772002 -0.302647   1.23725
 0.724301 0.0731207 -0.307674   1.21858
 0.722221 0.0714506 -0.307091   1.21378
 0.725145 0.0736369 -0.306594   1.21992
 0.731827 0.0746248  -0.30411   1.23284
 0.726458 0.0739588 -0.306711   1.22257
 0.728752 0.0740163 -0.306585   1.22704
 0.728831 0.0737906 -0.305849   1.22714
 0.728283 0.0743665 -0.305608   1.22618
  0.72649 0.0737651 -0.307137   1.22295
 0.731464 0.0749399  -0.30482   1.23255
 0.729003 0.0747194 -0.305725   1.22775
 0.723245 0.0744887 -0.299728   1.21199
   0.8209  0.112193 -0.201266   1.39174
 0.826399  0.113111 -0.201245   1.40436
 0.821117   0.11461 -0.200626   1.39328
 0.822428  0.112716 -0.201044   1.39523
  0.83167   0.11419 -0.201672    1.4166
 0.836715  0.115063 -0.202035   1.42828
  0.83208  0.116724 -0.201748   1.41886
 0.833045  0.114708 -0.201617   1.41981
 0.822761  0.117416 -0.199305   1.39854
 0.826498   0.11985 -0.198974   1.40742
 0.827774  0.113519 -0.201323   1.40757
 0.829183  0.116883 -0.200633   1.41203
 0.823453  0.116047 -0.199901   1.39874
0.826815 0.115242 -0.20125  1.40644
 0.815028  0.110969 -0.201485   1.37831
 0.811118  0.111925 -0.200635   1.37002
 0.808915   0.11007 -0.201733   1.36447
 0.811311  0.110966 -0.201345   1.36992
   0.8087  0.113721 -0.198509   1.36504
 0.806324  0.116078 -0.196174   1.36079
 0.802622  0.113966 -0.197633   1.35138
 0.806175  0.115044 -0.197573    1.3596
0.802354 0.109737 -0.20246  1.34988
 0.798755  0.112102 -0.199808    1.3421
 0.795044  0.110541 -0.204046   1.33405
 0.798476  0.111663 -0.202502   1.34152
0.808438 0.113022 -0.19993  1.36406
 0.802408  0.113228 -0.199511   1.35046
 0.805242  0.110767 -0.201552    1.3563
 0.805259   0.11162 -0.200213    1.3567
 0.892545  0.172757 0.0810171   1.55102
 0.775492  0.291682 -0.214758   1.35473
 0.820786  0.199756 -0.245348   1.43159
  0.82636  0.245764 -0.195679   1.43866
0.812332 0.270673 -0.23883  1.43491
 0.860283  0.103673 -0.233039   1.49703
 0.888746 0.0328651 -0.186252   1.54366
 0.872406  0.111469 -0.192349   1.51252
 0.869197  0.105301 -0.204344   1.51022
  0.85238  0.212948 -0.165492   1.47798
 0.867976  0.162831 -0.165683   1.50269
 0.865825  0.195538 -0.134456   1.49756
 0.862486  0.206134 -0.164461   1.49955
 0.842639  0.184351 -0.243274   1.47731
 0.863193  0.169973 -0.196037   1.50289
 0.844525  0.230435 -0.204679   1.47771
 0.850874  0.174025 -0.207805   1.47817
 0.888704 0.0990065  0.118742    1.5312
0.886261 0.115106 0.113202  1.52732
 0.890114  0.106687 0.0971927   1.53326
0.888136 0.101059 0.114668  1.53005
0.884163 0.133979 0.107384  1.52479
 0.889793  0.121829 0.0787471   1.53328
0.888098 0.120458 0.100742  1.53146
0.885516 0.116022 0.107886   1.5255
 0.902232 0.0149152 0.0284546   1.55026
 0.901068 0.0226087 0.0438089   1.54792
 0.900387 0.0320458 0.0306147   1.54636
 0.900792 0.0309324 0.0319688   1.54717
 0.899906  0.030489 0.0571545     1.546
 0.898652  0.039349 0.0701299   1.54434
 0.898068 0.0464633 0.0547494   1.54254
  0.89841 0.0465191 0.0596537   1.54338
 0.899095 0.0475861 0.0323027   1.54428
  0.89815 0.0534869  0.037332   1.54268
 0.896604 0.0571331 0.0291915   1.53914
 0.898131 0.0562769  0.034394   1.54265
 0.899692 0.0379019  0.046721   1.54526
  0.89853 0.0543189 0.0454085   1.54367
0.899649 0.046347 0.033122  1.54531
 0.899435 0.0379663 0.0427268   1.54465
  0.761048  0.0548242 -0.0292347    1.22676
  0.756676  0.0544553 -0.0312012    1.21785
  0.747525  0.0600233 -0.0479399    1.20181
  0.768874  0.0435656 0.00133985    1.24366
  0.769074  0.0367941 0.00309891    1.24376
   0.768895   0.0502914 -0.00293775     1.24384
 0.769778 0.0320247 0.0014162   1.24477
   0.765177   0.0503186 -0.00256342     1.23688
 0.724076 0.0831889 -0.284036   1.20914
   0.765314   0.0414454 0.000373692     1.23675
 0.707355 0.0674547 -0.287775   1.17527
 0.707439 0.0683065 -0.288306   1.17568
  0.70748 0.0721515 -0.279935   1.17266
 0.708809 0.0762271 -0.275669   1.17371
 0.708422  0.076789 -0.281372   1.17511
 0.707796 0.0743668 -0.279423   1.17282
 0.707565 0.0732156 -0.289478   1.17656
 0.708311 0.0772672 -0.286384   1.17684
 0.708443 0.0774716 -0.291264   1.17903
 0.707677  0.075441 -0.289535   1.17656
 0.707614 0.0694393 -0.283305   1.17397
 0.707541 0.0751368 -0.284647   1.17435
 0.707401 0.0705089  -0.28843    1.1756
 0.707313 0.0729876 -0.284875   1.17423
  0.769412  0.0327516 0.00298545    1.24418
 0.722266 0.0761331 -0.118982   1.16879
 0.718157 0.0811085 -0.245049   1.18523
 0.717632  0.073164 -0.261733    1.1883
 0.719705  0.072962 -0.286566   1.19987
 0.719505 0.0706689 -0.307453   1.20821
 0.717837 0.0719596 -0.308849   1.20553
 0.721888 0.0730051 -0.308403   1.21382
 0.719796 0.0718874 -0.308701   1.20951
 0.715989  0.074001 -0.307488   1.20115
 0.714873 0.0764825 -0.307072   1.19855
 0.717703 0.0759269 -0.308226   1.20483
 0.716055 0.0753924 -0.308046   1.20129
 0.723788 0.0739997 -0.307513    1.2173
 0.721238 0.0752498 -0.308464    1.2122
 0.725606 0.0743104 -0.307531   1.22083
 0.723621  0.074621 -0.308293   1.21705
 0.717763  0.072915 -0.308129   1.20498
 0.719435 0.0750202 -0.308692   1.20853
 0.721726 0.0735256 -0.307948   1.21317
 0.719519 0.0740047 -0.308111   1.20869
   0.754841   0.0366922 -0.00385888     1.21694
 0.713477 0.0676102 -0.206746   1.16772
 0.727107 0.0798821 -0.303837   1.22241
 0.731026 0.0765076 -0.304687   1.23157
  0.72799 0.0752652 -0.305552   1.22513
 0.723283  0.070983 -0.307701   1.21588
 0.727939 0.0749136 -0.305886   1.22533
 0.715839  0.064351 -0.308506   1.19974
 0.732059 0.0810051 -0.304614   1.23396
0.735656 0.081411 -0.30349  1.24142
  0.74115 0.0912584 -0.302359   1.25367
 0.736169  0.082835 -0.302476    1.2421
 0.716029 0.0681983 -0.288224    1.1923
  0.770719  0.0458862 -0.0146884    1.24715
  0.768487  0.0418929 -0.0132042    1.24247
 0.730372 0.0655687 -0.121761   1.18113
  0.745403  0.0531346 -0.0668733    1.19855
 0.722176 0.0836818 -0.227618   1.18919
 0.726129 0.0669564  -0.18545     1.186
 0.727251 0.0843334  -0.10228   1.17612
 0.716635 0.0306411 -0.237686   1.17498
  0.765787  0.0345645 0.00184848     1.2373
 0.726047 0.0789642 -0.282727    1.2125
  0.73586 0.0797941 -0.071115   1.18671
 0.721865 0.0742937 -0.202977   1.18218
  0.745605  0.0717777 -0.0470569    1.20032
 0.730074 0.0701203  -0.31906   1.23461
  0.755974  0.0622869 -0.0305624    1.21756
   0.760359    0.030955 -0.00577834     1.22657
  0.760535  0.0572101 -0.0199641    1.22572
  0.730161  0.0754762 -0.0807621    1.17731
  0.759716  0.0611081 -0.0133395    1.22557
  0.769193  0.0552379 -0.0085328    1.24438
    0.75407   0.0576414 -0.00653573     1.21632
  0.769704  0.0579816 -0.0136739    1.24523
   0.76107   0.061784 -0.0194339    1.22766
  0.767303  0.0608248 -0.0160291    1.24042
 0.749863  0.104194 -0.296087   1.27162
 0.755523  0.107718 -0.290584    1.2823
 0.754532  0.117719 -0.294248   1.28296
 0.752855  0.107366 -0.294141   1.27774
 0.763392  0.110295 -0.278772   1.29562
  0.77641  0.110642 -0.254943   1.31681
 0.768615  0.128154 -0.265167   1.30545
0.767698 0.111611 -0.26447  1.30077
 0.757674   0.13064 -0.294769   1.29225
 0.763613  0.135493 -0.275187   1.29918
 0.758867  0.139334 -0.284174     1.293
 0.759784  0.132105 -0.283783   1.29344
 0.758875  0.110218 -0.284653   1.28778
 0.763582  0.125814 -0.274393   1.29726
 0.756923  0.121856 -0.293009   1.28846
 0.760603  0.124169 -0.285554   1.29415
 0.748731  0.104829 -0.297769    1.2698
 0.750652  0.113936 -0.301781   1.27689
 0.755283  0.128247 -0.300278   1.28863
 0.755043  0.132254 -0.299606   1.28907
 0.746173   0.11524 -0.312867   1.27182
 0.750797  0.123582 -0.303245   1.27927
 0.713012 0.0565879 -0.246782   1.17177
 0.711894 0.0604296 -0.247713   1.16994
 0.714611 0.0623211 -0.231165   1.17011
 0.716899 0.0665122 -0.222839   1.17205
 0.715741 0.0680169 -0.230427   1.17208
 0.715109 0.0638731 -0.227591   1.16947
 0.712679 0.0658138 -0.244991   1.17068
 0.714634 0.0696776 -0.237319   1.17206
 0.713609 0.0711347 -0.244267   1.17229
  0.71296 0.0672932 -0.241301   1.16955
 0.714048  0.058556 -0.235492   1.16996
 0.713902 0.0658927 -0.234595   1.16927
 0.712666 0.0614171  -0.24294   1.16966
 0.713381 0.0644558 -0.238234   1.16987
 0.725337 0.0365764 -0.183315   1.17866
 0.729891 0.0308496  -0.16609   1.18392
 0.726994 0.0420091 -0.164904   1.17709
 0.729507 0.0388033 -0.155534   1.18003
 0.728813 0.0474102  -0.15465   1.17811
 0.728165 0.0464324 -0.158004   1.17806
 0.728005 0.0375737 -0.170652   1.18111
 0.726113 0.0427711 -0.170686   1.17725
 0.728159 0.0749105 -0.293158   1.22044
 0.725415 0.0799976 -0.292101   1.21436
  0.71666 0.0722231 -0.161299   1.16499
 0.706981 0.0604876 -0.298019   1.17783
 0.706793 0.0630301 -0.299123   1.17801
   0.761482   0.0305136 -0.00988716     1.22863
 0.712955 0.0643096 -0.248171   1.17554
  0.762459  0.0336974 -0.0162823    1.23053
 0.727927 0.0838483 -0.294052   1.22105
 0.724247 0.0808971 -0.186817   1.18384
  0.763127  0.0372009 -0.0211864     1.2318
 0.728542 0.0754684 -0.145752    1.1832
 0.734871 0.0688739 -0.112321   1.18767
 0.740671 0.0533386 -0.104069    1.1946
  0.759053  0.0270267 -0.0127491    1.22411
  0.737536  0.0598322 -0.0918747    1.18832
  0.762395  0.0463108 -0.0249035    1.23021
  0.753291  0.0484181 -0.0463108     1.2115
 0.730446  0.058661 -0.144969    1.1846
  0.757915  0.0517057 -0.0378013    1.22091
  0.747328  0.0481457 -0.0759861    1.20316
  0.767149  0.0440921 -0.0181969    1.23947
  0.758262  0.0412236 -0.0375655    1.22155
0.730388 0.274758 0.114003  1.25283
 0.694864   0.34961 0.0673721   1.19816
 0.749695   0.35105 0.0870346   1.30949
 0.736668  0.333659 0.0887855   1.28197
 0.691403  0.391966 -0.024352   1.20391
 0.728488  0.383695 -0.124049   1.27968
  0.744984   0.402645 -0.0460258    1.31396
  0.721246   0.410077 -0.0602757    1.27636
 0.769631  0.365828 0.0509354   1.34657
   0.768954    0.385951 -0.00123397      1.3504
 0.792649  0.367773 0.0148461   1.39041
 0.777172  0.388427 0.0220998   1.37021
 0.718889   0.39757 0.0280646   1.26613
   0.75438   0.410719 -0.0059795    1.33863
 0.757286  0.386542 0.0559907   1.33696
 0.736115  0.389287 0.0290656   1.29143
 0.822991  0.361584 0.0789624   1.45024
0.827421  0.34976 0.103491  1.45739
 0.813841  0.369839 0.0980411   1.43486
0.817924 0.359889 0.112477   1.4411
0.808189 0.376701 0.119819  1.42784
 0.81223 0.362362 0.109677  1.42916
0.821002  0.35492 0.104677  1.44529
 0.820471  0.355913 0.0914017   1.44308
  0.815392   0.370098 -0.0788637    1.43818
  0.826521   0.343664 -0.0878311    1.45272
 0.828228   0.35392 -0.066861   1.45861
  0.821748    0.34735 -0.0768604    1.44225
  0.838836   0.315729 -0.0907493    1.47105
  0.842017   0.333894 -0.0578478    1.48218
  0.833164   0.334724 -0.0640835    1.46255
 0.834783   0.32188 -0.081756   1.46306
  0.854211   0.300065 -0.0438587    1.49635
 0.885483  0.099822 0.0311965   1.52187
  0.88156  0.122074 0.0418361   1.51985
 0.886023  0.122082 0.0362754   1.52764
 0.884087  0.122659 0.0378339   1.52394
0.886388 0.141579 0.032686  1.53094
 0.881979  0.146663 0.0415566   1.52472
 0.879579  0.148171 0.0493473   1.52176
  0.915315   0.117848 -0.0685073    1.59439
  0.915656   0.135827 -0.0499933    1.59661
 0.895021  0.128889 0.0276998   1.54716
 0.892282  0.130952 0.0298725   1.54176
 0.896765  0.112829 0.0206491   1.54697
 0.899558  0.102101 0.0150944   1.55112
 0.896331  0.102086 0.0191006   1.54407
 0.897144  0.101192 0.0174404   1.54564
0.888984  0.12108 0.033482  1.53293
 0.893045  0.102676 0.0240281   1.53738
 0.889066  0.101315 0.0281232   1.52929
 0.889869  0.101216 0.0271361   1.53052
  0.89533  0.113154 0.0226563   1.54429
  0.89368  0.101882 0.0208516   1.53828
 0.890803  0.118533 0.0252782   1.53565
 0.893527  0.114703 0.0250342   1.54061
  0.90004  0.101165 0.0132244   1.55201
 0.897978  0.111783 0.0200492   1.54963
 0.900475  0.110873 0.0134133   1.55489
 0.899372  0.112603 0.0157736   1.55248
  0.899973   0.120855 0.00881325    1.55574
 0.897689  0.126693 0.0162985    1.5516
 0.896305   0.12859 0.0239813   1.54945
    0.90992   0.0960865 -0.00523263     1.57395
     0.90828     0.101862 -0.000664238      1.57127
   0.910095    0.099398 -0.00619326     1.57525
   0.909375    0.101916 -0.00465114     1.57366
  0.909358   0.124859 0.00187926    1.57838
   0.907995    0.107254 -0.00593531     1.57172
   0.906921    0.111118 0.000102549      1.5698
 0.857163  0.242576 0.0593344   1.49243
   0.912785    0.123551 -0.00744527     1.58573
   0.912124    0.123537 -0.00214537     1.58437
   0.91499    0.10288 -0.0144424    1.58692
  0.917568  0.0957514 -0.0193709    1.59155
  0.916013  0.0947511 -0.0150854    1.58785
  0.915677  0.0950168 -0.0145754    1.58705
   0.911517   0.0982624 -0.00825741     1.57827
  0.914044  0.0940831 -0.0110966    1.58325
   0.911975   0.0961113 -0.00715996     1.57871
   0.912017    0.094123 -0.00908188     1.57857
   0.914204    0.102153 -0.00714325     1.58518
  0.914094  0.0937667 -0.0108292    1.58329
   0.912559   0.0997253 -0.00435629     1.58108
  0.913629   0.100925 -0.0101187     1.5835
  0.917028  0.0956843 -0.0193482    1.59026
  0.915275   0.104497 -0.0120315    1.58797
  0.916356   0.104003 -0.0188995    1.59054
  0.916156   0.103741 -0.0198162    1.58981
  0.914672    0.11551 -0.0198742    1.58903
  0.913902   0.115361 -0.0204728    1.58704
  0.913186   0.121437 -0.0137786    1.58626
  0.921723  0.0922377 -0.0382624    1.60111
  0.920159   0.100553 -0.0331105    1.59896
   0.92064  0.0981593 -0.0383776    1.60016
   0.92083  0.0975627 -0.0395491    1.60027
  0.918101   0.114628 -0.0376673    1.59786
  0.918635   0.101885 -0.0383858    1.59651
  0.918233   0.108657 -0.0352164    1.59628
 0.877836   0.20296 0.0421312   1.52614
  0.920027   0.105567 -0.0504408    1.60147
  0.919743    0.11169 -0.0444785    1.60144
   0.92283  0.0942633 -0.0541405    1.60571
  0.925879  0.0860137 -0.0583433    1.61138
  0.925347  0.0869621 -0.0524991    1.60983
  0.923978  0.0873724 -0.0523064    1.60667
  0.921432  0.0948314 -0.0435574    1.60168
  0.924511  0.0885124 -0.0472126    1.60769
  0.923597  0.0909408 -0.0425611    1.60554
  0.922553  0.0900234 -0.0428056    1.60304
  0.922077  0.0974488 -0.0472335    1.60414
  0.923364  0.0885193 -0.0470862    1.60502
  0.921499  0.0986877 -0.0406702    1.60246
   0.92227  0.0954298 -0.0490754    1.60411
 0.886324    0.2209 0.0270897   1.54339
  0.920502   0.120325 -0.0854414    1.60787
  0.91649  0.112527 -0.104157   1.59938
   0.92191   0.101364 -0.0920064    1.60757
 0.919908  0.101961 -0.103306   1.60442
 0.922173 0.0888095 -0.102099   1.60674
  0.92117  0.093936 -0.103731   1.60609
 0.918238  0.107299 -0.105596   1.60255
 0.919736  0.116221 -0.100336    1.6068
 0.851766  0.284781 0.0494008   1.48404
 0.916987 0.0929194 -0.127033    1.5982
 0.916806 0.0996353 -0.121456   1.59886
 0.915368  0.100176 -0.124552   1.59606
 0.916393 0.0948228 -0.125321   1.59771
 0.912663  0.119275 -0.122436   1.59378
 0.914979   0.10021 -0.118025   1.59523
 0.915327  0.102115 -0.119277   1.59662
   0.91227   0.136673 -0.0194809    1.58736
 0.826564  0.297894 -0.151663   1.44484
0.833995  0.27907 -0.15025  1.45479
 0.834939  0.294369 -0.139315   1.46022
 0.830838  0.284229 -0.145756   1.44852
 0.841824  0.260236 -0.145785   1.46662
 0.844333   0.28517 -0.127878   1.47775
 0.838835  0.280422 -0.132047   1.46392
  0.83992  0.267047 -0.142477   1.46385
    0.84967    0.312922 -0.00192257     1.48797
 0.836251  0.207499 -0.175147   1.44418
 0.842299  0.229547 -0.167649   1.46261
 0.833014  0.217198 -0.180041   1.43971
0.835358 0.230712  -0.1754   1.4478
 0.829773  0.226081 -0.181651   1.43527
 0.832135  0.221152 -0.178275   1.43841
 0.837236  0.223691 -0.170053   1.44958
 0.836716  0.213112 -0.175493   1.44671
  0.913556   0.142561 -0.0617109     1.5938
  0.901513   0.182402 -0.0763916    1.57388
 0.900904  0.105293 -0.163244   1.56756
 0.901438  0.112791 -0.158658   1.57018
 0.898875   0.11441 -0.162103   1.56522
 0.900352  0.107908 -0.162252   1.56751
 0.896171  0.130994 -0.160383   1.56294
0.899201 0.115275 -0.15767  1.56647
 0.900083  0.117261 -0.159186   1.56922
 0.824121  0.170771 -0.187165   1.40958
0.825103 0.167604 -0.18685  1.41114
 0.828066  0.179077 -0.186334   1.42024
  0.82551  0.170375 -0.187019   1.41265
 0.825801  0.163536 -0.183593   1.41199
 0.832752  0.183506 -0.182875   1.43184
 0.828949  0.175999 -0.183147   1.42136
 0.827682  0.167994 -0.185655   1.41733
 0.903033  0.152828 -0.114231   1.57628
 0.877855   0.12992 -0.185198   1.52452
 0.880912  0.134027 -0.183134     1.532
 0.876642  0.122198 -0.189514    1.5198
 0.876882  0.116247 -0.192083    1.5187
 0.880863  0.114572 -0.188901   1.52704
 0.877619  0.117996 -0.189035   1.52002
0.884903 0.117663 -0.18119  1.53664
 0.884612   0.11275 -0.185745   1.53486
 0.888136  0.110471 -0.182437   1.54204
 0.885437  0.114838 -0.182774   1.53648
 0.878561  0.126271 -0.185579   1.52419
 0.881602  0.116436 -0.185955   1.52843
 0.883434  0.124878 -0.180484   1.53418
  0.88078  0.120371 -0.186045   1.52833
 0.812337  0.131423 -0.181406   1.37416
 0.811855  0.130586 -0.181747   1.37352
 0.815663  0.139619 -0.183453   1.38375
 0.813195   0.13239 -0.182957   1.37688
 0.810905  0.129536 -0.180336   1.37201
 0.819286  0.145959 -0.183277   1.39384
   0.8158  0.138504 -0.182441   1.38436
 0.813729  0.133048 -0.182987   1.37896
 0.826262  0.216144 -0.183002   1.42488
 0.825506  0.201454 -0.185401   1.41979
 0.830862  0.208352 -0.181867   1.43286
 0.828644  0.211382 -0.184662    1.4293
 0.824496  0.187545 -0.186856   1.41433
 0.823071  0.174514 -0.186927   1.40803
  0.82779  0.182526 -0.185213    1.4202
0.825951 0.183673  -0.1869  1.41665
  0.83358  0.198926 -0.175733    1.4359
 0.833417  0.189057 -0.179098   1.43389
 0.827545  0.196949 -0.186461   1.42344
 0.829856  0.191713 -0.184112   1.42682
 0.831672  0.204763 -0.183077   1.43396
 0.829466   0.19494 -0.184524   1.42681
 0.861265  0.127619 -0.195844   1.48757
 0.863984  0.130697 -0.194646   1.49417
 0.860091  0.122225 -0.198576   1.48323
 0.860121  0.117865 -0.199688    1.4818
 0.864414  0.117607 -0.198154   1.49133
 0.861044  0.119009 -0.198042   1.48374
 0.868385   0.12261 -0.195285   1.50184
  0.86865  0.117543 -0.196555   1.50077
 0.872732  0.116746 -0.194481   1.50964
 0.869397  0.118872 -0.194461   1.50224
 0.861958  0.125013 -0.196323   1.48758
  0.86519  0.118782 -0.196581   1.49295
 0.866276  0.124892 -0.194236   1.49703
 0.864325  0.121965 -0.197233   1.49262
  0.82969  0.120763 -0.197479   1.41465
 0.834297  0.118582 -0.201199   1.42415
 0.838049  0.115687 -0.201921    1.4314
  0.83963  0.119637 -0.200959   1.43626
 0.837339  0.117665 -0.202214   1.43094
 0.840693  0.123917 -0.198025   1.43999
 0.834116  0.120056 -0.201176   1.42483
 0.837798  0.123006 -0.200477   1.43358
 0.872784  0.150556 -0.164264   1.51335
 0.811614  0.115024 -0.198714   1.37191
 0.810312  0.117064 -0.196015   1.36997
 0.812592  0.115413 -0.197415   1.37456
 0.813626  0.113464 -0.200427   1.37592
 0.816908  0.111707 -0.201329   1.38263
 0.818304   0.11414 -0.200313   1.38672
 0.816325  0.112772 -0.200875   1.38202
 0.819695  0.116651 -0.197019   1.39088
   0.8138  0.114088 -0.199531   1.37654
 0.816172   0.11657 -0.197734   1.38296
 0.817127   0.11488 -0.199061   1.38412
 0.821252  0.162816 -0.187021   1.40133
 0.818782    0.1523 -0.186127   1.39337
 0.822852  0.160383 -0.187152   1.40459
  0.82155  0.159825 -0.186537   1.40123
 0.816002  0.142543 -0.184707   1.38494
 0.812956  0.133555 -0.182653   1.37611
 0.816708  0.141335 -0.184687   1.38664
 0.815674  0.140271 -0.183403   1.38353
 0.822855  0.156305 -0.183358    1.4037
0.821343 0.149775 -0.18444   1.3993
 0.818768  0.149625 -0.185281   1.39262
0.819021 0.148254 -0.18486  1.39315
 0.822189  0.158284 -0.186198   1.40243
 0.819906  0.150318 -0.186178   1.39571
 0.859286 0.0713493  0.202737   1.55504
0.886949 0.151712 0.319782  1.61293
0.885181 0.150042 0.302511  1.60449
0.881268 0.283556 0.338517  1.60683
0.876451 0.288213 0.346475  1.60064
0.884169 0.279756 0.333074  1.61006
 0.8698 0.29338  0.3616 1.59396
 0.88446 0.284497 0.336501  1.61357
0.880774 0.289954 0.344128     1.61
0.891333 0.148572 0.175503  1.57402
0.872136 0.291858 0.354579  1.59552
0.893392 0.160383 0.128247  1.56405
 0.892959  0.173018 0.0904834   1.55501
0.860945 0.206475 0.185556  1.49758
 0.85574 0.222069 0.189203   1.4904
0.856806 0.218963 0.174023   1.4895
0.856507 0.219693 0.181801  1.48996
 0.85053 0.237717 0.191396  1.48327
 0.84501 0.253427 0.192102   1.4755
0.847668 0.246403 0.176819  1.47675
0.846451 0.250466 0.186462  1.47667
0.854471 0.238563 0.162176  1.48794
0.851985 0.240194 0.161536  1.48245
0.851585 0.235035 0.184817  1.48351
0.849847 0.245543 0.171202  1.48044
0.855225  0.23236 0.167172  1.48816
0.852209 0.233582 0.176591   1.4834
 0.889689  0.179234 0.0462427   1.54064
 0.883225  0.147776 0.0320928   1.51956
 0.887089  0.179205 0.0116868   1.53221
0.893896 0.185051 0.185468  1.59079
   0.886968    0.183994 -0.00530199     1.53253
 0.874216  0.129386 0.0892476   1.51921
   0.88289   0.173101 -0.0570793     1.5226
 0.875601  0.189465 -0.104587   1.51409
      0.88   0.174893 -0.0871869    1.51895
 0.881136  0.178294 -0.110484   1.52538
  0.886123   0.143643 -0.0687546    1.52626
  0.887871   0.143107 -0.0665142     1.5302
  0.884215   0.177729 -0.0787748     1.5287
 0.89427 0.198601 0.109629  1.56836
0.857335 0.236239 0.153266  1.49232
 0.86844 0.212869 0.138226  1.50912
0.858649 0.218996 0.165544  1.49215
0.865359   0.2037 0.156251  1.50193
0.861587 0.204289 0.176937  1.49672
0.861699 0.204695 0.169848  1.49625
0.863839 0.217786 0.154384  1.50246
0.859277 0.218546 0.158676  1.49275
  0.889846   0.154377 -0.0491018    1.53538
  0.886655   0.179723 -0.0440572    1.53209
  0.888671    0.15061 -0.0331672    1.53116
0.892861 0.259302 0.328003  1.63185
0.887671 0.246113 0.341096  1.62293
 0.881916 0.0968646  0.219112   1.56505
0.879635 0.109196 0.301003  1.59495
 0.886667   0.14475 0.0883423   1.53958
0.875057 0.113855 0.123708  1.52785
0.891181 0.186715 0.248983  1.60552
0.873893 0.303829  0.38452  1.62204
0.875816  0.29403 0.352784  1.60373
 0.885342  0.146554 0.0288288   1.52289
0.889854 0.192608 0.286764  1.61232
0.888427 0.131693  0.12268  1.54802
0.888081 0.194481 0.305169   1.6104
 0.878151  0.144003 0.0177561   1.50668
0.886489 0.197164 0.325454  1.60915
0.875372  0.29663 0.371525  1.61244
0.881839 0.199864 0.347342  1.59687
0.890788 0.189564 0.262204  1.60512
0.882012  0.26826 0.332245  1.60173
0.882415 0.279415 0.334099  1.60637
0.887488 0.286017 0.333788   1.6201
0.871132 0.285681 0.350916  1.59001
0.879064 0.245816  0.34482  1.59574
0.859402 0.258143 0.373949  1.56476
0.871024 0.184238 0.146504   1.5095
0.869003 0.184803 0.147918  1.50502
 0.87364 0.161627 0.154324  1.51167
  0.8777 0.147037  0.16265   1.5194
0.873897 0.161187  0.16972  1.51446
0.873834 0.160481 0.160084  1.51235
0.866451 0.187235  0.16455  1.50206
0.869903 0.175566 0.175758  1.50923
0.865557  0.19035  0.18093  1.50341
0.865979 0.188676 0.172397  1.50228
0.872211 0.175839 0.148631  1.51021
0.870039 0.174381 0.166776  1.50753
0.867901 0.187756 0.156563  1.50415
0.870058 0.175144 0.160657  1.50715
 0.896946 0.0599317 0.0725491   1.54191
 0.895115 0.0791127 0.0717617    1.5396
 0.897414 0.0710707 0.0571463   1.54322
 0.896687 0.0612603 0.0691872   1.54156
 0.892594 0.0939415 0.0645454   1.53486
 0.896432 0.0864208  0.037967   1.54165
 0.896621 0.0854129 0.0474494   1.54243
 0.895949  0.076027 0.0593505    1.5407
 0.895108 0.0787255 0.0595533    1.5388
 0.897419 0.0517956 0.0854257   1.54372
 0.895572 0.0632098 0.0987585   1.54162
 0.894432 0.0705366 0.0822236    1.5381
 0.894987 0.0693674 0.0871158   1.53944
 0.893578 0.0743461   0.11036   1.53919
  0.89124 0.0842236  0.120092   1.53577
 0.890705 0.0852132  0.101779   1.53253
  0.89079 0.0872597   0.11021   1.53373
 0.891355 0.0888149 0.0763231   1.53231
 0.890506 0.0855207 0.0792563   1.53008
  0.89299 0.0789222 0.0992858   1.53686
 0.891193 0.0896905 0.0936003   1.53333
 0.893447 0.0873147 0.0820058   1.53733
 0.892608 0.0799048 0.0942781   1.53582
 0.887556  0.160793 0.0245657   1.53003
0.854093 0.266352 0.126646   1.4903
 0.888694  0.157149 0.0532392    1.5351
 0.87342 0.293525 0.384039  1.61476
 0.887044  0.143656 0.0110713   1.52507
0.873846 0.281118 0.390801  1.62012
0.893326 0.238452  0.11361  1.58152
 0.88333 0.129186   0.1298  1.54556
0.876864 0.258514 0.381762  1.62533
0.878113 0.110573 0.181117  1.55266
0.874247 0.100227 0.243104  1.56667
 0.855767 0.0995355  0.275764   1.55201
0.870266 0.290725 0.390355  1.61436
 0.879099 0.0949605  0.269026    1.5796
0.882359 0.194363 0.336009  1.62109
0.884294 0.129143 0.307423  1.61586
 0.867232 0.0948939   0.17465   1.53274
0.868179 0.125699 0.274869  1.59152
0.861757 0.112101 0.328157  1.57993
0.886492 0.218454  0.30304  1.61661
0.863377 0.154697 0.289212  1.58706
 0.715834 0.0700574 -0.308671   1.20114
 0.716689 0.0694952 -0.308114   1.20249
 0.711876  0.067582 -0.306609   1.19193
 0.714648  0.072693 -0.307256   1.19818
 0.712672 0.0720923 -0.305168   1.19321
  0.71342 0.0756826 -0.306527   1.19524
 0.713388 0.0740532 -0.306009   1.19518
  0.71308 0.0704166 -0.307696   1.19511
 0.714275 0.0712041 -0.307728   1.19765
  0.71899 0.0653244 -0.304705   1.20412
 0.708361  0.067154 -0.301647   1.18269
 0.708484 0.0639537 -0.294024   1.17973
 0.707882 0.0716317 -0.297218   1.18013
 0.708037 0.0703918  -0.29236    1.1784
 0.707888 0.0759068 -0.294075   1.17882
 0.707673 0.0737563  -0.29402   1.17857
 0.707884 0.0679363 -0.296819   1.17991
 0.707482 0.0694937  -0.29753   1.17944
 0.714245 0.0709806 -0.263728   1.18176
  0.72051 0.0681594 -0.307216   1.20935
 0.722887 0.0712347  -0.30609   1.21412
  0.70934 0.0642663 -0.262719    1.1699
 0.709672 0.0641347 -0.263427   1.17078
 0.710389 0.0688313 -0.256027   1.16971
 0.712266 0.0727528 -0.250846   1.17177
 0.711001 0.0740283 -0.257048   1.17135
 0.710575 0.0707592 -0.254699   1.16931
 0.708997 0.0701294 -0.266542   1.17065
 0.710142 0.0748765 -0.263034   1.17174
 0.709441 0.0754922 -0.269538   1.17269
 0.709149 0.0726412 -0.267319   1.17099
 0.709847 0.0663009  -0.25959   1.16961
 0.709735  0.072116 -0.261009   1.16989
  0.70939  0.067004 -0.265338   1.17082
 0.709579  0.069892 -0.260742   1.16974
 0.711744 0.0690051 -0.248005   1.16934
 0.710767 0.0643667 -0.254001   1.16944
 0.712177 0.0626723 -0.247788   1.17024
 0.711602  0.067327 -0.250872   1.17041
 0.712175 0.0551971 -0.255465   1.17274
 0.711508 0.0590779 -0.259742   1.17307
 0.709888 0.0620325 -0.262091   1.17068
 0.737143 0.0951404 -0.310976   1.24845
 0.713617 0.0511827 -0.243674   1.17165
 0.717595 0.0442368 -0.227679   1.17468
 0.714714 0.0571514 -0.229451   1.16942
 0.716843 0.0535051 -0.220401   1.17086
 0.716288 0.0622119 -0.220086   1.16953
 0.715692 0.0605903 -0.223479   1.16983
 0.715843 0.0509365 -0.232709   1.17291
 0.713847 0.0561483 -0.233636   1.16924
 0.752896  0.129233 -0.299236   1.28409
 0.745422  0.119914 -0.316067    1.2722
 0.751389  0.123937 -0.306626   1.28281
 0.719245 0.0431808 -0.214512   1.17427
 0.723322 0.0358278 -0.197732     1.178
 0.720492 0.0489338 -0.198092   1.17204
 0.722767  0.045047 -0.188275   1.17396
 0.722174 0.0544329 -0.187556   1.17234
 0.721533 0.0530402 -0.191225   1.17255
 0.721551 0.0430418 -0.202729   1.17586
 0.719614 0.0486438 -0.203209   1.17209
 0.760177  0.121108 -0.228061   1.27074
 0.765103  0.123587 -0.203473   1.27244
 0.771169  0.122691 -0.191006   1.28199
 0.775468  0.122379 -0.186334   1.29082
0.758794 0.130733 -0.18707  1.25693
  0.76626  0.118775 -0.193818   1.27154
 0.732773 0.0386863 -0.150573   1.18677
  0.73793 0.0402952 -0.139612   1.19541
 0.734772  0.042787 -0.137578   1.18764
 0.737512 0.0430409 -0.132734   1.19246
 0.736617 0.0465735  -0.13197   1.19006
 0.736148 0.0460075 -0.133483   1.18977
 0.736081 0.0424796 -0.141573   1.19181
 0.734345 0.0439741 -0.141479   1.18813
 0.733159 0.0916621  -0.31162   1.23985
 0.741612 0.0493996  -0.13109   1.20191
 0.739998 0.0476997  -0.13102   1.19827
 0.744117 0.0510745 -0.128484   1.20635
  0.74607 0.0519026 -0.128258   1.21012
 0.743229 0.0503271 -0.127565   1.20375
 0.744412 0.0513223 -0.127993   1.20647
 0.73873 0.046945 -0.12933  1.19463
 0.740598 0.0492366 -0.127888   1.19804
 0.738197 0.0486339 -0.129592   1.19314
 0.739017 0.0476928 -0.129283    1.1948
 0.742615 0.0498093 -0.128864   1.20312
 0.741597 0.0493956 -0.128009   1.20025
 0.739863 0.0471258  -0.12965    1.1972
 0.741322 0.0489646 -0.128358   1.20011
 0.714527 0.0412979 -0.244228   1.17325
 0.711654  0.048275 -0.245667   1.16791
 0.759898 0.0620894 -0.138488   1.24284
 0.756137  0.058962 -0.135242    1.2338
 0.757685 0.0625407 -0.137304   1.23826
 0.757942 0.0623184 -0.136456   1.23825
 0.752544 0.0562468 -0.132367   1.22524
 0.749184 0.0538681 -0.130065   1.21735
 0.750373 0.0563469 -0.131812   1.22086
   0.7507 0.0562942 -0.130996   1.22101
 0.754432 0.0625336 -0.136976   1.23171
  0.75207 0.0610544 -0.136346   1.22629
 0.754209 0.0591876 -0.133461   1.22931
 0.752026 0.0589449 -0.132882   1.22491
 0.755675 0.0628516 -0.135464   1.23359
 0.753962 0.0592907 -0.134077   1.22926
 0.728975 0.0226182 -0.184696   1.18713
 0.806798  0.119384 -0.192765   1.36273
 0.801954  0.115451 -0.182583   1.35021
 0.808935  0.119413 -0.191341   1.36776
 0.737927 0.0402513 -0.154305   1.19947
 0.762282 0.0761381 -0.147215   1.25254
 0.757103 0.0715238 -0.146025   1.24051
 0.770768 0.0789887 -0.151152   1.27156
 0.767984 0.0770009 -0.150265   1.26505
 0.774266 0.0785674 -0.152975   1.27888
 0.776357 0.0777892 -0.153828   1.28305
 0.772091 0.0734373 -0.149945   1.27259
 0.774354  0.077794 -0.151318   1.27823
 0.765605 0.0701649 -0.144866   1.25761
 0.767867 0.0693632 -0.146018   1.26225
 0.763823 0.0655834 -0.142169   1.25238
 0.765854 0.0696679 -0.143566   1.25745
 0.772003  0.079259 -0.150165   1.27347
 0.770029 0.0736611 -0.147423   1.26765
 0.767716 0.0741695 -0.146237    1.2629
 0.769927 0.0741918 -0.148511   1.26808
 0.767159 0.0887283  -0.15227    1.2656
 0.789402 0.0987101 -0.168084   1.31788
 0.786464 0.0963337 -0.167113   1.31092
 0.792378 0.0986039 -0.168992   1.32374
 0.793708 0.0980774 -0.168863     1.326
 0.789442 0.0924941 -0.165407   1.31538
 0.792041 0.0972733 -0.166624   1.32189
 0.783187 0.0881923 -0.161551   1.30102
 0.785062  0.087331 -0.161669   1.30453
  0.78071 0.0824344 -0.157857   1.29379
 0.783149 0.0870535 -0.159191   1.29989
 0.790233 0.0985913 -0.166241   1.31852
 0.787586 0.0920476 -0.162955   1.31085
 0.785636 0.0925572 -0.162781   1.30716
 0.787818 0.0931333 -0.164921   1.31229
 0.843138  0.148897 -0.181105   1.44885
 0.809605  0.123641 -0.179651   1.36917
 0.858143  0.141419 -0.180607   1.48092
0.826308 0.130227 -0.18717  1.40855
0.884494  0.15601 -0.15248  1.53954
 0.838623  0.156715 -0.178149   1.44019
 0.839308  0.250464 -0.148221   1.45813
 0.841016  0.236701 -0.155608   1.45944
 0.831817  0.268649 -0.154979   1.44728
 0.821644  0.286554 -0.155752    1.4306
 0.823519  0.267894 -0.164902   1.43033
0.827719 0.279839 -0.16179  1.44308
 0.833007  0.236273 -0.169947   1.44295
 0.825148   0.24965 -0.172682   1.42984
 0.826006  0.232067 -0.178007   1.42769
0.829641 0.243527 -0.17617  1.43883
 0.835195  0.263377 -0.160157   1.45417
 0.829168  0.261079 -0.170184   1.44191
 0.835025  0.247529 -0.166391   1.45012
0.832619 0.252282 -0.16446  1.44571
 0.894569  0.156422 -0.134626   1.56015
  0.808028   0.361301 -0.0866661    1.41889
0.810512 0.344858 -0.10823  1.42011
  0.823425   0.334521 -0.0960799    1.44302
 0.816912  0.356231 -0.101235   1.43809
  0.81442  0.325998 -0.127367   1.42403
0.818211 0.305689 -0.14211  1.42725
 0.829283  0.300893 -0.128407   1.44798
 0.823409   0.31862 -0.137025   1.44276
  0.836145   0.306699 -0.0955352    1.46202
 0.840058  0.290798 -0.108642   1.46716
 0.820411  0.337949 -0.121298   1.44112
 0.831398  0.313172 -0.120935   1.45606
 0.829659  0.329608 -0.107261   1.45643
 0.826225  0.318913 -0.115491   1.44572
  0.909425   0.146122 -0.0952889    1.58778
 0.798115  0.396531 0.0210343   1.40787
   0.799304    0.392585 -0.00627922     1.40867
    0.814081     0.373913 -0.000565824      1.43245
  0.806805    0.39862 0.00296082    1.42783
  0.802046   0.384933 -0.0336689    1.41201
  0.805116   0.373851 -0.0601927    1.41544
 0.820781  0.356715 -0.048602   1.44169
   0.81251   0.382561 -0.0515086    1.43499
    0.83081    0.344161 -0.00951822     1.45805
  0.837015   0.331786 -0.0296315    1.46805
    0.8096   0.392223 -0.0247067    1.43158
  0.824004   0.364988 -0.0375439    1.45177
 0.821097   0.37403 -0.014576   1.44828
  0.817227   0.367549 -0.0257111    1.43715
   0.906625    0.139803 -0.00702652     1.57476
0.803052 0.378253 0.115878  1.41672
 0.799936  0.386856 0.0967262   1.41171
 0.810102  0.370214 0.0934037    1.4262
0.805396 0.386866 0.102548  1.42434
 0.798217  0.393336 0.0741264   1.40898
 0.797574  0.395778 0.0492486   1.40718
0.810739 0.376832 0.052053  1.42735
0.804274 0.399116 0.058236  1.42392
0.819457 0.361017 0.074973  1.44168
 0.822935  0.358371 0.0580339   1.44714
 0.804508  0.394491 0.0814164   1.42391
 0.814015  0.379403 0.0616959   1.43638
 0.814242  0.376512 0.0803114   1.43694
 0.809838  0.376104 0.0731307   1.42636
   0.812516    0.343966 -0.00929802     1.41775
  0.823596    0.34536 -0.0366807    1.44298
0.823811 0.334404    0.131  1.44653
0.824303 0.334863  0.12119  1.44635
0.819444 0.331276  0.14998  1.43807
0.817772 0.330853 0.169845  1.43732
 0.81315 0.343757 0.159868  1.43054
0.816489 0.341345 0.160734  1.43713
0.814693  0.35117 0.126388    1.432
0.809519 0.355898 0.147523  1.42556
0.806191 0.366899 0.133111  1.42081
0.810469 0.365301 0.136263  1.43004
0.820873 0.340354 0.139081  1.44317
0.813335 0.353755 0.149402  1.43342
0.817753 0.350254 0.129257   1.4389
0.816666 0.342679 0.138949  1.43469
 0.885596  0.217099 0.0151981   1.53802
 0.835667  0.332822 0.0945381   1.46832
 0.83624 0.291571 0.158249  1.46278
0.834347 0.293451 0.154048  1.45831
0.836679 0.278555 0.175173  1.46182
0.839384 0.270375 0.191348  1.46798
0.833392 0.286244 0.189161  1.45937
0.835368 0.283016 0.185346  1.46192
0.827845 0.304507 0.166118  1.44933
0.827828 0.301738 0.184741   1.4515
0.822531 0.316094 0.178369  1.44375
0.825262 0.313114 0.177111  1.44849
0.835806 0.290628  0.16642  1.46233
0.830213 0.298501 0.182089  1.45514
0.830543 0.303012 0.164339  1.45459
0.832013 0.293038  0.17164  1.45559
0.889833 0.213001  0.05043  1.54988
  0.878099   0.252614 0.00323757    1.53048
   0.888494    0.140952 -0.00756108     1.52796
0.840397 0.304583 0.121922  1.47137
0.883278 0.132749 0.118891  1.52395
0.881932 0.132134 0.121151  1.52087
0.885613  0.11106 0.123883  1.52664
 0.889173 0.0965282  0.129987   1.53365
0.886544 0.108219 0.139123  1.53026
0.886051 0.109822 0.128737   1.5277
0.880728 0.132287  0.13838  1.52025
0.883853 0.120234 0.147364  1.52687
0.880859 0.132708 0.155008    1.523
0.880624 0.133003 0.145192   1.5208
0.884563 0.125544   0.1197  1.52562
0.883446 0.121146 0.137348  1.52441
0.881555  0.13446 0.129721  1.52129
 0.88317  0.12245 0.132579   1.5237
  0.896379  0.0978923 -0.0138007    1.54144
  0.891747   0.115812 -0.0129505    1.53233
   0.893824    0.108227 -0.00267749     1.53632
  0.898808  0.0832996 -0.0210271    1.54609
  0.900082  0.0640315 -0.0155101    1.54762
   0.898527    0.068866 -0.00160019     1.54398
   0.899402   0.0696431 -0.00273846     1.54626
   0.901113   0.0449035 -0.00589222     1.54866
 0.901725 0.0267424 0.0109036   1.54912
 0.900483  0.043575 0.0165498   1.54686
  0.90122 0.0295692 0.0138395   1.54822
 0.899052 0.0583889 0.0204768   1.54455
 0.897358 0.0743821 0.0131466   1.54169
  0.89715 0.0636679 0.0261683    1.5407
  0.900457  0.0492143 0.00269668    1.54741
 0.899716 0.0459287 0.0186891   1.54535
  0.898942  0.0594307 0.00812623    1.54431
  0.899638  0.0576051 0.00496635    1.54571
 0.884291  0.136841 0.0156957    1.5178
  0.897832  0.0937266 -0.0069824    1.54441
  0.897081  0.0718907 0.00579851    1.54083
 0.893234 0.0817584 0.0123654   1.53264
    0.8967  0.0758636 0.00786765    1.54027
  0.888933   0.126204 0.00361523    1.52683
 0.780144  0.118019 -0.189707   1.30116
 0.775068  0.117634 -0.192197   1.28947
 0.782387  0.116359 -0.193496   1.30569
 0.779476  0.118033 -0.192772   1.29946
 0.769303  0.116236 -0.205535   1.28028
 0.762939   0.12157 -0.232352   1.27852
 0.768552  0.119784 -0.228395   1.28755
 0.766956   0.12391 -0.228345   1.28532
 0.784744  0.113483 -0.200061   1.31131
 0.775734  0.115335 -0.222636   1.29942
 0.786542  0.105814 -0.215722   1.31871
  0.78194  0.117164 -0.217063   1.31091
 0.773519   0.11937 -0.200425   1.28818
 0.773504  0.122618 -0.222363   1.29607
 0.781279  0.117338 -0.199715    1.3043
 0.776591  0.116262 -0.201304   1.29437
 0.750474 0.0694323 -0.139815   1.22475
   0.82195   0.335076 -0.0557765    1.43705
  0.798568   0.381643 -0.0075546     1.4083
  0.789797   0.384223 -0.0200809    1.39211
  0.795052   0.356537 -0.0972029    1.39422
  0.763369   0.404241 -0.0658413    1.35362
 0.749869  0.374574 -0.136771   1.32235
 0.776083  0.381975 -0.109538   1.37191
  0.785402   0.378281 -0.0532671    1.37975
  0.802846   0.372899 -0.0664244    1.41519
 0.885095  0.245288 0.0409746   1.54749
  0.750301  0.0631967 -0.0303353    1.20685
  0.755262  0.0646592 -0.0112486    1.21818
  0.739734  0.0703953 -0.0511805    1.19005
    0.758353    0.0414692 -0.000969872      1.22319
   0.759203   0.0344984 -0.00241992     1.22455
  0.758068  0.0504436 -0.0021161    1.22293
   0.754071   0.0466959 -0.00419693     1.21593
 0.720541 0.0832948 -0.139511   1.16908
 0.715997 0.0797545 -0.183162   1.16791
 0.707685 0.0560226 -0.281864   1.17284
 0.705601 0.0598863 -0.283782   1.16941
 0.725734 0.0776537 -0.212653   1.19242
 0.714057 0.0751318 -0.227264   1.17278
 0.714174 0.0627809 -0.279329   1.18567
 0.713444 0.0765809 -0.164267   1.16047
 0.711062 0.0647039 -0.306805   1.18984
 0.713591 0.0654615 -0.307045    1.1952
 0.714528 0.0708708 -0.145803   1.16014
 0.710421 0.0683773 -0.209732   1.16274
 0.716265 0.0630131 -0.297819   1.19553
 0.707227 0.0533805 -0.293966   1.17612
 0.718856 0.0675903  -0.30124   1.20266
 0.763475 0.0410925 -0.026093   1.23226
  0.760694  0.0356152 -0.0231551     1.2269
  0.743486  0.0447623 -0.0850131    1.19631
  0.760223  0.0316608 -0.0183839    1.22624
  0.72417 0.0735721  -0.22604   1.19209
  0.72674 0.0622275 -0.211742   1.19303
  0.757751  0.0275162 -0.0084188    1.22187
  0.71898 0.0837928 -0.121108   1.16506
     0.7562   0.0299917 -0.00542115     1.21917
  0.726996   0.084733 -0.0814962    1.17435
  0.737118   0.079102 -0.0506299    1.18777
 0.711063  0.049986 -0.292819   1.18215
  0.747981  0.0724832 -0.0288861    1.20441
  0.737956  0.0283868 -0.0387195    1.18884
  0.751184   0.065783 -0.0228419    1.20983
  0.746623  0.0574451 -0.0113982    1.20262
  0.747735  0.0364705 -0.0130682    1.20422
   0.758463   0.0575963 -0.00674772     1.22358
  0.757142  0.0661166 -0.0166799    1.22084
  0.742149  0.0521482 -0.0146656    1.19545
 0.740645  0.109179 -0.327469   1.26509
 0.720001 0.0339888 -0.218298   1.17687
 0.717068 0.0416195 -0.219238   1.17106
 0.709523 0.0523496  -0.26842   1.17145
 0.710548 0.0330039 -0.263606   1.16929
 0.710507 0.0621376 -0.191302   1.15997
  0.72212 0.0237874 -0.212115   1.17923
 0.724194 0.0766601 -0.258468   1.20095
  0.751919    0.02728 -0.0243976    1.21164
 0.724522 0.0804346 -0.246125   1.19864
  0.753801  0.0268977 -0.0298094    1.21488
  0.755197  0.0312577 -0.0386376    1.21718
 0.725377 0.0514199 -0.295352   1.21409
 0.728955 0.0705925 -0.173135   1.18887
 0.734261 0.0612576 -0.135423   1.18948
 0.738598 0.0442426  -0.12551   1.19371
  0.750007  0.0229517 -0.0279956    1.20841
 0.736622 0.0510553 -0.112104    1.1885
  0.754038  0.0333847 -0.0461529    1.21408
  0.750565  0.0406894 -0.0595807    1.20716
 0.730028 0.0524458 -0.172631   1.18904
  0.754604  0.0463177 -0.0484237    1.21539
  0.74727 0.0324604 -0.075305   1.20252
 0.820995  0.311882 0.0778338   1.43378
 0.812315  0.338274 0.0416698   1.41999
 0.837572  0.343657 0.0535345   1.47358
 0.846385  0.287751 0.0972976   1.47515
 0.844934  0.257059 0.0820914   1.47164
 0.887194  0.184286 0.0457974   1.54209
 0.893936  0.172225 0.0188355   1.55311
 0.900317  0.156993 0.0193415   1.56403
  0.905145   0.152698 0.00247193    1.57381
  0.912994   0.140979 -0.0315089    1.59035
 0.869966   0.24556 0.0413008   1.51416
 0.878661  0.223285 0.0471026   1.52879
  0.91355   0.12349 -0.037812   1.58899
 0.855726  0.266732 -0.105437    1.4954
  0.898958   0.180777 0.00770724    1.56437
 0.886214  0.211072 0.0250041   1.54226
  0.912107   0.115092 -0.0961963     1.5894
  0.914624   0.132169 -0.0861445    1.59693
 0.906907  0.126057 -0.117439   1.58159
0.852458 0.220754 -0.15149  1.48201
 0.846387  0.299679 -0.047891   1.47857
  0.849327   0.273848 -0.0746711    1.47967
 0.899507  0.132972 -0.137145   1.56824
 0.890219  0.137898 -0.154789    1.5503
  0.84018  0.185243 -0.174498   1.44893
 0.894679  0.190294 -0.100627   1.56233
 0.879959  0.142257 -0.167293   1.52932
 0.826006  0.152773 -0.181621   1.41136
 0.884686  0.191992 -0.126001   1.54304
 0.847457  0.130799 -0.194163   1.45719
 0.853778  0.137389 -0.190606   1.47215
 0.858477  0.169149 -0.167488    1.4852
 0.829869  0.122107 -0.195471   1.41572
 0.837201  0.128079 -0.195319   1.43343
 0.810996  0.118539 -0.195538   1.37245
 0.815834  0.124214 -0.192623   1.38445
  0.81738   0.11952 -0.194823   1.38696
0.885188 0.202586 0.312079  1.59936
0.884911 0.274603  0.33195  1.61002
0.889673 0.199088 0.294971  1.60849
0.883374 0.291113 0.345683  1.61703
0.879049 0.295023 0.358142  1.61379
0.886133 0.285777 0.335765  1.61765
0.886672 0.293911 0.341726   1.6239
0.893232 0.187842 0.208956  1.59807
0.882803 0.299503 0.353527  1.62185
0.895364 0.191103 0.162516  1.58713
0.895595 0.199254 0.122748  1.57589
 0.893498  0.207185 0.0858045    1.5631
 0.86817 0.224154 0.112909   1.5084
0.895141 0.233117 0.188312  1.60679
 0.886761  0.208979 0.0368377   1.54002
 0.884106  0.140869 0.0531453   1.52332
0.870182 0.226703 -0.10615  1.51118
  0.875729   0.220806 -0.0836125    1.51968
  0.880432   0.218401 -0.0568494    1.52763
  0.868489   0.247261 -0.0649284     1.5088
   0.87504   0.215392 -0.0721202    1.51532
0.893804 0.231479  0.16917  1.59833
0.892763 0.233238 0.133427  1.58543
   0.881571    0.210963 -0.00206818     1.52649
 0.839848  0.311217 0.0744931   1.46573
  0.881693   0.217911 -0.0192449    1.52855
0.879224 0.228775 0.353532  1.62216
0.872474 0.224474 0.365646  1.61192
 0.865427 0.0930388  0.296442   1.56935
0.870228 0.263748 0.387647  1.61408
 0.881193  0.129617 0.0834568   1.52505
 0.868368   0.12252 0.0849897   1.50392
0.873606 0.301569 0.380776  1.61604
0.895416  0.23598 0.230513  1.61555
0.877932 0.302675 0.367191  1.61823
0.895139 0.238337  0.26495  1.61908
0.893853 0.243702 0.298044  1.62022
0.879276  0.26956 0.052588  1.54496
 0.88983 0.245716 0.317842  1.61296
 0.852491  0.155503 0.0818008   1.48433
0.88572 0.24985 0.32083 1.60316
0.888995  0.28738 0.325968  1.62143
0.884053 0.301795 0.350148  1.62468
0.885543 0.279278 0.330539  1.61225
0.881579 0.253139 0.337937  1.59944
0.890362 0.298087 0.331271  1.63024
 0.883927  0.142002 0.0572755   1.52058
 0.891955 0.0968066 0.0437894   1.53229
 0.890272 0.0936785 0.0470888   1.52822
 0.878596  0.181682 0.0899689   1.51938
 0.885353  0.149044 0.0155053   1.52232
0.894319 0.231469 0.205186  1.60698
0.863801 0.227524 0.100914  1.49757
 0.880422  0.140468 0.0560554   1.51883
0.869144 0.290126 0.398241  1.62262
0.865663 0.254958 0.399172  1.62147
 0.879991  0.140923 0.0181288   1.50978
0.863808 0.114247 0.134178  1.52059
0.855035 0.101716 0.199134  1.52969
0.835917 0.129389 0.242825  1.51684
0.868393 0.304532 0.392162  1.62133
 0.862836 0.0840732  0.237834   1.54681
0.852728 0.152446  0.33304  1.57878
0.870606  0.11804 0.322881  1.59336
0.855958 0.114737 0.129001  1.50322
0.860586 0.135417 0.328433  1.59105
 0.85159 0.125747  0.32896  1.56552
 0.708985 0.0593964 -0.305322   1.18446
    0.711 0.0567051 -0.280929   1.17915
 0.709905 0.0612712 -0.250493   1.16992
 0.714564 0.0576624 -0.306314    1.1948
  0.70795 0.0470749 -0.276491   1.17062
 0.731988 0.0815888 -0.311631   1.23627
 0.711323 0.0735888 -0.148969   1.15607
 0.711817 0.0388304 -0.262363   1.17311
 0.736991  0.095825 -0.329569   1.25629
 0.728614  0.066361 -0.304941   1.22535
 0.741113  0.101241 -0.278212   1.25042
 0.707616 0.0416519 -0.280863   1.16985
 0.726175 0.0305075 -0.190049   1.18258
 0.723292 0.0369037 -0.190448   1.17653
 0.738494  0.042352 -0.163897     1.204
  0.720917 0.00836664  -0.221285    1.17928
 0.734586 0.0405628 -0.156362    1.1926
 0.731786 0.0405207 -0.156791   1.18655
 0.727923 0.0130418 -0.197969   1.18962
 0.747141 0.0597525 -0.136424   1.21601
 0.743435 0.0545852 -0.136277   1.20752
0.787544 0.107022 -0.17167  1.31612
 0.750147 0.0843081  -0.14763   1.22615
 0.776726  0.118137 -0.180268   1.29246
 0.762815  0.116088 -0.169245   1.25999
 0.771726  0.116583 -0.175592   1.28069
 0.780652 0.0947977 -0.162842   1.29793
 0.774598 0.0902083 -0.161146    1.2837
 0.768313  0.100241 -0.159808    1.2699
 0.801101  0.116322 -0.176704   1.34858
 0.795142  0.110409 -0.175163   1.33426
 0.808453  0.126096 -0.177874   1.36681
 0.818888  0.142857 -0.181414   1.39322
 0.814252  0.133456 -0.181988   1.38144
 0.821296  0.133318 -0.182924   1.39766
 0.833055    0.1757 -0.175587   1.43037
 0.829876    0.1622 -0.179303    1.4212
 0.843411  0.214026 -0.155383   1.45954
 0.841526  0.196482 -0.163107   1.45239
 0.872728  0.188035 -0.147452   1.51843
 0.867345   0.17061 -0.169808   1.50664
  0.84942  0.256269 -0.110299   1.47808
 0.851021  0.233414 -0.125264   1.47768
  0.904729   0.172205 -0.0547726    1.57773
  0.881394   0.236033 -0.0781591     1.5397
  0.906566   0.157952 -0.0317681    1.57847
0.899766 0.161191 -0.10309  1.56888
   0.8348  0.335051 0.0396884    1.4634
   0.842987    0.331152 0.000133644     1.48061
 0.829268  0.336273 0.0950321   1.45526
 0.831202  0.335443 0.0720836   1.45742
 0.827328  0.328136 0.0249597   1.44229
 0.862999  0.278258 0.0383406   1.50477
 0.859643  0.258719 0.0607898   1.49558
0.833819 0.309409 0.128643  1.45922
 0.83232 0.311364 0.117734    1.455
 0.84082 0.288784 0.101036  1.46302
 0.84728 0.272354 0.142295  1.47918
0.841791 0.276418 0.138891  1.46724
0.862486 0.228989 0.135203  1.49994
0.856339 0.229971 0.140402  1.48658
  0.89011  0.241537 0.0769229    1.5647
0.875284 0.182865 0.115251  1.51516
 0.87058 0.180464 0.124167  1.50466
0.884717 0.140223 0.084663   1.5248
 0.881005  0.133337 0.0977235   1.51623
  0.89158  0.110822 0.0182263   1.53163
 0.890471  0.235271 0.0975646   1.56916
  0.80057  0.117766 -0.176196   1.34741
 0.786092  0.117313 -0.187929   1.31463
 0.790275  0.117267 -0.189631   1.32441
 0.798651  0.117342 -0.192924   1.34397
 0.802578  0.118878 -0.193642   1.35325
 0.792856  0.116696 -0.182871   1.32986
 0.795338  0.116481 -0.189534   1.33578
 0.777481    0.1069 -0.161912    1.2915
0.755237 0.115651 -0.23235  1.26185
 0.743335   0.10536 -0.276066    1.2533
 0.748001   0.13056 -0.227996   1.24834
  0.845416   0.286713 -0.0745886    1.47008
 0.861646  0.254615 -0.100144   1.49911
 0.864637  0.226852 -0.113349   1.49919
  0.860686   0.252667 -0.0638608    1.49204
  0.858157    0.26838 -0.0952306    1.49492
0.887656 0.271797 0.116773  1.58426
  0.858907   0.273562 -0.0266459    1.49219
 0.820931  0.352737 0.0259612    1.4415
  0.741213  0.0702991 -0.0341597     1.1923
  0.747646  0.0652176 -0.0163859    1.20388
  0.742428   0.064858 -0.0165269    1.19622
  0.730829  0.0750234 -0.0594834    1.17701
   0.72137  0.0755822 -0.0993536    1.16575
  0.749681  0.0297211 -0.0182507    1.20766
 0.725981  0.071496 -0.271831   1.20848
  0.733175  0.0711343 -0.0385729    1.17988
 0.706667 0.0481668 -0.293314   1.17313
 0.727815 0.0802843 -0.060005   1.17414
 0.708894 0.0550611 -0.234498   1.16548
 0.708144 0.0535709 -0.300829   1.17964
  0.735602  0.0159941 -0.0863046    1.18842
 0.709635 0.0508218 -0.269605   1.17403
 0.712677 0.0556376 -0.299163   1.18787
 0.706089 0.0259451 -0.275953   1.16846
 0.709669 0.0515262 -0.305115   1.18381
 0.723224 0.0709216 -0.306329   1.21444
 0.712722  0.058168 -0.305144   1.19075
 0.706585 0.0517872 -0.237042   1.16149
  0.756679  0.0352093 -0.0424829    1.21974
  0.753897  0.0300653 -0.0398525     1.2147
  0.744324  0.0394479 -0.0914611    1.19944
  0.751621  0.0221937 -0.0341877    1.21071
 0.725509 0.0680201 -0.244905   1.19945
  0.740401  0.0171341 -0.0518167    1.19358
  0.747374  0.0236752 -0.0226349    1.20398
 0.717964 0.0803491  -0.10141   1.16226
 0.726325  0.069913 -0.233898   1.19847
 0.744731 0.0289104 -0.018077   1.19945
 0.710104 0.0670869 -0.131464   1.15327
  0.742834  0.0395719 -0.0152861    1.19636
  0.734711  0.0515048 -0.0289546      1.183
  0.746665  0.0465073 -0.0108041    1.20248
   0.74544  0.0711072 -0.0207024    1.20035
  0.732514  0.0291316 -0.0396142    1.18033
  0.739381  0.0733519 -0.0331768    1.19075
  0.735353  0.0626213 -0.0293669    1.18418
  0.73476 0.0894446 -0.327688   1.24998
  0.71615 0.0121681  -0.24122   1.17376
 0.709434 0.0242089 -0.285348   1.17233
 0.730006 0.0795255 -0.305838   1.22976
 0.726886 0.0752395 -0.284995   1.21518
 0.707819  0.061438 -0.194544     1.156
 0.725689 0.0730087 -0.261802   1.20517
  0.745029  0.0226664 -0.0547405    1.20113
  0.747436   0.023893 -0.0608133    1.20502
 0.726348 0.0627306 -0.283951   1.21277
 0.728743 0.0640222 -0.200747   1.19428
 0.733042 0.0540455 -0.162872   1.19214
  0.746606  0.0299815 -0.0729667    1.20327
 0.725518 0.0591548 -0.260914   1.20359
 0.735303 0.0418356 -0.135221   1.18933
 0.741237 0.0346896 -0.103776   1.19424
  0.750214  0.0384931 -0.0622069    1.20827
 0.735643 0.0360281 -0.151765   1.19321
  0.749921  0.0243622 -0.0624733    1.20784
  0.743788  0.0217141 -0.0907165     1.1983
0.837407 0.298366 0.057348  1.45671
 0.844405  0.320479 0.0593717   1.47871
 0.853654  0.312212 0.0255558   1.49513
 0.838731  0.312036 0.0801203   1.46417
 0.893829  0.195747 0.0265711   1.55618
 0.842627  0.313153 0.0411808   1.47128
   0.904354    0.176471 -0.00364379      1.5758
  0.893764   0.214192 0.00728234    1.55872
  0.905547   0.177832 -0.0233901    1.57922
 0.878874  0.245588 0.0233246   1.53192
  0.908125   0.157745 -0.0597854    1.58411
  0.905436   0.151517 -0.0802484    1.57807
  0.871052   0.269559 -0.0789754    1.52696
  0.896344   0.213528 -0.0460515    1.56573
 0.869874   0.23045 -0.117318   1.51768
  0.897279    0.20139 -0.0226679    1.56408
 0.891137  0.167827 -0.127142   1.55343
 0.880358  0.170624 -0.149783   1.53269
0.855314 0.200389 -0.14334  1.48099
 0.879666  0.204381 -0.118693   1.53315
 0.842364  0.170138 -0.165668   1.44873
 0.864378   0.20635 -0.144144   1.50365
  0.84212  0.131284 -0.189743   1.44412
 0.822959  0.126699 -0.190751   1.40063
0.852712 0.182245 -0.16527  1.47522
 0.853536  0.155052 -0.182848   1.47437
0.892705  0.24575 0.305522  1.61589
0.887688 0.274817 0.321096  1.61293
 0.89029 0.285367 0.323942  1.62318
 0.89456 0.239914 0.276493   1.6159
0.895074 0.236408 0.244262  1.61384
0.878936 0.305252 0.367047  1.62245
 0.879675  0.137606 0.0299627   1.51002
0.893226 0.268175 0.295296  1.61804
0.882785 0.312323 0.359652  1.63032
0.894806 0.235266 0.150542  1.59593
 0.868807   0.22975 0.0683605   1.50636
0.896713 0.274735  0.20851  1.61993
 0.886336  0.237907 0.0626965   1.55147
0.863602 0.325858   0.3438  1.60153
0.857627 0.261814 0.086686   1.4915
0.894367 0.276674 0.172538  1.61228
  0.88029  0.242582 0.0297087   1.53377
    0.871493     0.254479 -0.000718672      1.51498
0.869194 0.266637 -0.02999  1.51426
0.888163 0.274778 0.100342  1.58105
0.868932 0.213221 0.376039  1.62281
  0.8594  0.21826 0.385088  1.60566
0.842907 0.134438 0.314532  1.54996
0.859226 0.272526 0.396631  1.60907
 0.875647  0.130221 0.0528222   1.50617
0.868626 0.321583 0.371076  1.62027
0.876327 0.313819 0.377216  1.62697
0.897951 0.274831 0.247905  1.62484
0.896061 0.271043 0.279766  1.62307
0.890925  0.27387  0.15305  1.60048
0.897266 0.303769 0.230408  1.62649
0.887892 0.306527  0.34358  1.63247
0.896051 0.272047 0.225733  1.61743
0.887877 0.295919 0.335993  1.62553
0.888784  0.26682 0.322119  1.61388
0.886355  0.32139 0.338176  1.63454
0.891488 0.268112 0.307882  1.61688
0.891956   0.2848  0.30956  1.62247
 0.888695  0.114056 0.0181367   1.52521
 0.886862  0.128881 0.0617491   1.52578
  0.887025   0.127751 0.00429638    1.52264
0.884448 0.137091 0.022907  1.51882
 0.883246  0.138917 0.0152632   1.51596
0.891391  0.27654 0.136387  1.59896
 0.875644  0.137832 0.0322412   1.50354
0.865146  0.30783 0.380972  1.61427
 0.869216  0.133121 0.0604428   1.49906
0.855406 0.271857  0.38551  1.60358
0.857381 0.128974 0.101029  1.49604
0.842342 0.127228 0.159495  1.49865
0.842548 0.201526 0.359007  1.57427
 0.869684  0.142634 0.0295703   1.49548
0.844563 0.107893 0.193212  1.51114
0.844312 0.111535 0.271892  1.53579
0.847862 0.147547 0.350198  1.57553
0.829768 0.181395 0.212164  1.50164
0.847036 0.195416 0.359136  1.58289
0.842705 0.225677  0.35352  1.57698
 0.706853 0.0451615 -0.298429   1.17533
  0.70783 0.0368378 -0.285073   1.17332
  0.70979 0.0447701 -0.305111   1.18285
 0.706476  0.037057 -0.288971   1.17018
 0.725542 0.0626889 -0.275352   1.20846
 0.708391 0.0268892 -0.274772   1.16814
 0.706218 0.0464751 -0.222392     1.159
 0.711926 0.0196141 -0.259278   1.17014
 0.714621 0.0273292 -0.245773   1.17224
 0.729355 0.0487863 -0.265865   1.21834
 0.719261 0.0223867 -0.225103   1.17664
 0.732702 0.0487969 -0.188557   1.20074
  0.713737 0.00886741  -0.271273    1.17663
  0.72479 0.0228027 -0.201132   1.18323
   0.72109 0.00861947  -0.248428     1.1891
   0.7334 0.0401098 -0.164702   1.19304
 0.726914 0.0222013 -0.231668   1.20001
  0.74789 0.0672842 -0.138319   1.21812
 0.753293 0.0819205 -0.143872   1.23223
 0.763918 0.0846707 -0.146317   1.25642
 0.827837  0.144234 -0.177086   1.41307
 0.838209  0.140076 -0.189204    1.4378
0.863137 0.240268 -0.09968  1.50288
  0.891825   0.200454 -0.0937823    1.55714
  0.866362   0.277232 -0.0470373     1.5156
  0.896474   0.195143 -0.0711944      1.564
   0.87227   0.277527 -0.0453539    1.52838
   0.855275    0.302711 -0.00515224     1.49605
 0.858177  0.307525 0.0367437   1.50268
 0.870356  0.256417 0.0438728   1.51589
  0.847375    0.31472 0.00269298    1.48007
 0.862833  0.298509 0.0298791   1.50958
 0.849192  0.314704 0.0197852   1.48353
 0.841701   0.30609 0.0889301   1.46925
 0.853215  0.282187 0.0666893   1.48477
 0.846433  0.299375 0.0723068   1.47507
  0.84701  0.311216 0.0561379     1.479
0.851369 0.261955 0.109915  1.47988
 0.883976   0.27346 0.0656693    1.5608
 0.842309  0.322725 0.0226663   1.47144
 0.884202  0.129211 0.0294923   1.51731
 0.872551  0.198317 0.0165992   1.50815
 0.873215  0.188808 0.0824378   1.50781
  0.87969  0.155656 0.0603182   1.51384
 0.783286  0.116417 -0.184678   1.30798
 0.778978  0.114318 -0.174464   1.29693
 0.786022  0.116016 -0.181594   1.31411
  0.75789 0.0998072 -0.150002    1.2452
 0.743579 0.0766328 -0.219465   1.23469
 0.735779 0.0864003 -0.306832   1.24733
  0.844364   0.300593 -0.0639812    1.47115
 0.855125  0.291875 -0.046528    1.4913
0.877866 0.275386 0.033449  1.54028
  0.837432   0.322004 -0.0256414    1.46298
 0.876556  0.299418 0.0540926   1.55323
 0.836381    0.3233 0.0370166   1.46114
 0.850581  0.309327 0.0503619   1.48587
  0.721675  0.0707028 -0.0779516    1.16438
  0.730622  0.0423447 -0.0353529    1.17688
0.712952 0.066217 -0.12834  1.15641
  0.74147 0.0231161 -0.047087    1.1951
 0.708288 0.0571507 -0.180065   1.15583
  0.70804 0.0195177 -0.297921   1.17394
 0.707112 0.0316582 -0.299822   1.17372
  0.72884 0.0452265 -0.200647   1.19287
 0.705028 0.0394069 -0.214209   1.15672
 0.706335 0.0396667 -0.259082   1.16615
 0.707466 0.0450118 -0.271178   1.16973
 0.708741 0.0423452 -0.293618   1.17701
 0.708862 0.0381389 -0.299852   1.17826
  0.71224 0.0526046 -0.304498   1.18839
 0.708165 0.0455906 -0.303786   1.17871
 0.704634 0.0428904 -0.225155   1.15648
  0.744387  0.0185689 -0.0583219    1.19999
 0.730997  0.045871 -0.190433   1.19408
 0.726338 0.0535436 -0.233286   1.19715
 0.724633 0.0436379 -0.251737   1.19815
   0.73616  0.0192265 -0.0450981    1.18642
  0.718566  0.0717986 -0.0798821    1.16145
  0.723436  0.0616281 -0.0553309    1.16469
  0.72568 0.0592233 -0.251966   1.20145
 0.722431 0.0326077 -0.259157   1.19485
  0.735486  0.0391176 -0.0328015    1.18445
  0.730775  0.0568254 -0.0330642    1.17706
  0.724924  0.0172753 -0.0784364    1.17092
  0.717309 0.00559189  -0.260736    1.18222
 0.731562 0.0727316 -0.327894   1.24159
 0.716511  0.013391 -0.262565   1.18048
 0.727109 0.0655666 -0.296574   1.21918
  0.70638 0.0549761 -0.183288   1.15331
 0.708993 0.0192675 -0.296603   1.17505
  0.740131  0.0162682 -0.0883641     1.1946
  0.72588 0.0533789  -0.30816   1.22017
 0.705519 0.0226634 -0.246077   1.16314
 0.727615 0.0537088 -0.223836   1.19705
   0.74091  0.0221981 -0.0877777    1.19549
 0.733358 0.0138199 -0.134716   1.18949
 0.733133   0.03402 -0.162993   1.19065
  0.745358  0.0162452 -0.0715868    1.20095
 0.731977 0.0276093 -0.173577   1.19117
  0.73839 0.0243382 -0.125175   1.19238
 0.841313  0.315396 0.0404691   1.46759
 0.853263  0.289463 0.0506552   1.48672
  0.887683   0.238228 0.00318295    1.54978
 0.851844  0.308069 0.0472518   1.48903
  0.89476  0.209582 0.0072117   1.55967
  0.893562    0.21816 -0.0258043    1.55917
  0.900312   0.197537 -0.0246002    1.57094
  0.900283   0.184447 -0.0516188    1.56929
  0.893025   0.223163 -0.0423877    1.55999
  0.886514   0.228115 -0.0021882    1.54441
  0.887572   0.245448 -0.0710787    1.55577
  0.885005   0.255708 -0.0234125    1.54851
  0.892847   0.220409 -0.0665696    1.56121
 0.884077  0.230159 -0.093662   1.54607
0.896236 0.272147 0.263934  1.62081
0.891269 0.312087 0.323356  1.63576
0.874154 0.317641 0.365358  1.62051
0.890703 0.300017 0.317537  1.62746
0.894164 0.273779 0.189937  1.61198
 0.871313  0.146774 0.0174494   1.49654
0.885672 0.310127 0.118881  1.59513
 0.850337  0.147552 0.0991636   1.48634
 0.884157  0.269474 0.0827505   1.56504
0.890539  0.30897  0.17504  1.61045
0.861602 0.268546 0.052737   1.4993
0.895264 0.311136 0.194774  1.62252
 0.872015   0.27517 0.0274187   1.52479
 0.876249  0.161408 0.0206096   1.50625
 0.857855  0.268158 0.0746208   1.49186
 0.880664  0.302998 0.0976746   1.57749
0.854625 0.293461  0.37707  1.60129
0.838787 0.167194  0.13759  1.48494
 0.861631  0.142236 0.0580799   1.48955
0.869897 0.334679 0.332862  1.61278
  0.8789 0.326274   0.3555  1.62948
0.896526 0.298694 0.268192  1.62756
0.881583  0.31558 0.347216   1.6251
0.887483 0.309216 0.330369  1.62847
0.895817 0.292307 0.286233  1.62798
 0.845839  0.175196 0.0822058   1.48033
0.893452 0.299969 0.313454  1.63247
0.894449 0.305339  0.21488     1.62
 0.882158  0.138366 0.0151019    1.5138
 0.874569  0.165099 0.0127097   1.50473
 0.876329  0.145363 0.0154153    1.5042
0.890763 0.313059 0.156576  1.61153
 0.877893  0.331078 0.0986575   1.58402
 0.863021  0.149029 0.0406413   1.48849
0.847877 0.297787 0.343081  1.57779
 0.868737  0.165821 0.0117871   1.49644
0.831859 0.248273 0.306872  1.54234
0.872665 0.322749 0.077738  1.56614
0.837314 0.155192 0.157334  1.48985
0.833579 0.226634 0.317808  1.54801
0.830646  0.20082 0.208655  1.50004
0.830945 0.160364 0.241619  1.51144
  0.70798 0.0408131 -0.303589   1.17785
  0.70773 0.0252449 -0.292606   1.17359
  0.70778 0.0325923 -0.295474    1.1733
  0.70802 0.0214298 -0.291422   1.17152
 0.705385 0.0346511  -0.26065   1.16427
 0.710431  0.014349 -0.281851   1.17284
 0.712821 0.0183169 -0.274008   1.17553
 0.727505 0.0525487 -0.317711   1.22892
 0.720046 0.0126221 -0.249473     1.186
 0.70466 0.025125 -0.25168  1.16171
 0.724772 0.0205661 -0.232519   1.19439
 0.727457 0.0542387 -0.317692    1.2273
 0.731444 0.0719287 -0.309377   1.23743
 0.725942 0.0494448 -0.315577   1.22361
 0.734481 0.0690168 -0.222887   1.21719
 0.723702 0.0342595  -0.31248   1.21651
  0.882966   0.254564 -0.0463675    1.54545
  0.867991   0.286836 -0.0123362    1.51948
  0.885362   0.260345 -0.0444931    1.55211
 0.859727  0.299615 0.0174972   1.50328
 0.857342  0.302839 0.0464304   1.49899
 0.867976  0.285059 0.0280123   1.51712
 0.851683  0.312434 0.0522195   1.49038
 0.847736  0.311891 0.0630446   1.48183
  0.856271    0.30213 -0.0157013    1.49593
 0.844331  0.299217 0.0703619   1.46996
0.849007 0.282542 0.080124  1.47627
  0.861724   0.289794 0.00937907    1.50391
  0.86799   0.24149 0.0623392   1.50752
 0.846547  0.311417 0.0542363   1.47762
  0.87569  0.196437 0.0496377   1.51273
0.880091 0.165483 0.033095  1.51523
 0.881139  0.304472 0.0840582   1.57492
 0.865299  0.297843 0.0274212   1.51753
 0.729862  0.064285 -0.317344   1.23497
 0.726058 0.0396227 -0.266461   1.21021
 0.755711  0.106871 -0.163559   1.24321
 0.739639 0.0551966 -0.186956   1.21506
 0.869181  0.283852 0.0050375   1.51983
  0.840531   0.325181 -0.0121486    1.46907
 0.835518   0.33335 0.0130836   1.46165
  0.86927  0.315667 0.0502472   1.54792
 0.849028   0.30843 0.0424869   1.48257
 0.848291  0.311542 0.0468783   1.48115
  0.84811  0.298878 0.0626036   1.47749
 0.86126 0.307836 0.027003  1.51261
  0.731017  0.0707548 -0.0388749    1.17774
  0.723871  0.0574065 -0.0534337     1.1668
 0.713201  0.057024 -0.108595   1.15488
  0.720938  0.0295778 -0.0717892    1.16374
  0.723594  0.0419408 -0.0628655     1.1673
 0.707184 0.0490424 -0.167439   1.15366
 0.724288 0.0484375 -0.274656   1.20466
  0.725948  0.0284018 -0.0707177    1.17207
 0.706624 0.0453106 -0.170402   1.15338
 0.704781 0.0299547 -0.249832   1.16205
 0.707758 0.0300231 -0.299511   1.17524
 0.714885 0.0118317 -0.289315   1.18533
 0.709928 0.0131489 -0.294615   1.17615
  0.70691 0.0304734 -0.285556   1.17111
  0.735869  0.0149557 -0.0885852    1.18838
 0.727924 0.0338505 -0.215511    1.1938
   0.73049   0.011229 -0.0840465    1.17985
 0.726768   0.03533 -0.223688   1.19398
  0.730537  0.0181137 -0.0785018    1.17988
 0.711838 0.0541536 -0.111463   1.15443
  0.719692  0.0439754 -0.0643849    1.16007
  0.727112 0.00947033  -0.128698     1.1795
  0.713992  0.0426306 -0.0997173    1.15481
 0.705409 0.0303119 -0.202503   1.15632
 0.712922 0.0104075 -0.291192   1.18143
 0.716196 0.0114076 -0.289458   1.18876
  0.71863 0.0124325 -0.288877   1.19455
 0.724213 0.0507582 -0.287151    1.2088
 0.723955 0.0475999  -0.26689   1.20151
 0.719524 0.0238815 -0.295479   1.19998
 0.711863 0.0107095 -0.294183   1.18106
  0.72514 0.0422362 -0.244462   1.19689
 0.734125 0.0163021 -0.135542   1.18926
 0.706667 0.0185197 -0.247617   1.16494
  0.73004 0.0243118 -0.191313   1.19114
 0.736182 0.0228636 -0.137108   1.19266
 0.739173 0.0126054 -0.108959   1.19321
 0.740705 0.0299493  -0.11011   1.19578
 0.730891 0.0172856 -0.176275   1.18999
 0.734591 0.0179197 -0.151859   1.19064
 0.857739  0.297076 0.0393624   1.49762
 0.862652  0.284134 0.0417887   1.50497
 0.869988  0.272761 0.0208128   1.51795
 0.879116  0.247557 0.0237666   1.53236
  0.872458   0.278567 -0.0152296    1.52639
  0.873343   0.272042 0.00730874    1.52553
0.894929 0.289761 0.298076   1.6275
0.893718    0.303 0.289365  1.62726
0.894871 0.297796 0.249688  1.62151
0.888516 0.327909  0.30683  1.63295
0.880874  0.33513 0.320909  1.62599
0.890129  0.31452 0.301286  1.62781
 0.858001  0.171909 0.0251731   1.48618
0.893809 0.315354  0.29362  1.63458
0.894227 0.332799 0.220554  1.62827
0.885412 0.307727  0.13485  1.59586
 0.876662  0.297771 0.0666725   1.55758
 0.845477  0.219836 0.0505213   1.48833
0.871909 0.295149 0.042878  1.53725
0.889629 0.336566  0.17954  1.61709
 0.864141  0.329859 0.0564774    1.5509
0.883658 0.336342 0.137724  1.60223
0.829226 0.182559 0.299029  1.52851
0.838421 0.165049 0.313325  1.54936
0.854373 0.311691 0.332575  1.58825
0.839386 0.197339 0.122583  1.48466
 0.847716  0.181124 0.0657786   1.48096
0.873662 0.344832 0.115767  1.58457
0.875022 0.329756  0.33154  1.61463
0.896308 0.323236 0.255355  1.63391
0.865158 0.337645 0.302142    1.594
0.883686 0.324277 0.316105  1.62327
0.892047 0.316474 0.269744    1.625
0.870934 0.342849 0.291353  1.60545
  0.86685   0.23304 0.0172853   1.50695
  0.87338  0.191719 0.0328989   1.50684
 0.867664  0.198315 0.0121301   1.50163
 0.865281  0.165315 0.0143307   1.49304
 0.854761  0.166819 0.0394965    1.4836
0.851309 0.314645 0.301391  1.57152
0.840011 0.268461 0.266244  1.54407
 0.857174  0.207489 0.0159634   1.49413
0.836429 0.190061 0.139616  1.48289
0.836392 0.264564 0.214771  1.51911
0.831111 0.212019 0.191824  1.49342
0.832211 0.257369  0.27751  1.53117
 0.707952 0.0281907 -0.300205   1.17515
 0.707649  0.016294 -0.284032   1.17177
 0.704456 0.0359802 -0.216858   1.15582
 0.705433 0.0174896 -0.268487   1.16598
0.711529   0.0141 -0.29243   1.1787
 0.722018 0.0373949 -0.297068   1.20669
 0.722511 0.0332756 -0.306945   1.21127
 0.708365  0.011463 -0.266853   1.17056
 0.720845 0.0221051   -0.3036   1.20559
 0.715457 0.0134029 -0.295607   1.18961
 0.719794 0.0155694 -0.290394   1.19849
 0.721815 0.0183327 -0.289389   1.20376
 0.868522  0.289117 0.0117846   1.51993
   0.883462    0.267047 -0.00406531     1.54758
 0.846318  0.311492 0.0618732   1.47791
 0.845303  0.314509 0.0416657   1.47518
0.853527 0.298559 0.060513  1.48987
 0.856958  0.306279 0.0202335   1.49895
 0.851671  0.205836 0.0239499   1.48871
 0.868022  0.242533 0.0305796   1.50696
 0.863803   0.27824 0.0247951   1.50877
 0.869779  0.236499 0.0323404   1.51121
0.852774 0.295096 0.045054  1.48617
 0.861358  0.273741 0.0454161   1.50071
 0.870445  0.297777 0.0302441   1.53142
 0.847693  0.312291 0.0384447    1.4796
 0.866098  0.310386 0.0340723   1.53062
 0.862043  0.301806 0.0149231   1.50971
 0.851003  0.304625 0.0456487   1.48518
0.855167 0.306942 0.045004   1.4952
 0.842079   0.32319 0.0355885   1.47164
 0.846553  0.314303 0.0483038    1.4783
 0.708427 0.0376961 -0.153524    1.1546
 0.715284  0.015077 -0.123574   1.16025
  0.721931 0.00819456  -0.128725    1.17096
 0.715403 0.0294971 -0.113694   1.16007
  0.70915 0.0131991 -0.293433   1.17546
 0.711736 0.0267683 -0.112127   1.15191
 0.706305 0.0214776 -0.276459   1.16848
  0.720046 0.00575442    -0.1757    1.17463
  0.70835 0.0168802 -0.294277   1.17425
 0.707833 0.0141531  -0.23923   1.16606
  0.728462 0.00735817  -0.132299    1.18075
 0.724017 0.0282187  -0.23741   1.19156
 0.707497 0.0205227 -0.186311   1.15702
 0.725641 0.0214338 -0.215075   1.18826
  0.711546 0.00893266  -0.286672    1.17869
 0.720514 0.0151827 -0.123168   1.16902
 0.708196 0.0371048 -0.156363   1.15434
  0.712933 0.00906939  -0.175326    1.16381
  0.72209 0.0266328 -0.293072   1.20708
 0.724204 0.0326538 -0.292181   1.21261
 0.716707 0.0147632 -0.296713   1.19312
 0.723177 0.0376235 -0.306004   1.21262
 0.722119 0.0365385 -0.286338   1.20322
 0.721537 0.0357533 -0.278681   1.19929
 0.722199 0.0334084  -0.26695   1.19697
 0.720816 0.0178529 -0.251737   1.18897
 0.723186 0.0284134 -0.245054   1.19208
 0.727549 0.0114242 -0.174588   1.18375
 0.720811 0.0192374 -0.259694     1.191
 0.726762 0.0133548 -0.217804    1.1921
  0.882139   0.265668 -0.0206457    1.54491
   0.89143   0.238983 -0.0208486    1.55912
0.893206 0.325032  0.24057   1.6266
0.881661 0.340613 0.280566  1.62035
0.885188 0.330571 0.278404  1.61967
0.889003 0.329615 0.200276  1.61538
0.876472 0.337055 0.292089  1.60949
0.883283 0.331271 0.157043  1.60095
0.843698 0.284685 0.171879  1.52602
0.877281 0.328653 0.114057  1.58368
 0.865597   0.25543 0.0317028   1.50684
0.878095 0.339162 0.183546  1.59787
 0.873349  0.323308 0.0665872   1.56429
0.862167  0.29252 0.012035   1.5168
0.855788 0.326114 0.290907  1.57887
0.837665 0.225442 0.123093  1.48764
0.883398 0.334114 0.228436  1.61091
0.839058 0.275608 0.181403  1.51585
0.889523 0.330264 0.271593  1.62823
0.842661 0.289516 0.122599  1.51769
0.887599 0.337838 0.246879  1.62098
0.876924 0.339553  0.25303  1.60417
  0.864109   0.200528 0.00729495    1.49905
 0.867437  0.336705 0.0927573    1.5668
0.872206 0.339819 0.135462  1.58127
 0.860086  0.245122 0.0127456   1.50606
 0.842136  0.212686 0.0689835   1.48443
0.857553  0.33147 0.243213  1.57135
0.838848 0.230439 0.109193  1.48944
 0.85093 0.329275 0.252506  1.55826
 0.708058 0.0131212 -0.283762   1.17205
  0.70786 0.0192549    -0.292   1.17324
 0.710204 0.0119508  -0.29482   1.17765
 0.718632 0.0240738 -0.287304   1.19499
  0.710355 0.00898823  -0.284441     1.1764
 0.713253  0.011047 -0.295148   1.18431
 0.718889 0.0215323 -0.298574   1.19913
 0.714335 0.0126709 -0.287119   1.18485
 0.848469  0.311852 0.0551166   1.48226
 0.847084  0.311095 0.0461144   1.47809
 0.857386  0.296796 0.0407174   1.49807
 0.858513  0.307573 0.0245235   1.50436
  0.865345   0.237161 0.00727632    1.50813
  0.86122  0.307651 0.0230308   1.52597
 0.864059  0.319802 0.0330367   1.53509
 0.865429  0.258689 0.0136845   1.50964
 0.869481  0.315049 0.0427916   1.54379
 0.860431   0.30221 0.0240807   1.50959
 0.864736  0.309773 0.0289408   1.52374
 0.858239  0.298887 0.0324829   1.50171
 0.851914  0.308669 0.0119052   1.48753
 0.850879  0.308663 0.0425268     1.486
0.856449 0.308181 0.026536   1.4991
 0.845112  0.314378 0.0308717   1.47434
 0.705897 0.0286708 -0.204963   1.15689
  0.71949   0.02237 -0.271369   1.19182
 0.708385 0.0107841 -0.285323   1.17289
  0.712173 0.00614669  -0.230301    1.17131
 0.710102 0.0113168 -0.240367    1.1696
 0.706661 0.0137482  -0.26929    1.1681
  0.726546 0.00664942  -0.174666    1.18382
  0.722396 0.00706063  -0.176887    1.17725
  0.715539 0.00690555  -0.178337     1.1673
 0.723745 0.0132903 -0.221736   1.18702
 0.709972 0.0183645 -0.188251   1.16103
  0.718455 0.00962566  -0.247825    1.18439
  0.71952 0.0232917 -0.278953   1.19445
  0.711102 0.00643322  -0.275442    1.17595
  0.72235 0.0126414 -0.239228   1.18836
 0.716849 0.0170142 -0.288375    1.1912
  0.722442 0.00741751  -0.223308    1.18603
  0.714613 0.00691414  -0.265414    1.18024
0.885106 0.342509 0.205199  1.61416
 0.86444 0.345421 0.157563  1.57182
0.873146 0.345029  0.21103   1.5958
0.879426 0.346746  0.16081  1.60117
 0.868737  0.339195 0.0778802   1.56819
 0.842469  0.292248 0.0984177   1.51533
 0.855308  0.247417 0.0101986   1.50227
 0.86122 0.342072 0.114532    1.565
0.840558  0.28178 0.130974  1.51248
0.838446  0.27178 0.206842   1.5202
0.865423 0.344585 0.258931  1.58663
0.866816 0.349848 0.216416  1.58585
0.871056 0.345663 0.250075  1.59904
0.881804 0.347912 0.233009  1.61504
 0.852625  0.305496 0.0585385   1.53133
 0.862653  0.265937 0.0162956   1.51003
 0.850242   0.26724 0.0316355   1.50789
  0.84249  0.262883 0.0547289   1.49784
  0.714285 0.00993734  -0.280283    1.18296
  0.711544 0.00523323  -0.258405    1.17444
0.863613 0.321694 0.036187  1.53925
 0.852856  0.307411 0.0283103   1.48991
 0.86157 0.308694 0.027108  1.51745
 0.862366  0.287756 0.0254494   1.51214
 0.856179  0.335582 0.0654937    1.5446
 0.866042  0.328811 0.0488332   1.55121
 0.862248  0.312356 0.0243137   1.52435
 0.856049  0.292973 0.0284618   1.52291
 0.852437   0.30731 0.0301139   1.48898
 0.856101  0.306313 0.0307702   1.49775
 0.716983 0.0138331 -0.265115   1.18491
  0.716611 0.00243933  -0.222767     1.1764
  0.718214 0.00447742  -0.223289      1.178
 0.710213 0.0091289 -0.267194   1.17366
  0.713456 0.00998134  -0.275501    1.18056
 0.717493 0.0139153  -0.27199   1.18745
  0.718237 0.00969563  -0.252306    1.18377
  0.714196 0.00778244  -0.258237    1.17902
0.872913 0.353619  0.18887  1.59623
 0.861286  0.347732 0.0942569    1.5648
0.853454 0.338302 0.162663  1.55492
0.868747 0.351237 0.136964  1.58194
 0.857684  0.291632 0.0235105   1.52047
0.853884 0.341857 0.118915  1.55492
  0.84756  0.267108 0.0450975   1.50774
0.849406 0.304193 0.065935  1.52796
   0.86027   0.269141 0.00819936     1.5104
0.861067 0.325581 0.034137  1.54141
0.854535 0.332788 0.209943  1.55967
0.858508 0.336627 0.199743  1.56942
0.858342 0.339704 0.152054  1.56732
 0.848251  0.306814 0.0894269   1.52957
 0.716445 0.0163696 -0.280228   1.18774
 0.713227 0.0108986 -0.286783   1.18245
 0.859819  0.336325 0.0549289   1.55012
 0.852876   0.29313 0.0319211   1.52097
   0.8577  0.328397 0.0368081   1.53845
 0.860249  0.310492 0.0193086   1.52965
  0.714621 0.00768565  -0.230842    1.17483
  0.715614 0.00348355  -0.248004    1.17918
