-0.975817864065328 -0.218585214895658
-0.975700995320321 -0.219106293225307
-0.975394281272369 -0.220467675773931
-0.974995444497932 -0.222224848314225
-0.974509369988677 -0.224346802527407
-0.974105615767576 -0.226093452647508
-0.973283564211463 -0.229606410267289
-0.973062375509340 -0.230541999141414
-0.972308623801526 -0.233700535046845
-0.971993345177759 -0.235008376297844
-0.971491875814999 -0.237072847929606
-0.970999898417082 -0.239079897260344
-0.970645053345281 -0.240516486786950
-0.970030240110450 -0.242984224325906
-0.969702055123865 -0.244290655344310
-0.969099286035557 -0.246670982901059
-0.968637595161237 -0.248477784198621
-0.968147714159967 -0.250379718760986
-0.967539689227723 -0.252719112393821
-0.967110747126867 -0.254355662000502
-0.966523190321291 -0.256579271514970
-0.966048197348656 -0.258361917471234
-0.965533312527490 -0.260279508220861
-0.965019360541528 -0.262178629525788
-0.964518418833855 -0.264015567211935
-0.964010090017037 -0.265865654693012
-0.963509702785132 -0.267673406671089
-0.963010469162244 -0.269463979566686
-0.962521528589872 -0.271205285717326
-0.962042818302205 -0.272898544798520
-0.961531864196848 -0.274693418439783
-0.961075411863752 -0.276286179008143
-0.960568779036363 -0.278042480100778
-0.960117065061118 -0.279598321487140
-0.959623935592617 -0.281286157209588
-0.959168560968527 -0.282835060856261
-0.958701067280685 -0.284415652865441
-0.958250208874680 -0.285931000753035
-0.957797739298652 -0.287443021474502
-0.957361668918496 -0.288892081728788
-0.956922535640768 -0.290343349816806
-0.956501687363890 -0.291726793541546
-0.956070349197970 -0.293137318307429
-0.955624496597674 -0.294587544717088
-0.955188508880468 -0.295998163005630
-0.954719116989011 -0.297508668202665
-0.954222407458206 -0.299097972418179
-0.953737657618576 -0.300640117815691
-0.953215296710068 -0.302292239592647
-0.952668546438913 -0.304010921885989
-0.952150316805606 -0.305630126471498
-0.951561205586146 -0.307459382721427
-0.950946040120713 -0.309356798500915
-0.950340883745019 -0.311210868516408
-0.949670951532535 -0.313249235937279
-0.948986933967850 -0.315315396322950
-0.948345371200673 -0.317239746756705
-0.947605555185369 -0.319442814572231
-0.946865135044018 -0.321630869224447
-0.946119465145274 -0.323817784677154
-0.945302954175807 -0.326193692192984
-0.944485834829326 -0.328552138642790
-0.943694837245415 -0.330817251902543
-0.942799393323351 -0.333360621473384
-0.941936974897685 -0.335789718902467
-0.941027745894366 -0.338329397860973
-0.940054893555458 -0.341023162120165
-0.939060979918186 -0.343750601446886
-0.938153192327578 -0.346220432276279
-0.937081589723894 -0.349110432672156
-0.936042417035530 -0.351887188613457
-0.934968954243993 -0.354729551348479
-0.933836812887231 -0.357699324708084
-0.932668589144719 -0.360734393734226
-0.931584103284167 -0.363525870479991
-0.930345775249304 -0.366683430871607
-0.929110801803467 -0.369801457504047
-0.927844220243133 -0.372967965060556
-0.926558073315609 -0.376151747003342
-0.925142504074901 -0.379620003627341
-0.923780936136540 -0.382921378393395
-0.922244459419215 -0.386607238771546
-0.920611959117534 -0.390478707140063
-0.918907144851479 -0.394473901723425
-0.917262505925424 -0.398283184710843
-0.915349253936028 -0.402660829133847
-0.913475195938277 -0.406894416778513
-0.911454244470384 -0.411401458719972
-0.909332105566110 -0.416071053771715
-0.907085779924852 -0.420945825324498
-0.904928066310953 -0.425564560087797
-0.902497913973017 -0.430694224798003
-0.899954859469161 -0.435983085586864
-0.897303992643614 -0.441413122580002
-0.894766761047780 -0.446533809833102
-0.891853739366273 -0.452323896758059
-0.888993135955451 -0.457920521732857
-0.885882486297071 -0.463909711551850
-0.882853986007023 -0.469647569344835
-0.879441003253940 -0.476007900980334
-0.876119033281414 -0.482094844944479
-0.872426230220677 -0.488745816169242
-0.868718029412137 -0.495306960756956
-0.864553017736440 -0.502541619692155
-0.860338798402562 -0.509722622573530
-0.855571891509107 -0.517684014104674
-0.850685985408201 -0.525674190188255
-0.845349229069540 -0.534214077792353
-0.839886594480530 -0.542761926089052
-0.833864324972652 -0.551969462504860
-0.827932507604759 -0.560827747932728
-0.821356425089368 -0.570415307442229
-0.814505892739762 -0.580155281534352
-0.807216008412354 -0.590256144197437
-0.799924956809861 -0.600100044553191
-0.791707654677563 -0.610900146934794
-0.783129375450401 -0.621858811392639
-0.774019687753736 -0.633161529919190
-0.764431941697288 -0.644704433452194
-0.754028328751772 -0.656841898358965
-0.743466009102419 -0.668773723548797
-0.731753122754602 -0.681569781709025
-0.719636676081920 -0.694350815105567
-0.706674322459051 -0.707538975588653
-0.692858831911880 -0.721073254976015
-0.678266885648207 -0.734815644793360
-0.663010741117223 -0.748609883158906
-0.646482175224500 -0.762929090490721
-0.629495331764401 -0.777004264651635
-0.611037706039621 -0.791601491786011
-0.592023943870568 -0.805920374406764
-0.571574885240450 -0.820549907417195
-0.550415274651432 -0.834891026080883
-0.527940774068919 -0.849281189639516
-0.504564306523763 -0.863374113917133
-0.479941932413915 -0.877300257329722
-0.454222112485546 -0.890888473676233
-0.426927119496343 -0.904286035852902
-0.398167084047453 -0.917312909088905
-0.367732384763512 -0.929931660497770
-0.335802118554932 -0.941932554471932
-0.301912833036645 -0.953335534451426
-0.266751023573615 -0.963765475321890
-0.231023072551690 -0.972948271979953
-0.195112765987971 -0.980780815752696
-0.159162890017991 -0.987252335748628
-0.123198950931601 -0.992381992223435
-0.087011990010196 -0.996207264375474
-0.050662203455886 -0.998715846044807
-0.014160494170323 -0.999899735175909
 0.022697948974426 -0.999742368369149
 0.059682411614521 -0.998217416069202
 0.095936104189843 -0.995387494352263
 0.130664781388941 -0.991426605909172
 0.164153192057538 -0.986434858233082
 0.195670110966564 -0.980669775038638
 0.226109401784069 -0.974101913777429
 0.254479897044176 -0.967078064067418
 0.281923770601723 -0.959436807491618
 0.307363738376280 -0.951592103966483
 0.331988940554345 -0.943283278421495
 0.354659821673116 -0.934995406882191
 0.376770461484768 -0.926306655137787
 0.397387210935503 -0.917651025491119
 0.417503500357848 -0.908675314504001
 0.436874641142174 -0.899522399902802
 0.455589893095164 -0.890189782748340
 0.473837373413849 -0.880612368500616
 0.491416050583698 -0.870924948103291
 0.508226960124920 -0.861223174910071
 0.524844148227911 -0.851198343555084
 0.540342149837896 -0.841445399956861
 0.555775814250092 -0.831332210548014
 0.570315164451260 -0.821425963308278
 0.584280723389208 -0.811551622680766
 0.597799289470954 -0.801645813004735
 0.610971843298299 -0.791652326906628
 0.623326530097904 -0.781961659466823
 0.635604532706135 -0.772014817217530
 0.647060722046498 -0.762438470950059
 0.658165898671197 -0.752872930730237
 0.668893984474962 -0.743357812586381
 0.679517756881051 -0.733659061201690
 0.689726643544285 -0.724069856564361
 0.699800515254189 -0.714338322400507
 0.709651102696276 -0.704553271543011
 0.719362139587488 -0.694635236745237
 0.728853987966828 -0.684669164067472
 0.738108801335625 -0.674681700797410
 0.747217825785795 -0.664579205834752
 0.756042206047324 -0.654522866426449
 0.764674166391661 -0.644417115890956
 0.773211455045097 -0.634148283753133
 0.781474818622792 -0.623936781940666
 0.789502772140982 -0.613746994112154
 0.797570736637187 -0.603225430548161
 0.805236585319745 -0.592953658950340
 0.812959607402240 -0.582320080997037
 0.820556078473125 -0.571566026002952
 0.827944284401579 -0.560810361821853
 0.835218834833822 -0.549917719244281
 0.842446197511839 -0.538780478764629
 0.849373551268477 -0.527792165919101
 0.856444342707964 -0.516239370683333
 0.863142070542113 -0.504961153020976
 0.869724505665568 -0.493537520604850
 0.875880128179899 -0.482528756717736
 0.881764666671641 -0.471689593492849
 0.887269665677118 -0.461251060019612
 0.892394846682076 -0.451255401757445
 0.897259008137332 -0.441504555261224
 0.901695403502630 -0.432371829912899
 0.905861416353482 -0.423574189914899
 0.909694529026460 -0.415278056077283
 0.913612545155275 -0.406585928599233
 0.919124020510476 -0.393968317153370
 0.926807380738343 -0.375537054109087
 0.936365267308441 -0.351027187235392
 0.947286509416308 -0.320387685590234
 0.959259483521676 -0.282526535521405
 0.971417185772424 -0.237378708366997
 0.982911161723927 -0.184080548017763
 0.992394781263717 -0.123095889941703
 0.998518733707210 -0.054408992232440
-0.000000000000000 -1.000000000000000
-0.000000000000000 -1.000000000000000
-0.000000000000000 -1.000000000000000
-0.000000000000000 -1.000000000000000
-0.000000000000000 -1.000000000000000
-0.000000000000000 -1.000000000000000
-0.000000000000000 -1.000000000000000
-0.000000000000000 -1.000000000000000
-0.000000000000000 -1.000000000000000
-0.000000000000000 -1.000000000000000
-0.000000000000000 -1.000000000000000
-0.000000000000000 -1.000000000000000
-0.000000000000000 -1.000000000000000
-0.000000000000000 -1.000000000000000
-0.000000000000000 -1.000000000000000
-0.000000000000000 -1.000000000000000
-0.000000000000000 -1.000000000000000
-0.000000000000000 -1.000000000000000
-0.000000000000000 -1.000000000000000
-0.000000000000000 -1.000000000000000
-0.000000000000000 -1.000000000000000
-0.000000000000000 -1.000000000000000
-0.000000000000000 -1.000000000000000
-0.000000000000000 -1.000000000000000
-0.000000000000000 -1.000000000000000
-0.000000000000000 -1.000000000000000
-0.000000000000000 -1.000000000000000
-0.000000000000000 -1.000000000000000
-0.000000000000000 -1.000000000000000
-0.000000000000000 -1.000000000000000
-0.000000000000000 -1.000000000000000
-0.000000000000000 -1.000000000000000
-0.000000000000000 -1.000000000000000
-0.000000000000000 -1.000000000000000
-1.000000000000000  0.000000000000000
-1.000000000000000  0.000000000000000
-1.000000000000000  0.000000000000000
-1.000000000000000  0.000000000000000
-1.000000000000000  0.000000000000000
-1.000000000000000  0.000000000000000
-1.000000000000000  0.000000000000000
-1.000000000000000  0.000000000000000
-1.000000000000000  0.000000000000000
-1.000000000000000  0.000000000000000
-1.000000000000000  0.000000000000000
-1.000000000000000  0.000000000000000
-1.000000000000000  0.000000000000000
-1.000000000000000  0.000000000000000
-1.000000000000000  0.000000000000000
-1.000000000000000  0.000000000000000
-1.000000000000000  0.000000000000000
-1.000000000000000  0.000000000000000
-1.000000000000000  0.000000000000000
-1.000000000000000  0.000000000000000
-1.000000000000000  0.000000000000000
-1.000000000000000  0.000000000000000
-1.000000000000000  0.000000000000000
-1.000000000000000  0.000000000000000
-1.000000000000000  0.000000000000000
-1.000000000000000  0.000000000000000
-1.000000000000000  0.000000000000000
-1.000000000000000  0.000000000000000
-0.000000000000000  1.000000000000000
-0.000000000000000  1.000000000000000
-0.000000000000000  1.000000000000000
-0.000000000000000  1.000000000000000
-0.000000000000000  1.000000000000000
-0.000000000000000  1.000000000000000
-0.000000000000000  1.000000000000000
-0.000000000000000  1.000000000000000
-0.000000000000000  1.000000000000000
-0.000000000000000  1.000000000000000
-0.000000000000000  1.000000000000000
-0.000000000000000  1.000000000000000
-0.000000000000000  1.000000000000000
-0.000000000000000  1.000000000000000
-0.000000000000000  1.000000000000000
-0.000000000000000  1.000000000000000
-0.000000000000000  1.000000000000000
-0.000000000000000  1.000000000000000
-0.000000000000000  1.000000000000000
-0.000000000000000  1.000000000000000
-0.000000000000000  1.000000000000000
-0.000000000000000  1.000000000000000
-0.000000000000000  1.000000000000000
-0.000000000000000  1.000000000000000
-0.000000000000000  1.000000000000000
-0.000000000000000  1.000000000000000
-0.000000000000000  1.000000000000000
-0.000000000000000  1.000000000000000
-0.000000000000000  1.000000000000000
-0.000000000000000  1.000000000000000
-0.000000000000000  1.000000000000000
-0.000000000000000  1.000000000000000
-0.000000000000000  1.000000000000000
-0.000000000000000  1.000000000000000
0.999393433209340 0.034824785111315
0.985884300281033 0.167428033672315
0.949924743687873 0.312478769406066
0.895275281079751 0.445513379246429
0.821958878576382 0.569546839100575
0.731928483209422 0.681381461053025
0.627736579520732 0.778425838941393
0.510696661435133 0.859760966780308
0.383409858333153 0.923578302329018
0.247419611676151 0.968908424856561
0.107524590882380 0.994202425241247
-0.036251877031761  0.999342684674118
-0.177722741143401  0.984080599991929
-0.307693034465045  0.951485678579395
-0.413093591130133  0.910688577378244
-0.486973412036783  0.873416793958791
-0.533416746734852  0.845852572439670
-0.554380895478948  0.832263073029172
-0.552213649526117  0.833702636002218
-0.537704740719249  0.843133211187915
-0.521722426051009  0.853115297105526
-0.507595160103147  0.861595701846209
-0.494062249218712  0.869426531626996
-0.482008805843236  0.876166371809360
-0.471644819721351  0.881788616409859
-0.462404233076585  0.886669231017325
-0.454758063289717  0.890615014399031
-0.447135333214706  0.894466317862766
-0.438840138348413  0.898565152325832
-0.428925665183533  0.903339788643710
-0.417463945342853  0.908693487562654
-0.404900304058814  0.914360838932355
-0.389928359878165  0.920845195547397
-0.374083265375021  0.927395121060253
-0.356523176232945  0.934286478982101
-0.338154294169187  0.941090682843550
-0.319544277299052  0.947571345517279
-0.300757427114817  0.953700671088825
-0.282343916532351  0.959313250610651
-0.263694533594354  0.964606237255626
-0.245931017806239  0.969287333292243
-0.227670394006917  0.973738256254079
-0.208966126166347  0.977922879431211
-0.190986452141752  0.981592672699988
-0.171896729861503  0.985114975149054
-0.152421731231850  0.988315544676034
-0.131823557627947  0.991273196275533
-0.111255918983918  0.993791789305508
-0.089397938415194  0.995995988248503
-0.067419406741079  0.997724723355436
-0.045384416671501  0.998969596496003
-0.022633289892433  0.999743834283885
-0.000287593013955  0.999999958645128
0.022329995818689 0.999750654556794
0.044066810043276 0.999028586304020
0.066151391541677 0.997809597767580
0.088136636895155 0.996108394321025
0.109618300627545 0.993973756277060
0.131537616736421 0.991311179894236
0.153113182826464 0.988208658758235
0.174317859650974 0.984689435206199
0.196000234713770 0.980603848652527
0.216772956979012 0.976222047037750
0.237964048894282 0.971273963119490
0.259904092899932 0.965634435225807
0.281147285783759 0.959664630845810
0.303273467459380 0.952903564866437
0.325345549569951 0.945595195300308
0.348410106822878 0.937342198699958
0.371347951567609 0.928493779659584
0.394834622913710 0.918752208459162
0.418746656568527 0.908103098559123
0.443190601757948 0.896427403928186
0.468046830554922 0.883703663230776
0.493311255636712 0.869852864030538
0.518036821336986 0.855358317747055
0.542795298179791 0.839865027414472
0.565657360286476 0.824640376621067
0.587314137944099 0.809359069493250
0.608125894862374 0.793840598607703
0.627242447978097 0.778824056802590
0.645556566122620 0.763712458937243
0.662954209116319 0.748659947249054
0.678831826198761 0.734293777543876
0.693898064622241 0.720073243436741
0.707627726669942 0.706585451624876
0.721045508625183 0.692887706985375
0.732732511471281 0.680516764402604
0.744340488130637 0.667800297790773
0.754509652639241 0.656288948615023
0.764190965506632 0.644990052821004
0.772886898516990 0.634543806289832
0.781349433957949 0.624093792673499
0.788320335526797 0.615265023055040
0.795984384998377 0.605317155579416
0.801922807116180 0.597427662087140
0.807710179266646 0.589579737023791
0.812521384254662 0.582931385438190
0.818062950265779 0.575128689427374
0.821840383264994 0.569717811231884
0.825415765156020 0.564525300258458
0.828308774525793 0.560271875113840
0.831894306759829 0.554934106341090
0.834070881549209 0.551657289040692
0.836942198239226 0.547291290636432
0.838919940583943 0.544254842229844
0.841213458545562 0.540703169180480
0.842772655448948 0.538269682619714
0.845404174581086 0.534127121199506
0.846836976872425 0.531852549680428
0.848768940248928 0.528763922813113
0.850317848630680 0.526269471183814
0.852107918129114 0.523366120284516
0.853301615837708 0.521417637224478
0.855208563905613 0.518284007299569
0.856097800510262 0.516813850396341
0.857713010979054 0.514128768692479
0.858714826614509 0.512453750647231
0.859628118468065 0.510920246162798
0.860531573984044 0.509397104601650
0.861527083586308 0.507711615237696
0.862120838296066 0.506702733538797
0.862807470792238 0.505532658040112
0.863300274253585 0.504690634422400
0.863662097133524 0.504071207246480
0.863973285832193 0.503537646426088
0.864346561885393 0.502896630488713
0.864484474694168 0.502659519966297
0.864825443440153 0.502072656473684
0.864909432141356 0.501927957174052
0.865061846932553 0.501665227997357
0.865146464189175 0.501519287267168
0.865230476105656 0.501374334422874
0.865443804380252 0.501006009404913
0.865524365086586 0.500866822060976
0.865873983421433 0.500262176097594
0.866035430154445 0.499982633415607
0.866433104458976 0.499293175897268
0.866759534264734 0.498726287417439
0.867046196426509 0.498227752400771
0.867676638054574 0.497129009186059
0.867801093315881 0.496911724997270
0.868613849289297 0.495489637452521
0.868809505782903 0.495146486063739
0.869466468180336 0.493991964216031
0.870146019525372 0.492793977950370
0.870224770626579 0.492654898065490
0.871510190794552 0.490377392771367
0.871295643662131 0.490758495938065
0.872722423207563 0.488216726496255
0.872811748011329 0.488057017707366
0.873588711186648 0.486664939858267
0.874795661700184 0.484492053877602
0.874346877202805 0.485301492193979
0.876542635843986 0.481324222897287
0.875571748265003 0.483088101323316
0.877499651416407 0.479577274027955
0.877527971503636 0.479525452117730
0.877662464340585 0.479279249172767
0.879627060550657 0.475663993115950
0.878582167849908 0.477591220958004
0.880975497342925 0.473161888872494
0.880726153951722 0.473625845732058
0.881999004586627 0.471251266213894
0.882534511856021 0.470247631980273
0.883297453561252 0.468812978203684
0.882961228439954 0.469445917089293
0.883808989179242 0.467847914012626
-0.000000000000000  1.000000000000000
-0.000000000000000  1.000000000000000
-0.000000000000000  1.000000000000000
-0.000000000000000  1.000000000000000
-0.000000000000000  1.000000000000000
-0.000000000000000  1.000000000000000
-0.000000000000000  1.000000000000000
-0.000000000000000  1.000000000000000
-0.000000000000000  1.000000000000000
-0.000000000000000  1.000000000000000
-0.000000000000000  1.000000000000000
-0.000000000000000  1.000000000000000
-0.000000000000000  1.000000000000000
-0.000000000000000  1.000000000000000
-0.000000000000000  1.000000000000000
-0.000000000000000  1.000000000000000
-0.000000000000000  1.000000000000000
-0.000000000000000  1.000000000000000
-0.000000000000000  1.000000000000000
-0.000000000000000  1.000000000000000
-0.000000000000000  1.000000000000000
-0.000000000000000  1.000000000000000
-0.000000000000000  1.000000000000000
-0.000000000000000  1.000000000000000
-0.000000000000000  1.000000000000000
-0.000000000000000  1.000000000000000
-0.000000000000000  1.000000000000000
-0.000000000000000  1.000000000000000
-0.000000000000000  1.000000000000000
-0.000000000000000  1.000000000000000
-0.000000000000000  1.000000000000000
-0.000000000000000  1.000000000000000
-0.000000000000000  1.000000000000000
-0.000000000000000  1.000000000000000
1.000000000000000 0.000000000000000
1.000000000000000 0.000000000000000
1.000000000000000 0.000000000000000
1.000000000000000 0.000000000000000
1.000000000000000 0.000000000000000
1.000000000000000 0.000000000000000
1.000000000000000 0.000000000000000
1.000000000000000 0.000000000000000
1.000000000000000 0.000000000000000
1.000000000000000 0.000000000000000
1.000000000000000 0.000000000000000
1.000000000000000 0.000000000000000
1.000000000000000 0.000000000000000
1.000000000000000 0.000000000000000
1.000000000000000 0.000000000000000
1.000000000000000 0.000000000000000
1.000000000000000 0.000000000000000
1.000000000000000 0.000000000000000
1.000000000000000 0.000000000000000
1.000000000000000 0.000000000000000
1.000000000000000 0.000000000000000
1.000000000000000 0.000000000000000
1.000000000000000 0.000000000000000
1.000000000000000 0.000000000000000
1.000000000000000 0.000000000000000
1.000000000000000 0.000000000000000
1.000000000000000 0.000000000000000
1.000000000000000 0.000000000000000
-0.000000000000000 -1.000000000000000
-0.000000000000000 -1.000000000000000
-0.000000000000000 -1.000000000000000
-0.000000000000000 -1.000000000000000
-0.000000000000000 -1.000000000000000
-0.000000000000000 -1.000000000000000
-0.000000000000000 -1.000000000000000
-0.000000000000000 -1.000000000000000
-0.000000000000000 -1.000000000000000
-0.000000000000000 -1.000000000000000
-0.000000000000000 -1.000000000000000
-0.000000000000000 -1.000000000000000
-0.000000000000000 -1.000000000000000
-0.000000000000000 -1.000000000000000
-0.000000000000000 -1.000000000000000
-0.000000000000000 -1.000000000000000
-0.000000000000000 -1.000000000000000
-0.000000000000000 -1.000000000000000
-0.000000000000000 -1.000000000000000
-0.000000000000000 -1.000000000000000
-0.000000000000000 -1.000000000000000
-0.000000000000000 -1.000000000000000
-0.000000000000000 -1.000000000000000
-0.000000000000000 -1.000000000000000
-0.000000000000000 -1.000000000000000
-0.000000000000000 -1.000000000000000
-0.000000000000000 -1.000000000000000
-0.000000000000000 -1.000000000000000
-0.000000000000000 -1.000000000000000
-0.000000000000000 -1.000000000000000
-0.000000000000000 -1.000000000000000
-0.000000000000000 -1.000000000000000
-0.000000000000000 -1.000000000000000
-0.000000000000000 -1.000000000000000
