1 1 8 1
1 2 1415 2
1 3 1738 3
2 1 1432 1
2 2 7 2
2 3 1737 3
3 1 6 2
3 2 1417 3
3 3 8 3
4 1 1437 2
4 2 6 3
4 3 7 3
5 1 1439 2
5 2 1418 3
5 3 6 1
7 1 8 2
9 2 10 3
10 1 65 3
10 2 671 1
11 1 13 1
11 2 23 2
12 1 13 3
12 2 726 1
12 3 21 2
14 1 16 1
14 2 327 2
14 3 22 3
15 1 16 3
15 2 725 1
15 3 325 2
16 2 21 3
17 1 20 2
17 3 23 1
18 1 333 2
18 2 20 3
18 3 22 1
19 1 335 2
19 3 20 1
21 1 24 2
22 2 24 3
23 3 24 1
25 1 28 2
25 2 912 3
26 1 35 2
26 2 28 3
27 1 37 2
27 2 913 3
27 3 28 1
29 1 32 2
29 2 35 3
30 1 905 2
30 2 32 3
31 1 907 2
31 2 36 3
31 3 32 1
33 1 34 2
33 2 918 1
33 3 37 1
34 1 909 3
34 3 36 1
35 1 38 2
36 2 38 3
37 3 38 1
39 1 1080 2
39 2 309 3
39 3 1623 1
40 1 1521 1
40 2 126 1
40 3 62 3
41 1 750 2
41 2 748 3
41 3 747 3
42 1 672 2
42 2 673 2
43 2 673 1
43 3 44 3
44 1 739 1
44 2 64 1
45 1 62 2
45 2 64 2
45 3 735 1
46 1 127 2
46 2 733 3
47 1 48 2
47 2 49 2
48 1 1522 1
48 3 126 2
49 1 697 2
49 3 1526 1
50 2 698 1
50 3 699 2
51 2 699 1
51 3 599 3
52 1 54 1
52 2 726 2
53 1 54 3
53 2 341 3
53 3 724 2
55 2 56 3
56 1 132 1
56 2 818 1
57 1 1538 3
57 2 732 1
57 3 812 3
58 1 730 2
58 2 130 2
59 2 130 1
59 3 128 2
60 2 128 1
60 3 61 2
61 1 677 2
61 3 802 1
63 1 744 1
63 2 695 1
63 3 677 3
65 1 67 2
65 2 745 3
66 1 748 2
66 2 676 3
66 3 1553 1
67 1 752 1
68 1 71 2
68 2 619 1
68 3 1755 3
69 1 80 2
69 2 71 3
69 3 1754 3
70 1 82 2
70 2 620 1
70 3 71 1
72 1 75 2
72 2 80 3
72 3 1753 3
73 1 1487 2
73 2 75 3
73 3 1752 3
74 1 1489 2
74 2 81 3
74 3 75 1
76 1 79 2
76 2 623 1
76 3 82 1
77 1 1495 2
77 2 79 3
77 3 81 1
78 1 1497 2
78 2 624 1
78 3 79 1
80 1 83 2
81 2 83 3
82 3 83 1
84 1 85 2
84 2 789 2
84 3 94 2
85 1 1260 1
85 3 96 2
86 1 89 2
86 2 94 3
86 3 791 2
87 2 89 3
87 3 793 2
88 2 95 3
88 3 89 1
90 1 93 2
90 2 1262 1
90 3 96 1
91 2 93 3
91 3 95 1
92 2 1263 1
92 3 93 1
94 1 97 2
95 2 97 3
96 3 97 1
98 1 100 1
98 3 769 2
99 1 100 3
99 2 108 3
100 2 773 2
101 1 104 2
101 2 186 2
101 3 167 3
102 1 107 3
102 2 104 3
102 3 166 3
103 1 106 3
103 2 184 2
103 3 104 1
105 1 106 2
105 2 192 1
105 3 179 1
106 1 107 2
107 1 164 2
108 1 1247 1
108 2 266 1
109 1 1583 2
109 2 1579 2
109 3 1828 3
110 1 798 2
110 2 266 2
110 3 357 1
111 1 114 2
111 2 883 3
112 1 121 2
112 2 114 3
113 1 123 2
113 2 884 3
113 3 114 1
115 1 118 2
115 2 121 3
116 1 876 2
116 2 118 3
117 1 878 2
117 2 122 3
117 3 118 1
119 1 120 2
119 2 889 1
119 3 123 1
120 1 880 3
120 3 122 1
121 1 124 2
122 2 124 3
123 3 124 1
125 1 679 2
125 2 127 3
127 1 1563 1
128 3 804 3
129 2 806 1
129 3 808 2
130 3 807 3
131 1 1575 3
131 2 814 1
131 3 732 2
132 3 816 3
133 1 267 3
134 1 137 2
134 2 426 2
134 3 435 3
135 1 140 3
135 2 137 3
135 3 434 3
136 1 139 3
136 2 424 2
136 3 137 1
138 1 139 2
138 2 1601 1
138 3 419 1
139 1 140 2
140 1 432 2
141 1 144 2
141 2 155 1
141 3 820 2
142 1 149 3
142 2 144 3
142 3 822 2
143 1 148 3
143 2 156 1
143 3 144 1
145 1 146 2
145 2 149 1
145 3 828 2
146 1 1580 3
146 3 830 2
147 1 1579 3
147 2 159 1
147 3 148 2
148 1 149 2
150 1 153 2
150 2 514 3
151 1 160 2
151 2 153 3
152 1 162 2
152 2 515 3
152 3 153 1
154 1 157 2
154 2 160 3
155 2 157 3
156 2 161 3
156 3 157 1
158 1 159 2
158 2 521 2
158 3 162 1
159 3 161 1
160 1 163 2
161 2 163 3
162 3 163 1
164 1 165 2
164 3 174 2
165 1 518 2
165 3 176 2
166 1 169 2
166 2 174 3
167 2 169 3
168 2 175 3
168 3 169 1
170 1 173 2
170 2 516 2
170 3 176 1
171 2 173 3
171 3 175 1
172 2 514 2
172 3 173 1
174 1 177 2
175 2 177 3
176 3 177 1
178 1 179 2
178 2 859 1
178 3 188 2
179 3 190 2
180 1 183 2
180 2 188 3
180 3 854 3
181 2 183 3
181 3 853 3
182 2 189 3
182 3 183 1
184 1 187 2
184 3 190 1
185 2 187 3
185 3 189 1
186 3 187 1
188 1 191 2
189 2 191 3
190 3 191 1
192 2 890 1
192 3 919 2
193 1 196 2
193 2 504 1
193 3 923 3
194 1 200 3
194 2 196 3
194 3 922 3
195 1 199 3
195 2 505 1
195 3 196 1
197 1 861 3
197 2 200 1
197 3 920 2
198 1 860 3
198 2 508 1
198 3 199 2
199 1 200 2
201 1 204 2
201 2 1001 3
202 1 211 2
202 2 204 3
203 1 213 2
203 2 1002 3
203 3 204 1
205 1 208 2
205 2 211 3
206 1 454 2
206 2 208 3
207 1 456 2
207 2 212 3
207 3 208 1
209 1 210 2
209 2 1005 3
209 3 213 1
210 1 459 2
210 3 212 1
211 1 214 2
212 2 214 3
213 3 214 1
215 1 216 2
215 2 950 1
215 3 225 2
216 1 936 1
216 3 227 2
217 1 220 2
217 2 225 3
217 3 945 3
218 2 220 3
218 3 944 3
219 2 226 3
219 3 220 1
221 1 224 2
221 2 938 1
221 3 227 1
222 2 224 3
222 3 226 1
223 2 939 1
223 3 224 1
225 1 228 2
226 2 228 3
227 3 228 1
229 1 1713 1
229 2 1709 2
229 3 1704 3
230 1 233 2
230 2 1303 1
230 3 1285 3
231 1 237 3
231 2 233 3
231 3 1284 3
232 1 236 3
232 2 1304 1
232 3 233 1
234 1 1703 3
234 2 237 1
234 3 1282 2
235 1 1702 3
235 2 1307 1
235 3 236 2
236 1 237 2
238 1 239 2
238 2 1273 2
238 3 248 2
239 1 790 1
239 3 250 2
240 1 243 2
240 2 248 3
240 3 1275 2
241 2 243 3
241 3 1277 2
242 2 249 3
242 3 243 1
244 1 247 2
244 2 792 1
244 3 250 1
245 2 247 3
245 3 249 1
246 2 793 1
246 3 247 1
248 1 251 2
249 2 251 3
250 3 251 1
252 1 253 2
252 2 1259 2
252 3 262 2
253 1 1249 1
253 3 264 2
254 1 257 2
254 2 262 3
254 3 1261 2
255 2 257 3
255 3 1263 2
256 2 263 3
256 3 257 1
258 1 261 2
258 2 1251 1
258 3 264 1
259 2 261 3
259 3 263 1
260 2 1252 1
260 3 261 1
262 1 265 2
263 2 265 3
264 3 265 1
267 1 312 3
267 2 1071 1
268 1 1144 2
268 2 1142 3
268 3 1141 3
269 1 1072 2
269 2 1073 2
270 2 1073 1
270 3 271 3
271 1 1133 1
271 2 311 1
272 1 309 2
272 2 311 2
272 3 1129 1
273 1 319 2
273 2 1127 3
274 1 1082 2
274 2 1080 3
274 3 1625 1
275 1 282 1
275 2 1147 2
275 3 1746 3
276 1 1450 1
276 2 281 2
276 3 1745 3
277 1 280 2
277 2 1149 3
277 3 282 3
278 1 1455 2
278 2 280 3
278 3 281 3
279 1 1457 2
279 2 1150 3
279 3 280 1
281 1 282 2
283 1 1626 1
283 2 1083 1
283 3 1082 3
284 2 1098 1
284 3 1100 2
285 1 1121 2
285 2 1102 3
285 3 1641 3
286 1 289 2
286 2 636 1
287 1 298 2
287 2 289 3
288 1 300 2
288 2 637 1
288 3 289 1
290 1 293 2
290 2 298 3
291 1 1109 3
291 2 293 3
292 1 1108 3
292 2 299 3
292 3 293 1
294 1 297 2
294 2 640 1
294 3 300 1
295 1 1107 2
295 2 297 3
295 3 299 1
296 1 1105 3
296 2 641 1
296 3 297 1
298 1 301 2
299 2 301 3
300 3 301 1
302 1 303 3
303 1 324 1
303 2 1203 1
304 1 1644 3
304 2 1126 1
304 3 1197 3
305 1 1124 2
305 2 322 2
306 2 322 1
306 3 320 2
307 2 320 1
307 3 308 2
308 1 1077 2
308 3 1187 1
310 1 1138 1
310 2 1081 1
310 3 1077 3
312 1 314 2
312 2 1139 3
313 1 1142 2
313 2 1076 3
313 3 1659 1
314 1 1146 1
315 2 562 1
315 3 317 2
316 1 1626 2
316 2 1625 3
316 3 1863 1
317 1 1184 2
317 3 1188 3
318 1 1186 2
318 2 1184 3
318 3 1132 3
319 1 1631 3
319 3 1186 3
320 3 1189 3
321 2 1191 1
321 3 1193 2
322 3 1192 3
323 1 1679 3
323 2 1199 1
323 3 1126 2
324 3 1201 3
325 1 328 2
325 3 587 2
326 1 337 2
326 2 328 3
326 3 585 3
327 1 339 2
327 3 328 1
329 1 332 2
329 2 337 3
329 3 591 2
330 2 332 3
330 3 593 2
331 2 338 3
331 3 332 1
333 1 336 2
333 3 339 1
334 2 336 3
334 3 338 1
335 3 336 1
337 1 340 2
338 2 340 3
339 3 340 1
341 1 718 2
341 2 1787 3
342 1 1563 2
342 2 738 2
342 3 1776 1
343 1 344 2
343 2 1215 2
343 3 353 2
344 1 1207 1
344 3 355 2
345 1 348 2
345 2 353 3
345 3 1217 2
346 2 348 3
346 3 1219 2
347 2 354 3
347 3 348 1
349 1 352 2
349 2 1209 1
349 3 355 1
350 2 352 3
350 3 354 1
351 2 1210 1
351 3 352 1
353 1 356 2
354 2 356 3
355 3 356 1
357 2 1281 1
357 3 805 3
358 1 365 1
358 2 1319 2
358 3 1710 3
359 1 1335 1
359 2 364 2
359 3 1709 3
360 1 363 2
360 2 1321 3
360 3 365 3
361 1 1340 2
361 2 363 3
361 3 364 3
362 1 1342 2
362 2 1322 3
362 3 363 1
364 1 365 2
366 1 369 2
366 2 1039 1
367 1 376 2
367 2 369 3
368 1 378 2
368 2 1040 1
368 3 369 1
370 1 373 2
370 2 376 3
371 1 388 2
371 2 373 3
372 1 390 2
372 2 377 3
372 3 373 1
374 1 375 2
374 2 1042 1
374 3 378 1
375 1 393 2
375 3 377 1
376 1 379 2
377 2 379 3
378 3 379 1
380 1 387 1
380 2 681 2
380 3 1524 3
381 1 1227 1
381 2 386 2
381 3 1523 3
382 1 385 2
382 2 683 3
382 3 387 3
383 1 1232 2
383 2 385 3
383 3 386 3
384 1 1234 2
384 2 684 3
384 3 385 1
386 1 387 2
388 1 391 2
388 3 1026 3
389 1 395 3
389 2 391 3
389 3 1025 3
390 1 394 3
390 3 391 1
392 1 1609 3
392 2 395 1
392 3 1023 2
393 1 1608 3
393 3 394 2
394 1 395 2
396 1 403 1
396 2 987 2
396 3 477 3
397 1 1024 1
397 2 402 2
397 3 476 3
398 1 401 2
398 2 989 3
398 3 403 3
399 1 1029 2
399 2 401 3
399 3 402 3
400 1 1031 2
400 2 990 3
400 3 401 1
402 1 403 2
404 1 407 2
404 2 492 3
405 1 414 2
405 2 407 3
406 1 416 2
406 2 493 3
406 3 407 1
408 1 411 2
408 2 414 3
409 1 971 2
409 2 411 3
410 1 973 2
410 2 415 3
410 3 411 1
412 1 413 2
412 2 498 1
412 3 416 1
413 1 975 3
413 3 415 1
414 1 417 2
415 2 417 3
416 3 417 1
418 1 419 2
418 2 977 1
418 3 428 2
419 3 430 2
420 1 423 2
420 2 428 3
420 3 972 3
421 2 423 3
421 3 971 3
422 2 429 3
422 3 423 1
424 1 427 2
424 3 430 1
425 2 427 3
425 3 429 1
426 3 427 1
428 1 431 2
429 2 431 3
430 3 431 1
432 1 433 2
432 3 442 2
433 1 948 3
433 3 444 2
434 1 437 2
434 2 442 3
435 2 437 3
436 2 443 3
436 3 437 1
438 1 441 2
438 2 946 2
438 3 444 1
439 2 441 3
439 3 443 1
440 2 944 2
440 3 441 1
442 1 445 2
443 2 445 3
444 3 445 1
446 1 453 1
446 2 1306 2
446 3 1318 3
447 1 1320 1
447 2 452 2
447 3 1317 3
448 1 451 2
448 2 1300 2
448 3 453 3
449 1 1325 2
449 2 451 3
449 3 452 3
450 1 1327 2
450 2 1298 2
450 3 451 1
452 1 453 2
454 1 457 2
454 3 1337 3
455 1 461 3
455 2 457 3
455 3 1336 3
456 1 460 3
456 3 457 1
458 1 1713 3
458 2 461 1
458 3 1334 2
459 1 1712 3
459 3 460 2
460 1 461 2
462 1 463 2
462 2 935 2
462 3 472 2
463 1 507 2
463 3 474 2
464 1 467 2
464 2 472 3
464 3 937 2
465 2 467 3
465 3 939 2
466 2 473 3
466 3 467 1
468 1 471 2
468 2 501 2
468 3 474 1
469 2 471 3
469 3 473 1
470 2 499 2
470 3 471 1
472 1 475 2
473 2 475 3
474 3 475 1
476 1 477 2
476 2 1350 3
477 1 1045 2
478 1 481 2
478 2 641 2
478 3 1764 3
479 1 488 2
479 2 481 3
479 3 1763 3
480 1 490 2
480 2 639 2
480 3 481 1
482 1 483 2
482 2 1504 2
482 3 489 3
483 1 1762 3
483 3 488 3
484 1 487 2
484 2 633 2
484 3 490 1
485 1 1507 2
485 2 487 3
485 3 489 1
486 1 1509 2
486 2 631 2
486 3 487 1
488 1 491 2
489 2 491 3
490 3 491 1
492 1 495 2
492 2 995 2
493 1 498 3
493 2 495 3
494 1 497 3
494 2 993 2
494 3 495 1
496 1 497 2
496 2 1605 1
496 3 988 1
497 1 498 2
499 1 502 2
500 1 509 2
500 2 502 3
501 1 511 2
501 3 502 1
503 1 506 2
503 2 509 3
504 2 506 3
505 2 510 3
505 3 506 1
507 1 508 2
507 3 511 1
508 3 510 1
509 1 512 2
510 2 512 3
511 3 512 1
513 1 1744 1
513 2 1445 1
513 3 1627 2
514 1 517 2
515 1 522 2
515 2 517 3
516 1 520 3
516 3 517 1
518 1 519 2
518 3 520 2
519 1 1583 1
519 3 521 3
520 1 522 1
521 1 522 3
523 1 526 2
523 2 1404 1
523 3 1384 2
524 1 530 3
524 2 526 3
524 3 1386 2
525 1 529 3
525 2 1405 1
525 3 526 1
527 1 1731 3
527 2 530 1
527 3 1392 2
528 1 1730 3
528 2 1408 1
528 3 529 2
529 1 530 2
531 1 630 2
531 2 1098 2
532 1 534 1
532 3 582 2
533 1 534 3
533 2 562 2
534 2 581 1
535 1 536 2
535 2 1872 1
535 3 1635 1
536 1 1641 2
536 3 1634 1
537 1 540 2
537 2 568 1
537 3 580 3
538 1 549 2
538 2 540 3
538 3 579 3
539 1 551 2
539 2 569 1
539 3 540 1
541 1 544 2
541 2 549 3
541 3 583 3
542 2 544 3
542 3 582 3
543 2 550 3
543 3 544 1
545 1 548 2
545 2 572 1
545 3 551 1
546 2 548 3
546 3 550 1
547 2 573 1
547 3 548 1
549 1 552 2
550 2 552 3
551 3 552 1
553 1 556 2
553 2 1089 1
553 3 1434 3
554 1 560 3
554 2 556 3
554 3 1433 3
555 1 559 3
555 2 1090 1
555 3 556 1
557 1 1741 3
557 2 560 1
557 3 1431 2
558 1 1740 3
558 2 1093 1
558 3 559 2
559 1 560 2
561 1 1623 2
561 2 1129 3
561 3 1649 1
562 3 1447 1
563 1 566 2
563 3 1471 3
564 1 575 2
564 2 566 3
564 3 1470 3
565 1 577 2
565 3 566 1
567 1 570 2
567 2 575 3
567 3 1467 3
568 2 570 3
568 3 1466 3
569 2 576 3
569 3 570 1
571 1 574 2
571 3 577 1
572 2 574 3
572 3 576 1
573 3 574 1
575 1 578 2
576 2 578 3
577 3 578 1
579 1 580 2
579 2 584 2
580 1 1463 2
581 2 584 3
581 3 1464 3
582 1 583 2
583 1 584 1
585 1 587 1
585 2 597 2
586 1 587 3
586 2 719 2
586 3 595 2
588 1 590 1
588 2 702 2
588 3 596 3
589 1 590 3
589 2 721 2
589 3 700 2
590 2 595 3
591 1 594 2
591 3 597 1
592 1 708 2
592 2 594 3
592 3 596 1
593 1 710 2
593 3 594 1
595 1 598 2
596 2 598 3
597 3 598 1
599 1 1535 3
599 2 718 1
600 1 603 2
600 2 1050 1
601 1 610 2
601 2 603 3
602 1 612 2
602 2 1051 1
602 3 603 1
604 1 607 2
604 2 610 3
605 1 1039 3
605 2 607 3
606 1 1038 3
606 2 611 3
606 3 607 1
608 1 609 2
608 2 1053 1
608 3 612 1
609 1 1037 3
609 3 611 1
610 1 613 2
611 2 613 3
612 3 613 1
614 1 617 2
614 3 1050 3
615 1 626 2
615 2 617 3
615 3 1049 3
616 1 628 2
616 3 617 1
618 1 621 2
618 2 626 3
618 3 1046 2
619 2 621 3
619 3 1047 3
620 2 627 3
620 3 621 1
622 1 625 2
622 3 628 1
623 2 625 3
623 3 627 1
624 3 625 1
626 1 629 2
627 2 629 3
628 3 629 1
630 1 1627 3
630 3 1083 2
631 1 634 2
632 1 643 2
632 2 634 3
633 1 645 2
633 3 634 1
635 1 638 2
635 2 643 3
636 2 638 3
637 2 644 3
637 3 638 1
639 1 642 2
639 3 645 1
640 2 642 3
640 3 644 1
641 3 642 1
643 1 646 2
644 2 646 3
645 3 646 1
647 1 650 2
647 2 1175 1
647 3 1452 3
648 1 654 3
648 2 650 3
648 3 1451 3
649 1 653 3
649 2 1176 1
649 3 650 1
651 1 1748 3
651 2 654 1
651 3 1449 2
652 1 1747 3
652 2 1179 1
652 3 653 2
653 1 654 2
655 1 658 2
655 2 1471 1
656 1 667 2
656 2 658 3
657 1 669 2
657 2 1472 1
657 3 658 1
659 1 662 2
659 2 667 3
660 1 1161 2
660 2 662 3
661 1 1163 2
661 2 668 3
661 3 662 1
663 1 666 2
663 2 1474 3
663 3 669 1
664 1 1167 3
664 2 666 3
664 3 668 1
665 1 1166 3
665 2 1476 2
665 3 666 1
667 1 670 2
668 2 670 3
669 3 670 1
671 2 672 3
672 1 743 3
673 3 741 1
674 2 680 1
674 3 678 2
675 2 737 1
675 3 680 2
676 2 678 1
678 3 1519 1
679 1 738 3
679 3 798 3
680 3 1517 1
681 1 682 2
681 3 691 2
682 1 1216 1
682 3 693 2
683 1 686 2
683 2 691 3
684 2 686 3
685 2 692 3
685 3 686 1
687 1 690 2
687 2 1218 1
687 3 693 1
688 2 690 3
688 3 692 1
689 2 1219 1
689 3 690 1
691 1 694 2
692 2 694 3
693 3 694 1
695 2 737 2
696 1 1521 2
696 2 735 3
696 3 1543 1
697 3 698 2
698 3 1223 1
699 3 728 1
700 1 703 2
700 3 1206 3
701 1 712 2
701 2 703 3
701 3 1205 3
702 1 714 2
702 3 703 1
704 1 707 2
704 2 712 3
704 3 1208 2
705 2 707 3
705 3 1210 2
706 2 713 3
706 3 707 1
708 1 711 2
708 3 714 1
709 2 711 3
709 3 713 1
710 3 711 1
712 1 715 2
713 2 715 3
714 3 715 1
716 1 1517 2
716 2 1518 3
716 3 1552 3
717 1 1526 2
717 2 1522 3
717 3 1532 1
719 1 722 2
719 3 725 3
720 1 1225 3
720 2 722 3
720 3 724 3
721 1 1224 3
721 3 722 1
723 1 1224 2
723 2 1788 2
723 3 1530 1
724 1 727 2
725 2 727 3
726 3 727 1
728 2 1527 1
728 3 1533 3
729 1 818 3
729 2 730 3
730 1 1536 3
731 2 808 1
731 3 809 2
733 1 1540 1
733 2 740 1
734 1 806 3
734 2 1525 1
734 3 1569 2
735 2 746 1
736 1 1558 1
736 2 1296 2
736 3 1920 3
737 3 1518 1
738 1 805 2
739 2 1516 1
739 3 746 2
740 2 806 2
741 2 1514 1
741 3 1516 2
742 1 1692 2
742 2 1998 3
742 3 2080 3
743 1 745 2
743 2 1514 2
744 2 1542 1
744 3 1544 2
745 1 751 2
746 3 1545 3
747 1 1515 2
747 2 1554 1
749 1 1553 2
749 2 1519 3
749 3 1551 3
750 3 752 2
751 1 1554 3
751 3 752 3
753 1 756 2
753 2 769 3
754 1 765 2
754 2 756 3
755 1 767 2
755 2 770 3
755 3 756 1
757 1 760 2
757 2 765 3
758 1 1497 1
758 2 760 3
759 1 1496 1
759 2 766 3
759 3 760 1
761 1 764 2
761 2 771 3
761 3 767 1
762 1 1493 1
762 2 764 3
762 3 766 1
763 1 1492 1
763 2 772 3
763 3 764 1
765 1 768 2
766 2 768 3
767 3 768 1
769 1 770 2
770 1 774 2
771 1 772 2
771 2 774 3
772 1 1256 2
773 1 1257 3
773 3 774 1
775 1 776 2
775 2 1248 2
775 3 785 2
776 1 1244 3
776 3 787 2
777 1 780 2
777 2 785 3
777 3 1250 2
778 2 780 3
778 3 1252 2
779 2 786 3
779 3 780 1
781 1 784 2
781 2 1242 2
781 3 787 1
782 2 784 3
782 3 786 1
783 2 1240 2
783 3 784 1
785 1 788 2
786 2 788 3
787 3 788 1
789 1 796 1
789 3 1696 3
790 2 795 2
790 3 1695 3
791 1 794 2
791 3 796 3
792 2 794 3
792 3 795 3
793 3 794 1
795 1 796 2
797 1 1811 2
797 2 1812 2
797 3 805 1
799 1 1522 2
799 2 1521 3
799 3 1528 3
800 1 801 2
800 2 1534 2
800 3 1216 3
801 1 1683 1
801 3 1215 3
802 2 811 1
802 3 1542 2
803 1 1223 2
803 2 1526 3
803 3 1685 1
804 1 1539 2
804 2 811 2
807 1 1537 2
807 2 1539 3
808 3 815 1
809 1 812 2
809 3 1573 1
810 1 1823 3
810 2 1538 1
810 3 1573 3
811 3 1566 3
813 1 818 2
813 2 819 1
813 3 1536 1
814 2 816 1
815 2 1569 1
815 3 1570 2
816 2 819 2
817 1 1578 3
817 2 1575 1
817 3 1538 2
819 3 1577 3
820 1 823 2
821 1 832 2
821 2 823 3
822 1 834 2
822 3 823 1
824 1 827 2
824 2 832 3
825 1 1509 1
825 2 827 3
826 1 1508 1
826 2 833 3
826 3 827 1
828 1 831 2
828 3 834 1
829 1 1506 3
829 2 831 3
829 3 833 1
830 1 1505 3
830 3 831 1
832 1 835 2
833 2 835 3
834 3 835 1
836 1 843 1
836 2 1407 2
836 3 1733 3
837 1 1416 1
837 2 842 2
837 3 1732 3
838 1 841 2
838 2 1401 2
838 3 843 3
839 1 1421 2
839 2 841 3
839 3 842 3
840 1 1423 2
840 2 1399 2
840 3 841 1
842 1 843 2
844 1 847 2
844 2 1389 1
844 3 1369 2
845 1 851 3
845 2 847 3
845 3 1371 2
846 1 850 3
846 2 1390 1
846 3 847 1
848 1 1600 3
848 2 851 1
848 3 1377 2
849 1 1599 3
849 2 1393 1
849 3 850 2
850 1 851 2
852 1 1936 3
852 2 960 2
852 3 1599 2
853 1 856 2
853 2 870 2
854 1 859 3
854 2 856 3
855 1 858 3
855 2 868 2
855 3 856 1
857 1 858 2
857 2 1584 1
857 3 863 1
858 1 859 2
860 1 861 2
860 2 969 2
861 1 1588 1
862 1 863 2
862 2 882 1
862 3 872 2
863 3 874 2
864 1 867 2
864 2 872 3
864 3 877 3
865 2 867 3
865 3 876 3
866 2 873 3
866 3 867 1
868 1 871 2
868 3 874 1
869 2 871 3
869 3 873 1
870 3 871 1
872 1 875 2
873 2 875 3
874 3 875 1
876 1 879 2
877 1 882 3
877 2 879 3
878 1 881 3
878 3 879 1
880 1 881 2
880 2 1586 3
881 1 882 2
883 1 886 2
883 2 899 2
884 1 889 3
884 2 886 3
885 1 888 3
885 2 897 2
885 3 886 1
887 1 888 2
887 2 1587 1
887 3 892 1
888 1 889 2
890 2 1583 3
890 3 1736 3
891 1 892 2
891 2 911 1
891 3 901 2
892 3 903 2
893 1 896 2
893 2 901 3
893 3 906 3
894 2 896 3
894 3 905 3
895 2 902 3
895 3 896 1
897 1 900 2
897 3 903 1
898 2 900 3
898 3 902 1
899 3 900 1
901 1 904 2
902 2 904 3
903 3 904 1
905 1 908 2
906 1 911 3
906 2 908 3
907 1 910 3
907 3 908 1
909 1 910 2
909 2 951 1
910 1 911 2
912 1 915 2
912 2 928 2
913 1 918 3
913 2 915 3
914 1 917 3
914 2 926 2
914 3 915 1
916 1 917 2
916 2 1591 1
916 3 921 1
917 1 918 2
919 1 1584 2
919 3 1590 1
920 1 921 2
920 3 930 2
921 3 932 2
922 1 925 2
922 2 930 3
923 2 925 3
924 2 931 3
924 3 925 1
926 1 929 2
926 3 932 1
927 2 929 3
927 3 931 1
928 3 929 1
930 1 933 2
931 2 933 3
932 3 933 1
934 1 1837 2
934 2 1835 1
934 3 1594 3
935 1 942 1
935 3 1596 3
936 2 941 2
936 3 1595 3
937 1 940 2
937 3 942 3
938 2 940 3
938 3 941 3
939 3 940 1
941 1 942 2
943 1 2014 2
943 2 1736 1
943 3 1828 2
944 1 947 2
945 1 950 3
945 2 947 3
946 1 949 3
946 3 947 1
948 1 949 2
948 2 1597 1
949 1 950 2
951 2 1398 1
951 3 1591 2
952 1 955 2
952 2 1374 1
952 3 1357 3
953 1 959 3
953 2 955 3
953 3 1356 3
954 1 958 3
954 2 1375 1
954 3 955 1
956 1 1725 3
956 2 959 1
956 3 1354 2
957 1 1724 3
957 2 1378 1
957 3 958 2
958 1 959 2
960 1 1731 1
960 3 1939 2
961 1 968 1
961 2 1017 2
961 3 1721 3
962 1 1355 1
962 2 967 2
962 3 1720 3
963 1 966 2
963 2 1011 2
963 3 968 3
964 1 1360 2
964 2 966 3
964 3 967 3
965 1 1362 2
965 2 1009 2
965 3 966 1
967 1 968 2
969 1 1596 1
969 3 1838 1
970 1 1937 3
970 2 1729 1
970 3 1839 2
971 1 974 2
972 1 977 3
972 2 974 3
973 1 976 3
973 3 974 1
975 1 976 2
975 2 1602 1
976 1 977 2
978 1 981 2
978 2 1014 1
978 3 1057 2
979 1 985 3
979 2 981 3
979 3 1059 2
980 1 984 3
980 2 1015 1
980 3 981 1
982 1 1719 3
982 2 985 1
982 3 1065 2
983 1 1718 3
983 2 1018 1
983 3 984 2
984 1 985 2
986 1 1601 2
986 2 1597 3
986 3 1729 3
987 1 988 2
987 3 997 2
988 3 999 2
989 1 992 2
989 2 997 3
990 2 992 3
991 2 998 3
991 3 992 1
993 1 996 2
993 3 999 1
994 2 996 3
994 3 998 1
995 3 996 1
997 1 1000 2
998 2 1000 3
999 3 1000 1
1001 1 1004 2
1001 2 1062 1
1002 1 1008 3
1002 2 1004 3
1003 1 1007 3
1003 2 1063 1
1003 3 1004 1
1005 1 1716 3
1005 2 1008 1
1006 1 1715 3
1006 2 1066 1
1006 3 1007 2
1007 1 1008 2
1009 1 1012 2
1010 1 1019 2
1010 2 1012 3
1011 1 1021 2
1011 3 1012 1
1013 1 1016 2
1013 2 1019 3
1014 2 1016 3
1015 2 1020 3
1015 3 1016 1
1017 1 1018 2
1017 3 1021 1
1018 3 1020 1
1019 1 1022 2
1020 2 1022 3
1021 3 1022 1
1023 1 1024 2
1023 3 1033 2
1024 3 1035 2
1025 1 1028 2
1025 2 1033 3
1026 2 1028 3
1027 2 1034 3
1027 3 1028 1
1029 1 1032 2
1029 3 1035 1
1030 2 1032 3
1030 3 1034 1
1031 3 1032 1
1033 1 1036 2
1034 2 1036 3
1035 3 1036 1
1037 1 1043 2
1037 2 1611 3
1038 1 1041 2
1038 2 1043 3
1039 2 1041 3
1040 2 1044 3
1040 3 1041 1
1042 2 1612 3
1042 3 1044 1
1043 1 1044 2
1045 1 1723 3
1045 3 1605 3
1046 1 1048 1
1046 3 1054 2
1047 1 1048 3
1047 2 1613 3
1048 2 1055 3
1049 1 1052 2
1049 2 1054 3
1050 2 1052 3
1051 2 1056 2
1051 3 1052 1
1053 2 1615 2
1053 3 1055 2
1054 1 1056 1
1055 1 1056 3
1057 1 1060 2
1058 1 1067 2
1058 2 1060 3
1059 1 1069 2
1059 3 1060 1
1061 1 1064 2
1061 2 1067 3
1062 2 1064 3
1063 2 1068 3
1063 3 1064 1
1065 1 1066 2
1065 3 1069 1
1066 3 1068 1
1067 1 1070 2
1068 2 1070 3
1069 3 1070 1
1071 2 1072 3
1072 1 1137 3
1073 3 1135 1
1074 2 1079 1
1074 3 1078 2
1075 2 1131 1
1075 3 1079 2
1076 2 1078 1
1078 3 1621 1
1079 3 1619 1
1081 2 1131 2
1084 1 1087 2
1084 2 1116 2
1085 1 1094 2
1085 2 1087 3
1086 1 1096 2
1086 2 1114 2
1086 3 1087 1
1088 1 1091 2
1088 2 1094 3
1089 2 1091 3
1090 2 1095 3
1090 3 1091 1
1092 1 1093 2
1092 2 1112 2
1092 3 1096 1
1093 3 1095 1
1094 1 1097 2
1095 2 1097 3
1096 3 1097 1
1098 3 1445 3
1099 1 1860 1
1099 2 1631 1
1099 3 1132 2
1100 1 1102 2
1100 3 1429 1
1101 1 1625 2
1101 2 1623 3
1101 3 1629 3
1103 1 1128 2
1103 2 1646 3
1103 3 1647 1
1104 1 1110 2
1104 2 1121 3
1104 3 1634 3
1105 1 1107 1
1105 2 1632 3
1106 1 1107 3
1106 2 1110 3
1106 3 1633 3
1108 1 1109 2
1108 2 1110 1
1109 1 1120 2
1111 1 1190 3
1111 2 1627 1
1111 3 1626 3
1112 1 1119 1
1112 3 1743 3
1113 1 1148 1
1113 2 1118 2
1113 3 1742 3
1114 1 1117 2
1114 3 1119 3
1115 1 1153 2
1115 2 1117 3
1115 3 1118 3
1116 1 1155 2
1116 3 1117 1
1118 1 1119 2
1120 1 1122 1
1121 1 1122 3
1123 1 1203 3
1123 2 1124 3
1124 1 1642 3
1125 2 1193 1
1125 3 1194 2
1127 1 1646 1
1127 2 1134 1
1128 1 1191 3
1128 3 1673 2
1129 2 1140 1
1130 1 1648 3
1130 2 1676 1
1130 3 1880 2
1131 3 1620 1
1132 1 1666 2
1133 2 1618 1
1133 3 1140 2
1134 2 1191 2
1135 2 1616 1
1135 3 1618 2
1136 1 2057 2
1136 2 2055 2
1136 3 2056 3
1137 1 1139 2
1137 2 1616 2
1138 2 1648 1
1138 3 1650 2
1139 1 1145 2
1140 3 1651 3
1141 1 1617 2
1141 2 1660 1
1143 1 1659 2
1143 2 1621 3
1143 3 1657 3
1144 3 1146 2
1145 1 1660 3
1145 3 1146 3
1147 1 1148 2
1147 3 1157 2
1148 3 1159 2
1149 1 1152 2
1149 2 1157 3
1150 2 1152 3
1151 2 1158 3
1151 3 1152 1
1153 1 1156 2
1153 3 1159 1
1154 2 1156 3
1154 3 1158 1
1155 3 1156 1
1157 1 1160 2
1158 2 1160 3
1159 3 1160 1
1161 1 1164 2
1161 3 1170 2
1162 1 1169 3
1162 2 1164 3
1162 3 1172 2
1163 1 1168 3
1163 3 1164 1
1165 1 1664 3
1165 2 1169 1
1165 3 1178 2
1166 1 1167 2
1166 2 1663 3
1167 1 1168 2
1168 1 1169 2
1170 1 1173 2
1171 1 1180 2
1171 2 1173 3
1172 1 1182 2
1172 3 1173 1
1174 1 1177 2
1174 2 1180 3
1175 2 1177 3
1176 2 1181 3
1176 3 1177 1
1178 1 1179 2
1178 3 1182 1
1179 3 1181 1
1180 1 1183 2
1181 2 1183 3
1182 3 1183 1
1185 1 1743 1
1185 2 1740 2
1185 3 1949 1
1187 2 1196 1
1187 3 1648 2
1188 1 1447 3
1188 2 1666 3
1189 1 1645 2
1189 2 1196 2
1190 1 1638 2
1190 2 1750 2
1192 1 1643 2
1192 2 1645 3
1193 3 1200 1
1194 1 1197 2
1194 3 1677 1
1195 1 1907 3
1195 2 1644 1
1195 3 1677 3
1196 3 1670 3
1198 1 1203 2
1198 2 1204 1
1198 3 1642 1
1199 2 1201 1
1200 2 1673 1
1200 3 1674 2
1201 2 1204 2
1202 1 1682 3
1202 2 1679 1
1202 3 1644 2
1204 3 1681 3
1205 1 1206 2
1205 2 1213 1
1206 1 1530 3
1207 2 1212 2
1207 3 1529 3
1208 1 1211 2
1208 3 1213 3
1209 2 1211 3
1209 3 1212 3
1210 3 1211 1
1212 1 1213 2
1214 1 1686 3
1214 2 1787 1
1214 3 1535 2
1215 1 1222 1
1216 2 1221 2
1217 1 1220 2
1217 3 1222 3
1218 2 1220 3
1218 3 1221 3
1219 3 1220 1
1221 1 1222 2
1223 3 1527 2
1224 1 1225 2
1225 1 1787 2
1226 1 1227 2
1226 2 1246 1
1226 3 1236 2
1227 3 1238 2
1228 1 1231 2
1228 2 1236 3
1228 3 1241 3
1229 2 1231 3
1229 3 1240 3
1230 2 1237 3
1230 3 1231 1
1232 1 1235 2
1232 3 1238 1
1233 2 1235 3
1233 3 1237 1
1234 3 1235 1
1236 1 1239 2
1237 2 1239 3
1238 3 1239 1
1240 1 1243 2
1241 1 1246 3
1241 2 1243 3
1242 1 1245 3
1242 3 1243 1
1244 1 1245 2
1244 2 1559 1
1245 1 1246 2
1247 2 1556 1
1247 3 1281 2
1248 1 1255 1
1248 3 1297 3
1249 2 1254 2
1249 3 1296 3
1250 1 1253 2
1250 3 1255 3
1251 2 1253 3
1251 3 1254 3
1252 3 1253 1
1254 1 1255 2
1256 1 1258 1
1256 3 1759 2
1257 1 1258 3
1257 2 1556 2
1258 2 1760 3
1259 1 1266 1
1259 3 1558 3
1260 2 1265 2
1260 3 1557 3
1261 1 1264 2
1261 3 1266 3
1262 2 1264 3
1262 3 1265 3
1263 3 1264 1
1265 1 1266 2
1267 1 1268 2
1267 2 1759 3
1267 3 1492 3
1268 1 1272 2
1268 3 1491 3
1269 1 1270 2
1269 2 1272 3
1269 3 1488 3
1270 1 1706 2
1270 3 1487 3
1271 1 1707 3
1271 2 1761 2
1271 3 1272 1
1273 1 1280 1
1273 3 1700 3
1274 1 1283 1
1274 2 1279 2
1274 3 1699 3
1275 1 1278 2
1275 3 1280 3
1276 1 1288 2
1276 2 1278 3
1276 3 1279 3
1277 1 1290 2
1277 3 1278 1
1279 1 1280 2
1281 3 1688 1
1282 1 1283 2
1282 3 1292 2
1283 3 1294 2
1284 1 1287 2
1284 2 1292 3
1285 2 1287 3
1286 2 1293 3
1286 3 1287 1
1288 1 1291 2
1288 3 1294 1
1289 2 1291 3
1289 3 1293 1
1290 3 1291 1
1292 1 1295 2
1293 2 1295 3
1294 3 1295 1
1296 1 1297 2
1297 1 1690 2
1298 1 1301 2
1299 1 1308 2
1299 2 1301 3
1300 1 1310 2
1300 3 1301 1
1302 1 1305 2
1302 2 1308 3
1303 2 1305 3
1304 2 1309 3
1304 3 1305 1
1306 1 1307 2
1306 3 1310 1
1307 3 1309 1
1308 1 1311 2
1309 2 1311 3
1310 3 1311 1
1312 1 1700 1
1312 2 1695 2
1312 3 1925 1
1313 1 1315 1
1313 2 1755 1
1313 3 1613 2
1314 1 1315 3
1314 2 1751 2
1314 3 1756 1
1315 2 1614 3
1316 1 1703 1
1316 2 1699 2
1316 3 1927 1
1317 1 1318 2
1317 2 1333 2
1318 1 1503 2
1319 1 1320 2
1319 3 1329 2
1320 3 1331 2
1321 1 1324 2
1321 2 1329 3
1322 2 1324 3
1323 2 1330 3
1323 3 1324 1
1325 1 1328 2
1325 3 1331 1
1326 2 1328 3
1326 3 1330 1
1327 3 1328 1
1329 1 1332 2
1330 2 1332 3
1331 3 1332 1
1333 1 1710 1
1333 3 1931 2
1334 1 1335 2
1334 3 1344 2
1335 3 1346 2
1336 1 1339 2
1336 2 1344 3
1337 2 1339 3
1338 2 1345 3
1338 3 1339 1
1340 1 1343 2
1340 3 1346 1
1341 2 1343 3
1341 3 1345 1
1342 3 1343 1
1344 1 1347 2
1345 2 1347 3
1346 3 1347 1
1348 1 1853 3
1348 2 1353 1
1348 3 1933 2
1349 1 1714 2
1349 2 1751 3
1349 3 1717 3
1350 1 1853 1
1350 2 1609 1
1351 1 1933 3
1351 2 1717 1
1351 3 1851 3
1352 1 1605 2
1352 2 1602 3
1352 3 1845 3
1353 2 1848 2
1353 3 1932 2
1354 1 1355 2
1354 3 1364 2
1355 3 1366 2
1356 1 1359 2
1356 2 1364 3
1357 2 1359 3
1358 2 1365 3
1358 3 1359 1
1360 1 1363 2
1360 3 1366 1
1361 2 1363 3
1361 3 1365 1
1362 3 1363 1
1364 1 1367 2
1365 2 1367 3
1366 3 1367 1
1368 1 1602 2
1368 2 1601 3
1368 3 1844 3
1369 1 1372 2
1370 1 1379 2
1370 2 1372 3
1371 1 1381 2
1371 3 1372 1
1373 1 1376 2
1373 2 1379 3
1374 2 1376 3
1375 2 1380 3
1375 3 1376 1
1377 1 1378 2
1377 3 1381 1
1378 3 1380 1
1379 1 1382 2
1380 2 1382 3
1381 3 1382 1
1383 1 1597 2
1383 2 1595 2
1383 3 1839 3
1384 1 1387 2
1385 1 1394 2
1385 2 1387 3
1386 1 1396 2
1386 3 1387 1
1388 1 1391 2
1388 2 1394 3
1389 2 1391 3
1390 2 1395 3
1390 3 1391 1
1392 1 1393 2
1392 3 1396 1
1393 3 1395 1
1394 1 1397 2
1395 2 1397 3
1396 3 1397 1
1398 2 1587 3
1398 3 1834 3
1399 1 1402 2
1400 1 1409 2
1400 2 1402 3
1401 1 1411 2
1401 3 1402 1
1403 1 1406 2
1403 2 1409 3
1404 2 1406 3
1405 2 1410 3
1405 3 1406 1
1407 1 1408 2
1407 3 1411 1
1408 3 1410 1
1409 1 1412 2
1410 2 1412 3
1411 3 1412 1
1413 1 1414 2
1413 2 1769 1
1413 3 1505 2
1414 1 1965 3
1414 3 1504 3
1415 1 1416 2
1415 3 1425 2
1416 3 1427 2
1417 1 1420 2
1417 2 1425 3
1418 2 1420 3
1419 2 1426 3
1419 3 1420 1
1421 1 1424 2
1421 3 1427 1
1422 2 1424 3
1422 3 1426 1
1423 3 1424 1
1425 1 1428 2
1426 2 1428 3
1427 3 1428 1
1429 2 1630 1
1429 3 1639 3
1430 1 1738 1
1430 2 1732 2
1430 3 1831 3
1431 1 1432 2
1431 3 1441 2
1432 3 1443 2
1433 1 1436 2
1433 2 1441 3
1434 2 1436 3
1435 2 1442 3
1435 3 1436 1
1437 1 1440 2
1437 3 1443 1
1438 2 1440 3
1438 3 1442 1
1439 3 1440 1
1441 1 1444 2
1442 2 1444 3
1443 3 1444 1
1445 2 1630 2
1446 1 1639 1
1446 2 1870 1
1446 3 1871 2
1447 2 1486 1
1448 1 1741 1
1448 2 1737 2
1448 3 1739 3
1449 1 1450 2
1449 3 1459 2
1450 3 1461 2
1451 1 1454 2
1451 2 1459 3
1452 2 1454 3
1453 2 1460 3
1453 3 1454 1
1455 1 1458 2
1455 3 1461 1
1456 2 1458 3
1456 3 1460 1
1457 3 1458 1
1459 1 1462 2
1460 2 1462 3
1461 3 1462 1
1463 1 1465 1
1463 3 1482 2
1464 1 1465 3
1464 2 1486 2
1465 2 1484 3
1466 1 1469 2
1466 2 1482 3
1467 1 1477 2
1467 2 1469 3
1468 1 1479 2
1468 2 1483 3
1468 3 1469 1
1470 1 1473 2
1470 2 1477 3
1471 2 1473 3
1472 2 1478 3
1472 3 1473 1
1474 1 1476 1
1474 2 1478 1
1475 1 1476 3
1475 2 1485 2
1475 3 1479 1
1477 1 1480 2
1478 2 1480 3
1479 3 1480 1
1481 1 2055 3
1481 2 1896 1
1481 3 1894 3
1482 1 1483 2
1483 1 1485 1
1484 1 1485 3
1484 2 1749 3
1486 3 1894 1
1487 1 1490 2
1488 1 1499 2
1488 2 1490 3
1489 1 1501 2
1489 3 1490 1
1491 1 1494 2
1491 2 1499 3
1492 2 1494 3
1493 2 1500 3
1493 3 1494 1
1495 1 1498 2
1495 3 1501 1
1496 2 1498 3
1496 3 1500 1
1497 3 1498 1
1499 1 1502 2
1500 2 1502 3
1501 3 1502 1
1503 1 1929 1
1503 3 1702 2
1504 1 1512 1
1505 1 1506 2
1506 1 1511 2
1507 1 1510 2
1507 3 1512 3
1508 2 1510 3
1508 3 1511 3
1509 3 1510 1
1511 1 1512 2
1513 1 1630 3
1513 2 1866 1
1513 3 1870 2
1514 3 1548 3
1515 1 1771 3
1515 3 1553 3
1516 3 1546 1
1517 3 1520 2
1518 2 1544 1
1519 2 1520 1
1520 3 1803 3
1523 1 1524 2
1523 2 1687 2
1524 1 1534 1
1525 2 1540 3
1525 3 1541 1
1527 3 1684 3
1528 1 1531 2
1528 2 1561 2
1529 1 1530 2
1529 2 1683 2
1531 1 1689 1
1531 3 1543 3
1532 2 1561 1
1532 3 1780 2
1533 1 1784 1
1533 2 1535 1
1534 3 1778 1
1536 2 1537 3
1537 1 1790 3
1539 1 1567 3
1540 2 1565 1
1541 2 1798 1
1541 3 1818 2
1542 3 1564 1
1543 2 1774 1
1544 3 1775 1
1545 1 1773 2
1545 2 1774 2
1546 2 1770 1
1546 3 1773 3
1547 1 1784 2
1547 2 1684 2
1547 3 1980 3
1548 1 1550 2
1548 2 1770 2
1549 1 1799 1
1549 2 1989 1
1549 3 1805 2
1550 1 1804 3
1550 3 1554 2
1551 1 1555 2
1551 2 1772 3
1552 1 1799 2
1552 2 1801 3
1555 1 1802 3
1555 3 1803 2
1556 3 1691 1
1557 1 1558 2
1557 2 1562 2
1559 2 1687 1
1559 3 1690 3
1560 1 1917 2
1560 2 1919 3
1560 3 1690 1
1561 3 1813 1
1562 1 1696 1
1562 3 1922 3
1563 3 1565 2
1564 2 1572 1
1564 3 1796 2
1565 3 1794 1
1566 1 1793 2
1566 2 1572 2
1567 1 1791 2
1567 2 1793 3
1568 1 2004 2
1568 2 2142 3
1568 3 2000 1
1569 3 1576 1
1570 1 1573 2
1570 3 1822 1
1571 1 2012 1
1571 2 1823 1
1571 3 1822 3
1572 3 1815 1
1574 1 1824 3
1574 2 1790 1
1574 3 1577 2
1575 2 1577 1
1576 2 1818 1
1576 3 1819 2
1578 1 1792 2
1578 2 1824 1
1579 1 1580 2
1580 1 1769 3
1581 1 1833 3
1581 2 1733 1
1581 3 1730 2
1582 1 1949 2
1582 2 1739 2
1582 3 2095 1
1584 3 1585 3
1585 1 1832 1
1585 2 1586 1
1586 2 1587 2
1588 2 1591 3
1588 3 1728 1
1589 1 1590 2
1589 2 1736 2
1589 3 1941 3
1590 3 1594 2
1592 1 1934 3
1592 2 1600 1
1592 3 1724 2
1593 1 1835 3
1593 2 1834 1
1593 3 1832 3
1594 1 1832 2
1595 1 1596 2
1598 1 1725 1
1598 2 1720 2
1598 3 1846 2
1599 1 1600 2
1603 1 1718 2
1603 2 1848 1
1603 3 1721 1
1604 1 1935 3
1604 2 1844 1
1604 3 1729 2
1606 1 1719 1
1606 2 1715 2
1606 3 1932 3
1607 1 1847 3
1607 2 1845 1
1607 3 1844 2
1608 1 1609 2
1608 2 1850 3
1610 1 1853 2
1610 2 1723 2
1610 3 1852 2
1611 1 1612 2
1611 2 1851 2
1612 1 1850 2
1613 1 1615 1
1614 1 1615 3
1614 2 1851 1
1616 3 1654 3
1617 1 1855 3
1617 3 1659 3
1618 3 1652 1
1619 2 1624 1
1619 3 1622 2
1620 2 1650 1
1620 3 1624 2
1621 2 1622 1
1622 3 1887 3
1624 3 1658 1
1628 1 1746 1
1628 2 1742 2
1628 3 1668 3
1629 1 1667 2
1629 2 1637 2
1631 2 1669 2
1632 1 1633 2
1632 2 1764 1
1633 1 1636 2
1634 2 1636 3
1635 2 1765 1
1635 3 1636 1
1637 1 1863 2
1637 3 1869 1
1638 1 1897 1
1638 3 1863 3
1639 2 1641 1
1640 1 1945 3
1640 2 1831 2
1640 3 2092 2
1642 2 1643 3
1643 1 1874 3
1645 1 1671 3
1646 2 1669 1
1647 2 1900 1
1647 3 1902 2
1649 2 1858 1
1649 3 1667 3
1650 3 1859 1
1651 1 1857 2
1651 2 1858 2
1652 2 1854 1
1652 3 1857 3
1653 1 1964 2
1653 2 1950 3
1653 3 1966 1
1654 1 1656 2
1654 2 1854 2
1655 1 2034 2
1655 2 2045 2
1655 3 2052 1
1656 1 1888 3
1656 3 1660 2
1657 1 1661 2
1657 2 1856 3
1658 2 1862 1
1658 3 1885 3
1661 1 2030 3
1661 3 1887 2
1662 1 1893 2
1662 2 1747 2
1662 3 1955 2
1663 1 1664 2
1663 2 1749 1
1664 1 1893 1
1665 1 1954 3
1665 2 1748 1
1665 3 1745 2
1666 1 1896 3
1667 1 1865 1
1668 1 1868 2
1668 2 1864 3
1669 3 1878 1
1670 1 1877 2
1670 2 1676 2
1671 1 1875 2
1671 2 1877 3
1672 1 1860 2
1672 2 1896 2
1672 3 2057 1
1673 3 1680 1
1674 1 1677 2
1674 3 1906 1
1675 1 2068 1
1675 2 1907 1
1675 3 1906 3
1676 3 1899 1
1678 1 1908 3
1678 2 1874 1
1678 3 1681 2
1679 2 1681 1
1680 2 1902 1
1680 3 1903 2
1682 1 1876 2
1682 2 1908 1
1683 3 1781 1
1684 1 1783 2
1685 2 1780 1
1685 3 1783 3
1686 1 1982 1
1686 2 1788 3
1687 3 1694 3
1688 2 1808 1
1688 3 1811 3
1689 2 1971 1
1689 3 1973 2
1691 2 1961 3
1691 3 1808 2
1692 1 1811 1
1692 3 2000 3
1693 1 1960 3
1693 2 1961 1
1693 3 1760 2
1694 1 1915 2
1694 2 1917 3
1695 1 1696 2
1697 1 1929 2
1697 2 1927 3
1697 3 1923 2
1698 1 1925 2
1698 2 1922 2
1698 3 2077 3
1699 1 1700 2
1701 1 1927 2
1701 2 1925 3
1701 3 2079 3
1702 1 1703 2
1704 1 1758 3
1704 2 1751 1
1705 1 1930 2
1705 2 2106 3
1705 3 1959 3
1706 1 1708 1
1706 3 1956 2
1707 1 1708 3
1707 2 2105 1
1708 2 1957 3
1709 1 1710 2
1711 1 1959 2
1711 2 1758 1
1711 3 1931 1
1712 1 1713 2
1712 2 1714 1
1714 3 1716 1
1715 1 1716 2
1717 2 1932 1
1718 1 1719 2
1720 1 1721 2
1722 1 1849 3
1722 2 1723 1
1722 3 1845 2
1724 1 1725 2
1726 1 2020 3
1726 2 1839 1
1726 3 1838 3
1727 1 1840 2
1727 2 2026 2
1727 3 2023 1
1728 2 1834 2
1728 3 1836 2
1730 1 1731 2
1732 1 1733 2
1734 1 2109 1
1734 2 1967 1
1734 3 1769 2
1735 1 2156 2
1735 2 1941 1
1735 3 2014 1
1737 1 1738 2
1739 1 1945 2
1740 1 1741 2
1742 1 1743 2
1744 2 1750 1
1744 3 1866 2
1745 1 1746 2
1747 1 1748 2
1749 2 1892 2
1750 3 1873 1
1752 1 1753 2
1752 2 1956 3
1753 1 1757 2
1754 1 1755 2
1754 2 1757 3
1756 2 1958 2
1756 3 1757 1
1758 2 1957 2
1759 1 1761 1
1760 1 1761 3
1762 1 1766 2
1762 2 1962 3
1763 1 1764 2
1763 2 1766 3
1765 2 1963 3
1765 3 1766 1
1767 1 1873 2
1767 2 1897 3
1767 3 2033 3
1768 1 2093 1
1768 2 1963 1
1768 3 1872 3
1770 3 1806 3
1771 1 1772 2
1771 2 1804 1
1772 1 1807 2
1773 1 1779 3
1774 3 1797 1
1775 2 1796 1
1775 3 1799 3
1776 2 1812 1
1776 3 1814 2
1777 1 2115 1
1777 2 1779 1
1777 3 1806 2
1778 2 1912 1
1778 3 1915 3
1779 2 1969 2
1780 3 1789 1
1781 2 1786 1
1781 3 1912 2
1782 1 1795 3
1782 2 2129 1
1782 3 2131 2
1783 1 1979 3
1784 3 1982 2
1785 1 2128 2
1785 2 2073 2
1785 3 2239 3
1786 2 1788 1
1786 3 1983 3
1789 2 1918 1
1789 3 1978 3
1790 2 1791 3
1791 1 1826 3
1792 1 1827 2
1792 3 1823 2
1793 1 1816 1
1794 2 1814 1
1794 3 1798 2
1795 1 1972 2
1795 2 1815 3
1796 3 1972 1
1797 2 1969 1
1797 3 1971 2
1798 3 1987 1
1800 1 1971 3
1800 2 2117 1
1800 3 2120 3
1801 1 1994 1
1801 2 1803 1
1802 1 1970 2
1802 2 1995 1
1804 2 1806 1
1805 1 1994 2
1805 3 2122 3
1807 1 2115 2
1807 3 1995 3
1808 3 1998 1
1809 1 1999 3
1809 2 1922 1
1809 3 1920 2
1810 1 2072 2
1810 2 2074 3
1810 3 1917 1
1812 3 1817 3
1813 2 1973 1
1813 3 1918 2
1814 3 1821 1
1815 2 1985 1
1816 2 2010 3
1816 3 1985 2
1817 1 2000 2
1817 2 1916 2
1818 3 1976 3
1819 1 1822 2
1819 3 2009 3
1820 1 1827 1
1820 2 2010 1
1820 3 1826 2
1821 2 1916 1
1821 3 1992 2
1824 2 1826 1
1825 1 2012 2
1825 2 2009 2
1825 3 2154 1
1827 3 2152 1
1828 1 1967 3
1829 1 2016 3
1829 2 1831 1
1829 3 1833 2
1830 1 2088 2
1830 2 1833 1
1830 3 1939 1
1835 2 2017 2
1836 1 1838 2
1836 3 2019 1
1837 1 2158 2
1837 3 1941 2
1840 1 1934 2
1840 3 1936 1
1841 1 2020 2
1841 2 2021 2
1841 3 1937 1
1842 1 1847 2
1842 2 1934 1
1842 3 1849 1
1843 1 2018 3
1843 2 2020 1
1843 3 2019 3
1846 1 1849 2
1846 3 1852 3
1847 1 2026 3
1848 3 1852 1
1850 1 1933 1
1854 3 1890 3
1855 1 1856 2
1855 2 1888 1
1856 1 1891 2
1857 1 1882 3
1858 3 1881 1
1859 2 1880 1
1859 3 1862 2
1860 3 1898 2
1861 1 2161 1
1861 2 1882 1
1861 3 1890 2
1862 3 2049 1
1864 1 2097 3
1864 2 1954 1
1865 2 1886 1
1865 3 2031 2
1866 3 1950 1
1867 1 1879 3
1867 2 2179 1
1867 3 2046 2
1868 1 2041 1
1868 3 1949 3
1869 2 2031 1
1869 3 1883 2
1870 3 1964 1
1871 1 1872 2
1871 3 2107 1
1873 3 2035 2
1874 2 1875 3
1875 1 1910 3
1876 1 2178 2
1876 3 1907 2
1877 1 1901 1
1878 2 1898 1
1878 3 1900 2
1879 1 2029 2
1879 2 1899 3
1880 3 2029 1
1881 2 2027 1
1881 3 1886 2
1882 2 2027 2
1883 1 1897 2
1883 3 2058 1
1884 1 1886 3
1884 2 2163 1
1884 3 2054 2
1885 1 2050 3
1885 2 1887 1
1888 2 1890 1
1889 1 2186 1
1889 2 2050 1
1889 3 2049 3
1891 1 2161 2
1891 3 2053 3
1892 1 1894 2
1892 3 1895 1
1893 3 1952 2
1895 2 1952 1
1895 3 2055 1
1898 3 1905 1
1899 2 2043 1
1900 3 2045 3
1901 2 1911 3
1901 3 2043 2
1902 3 2034 1
1903 1 1906 2
1903 3 2065 3
1904 1 2178 1
1904 2 1911 1
1904 3 1910 2
1905 2 2032 1
1905 3 2060 3
1908 2 1910 1
1909 1 2068 2
1909 2 2065 2
1909 3 2067 2
1911 2 2066 1
1912 3 2069 3
1913 1 2128 1
1913 2 1980 1
1913 3 1979 2
1914 1 1982 3
1914 2 1981 1
1914 3 1983 1
1915 1 2071 3
1916 3 2121 3
1918 3 1984 1
1919 1 2075 3
1919 2 1920 1
1921 1 2104 2
1921 2 2081 1
1921 3 2083 2
1923 1 2106 1
1923 3 1928 3
1924 1 2126 3
1924 2 1999 1
1924 3 2075 2
1926 1 2212 2
1926 2 2079 1
1926 3 2077 2
1928 1 2079 2
1928 2 2104 3
1929 3 1930 1
1930 3 1931 3
1935 1 2025 2
1935 2 2026 1
1936 2 1938 2
1937 2 2025 3
1938 1 2086 2
1938 3 2085 2
1939 3 2086 1
1940 1 1943 3
1940 2 2016 1
1940 3 2088 1
1942 1 2313 3
1942 2 2108 1
1942 3 2093 3
1943 1 2090 2
1943 2 2089 3
1944 1 2316 2
1944 2 2313 2
1944 3 2356 3
1945 1 2094 1
1946 1 2041 2
1946 2 2095 3
1946 3 2217 3
1947 1 2095 2
1947 2 2094 3
1947 3 2113 3
1948 1 2215 2
1948 2 2092 1
1948 3 1968 2
1950 2 2035 1
1951 1 2316 1
1951 2 2231 1
1951 3 2109 3
1952 3 2100 1
1953 1 2190 2
1953 2 2191 2
1953 3 2040 1
1954 2 2099 3
1955 1 2100 2
1955 3 2099 2
1956 1 1958 1
1957 1 1958 3
1959 1 2105 2
1960 1 2105 3
1960 2 2083 3
1961 2 2081 3
1962 1 1963 2
1962 2 1965 1
1964 3 2039 2
1965 2 2108 3
1966 2 2171 1
1966 3 2173 2
1967 2 2013 3
1968 1 2112 2
1968 3 2230 2
1969 3 1990 3
1970 1 2119 3
1970 3 1994 3
1972 3 1989 2
1973 3 2001 3
1974 1 2241 1
1974 2 2002 1
1974 3 2201 2
1975 1 2201 3
1975 2 2071 1
1975 3 2069 2
1976 1 2006 2
1976 2 1986 3
1977 1 1984 2
1977 2 2001 2
1977 3 2203 1
1978 1 2073 3
1978 2 1979 1
1980 2 1981 2
1981 3 2125 3
1983 2 2069 1
1984 3 2124 3
1985 3 2003 1
1986 1 2149 1
1986 2 2009 1
1987 2 1992 1
1987 3 2006 3
1988 1 1992 3
1988 2 2143 1
1988 3 2146 3
1989 3 2133 1
1990 1 1991 2
1990 2 2117 2
1991 1 2116 2
1991 3 2115 3
1993 1 2261 1
1993 2 2259 1
1993 3 2257 2
1995 2 2116 3
1996 1 2248 1
1996 2 2122 1
1996 3 2133 3
1997 1 2141 3
1997 2 2077 1
1997 3 1999 2
1998 2 2103 3
2001 1 2120 2
2002 2 2127 2
2002 3 2072 1
2003 2 2007 3
2003 3 2129 2
2004 1 2254 1
2004 3 2080 2
2005 1 2078 2
2005 2 2203 3
2005 3 2148 1
2006 1 2132 3
2007 1 2010 2
2007 2 2151 1
2008 1 2129 3
2008 2 2147 1
2008 3 2243 2
2011 1 2154 2
2011 2 2149 3
2011 3 2153 3
2012 3 2152 2
2013 1 2231 3
2013 2 2111 1
2014 3 2111 3
2015 1 2158 1
2015 2 2022 3
2015 3 2017 3
2016 2 2091 1
2017 1 2019 2
2018 1 2022 2
2018 2 2264 1
2021 1 2087 2
2021 3 2264 3
2022 1 2214 3
2023 2 2025 1
2023 3 2085 3
2024 1 2264 2
2024 2 2214 2
2024 3 2263 2
2027 3 2048 3
2028 1 2166 3
2028 2 2030 1
2028 3 2050 2
2029 3 2047 2
2030 2 2053 1
2031 3 2038 1
2032 2 2057 3
2032 3 2192 1
2033 1 2170 2
2033 2 2042 2
2034 3 2044 3
2035 3 2101 1
2036 1 2058 2
2036 2 2038 3
2036 3 2174 3
2037 1 2224 2
2037 2 2097 1
2037 3 2041 3
2038 2 2054 1
2039 1 2107 2
2039 3 2225 1
2040 2 2056 1
2040 3 2100 3
2042 1 2101 2
2042 3 2059 3
2043 3 2061 1
2044 1 2197 3
2044 2 2065 1
2045 1 2060 2
2046 1 2183 2
2046 3 2185 1
2047 1 2049 2
2047 3 2183 1
2048 1 2051 2
2048 2 2163 2
2051 1 2162 1
2051 3 2161 3
2052 2 2181 1
2052 3 2180 3
2053 2 2162 2
2054 3 2169 1
2056 2 2062 2
2058 3 2170 3
2059 1 2272 2
2059 2 2064 2
2060 1 2193 3
2061 2 2063 1
2061 3 2179 2
2062 1 2192 2
2062 3 2285 1
2063 2 2066 3
2063 3 2200 1
2064 1 2275 2
2064 3 2339 3
2066 2 2177 1
2067 1 2200 2
2067 3 2199 2
2068 3 2177 3
2070 1 2294 1
2070 2 2125 1
2070 3 2128 3
2071 2 2072 3
2073 1 2124 2
2074 1 2205 1
2074 2 2075 1
2076 1 2252 1
2076 2 2082 3
2076 3 2103 2
2078 1 2124 1
2078 3 2204 3
2080 1 2082 2
2081 2 2103 1
2082 1 2084 2
2083 1 2106 2
2084 1 2207 1
2084 3 2251 1
2085 1 2087 1
2086 3 2159 3
2087 3 2263 1
2088 3 2213 3
2089 1 2230 3
2089 2 2091 2
2090 1 2157 2
2090 3 2160 3
2091 3 2092 3
2093 2 2096 1
2094 2 2215 1
2096 2 2107 3
2096 3 2228 1
2097 2 2220 3
2098 1 2301 2
2098 2 2215 3
2098 3 2232 2
2099 1 2190 3
2101 3 2171 2
2102 1 2228 2
2102 2 2225 3
2102 3 2311 1
2104 1 2252 2
2108 2 2109 2
2110 1 2360 1
2110 2 2309 1
2110 3 2275 3
2111 2 2229 3
2112 1 2232 3
2112 3 2229 1
2113 1 2301 1
2113 2 2217 1
2114 1 2304 2
2114 2 2311 3
2114 3 2357 3
2116 1 2135 3
2117 3 2134 1
2118 1 2236 3
2118 2 2119 1
2118 3 2122 2
2119 2 2135 1
2120 1 2123 1
2121 1 2142 2
2121 2 2143 2
2123 2 2233 1
2123 3 2138 2
2125 2 2201 1
2126 1 2139 2
2126 2 2140 3
2127 1 2205 2
2127 3 2295 3
2130 1 2149 2
2130 2 2132 2
2130 3 2246 3
2131 1 2133 2
2131 3 2136 1
2132 1 2146 2
2134 2 2137 1
2134 3 2233 2
2135 2 2137 2
2136 2 2243 1
2136 3 2235 2
2137 3 2238 3
2138 1 2203 2
2138 3 2317 3
2139 1 2298 1
2139 3 2205 3
2140 1 2253 3
2140 2 2141 1
2141 2 2211 3
2142 1 2255 3
2143 3 2257 3
2144 1 2296 1
2144 2 2206 1
2144 3 2299 2
2145 1 2298 2
2145 2 2295 2
2145 3 2247 3
2146 1 2259 3
2147 2 2150 3
2147 3 2153 2
2148 2 2242 1
2148 3 2208 2
2150 1 2151 3
2150 2 2154 3
2151 2 2152 3
2153 1 2260 3
2155 1 2229 2
2155 2 2230 1
2155 3 2156 3
2156 1 2157 1
2157 3 2158 3
2159 1 2263 3
2159 2 2213 1
2160 1 2213 2
2160 2 2214 1
2162 3 2168 3
2163 3 2184 1
2164 1 2267 3
2164 2 2166 1
2164 3 2186 3
2165 1 2186 2
2165 2 2183 3
2165 3 2269 3
2166 2 2168 1
2167 1 2219 3
2167 2 2193 1
2167 3 2192 3
2168 2 2187 2
2169 2 2265 1
2169 3 2268 3
2170 1 2176 3
2171 3 2275 1
2172 1 2352 2
2172 2 2289 1
2172 3 2219 2
2173 1 2225 2
2173 3 2309 3
2174 1 2268 2
2174 2 2270 3
2175 1 2360 2
2175 2 2339 2
2175 3 2389 3
2176 1 2270 2
2176 2 2272 3
2177 2 2178 3
2179 3 2194 1
2180 1 2278 3
2180 2 2197 1
2181 2 2193 2
2181 3 2289 3
2182 1 2272 1
2182 2 2287 1
2182 3 2286 3
2184 2 2187 1
2184 3 2265 2
2185 2 2277 1
2185 3 2188 3
2187 3 2281 3
2188 1 2345 1
2188 2 2269 1
2189 1 2308 1
2189 2 2305 1
2189 3 2222 2
2190 1 2222 3
2191 1 2285 2
2191 3 2305 3
2194 2 2195 1
2194 3 2277 2
2195 2 2200 3
2195 3 2198 2
2196 1 2341 3
2196 2 2219 1
2196 3 2285 3
2197 2 2199 3
2198 1 2344 1
2198 3 2199 1
2202 1 2294 2
2202 2 2239 2
2202 3 2293 3
2204 1 2322 1
2204 2 2239 1
2206 2 2255 1
2206 3 2254 3
2207 2 2209 1
2207 3 2254 2
2208 1 2322 2
2208 3 2368 1
2209 2 2211 1
2209 3 2299 3
2210 1 2298 3
2210 2 2300 3
2210 3 2253 1
2211 2 2212 3
2212 1 2251 3
2216 1 2302 1
2216 2 2232 1
2216 3 2231 2
2217 2 2223 3
2218 1 2304 1
2218 2 2313 1
2218 3 2228 3
2220 1 2273 3
2220 2 2222 1
2221 1 2358 1
2221 2 2273 1
2221 3 2224 1
2223 1 2314 3
2223 2 2303 1
2224 3 2303 3
2226 1 2316 3
2226 2 2314 1
2226 3 2302 2
2227 1 2311 2
2227 2 2309 2
2227 3 2307 3
2233 3 2249 3
2234 1 2250 3
2234 2 2236 1
2234 3 2248 3
2235 1 2248 2
2235 3 2240 3
2236 2 2238 1
2237 1 2319 3
2237 2 2295 1
2237 3 2241 3
2238 2 2249 1
2240 1 2324 2
2240 2 2325 1
2241 2 2294 3
2242 2 2317 2
2242 3 2321 3
2243 3 2323 1
2244 1 2331 3
2244 2 2246 1
2244 3 2259 2
2245 1 2327 3
2245 2 2317 1
2245 3 2249 2
2246 2 2262 3
2247 1 2297 2
2247 2 2388 1
2250 1 2325 3
2250 2 2327 1
2251 2 2252 3
2253 2 2299 1
2255 2 2256 3
2256 1 2329 3
2256 2 2257 1
2258 1 2371 3
2258 2 2331 1
2258 3 2261 3
2260 1 2262 2
2260 2 2323 2
2261 2 2318 1
2262 1 2326 2
2265 3 2283 3
2266 1 2284 3
2266 2 2267 1
2266 3 2269 2
2267 2 2281 1
2268 1 2335 3
2270 1 2338 1
2271 1 2383 2
2271 2 2280 3
2271 3 2343 2
2273 2 2308 2
2274 1 2338 2
2274 2 2335 2
2274 3 2373 1
2276 1 2358 3
2276 2 2306 1
2276 3 2350 1
2277 3 2292 1
2278 1 2291 2
2278 2 2280 2
2279 1 2348 3
2279 2 2335 1
2279 3 2283 2
2280 1 2344 2
2281 2 2283 1
2282 1 2340 2
2282 2 2375 1
2282 3 2343 1
2284 1 2347 2
2284 2 2348 1
2286 1 2374 3
2286 2 2339 1
2287 2 2338 3
2287 3 2376 1
2288 1 2381 3
2288 2 2341 1
2288 3 2305 2
2289 2 2291 3
2290 1 2345 2
2290 2 2292 3
2290 3 2383 1
2291 1 2343 3
2292 2 2344 3
2293 1 2322 3
2293 2 2319 1
2296 2 2332 3
2296 3 2329 1
2297 1 2330 1
2297 3 2319 2
2300 1 2388 3
2300 2 2332 1
2301 3 2302 3
2303 2 2312 1
2304 3 2315 3
2306 2 2361 2
2306 3 2392 3
2307 1 2355 2
2307 2 2361 1
2308 3 2350 3
2310 1 2358 2
2310 2 2312 3
2310 3 2357 2
2312 2 2364 2
2314 2 2363 3
2315 1 2364 1
2315 2 2356 1
2318 2 2329 2
2318 3 2370 3
2320 1 2393 3
2320 2 2321 1
2320 3 2327 2
2321 2 2354 2
2323 3 2324 3
2324 1 2333 1
2325 2 2366 3
2326 1 2333 2
2326 3 2331 2
2328 1 2394 1
2328 2 2367 1
2328 3 2371 2
2330 2 2368 3
2330 3 2369 3
2332 2 2387 1
2333 3 2367 3
2334 1 2365 2
2334 2 2369 1
2334 3 2372 3
2336 1 2376 2
2336 2 2373 3
2336 3 2385 3
2337 1 2373 2
2337 2 2348 2
2337 3 2346 2
2340 1 2386 3
2340 3 2352 1
2341 2 2351 3
2342 1 2378 2
2342 2 2374 1
2342 3 2376 3
2345 3 2347 3
2346 1 2384 2
2346 3 2347 1
2349 1 2380 1
2349 2 2390 2
2349 3 2359 1
2350 2 2381 1
2351 1 2390 3
2351 2 2379 1
2352 3 2379 3
2353 1 2388 2
2353 2 2369 2
2353 3 2387 2
2354 1 2368 2
2354 3 2372 1
2355 1 2382 3
2355 3 2360 3
2356 2 2363 1
2357 1 2361 3
2359 2 2389 1
2359 3 2374 2
2362 1 2377 2
2362 2 2391 1
2362 3 2390 1
2363 2 2364 3
2365 1 2370 2
2365 3 2371 1
2366 1 2367 2
2366 2 2393 1
2370 1 2387 3
2372 2 2394 2
2375 2 2385 1
2375 3 2384 1
2377 1 2392 2
2377 3 2381 2
2378 1 2386 2
2378 3 2385 2
2379 2 2380 3
2380 2 2386 1
2382 1 2391 2
2382 2 2392 1
2383 3 2384 3
2389 2 2391 3
2393 2 2394 3
