18246 2 1
18245 3 1
18243 2 1
18242 3 1
18282 2 1
18281 3 1
18279 2 1
18278 3 1
18182 2 1
18181 3 1
18179 2 1
18178 3 1
18218 2 1
18217 3 1
18215 2 1
18214 3 1
17990 2 1
17989 3 1
17987 2 1
17986 3 1
18026 2 1
18025 3 1
18023 2 1
18022 3 1
17926 2 1
17925 3 1
17923 2 1
17922 3 1
17962 2 1
17961 3 1
17959 2 1
17958 3 1
39238 2 1
39237 3 1
39235 2 1
39234 3 1
39274 2 1
39273 3 1
39271 2 1
39270 3 1
39174 2 1
39173 3 1
39171 2 1
39170 3 1
39210 2 1
39209 3 1
39207 2 1
39206 3 1
38982 2 1
38981 3 1
38979 2 1
38978 3 1
39018 2 1
39017 3 1
39015 2 1
39014 3 1
38918 2 1
38917 3 1
38915 2 1
38914 3 1
38954 2 1
38953 3 1
38951 2 1
38950 3 1
19270 2 1
19269 3 1
19267 2 1
19266 3 1
19306 2 1
19305 3 1
19303 2 1
19302 3 1
19206 2 1
19205 3 1
19203 2 1
19202 3 1
19242 2 1
19241 3 1
19239 2 1
19238 3 1
19014 2 1
19013 3 1
19011 2 1
19010 3 1
19050 2 1
19049 3 1
19047 2 1
19046 3 1
18950 2 1
18949 3 1
18947 2 1
18946 3 1
18986 2 1
18985 3 1
18983 2 1
18982 3 1
37958 2 1
37957 3 1
37955 2 1
37954 3 1
37994 2 1
37993 3 1
37991 2 1
37990 3 1
37894 2 1
37893 3 1
37891 2 1
37890 3 1
37930 2 1
37929 3 1
37927 2 1
37926 3 1
37702 2 1
37701 3 1
37699 2 1
37698 3 1
37738 2 1
37737 3 1
37735 2 1
37734 3 1
37638 2 1
37637 3 1
37635 2 1
37634 3 1
37674 2 1
37673 3 1
37671 2 1
37670 3 1
70662 2 1
70661 3 1
70659 2 1
70658 3 1
70698 2 1
70697 3 1
70695 2 1
70694 3 1
70598 2 1
70597 3 1
70595 2 1
70594 3 1
70634 2 1
70633 3 1
70631 2 1
70630 3 1
70406 2 1
70405 3 1
70403 2 1
70402 3 1
70442 2 1
70441 3 1
70439 2 1
70438 3 1
70342 2 1
70341 3 1
70339 2 1
70338 3 1
70378 2 1
70377 3 1
70375 2 1
70374 3 1
43590 2 1
43589 3 1
43587 2 1
43586 3 1
43626 2 1
43625 3 1
43623 2 1
43622 3 1
43526 2 1
43525 3 1
43523 2 1
43522 3 1
43562 2 1
43561 3 1
43559 2 1
43558 3 1
43334 2 1
43333 3 1
43331 2 1
43330 3 1
43370 2 1
43369 3 1
43367 2 1
43366 3 1
43270 2 1
43269 3 1
43267 2 1
43266 3 1
43306 2 1
43305 3 1
43303 2 1
43302 3 1
14086 2 1
14085 3 1
14083 2 1
14082 3 1
14122 2 1
14121 3 1
14119 2 1
14118 3 1
14022 2 1
14021 3 1
14019 2 1
14018 3 1
14058 2 1
14057 3 1
14055 2 1
14054 3 1
13830 2 1
13829 3 1
13827 2 1
13826 3 1
13866 2 1
13865 3 1
13863 2 1
13862 3 1
13766 2 1
13765 3 1
13763 2 1
13762 3 1
13802 2 1
13801 3 1
13799 2 1
13798 3 1
4230 2 1
4229 3 1
4227 2 1
4226 3 1
4266 2 1
4265 3 1
4263 2 1
4262 3 1
4166 2 1
4165 3 1
4163 2 1
4162 3 1
4202 2 1
4201 3 1
4199 2 1
4198 3 1
3974 2 1
3973 3 1
3971 2 1
3970 3 1
4010 2 1
4009 3 1
4007 2 1
4006 3 1
3910 2 1
3909 3 1
3907 2 1
3906 3 1
3946 2 1
3945 3 1
3943 2 1
3942 3 1
13190 2 1
13189 3 1
13187 2 1
13186 3 1
13226 2 1
13225 3 1
13223 2 1
13222 3 1
13126 2 1
13125 3 1
13123 2 1
13122 3 1
13162 2 1
13161 3 1
13159 2 1
13158 3 1
12934 2 1
12933 3 1
12931 2 1
12930 3 1
12970 2 1
12969 3 1
12967 2 1
12966 3 1
12870 2 1
12869 3 1
12867 2 1
12866 3 1
12906 2 1
12905 3 1
12903 2 1
12902 3 1
74246 2 1
74245 3 1
74243 2 1
74242 3 1
74282 2 1
74281 3 1
74279 2 1
74278 3 1
74182 2 1
74181 3 1
74179 2 1
74178 3 1
74218 2 1
74217 3 1
74215 2 1
74214 3 1
73990 2 1
73989 3 1
73987 2 1
73986 3 1
74026 2 1
74025 3 1
74023 2 1
74022 3 1
73926 2 1
73925 3 1
73923 2 1
73922 3 1
73962 2 1
73961 3 1
73959 2 1
73958 3 1
75238 2 1
75237 3 1
75235 2 1
75234 3 1
75226 2 1
75225 3 1
75223 2 1
75222 3 1
75174 2 1
75173 3 1
75171 2 1
75170 3 1
75162 2 1
75161 3 1
75159 2 1
75158 3 1
74982 2 1
74981 3 1
74979 2 1
74978 3 1
74970 2 1
74969 3 1
74967 2 1
74966 3 1
74918 2 1
74917 3 1
74915 2 1
74914 3 1
74906 2 1
74905 3 1
74903 2 1
74902 3 1
77126 2 1
77125 3 1
77123 2 1
77122 3 1
77162 2 1
77161 3 1
77159 2 1
77158 3 1
77062 2 1
77061 3 1
77059 2 1
77058 3 1
77098 2 1
77097 3 1
77095 2 1
77094 3 1
76870 2 1
76869 3 1
76867 2 1
76866 3 1
76906 2 1
76905 3 1
76903 2 1
76902 3 1
76806 2 1
76805 3 1
76803 2 1
76802 3 1
76842 2 1
76841 3 1
76839 2 1
76838 3 1
78150 2 1
78149 3 1
78147 2 1
78146 3 1
78186 2 1
78185 3 1
78183 2 1
78182 3 1
78086 2 1
78085 3 1
78083 2 1
78082 3 1
78122 2 1
78121 3 1
78119 2 1
78118 3 1
77894 2 1
77893 3 1
77891 2 1
77890 3 1
77930 2 1
77929 3 1
77927 2 1
77926 3 1
77830 2 1
77829 3 1
77827 2 1
77826 3 1
77866 2 1
77865 3 1
77863 2 1
77862 3 1
10854 2 1
10853 3 1
10851 2 1
10850 3 1
10842 2 1
10841 3 1
10839 2 1
10838 3 1
10790 2 1
10789 3 1
10787 2 1
10786 3 1
10778 2 1
10777 3 1
10775 2 1
10774 3 1
10598 2 1
10597 3 1
10595 2 1
10594 3 1
10586 2 1
10585 3 1
10583 2 1
10582 3 1
10534 2 1
10533 3 1
10531 2 1
10530 3 1
10522 2 1
10521 3 1
10519 2 1
10518 3 1
59622 2 1
59621 3 1
59619 2 1
59618 3 1
59610 2 1
59609 3 1
59607 2 1
59606 3 1
59558 2 1
59557 3 1
59555 2 1
59554 3 1
59546 2 1
59545 3 1
59543 2 1
59542 3 1
59366 2 1
59365 3 1
59363 2 1
59362 3 1
59354 2 1
59353 3 1
59351 2 1
59350 3 1
59302 2 1
59301 3 1
59299 2 1
59298 3 1
59290 2 1
59289 3 1
59287 2 1
59286 3 1
56854 2 1
56853 3 1
56851 2 1
56850 3 1
56842 2 1
56841 3 1
56839 2 1
56838 3 1
56742 2 1
56741 3 1
56739 2 1
56738 3 1
56730 2 1
56729 3 1
56727 2 1
56726 3 1
56662 2 1
56661 3 1
56659 2 1
56658 3 1
56650 2 1
56649 3 1
56647 2 1
56646 3 1
56550 2 1
56549 3 1
56547 2 1
56546 3 1
56538 2 1
56537 3 1
56535 2 1
56534 3 1
79766 2 1
79765 3 1
79763 2 1
79762 3 1
79754 2 1
79753 3 1
79751 2 1
79750 3 1
79654 2 1
79653 3 1
79651 2 1
79650 3 1
79642 2 1
79641 3 1
79639 2 1
79638 3 1
79574 2 1
79573 3 1
79571 2 1
79570 3 1
79562 2 1
79561 3 1
79559 2 1
79558 3 1
79462 2 1
79461 3 1
79459 2 1
79458 3 1
79450 2 1
79449 3 1
79447 2 1
79446 3 1
80470 2 1
80469 3 1
80467 2 1
80466 3 1
80458 2 1
80457 3 1
80455 2 1
80454 3 1
80358 2 1
80357 3 1
80355 2 1
80354 3 1
80346 2 1
80345 3 1
80343 2 1
80342 3 1
80278 2 1
80277 3 1
80275 2 1
80274 3 1
80266 2 1
80265 3 1
80263 2 1
80262 3 1
80166 2 1
80165 3 1
80163 2 1
80162 3 1
80154 2 1
80153 3 1
80151 2 1
80150 3 1
81238 2 1
81237 3 1
81235 2 1
81234 3 1
81226 2 1
81225 3 1
81223 2 1
81222 3 1
81126 2 1
81125 3 1
81123 2 1
81122 3 1
81114 2 1
81113 3 1
81111 2 1
81110 3 1
81046 2 1
81045 3 1
81043 2 1
81042 3 1
81034 2 1
81033 3 1
81031 2 1
81030 3 1
80934 2 1
80933 3 1
80931 2 1
80930 3 1
80922 2 1
80921 3 1
80919 2 1
80918 3 1
82070 2 1
82069 3 1
82067 2 1
82066 3 1
82058 2 1
82057 3 1
82055 2 1
82054 3 1
81958 2 1
81957 3 1
81955 2 1
81954 3 1
81946 2 1
81945 3 1
81943 2 1
81942 3 1
81878 2 1
81877 3 1
81875 2 1
81874 3 1
81866 2 1
81865 3 1
81863 2 1
81862 3 1
81766 2 1
81765 3 1
81763 2 1
81762 3 1
81754 2 1
81753 3 1
81751 2 1
81750 3 1
82966 2 1
82965 3 1
82963 2 1
82962 3 1
82954 2 1
82953 3 1
82951 2 1
82950 3 1
82854 2 1
82853 3 1
82851 2 1
82850 3 1
82842 2 1
82841 3 1
82839 2 1
82838 3 1
82774 2 1
82773 3 1
82771 2 1
82770 3 1
82762 2 1
82761 3 1
82759 2 1
82758 3 1
82662 2 1
82661 3 1
82659 2 1
82658 3 1
82650 2 1
82649 3 1
82647 2 1
82646 3 1
83990 2 1
83989 3 1
83987 2 1
83986 3 1
83978 2 1
83977 3 1
83975 2 1
83974 3 1
83878 2 1
83877 3 1
83875 2 1
83874 3 1
83866 2 1
83865 3 1
83863 2 1
83862 3 1
83718 2 1
83717 3 1
83715 2 1
83714 3 1
83754 2 1
83753 3 1
83751 2 1
83750 3 1
83654 2 1
83653 3 1
83651 2 1
83650 3 1
83690 2 1
83689 3 1
83687 2 1
83686 3 1
61222 2 1
61221 3 1
61219 2 1
61218 3 1
61210 2 1
61209 3 1
61207 2 1
61206 3 1
61158 2 1
61157 3 1
61155 2 1
61154 3 1
61146 2 1
61145 3 1
61143 2 1
61142 3 1
60966 2 1
60965 3 1
60963 2 1
60962 3 1
60954 2 1
60953 3 1
60951 2 1
60950 3 1
60902 2 1
60901 3 1
60899 2 1
60898 3 1
60890 2 1
60889 3 1
60887 2 1
60886 3 1
65286 2 1
65285 3 1
65283 2 1
65282 3 1
65322 2 1
65321 3 1
65319 2 1
65318 3 1
65222 2 1
65221 3 1
65219 2 1
65218 3 1
65258 2 1
65257 3 1
65255 2 1
65254 3 1
65030 2 1
65029 3 1
65027 2 1
65026 3 1
65066 2 1
65065 3 1
65063 2 1
65062 3 1
64966 2 1
64965 3 1
64963 2 1
64962 3 1
65002 2 1
65001 3 1
64999 2 1
64998 3 1
85254 2 1
85253 3 1
85251 2 1
85250 3 1
85290 2 1
85289 3 1
85287 2 1
85286 3 1
85190 2 1
85189 3 1
85187 2 1
85186 3 1
85226 2 1
85225 3 1
85223 2 1
85222 3 1
84998 2 1
84997 3 1
84995 2 1
84994 3 1
85034 2 1
85033 3 1
85031 2 1
85030 3 1
84934 2 1
84933 3 1
84931 2 1
84930 3 1
84970 2 1
84969 3 1
84967 2 1
84966 3 1
66598 2 1
66597 3 1
66595 2 1
66594 3 1
66586 2 1
66585 3 1
66583 2 1
66582 3 1
66534 2 1
66533 3 1
66531 2 1
66530 3 1
66522 2 1
66521 3 1
66519 2 1
66518 3 1
66342 2 1
66341 3 1
66339 2 1
66338 3 1
66330 2 1
66329 3 1
66327 2 1
66326 3 1
66278 2 1
66277 3 1
66275 2 1
66274 3 1
66266 2 1
66265 3 1
66263 2 1
66262 3 1
36262 2 1
36261 3 1
36259 2 1
36258 3 1
36250 2 1
36249 3 1
36247 2 1
36246 3 1
36198 2 1
36197 3 1
36195 2 1
36194 3 1
36186 2 1
36185 3 1
36183 2 1
36182 3 1
36006 2 1
36005 3 1
36003 2 1
36002 3 1
35994 2 1
35993 3 1
35991 2 1
35990 3 1
35942 2 1
35941 3 1
35939 2 1
35938 3 1
35930 2 1
35929 3 1
35927 2 1
35926 3 1
30870 2 1
30869 3 1
30867 2 1
30866 3 1
30858 2 1
30857 3 1
30855 2 1
30854 3 1
30998 2 1
30997 3 1
30995 2 1
30994 3 1
30986 2 1
30985 3 1
30983 2 1
30982 3 1
31318 2 1
31317 3 1
31315 2 1
31314 3 1
31306 2 1
31305 3 1
31303 2 1
31302 3 1
31446 2 1
31445 3 1
31443 2 1
31442 3 1
31434 2 1
31433 3 1
31431 2 1
31430 3 1
29958 2 2
29957 3 2
29955 2 2
29954 3 2
29994 2 2
29993 3 2
29991 2 2
29990 3 2
29894 2 2
29893 3 2
29891 2 2
29890 3 2
29930 2 2
29929 3 2
29927 2 2
29926 3 2
29766 2 2
29765 3 2
29763 2 2
29762 3 2
29802 2 2
29801 3 2
29799 2 2
29798 3 2
29334 2 2
29333 3 2
29331 2 2
29330 3 2
29322 2 2
29321 3 2
29319 2 2
29318 3 2
29414 2 2
29413 3 2
29411 2 2
29410 3 2
29402 2 2
29401 3 2
29399 2 2
29398 3 2
17158 2 2
17157 3 2
17155 2 2
17154 3 2
17194 2 2
17193 3 2
17191 2 2
17190 3 2
67206 2 2
67205 3 2
67203 2 2
67202 3 2
67242 2 2
67241 3 2
67239 2 2
67238 3 2
67526 2 2
67525 3 2
67523 2 2
67522 3 2
67562 2 2
67561 3 2
67559 2 2
67558 3 2
14950 2 2
14949 3 2
14947 2 2
14946 3 2
14938 2 2
14937 3 2
14935 2 2
14934 3 2
63974 2 2
63973 3 2
63971 2 2
63970 3 2
63962 2 2
63961 3 2
63959 2 2
63958 3 2
17542 2 2
17541 3 2
17539 2 2
17538 3 2
17578 2 2
17577 3 2
17575 2 2
17574 3 2
63366 2 2
63365 3 2
63363 2 2
63362 3 2
63402 2 2
63401 3 2
63399 2 2
63398 3 2
68230 2 2
68229 3 2
68227 2 2
68226 3 2
68266 2 2
68265 3 2
68263 2 2
68262 3 2
63462 2 2
63461 3 2
63459 2 2
63458 3 2
63450 2 2
63449 3 2
63447 2 2
63446 3 2
68390 2 2
68389 3 2
68387 2 2
68386 3 2
68378 2 2
68377 3 2
68375 2 2
68374 3 2
17750 2 2
17749 3 2
17747 2 2
17746 3 2
17738 2 2
17737 3 2
17735 2 2
17734 3 2
16358 2 2
16357 3 2
16355 2 2
16354 3 2
16346 2 2
16345 3 2
16343 2 2
16342 3 2
16342 2 3
16341 3 3
16339 2 3
16338 3 3
16330 2 3
16329 3 3
16327 2 3
16326 3 3
63270 2 3
63269 3 3
63267 2 3
63266 3 3
63258 2 3
63257 3 3
63255 2 3
63254 3 3
16550 2 3
16549 3 3
16547 2 3
16546 3 3
16538 2 3
16537 3 3
16535 2 3
16534 3 3
16582 2 3
16581 3 3
16579 2 3
16578 3 3
16618 2 3
16617 3 3
16615 2 3
16614 3 3
16646 2 3
16645 3 3
16643 2 3
16642 3 3
16682 2 3
16681 3 3
16679 2 3
16678 3 3
60422 2 3
60421 3 3
60419 2 3
60418 3 3
60458 2 3
60457 3 3
60455 2 3
60454 3 3
60710 2 3
60709 3 3
60707 2 3
60706 3 3
60698 2 3
60697 3 3
60695 2 3
60694 3 3
60294 2 3
60293 3 3
60291 2 3
60290 3 3
60330 2 3
60329 3 3
60327 2 3
60326 3 3
60230 2 3
60229 3 3
60227 2 3
60226 3 3
60266 2 3
60265 3 3
60263 2 3
60262 3 3
60358 2 3
60357 3 3
60355 2 3
60354 3 3
60394 2 3
60393 3 3
60391 2 3
60390 3 3
64454 2 3
64453 3 3
64451 2 3
64450 3 3
64490 2 3
64489 3 3
64487 2 3
64486 3 3
64582 2 3
64581 3 3
64579 2 3
64578 3 3
64618 2 3
64617 3 3
64615 2 3
64614 3 3
17126 2 3
17125 3 3
17123 2 3
17122 3 3
17114 2 3
17113 3 3
17111 2 3
17110 3 3
6566 2 3
6565 3 3
6563 2 3
6562 3 3
6554 2 3
6553 3 3
6551 2 3
6550 3 3
6550 2 4
6549 3 4
6547 2 4
6546 3 4
6538 2 4
6537 3 4
6535 2 4
6534 3 4
60070 2 4
60069 3 4
60067 2 4
60066 3 4
60058 2 4
60057 3 4
60055 2 4
60054 3 4
14694 2 4
14693 3 4
14691 2 4
14690 3 4
14682 2 4
14681 3 4
14679 2 4
14678 3 4
14726 2 4
14725 3 4
14723 2 4
14722 3 4
14762 2 4
14761 3 4
14759 2 4
14758 3 4
16934 2 4
16933 3 4
16931 2 4
16930 3 4
16922 2 4
16921 3 4
16919 2 4
16918 3 4
16774 2 4
16773 3 4
16771 2 4
16770 3 4
16810 2 4
16809 3 4
16807 2 4
16806 3 4
60614 2 4
60613 3 4
60611 2 4
60610 3 4
60650 2 4
60649 3 4
60647 2 4
60646 3 4
60742 2 4
60741 3 4
60739 2 4
60738 3 4
60778 2 4
60777 3 4
60775 2 4
60774 3 4
60838 2 4
60837 3 4
60835 2 4
60834 3 4
60826 2 4
60825 3 4
60823 2 4
60822 3 4
29286 2 4
29285 3 4
29283 2 4
29282 3 4
29274 2 4
29273 3 4
29271 2 4
29270 3 4
15622 2 4
15621 3 4
15619 2 4
15618 3 4
15658 2 4
15657 3 4
15655 2 4
15654 3 4
62022 2 4
62021 3 4
62019 2 4
62018 3 4
62058 2 4
62057 3 4
62055 2 4
62054 3 4
63110 2 4
63109 3 4
63107 2 4
63106 3 4
63146 2 4
63145 3 4
63143 2 4
63142 3 4
63046 2 4
63045 3 4
63043 2 4
63042 3 4
63082 2 4
63081 3 4
63079 2 4
63078 3 4
16102 2 4
16101 3 4
16099 2 4
16098 3 4
16090 2 4
16089 3 4
16087 2 4
16086 3 4
15910 2 4
15909 3 4
15907 2 4
15906 3 4
15898 2 4
15897 3 4
15895 2 4
15894 3 4
15846 2 4
15845 3 4
15843 2 4
15842 3 4
15834 2 4
15833 3 4
15831 2 4
15830 3 4
34854 2 5
34853 3 5
34851 2 5
34850 3 5
34842 2 5
34841 3 5
34839 2 5
34838 3 5
34790 2 5
34789 3 5
34787 2 5
34786 3 5
34778 2 5
34777 3 5
34775 2 5
34774 3 5
34598 2 5
34597 3 5
34595 2 5
34594 3 5
34586 2 5
34585 3 5
34583 2 5
34582 3 5
34534 2 5
34533 3 5
34531 2 5
34530 3 5
34522 2 5
34521 3 5
34519 2 5
34518 3 5
46438 2 5
46437 3 5
46435 2 5
46434 3 5
46426 2 5
46425 3 5
46423 2 5
46422 3 5
46374 2 5
46373 3 5
46371 2 5
46370 3 5
46362 2 5
46361 3 5
46359 2 5
46358 3 5
46182 2 5
46181 3 5
46179 2 5
46178 3 5
46170 2 5
46169 3 5
46167 2 5
46166 3 5
46118 2 5
46117 3 5
46115 2 5
46114 3 5
46106 2 5
46105 3 5
46103 2 5
46102 3 5
7846 2 5
7845 3 5
7843 2 5
7842 3 5
7834 2 5
7833 3 5
7831 2 5
7830 3 5
7782 2 5
7781 3 5
7779 2 5
7778 3 5
7770 2 5
7769 3 5
7767 2 5
7766 3 5
7590 2 5
7589 3 5
7587 2 5
7586 3 5
7578 2 5
7577 3 5
7575 2 5
7574 3 5
7526 2 5
7525 3 5
7523 2 5
7522 3 5
7514 2 5
7513 3 5
7511 2 5
7510 3 5
8838 2 5
8837 3 5
8835 2 5
8834 3 5
8874 2 5
8873 3 5
8871 2 5
8870 3 5
8774 2 5
8773 3 5
8771 2 5
8770 3 5
8810 2 5
8809 3 5
8807 2 5
8806 3 5
8582 2 5
8581 3 5
8579 2 5
8578 3 5
8618 2 5
8617 3 5
8615 2 5
8614 3 5
8518 2 5
8517 3 5
8515 2 5
8514 3 5
8554 2 5
8553 3 5
8551 2 5
8550 3 5
9606 2 5
9605 3 5
9603 2 5
9602 3 5
9642 2 5
9641 3 5
9639 2 5
9638 3 5
9542 2 5
9541 3 5
9539 2 5
9538 3 5
9578 2 5
9577 3 5
9575 2 5
9574 3 5
9350 2 5
9349 3 5
9347 2 5
9346 3 5
9386 2 5
9385 3 5
9383 2 5
9382 3 5
9286 2 5
9285 3 5
9283 2 5
9282 3 5
9322 2 5
9321 3 5
9319 2 5
9318 3 5
48902 2 5
48901 3 5
48899 2 5
48898 3 5
48938 2 5
48937 3 5
48935 2 5
48934 3 5
48838 2 5
48837 3 5
48835 2 5
48834 3 5
48874 2 5
48873 3 5
48871 2 5
48870 3 5
48646 2 5
48645 3 5
48643 2 5
48642 3 5
48682 2 5
48681 3 5
48679 2 5
48678 3 5
48582 2 5
48581 3 5
48579 2 5
48578 3 5
48618 2 5
48617 3 5
48615 2 5
48614 3 5
5718 2 5
5717 3 5
5715 2 5
5714 3 5
5706 2 5
5705 3 5
5703 2 5
5702 3 5
5798 2 5
5797 3 5
5795 2 5
5794 3 5
5786 2 5
5785 3 5
5783 2 5
5782 3 5
5670 2 5
5669 3 5
5667 2 5
5666 3 5
5658 2 5
5657 3 5
5655 2 5
5654 3 5
5606 2 5
5605 3 5
5603 2 5
5602 3 5
5594 2 5
5593 3 5
5591 2 5
5590 3 5
50406 2 5
50405 3 5
50403 2 5
50402 3 5
50394 2 5
50393 3 5
50391 2 5
50390 3 5
50342 2 5
50341 3 5
50339 2 5
50338 3 5
50330 2 5
50329 3 5
50327 2 5
50326 3 5
50134 2 5
50133 3 5
50131 2 5
50130 3 5
50122 2 5
50121 3 5
50119 2 5
50118 3 5
50214 2 5
50213 3 5
50211 2 5
50210 3 5
50202 2 5
50201 3 5
50199 2 5
50198 3 5
982 2 5
981 3 5
979 2 5
978 3 5
970 2 5
969 3 5
967 2 5
966 3 5
1062 2 5
1061 3 5
1059 2 5
1058 3 5
1050 2 5
1049 3 5
1047 2 5
1046 3 5
934 2 5
933 3 5
931 2 5
930 3 5
922 2 5
921 3 5
919 2 5
918 3 5
870 2 5
869 3 5
867 2 5
866 3 5
858 2 5
857 3 5
855 2 5
854 3 5
51686 2 5
51685 3 5
51683 2 5
51682 3 5
51674 2 5
51673 3 5
51671 2 5
51670 3 5
51622 2 5
51621 3 5
51619 2 5
51618 3 5
51610 2 5
51609 3 5
51607 2 5
51606 3 5
51414 2 5
51413 3 5
51411 2 5
51410 3 5
51402 2 5
51401 3 5
51399 2 5
51398 3 5
51494 2 5
51493 3 5
51491 2 5
51490 3 5
51482 2 5
51481 3 5
51479 2 5
51478 3 5
27862 2 5
27861 3 5
27859 2 5
27858 3 5
27850 2 5
27849 3 5
27847 2 5
27846 3 5
27942 2 5
27941 3 5
27939 2 5
27938 3 5
27930 2 5
27929 3 5
27927 2 5
27926 3 5
27670 2 5
27669 3 5
27667 2 5
27666 3 5
27658 2 5
27657 3 5
27655 2 5
27654 3 5
27750 2 5
27749 3 5
27747 2 5
27746 3 5
27738 2 5
27737 3 5
27735 2 5
27734 3 5
26134 2 5
26133 3 5
26131 2 5
26130 3 5
26122 2 5
26121 3 5
26119 2 5
26118 3 5
26022 2 5
26021 3 5
26019 2 5
26018 3 5
26010 2 5
26009 3 5
26007 2 5
26006 3 5
25942 2 5
25941 3 5
25939 2 5
25938 3 5
25930 2 5
25929 3 5
25927 2 5
25926 3 5
25830 2 5
25829 3 5
25827 2 5
25826 3 5
25818 2 5
25817 3 5
25815 2 5
25814 3 5
11718 2 5
11717 3 5
11715 2 5
11714 3 5
11754 2 5
11753 3 5
11751 2 5
11750 3 5
11654 2 5
11653 3 5
11651 2 5
11650 3 5
11690 2 5
11689 3 5
11687 2 5
11686 3 5
11462 2 5
11461 3 5
11459 2 5
11458 3 5
11498 2 5
11497 3 5
11495 2 5
11494 3 5
11398 2 5
11397 3 5
11395 2 5
11394 3 5
11434 2 5
11433 3 5
11431 2 5
11430 3 5
24518 2 5
24517 3 5
24515 2 5
24514 3 5
24554 2 5
24553 3 5
24551 2 5
24550 3 5
24454 2 5
24453 3 5
24451 2 5
24450 3 5
24490 2 5
24489 3 5
24487 2 5
24486 3 5
24262 2 5
24261 3 5
24259 2 5
24258 3 5
24298 2 5
24297 3 5
24295 2 5
24294 3 5
24198 2 5
24197 3 5
24195 2 5
24194 3 5
24234 2 5
24233 3 5
24231 2 5
24230 3 5
23750 2 5
23749 3 5
23747 2 5
23746 3 5
23786 2 5
23785 3 5
23783 2 5
23782 3 5
23686 2 5
23685 3 5
23683 2 5
23682 3 5
23722 2 5
23721 3 5
23719 2 5
23718 3 5
23494 2 5
23493 3 5
23491 2 5
23490 3 5
23530 2 5
23529 3 5
23527 2 5
23526 3 5
23430 2 5
23429 3 5
23427 2 5
23426 3 5
23466 2 5
23465 3 5
23463 2 5
23462 3 5
22886 2 5
22885 3 5
22883 2 5
22882 3 5
22874 2 5
22873 3 5
22871 2 5
22870 3 5
22822 2 5
22821 3 5
22819 2 5
22818 3 5
22810 2 5
22809 3 5
22807 2 5
22806 3 5
22630 2 5
22629 3 5
22627 2 5
22626 3 5
22618 2 5
22617 3 5
22615 2 5
22614 3 5
22566 2 5
22565 3 5
22563 2 5
22562 3 5
22554 2 5
22553 3 5
22551 2 5
22550 3 5
55750 2 5
55749 3 5
55747 2 5
55746 3 5
55786 2 5
55785 3 5
55783 2 5
55782 3 5
55686 2 5
55685 3 5
55683 2 5
55682 3 5
55722 2 5
55721 3 5
55719 2 5
55718 3 5
55494 2 5
55493 3 5
55491 2 5
55490 3 5
55530 2 5
55529 3 5
55527 2 5
55526 3 5
55430 2 5
55429 3 5
55427 2 5
55426 3 5
55466 2 5
55465 3 5
55463 2 5
55462 3 5
57606 2 5
57605 3 5
57603 2 5
57602 3 5
57642 2 5
57641 3 5
57639 2 5
57638 3 5
57542 2 5
57541 3 5
57539 2 5
57538 3 5
57578 2 5
57577 3 5
57575 2 5
57574 3 5
57350 2 5
57349 3 5
57347 2 5
57346 3 5
57386 2 5
57385 3 5
57383 2 5
57382 3 5
57286 2 5
57285 3 5
57283 2 5
57282 3 5
57322 2 5
57321 3 5
57319 2 5
57318 3 5
20454 2 5
20453 3 5
20451 2 5
20450 3 5
20442 2 5
20441 3 5
20439 2 5
20438 3 5
20390 2 5
20389 3 5
20387 2 5
20386 3 5
20378 2 5
20377 3 5
20375 2 5
20374 3 5
20198 2 5
20197 3 5
20195 2 5
20194 3 5
20186 2 5
20185 3 5
20183 2 5
20182 3 5
20134 2 5
20133 3 5
20131 2 5
20130 3 5
20122 2 5
20121 3 5
20119 2 5
20118 3 5
32998 2 5
32997 3 5
32995 2 5
32994 3 5
32986 2 5
32985 3 5
32983 2 5
32982 3 5
32934 2 5
32933 3 5
32931 2 5
32930 3 5
32922 2 5
32921 3 5
32919 2 5
32918 3 5
32742 2 5
32741 3 5
32739 2 5
32738 3 5
32730 2 5
32729 3 5
32727 2 5
32726 3 5
32678 2 5
32677 3 5
32675 2 5
32674 3 5
32666 2 5
32665 3 5
32663 2 5
32662 3 5
33558 2 5
33557 3 5
33555 2 5
33554 3 5
33546 2 5
33545 3 5
33543 2 5
33542 3 5
33686 2 5
33685 3 5
33683 2 5
33682 3 5
33674 2 5
33673 3 5
33671 2 5
33670 3 5
33942 2 5
33941 3 5
33939 2 5
33938 3 5
33930 2 5
33929 3 5
33927 2 5
33926 3 5
34070 2 5
34069 3 5
34067 2 5
34066 3 5
34058 2 5
34057 3 5
34055 2 5
34054 3 5
42470 2 6
42469 3 6
42467 2 6
42466 3 6
42458 2 6
42457 3 6
42455 2 6
42454 3 6
42406 2 6
42405 3 6
42403 2 6
42402 3 6
42394 2 6
42393 3 6
42391 2 6
42390 3 6
42342 2 6
42341 3 6
42339 2 6
42338 3 6
42330 2 6
42329 3 6
42327 2 6
42326 3 6
4630 2 6
4629 3 6
4627 2 6
4626 3 6
4618 2 6
4617 3 6
4615 2 6
4614 3 6
4710 2 6
4709 3 6
4707 2 6
4706 3 6
4698 2 6
4697 3 6
4695 2 6
4694 3 6
14502 2 6
14501 3 6
14499 2 6
14498 3 6
14490 2 6
14489 3 6
14487 2 6
14486 3 6
44550 2 6
44549 3 6
44547 2 6
44546 3 6
44586 2 6
44585 3 6
44583 2 6
44582 3 6
6054 2 6
6053 3 6
6051 2 6
6050 3 6
6042 2 6
6041 3 6
6039 2 6
6038 3 6
1766 2 6
1765 3 6
1763 2 6
1762 3 6
1754 2 6
1753 3 6
1751 2 6
1750 3 6
41510 2 6
41509 3 6
41507 2 6
41506 3 6
41498 2 6
41497 3 6
41495 2 6
41494 3 6
6278 2 6
6277 3 6
6275 2 6
6274 3 6
6314 2 6
6313 3 6
6311 2 6
6310 3 6
40710 2 6
40709 3 6
40707 2 6
40706 3 6
40746 2 6
40745 3 6
40743 2 6
40742 3 6
45574 2 6
45573 3 6
45571 2 6
45570 3 6
45610 2 6
45609 3 6
45607 2 6
45606 3 6
40806 2 6
40805 3 6
40803 2 6
40802 3 6
40794 2 6
40793 3 6
40791 2 6
40790 3 6
45734 2 6
45733 3 6
45731 2 6
45730 3 6
45722 2 6
45721 3 6
45719 2 6
45718 3 6
6486 2 6
6485 3 6
6483 2 6
6482 3 6
6474 2 6
6473 3 6
6471 2 6
6470 3 6
2374 2 6
2373 3 6
2371 2 6
2370 3 6
2410 2 6
2409 3 6
2407 2 6
2406 3 6
2406 2 7
2405 3 7
2403 2 7
2402 3 7
2394 2 7
2393 3 7
2391 2 7
2390 3 7
40614 2 7
40613 3 7
40611 2 7
40610 3 7
40602 2 7
40601 3 7
40599 2 7
40598 3 7
2598 2 7
2597 3 7
2595 2 7
2594 3 7
2586 2 7
2585 3 7
2583 2 7
2582 3 7
2630 2 7
2629 3 7
2627 2 7
2626 3 7
2666 2 7
2665 3 7
2663 2 7
2662 3 7
2694 2 7
2693 3 7
2691 2 7
2690 3 7
2730 2 7
2729 3 7
2727 2 7
2726 3 7
37190 2 7
37189 3 7
37187 2 7
37186 3 7
37226 2 7
37225 3 7
37223 2 7
37222 3 7
38374 2 7
38373 3 7
38371 2 7
38370 3 7
38362 2 7
38361 3 7
38359 2 7
38358 3 7
37062 2 7
37061 3 7
37059 2 7
37058 3 7
37098 2 7
37097 3 7
37095 2 7
37094 3 7
36998 2 7
36997 3 7
36995 2 7
36994 3 7
37034 2 7
37033 3 7
37031 2 7
37030 3 7
37126 2 7
37125 3 7
37123 2 7
37122 3 7
37162 2 7
37161 3 7
37159 2 7
37158 3 7
41990 2 7
41989 3 7
41987 2 7
41986 3 7
42026 2 7
42025 3 7
42023 2 7
42022 3 7
42118 2 7
42117 3 7
42115 2 7
42114 3 7
42154 2 7
42153 3 7
42151 2 7
42150 3 7
3174 2 7
3173 3 7
3171 2 7
3170 3 7
3162 2 7
3161 3 7
3159 2 7
3158 3 7
326 2 7
325 3 7
323 2 7
322 3 7
362 2 7
361 3 7
359 2 7
358 3 7
358 2 8
357 3 8
355 2 8
354 3 8
346 2 8
345 3 8
343 2 8
342 3 8
36838 2 8
36837 3 8
36835 2 8
36834 3 8
36826 2 8
36825 3 8
36823 2 8
36822 3 8
1510 2 8
1509 3 8
1507 2 8
1506 3 8
1498 2 8
1497 3 8
1495 2 8
1494 3 8
1542 2 8
1541 3 8
1539 2 8
1538 3 8
1578 2 8
1577 3 8
1575 2 8
1574 3 8
2982 2 8
2981 3 8
2979 2 8
2978 3 8
2970 2 8
2969 3 8
2967 2 8
2966 3 8
2822 2 8
2821 3 8
2819 2 8
2818 3 8
2858 2 8
2857 3 8
2855 2 8
2854 3 8
6118 2 8
6117 3 8
6115 2 8
6114 3 8
6106 2 8
6105 3 8
6103 2 8
6102 3 8
1830 2 8
1829 3 8
1827 2 8
1826 3 8
1818 2 8
1817 3 8
1815 2 8
1814 3 8
38470 2 8
38469 3 8
38467 2 8
38466 3 8
38506 2 8
38505 3 8
38503 2 8
38502 3 8
1990 2 8
1989 3 8
1987 2 8
1986 3 8
2026 2 8
2025 3 8
2023 2 8
2022 3 8
2054 2 8
2053 3 8
2051 2 8
2050 3 8
2090 2 8
2089 3 8
2087 2 8
2086 3 8
39782 2 8
39781 3 8
39779 2 8
39778 3 8
39770 2 8
39769 3 8
39767 2 8
39766 3 8
2326 2 8
2325 3 8
2323 2 8
2322 3 8
2314 2 8
2313 3 8
2311 2 8
2310 3 8
2150 2 8
2149 3 8
2147 2 8
2146 3 8
2138 2 8
2137 3 8
2135 2 8
2134 3 8
470 2 8
469 3 8
467 2 8
466 3 8
458 2 8
457 3 8
455 2 8
454 3 8
726 2 8
725 3 8
723 2 8
722 3 8
714 2 8
713 3 8
711 2 8
710 3 8
614 2 8
613 3 8
611 2 8
610 3 8
602 2 8
601 3 8
599 2 8
598 3 8
