1141 2 1
1143 3 1
1137 2 1
1139 3 1
1125 2 1
1127 3 1
1121 2 1
1123 3 1
2453 2 1
2455 3 1
2449 2 1
2451 3 1
2437 2 1
2439 3 1
2433 2 1
2435 3 1
1205 2 1
1207 3 1
1201 2 1
1203 3 1
1189 2 1
1191 3 1
1185 2 1
1187 3 1
2373 2 1
2375 3 1
2369 2 1
2371 3 1
2357 2 1
2359 3 1
2353 2 1
2355 3 1
4417 2 1
4419 3 1
4413 2 1
4415 3 1
4401 2 1
4403 3 1
4397 2 1
4399 3 1
2725 2 1
2727 3 1
2721 2 1
2723 3 1
2709 2 1
2711 3 1
2705 2 1
2707 3 1
881 2 1
883 3 1
877 2 1
879 3 1
865 2 1
867 3 1
861 2 1
863 3 1
265 2 1
267 3 1
261 2 1
263 3 1
249 2 1
251 3 1
245 2 1
247 3 1
825 2 1
827 3 1
821 2 1
823 3 1
809 2 1
811 3 1
805 2 1
807 3 1
4641 2 1
4643 3 1
4637 2 1
4639 3 1
4625 2 1
4627 3 1
4621 2 1
4623 3 1
4703 2 1
4702 3 1
4699 2 1
4698 3 1
4687 2 1
4686 3 1
4683 2 1
4682 3 1
4821 2 1
4823 3 1
4817 2 1
4819 3 1
4805 2 1
4807 3 1
4801 2 1
4803 3 1
4885 2 1
4887 3 1
4881 2 1
4883 3 1
4869 2 1
4871 3 1
4865 2 1
4867 3 1
679 2 1
678 3 1
675 2 1
674 3 1
663 2 1
662 3 1
659 2 1
658 3 1
3727 2 1
3726 3 1
3723 2 1
3722 3 1
3711 2 1
3710 3 1
3707 2 1
3706 3 1
3554 2 1
3553 3 1
3547 2 1
3546 3 1
3542 2 1
3541 3 1
3535 2 1
3534 3 1
4986 2 1
4985 3 1
4979 2 1
4978 3 1
4974 2 1
4973 3 1
4967 2 1
4966 3 1
5030 2 1
5029 3 1
5023 2 1
5022 3 1
5018 2 1
5017 3 1
5011 2 1
5010 3 1
5078 2 1
5077 3 1
5071 2 1
5070 3 1
5066 2 1
5065 3 1
5059 2 1
5058 3 1
5130 2 1
5129 3 1
5123 2 1
5122 3 1
5118 2 1
5117 3 1
5111 2 1
5110 3 1
5186 2 1
5185 3 1
5179 2 1
5178 3 1
5174 2 1
5173 3 1
5167 2 1
5166 3 1
5250 2 1
5249 3 1
5243 2 1
5242 3 1
5233 2 1
5235 3 1
5229 2 1
5231 3 1
3827 2 1
3826 3 1
3823 2 1
3822 3 1
3811 2 1
3810 3 1
3807 2 1
3806 3 1
4081 2 1
4083 3 1
4077 2 1
4079 3 1
4065 2 1
4067 3 1
4061 2 1
4063 3 1
5329 2 1
5331 3 1
5325 2 1
5327 3 1
5313 2 1
5315 3 1
5309 2 1
5311 3 1
4163 2 1
4162 3 1
4159 2 1
4158 3 1
4147 2 1
4146 3 1
4143 2 1
4142 3 1
2267 2 1
2266 3 1
2263 2 1
2262 3 1
2251 2 1
2250 3 1
2247 2 1
2246 3 1
1930 2 1
1929 3 1
1938 2 1
1937 3 1
1958 2 1
1957 3 1
1966 2 1
1965 3 1
1873 2 2
1875 3 2
1869 2 2
1871 3 2
1861 2 2
1863 3 2
1834 2 2
1833 3 2
1839 2 2
1838 3 2
1073 2 2
1075 3 2
4201 2 2
4203 3 2
4221 2 2
4223 3 2
935 2 2
934 3 2
3999 2 2
3998 3 2
1097 2 2
1099 3 2
3961 2 2
3963 3 2
4265 2 2
4267 3 2
3967 2 2
3966 3 2
4275 2 2
4274 3 2
1110 2 2
1109 3 2
1023 2 2
1022 3 2
1022 2 3
1021 3 3
3955 2 3
3954 3 3
1035 2 3
1034 3 3
1037 2 3
1039 3 3
1041 2 3
1043 3 3
3777 2 3
3779 3 3
3795 2 3
3794 3 3
3769 2 3
3771 3 3
3765 2 3
3767 3 3
3773 2 3
3775 3 3
4029 2 3
4031 3 3
4037 2 3
4039 3 3
1071 2 3
1070 3 3
411 2 3
410 3 3
410 2 4
409 3 4
3755 2 4
3754 3 4
919 2 4
918 3 4
921 2 4
923 3 4
1059 2 4
1058 3 4
1049 2 4
1051 3 4
3789 2 4
3791 3 4
3797 2 4
3799 3 4
3803 2 4
3802 3 4
1831 2 4
1830 3 4
977 2 4
979 3 4
3877 2 4
3879 3 4
3945 2 4
3947 3 4
3941 2 4
3943 3 4
1007 2 4
1006 3 4
995 2 4
994 3 4
991 2 4
990 3 4
2179 2 5
2178 3 5
2175 2 5
2174 3 5
2163 2 5
2162 3 5
2159 2 5
2158 3 5
2903 2 5
2902 3 5
2899 2 5
2898 3 5
2887 2 5
2886 3 5
2883 2 5
2882 3 5
491 2 5
490 3 5
487 2 5
486 3 5
475 2 5
474 3 5
471 2 5
470 3 5
553 2 5
555 3 5
549 2 5
551 3 5
537 2 5
539 3 5
533 2 5
535 3 5
601 2 5
603 3 5
597 2 5
599 3 5
585 2 5
587 3 5
581 2 5
583 3 5
3057 2 5
3059 3 5
3053 2 5
3055 3 5
3041 2 5
3043 3 5
3037 2 5
3039 3 5
358 2 5
357 3 5
363 2 5
362 3 5
355 2 5
354 3 5
351 2 5
350 3 5
3151 2 5
3150 3 5
3147 2 5
3146 3 5
3134 2 5
3133 3 5
3139 2 5
3138 3 5
62 2 5
61 3 5
67 2 5
66 3 5
59 2 5
58 3 5
55 2 5
54 3 5
3231 2 5
3230 3 5
3227 2 5
3226 3 5
3214 2 5
3213 3 5
3219 2 5
3218 3 5
1742 2 5
1741 3 5
1747 2 5
1746 3 5
1730 2 5
1729 3 5
1735 2 5
1734 3 5
1634 2 5
1633 3 5
1627 2 5
1626 3 5
1622 2 5
1621 3 5
1615 2 5
1614 3 5
733 2 5
735 3 5
729 2 5
731 3 5
717 2 5
719 3 5
713 2 5
715 3 5
1533 2 5
1535 3 5
1529 2 5
1531 3 5
1517 2 5
1519 3 5
1513 2 5
1515 3 5
1485 2 5
1487 3 5
1481 2 5
1483 3 5
1469 2 5
1471 3 5
1465 2 5
1467 3 5
1431 2 5
1430 3 5
1427 2 5
1426 3 5
1415 2 5
1414 3 5
1411 2 5
1410 3 5
3485 2 5
3487 3 5
3481 2 5
3483 3 5
3469 2 5
3471 3 5
3465 2 5
3467 3 5
3601 2 5
3603 3 5
3597 2 5
3599 3 5
3585 2 5
3587 3 5
3581 2 5
3583 3 5
1279 2 5
1278 3 5
1275 2 5
1274 3 5
1263 2 5
1262 3 5
1259 2 5
1258 3 5
2063 2 5
2062 3 5
2059 2 5
2058 3 5
2047 2 5
2046 3 5
2043 2 5
2042 3 5
2098 2 5
2097 3 5
2106 2 5
2105 3 5
2122 2 5
2121 3 5
2130 2 5
2129 3 5
2655 2 6
2654 3 6
2651 2 6
2650 3 6
2647 2 6
2646 3 6
290 2 6
289 3 6
295 2 6
294 3 6
907 2 6
906 3 6
2785 2 6
2787 3 6
379 2 6
378 3 6
111 2 6
110 3 6
2595 2 6
2594 3 6
393 2 6
395 3 6
2545 2 6
2547 3 6
2849 2 6
2851 3 6
2551 2 6
2550 3 6
2859 2 6
2858 3 6
406 2 6
405 3 6
149 2 6
151 3 6
151 2 7
150 3 7
2539 2 7
2538 3 7
163 2 7
162 3 7
165 2 7
167 3 7
169 2 7
171 3 7
2325 2 7
2327 3 7
2399 2 7
2398 3 7
2317 2 7
2319 3 7
2313 2 7
2315 3 7
2321 2 7
2323 3 7
2625 2 7
2627 3 7
2633 2 7
2635 3 7
199 2 7
198 3 7
21 2 7
23 3 7
23 2 8
22 3 8
2303 2 8
2302 3 8
95 2 8
94 3 8
97 2 8
99 3 8
187 2 8
186 3 8
177 2 8
179 3 8
383 2 8
382 3 8
115 2 8
114 3 8
2405 2 8
2407 3 8
125 2 8
127 3 8
129 2 8
131 3 8
2487 2 8
2486 3 8
146 2 8
145 3 8
135 2 8
134 3 8
30 2 8
29 3 8
46 2 8
45 3 8
39 2 8
38 3 8
