-0.975759464475649 -0.218845761864821
-0.975195258625867 -0.221346352022410
-0.974307884352468 -0.225220217761679
-0.973173082290830 -0.230074231291914
-0.972151204397065 -0.234354508788150
-0.971246405510562 -0.238076499854172
-0.970338431192677 -0.241750551086310
-0.969401401221230 -0.245481003970402
-0.968393121622742 -0.249428871612253
-0.967325564269352 -0.253537477921866
-0.966286104907699 -0.257470704085546
-0.965276803584136 -0.261229195271879
-0.964264698137723 -0.264940732854285
-0.963260502028071 -0.268568809120920
-0.962282545891198 -0.272052020527609
-0.961303967906550 -0.275489893257671
-0.960343237123584 -0.278820492272350
-0.959396560858708 -0.282060700935958
-0.958475937548190 -0.285173415908843
-0.957579978208904 -0.288167634083766
-0.956712361567065 -0.291035147748118
-0.955847697932357 -0.293862516080927
-0.954954111594851 -0.296753508400641
-0.953980344153282 -0.299869143076086
-0.952942309028696 -0.303151704041158
-0.951856200633399 -0.306544896084979
-0.950643913937657 -0.310283981045255
-0.949329504834928 -0.314282502296693
-0.947976103190686 -0.318341495534907
-0.946492931721864 -0.322724542296601
-0.944895130300256 -0.327373170456686
-0.943247972530059 -0.332089238485581
-0.941483216772698 -0.337059864913243
-0.939558926350929 -0.342387242627833
-0.937618504536738 -0.347665845245532
-0.935506765151998 -0.353308777636282
-0.933253934743161 -0.359217334334533
-0.930966278008414 -0.365105175546937
-0.928478860891943 -0.371385251291433
-0.925851912625402 -0.377886538378765
-0.923014537696953 -0.384765075338290
-0.919761721018245 -0.392477230612880
-0.916308494223879 -0.400473149428483
-0.912467503007399 -0.409149185451276
-0.908212213017942 -0.418509947462486
-0.903716630036225 -0.428131116126787
-0.898633526877656 -0.438700107558029
-0.893314941508558 -0.449431213065539
-0.887442863304765 -0.460917741434891
-0.881153233196913 -0.472830815013812
-0.874278956247109 -0.485423842289875
-0.866643071944253 -0.498928638034568
-0.857964579101330 -0.513708848480808
-0.848028356251230 -0.529950853375893
-0.836888120441733 -0.547373979892635
-0.824658400959464 -0.565631082709375
-0.810876673361771 -0.585217071348528
-0.795834627953316 -0.605514033652736
-0.778595037438918 -0.627526706742820
-0.759254381290551 -0.650793964700890
-0.737637311776822 -0.675197153633414
-0.713185980612800 -0.700974861929698
-0.685597276270899 -0.727981026380444
-0.654785586934748 -0.755814683068884
-0.620309445426763 -0.784357183886488
-0.581845379866759 -0.813299424521933
-0.539226013775728 -0.842161092705866
-0.492302340071437 -0.870424267791396
-0.440625497016467 -0.897691022222564
-0.383001650133768 -0.923747658180962
-0.318908372079666 -0.947785550753702
-0.248929402540801 -0.968521632463973
-0.177167387823913 -0.984180733753537
-0.105122874002664 -0.994459240673754
-0.032416748190465 -0.999474439111254
 0.041197237621356 -0.999151033434070
 0.113317675431391 -0.993558807738539
 0.179934677489612 -0.983678561236703
 0.240320264529336 -0.970693654278501
 0.294669824216268 -0.955599128660315
 0.343349360994042 -0.939207759925877
 0.387103018874617 -0.922036470416522
 0.427213583278849 -0.904150736471550
 0.464738294744223 -0.885448088483018
 0.499845031553133 -0.866114856373938
 0.532615467964507 -0.846357349637225
 0.563067277196023 -0.826411060762776
 0.591060750410413 -0.806627044751340
 0.617168202229800 -0.786831246301541
 0.641350501471341 -0.767248026561463
 0.663546994927673 -0.748134603879847
 0.684638989175312 -0.728882332411074
 0.704742791382770 -0.709462894021965
 0.724125209297022 -0.689668529991433
 0.742680491117668 -0.669645942355525
 0.760374973206010 -0.649484334008111
 0.777359906111447 -0.629056099541530
 0.793554193092872 -0.608499583093301
 0.809115563088004 -0.587649560170671
 0.824267725776420 -0.566200243944991
 0.838851001436110 -0.544361090995338
 0.852928507087634 -0.522027740448015
 0.866452114053464 -0.499260186728607
 0.878839105975235 -0.477118251389160
 0.889846290071971 -0.456260430067247
 0.899488795610910 -0.436943825417449
 0.907787449466655 -0.419430502694815
 0.916390019716066 -0.400286562058717
 0.931666994196580 -0.363313379776620
 0.953461082397292 -0.301516109609063
 0.977527695311979 -0.210807032373331
 0.996049166795106 -0.088803475871021
-0.000000000000000 -1.000000000000000
-0.000000000000000 -1.000000000000000
-0.000000000000000 -1.000000000000000
-0.000000000000000 -1.000000000000000
-0.000000000000000 -1.000000000000000
-0.000000000000000 -1.000000000000000
-0.000000000000000 -1.000000000000000
-0.000000000000000 -1.000000000000000
-0.000000000000000 -1.000000000000000
-0.000000000000000 -1.000000000000000
-0.000000000000000 -1.000000000000000
-0.000000000000000 -1.000000000000000
-0.000000000000000 -1.000000000000000
-0.000000000000000 -1.000000000000000
-0.000000000000000 -1.000000000000000
-0.000000000000000 -1.000000000000000
-0.000000000000000 -1.000000000000000
-0.000000000000000 -1.000000000000000
-1.000000000000000  0.000000000000000
-1.000000000000000  0.000000000000000
-1.000000000000000  0.000000000000000
-1.000000000000000  0.000000000000000
-1.000000000000000  0.000000000000000
-1.000000000000000  0.000000000000000
-1.000000000000000  0.000000000000000
-1.000000000000000  0.000000000000000
-1.000000000000000  0.000000000000000
-1.000000000000000  0.000000000000000
-1.000000000000000  0.000000000000000
-1.000000000000000  0.000000000000000
-1.000000000000000  0.000000000000000
-1.000000000000000  0.000000000000000
-0.000000000000000  1.000000000000000
-0.000000000000000  1.000000000000000
-0.000000000000000  1.000000000000000
-0.000000000000000  1.000000000000000
-0.000000000000000  1.000000000000000
-0.000000000000000  1.000000000000000
-0.000000000000000  1.000000000000000
-0.000000000000000  1.000000000000000
-0.000000000000000  1.000000000000000
-0.000000000000000  1.000000000000000
-0.000000000000000  1.000000000000000
-0.000000000000000  1.000000000000000
-0.000000000000000  1.000000000000000
-0.000000000000000  1.000000000000000
-0.000000000000000  1.000000000000000
-0.000000000000000  1.000000000000000
-0.000000000000000  1.000000000000000
-0.000000000000000  1.000000000000000
0.994847742066988 0.101380324048682
0.924995637746477 0.379977723228596
0.778953705750211 0.627081433545927
0.570668172967015 0.821180757423412
0.316227766016836 0.948683298050514
0.035727301706812 0.999361576163878
-0.243245383844777  0.969964784535092
-0.450411105977952  0.892821278650838
-0.543940632852968  0.839123702401209
-0.544979492440640  0.838449374034678
-0.514676283465152  0.857384583042230
-0.488047167066431  0.872817256198817
-0.467030909907009  0.884240990449680
-0.450950811713018  0.892548802819975
-0.433889460754859  0.900966112484736
-0.411191885260549  0.911548810265186
-0.382019820181704  0.924154130536859
-0.347355382300737  0.937733564711592
-0.310166002176449  0.950682413371510
-0.273032042252562  0.962004939646047
-0.236811188800686  0.971555691074272
-0.199984693083618  0.979799021499946
-0.162167119832500  0.986763307609901
-0.121546255513512  0.992585768470737
-0.078413403435736  0.996920928740903
-0.034011065441957  0.999421456357378
0.011021910997801 0.999939256894116
0.055112451326426 0.998480153888294
0.098883224125239 0.995099044309961
0.142333870388028 0.989818705289188
0.185170319367092 0.982706442853352
0.227381935739218 0.973805655816132
0.270542178633651 0.962708122735109
0.314330755981165 0.949313528737640
0.359906252088267 0.932988472440993
0.406825504708805 0.913505888715790
0.455663148075812 0.890152287805654
0.505725964857841 0.862694180152275
0.554278601980262 0.832331202939555
0.597770365811310 0.801667380999011
0.636444319738361 0.771322648359800
0.670931460637375 0.741519369353895
0.700795326442055 0.713362397689263
0.726915319128175 0.686727106510864
0.749447170681325 0.662064149730037
0.768556673419768 0.639781712572296
0.784847292429508 0.619689218533025
0.798963337062976 0.601379735299747
0.810122596925653 0.586260503488368
0.819956131659933 0.572426363957215
0.826865003242191 0.562400450225008
0.832984205586747 0.553296767786525
0.837932444871908 0.545773962214200
0.841993935851363 0.539486989638796
0.846121340276376 0.532990316543283
0.849544309939866 0.527517265545685
0.852705323409012 0.522392219917116
0.855653497961577 0.517549119819673
0.858214327554152 0.513291503904726
0.860080183328678 0.510158875494006
0.861824108572908 0.507207261267534
0.863053975214095 0.505111706325590
0.863817732675380 0.503804450869151
0.864415526419443 0.502778079956751
0.864867440817067 0.502000308580121
0.865104158638374 0.501592259416541
0.865337159841213 0.501190183261746
0.865699227044355 0.500564529601137
0.866234335898724 0.499637944225712
0.866902901177482 0.498477040524501
0.867738872485817 0.497020370987994
0.868711694481897 0.495318071415117
0.869806450183861 0.493393087931468
0.870868225405466 0.491516565315082
0.872009959429081 0.489488131272345
0.873200506827698 0.487361133940583
0.874571363035117 0.484896825065805
0.876057636031970 0.482206406376020
0.877513811842962 0.479551363281176
0.878646623533531 0.477472628485785
0.879781618712092 0.475378063625501
0.881363378471449 0.472438985573157
0.882916274198660 0.469530459880034
0.883385470066941 0.468647107400238
-0.000000000000000  1.000000000000000
-0.000000000000000  1.000000000000000
-0.000000000000000  1.000000000000000
-0.000000000000000  1.000000000000000
-0.000000000000000  1.000000000000000
-0.000000000000000  1.000000000000000
-0.000000000000000  1.000000000000000
-0.000000000000000  1.000000000000000
-0.000000000000000  1.000000000000000
-0.000000000000000  1.000000000000000
-0.000000000000000  1.000000000000000
-0.000000000000000  1.000000000000000
-0.000000000000000  1.000000000000000
-0.000000000000000  1.000000000000000
-0.000000000000000  1.000000000000000
-0.000000000000000  1.000000000000000
-0.000000000000000  1.000000000000000
-0.000000000000000  1.000000000000000
1.000000000000000 0.000000000000000
1.000000000000000 0.000000000000000
1.000000000000000 0.000000000000000
1.000000000000000 0.000000000000000
1.000000000000000 0.000000000000000
1.000000000000000 0.000000000000000
1.000000000000000 0.000000000000000
1.000000000000000 0.000000000000000
1.000000000000000 0.000000000000000
1.000000000000000 0.000000000000000
1.000000000000000 0.000000000000000
1.000000000000000 0.000000000000000
1.000000000000000 0.000000000000000
1.000000000000000 0.000000000000000
-0.000000000000000 -1.000000000000000
-0.000000000000000 -1.000000000000000
-0.000000000000000 -1.000000000000000
-0.000000000000000 -1.000000000000000
-0.000000000000000 -1.000000000000000
-0.000000000000000 -1.000000000000000
-0.000000000000000 -1.000000000000000
-0.000000000000000 -1.000000000000000
-0.000000000000000 -1.000000000000000
-0.000000000000000 -1.000000000000000
-0.000000000000000 -1.000000000000000
-0.000000000000000 -1.000000000000000
-0.000000000000000 -1.000000000000000
-0.000000000000000 -1.000000000000000
-0.000000000000000 -1.000000000000000
-0.000000000000000 -1.000000000000000
-0.000000000000000 -1.000000000000000
-0.000000000000000 -1.000000000000000
