-0.974601614450301 -0.223945736978551
-0.970813149160583 -0.239837089327133
-0.966827845363021 -0.255428889185813
-0.962783843454825 -0.270272586072572
-0.958956651930772 -0.283552710651341
-0.955379051284472 -0.295382579660314
-0.951205715806269 -0.308557427746414
-0.945665171788909 -0.325142096421632
-0.938558326774042 -0.345120656065543
-0.929670317132481 -0.368392591460242
-0.917926278164140 -0.396750989735036
-0.901047904242752 -0.433719580212542
-0.877498472856168 -0.479579430475383
-0.842095581422810 -0.539328315359189
-0.786541010721401 -0.617538046158580
-0.698443780857661 -0.715664925074057
-0.559326565696994 -0.828947400566288
-0.348858183461942 -0.937175526692644
-0.068601892904514 -0.997644115048005
 0.207553126846880 -0.978223747174481
 0.406077586274070 -0.913838603871507
 0.547105082165084 -0.837063933680777
 0.652026065723383 -0.758196550781713
 0.733326429515867 -0.679876715128199
 0.801411002301342 -0.598114040455797
 0.859635160005348 -0.510908398524216
 0.903614092349975 -0.428347489903385
 0.970217594505209 -0.242235049719328
-0.000000000000000 -1.000000000000000
-0.000000000000000 -1.000000000000000
-0.000000000000000 -1.000000000000000
-0.000000000000000 -1.000000000000000
-0.000000000000000 -1.000000000000000
-0.000000000000000 -1.000000000000000
-0.000000000000000 -1.000000000000000
-0.000000000000000 -1.000000000000000
-0.000000000000000 -1.000000000000000
-0.000000000000000 -1.000000000000000
-0.000000000000000 -1.000000000000000
-0.000000000000000 -1.000000000000000
-0.000000000000000 -1.000000000000000
-0.000000000000000 -1.000000000000000
-1.000000000000000  0.000000000000000
-1.000000000000000  0.000000000000000
-1.000000000000000  0.000000000000000
-1.000000000000000  0.000000000000000
-1.000000000000000  0.000000000000000
-1.000000000000000  0.000000000000000
-1.000000000000000  0.000000000000000
-1.000000000000000  0.000000000000000
-1.000000000000000  0.000000000000000
-1.000000000000000  0.000000000000000
-1.000000000000000  0.000000000000000
-1.000000000000000  0.000000000000000
-1.000000000000000  0.000000000000000
-1.000000000000000  0.000000000000000
-0.000000000000000  1.000000000000000
-0.000000000000000  1.000000000000000
-0.000000000000000  1.000000000000000
-0.000000000000000  1.000000000000000
-0.000000000000000  1.000000000000000
-0.000000000000000  1.000000000000000
-0.000000000000000  1.000000000000000
-0.000000000000000  1.000000000000000
-0.000000000000000  1.000000000000000
-0.000000000000000  1.000000000000000
-0.000000000000000  1.000000000000000
-0.000000000000000  1.000000000000000
-0.000000000000000  1.000000000000000
-0.000000000000000  1.000000000000000
0.861217834782332 0.508236009205204
-0.087190885595344  0.996191622866354
-0.523093481446000  0.852275313304746
-0.440829578747578  0.897590821310709
-0.328517354663478  0.944497934187741
-0.180237651275263  0.983623092989778
-0.011602559558086  0.999932688040401
0.163662320293975 0.986516418979427
0.338367516711837 0.941014040083497
0.529368977797425 0.848391705137261
0.684543469903773 0.728972041859015
0.775761817815983 0.631025833083592
0.822598198863582 0.568623076586231
0.843913333431068 0.536479529578961
0.856676366345644 0.515854246221570
0.863276181987965 0.504731843271536
0.865239831962402 0.501358188509647
0.867409983033549 0.497594133138383
0.871484720257554 0.490422656855913
0.876647052130334 0.481134020820805
0.881902320068997 0.471432177366925
-0.000000000000000  1.000000000000000
-0.000000000000000  1.000000000000000
-0.000000000000000  1.000000000000000
-0.000000000000000  1.000000000000000
-0.000000000000000  1.000000000000000
-0.000000000000000  1.000000000000000
-0.000000000000000  1.000000000000000
-0.000000000000000  1.000000000000000
-0.000000000000000  1.000000000000000
-0.000000000000000  1.000000000000000
-0.000000000000000  1.000000000000000
-0.000000000000000  1.000000000000000
-0.000000000000000  1.000000000000000
-0.000000000000000  1.000000000000000
1.000000000000000 0.000000000000000
1.000000000000000 0.000000000000000
1.000000000000000 0.000000000000000
1.000000000000000 0.000000000000000
1.000000000000000 0.000000000000000
1.000000000000000 0.000000000000000
1.000000000000000 0.000000000000000
1.000000000000000 0.000000000000000
1.000000000000000 0.000000000000000
1.000000000000000 0.000000000000000
1.000000000000000 0.000000000000000
1.000000000000000 0.000000000000000
1.000000000000000 0.000000000000000
1.000000000000000 0.000000000000000
-0.000000000000000 -1.000000000000000
-0.000000000000000 -1.000000000000000
-0.000000000000000 -1.000000000000000
-0.000000000000000 -1.000000000000000
-0.000000000000000 -1.000000000000000
-0.000000000000000 -1.000000000000000
-0.000000000000000 -1.000000000000000
-0.000000000000000 -1.000000000000000
-0.000000000000000 -1.000000000000000
-0.000000000000000 -1.000000000000000
-0.000000000000000 -1.000000000000000
-0.000000000000000 -1.000000000000000
-0.000000000000000 -1.000000000000000
-0.000000000000000 -1.000000000000000
