-0.975851590256990 -0.218434598433729
-0.975825932142874 -0.218549193907211
-0.975809376925907 -0.218623100114038
-0.975784532574601 -0.218733961670718
-0.975751386450735 -0.218881775941874
-0.975709921707025 -0.219066539394931
-0.975660117291569 -0.219288247579760
-0.975682508751808 -0.219188599420177
-0.975454580333686 -0.220200730484782
-0.975460400435219 -0.220174946764528
-0.975376949490905 -0.220544341123992
-0.975284991796396 -0.220950638778673
-0.975184481154453 -0.221393829443189
-0.975075367217191 -0.221873901678995
-0.974957595498188 -0.222390842842936
-0.974763373584973 -0.223240600064689
-0.974764296808357 -0.223236568840566
-0.974559644765157 -0.224128308776940
-0.974423686450064 -0.224718666970652
-0.974288654549144 -0.225303390158290
-0.974154559148888 -0.225882480262271
-0.974021410177672 -0.226455939457324
-0.973889217450608 -0.227023769974519
-0.974356140120313 -0.225011360179538
-0.973021071495814 -0.230716263893854
-0.973498560604066 -0.228693140478264
-0.973370345714705 -0.229238238702086
-0.973243133659252 -0.229777724736580
-0.973116933684427 -0.230311600612340
-0.972991754893709 -0.230839868542806
-0.972867606331594 -0.231362530567578
-0.973272382542705 -0.229653803320666
-0.972088482010945 -0.234614541624462
-0.972501357816568 -0.232897207035489
-0.972381370490066 -0.233397665634985
-0.972262457705475 -0.233892525183064
-0.972144627886109 -0.234381787842354
-0.972027889347617 -0.234865455804846
-0.971912250338006 -0.235343531126124
-0.971888245871957 -0.235442641711162
-0.971593447395436 -0.236656233761659
-0.971571450173757 -0.236746525227430
-0.971458108727019 -0.237211178042947
-0.971344154896457 -0.237677371132565
-0.971229586369259 -0.238145104003838
-0.971114400839305 -0.238614376101941
-0.970998596001026 -0.239085186835227
-0.970655447407100 -0.240474535905410
-0.970991525271971 -0.239113901415229
-0.970647506283509 -0.240506587322685
-0.970529244196432 -0.240983373201355
-0.970410351626030 -0.241461693560374
-0.970290826203611 -0.241941547868723
-0.970170665573777 -0.242422935507627
-0.970049867360697 -0.242905855906141
-0.969607417653600 -0.244666008327918
-0.970126200539306 -0.242600814151912
-0.969683564833890 -0.244364040093954
-0.969560153067209 -0.244853240910328
-0.969436091440303 -0.245343972033038
-0.969311377544401 -0.245836232811551
-0.969186008971431 -0.246330022559225
-0.969059983287173 -0.246825340659065
-0.968838804615098 -0.247692088432370
-0.968900482841372 -0.247450710950192
-0.968677947333405 -0.248320426767395
-0.968549645290231 -0.248820386239086
-0.968421321688553 -0.249319360858712
-0.968292986257116 -0.249817318785700
-0.968164640463162 -0.250314260394483
-0.968036285762721 -0.250810186090428
-0.968096662772495 -0.250577037113856
-0.967589872636647 -0.252526906231784
-0.967651220850556 -0.252291725560767
-0.967522870359859 -0.252783494972712
-0.967394518191920 -0.253274250906448
-0.967266165794784 -0.253763993719867
-0.967137814602839 -0.254252723810868
-0.967009466057801 -0.254740441537278
-0.967029229430543 -0.254665406812486
-0.966604066471575 -0.256274420652190
-0.966624450394767 -0.256197525161769
-0.966496126490544 -0.256681198140369
-0.966367812306297 -0.257163860871509
-0.966239509249458 -0.257645513769144
-0.966111218723035 -0.258126157251627
-0.965982942134621 -0.258605791708038
-0.965858534562193 -0.259070050784287
-0.965722571274900 -0.259576415204069
-0.965598196926543 -0.260038693451973
-0.965469990018428 -0.260514295910640
-0.965341917032188 -0.260988473348191
-0.965214048937691 -0.261460971721036
-0.965086389345396 -0.261931787113109
-0.964958940640749 -0.262400920115543
-0.964817453925461 -0.262920673589566
-0.964718958649149 -0.263281846740146
-0.964577882530475 -0.263798234514611
-0.964451300356813 -0.264260646408147
-0.964324940852970 -0.264721378904153
-0.964198806346183 -0.265180432612583
-0.964072899153032 -0.265637808149871
-0.963947221578639 -0.266093506141774
-0.963820892186561 -0.266550722724028
-0.963697451935350 -0.266996668768197
-0.963571596131297 -0.267450517159688
-0.963446864311606 -0.267899495423440
-0.963322373479485 -0.268346799410485
-0.963198125882667 -0.268792429759689
-0.963074123759064 -0.269236387113091
-0.962950369336193 -0.269678672117928
-0.962818729568354 -0.270148281490706
-0.962711757610926 -0.270529243812348
-0.962580607914201 -0.270995522596828
-0.962457862078420 -0.271431139929518
-0.962335373838677 -0.271865092019504
-0.962213113559395 -0.272297491898723
-0.962091047678628 -0.272728465651536
-0.961969176170232 -0.273158020380813
-0.961897562009508 -0.273410095278438
-0.961675852465623 -0.274188903467151
-0.961604751572745 -0.274438156517491
-0.961483679389042 -0.274862027694824
-0.961362810669264 -0.275284482421535
-0.961242147216190 -0.275705521191014
-0.961121690823120 -0.276125144507535
-0.961001443278693 -0.276543352869435
-0.960936020742713 -0.276770598220186
-0.960706848068257 -0.277565041161083
-0.960641968385254 -0.277789504079806
-0.960522571875427 -0.278202064905734
-0.960403393042852 -0.278613213311532
-0.960284433633825 -0.279022949809803
-0.960165695385981 -0.279431274920965
-0.960047180032042 -0.279838189160315
-0.959970602822383 -0.280100770646618
-0.959769029889763 -0.280790685857747
-0.959692988048357 -0.281050473564475
-0.959575381100291 -0.281451750725113
-0.959458005592337 -0.281851619659662
-0.959340863214322 -0.282250080898481
-0.959223986707579 -0.282647029570130
-0.959107505006826 -0.283042035463961
-0.959001502847922 -0.283400983652893
-0.958865767784683 -0.283859893910167
-0.958760646414600 -0.284214747834553
-0.958645897275212 -0.284601552415659
-0.958531587649792 -0.284986307526466
-0.958417719960925 -0.285369013848564
-0.958304296616768 -0.285749672066027
-0.958191320011478 -0.286128282863930
-0.958087141138835 -0.286476927490528
-0.957958357005411 -0.286907278129178
-0.957855097247439 -0.287251827978689
-0.957743933160321 -0.287622249651515
-0.957633227554060 -0.287990627424564
-0.957522982739365 -0.288356961986199
-0.957413201011784 -0.288721254029504
-0.957303884652805 -0.289083504248598
-0.957206285127762 -0.289406509449785
-0.957075393137194 -0.289839079234126
-0.956978752668986 -0.290158003405233
-0.956871321820662 -0.290512088349485
-0.956764367527881 -0.290864134999443
-0.956657891989705 -0.291214144048351
-0.956551897391425 -0.291562116189440
-0.956446374361021 -0.291908089938696
-0.956350288403375 -0.292222733323028
-0.956224892210124 -0.292632799798207
-0.956127145385465 -0.292952012891263
-0.956019022084932 -0.293304669945385
-0.955910028682210 -0.293659696016964
-0.955800162485489 -0.294017090307199
-0.955689420787325 -0.294376852002986
-0.955577800863862 -0.294738980279475
-0.955430189373898 -0.295217128962661
-0.955387054861530 -0.295356691820268
-0.955237641978900 -0.295839563524878
-0.955122480045010 -0.296211154605411
-0.955006425993206 -0.296585108040986
-0.954889476999898 -0.296961422940524
-0.954771630224809 -0.297340098402252
-0.954652882810175 -0.297721133516287
-0.954562149921963 -0.298011915762372
-0.954383710166290 -0.298582875880764
-0.954291208238262 -0.298878386436957
-0.954168829581092 -0.299268850126185
-0.954045535756854 -0.299661668723941
-0.953921323811585 -0.300056841244377
-0.953796190774751 -0.300454366690808
-0.953670133662609 -0.300854244045089
-0.953562600386169 -0.301194898935503
-0.953395719860132 -0.301722722631856
-0.953286019425468 -0.302069139714647
-0.953155475890563 -0.302480807291692
-0.953023565459916 -0.302896159893235
-0.952890283208928 -0.303315196068396
-0.952755624177333 -0.303737914324932
-0.952619583366324 -0.304164313138428
-0.952408040773860 -0.304826055102408
-0.952417497818460 -0.304796505638144
-0.952203115983207 -0.305465588752435
-0.952061494758753 -0.305906701786229
-0.951918466090010 -0.306351487538160
-0.951774024730274 -0.306799944342786
-0.951628165392533 -0.307252070508306
-0.951480882747063 -0.307707864324053
-0.951361265192893 -0.308077495267958
-0.951152879245178 -0.308720262217444
-0.951030437102784 -0.309097246354748
-0.950877404420711 -0.309567701419466
-0.950722921141288 -0.310041815271064
-0.950566981699871 -0.310519586019944
-0.950409580492415 -0.311001011747922
-0.950250711879721 -0.311486090495359
-0.950135740450929 -0.311836615421865
-0.949883087969166 -0.312605372938728
-0.949765249135508 -0.312963211151991
-0.949600515935357 -0.313462693370843
-0.949434397668162 -0.313965483014446
-0.949266890950061 -0.314471572238262
-0.949097990324718 -0.314980959363549
-0.948927690307549 -0.315493642673795
-0.948654186923883 -0.316315086000947
-0.948684737138109 -0.316223448721307
-0.948408338370371 -0.317051452779438
-0.948232385197544 -0.317577303443707
-0.948055004717483 -0.318106441352787
-0.947876191248151 -0.318638864649149
-0.947695939077068 -0.319174571444585
-0.947514242453394 -0.319713559843762
-0.947335091583196 -0.320244007367911
-0.947142492328313 -0.320813184308425
-0.946960436002380 -0.321350171380353
-0.946772908971900 -0.321902250437748
-0.946583908391102 -0.322457600895103
-0.946393428334913 -0.323016220652290
-0.946201462846100 -0.323578107584397
-0.946008005939985 -0.324143259528026
-0.945874266999476 -0.324533312663284
-0.945555236015698 -0.325461665397474
-0.945418618699905 -0.325858305733587
-0.945219128535023 -0.326436516112232
-0.945018099914590 -0.327018028300915
-0.944815519490223 -0.327602860381927
-0.944611380769538 -0.328191010420254
-0.944405677277684 -0.328782476305657
-0.944109570536113 -0.329631792796320
-0.944078472156602 -0.329720849220149
-0.943779109127773 -0.330576758369350
-0.943567078609870 -0.331181473158805
-0.943353450407971 -0.331789492906836
-0.943138217841686 -0.332400815351601
-0.942921374206765 -0.333015438176708
-0.942702912761019 -0.333633359051354
-0.942433912644048 -0.334392464476146
-0.942310094140216 -0.334741223158213
-0.942037752758267 -0.335506888719373
-0.941812751477654 -0.336137979338978
-0.941586098262957 -0.336772355691409
-0.941357786203071 -0.337410015196428
-0.941127808354831 -0.338050955243782
-0.940896157745334 -0.338695173186845
-0.940728302317230 -0.339161113955214
-0.940362176173620 -0.340174922094522
-0.940191109307880 -0.340647439412683
-0.939952705878286 -0.341304718268132
-0.939712610892836 -0.341965215963509
-0.939470824634713 -0.342628909551095
-0.939227339953313 -0.343295796484931
-0.938982149622495 -0.343965874310691
-0.938561815140529 -0.345111169277548
-0.938660150110907 -0.344843620491623
-0.938236263342284 -0.345995251628557
-0.937984171808766 -0.346678083293742
-0.937730337971212 -0.347364093205381
-0.937474754414840 -0.348053278730191
-0.937217413704927 -0.348745637174499
-0.936958308357913 -0.349441165862121
-0.936674521984946 -0.350201142008808
-0.936457729162612 -0.350780446278872
-0.936170341306477 -0.351546713906010
-0.935904110298199 -0.352254874099615
-0.935636077052615 -0.352966190048838
-0.935366233952580 -0.353680658760649
-0.935094573353994 -0.354398277202235
-0.934821087588396 -0.355119042294338
-0.934592669560850 -0.355719752056480
-0.934221595271253 -0.356693160754218
-0.933989594333733 -0.357300206655845
-0.933708734491904 -0.358033516773958
-0.933426026638091 -0.358769916234104
-0.933141463045383 -0.359509401748442
-0.932855035783499 -0.360251970450360
-0.932566736909424 -0.360997619396734
-0.932109037627668 -0.362177776751724
-0.932152164421880 -0.362066765063579
-0.931690534964354 -0.363253006949475
-0.931394672687925 -0.364010938968258
-0.931096898743478 -0.364771935804109
-0.930797205026989 -0.365535994279558
-0.930495583415005 -0.366303111159555
-0.930192025737231 -0.367073283221302
-0.929896724675189 -0.367820719153170
-0.929568841262203 -0.368648571615903
-0.929269637906219 -0.369402138685801
-0.928958242798765 -0.370184525792517
-0.928644870411208 -0.370969951153663
-0.928329512454322 -0.371758411211260
-0.928012160628453 -0.372549902329486
-0.927692806621174 -0.373344420801127
-0.927340599731980 -0.374218401590209
-0.927078062533024 -0.374868331511232
-0.926718614598049 -0.375756050327168
-0.926385598664977 -0.376576317080790
-0.926048098577771 -0.377405510188305
-0.925706089263223 -0.378243620304414
-0.925359545457523 -0.379090637751246
-0.925008441669133 -0.379946552610814
-0.924493361001478 -0.381198144623228
-0.924452034218910 -0.381298356183868
-0.923927493333145 -0.382567624170068
-0.923557877448695 -0.383459055183810
-0.923183570354762 -0.384359331130434
-0.922804545172933 -0.385268440711377
-0.922420774807466 -0.386186372369085
-0.922032231927811 -0.387113114329933
-0.921718228140273 -0.387860165412685
-0.921161148560429 -0.389181369521757
-0.920837696508375 -0.389946068949477
-0.920429789219538 -0.390907921533035
-0.920016969723091 -0.391878521255684
-0.919599209375816 -0.392857854847494
-0.919176466485892 -0.393845938735580
-0.918748661845907 -0.394842875529437
-0.918100622282249 -0.396347382185057
-0.918093121966279 -0.396364755494496
-0.917434501626328 -0.397886837210847
-0.916986095442067 -0.398919165703922
-0.916532459038804 -0.399960312441476
-0.916073560300932 -0.401010264354386
-0.915609366954915 -0.402069007938215
-0.915139846473560 -0.403136529474009
-0.914570737036527 -0.404425972158643
-0.914279117960407 -0.405084799099572
-0.913698978245977 -0.406391654875267
-0.913207809508105 -0.407494167631156
-0.912711147947133 -0.408605384708800
-0.912208959843416 -0.409725290385392
-0.911701211311633 -0.410853868538318
-0.911187868294026 -0.411991102663382
-0.910715579794389 -0.413034057578513
-0.910097444391415 -0.414394307046096
-0.909613947296606 -0.415454530464512
-0.909077777741376 -0.416626444212080
-0.908535670796261 -0.417807293965517
-0.907987587519823 -0.418997065514703
-0.907433489416670 -0.420195742821232
-0.906873337836493 -0.421403309338332
-0.906043423222571 -0.423184729444630
-0.905998789743889 -0.423280277100892
-0.905156155311994 -0.425079209678395
-0.904571388035571 -0.426322183269181
-0.903980370643742 -0.427573957919332
-0.903383063222733 -0.428834514798321
-0.902779425677504 -0.430103834641586
-0.902169417653704 -0.431381897916889
-0.901655661064857 -0.432454701523402
-0.900827106147330 -0.434177987500780
-0.900300757356170 -0.435268361248444
-0.899664855403653 -0.436581204303993
-0.899022378897520 -0.437902685812093
-0.898373294919015 -0.439232766282699
-0.897717715490787 -0.440571110371529
-0.897055732187235 -0.441917428203532
-0.896062518595090 -0.443927880143863
-0.896037708833988 -0.443977954799038
-0.895030973762589 -0.446003986535537
-0.894342981180078 -0.447381975513017
-0.893648381996975 -0.448767834580631
-0.892947134171230 -0.450161543865520
-0.892239195646753 -0.451563082804203
-0.891524524099160 -0.452972430650881
-0.890698029129191 -0.454595447519412
-0.890180143267260 -0.455608727454468
-0.889339690348252 -0.457247105153520
-0.888597664894843 -0.458687464340843
-0.887848694059996 -0.460135519663458
-0.887092734815984 -0.461591247573757
-0.886329744294648 -0.463054623536558
-0.885559637136060 -0.464525703352839
-0.884540487704951 -0.466463423657942
-0.884236118090346 -0.467040134747021
-0.883198641731274 -0.468999103670820
-0.882393721458320 -0.470511764285376
-0.881579722486047 -0.472035160662237
-0.880756581046671 -0.473569260977715
-0.879924233411408 -0.475114032054775
-0.879082615543967 -0.476669440019368
-0.877992456415658 -0.478674468169338
-0.877611050774144 -0.479373386369229
-0.876501427040074 -0.481399260901711
-0.875622037456780 -0.482996943592854
-0.874733054119372 -0.484605080484095
-0.873834411666563 -0.486223632691123
-0.872926044856187 -0.487852559911019
-0.872007888241759 -0.489491821018643
-0.870928084840601 -0.491410491377507
-0.870288289583632 -0.492542681413089
-0.869175841520267 -0.494503141059323
-0.868197481448624 -0.496218836005110
-0.867201211767699 -0.497957888087571
-0.866186876712010 -0.499720216332993
-0.865154319647783 -0.501505735954018
-0.864103382719164 -0.503314358997732
-0.862756443057981 -0.505619738501120
-0.862223984696523 -0.506527195927376
-0.860838761387141 -0.508877811358928
-0.859712748657635 -0.510777828214512
-0.858567548928106 -0.512700462187800
-0.857402996347517 -0.514645608020023
-0.856218924762434 -0.516613155928748
-0.855015167269292 -0.518602992412756
-0.853637999184934 -0.520866745288603
-0.852704996130215 -0.522392754136742
-0.851291492509547 -0.524693048153744
-0.850014507183407 -0.526759278587240
-0.848719455641968 -0.528843346951441
-0.847406179044254 -0.530945164511004
-0.846074518676554 -0.533064638525421
-0.844724315546119 -0.535201672946882
-0.843177300446067 -0.537635601511361
-0.842146308467249 -0.539249103045138
-0.840560684751091 -0.541717394266399
-0.839134597935108 -0.543923824214646
-0.837689164311376 -0.546147291483999
-0.836224221491234 -0.548387683478923
-0.834739612203757 -0.550644876320412
-0.833235536823134 -0.552918203873831
-0.831239313089280 -0.555914745599415
-0.830644919685060 -0.556802494068947
-0.828609056010722 -0.559827680895667
-0.827028342151956 -0.562160227406197
-0.825428073584904 -0.564507303175002
-0.823808086015780 -0.566868800883430
-0.822168215649221 -0.569244609264045
-0.820508298477152 -0.571634614181235
-0.818924305431769 -0.573901543797449
-0.817031167574511 -0.576593506043757
-0.815406833167894 -0.578888328110963
-0.813665233370682 -0.581333714834977
-0.811902588560231 -0.583792931345693
-0.810115361558253 -0.586270501532647
-0.808300410417105 -0.588770283319004
-0.806457372316890 -0.591292234547130
-0.803966930178067 -0.594674007486501
-0.803306787534745 -0.595565449888262
-0.800757019112183 -0.598989312377585
-0.798798931643750 -0.601598094083420
-0.796811408639705 -0.604228085296943
-0.794794178719314 -0.606879076483850
-0.792746972224760 -0.609550849419862
-0.790669519872217 -0.612243179092293
-0.788597292927725 -0.614910001209172
-0.786386711768541 -0.617734521905536
-0.784251277027703 -0.620443337042487
-0.782046676480356 -0.623219861530447
-0.779808469182088 -0.626018171774501
-0.777536321358016 -0.628838030790954
-0.775229901808123 -0.631679190208580
-0.772888882036159 -0.634541390316578
-0.770396394959359 -0.637565208142369
-0.768218724105096 -0.640187466242770
-0.765654818058536 -0.643251661158951
-0.763172039915680 -0.646195355516379
-0.760653027823073 -0.649158664167391
-0.758097323031881 -0.652141433135402
-0.755503225310610 -0.655144927894024
-0.752869550190126 -0.658169765635370
-0.749608650222587 -0.661881312254298
-0.748071582831549 -0.663618042973442
-0.744727830345552 -0.667368308139371
-0.741932397956916 -0.670474695168953
-0.739095401763587 -0.673600762389653
-0.736216445562982 -0.676746145376986
-0.733295140391008 -0.679910462545571
-0.730331101649168 -0.683093318635099
-0.727133859121050 -0.686495703496919
-0.724463171966099 -0.689313508111380
-0.721174727638300 -0.692753211624330
-0.718030730917821 -0.696011400379060
-0.714839816182944 -0.699288236136956
-0.711601511713420 -0.702583296504533
-0.708315353075194 -0.705896140092835
-0.704980883851508 -0.709226306198484
-0.701761439146426 -0.712412017393823
-0.698000271460894 -0.716097494088981
-0.694681967560037 -0.719317012135063
-0.691148805337687 -0.722712480091694
-0.687563844622358 -0.726123928519177
-0.683926178690809 -0.729551219655884
-0.680235266465060 -0.732993848717170
-0.676490579815047 -0.736451285165218
-0.672369173293563 -0.740215978485017
-0.669161427132004 -0.743117073171287
-0.664928242070250 -0.746907245176647
-0.660963007157852 -0.750418485359235
-0.656941442774591 -0.753941603020578
-0.652863006609301 -0.757476002656892
-0.648726918402807 -0.761021277849442
-0.644532511772579 -0.764576903436227
-0.639753658867283 -0.768580025739626
-0.636495036038285 -0.771280797828276
-0.631595920859413 -0.775297744581880
-0.627164129245952 -0.778887125960602
-0.622671242791318 -0.782483561105737
-0.618116721847468 -0.786086329974349
-0.613500058743944 -0.789694673858940
-0.608820909142174 -0.793307696036851
-0.603656838559995 -0.797244266997106
-0.599696921464908 -0.800227219223086
-0.594403217357234 -0.804167156252585
-0.589468566900003 -0.807791315029356
-0.584468631609881 -0.811416304164559
-0.579402834780535 -0.815041321068006
-0.574270630911867 -0.818665525396109
-0.569071552383630 -0.822288008101593
-0.563495100432515 -0.826119405285065
-0.558790856031939 -0.829308615182004
-0.553083794543923 -0.833125630510126
-0.547624917680930 -0.836723938664931
-0.542100627720125 -0.840313578032300
-0.536510370856867 -0.843893726699652
-0.530853626314613 -0.847463525721683
-0.525129903516818 -0.851022082223732
-0.519208438239328 -0.854647645325884
-0.513609868161715 -0.858023836106495
-0.507550369689807 -0.861622087824900
-0.501551974304259 -0.865127514919911
-0.495483318255567 -0.868617453963741
-0.489343823309424 -0.872090948576417
-0.483132952955007 -0.875547000319785
-0.476850211667834 -0.878984570758977
-0.470378533628094 -0.882464750061941
-0.464176855146393 -0.885742539989135
-0.457534252818892 -0.889191996982349
-0.450914403094791 -0.892567196955875
-0.444199571352392 -0.895927865852129
-0.437388910802840 -0.899272450766009
-0.430481646855594 -0.902599330666988
-0.423477079313608 -0.905906818219190
-0.416296391345931 -0.909228967066247
-0.409252748043099 -0.912421058623250
-0.401877283177040 -0.915693534577066
-0.394482898449405 -0.918903282631505
-0.386990316502594 -0.922083778695419
-0.379398721400256 -0.925233273396418
-0.371707389995601 -0.928349942760088
-0.363915693373619 -0.931431891292325
-0.355842327466031 -0.934546006349371
-0.348203596727952 -0.937418932615358
-0.339909270430141 -0.940458232924594
-0.331684244333280 -0.943390461082293
-0.323346496494234 -0.946280636600424
-0.314895109687820 -0.949126477290933
-0.306329299216106 -0.951925606569006
-0.297648414705433 -0.954675558094656
-0.288715375950541 -0.957414973608486
-0.280158605441565 -0.959953725862365
-0.271152554654582 -0.962536384821007
-0.262269460316161 -0.964994678837904
-0.253366244092426 -0.967370428716165
-0.244442871602260 -0.969663695578442
-0.235499299883071 -0.971874518523139
-0.226535485525310 -0.974002912622859
-0.217565652682229 -0.976045688875759
-0.208565913854176 -0.978008312632450
-0.199595583421737 -0.979878361368663
-0.190614970750417 -0.981664878115652
-0.181633719196776 -0.983366255293900
-0.172651916171809 -0.984982901294333
-0.163669621767507 -0.986515207642782
-0.154686456140148 -0.987963612835413
-0.145610426818214 -0.989342005376208
-0.136783515193589 -0.990600964047222
-0.127686540626008 -0.991814573064423
-0.118665705389993 -0.992934262861492
-0.109634432756778 -0.993971977046687
-0.100592720590895 -0.994927688108097
-0.091540566508104 -0.995801348002389
-0.082477810606137 -0.996592901217753
-0.073418875162273 -0.997301192604274
-0.064304101965949 -0.997930349508598
-0.055222574680297 -0.998474069390727
-0.046115094234307 -0.998936133135528
-0.036996524094585 -0.999315394259950
-0.027866879414209 -0.999611643105318
-0.018725728693848 -0.999824658170063
-0.009567126064520 -0.999954234002170
-0.000479282102922 -0.999999885144326
 0.008907809964531 -0.999960324673752
 0.018039567543345 -0.999837273761510
 0.027285726547296 -0.999627675250534
 0.036553844859291 -0.999331684890459
 0.045843881513326 -0.998948616560328
 0.055133616504690 -0.998478985422885
 0.064352577212507 -0.997927224704341
 0.073386976584443 -0.997303540386674
 0.082637735754636 -0.996579652927626
 0.091506470386129 -0.995804481752052
 0.100390569762257 -0.994948105934581
 0.109190671734727 -0.994020823326211
 0.117906969409097 -0.993024645497161
 0.126532938274554 -0.991962406309638
 0.135059867133099 -0.990837439891120
 0.143135845245650 -0.989703051326919
 0.152165882034810 -0.988354968796418
 0.160043049899811 -0.987110035496938
 0.168172619236751 -0.985757561542924
 0.176204039493590 -0.984353664323012
 0.184137793625846 -0.982900438985865
 0.191974153712656 -0.981399981814912
 0.199713206942248 -0.979854394781614
 0.206826122096003 -0.978377716027266
 0.215426654219590 -0.976520023681928
 0.222342890908227 -0.974968532242232
 0.229691787682065 -0.973263418952658
 0.236945433153117 -0.971522959948905
 0.244104394565861 -0.969748959552747
 0.251170061185119 -0.967942973715014
 0.258143847802853 -0.966106491977741
 0.264469809616936 -0.964393965037723
 0.272372208684436 -0.962191966260560
 0.278517077851569 -0.960431276742393
 0.285126912656663 -0.958489772339215
 0.291647053765905 -0.956526003843945
 0.298078036655091 -0.954541504631331
 0.304420503371106 -0.952537745775611
 0.310675183434740 -0.950516138946515
 0.316249921274743 -0.948675912677095
 0.323515214638178 -0.946222968384098
 0.328921176742544 -0.944357379115714
 0.334831837673292 -0.942277899815297
 0.340656827291426 -0.940187707864626
 0.346396656695302 -0.938088138838946
 0.352051892447759 -0.935980483249492
 0.357627819460997 -0.933864199307144
 0.362533373421619 -0.931970789861754
 0.369193856094343 -0.929352407121319
 0.373978279284006 -0.927437462378879
 0.379306428145827 -0.925271113548486
 0.384574154900262 -0.923094101044281
 0.389781787019151 -0.920907247505501
 0.394929681907619 -0.918711350941277
 0.400018218493540 -0.916507187573155
 0.404789542103566 -0.914409878885604
 0.410297760471702 -0.911951614808541
 0.414990668240017 -0.909825667517522
 0.419907386387606 -0.907566959985394
 0.424788571762111 -0.905292587675557
 0.429634386566061 -0.903002931268778
 0.434445003794293 -0.900698361649546
 0.439220606426743 -0.898379240015109
 0.444166970576847 -0.895944028524431
 0.448462393405871 -0.893801701553917
 0.453337877830445 -0.891338750713885
 0.457968646765989 -0.888968345094092
 0.462559020329610 -0.886588491190649
 0.467109193784685 -0.884199638702607
 0.471619376343379 -0.881802224910712
 0.476089791685590 -0.879396674005975
 0.480500688210555 -0.876994349257270
 0.484932487488978 -0.874551589431837
 0.489265732574597 -0.872134761907953
 0.493580070511351 -0.869700358740877
 0.497855847867452 -0.867259796568583
 0.502093379636043 -0.864813412318320
 0.506292903027244 -0.862361580976475
 0.510454617063754 -0.859904694671623
 0.514039522978374 -0.857766500171326
 0.519202905024986 -0.854651006793776
 0.522715130750142 -0.852507414680284
 0.526727833586280 -0.850033993041163
 0.530703811813764 -0.847557351526338
 0.534643294336364 -0.845077835362613
 0.538546521678889 -0.842595777337846
 0.542413698134495 -0.840111528355647
 0.545738737196093 -0.837955387072375
 0.550544451111344 -0.834805850093606
 0.553799057168385 -0.832650349354042
 0.557522771671196 -0.830161646348509
 0.561211275532998 -0.827672582737054
 0.564864779937903 -0.825183482860451
 0.568483502949498 -0.822694661994514
 0.572067667689576 -0.820206427421908
 0.575816638248778 -0.817578864156771
 0.578934721156059 -0.815373894995391
 0.582615296479804 -0.812748064474933
 0.586064402661737 -0.810264472831397
 0.589481170087250 -0.807782117970290
 0.592865781307491 -0.805301288558921
 0.596218422276274 -0.802822267340905
 0.599539286312899 -0.800345328072464
 0.602549296065497 -0.798081666128833
 0.606364947832711 -0.795186487586298
 0.609313745163661 -0.792929227582534
 0.612509857110119 -0.790462949759785
 0.615675192357857 -0.788000036494362
 0.618809957666477 -0.785540728602160
 0.621914253225119 -0.783085347606148
 0.624987761622809 -0.780634548186097
 0.627572158225363 -0.778558402575144
 0.631499355250005 -0.775376401703604
 0.634024353700610 -0.773313079492727
 0.636975872249848 -0.770883738427232
 0.639897388126394 -0.768460365060567
 0.642789093901541 -0.766043197712267
 0.645651186586120 -0.763632467395105
 0.648483865778204 -0.761228399250420
 0.651296370012801 -0.758823456680240
 0.654052689831383 -0.756448992942904
 0.656808306045013 -0.754057590048850
 0.659535206128434 -0.751673673795433
 0.662245748696302 -0.749286706363909
 0.664940010138391 -0.746896768581279
 0.667618057981762 -0.744503948046389
 0.670279961444945 -0.742108329885445
 0.672717457887232 -0.739899467396578
 0.675763249216160 -0.737118736031596
 0.678169633078838 -0.734905401238632
 0.680767752214111 -0.732499329382183
 0.683350084121803 -0.730090859092706
 0.685916702121210 -0.727680065517232
 0.688467750622592 -0.725266955232808
 0.691005093014033 -0.722849888585914
 0.693496018271818 -0.720460458763098
 0.696079175609032 -0.717965027897217
 0.698546993229735 -0.715564181782247
 0.701037777902392 -0.713124136426244
 0.703517018924445 -0.710678411156313
 0.705984746704233 -0.708227038047094
 0.708440992242875 -0.705770047897990
 0.710885786796895 -0.703307470549091
 0.713271771668376 -0.700887565691571
 0.715788368900382 -0.698317270978550
 0.718151783802892 -0.695886496075851
 0.720550671327476 -0.693402285869843
 0.722936543570717 -0.690914433175357
 0.725309194856561 -0.688423250520003
 0.727668672964397 -0.685928788130542
 0.730015026318662 -0.683431094806904
 0.732401364319958 -0.680873146439382
 0.734615701253420 -0.678483434928184
 0.736975873997938 -0.675919049254403
 0.739270249062544 -0.673408864547389
 0.741551745980097 -0.670895675968976
 0.743820415225623 -0.668379525339894
 0.746076307634312 -0.665860453238328
 0.748319412158470 -0.663338569198869
 0.750633403842830 -0.660718921354102
 0.752682187261670 -0.658384025458537
 0.754969266024486 -0.655760175184837
 0.757159380755560 -0.653230183116072
 0.759336339803788 -0.650698334909032
 0.761500195839002 -0.648164679489064
 0.763651002758732 -0.645629263575919
 0.765788815375050 -0.643092132004799
 0.767736641322691 -0.640765518400103
 0.770201967157497 -0.637800070387830
 0.772124860979100 -0.635470848314858
 0.774211523889790 -0.632926943869708
 0.776287560987767 -0.630378951628038
 0.778353797078668 -0.627825904668818
 0.780410251469898 -0.625267814141021
 0.782456939727127 -0.622704695239130
 0.784656237489621 -0.619931116309410
 0.786359361039277 -0.617769338269471
 0.788538610812432 -0.614985251252418
 0.790546419056830 -0.612402122233769
 0.792544538972017 -0.609814032099650
 0.794532986843128 -0.607220991746941
 0.796511779417249 -0.604623010850206
 0.798481286026045 -0.602019630798027
 0.800733664708988 -0.599020532370731
 0.802104828736970 -0.597183258068104
 0.804339433896096 -0.594170072521083
 0.806275465944391 -0.591540254772366
 0.808203161726149 -0.588903769198208
 0.810122517368041 -0.586260613424839
 0.812033528949844 -0.583610784565589
 0.813936192954554 -0.580954278578484
 0.815725207223040 -0.578439613357287
 0.817821225296833 -0.575472365499845
 0.819594020644683 -0.572944710529282
 0.821463363519808 -0.570261293088286
 0.823324484912085 -0.567570958157877
 0.825177376614065 -0.564873700152812
 0.827022029985507 -0.562169513508737
 0.828858435697569 -0.559458393066883
 0.830697024378907 -0.556724755770775
 0.832496131083136 -0.554030858104141
 0.834318230475097 -0.551283130792974
 0.836121652602714 -0.548544056616155
 0.837916791333202 -0.545797994501511
 0.839704678464751 -0.543043325126467
 0.841486939770545 -0.540277456679069
 0.843263671078162 -0.537500121897457
 0.845304417072569 -0.534284982455623
 0.846531915022843 -0.532337972389494
 0.848560108091874 -0.529098991640607
 0.850314143048997 -0.526275458415885
 0.852062366903131 -0.523440276351977
 0.853804721272271 -0.520593409421575
 0.855541141543259 -0.517734830899813
 0.857268854362122 -0.514869023481365
 0.859137390875118 -0.511744998607993
 0.860519203696225 -0.509418001321129
 0.862352872258091 -0.506307736172598
 0.864013698621946 -0.503468299492256
 0.865657824263361 -0.500636126634530
 0.867285375246770 -0.497811287420312
 0.868896477982092 -0.494993849002507
 0.870491259926340 -0.492183874575198
 0.872201056580326 -0.489147541034567
 0.873497903923454 -0.486827907829176
 0.875163458579263 -0.483827366699717
 0.876674532597476 -0.481083946827367
 0.878162008060692 -0.478363342657873
 0.879626138046010 -0.475665699064228
 0.881067175886740 -0.472991153802018
 0.882485375261763 -0.470339837191266
 0.883860223492689 -0.467751114726040
 0.885274947352337 -0.465068024691354
 0.886605670869744 -0.462526090487457
 0.887935554694381 -0.459967880084666
 0.889244219684492 -0.457432746704604
 0.890531891701958 -0.454920817133852
 0.891798796630944 -0.452432211858971
 0.893045160035121 -0.449967045613171
 0.894187195546123 -0.447693264771048
 0.895560675482393 -0.444939407705723
 0.896663153077357 -0.442713439951141
 0.897827781082762 -0.440346767350465
 0.898969486656848 -0.438011257914592
 0.900088444588618 -0.435707231886323
 0.901184918269328 -0.433434819879420
 0.902259169160416 -0.431194146140640
 0.903235742845107 -0.429144722497024
 0.904417318512902 -0.426648935278095
 0.905351218318061 -0.424663598027901
 0.906343058020929 -0.422542614628714
 0.907322174091022 -0.420436050312935
 0.908288939781860 -0.418343401848225
 0.909243461809359 -0.416264732059938
 0.910185846878754 -0.414200101571217
 0.911048651075121 -0.412298866569146
 0.912101876061809 -0.409963617513223
 0.912979709548072 -0.408004963148143
 0.914060095177310 -0.405578774598039
 0.915292709360710 -0.402789344684204
 0.916674292664465 -0.399635135052091
 0.918201126626275 -0.396114492365831
 0.919869017035003 -0.392225689494018
 0.921709851793163 -0.387880070521065
 0.923568208193395 -0.383434172726482
 0.925655776673370 -0.378366730978319
 0.927824128695814 -0.373017943549439
 0.930103393270424 -0.367297805366221
 0.932486958358394 -0.361203644072857
 0.934968023090235 -0.354732005602451
 0.937544694001427 -0.347864839772246
 0.940331504661093 -0.340259696910763
 0.942850129234207 -0.333217097104935
 0.945791995256786 -0.324773000275867
 0.948681477277574 -0.316233228283239
 0.951625333055394 -0.307260842749625
 0.954616677065037 -0.297837203635321
 0.957643691112003 -0.287955831462706
 0.960693071245157 -0.277612721000942
 0.963802406443959 -0.266617556310220
 0.966759679656797 -0.255686764987723
 0.969852097448710 -0.243694294299924
 0.972857226581534 -0.231406172536702
 0.975807391141606 -0.218631963338880
 0.978685564021207 -0.205364473014425
 0.981477448615190 -0.191577707105541
 0.984164394255684 -0.177258131207971
 0.986786958366942 -0.162023142781887
 0.989078856351873 -0.147387299037846
 0.991355068143775 -0.131206436067940
 0.993356245647174 -0.115079838519839
 0.995124404730404 -0.098627679228292
 0.996648598897501 -0.081802019019384
 0.997937431348191 -0.064194104979940
 0.998960363566777 -0.045587191430637
 0.999661768129085 -0.026006717229063
-0.000000000000000 -1.000000000000000
-0.000000000000000 -1.000000000000000
-0.000000000000000 -1.000000000000000
-0.000000000000000 -1.000000000000000
-0.000000000000000 -1.000000000000000
-0.000000000000000 -1.000000000000000
-0.000000000000000 -1.000000000000000
-0.000000000000000 -1.000000000000000
-0.000000000000000 -1.000000000000000
-0.000000000000000 -1.000000000000000
-0.000000000000000 -1.000000000000000
-0.000000000000000 -1.000000000000000
-0.000000000000000 -1.000000000000000
-0.000000000000000 -1.000000000000000
-0.000000000000000 -1.000000000000000
-0.000000000000000 -1.000000000000000
-0.000000000000000 -1.000000000000000
-0.000000000000000 -1.000000000000000
-0.000000000000000 -1.000000000000000
-0.000000000000000 -1.000000000000000
-0.000000000000000 -1.000000000000000
-0.000000000000000 -1.000000000000000
-0.000000000000000 -1.000000000000000
-0.000000000000000 -1.000000000000000
-0.000000000000000 -1.000000000000000
-0.000000000000000 -1.000000000000000
-0.000000000000000 -1.000000000000000
-0.000000000000000 -1.000000000000000
-0.000000000000000 -1.000000000000000
-0.000000000000000 -1.000000000000000
-0.000000000000000 -1.000000000000000
-0.000000000000000 -1.000000000000000
-0.000000000000000 -1.000000000000000
-0.000000000000000 -1.000000000000000
-0.000000000000000 -1.000000000000000
-0.000000000000000 -1.000000000000000
-0.000000000000000 -1.000000000000000
-0.000000000000000 -1.000000000000000
-0.000000000000000 -1.000000000000000
-0.000000000000000 -1.000000000000000
-0.000000000000000 -1.000000000000000
-0.000000000000000 -1.000000000000000
-0.000000000000000 -1.000000000000000
-0.000000000000000 -1.000000000000000
-0.000000000000000 -1.000000000000000
-0.000000000000000 -1.000000000000000
-0.000000000000000 -1.000000000000000
-0.000000000000000 -1.000000000000000
-0.000000000000000 -1.000000000000000
-0.000000000000000 -1.000000000000000
-0.000000000000000 -1.000000000000000
-0.000000000000000 -1.000000000000000
-0.000000000000000 -1.000000000000000
-0.000000000000000 -1.000000000000000
-0.000000000000000 -1.000000000000000
-0.000000000000000 -1.000000000000000
-0.000000000000000 -1.000000000000000
-0.000000000000000 -1.000000000000000
-0.000000000000000 -1.000000000000000
-0.000000000000000 -1.000000000000000
-0.000000000000000 -1.000000000000000
-0.000000000000000 -1.000000000000000
-0.000000000000000 -1.000000000000000
-0.000000000000000 -1.000000000000000
-0.000000000000000 -1.000000000000000
-0.000000000000000 -1.000000000000000
-0.000000000000000 -1.000000000000000
-0.000000000000000 -1.000000000000000
-0.000000000000000 -1.000000000000000
-0.000000000000000 -1.000000000000000
-0.000000000000000 -1.000000000000000
-0.000000000000000 -1.000000000000000
-0.000000000000000 -1.000000000000000
-0.000000000000000 -1.000000000000000
-0.000000000000000 -1.000000000000000
-0.000000000000000 -1.000000000000000
-0.000000000000000 -1.000000000000000
-0.000000000000000 -1.000000000000000
-0.000000000000000 -1.000000000000000
-0.000000000000000 -1.000000000000000
-0.000000000000000 -1.000000000000000
-0.000000000000000 -1.000000000000000
-0.000000000000000 -1.000000000000000
-0.000000000000000 -1.000000000000000
-0.000000000000000 -1.000000000000000
-0.000000000000000 -1.000000000000000
-0.000000000000000 -1.000000000000000
-0.000000000000000 -1.000000000000000
-0.000000000000000 -1.000000000000000
-0.000000000000000 -1.000000000000000
-0.000000000000000 -1.000000000000000
-0.000000000000000 -1.000000000000000
-0.000000000000000 -1.000000000000000
-0.000000000000000 -1.000000000000000
-0.000000000000000 -1.000000000000000
-0.000000000000000 -1.000000000000000
-0.000000000000000 -1.000000000000000
-0.000000000000000 -1.000000000000000
-0.000000000000000 -1.000000000000000
-0.000000000000000 -1.000000000000000
-0.000000000000000 -1.000000000000000
-0.000000000000000 -1.000000000000000
-0.000000000000000 -1.000000000000000
-0.000000000000000 -1.000000000000000
-0.000000000000000 -1.000000000000000
-0.000000000000000 -1.000000000000000
-0.000000000000000 -1.000000000000000
-0.000000000000000 -1.000000000000000
-0.000000000000000 -1.000000000000000
-0.000000000000000 -1.000000000000000
-0.000000000000000 -1.000000000000000
-0.000000000000000 -1.000000000000000
-0.000000000000000 -1.000000000000000
-0.000000000000000 -1.000000000000000
-0.000000000000000 -1.000000000000000
-0.000000000000000 -1.000000000000000
-0.000000000000000 -1.000000000000000
-0.000000000000000 -1.000000000000000
-0.000000000000000 -1.000000000000000
-0.000000000000000 -1.000000000000000
-0.000000000000000 -1.000000000000000
-0.000000000000000 -1.000000000000000
-0.000000000000000 -1.000000000000000
-0.000000000000000 -1.000000000000000
-0.000000000000000 -1.000000000000000
-0.000000000000000 -1.000000000000000
-0.000000000000000 -1.000000000000000
-0.000000000000000 -1.000000000000000
-0.000000000000000 -1.000000000000000
-0.000000000000000 -1.000000000000000
-0.000000000000000 -1.000000000000000
-0.000000000000000 -1.000000000000000
-0.000000000000000 -1.000000000000000
-0.000000000000000 -1.000000000000000
-0.000000000000000 -1.000000000000000
-0.000000000000000 -1.000000000000000
-1.000000000000000  0.000000000000000
-1.000000000000000  0.000000000000000
-1.000000000000000  0.000000000000000
-1.000000000000000  0.000000000000000
-1.000000000000000  0.000000000000000
-1.000000000000000  0.000000000000000
-1.000000000000000  0.000000000000000
-1.000000000000000  0.000000000000000
-1.000000000000000  0.000000000000000
-1.000000000000000  0.000000000000000
-1.000000000000000  0.000000000000000
-1.000000000000000  0.000000000000000
-1.000000000000000  0.000000000000000
-1.000000000000000  0.000000000000000
-1.000000000000000  0.000000000000000
-1.000000000000000  0.000000000000000
-1.000000000000000  0.000000000000000
-1.000000000000000  0.000000000000000
-1.000000000000000  0.000000000000000
-1.000000000000000  0.000000000000000
-1.000000000000000  0.000000000000000
-1.000000000000000  0.000000000000000
-1.000000000000000  0.000000000000000
-1.000000000000000  0.000000000000000
-1.000000000000000  0.000000000000000
-1.000000000000000  0.000000000000000
-1.000000000000000  0.000000000000000
-1.000000000000000  0.000000000000000
-1.000000000000000  0.000000000000000
-1.000000000000000  0.000000000000000
-1.000000000000000  0.000000000000000
-1.000000000000000  0.000000000000000
-1.000000000000000  0.000000000000000
-1.000000000000000  0.000000000000000
-1.000000000000000  0.000000000000000
-1.000000000000000  0.000000000000000
-1.000000000000000  0.000000000000000
-1.000000000000000  0.000000000000000
-1.000000000000000  0.000000000000000
-1.000000000000000  0.000000000000000
-1.000000000000000  0.000000000000000
-1.000000000000000  0.000000000000000
-1.000000000000000  0.000000000000000
-1.000000000000000  0.000000000000000
-1.000000000000000  0.000000000000000
-1.000000000000000  0.000000000000000
-1.000000000000000  0.000000000000000
-1.000000000000000  0.000000000000000
-1.000000000000000  0.000000000000000
-1.000000000000000  0.000000000000000
-1.000000000000000  0.000000000000000
-1.000000000000000  0.000000000000000
-1.000000000000000  0.000000000000000
-1.000000000000000  0.000000000000000
-1.000000000000000  0.000000000000000
-1.000000000000000  0.000000000000000
-1.000000000000000  0.000000000000000
-1.000000000000000  0.000000000000000
-1.000000000000000  0.000000000000000
-1.000000000000000  0.000000000000000
-1.000000000000000  0.000000000000000
-1.000000000000000  0.000000000000000
-1.000000000000000  0.000000000000000
-1.000000000000000  0.000000000000000
-1.000000000000000  0.000000000000000
-1.000000000000000  0.000000000000000
-1.000000000000000  0.000000000000000
-1.000000000000000  0.000000000000000
-1.000000000000000  0.000000000000000
-1.000000000000000  0.000000000000000
-1.000000000000000  0.000000000000000
-1.000000000000000  0.000000000000000
-1.000000000000000  0.000000000000000
-1.000000000000000  0.000000000000000
-1.000000000000000  0.000000000000000
-1.000000000000000  0.000000000000000
-1.000000000000000  0.000000000000000
-1.000000000000000  0.000000000000000
-1.000000000000000  0.000000000000000
-1.000000000000000  0.000000000000000
-1.000000000000000  0.000000000000000
-1.000000000000000  0.000000000000000
-1.000000000000000  0.000000000000000
-1.000000000000000  0.000000000000000
-1.000000000000000  0.000000000000000
-1.000000000000000  0.000000000000000
-1.000000000000000  0.000000000000000
-1.000000000000000  0.000000000000000
-1.000000000000000  0.000000000000000
-1.000000000000000  0.000000000000000
-1.000000000000000  0.000000000000000
-1.000000000000000  0.000000000000000
-1.000000000000000  0.000000000000000
-1.000000000000000  0.000000000000000
-1.000000000000000  0.000000000000000
-1.000000000000000  0.000000000000000
-1.000000000000000  0.000000000000000
-1.000000000000000  0.000000000000000
-1.000000000000000  0.000000000000000
-1.000000000000000  0.000000000000000
-1.000000000000000  0.000000000000000
-1.000000000000000  0.000000000000000
-1.000000000000000  0.000000000000000
-1.000000000000000  0.000000000000000
-1.000000000000000  0.000000000000000
-1.000000000000000  0.000000000000000
-1.000000000000000  0.000000000000000
-1.000000000000000  0.000000000000000
-1.000000000000000  0.000000000000000
-1.000000000000000  0.000000000000000
-1.000000000000000  0.000000000000000
-1.000000000000000  0.000000000000000
-0.000000000000000  1.000000000000000
-0.000000000000000  1.000000000000000
-0.000000000000000  1.000000000000000
-0.000000000000000  1.000000000000000
-0.000000000000000  1.000000000000000
-0.000000000000000  1.000000000000000
-0.000000000000000  1.000000000000000
-0.000000000000000  1.000000000000000
-0.000000000000000  1.000000000000000
-0.000000000000000  1.000000000000000
-0.000000000000000  1.000000000000000
-0.000000000000000  1.000000000000000
-0.000000000000000  1.000000000000000
-0.000000000000000  1.000000000000000
-0.000000000000000  1.000000000000000
-0.000000000000000  1.000000000000000
-0.000000000000000  1.000000000000000
-0.000000000000000  1.000000000000000
-0.000000000000000  1.000000000000000
-0.000000000000000  1.000000000000000
-0.000000000000000  1.000000000000000
-0.000000000000000  1.000000000000000
-0.000000000000000  1.000000000000000
-0.000000000000000  1.000000000000000
-0.000000000000000  1.000000000000000
-0.000000000000000  1.000000000000000
-0.000000000000000  1.000000000000000
-0.000000000000000  1.000000000000000
-0.000000000000000  1.000000000000000
-0.000000000000000  1.000000000000000
-0.000000000000000  1.000000000000000
-0.000000000000000  1.000000000000000
-0.000000000000000  1.000000000000000
-0.000000000000000  1.000000000000000
-0.000000000000000  1.000000000000000
-0.000000000000000  1.000000000000000
-0.000000000000000  1.000000000000000
-0.000000000000000  1.000000000000000
-0.000000000000000  1.000000000000000
-0.000000000000000  1.000000000000000
-0.000000000000000  1.000000000000000
-0.000000000000000  1.000000000000000
-0.000000000000000  1.000000000000000
-0.000000000000000  1.000000000000000
-0.000000000000000  1.000000000000000
-0.000000000000000  1.000000000000000
-0.000000000000000  1.000000000000000
-0.000000000000000  1.000000000000000
-0.000000000000000  1.000000000000000
-0.000000000000000  1.000000000000000
-0.000000000000000  1.000000000000000
-0.000000000000000  1.000000000000000
-0.000000000000000  1.000000000000000
-0.000000000000000  1.000000000000000
-0.000000000000000  1.000000000000000
-0.000000000000000  1.000000000000000
-0.000000000000000  1.000000000000000
-0.000000000000000  1.000000000000000
-0.000000000000000  1.000000000000000
-0.000000000000000  1.000000000000000
-0.000000000000000  1.000000000000000
-0.000000000000000  1.000000000000000
-0.000000000000000  1.000000000000000
-0.000000000000000  1.000000000000000
-0.000000000000000  1.000000000000000
-0.000000000000000  1.000000000000000
-0.000000000000000  1.000000000000000
-0.000000000000000  1.000000000000000
-0.000000000000000  1.000000000000000
-0.000000000000000  1.000000000000000
-0.000000000000000  1.000000000000000
-0.000000000000000  1.000000000000000
-0.000000000000000  1.000000000000000
-0.000000000000000  1.000000000000000
-0.000000000000000  1.000000000000000
-0.000000000000000  1.000000000000000
-0.000000000000000  1.000000000000000
-0.000000000000000  1.000000000000000
-0.000000000000000  1.000000000000000
-0.000000000000000  1.000000000000000
-0.000000000000000  1.000000000000000
-0.000000000000000  1.000000000000000
-0.000000000000000  1.000000000000000
-0.000000000000000  1.000000000000000
-0.000000000000000  1.000000000000000
-0.000000000000000  1.000000000000000
-0.000000000000000  1.000000000000000
-0.000000000000000  1.000000000000000
-0.000000000000000  1.000000000000000
-0.000000000000000  1.000000000000000
-0.000000000000000  1.000000000000000
-0.000000000000000  1.000000000000000
-0.000000000000000  1.000000000000000
-0.000000000000000  1.000000000000000
-0.000000000000000  1.000000000000000
-0.000000000000000  1.000000000000000
-0.000000000000000  1.000000000000000
-0.000000000000000  1.000000000000000
-0.000000000000000  1.000000000000000
-0.000000000000000  1.000000000000000
-0.000000000000000  1.000000000000000
-0.000000000000000  1.000000000000000
-0.000000000000000  1.000000000000000
-0.000000000000000  1.000000000000000
-0.000000000000000  1.000000000000000
-0.000000000000000  1.000000000000000
-0.000000000000000  1.000000000000000
-0.000000000000000  1.000000000000000
-0.000000000000000  1.000000000000000
-0.000000000000000  1.000000000000000
-0.000000000000000  1.000000000000000
-0.000000000000000  1.000000000000000
-0.000000000000000  1.000000000000000
-0.000000000000000  1.000000000000000
-0.000000000000000  1.000000000000000
-0.000000000000000  1.000000000000000
-0.000000000000000  1.000000000000000
-0.000000000000000  1.000000000000000
-0.000000000000000  1.000000000000000
-0.000000000000000  1.000000000000000
-0.000000000000000  1.000000000000000
-0.000000000000000  1.000000000000000
-0.000000000000000  1.000000000000000
-0.000000000000000  1.000000000000000
-0.000000000000000  1.000000000000000
-0.000000000000000  1.000000000000000
-0.000000000000000  1.000000000000000
-0.000000000000000  1.000000000000000
-0.000000000000000  1.000000000000000
-0.000000000000000  1.000000000000000
-0.000000000000000  1.000000000000000
-0.000000000000000  1.000000000000000
-0.000000000000000  1.000000000000000
-0.000000000000000  1.000000000000000
-0.000000000000000  1.000000000000000
-0.000000000000000  1.000000000000000
 0.999987658128631 -0.004968258288042
0.999817306194190 0.019114241669308
0.998901300231017 0.046863550834134
0.996936789255353 0.078211496784217
0.993679149622542 0.112257505786570
0.989011662050383 0.147837520029043
0.982765810142809 0.184854976709711
0.974554288898758 0.224151595999307
0.965907671189800 0.258886791352317
0.955223156676581 0.295886331128741
0.943880746231277 0.330286446730543
0.931474694770518 0.363806120072451
0.917886231984338 0.396843628062230
0.903111272942478 0.429406600652828
0.887147871877410 0.461485268912651
0.870090408210857 0.492892160152161
0.851526065190636 0.524312273650878
0.832098164308957 0.554628384554617
0.811539185279461 0.584297998247426
0.790004779732511 0.613100683411613
0.767507741599422 0.641039676295434
0.744079364673081 0.668091235586656
0.719735746723315 0.694248121991433
0.694029481891371 0.719946580147163
0.668831677762281 0.743413873170048
0.641406665478047 0.767201074999463
0.613617600289033 0.789603343847738
0.585070428684222 0.810982486542873
0.555841493665680 0.831288297715964
0.525937655535066 0.850523122842806
0.495390970268589 0.868670125292879
0.463997844948230 0.885836327931632
0.432625189795634 0.901573871157706
0.399807569841913 0.916599098350584
0.366752745169651 0.930318452956043
0.333219243532726 0.942849370652321
0.299242569191864 0.954177072027751
0.264926101922532 0.964268718003510
0.230288330800289 0.973122440753072
0.194420020541913 0.980918373572685
0.161186981337455 0.986923886146910
0.124998871991655 0.992156883764263
0.089602829996067 0.995977576482872
0.053960806451997 0.998543054338194
0.018021988050659 0.999837590784974
-0.018200286335473  0.999834361070526
-0.054422560137809  0.998517994303581
-0.090288902302719  0.995915615964008
-0.125966280849227  0.992034523637667
-0.160731634941253  0.986998146669543
-0.195002876544634  0.980802670336556
-0.228653797253557  0.973507802229407
-0.261607878146971  0.965174242347691
-0.293228890720105  0.956042267709465
-0.323242876342197  0.946316037533985
-0.351926939480261  0.936027472496431
-0.378102416312459  0.925763772664863
-0.402824380490193  0.915277290487802
-0.425222148159547  0.905089014801627
-0.445599485511129  0.895232427089310
-0.464040480003194  0.885813994537457
-0.480614846621602  0.876931792790576
-0.495375472131021  0.868678963490522
-0.507527354517812  0.861635644815227
-0.520640479148162  0.853776019499478
-0.529740277431891  0.848159913263049
-0.538137132660535  0.842857298984767
-0.545025167578235  0.838419684111911
-0.550368526893457  0.834921843411182
-0.554097847517287  0.832451545362677
-0.556220269983460  0.831034903755267
-0.556826769799126  0.830628646529284
-0.555654989506947  0.831412973579337
-0.553804581565469  0.832646675029148
-0.551264737191652  0.834330383918157
-0.548117587256175  0.836401285592310
-0.544358529676470  0.838852663564032
-0.540026626647651  0.841647932636657
-0.535588270547430  0.844479250456761
-0.530807091105612  0.847492673733525
-0.527771001722992  0.849386702121189
-0.523355083787049  0.852114696666036
-0.519647790310657  0.854380579147988
-0.516088797474880  0.856535085750100
-0.512586543811407  0.858635565943711
-0.509128495126292  0.860690522458820
-0.505715045281750  0.862700581300185
-0.502932571959143  0.864325649314285
-0.498436276768869  0.866926339431896
-0.495757676707203  0.868460894908847
-0.492571351750049  0.870272062883286
-0.489468888483841  0.872020760765702
-0.486450841751915  0.873707948091840
-0.483517728336754  0.875334568256084
-0.480670029797309  0.876901546614359
-0.477382440776864  0.878695627187210
-0.475772653395143  0.879568293130980
-0.472685591808125  0.881231145215035
-0.470230408964311  0.882543688711928
-0.467880208184297  0.883791893371635
-0.465635451722916  0.884976624605868
-0.463496566494305  0.886098715069597
-0.461460420568436  0.887160797290323
-0.459017440857075  0.888427255879186
-0.457985699196275  0.888959560009171
-0.455586674436368  0.890191430017168
-0.453672806584597  0.891168325607264
-0.451781005401998  0.892128871384600
-0.449911353459291  0.893073218738771
-0.448063900919934  0.894001532824419
-0.446209396697427  0.894928586144681
-0.444351883083793  0.895852333813942
-0.442121243537216  0.896955297667117
-0.440049013032092  0.897973755813321
-0.437780236548906  0.899082012103003
-0.435403226324527  0.900235541681283
-0.432917582394438  0.901433506618072
-0.430322921596838  0.902675015245444
-0.427625456775754  0.903956010388408
-0.424827143741804  0.905274487622500
-0.421987132914957  0.906601819794233
-0.419019414951123  0.907977273886312
-0.415980823726505  0.909373385519841
-0.412856708159289  0.910795991717067
-0.409646700426862  0.912244255026791
-0.406350441209633  0.913717307994511
-0.402965446355986  0.915215192751476
-0.400627315879700  0.916241100241103
-0.394728534162884  0.918797792943377
-0.392175893328461  0.919890248177479
-0.388360526851566  0.921507515532876
-0.384434558926938  0.923152246329201
-0.380397428920990  0.924823116098587
-0.376248603072279  0.926518747077553
-0.371987739207116  0.928237642998590
-0.367679734168340  0.929952478937445
-0.363192267271687  0.931714214227760
-0.358793469716394  0.933416973323750
-0.354307752766730  0.935128876855693
-0.349778793101170  0.936832320053428
-0.345206372772731  0.938526803131959
-0.340590290951277  0.940211813215365
-0.335930362585162  0.941886825204282
-0.330868466999960  0.943676881959655
-0.326862220435844  0.945072001940460
-0.321791099754561  0.946810692862491
-0.317093300460491  0.948394347728345
-0.312409914121433  0.949947390942592
-0.307741055792256  0.951470148023503
-0.303086828799326  0.952962944824387
-0.298447322355319  0.954426108076964
-0.293736510305544  0.955886427622822
-0.289299190104128  0.957238726026635
-0.284614176942597  0.958642149231551
-0.280019035641682  0.959994447733060
-0.275426878460326  0.961322024413048
-0.270837746287767  0.962625012757181
-0.266251681131652  0.963903544082378
-0.261668719671131  0.965157749357933
-0.256002918903931  0.966676008553366
-0.253599137398341  0.967309401128107
-0.247938605400181  0.968775746988029
-0.243368420360116  0.969933921445900
-0.238802118844163  0.971068250966706
-0.234239874082522  0.972178832000473
-0.229681730767542  0.973265792346380
-0.225127722839951  0.974329260778356
-0.221621376388672  0.975132793791487
-0.214987584325273  0.976616781847406
-0.211491512248099  0.977379834172474
-0.206954774384261  0.978350510481576
-0.202420886637397  0.979298618733290
-0.197864352342958  0.980229410940063
-0.193263097882022  0.981146969111684
-0.188616268418212  0.982050865937192
-0.184191748853607  0.982890329413333
-0.178916762326376  0.983864214289069
-0.174399906190121  0.984674907124619
-0.169568769414802  0.985518357230929
-0.164691499003898  0.986345127303749
-0.159768026434666  0.987154586541121
-0.154800098431008  0.987945813051379
-0.149794250653788  0.988717190338607
-0.145315397647038  0.989385382551553
-0.139108940588349  0.990277083774227
-0.134557166358974  0.990905832549917
-0.129404618386462  0.991591874079379
-0.124215196497072  0.992255302308430
-0.118988844524912  0.992895591126593
-0.113725519805192  0.993512207345757
-0.108425298206264  0.994104599480800
-0.103876751446557  0.994590177162891
-0.096936876725826  0.995290531418159
-0.092324859163271  0.995728939210106
-0.086893728153900  0.996217586678491
-0.081430239494169  0.996679043672496
-0.075934331690028  0.997112820733336
-0.070405967486107  0.997518420753394
-0.064845134759251  0.997895339451014
-0.058486559297541  0.998288196054393
-0.054396293169790  0.998519425594408
-0.048004366343284  0.998847125846583
-0.042378837671361  0.999101613509669
-0.036754220015276  0.999324335394205
-0.031130505924056  0.999515328347151
-0.025507688654939  0.999674625975614
-0.019885753822921  0.999802258846665
-0.014007386733416  0.999901891745835
-0.008901751448283  0.999960378625650
-0.003025150124507  0.999995424222893
0.002587972558199 0.999996651193412
0.008188595706612 0.999966472888143
0.013776321512390 0.999905101979977
0.019351141252801 0.999812749134664
0.024913056293955 0.999689621645686
0.031277531415502 0.999510738325783
0.035182705238946 0.999380896981761
0.041521012622312 0.999137630915190
0.047031069867238 0.998893426981649
0.052528842777067 0.998619407320177
0.058017444038938 0.998315569440439
0.063497931491965 0.997981970125834
0.068970311023981 0.997618712834345
0.074115093673104 0.997249694354341
0.080210179929361 0.996777972788173
0.085339149405539 0.996351960693981
0.090779362400097 0.995871029482348
0.096211496337654 0.995360913424105
0.101635600747001 0.994821694908588
0.107053616278529 0.994253249047590
0.112468218906415 0.993655322401092
0.117308162785300 0.993095561838808
0.123858888900237 0.992299841600511
0.128693149197994 0.991684462593572
0.134095198424598 0.990968454472425
0.139494040507351 0.990222910592829
0.144889678434715 0.989447816250602
0.150282109885746 0.988643154757210
0.155670573995765 0.987809026275742
0.161598250984434 0.986856628532621
0.165873779293846 0.986146991752638
0.171781015280088 0.985135159655436
0.177131285583718 0.984187232018105
0.182471714305828 0.983211103211458
0.187802320328382 0.982206846076363
0.193123118187331 0.981174531478270
0.198434128574745 0.980114226310781
0.204625439963855 0.978840349249865
0.208144275393709 0.978098134453199
0.214335239027769 0.976760157516117
0.219641762151698 0.975580594476385
0.224952914235935 0.974369635393448
0.230268645815237 0.973127098972389
0.235588908370123 0.971852800712625
0.240913652214354 0.970546553327939
0.245069397204357 0.969505539207432
0.252747595222376 0.967532249131421
0.256916622775305 0.966433571923974
0.262276319154732 0.964992814693791
0.267658229216346 0.963513919117295
0.273062243586456 0.961996367523044
0.278488233947496 0.960439640765001
0.283936040964051 0.958843222138876
0.289080788304807 0.957304704800447
0.295220467182805 0.955429157895219
0.300408412176909 0.953810665642479
0.305941763387308 0.952050228409964
0.311498515587008 0.950246638924385
0.317079955918588 0.948398809338490
0.322685942384121 0.946506092208429
0.328316280058287 0.944567848409361
0.333273301749844 0.942830263801898
0.340345464161233 0.940300465290151
0.345353476521046 0.938472682742991
0.351080496972858 0.936345280676573
0.356830716976773 0.934169063618488
0.362605376027959 0.931942777897668
0.368405637497467 0.929665147383769
0.374231297138089 0.927335395767003
0.380112823758158 0.924940128448647
0.385927061191676 0.922529296792225
0.391857858171014 0.920025770829071
0.397782159274753 0.917479892838375
0.403730238953916 0.914878076114087
0.409702072402504 0.912219388014250
0.415704100627588 0.909499917933701
0.421741922595959 0.906715915116231
0.427792348876865 0.903877041550683
0.433946568612986 0.900938608113236
0.440066443318746 0.897965213950289
0.446243288102278 0.894911687164531
0.452453605110071 0.891787942967889
0.458696762147495 0.888592865375029
0.464970089929532 0.885326389232199
0.471252709506206 0.881998233435340
0.477210508172154 0.878789013865145
0.484129774948187 0.874996206282415
0.490082494566822 0.871676057098714
0.496352294103088 0.868121189776290
0.502618286065625 0.864508449069443
0.508880203822342 0.860837347097425
0.515137763932358 0.857107393604075
0.521380214105052 0.853324482444849
0.526686100549263 0.850059851709402
0.534505791265435 0.845164811799279
0.539645715959383 0.841892214744076
0.545565512324559 0.838068178468817
0.551402383176807 0.834239421165733
0.557157117268439 0.830407096957344
0.562830543911755 0.826572307085108
0.568423522819899 0.822736105142479
0.574151678883782 0.818748953974864
0.579164048794832 0.815211018438525
0.584741929412840 0.811219375993047
0.590033626904634 0.807378671455819
0.595252671491694 0.803538584687755
0.600399723633973 0.799700051181847
0.605475468963971 0.795863968579342
0.610480624948690 0.792031190397358
0.616082283380307 0.787681801303614
0.619617388459881 0.784904001721329
0.625071713326861 0.780567327780649
0.629787937296321 0.776767116989414
0.634430276025723 0.772980093444796
0.638999429841394 0.769207207885089
0.643496131964740 0.765449363541716
0.647921147077979 0.761707415724145
0.651759081449529 0.758426067423890
0.657072830971970 0.753827098742465
0.660775089853211 0.750583959746996
0.664921701162061 0.746913068116866
0.669000009734355 0.743262394431087
0.673010657408910 0.739632783896189
0.676954309929998 0.736025041875071
0.680831649559407 0.732439939488704
0.684484527085007 0.729027387812841
0.688547515552634 0.725191229143249
0.692070572135123 0.721829843650541
0.695688264334704 0.718343816613582
0.699243248641482 0.714883822190226
0.702736350747516 0.711450364634150
0.706168219497443 0.708044098747960
0.709539461480120 0.704665702728961
0.712032128553281 0.702146884852368
0.716916205176370 0.697159346746146
0.719295635875373 0.694704101190314
0.722430605131518 0.691443432805105
0.725508049193935 0.688213680883206
0.728528589636833 0.685015396966935
0.731492907045326 0.681849049968083
0.734402584470879 0.678714110596275
0.736477510821697 0.676462028538097
0.740839965974122 0.671681579928661
0.742815293095066 0.669496408014330
0.745515845747226 0.666487902170624
0.748165286412387 0.663512399437623
0.750764134502564 0.660570370471319
0.753312914455113 0.657662263563254
0.755812151339041 0.654788509282387
0.758122958316032 0.652111631604703
0.760802995767593 0.648982897795508
0.763018800743118 0.646376291112641
0.765327511070571 0.643641049653085
0.767590943257817 0.640940046984564
0.769809520411779 0.638273689167419
0.771983670312652 0.635642362315955
0.774113822415429 0.633046435852357
0.775622107302803 0.631197549633361
0.778819025317844 0.627248695337793
0.780243647387804 0.625475699536741
0.782201496636989 0.623025536120997
0.784117488116712 0.620612411114648
0.785992030548203 0.618236627768618
0.787825754859182 0.615898189622733
0.789621286640584 0.613594510800144
0.789832255268547 0.613322923538165
0.794640234263312 0.607080635574837
0.794790014589083 0.606884529963885
0.796441386339893 0.604715733320202
0.798057477557929 0.602581332696156
0.799638596392628 0.600481569375137
0.801185049765622 0.598416674259716
0.802697140316963 0.596386871860012
0.804157686763597 0.594416028400161
0.805637007816746 0.592409496578238
0.807030680736735 0.590509509110227
0.808408579364816 0.588621753598489
0.809753502702694 0.586770197658945
0.811064517489426 0.584956706491723
0.812340845462754 0.583182947961322
0.813582720908612 0.581449186291407
0.813093148604245 0.582133602957977
0.817649726225152 0.575716010897677
0.817104093642205 0.576490156163269
0.818210672033710 0.574918512634743
0.819284084348718 0.573387817391408
0.820324570950698 0.571898241206032
0.821332367528078 0.570449947016144
0.822307703555244 0.569043092106126
0.823390336290866 0.567475421584772
0.824022642514096 0.566556867952447
0.825041192913124 0.565072588254367
0.825888890474485 0.563832901302171
0.826705199160407 0.562635329215249
0.827494517709654 0.561473795613355
0.828267817541533 0.560332421358060
0.829026898514213 0.559208728061272
0.828444284559211 0.560071484170706
0.831823136658816 0.555040781672022
0.831219383313135 0.555944544720542
0.831922208468415 0.554892276984493
0.832611180083595 0.553857944602950
0.833286366931508 0.552841596378283
0.833947837265802 0.551843279128859
0.834595658004854 0.550863038912074
0.834452224962123 0.551080288393408
0.836625232219758 0.547775703014689
0.836457976238232 0.548031070275619
0.837051913311493 0.547123472738621
0.837632519403297 0.546234164473521
0.838199855285255 0.545363184125751
0.838753980808258 0.544510568931679
0.839294954555165 0.543676355250294
0.839429632556675 0.543468390972065
0.840737835653298 0.541442417714948
0.840861517696327 0.541250319221550
0.841373217477517 0.540454539171918
0.841880082738731 0.539664642428822
0.842382130665224 0.538880641641465
0.842879378688365 0.538102548759915
0.843371844095217 0.537330375641870
0.842456362817294 0.538764583792083
0.845737988401614 0.533598402334931
0.844820686714622 0.535049537238408
0.845294175837368 0.534301185002827
0.845762968637016 0.533558807332709
0.846227081810977 0.532822415078119
0.846686532038215 0.532092018794776
0.847141335656643 0.531367629256694
0.847291919538785 0.531127482893025
0.848335982429022 0.529458271175535
0.848478062480332 0.529230552301756
0.848914464160681 0.528530256975685
0.849346300244173 0.527836018344273
0.849773586602212 0.527147845972279
0.850196337404098 0.526465751843990
0.850614079304048 0.525790536325757
0.850686571006527 0.525673242527291
0.851769256678267 0.523917105444891
0.851829925299194 0.523818459358555
0.852222649251380 0.523179277210937
0.852609130986198 0.522549203194263
0.852989391176200 0.521928250376291
0.853363450381120 0.521316431309842
0.853731328869136 0.520713758323456
0.853121793576026 0.521711802938772
0.855415922088899 0.517941695789013
0.854798009006636 0.518960849966826
0.855141318315744 0.518394951469641
0.855478546068947 0.517838253913092
0.855809710778759 0.517290768269430
0.856134830768694 0.516752505116966
0.856453923993218 0.516223474937569
0.855992380320650 0.516988437813639
0.857845836342477 0.513907113270361
0.857375361061236 0.514691645789122
0.857670612247547 0.514199495222348
0.857959918776717 0.513716631785120
0.858243296909988 0.513243064550389
0.858520762598849 0.512778802396015
0.858792331438534 0.512323854082910
0.859301916359474 0.511468685787250
0.859073060659915 0.511852983236795
0.859569441597918 0.511018957643495
0.859815081418414 0.510605548114634
0.860054021695188 0.510202978985749
0.860286277138365 0.509811260534144
0.860511862128479 0.509430402642184
0.860730790706064 0.509060414813914
0.860597192670953 0.509286237755228
0.861493941103078 0.507767849949843
0.861347822176066 0.508015678136558
0.861540288377784 0.507689207588584
0.861726160597309 0.507373653378080
0.861905450644278 0.507069023062624
0.862078169963993 0.506775323858151
0.862244329619475 0.506492562669051
0.862255266114353 0.506473944105782
0.862705532983241 0.505706598098247
0.862703562924158 0.505709958887468
0.862843591366883 0.505471004942024
0.862977109325474 0.505243019526493
0.863104125567105 0.505026007675885
0.863224648470535 0.504819974122381
0.863338686024576 0.504624923297848
0.863533467366418 0.504291533478534
0.863460096599209 0.504417150363550
0.863641939407429 0.504105743367972
0.863730549007149 0.503953905344338
0.863815685463280 0.503807960980772
0.863898225655319 0.503666413124393
0.863978173246498 0.503529260474150
0.864055530944384 0.503396503210361
0.863961192070707 0.503558396410746
0.864371452088957 0.502853848363147
0.864272093876220 0.503024599544411
0.864339119157773 0.502909422355124
0.864403566235381 0.502798642280939
0.864465437152702 0.502692259706062
0.864524733844338 0.502590275046559
0.864581458134385 0.502492688753000
0.864366226257595 0.502862831103278
0.864956244468415 0.501847282701716
0.864736225262199 0.502226304288498
0.864782682977356 0.502146304599054
0.864826574888580 0.502070707536785
0.864867902157370 0.501999513762623
0.864906665834854 0.501932723972482
0.864942866860787 0.501870338899045
0.864920288617853 0.501909249105064
0.865063790073709 0.501661877267258
0.865036096565809 0.501709628807528
0.865062051503644 0.501664875238747
0.865085447483579 0.501624529456181
0.865106284779950 0.501588592408393
0.865125174640760 0.501556011032461
0.865145593231294 0.501520789711127
0.865208793864316 0.501411749981844
0.865154669049520 0.501505133195878
0.865223383162434 0.501386574639720
0.865254822131504 0.501332317707705
0.865289013187311 0.501273302358434
0.865325954454287 0.501209529585958
0.865365643801220 0.501141000646026
0.865408078841959 0.501067717055358
0.865675411179924 0.500605715587097
0.865278900875136 0.501290757645019
0.865551834728751 0.500819350063167
0.865605226811215 0.500727062696939
0.865661349141956 0.500630031661834
0.865720197813916 0.500528260038366
0.865781768667518 0.500421751168896
0.865846057293082 0.500310508654400
0.866147723166679 0.499788076741710
0.865747960967257 0.500480237453025
0.866055177952149 0.499948426082402
0.866130285658863 0.499818295247879
0.866208085152708 0.499683453014085
0.866288570536131 0.499543904535394
0.866371735666573 0.499399655224240
0.866457574159149 0.499250710747860
0.866614436422948 0.498978374865421
0.866568620909789 0.499057937773268
0.866729265570176 0.498778889092334
0.866822737851705 0.498616426868664
0.866917397265915 0.498451829485750
0.867013251325800 0.498285081078559
0.867110307814546 0.498116165248392
0.867208574784417 0.497945065062783
0.866852531231660 0.498564628806802
0.867863410666112 0.496802878843292
0.867510725694998 0.497418476540767
0.867613922342710 0.497238455629790
0.867718373922936 0.497056157346969
0.867824090161138 0.496871561407968
0.867931081083811 0.496684646922660
0.868039357008982 0.496495392409066
0.867409445706323 0.497595069810231
0.868997075732430 0.494817221172106
0.868372003189982 0.495913363477752
0.868485528948887 0.495714520673313
0.868600395981466 0.495513220914277
0.868716616492678 0.495309438865759
0.868834203024062 0.495103148500940
0.868953168444989 0.494894323112940
0.868733972128458 0.495278997808217
0.869534284899311 0.493872582134950
0.869318473589574 0.494252356065090
0.869443113056216 0.494033068892272
0.869569933916217 0.493809811596475
0.869699777541821 0.493581094597136
0.869832650228359 0.493346896814715
0.869968502865566 0.493107294634591
0.871080985439009 0.491139406692850
0.869272294614667 0.494333569379373
0.870393399952494 0.492356912533110
0.870540619385711 0.492096565726222
0.870690530440351 0.491831272085763
0.870843067704747 0.491561137022227
0.870998163381516 0.491286270300755
0.871155747479021 0.491006785731387
0.873038014006695 0.487652156869264
0.869746088060493 0.493499485616216
0.871642706596780 0.490141808088883
0.871809508957280 0.489845057228984
0.871978421130903 0.489544311663467
0.872149362715745 0.489239705169685
0.872322252050472 0.488931374098240
0.872497006454857 0.488619456967601
0.873917455108476 0.486074358155956
0.871602947337623 0.490212507176601
0.873031612171081 0.487663617824790
0.873212977871365 0.487338789013375
0.873395784062695 0.487011092667826
0.873579936386761 0.486680690743431
0.873763598464558 0.486350875395805
0.873942944663123 0.486028527427710
0.873067577973944 0.487599225071895
0.875333588720377 0.483519501631430
0.874454634995633 0.485107298785181
0.874617271359416 0.484814014483709
0.874776334068787 0.484526950079327
0.874932038238921 0.484245731486698
0.875084588102726 0.483970002856667
0.875234178065081 0.483699424794719
0.872124541572394 0.489283950265223
0.878740578380210 0.477299691921139
0.875667013653932 0.482915397557796
0.875806552716479 0.482662285888257
0.875943992477638 0.482412812891963
0.876079489086817 0.482166702294323
0.876213195433358 0.481923682908886
0.876345261853911 0.481683487392084
0.873639741584356 0.486573326359368
0.879409812675811 0.476065522139018
0.876733097097700 0.480977209910693
0.876860082458819 0.480745666429053
0.876986173104896 0.480515610758724
0.877111523382198 0.480286763871501
0.877236292020714 0.480058838020662
0.877360918565337 0.479831031274748
0.878401144600942 0.477924083054783
0.876726604308662 0.480989044882940
0.877797280281143 0.479032289862623
0.877969634155445 0.478716326754116
0.878153995979789 0.478378050651081
0.878349122957287 0.478019683904507
0.878553588752299 0.477643791638138
0.878765828463230 0.477253201901604
0.882812783771181 0.469725014034997
0.875324326319289 0.483536269325976
0.879432541534094 0.476023533967475
0.879659239026168 0.475604481892153
0.879885563468223 0.475185642880978
0.880110130003339 0.474769585236361
0.880331704827789 0.474358608517858
0.880549217869116 0.473954718206379
0.882900924677681 0.469559322347343
0.878812975000711 0.477166380804851
0.881169167400815 0.472801119311444
0.881363009680595 0.472439673574059
0.881549834297743 0.472090976030702
0.881729454333417 0.471755412646103
0.881901782758621 0.471433182505396
0.882066817003389 0.471124325779841
0.882297614929472 0.470691957324283
0.882297236708785 0.470692666286657
0.882500089701696 0.470312227861980
0.882616918552537 0.470092943028105
0.882723602918407 0.469892584375139
0.882822355616277 0.469707024031074
0.882915008098079 0.469532840678017
0.883003163190637 0.469367035266995
0.884445700265523 0.466643121969914
0.881807693074428 0.471609152195709
0.883256051743012 0.468890975664221
0.883342614278025 0.468727880331930
0.883434989972803 0.468553751977031
0.883538643616068 0.468358265900239
0.883664418066411 0.468120920535872
0.883839894955893 0.467789525411115
0.884192511065019 0.467122685572576
-0.000000000000000  1.000000000000000
-0.000000000000000  1.000000000000000
-0.000000000000000  1.000000000000000
-0.000000000000000  1.000000000000000
-0.000000000000000  1.000000000000000
-0.000000000000000  1.000000000000000
-0.000000000000000  1.000000000000000
-0.000000000000000  1.000000000000000
-0.000000000000000  1.000000000000000
-0.000000000000000  1.000000000000000
-0.000000000000000  1.000000000000000
-0.000000000000000  1.000000000000000
-0.000000000000000  1.000000000000000
-0.000000000000000  1.000000000000000
-0.000000000000000  1.000000000000000
-0.000000000000000  1.000000000000000
-0.000000000000000  1.000000000000000
-0.000000000000000  1.000000000000000
-0.000000000000000  1.000000000000000
-0.000000000000000  1.000000000000000
-0.000000000000000  1.000000000000000
-0.000000000000000  1.000000000000000
-0.000000000000000  1.000000000000000
-0.000000000000000  1.000000000000000
-0.000000000000000  1.000000000000000
-0.000000000000000  1.000000000000000
-0.000000000000000  1.000000000000000
-0.000000000000000  1.000000000000000
-0.000000000000000  1.000000000000000
-0.000000000000000  1.000000000000000
-0.000000000000000  1.000000000000000
-0.000000000000000  1.000000000000000
-0.000000000000000  1.000000000000000
-0.000000000000000  1.000000000000000
-0.000000000000000  1.000000000000000
-0.000000000000000  1.000000000000000
-0.000000000000000  1.000000000000000
-0.000000000000000  1.000000000000000
-0.000000000000000  1.000000000000000
-0.000000000000000  1.000000000000000
-0.000000000000000  1.000000000000000
-0.000000000000000  1.000000000000000
-0.000000000000000  1.000000000000000
-0.000000000000000  1.000000000000000
-0.000000000000000  1.000000000000000
-0.000000000000000  1.000000000000000
-0.000000000000000  1.000000000000000
-0.000000000000000  1.000000000000000
-0.000000000000000  1.000000000000000
-0.000000000000000  1.000000000000000
-0.000000000000000  1.000000000000000
-0.000000000000000  1.000000000000000
-0.000000000000000  1.000000000000000
-0.000000000000000  1.000000000000000
-0.000000000000000  1.000000000000000
-0.000000000000000  1.000000000000000
-0.000000000000000  1.000000000000000
-0.000000000000000  1.000000000000000
-0.000000000000000  1.000000000000000
-0.000000000000000  1.000000000000000
-0.000000000000000  1.000000000000000
-0.000000000000000  1.000000000000000
-0.000000000000000  1.000000000000000
-0.000000000000000  1.000000000000000
-0.000000000000000  1.000000000000000
-0.000000000000000  1.000000000000000
-0.000000000000000  1.000000000000000
-0.000000000000000  1.000000000000000
-0.000000000000000  1.000000000000000
-0.000000000000000  1.000000000000000
-0.000000000000000  1.000000000000000
-0.000000000000000  1.000000000000000
-0.000000000000000  1.000000000000000
-0.000000000000000  1.000000000000000
-0.000000000000000  1.000000000000000
-0.000000000000000  1.000000000000000
-0.000000000000000  1.000000000000000
-0.000000000000000  1.000000000000000
-0.000000000000000  1.000000000000000
-0.000000000000000  1.000000000000000
-0.000000000000000  1.000000000000000
-0.000000000000000  1.000000000000000
-0.000000000000000  1.000000000000000
-0.000000000000000  1.000000000000000
-0.000000000000000  1.000000000000000
-0.000000000000000  1.000000000000000
-0.000000000000000  1.000000000000000
-0.000000000000000  1.000000000000000
-0.000000000000000  1.000000000000000
-0.000000000000000  1.000000000000000
-0.000000000000000  1.000000000000000
-0.000000000000000  1.000000000000000
-0.000000000000000  1.000000000000000
-0.000000000000000  1.000000000000000
-0.000000000000000  1.000000000000000
-0.000000000000000  1.000000000000000
-0.000000000000000  1.000000000000000
-0.000000000000000  1.000000000000000
-0.000000000000000  1.000000000000000
-0.000000000000000  1.000000000000000
-0.000000000000000  1.000000000000000
-0.000000000000000  1.000000000000000
-0.000000000000000  1.000000000000000
-0.000000000000000  1.000000000000000
-0.000000000000000  1.000000000000000
-0.000000000000000  1.000000000000000
-0.000000000000000  1.000000000000000
-0.000000000000000  1.000000000000000
-0.000000000000000  1.000000000000000
-0.000000000000000  1.000000000000000
-0.000000000000000  1.000000000000000
-0.000000000000000  1.000000000000000
-0.000000000000000  1.000000000000000
-0.000000000000000  1.000000000000000
-0.000000000000000  1.000000000000000
-0.000000000000000  1.000000000000000
-0.000000000000000  1.000000000000000
-0.000000000000000  1.000000000000000
-0.000000000000000  1.000000000000000
-0.000000000000000  1.000000000000000
-0.000000000000000  1.000000000000000
-0.000000000000000  1.000000000000000
-0.000000000000000  1.000000000000000
-0.000000000000000  1.000000000000000
-0.000000000000000  1.000000000000000
-0.000000000000000  1.000000000000000
-0.000000000000000  1.000000000000000
-0.000000000000000  1.000000000000000
-0.000000000000000  1.000000000000000
-0.000000000000000  1.000000000000000
-0.000000000000000  1.000000000000000
-0.000000000000000  1.000000000000000
-0.000000000000000  1.000000000000000
-0.000000000000000  1.000000000000000
-0.000000000000000  1.000000000000000
-0.000000000000000  1.000000000000000
1.000000000000000 0.000000000000000
1.000000000000000 0.000000000000000
1.000000000000000 0.000000000000000
1.000000000000000 0.000000000000000
1.000000000000000 0.000000000000000
1.000000000000000 0.000000000000000
1.000000000000000 0.000000000000000
1.000000000000000 0.000000000000000
1.000000000000000 0.000000000000000
1.000000000000000 0.000000000000000
1.000000000000000 0.000000000000000
1.000000000000000 0.000000000000000
1.000000000000000 0.000000000000000
1.000000000000000 0.000000000000000
1.000000000000000 0.000000000000000
1.000000000000000 0.000000000000000
1.000000000000000 0.000000000000000
1.000000000000000 0.000000000000000
1.000000000000000 0.000000000000000
1.000000000000000 0.000000000000000
1.000000000000000 0.000000000000000
1.000000000000000 0.000000000000000
1.000000000000000 0.000000000000000
1.000000000000000 0.000000000000000
1.000000000000000 0.000000000000000
1.000000000000000 0.000000000000000
1.000000000000000 0.000000000000000
1.000000000000000 0.000000000000000
1.000000000000000 0.000000000000000
1.000000000000000 0.000000000000000
1.000000000000000 0.000000000000000
1.000000000000000 0.000000000000000
1.000000000000000 0.000000000000000
1.000000000000000 0.000000000000000
1.000000000000000 0.000000000000000
1.000000000000000 0.000000000000000
1.000000000000000 0.000000000000000
1.000000000000000 0.000000000000000
1.000000000000000 0.000000000000000
1.000000000000000 0.000000000000000
1.000000000000000 0.000000000000000
1.000000000000000 0.000000000000000
1.000000000000000 0.000000000000000
1.000000000000000 0.000000000000000
1.000000000000000 0.000000000000000
1.000000000000000 0.000000000000000
1.000000000000000 0.000000000000000
1.000000000000000 0.000000000000000
1.000000000000000 0.000000000000000
1.000000000000000 0.000000000000000
1.000000000000000 0.000000000000000
1.000000000000000 0.000000000000000
1.000000000000000 0.000000000000000
1.000000000000000 0.000000000000000
1.000000000000000 0.000000000000000
1.000000000000000 0.000000000000000
1.000000000000000 0.000000000000000
1.000000000000000 0.000000000000000
1.000000000000000 0.000000000000000
1.000000000000000 0.000000000000000
1.000000000000000 0.000000000000000
1.000000000000000 0.000000000000000
1.000000000000000 0.000000000000000
1.000000000000000 0.000000000000000
1.000000000000000 0.000000000000000
1.000000000000000 0.000000000000000
1.000000000000000 0.000000000000000
1.000000000000000 0.000000000000000
1.000000000000000 0.000000000000000
1.000000000000000 0.000000000000000
1.000000000000000 0.000000000000000
1.000000000000000 0.000000000000000
1.000000000000000 0.000000000000000
1.000000000000000 0.000000000000000
1.000000000000000 0.000000000000000
1.000000000000000 0.000000000000000
1.000000000000000 0.000000000000000
1.000000000000000 0.000000000000000
1.000000000000000 0.000000000000000
1.000000000000000 0.000000000000000
1.000000000000000 0.000000000000000
1.000000000000000 0.000000000000000
1.000000000000000 0.000000000000000
1.000000000000000 0.000000000000000
1.000000000000000 0.000000000000000
1.000000000000000 0.000000000000000
1.000000000000000 0.000000000000000
1.000000000000000 0.000000000000000
1.000000000000000 0.000000000000000
1.000000000000000 0.000000000000000
1.000000000000000 0.000000000000000
1.000000000000000 0.000000000000000
1.000000000000000 0.000000000000000
1.000000000000000 0.000000000000000
1.000000000000000 0.000000000000000
1.000000000000000 0.000000000000000
1.000000000000000 0.000000000000000
1.000000000000000 0.000000000000000
1.000000000000000 0.000000000000000
1.000000000000000 0.000000000000000
1.000000000000000 0.000000000000000
1.000000000000000 0.000000000000000
1.000000000000000 0.000000000000000
1.000000000000000 0.000000000000000
1.000000000000000 0.000000000000000
1.000000000000000 0.000000000000000
1.000000000000000 0.000000000000000
1.000000000000000 0.000000000000000
1.000000000000000 0.000000000000000
1.000000000000000 0.000000000000000
1.000000000000000 0.000000000000000
1.000000000000000 0.000000000000000
-0.000000000000000 -1.000000000000000
-0.000000000000000 -1.000000000000000
-0.000000000000000 -1.000000000000000
-0.000000000000000 -1.000000000000000
-0.000000000000000 -1.000000000000000
-0.000000000000000 -1.000000000000000
-0.000000000000000 -1.000000000000000
-0.000000000000000 -1.000000000000000
-0.000000000000000 -1.000000000000000
-0.000000000000000 -1.000000000000000
-0.000000000000000 -1.000000000000000
-0.000000000000000 -1.000000000000000
-0.000000000000000 -1.000000000000000
-0.000000000000000 -1.000000000000000
-0.000000000000000 -1.000000000000000
-0.000000000000000 -1.000000000000000
-0.000000000000000 -1.000000000000000
-0.000000000000000 -1.000000000000000
-0.000000000000000 -1.000000000000000
-0.000000000000000 -1.000000000000000
-0.000000000000000 -1.000000000000000
-0.000000000000000 -1.000000000000000
-0.000000000000000 -1.000000000000000
-0.000000000000000 -1.000000000000000
-0.000000000000000 -1.000000000000000
-0.000000000000000 -1.000000000000000
-0.000000000000000 -1.000000000000000
-0.000000000000000 -1.000000000000000
-0.000000000000000 -1.000000000000000
-0.000000000000000 -1.000000000000000
-0.000000000000000 -1.000000000000000
-0.000000000000000 -1.000000000000000
-0.000000000000000 -1.000000000000000
-0.000000000000000 -1.000000000000000
-0.000000000000000 -1.000000000000000
-0.000000000000000 -1.000000000000000
-0.000000000000000 -1.000000000000000
-0.000000000000000 -1.000000000000000
-0.000000000000000 -1.000000000000000
-0.000000000000000 -1.000000000000000
-0.000000000000000 -1.000000000000000
-0.000000000000000 -1.000000000000000
-0.000000000000000 -1.000000000000000
-0.000000000000000 -1.000000000000000
-0.000000000000000 -1.000000000000000
-0.000000000000000 -1.000000000000000
-0.000000000000000 -1.000000000000000
-0.000000000000000 -1.000000000000000
-0.000000000000000 -1.000000000000000
-0.000000000000000 -1.000000000000000
-0.000000000000000 -1.000000000000000
-0.000000000000000 -1.000000000000000
-0.000000000000000 -1.000000000000000
-0.000000000000000 -1.000000000000000
-0.000000000000000 -1.000000000000000
-0.000000000000000 -1.000000000000000
-0.000000000000000 -1.000000000000000
-0.000000000000000 -1.000000000000000
-0.000000000000000 -1.000000000000000
-0.000000000000000 -1.000000000000000
-0.000000000000000 -1.000000000000000
-0.000000000000000 -1.000000000000000
-0.000000000000000 -1.000000000000000
-0.000000000000000 -1.000000000000000
-0.000000000000000 -1.000000000000000
-0.000000000000000 -1.000000000000000
-0.000000000000000 -1.000000000000000
-0.000000000000000 -1.000000000000000
-0.000000000000000 -1.000000000000000
-0.000000000000000 -1.000000000000000
-0.000000000000000 -1.000000000000000
-0.000000000000000 -1.000000000000000
-0.000000000000000 -1.000000000000000
-0.000000000000000 -1.000000000000000
-0.000000000000000 -1.000000000000000
-0.000000000000000 -1.000000000000000
-0.000000000000000 -1.000000000000000
-0.000000000000000 -1.000000000000000
-0.000000000000000 -1.000000000000000
-0.000000000000000 -1.000000000000000
-0.000000000000000 -1.000000000000000
-0.000000000000000 -1.000000000000000
-0.000000000000000 -1.000000000000000
-0.000000000000000 -1.000000000000000
-0.000000000000000 -1.000000000000000
-0.000000000000000 -1.000000000000000
-0.000000000000000 -1.000000000000000
-0.000000000000000 -1.000000000000000
-0.000000000000000 -1.000000000000000
-0.000000000000000 -1.000000000000000
-0.000000000000000 -1.000000000000000
-0.000000000000000 -1.000000000000000
-0.000000000000000 -1.000000000000000
-0.000000000000000 -1.000000000000000
-0.000000000000000 -1.000000000000000
-0.000000000000000 -1.000000000000000
-0.000000000000000 -1.000000000000000
-0.000000000000000 -1.000000000000000
-0.000000000000000 -1.000000000000000
-0.000000000000000 -1.000000000000000
-0.000000000000000 -1.000000000000000
-0.000000000000000 -1.000000000000000
-0.000000000000000 -1.000000000000000
-0.000000000000000 -1.000000000000000
-0.000000000000000 -1.000000000000000
-0.000000000000000 -1.000000000000000
-0.000000000000000 -1.000000000000000
-0.000000000000000 -1.000000000000000
-0.000000000000000 -1.000000000000000
-0.000000000000000 -1.000000000000000
-0.000000000000000 -1.000000000000000
-0.000000000000000 -1.000000000000000
-0.000000000000000 -1.000000000000000
-0.000000000000000 -1.000000000000000
-0.000000000000000 -1.000000000000000
-0.000000000000000 -1.000000000000000
-0.000000000000000 -1.000000000000000
-0.000000000000000 -1.000000000000000
-0.000000000000000 -1.000000000000000
-0.000000000000000 -1.000000000000000
-0.000000000000000 -1.000000000000000
-0.000000000000000 -1.000000000000000
-0.000000000000000 -1.000000000000000
-0.000000000000000 -1.000000000000000
-0.000000000000000 -1.000000000000000
-0.000000000000000 -1.000000000000000
-0.000000000000000 -1.000000000000000
-0.000000000000000 -1.000000000000000
-0.000000000000000 -1.000000000000000
-0.000000000000000 -1.000000000000000
-0.000000000000000 -1.000000000000000
-0.000000000000000 -1.000000000000000
-0.000000000000000 -1.000000000000000
-0.000000000000000 -1.000000000000000
-0.000000000000000 -1.000000000000000
-0.000000000000000 -1.000000000000000
