0.718905121335000
0.780612255102000
0.978514643073000
0.516393335790000
0.532606398858499
0.655174189058501
0.655442145589000
0.695084935846500
0.705164415921000
0.677803516625999
0.682719191396500
0.665932352796499
0.645235227592500
0.646276402065000
0.649105497750499
0.646001615120499
0.645683223354000
0.646134937745999
0.608487927779998
0.780612255102001
0.978125640875000
0.659202532029000
0.699544130260001
0.710299770727001
0.713112912959001
0.713608004979501
0.654738829145000
0.710538300217000
0.663583620423000
0.753013205940001
0.709478903932001
0.632594922870001
0.733236096984999
0.694475147640500
0.651528866747499
0.773405033933499
0.653714919267500
0.713090050954000
0.650741038607000
0.552053612876000
0.646214473479000
0.649222259900999
0.645997846850000
0.711500218402501
0.644668687400998
0.694665546397501
0.705476977365000
0.704940406757499
0.780612255102001
0.745889588697000
0.542554122836001
0.623321918260001
0.727371783011999
0.757074281645500
0.719289210107000
0.938138836744001
0.699735501627000
0.760863227409999
0.960908153812500
0.699039258114000
0.693482384579500
0.695214550443500
0.649661224290001
0.978400857364003
0.695026919760500
0.705076987328999
0.677668730880001
0.682515389418001
0.665695941470000
0.661416182360000
0.648799061881500
0.760458442299000
0.645631122684000
0.644261294448001
0.649946284056000
0.637694435760001
0.780612255102001
0.977345855309000
0.662909501580501
0.697932487761000
0.706294771617002
0.709584913743001
0.711122286274501
0.654525114985001
0.709494393681000
0.663405727524002
0.752955893016000
0.709424845980001
0.632516494255001
0.477944183886001
0.649715980477000
0.465078982612000
0.653629545433000
0.684633914879999
0.707721554673002
0.653238510845999
0.691777162440001
0.702264731841998
0.704885763932500
0.556001954084999
0.637028113803499
0.648582250727500
0.731328044656000
0.652092235188500
0.762423441795500
0.643698079503500
0.695360061436499
0.638681388149500
0.688096459341499
0.707927806962000
0.719102558383999
0.740160629890000
0.721302881364500
0.756641390763500
0.705726241426500
0.694868805031500
0.609768205443501
0.703843045678501
0.700474748724501
0.644485394511000
0.715561053190000
0.806748072510500
0.644262508734001
0.604865108482499
0.674558727032999
0.675504266085001
0.720959584816500
0.667037064759500
0.465190470832000
0.685413236696999
0.653496666313501
0.606451168506000
0.655580162036500
0.681665049017000
0.725410865015001
0.644420878981002
0.613106735328000
0.933162608862500
0.718259384325000
0.709933546677500
0.770331400209001
0.721964408341500
0.707815036087502
0.708636699668001
0.706251700198001
0.710235394575001
0.709293177571001
0.647974126032000
0.708220888341502
0.700988966015500
0.708957485311001
0.667361869070502
0.645035477710000
0.645638016608001
0.652252958829999
0.812944063119000
0.707129876123499
0.650145333803001
0.637484971425001
0.599960416032000
0.792896356206999
0.480414808667999
0.665215288145000
0.638714283412501
0.556692478607500
0.644648727937500
0.662590334474999
0.644928919503999
0.644910692339001
0.666347253636000
0.713974697245500
0.709192511336501
0.649005365994000
0.678382429733501
0.644774330283001
0.705324799561000
0.599131253543000
0.841407640638001
0.709899212664999
0.695530544170501
0.678903752634000
0.710228237114500
0.702491629605000
0.727725273053001
0.692984417431999
0.658113308213001
0.555826330974000
0.653806796694001
0.658372555537001
0.695377326471001
0.700443206885500
0.647473900915499
0.647757223842000
0.657143566601497
0.683008085989500
0.715426446853499
0.650841519932501
0.730822532801500
0.651335709231000
0.644546999233000
0.712036713946501
0.643541212246000
0.643799622546000
0.651192775012000
0.730367519740499
0.648457866864000
0.689957390384501
0.694193341911001
0.644306653532000
0.762678386931499
0.666209637502000
0.752376865632500
0.827644260546500
0.582960993510501
0.693868810477000
0.859651236740000
0.967937331328000
0.757694915241000
0.978982917916500
0.714051866077000
0.546274607107000
0.506034307907001
0.736766369385001
0.629485800087001
0.498787464547500
0.556701779021000
0.726258175639000
0.705939434626000
0.615655029972500
0.967263184512000
0.766009636629000
0.813287863785000
0.519658147570500
0.717783645988500
0.903116908452000
0.678762128762000
1.027690370522999
0.737327247983500
0.713409076142000
0.665549100495999
0.759715980135000
0.697533664697500
0.703274269548000
0.649562506657500
0.672021356382500
0.632159792453500
0.724380249073501
0.719263708054001
0.663153110782000
0.709889832417501
0.770199130000500
0.721792770298500
0.707623464552501
0.708359628301000
0.706085200235001
0.708695108005000
0.709178362704001
0.707997628913001
0.648975759842999
0.708367342585001
0.645984973425001
0.644673620780000
0.670220247088500
0.644076751111001
0.733951655289499
0.644546456366000
0.656769780010500
0.644156865852001
0.702420160427001
0.646728295726001
0.645983666200001
0.717907240441500
0.643023407465000
0.638695640545001
0.556062823407501
0.648833154047500
0.662912727408001
0.679367780746000
0.674872476805501
0.666094591841000
0.719202196034000
0.708764444919001
0.685422848845500
0.678195236657000
0.658776869292001
0.705204286848001
0.940410963229500
0.841339322164500
0.711149600409001
0.695438877696998
0.678639114902500
0.710176470232000
0.702345058209000
0.727827509597500
0.692866774601000
0.658050414377000
0.555766695225501
0.681142468773999
0.876010511558499
0.856030120258500
0.600987784266000
0.805393460781500
0.649789938606000
0.718099067341001
0.563681926596000
0.727329699180999
0.646409339806500
0.666675010611001
0.699919294680001
0.656729681451999
0.653066749397500
0.659544300403001
0.733936809708999
0.650010331515001
0.682358184419998
0.694156306187999
0.664301410245999
0.759345635309502
0.652761067857000
0.751833252855000
0.823754650004001
0.856281311935499
0.685274930508500
0.719236956978000
0.650308456790501
0.764454684252000
0.695488152662999
0.697429107588001
0.655500988530500
0.700002825314000
0.659024138578500
0.700451761372000
0.674769424179499
0.700299019615500
0.652912255278500
0.689719672755000
0.707180242998000
0.690159444050500
0.722856544726000
0.934024990395499
0.705890789774500
0.698233952989500
0.718800211220000
0.822736719845000
0.731685615321500
0.672925531514000
0.968387134517501
0.660324855898000
0.641856115943500
0.729788334451501
0.722841341224001
0.670185914608000
0.720000298197000
0.683123878417500
0.858904608588000
0.774916439096000
0.749542106512499
0.651610441904500
0.719398649245999
0.662735049419000
0.644929845956500
0.923749489749500
0.678576397981500
0.644359599802999
0.659801575268001
0.553892291827000
0.934482295955000
0.723902571382500
0.647379820757500
0.659127277173000
0.675025089594000
0.707929660065000
0.720700642298500
0.677636695149999
0.682918129016500
0.625484605624500
0.644668362753000
0.807622166457500
0.730561177812000
0.690499638998000
0.706308534601498
0.708533822606501
0.708123191316999
0.708539371649998
0.657121830164499
0.650566583682500
0.689160124392500
0.645116656790000
0.646887748817001
0.664821120682999
0.660561096492998
0.807552444192000
0.673085361440502
0.651505724639001
0.676608500594500
0.662445763620999
0.671971140314500
0.657989370136000
0.786838335395001
0.656145718878000
0.732223084049500
0.645432688179999
0.649094997006000
0.712188250761000
0.673999378671002
0.708550741815501
0.681123608834000
0.672492400671999
0.703690253282500
0.649645762889000
0.703718784283999
0.649954348278002
0.712239852917001
0.703851824420501
0.726147724946000
0.790976285388500
0.700984743139000
0.653357713103500
0.710106774964000
0.700846115526000
0.713259637578000
0.659125399911999
0.719495456062001
0.646742331860000
0.704463106191002
0.646347071345500
0.713235315811501
0.808934274437999
0.636431569982000
0.641608285807000
0.639857330951500
0.645885145431501
0.696751717500002
0.645097621858000
0.637047570488500
0.685485434762000
0.649289652999000
0.791479792701498
0.652114163586500
0.700575343183000
0.785267874024000
0.773265194098499
0.716297223226000
0.687479857576002
0.781196460050002
0.606746692623001
0.590537645584501
0.801564782277001
0.725014451853000
0.689488641371000
0.559825164738001
1.009465882757000
0.818713319424500
0.589944736753000
1.019210533492000
0.801320295476999
0.959223556362000
0.985082539194500
0.733444201359000
0.719912508076500
0.758902712442000
0.671673007092000
0.723052892944501
0.752740778081000
0.724667752409999
0.616422552471500
0.767851479685999
0.509615472790000
0.831274644560000
0.807467640173002
0.730574865362501
0.690308450213999
0.706239382243001
0.708774727221000
0.708044447632000
0.708708972039499
0.656819735265500
0.707737662898501
0.650217556744500
0.646471140543000
0.644859736742001
0.850824574318001
0.660153202253999
0.644475911800499
0.699896870917499
0.654498774868000
0.658630736662500
0.649799507264000
0.655786398522001
0.829382222370500
0.652853390638499
0.650105248352499
0.768926170912500
0.652387590641001
0.720643628924999
0.690214703908000
0.718400296005000
0.718044330558002
0.673671436385000
0.710892474725999
0.680894595901500
0.672361722381999
0.656427526208999
0.649566858089001
0.828923457912999
0.649886717359501
0.712377109909001
0.705137080870000
0.726108110605001
0.790904607994999
0.701325705036001
0.808304820037000
0.866846268372000
0.907257715710499
0.759085414971000
0.672662433060000
0.913907520218000
0.723153181365000
0.745717801388500
0.804737568800000
0.795530884939501
0.686805466998000
0.676578756387998
0.681912878203001
0.735266504783000
0.656576955624500
0.612063046583000
0.674803919643999
0.703091086570000
0.772845263169500
0.608107920120000
0.668749878208000
0.677356710054999
0.655134141692501
0.697427277324002
0.694565273617500
0.644219760060000
0.679953780586001
0.707979537771001
0.645217553259500
0.629064555225000
0.641099324956000
0.696389309263000
0.712890412751500
0.668273235084000
0.749977303704999
0.708608117118000
0.743282455902000
0.690237675226000
0.979085480857501
0.495786966946500
0.675222590377500
0.890347262809999
0.622818839098000
0.825589509072500
0.824446199119999
0.769506017952000
0.861966037331500
0.732119146618000
0.785704271091500
0.801901155409500
0.774542793359500
0.989116139875500
0.839420300387000
0.544109586016500
0.979137823622001
0.720779043245500
0.932117841160000
0.802925363206500
0.826034187884001
0.793037422380499
0.733526222805000
0.943008790561000
0.932445360875000
0.802429652505000
0.784235904321499
0.644601839976000
0.838347983427001
0.951553077216500
0.700248787737000
0.645549118596999
0.981800284179500
0.776431137812001
0.866497734411500
0.651723869536000
0.668781804984500
0.649788765867000
0.738107290360000
0.720490214349999
0.557478635296998
0.815788236181500
0.800574642191500
0.680478910676001
0.684597889076998
0.705744622929000
0.647784416491000
0.770780773352001
0.646150345847001
0.695800518603001
0.656053910693000
0.523756964767000
0.696936210711501
0.670051989612500
0.706074557600500
0.596238178005000
0.529209806319000
0.668033006317999
0.666772283518500
0.653991095067500
0.643277389920500
0.645543413529500
0.651950094645998
0.791790829779000
0.646490910549500
0.688517138378499
0.703423564461001
0.707088582206998
0.649577869690499
0.705947376415000
0.696723426634000
0.705356979715500
0.681285345847001
0.701136277944999
0.651866556244501
0.710834702014999
0.639541499811998
0.641425412797501
0.635010532576500
0.731406921814000
0.726317406073000
0.642730536244001
0.648385913846499
0.662911777851999
0.648004213081001
0.674739408396499
0.631272274230000
0.644271734319999
0.648025958116501
0.641834429341500
0.737880976598999
0.647293029514501
0.644890576618500
0.650714297756001
0.540931367859500
0.631269911919500
0.620337826787000
0.656859327176498
0.772806063268499
0.682443071437500
0.686301982191000
0.879526685317499
0.664224884734999
0.748507660114500
1.005051476912501
0.744622085624999
1.014592220598999
0.772601540205000
0.907610928431499
0.824431985243000
0.750747341580000
0.705868149181499
0.924172813060500
0.685929057292000
0.689557698058500
0.762023083906500
0.990910918689000
0.714350652985999
0.777826033836000
0.980983877851501
0.500728804125000
0.631191625359999
0.802781134994500
0.685542136367999
0.557367095638999
0.815811265824500
0.800722295700999
0.680257860839001
0.684272020093498
0.710552515765500
0.774192161181499
0.770668762156501
0.708689308810000
0.651034106538500
1.100964601852500
0.679637719647001
0.644226720787999
0.699922325118498
0.875560492840000
0.662468743373501
0.657870884178000
0.689960077774000
0.693539018923999
0.646129961252999
0.623690627052501
0.618456233085000
0.609749770860000
0.826339865680001
0.744814341485501
0.707571766919000
0.714247647863000
0.706900122672999
0.695713302452500
0.659173413140500
0.696524388487499
0.706178683290500
0.702517073917499
0.701484168376500
0.651828546082501
0.711132449642999
0.639518907208500
0.641514822470998
0.579543294844000
0.720399462074000
0.648760358187000
0.679883718281000
0.849240843653001
0.651676554632000
0.784851006192001
0.724806932868000
0.761996040697500
0.799418823584001
0.744781031211999
0.734263933460001
0.577846745403999
0.825435706426000
0.695523679347998
0.645926212727501
0.505533867875999
0.823441946960002
0.577359358241998
0.613864158028999
0.517303147010500
0.687252778713000
0.806630822046500
0.685149860409001
0.649999321667500
0.712697015191000
0.657734985054998
0.723084160447499
0.720768774262500
0.637094259151499
0.728835320732000
0.673121280188001
0.740356734013500
0.742087483530000
0.867502302995000
0.710781812089500
0.813814337273000
0.635601469411999
0.507913440920500
0.612911719067000
0.753734203253500
0.520918902768001
0.964609678440999
0.521031436696000
0.762659024445000
0.755250194753000
0.669795314109001
0.741036895690500
0.508951901260499
0.760306403681000
0.909201770742500
0.596782248348500
0.707457229672000
0.843922694761001
0.734331733459000
0.557695659537500
0.596217359420500
0.839118394028000
0.644281058904000
0.953851284349499
0.719371800443499
0.900424292428000
1.043340713567499
0.705314190832000
0.748705898805000
0.507701477195500
0.616363056278499
0.629869019591500
0.728304062020000
0.662587023364501
0.758403268490000
0.660945883874999
0.809634412352000
0.477660231416500
0.714074062968000
0.697710648010501
0.702821302254000
0.697633855414500
0.674265679821500
0.749109113104001
0.810613577802000
0.665889031553501
0.659054548708999
0.648780740372501
0.663872554351500
0.719291582367000
0.844489578580499
0.696978554256001
0.613988944234500
0.647499351042499
0.550237480429000
0.651868225421000
0.653591051640499
0.651945815965000
0.705926349302500
0.807798133993500
0.647565581347500
0.654476641253000
0.644034853996001
0.701793086272500
0.560631991746000
0.735898391951000
0.757868552307500
0.602868147416001
0.744092324147500
0.635931697325000
0.672327453895500
0.752293453020001
0.622008221307999
0.613030511226500
0.639992478117000
0.665226839333499
0.613495353068999
0.782284732143501
0.640850798647000
0.619541709150000
0.600072111611000
0.641115948486001
0.910261712704999
0.776302711731499
0.837244492249500
0.522228998666000
0.892446942477000
0.467376943956000
0.925786533918000
0.710788815684500
0.480346960417500
0.573070202263000
0.576440917139001
0.330563903229000
0.578436191174001
0.548288713903000
0.713889934958000
0.697945709349499
0.709223813915499
0.681635691357499
0.673841411539502
0.868549771321000
0.649067385606499
0.777041012146999
0.645048996817001
0.666627370475500
1.039547311492500
0.671964925982501
0.691326866309500
0.991754549866000
1.002744448915001
0.646755396115500
0.718590518724002
0.789908253187499
0.794579668090000
0.703595498648499
0.707661963464999
0.807721188857001
0.706587472984998
0.702704118889500
0.647527430501002
0.854189226368500
0.560729675686498
0.676553380982500
0.717104163223000
1.028612273031000
0.846713832684500
0.658413947114999
0.654293281848000
0.845324786670499
0.691191184284000
0.954926986721501
0.757405494276499
0.651305289313500
0.744702534446501
0.615871155489499
0.657688547264001
0.760108117498501
0.615489103519500
0.690098573307000
0.712912966292000
0.738436399443999
0.613704296975501
0.735054813004000
0.734462483513500
0.466725540604000
0.769369448360500
0.594904162464001
0.860146812553000
0.576499830636500
0.616133616730000
0.462006355612000
0.627320897991500
0.492414640305000
0.676395348460000
0.660479880792001
0.486752625659999
0.642423305138999
0.556574755872500
0.887242970834001
0.491039789765000
0.623841615267501
0.779787841582000
0.663781875828500
0.624923999629500
0.744702073119000
1.037190611158500
0.491344708917000
1.043062871055499
0.793021015285999
0.644334297902501
0.719650366174000
0.582475457518000
0.753699597813499
0.626244132512500
0.617646396667001
0.708402748563000
0.954456958294500
0.968895056446500
0.654385613211000
0.857798655438500
0.588667291987501
0.624704292004500
0.782216512705000
0.647469410493002
0.638607600832500
0.784076457520500
0.739849819787999
0.709609830101999
0.676869369876000
0.652934695525000
0.732799230438000
0.665108333739000
0.613254148434001
0.848771621805000
0.764010888964500
0.732816152440000
0.654451301685000
0.770109247472000
0.732936108456000
0.715537455846000
0.653308964227999
0.709671868497999
0.641648624679000
0.783047491063500
0.714605300392499
0.649537598114000
0.666410625849999
0.749653038393500
0.774560732063500
0.779703808477500
0.656273898654001
0.658367172675999
0.834193393955999
0.714576253036000
0.646359618720500
0.615064825084500
0.650710928624000
0.730617179309500
0.601667597044500
0.732071304702501
0.651993572676000
0.609385379994000
0.520998168513001
0.650785817700000
0.873219535901500
1.012947770221000
0.911172770555000
0.569843164310000
0.704044773463000
0.647482191576500
0.638554000554001
0.783845452004999
0.728533831157501
0.728354604580002
0.706736728711502
0.969535062310500
0.775366213266001
0.660990491033000
0.655305917345000
0.651622460534500
1.193461886307998
0.679414889723999
0.664562523485500
0.624065314390500
0.656896571607501
0.606845414897999
0.500623495542000
0.687339528506999
0.929248856206000
0.915847397743999
0.654625003101501
0.709113364478001
0.634438988370998
0.701404100173500
0.729095672155001
0.642108391739998
0.699901254095499
0.643469270040000
0.991942137409499
0.925027493922500
0.949512991021000
0.925380235795999
0.679610093732499
0.561725419888000
1.114270560937001
0.874249445178000
0.655658216787000
0.684259313277999
0.637513396583001
0.863833801452501
0.499391678991500
0.650226822205000
0.477781632744000
0.741594472592000
0.698033862168499
0.642268082646001
0.746603796039000
0.733466994204001
0.826804863466500
0.745468809584999
0.820021760150000
0.599140639332500
0.506747025231000
0.601383510066000
0.657887015892501
0.798561756268501
0.695210024805999
1.144343094996501
0.780631564450500
0.793572655437000
0.767370595247999
0.947908453326000
0.985567566507500
0.704500667000000
0.777400527269500
0.688065900461500
0.753349021812000
0.642791549677501
0.582560608695999
0.900226356529999
0.586167306511500
0.555728993041500
0.854641479747001
0.717233367720000
0.848868326966001
0.698222545273499
0.668074079853001
0.476448494196000
0.687268676640001
0.715153247928500
0.684210836336501
0.701755432690499
0.513790957149499
0.784878856125999
0.589249483008000
0.673214665818500
0.744358663404001
0.650580936288001
0.805145246533000
0.596981516547501
0.579663108622000
0.883670662160500
0.647977777120500
0.681672111231501
0.681551665060500
0.654958527369499
0.703325223852001
0.625451023469000
0.741567901587999
0.638539710168001
0.595474863766001
0.412378128526999
0.336682175640000
0.548521937543000
0.800080307028000
0.818040685488000
0.666580976433500
0.720761407167499
0.661995848083500
0.610331503969000
0.653520426112000
0.637734812231999
0.671990329632500
0.660165582267000
0.700869340023500
0.690553494492500
0.740707625039001
0.761077413301000
0.696292821098000
0.643437573380000
0.839700142850001
0.629002415762001
0.647281659755999
0.998164586750500
0.651512473802501
0.647180174284000
0.939703485094000
1.031168091693998
0.690518889848999
0.769826760346501
0.688759898798999
0.580739326071499
0.655508743305500
0.733088870556000
0.780791919903499
0.771339560972000
0.729319201771500
0.865829022976000
0.614827820743501
0.591180071560500
0.658392879107500
0.875675949423500
0.710753383427000
0.854523222070000
0.650687566618500
0.656259282373501
0.616485929190500
0.680777970570500
0.829349861675000
0.724581930899000
0.762328338040001
0.840670262819500
0.696747980256000
0.362897394895000
0.839729095259999
0.670301837338000
0.649946284791000
0.774815542922000
0.632179265106999
0.658999069211001
0.571922528985000
0.684343944578499
0.658617852355000
0.659333425823501
0.582221665336500
0.780789297120498
0.543152738320000
0.668084748220500
0.758568409611001
0.577349845403999
0.602758362583500
0.709482697615499
0.611952061962999
0.675045923785000
0.615198239036000
0.632340887184500
0.661639582349500
0.658750993797501
0.702645134970000
1.148605681126001
0.588696090360000
0.743131941759001
0.788644177891501
0.686724982908500
0.638479332166500
0.561566024022499
0.636585986198500
0.575725166585000
0.703955315053500
0.791186674937000
0.838961241086000
0.502466570863500
0.645710554541500
0.593503684128001
0.325313768237499
0.800309788820000
0.757299190501499
0.694387847816999
0.623123927028000
0.672759631511500
0.570765868321501
0.332855287279500
0.370438992740001
0.600100756890999
0.500502636195501
0.550678482492999
0.774650877823499
0.616515565917001
0.614995006861500
0.688913358152501
0.609627873669500
0.750300269530000
0.708951506550000
0.789897496691000
0.529502853936000
0.599448358787000
0.593585588092000
0.567980014667000
0.510746736930500
0.816142822779000
0.474515093545500
0.704777385311999
0.781435484355999
0.618687864970001
0.627495602133001
0.492625161601500
0.522880625900500
0.594641676447500
0.611899414335001
0.469257606716501
0.495143243728499
0.492422375273500
0.474029538165500
