99 4 1
155 4 1
102 4 1
149 4 1
326 4 1
189 4 1
61 4 1
33 4 1
60 4 1
335 4 1
337 4 1
342 4 1
344 4 1
56 4 1
248 4 1
243 4 1
351 4 1
353 4 1
355 4 1
357 4 1
359 4 1
362 4 1
262 4 1
297 4 1
367 4 1
299 4 1
138 4 1
129 4 1
125 4 2
123 4 2
89 4 2
300 4 2
302 4 2
69 4 2
284 4 2
95 4 2
275 4 2
313 4 2
276 4 2
315 4 2
98 4 2
76 4 2
76 4 3
273 4 3
79 4 3
80 4 3
81 4 3
255 4 3
259 4 3
253 4 3
252 4 3
254 4 3
292 4 3
294 4 3
88 4 3
48 4 3
48 4 4
249 4 4
65 4 4
66 4 4
85 4 4
83 4 4
258 4 4
260 4 4
261 4 4
122 4 4
73 4 4
267 4 4
272 4 4
75 4 4
136 4 5
213 4 5
51 4 5
52 4 5
53 4 5
219 4 5
39 4 5
223 4 5
4 4 5
227 4 5
118 4 5
114 4 5
57 4 5
111 4 5
110 4 5
109 4 5
241 4 5
244 4 5
105 4 5
133 4 5
134 4 5
187 4 6
34 4 6
62 4 6
192 4 6
40 4 6
12 4 6
174 4 6
44 4 6
165 4 6
205 4 6
166 4 6
207 4 6
47 4 6
19 4 6
19 4 7
163 4 7
22 4 7
23 4 7
24 4 7
145 4 7
150 4 7
143 4 7
142 4 7
144 4 7
182 4 7
184 4 7
31 4 7
1 4 7
1 4 8
139 4 8
8 4 8
9 4 8
28 4 8
26 4 8
41 4 8
13 4 8
152 4 8
16 4 8
17 4 8
158 4 8
18 4 8
3 4 8
