362 4 0 4
359 4 0 4
572 4 0 4
1 4 2 2
2 4 29 4
2 4 139 4
3 4 99 4
3 4 161 4
4 4 224 4
4 4 225 4
5 4 258 4
5 4 83 4
5 4 476 4
6 4 384 4
6 4 41 4
6 4 26 4
7 4 184 4
7 4 182 4
7 4 181 4
8 4 140 4
8 4 141 4
9 4 141 4
9 4 10 3
10 4 173 4
10 4 28 4
11 4 26 4
11 4 28 4
11 4 169 4
12 4 42 4
12 4 167 4
13 4 14 1
13 4 15 4
14 4 385 4
14 4 41 4
15 4 152 4
15 4 388 4
16 4 153 4
16 4 154 4
17 4 154 4
17 4 132 4
18 4 161 4
18 4 100 4
19 4 20 2
20 4 47 4
20 4 211 4
21 4 399 4
21 4 166 4
21 4 205 4
22 4 164 4
22 4 45 4
23 4 45 4
23 4 43 4
24 4 43 4
24 4 25 3
25 4 145 4
25 4 195 4
27 4 178 4
27 4 150 4
27 4 145 4
29 4 31 4
29 4 179 4
30 4 182 4
30 4 144 4
30 4 414 4
31 4 186 4
32 4 373 4
32 4 134 4
32 4 582 4
33 4 331 4
33 4 190 4
34 4 188 4
34 4 36 4
35 4 53 4
35 4 52 4
35 4 54 4
36 4 328 4
36 4 62 4
37 4 442 4
37 4 439 4
37 4 647 4
38 4 192 4
38 4 62 4
38 4 103 4
39 4 220 4
39 4 221 4
40 4 147 4
40 4 42 4
42 4 423 4
43 4 197 4
44 4 199 4
44 4 201 4
45 4 200 4
46 4 435 4
46 4 207 4
46 4 166 4
47 4 209 4
48 4 63 4
49 4 110 4
49 4 111 4
49 4 458 4
50 4 439 4
50 4 51 2
50 4 213 4
51 4 120 4
52 4 120 4
53 4 217 4
54 4 222 4
54 4 226 4
55 4 218 4
55 4 118 4
55 4 227 4
56 4 113 4
56 4 242 4
57 4 229 4
57 4 231 4
58 4 554 4
58 4 552 4
58 4 549 4
59 4 548 4
59 4 337 4
59 4 335 4
60 4 190 4
60 4 333 4
61 4 329 4
61 4 331 4
63 4 86 4
63 4 249 4
64 4 294 4
64 4 292 4
64 4 291 4
65 4 250 4
65 4 251 4
66 4 251 4
66 4 67 3
67 4 283 4
67 4 85 4
68 4 83 4
68 4 85 4
68 4 279 4
69 4 93 4
69 4 277 4
70 4 260 4
70 4 258 4
70 4 478 4
71 4 367 4
71 4 297 4
71 4 577 4
72 4 479 4
72 4 261 4
72 4 260 4
73 4 263 4
73 4 265 4
74 4 272 4
74 4 267 4
74 4 490 4
75 4 269 4
75 4 136 4
76 4 77 1
77 4 98 4
77 4 319 4
78 4 493 4
78 4 276 4
78 4 313 4
79 4 274 4
79 4 96 4
80 4 96 4
80 4 94 4
81 4 94 4
81 4 82 3
82 4 255 4
82 4 303 4
84 4 288 4
84 4 259 4
84 4 255 4
86 4 88 4
86 4 289 4
87 4 292 4
87 4 254 4
87 4 508 4
88 4 296 4
89 4 128 4
89 4 91 4
90 4 479 4
90 4 478 4
90 4 682 4
91 4 300 4
91 4 304 4
92 4 302 4
92 4 300 4
92 4 282 4
93 4 484 4
93 4 302 4
94 4 305 4
95 4 307 4
95 4 309 4
96 4 308 4
97 4 527 4
97 4 315 4
97 4 276 4
98 4 317 4
99 4 131 4
100 4 158 4
100 4 606 4
101 4 423 4
101 4 172 4
101 4 595 4
102 4 321 4
102 4 323 4
103 4 334 4
103 4 198 4
104 4 344 4
104 4 342 4
104 4 552 4
105 4 107 4
105 4 245 4
106 4 326 4
106 4 149 4
106 4 386 4
107 4 465 4
107 4 244 4
108 4 244 4
108 4 241 4
108 4 115 4
109 4 238 4
109 4 117 4
110 4 238 4
111 4 231 4
112 4 342 4
112 4 337 4
112 4 341 4
113 4 554 4
113 4 344 4
114 4 118 4
114 4 229 4
115 4 246 4
115 4 347 4
116 4 375 4
116 4 136 4
116 4 585 4
117 4 241 4
117 4 462 4
119 4 576 4
119 4 363 4
119 4 480 4
120 4 442 4
121 4 567 4
121 4 357 4
121 4 355 4
122 4 135 4
122 4 263 4
123 4 130 4
123 4 128 4
124 4 691 4
124 4 485 4
124 4 490 4
125 4 129 4
125 4 130 4
126 4 574 4
126 4 262 4
126 4 362 4
127 4 476 4
127 4 279 4
127 4 498 4
128 4 365 4
129 4 369 4
130 4 368 4
131 4 155 4
131 4 159 4
132 4 396 4
132 4 158 4
133 4 245 4
133 4 247 4
134 4 247 4
135 4 480 4
135 4 261 4
137 4 578 4
137 4 299 4
137 4 367 4
138 4 298 4
138 4 369 4
139 4 140 2
140 4 177 4
141 4 175 4
142 4 148 4
142 4 146 4
143 4 171 4
143 4 148 4
144 4 146 4
146 4 382 4
147 4 172 4
147 4 192 4
148 4 380 4
149 4 323 4
150 4 171 4
151 4 384 4
151 4 169 4
151 4 404 4
152 4 153 3
153 4 324 4
154 4 162 4
155 4 321 4
156 4 380 4
156 4 381 4
156 4 413 4
157 4 388 4
157 4 385 4
157 4 393 4
159 4 325 4
159 4 161 4
160 4 325 4
160 4 607 4
160 4 391 4
162 4 389 4
162 4 394 4
163 4 211 4
163 4 164 2
164 4 397 4
165 4 201 4
165 4 202 4
167 4 401 4
167 4 174 4
168 4 199 4
168 4 387 4
168 4 429 4
169 4 180 4
170 4 418 4
170 4 336 4
170 4 739 4
171 4 381 4
172 4 198 4
173 4 379 4
173 4 180 4
174 4 199 4
175 4 377 4
175 4 379 4
176 4 540 4
176 4 814 4
176 4 896 4
177 4 179 4
177 4 377 4
178 4 403 4
178 4 405 4
179 4 185 4
180 4 406 4
181 4 378 4
181 4 415 4
183 4 414 4
183 4 382 4
183 4 412 4
184 4 186 4
185 4 415 4
185 4 186 3
187 4 373 4
187 4 188 2
188 4 330 4
189 4 327 4
189 4 329 4
190 4 543 4
191 4 630 4
191 4 631 4
191 4 198 4
193 4 385 4
193 4 384 4
193 4 390 4
194 4 323 4
194 4 531 4
194 4 395 4
195 4 204 4
195 4 403 4
196 4 324 4
196 4 388 4
196 4 533 4
197 4 400 4
197 4 204 4
200 4 398 4
200 4 400 4
201 4 208 4
202 4 205 4
202 4 433 4
203 4 642 4
203 4 399 4
203 4 433 4
204 4 426 4
206 4 211 4
206 4 212 4
206 4 397 4
207 4 209 4
208 4 429 4
208 4 430 4
209 4 212 4
210 4 438 4
210 4 435 4
210 4 399 4
212 4 437 4
213 4 375 4
214 4 359 4
214 4 357 4
214 4 568 4
215 4 457 4
215 4 355 4
215 4 353 4
216 4 755 4
216 4 234 4
216 4 457 4
217 4 219 4
217 4 443 4
218 4 447 4
218 4 236 4
219 4 220 3
220 4 445 4
221 4 223 4
221 4 446 4
222 4 442 4
222 4 571 4
223 4 224 3
224 4 232 4
225 4 227 4
225 4 450 4
226 4 443 4
226 4 449 4
228 4 656 4
228 4 654 4
228 4 453 4
229 4 454 4
230 4 830 4
230 4 571 4
230 4 647 4
231 4 455 4
232 4 356 4
232 4 450 4
233 4 562 4
233 4 353 4
233 4 351 4
234 4 567 4
234 4 758 4
235 4 351 4
235 4 243 4
235 4 559 4
236 4 454 4
236 4 657 4
237 4 756 4
237 4 566 4
237 4 658 4
238 4 459 4
239 4 558 4
239 4 243 4
239 4 248 4
240 4 458 4
240 4 455 4
240 4 566 4
242 4 556 4
242 4 248 4
245 4 467 4
246 4 561 4
246 4 462 4
247 4 468 4
249 4 250 2
250 4 287 4
251 4 285 4
252 4 257 4
252 4 256 4
253 4 281 4
253 4 257 4
254 4 256 4
256 4 474 4
257 4 472 4
259 4 281 4
262 4 271 4
263 4 363 4
264 4 679 4
264 4 484 4
264 4 282 4
265 4 267 4
265 4 360 4
266 4 478 4
266 4 476 4
266 4 482 4
268 4 278 4
268 4 495 4
268 4 496 4
269 4 272 4
269 4 485 4
270 4 306 4
270 4 480 4
270 4 479 4
271 4 297 4
271 4 575 4
273 4 319 4
273 4 274 2
274 4 491 4
275 4 309 4
275 4 310 4
277 4 495 4
277 4 284 4
278 4 307 4
278 4 521 4
279 4 290 4
280 4 497 4
280 4 524 4
280 4 699 4
281 4 473 4
282 4 514 4
283 4 471 4
283 4 290 4
284 4 307 4
285 4 469 4
285 4 471 4
286 4 873 4
286 4 871 4
286 4 872 4
287 4 289 4
287 4 469 4
288 4 497 4
288 4 499 4
289 4 295 4
290 4 500 4
291 4 470 4
291 4 509 4
293 4 508 4
293 4 474 4
293 4 506 4
294 4 296 4
295 4 509 4
295 4 296 3
298 4 512 4
298 4 299 3
301 4 575 4
301 4 574 4
301 4 768 4
303 4 312 4
303 4 497 4
304 4 365 4
304 4 514 4
305 4 494 4
305 4 312 4
306 4 487 4
306 4 580 4
308 4 492 4
308 4 494 4
309 4 316 4
310 4 313 4
310 4 525 4
311 4 726 4
311 4 493 4
311 4 525 4
312 4 518 4
314 4 319 4
314 4 320 4
314 4 491 4
315 4 317 4
316 4 521 4
316 4 522 4
317 4 320 4
318 4 530 4
318 4 527 4
318 4 493 4
320 4 529 4
321 4 391 4
322 4 534 4
322 4 606 4
322 4 396 4
324 4 389 4
325 4 606 4
326 4 327 3
327 4 419 4
328 4 417 4
328 4 334 4
329 4 336 4
330 4 584 4
330 4 417 4
331 4 418 4
332 4 551 4
332 4 584 4
332 4 373 4
333 4 335 4
333 4 546 4
334 4 536 4
336 4 538 4
338 4 546 4
338 4 543 4
338 4 744 4
339 4 581 4
339 4 582 4
339 4 468 4
340 4 548 4
340 4 546 4
340 4 746 4
341 4 374 4
341 4 343 4
343 4 552 4
343 4 750 4
345 4 672 4
345 4 350 4
345 4 752 4
346 4 555 4
346 4 581 4
346 4 557 4
347 4 672 4
347 4 465 4
348 4 752 4
348 4 557 4
348 4 670 4
349 4 462 4
349 4 459 4
349 4 664 4
350 4 667 4
350 4 751 4
352 4 459 4
352 4 458 4
352 4 663 4
354 4 455 4
354 4 454 4
354 4 658 4
356 4 446 4
356 4 653 4
358 4 781 4
358 4 588 4
358 4 375 4
360 4 483 4
360 4 488 4
361 4 572 4
361 4 568 4
361 4 650 4
363 4 483 4
364 4 488 4
364 4 689 4
364 4 690 4
365 4 372 4
366 4 574 4
366 4 572 4
366 4 573 4
368 4 371 4
368 4 372 4
369 4 371 4
370 4 871 4
370 4 715 4
370 4 713 4
371 4 579 4
372 4 713 4
374 4 748 4
374 4 548 4
376 4 483 4
376 4 685 4
376 4 689 4
377 4 409 4
378 4 590 4
378 4 414 4
379 4 407 4
380 4 383 4
381 4 405 4
382 4 383 2
383 4 622 4
386 4 395 4
386 4 535 4
387 4 401 4
387 4 402 4
389 4 532 4
390 4 392 4
390 4 421 4
391 4 531 4
392 4 537 4
392 4 404 4
393 4 421 4
393 4 599 4
394 4 603 4
394 4 396 4
395 4 597 4
397 4 398 2
398 4 609 4
400 4 427 4
401 4 425 4
402 4 617 4
402 4 637 4
403 4 424 4
404 4 593 4
405 4 594 4
406 4 592 4
406 4 593 4
407 4 589 4
407 4 592 4
408 4 603 4
408 4 532 4
408 4 796 4
409 4 411 4
409 4 589 4
410 4 618 4
410 4 805 4
410 4 624 4
411 4 623 4
411 4 415 4
412 4 416 4
412 4 591 4
413 4 618 4
413 4 620 4
416 4 621 4
416 4 622 4
417 4 539 4
418 4 422 4
419 4 535 4
419 4 538 4
420 4 736 4
420 4 738 4
420 4 538 4
421 4 632 4
422 4 543 4
422 4 741 4
423 4 425 4
424 4 432 4
424 4 615 4
425 4 613 4
426 4 612 4
426 4 432 4
427 4 610 4
427 4 612 4
428 4 820 4
428 4 958 4
428 4 816 4
429 4 436 4
430 4 433 4
430 4 641 4
431 4 828 4
431 4 642 4
431 4 641 4
432 4 634 4
434 4 643 4
434 4 609 4
434 4 437 4
435 4 437 4
436 4 637 4
436 4 638 4
438 4 611 4
438 4 643 4
439 4 588 4
440 4 652 4
440 4 568 4
440 4 567 4
441 4 768 4
441 4 573 4
441 4 911 4
443 4 444 3
444 4 651 4
444 4 445 2
445 4 446 2
447 4 450 4
447 4 565 4
448 4 449 1
448 4 571 4
448 4 760 4
449 4 453 4
451 4 753 4
451 4 457 4
451 4 562 4
452 4 654 4
452 4 653 4
452 4 651 4
453 4 651 4
456 4 562 4
456 4 559 4
456 4 665 4
460 4 558 4
460 4 667 4
460 4 559 4
461 4 754 4
461 4 663 4
461 4 566 4
463 4 558 4
463 4 556 4
463 4 751 4
464 4 666 4
464 4 664 4
464 4 663 4
465 4 669 4
466 4 672 4
466 4 561 4
466 4 671 4
467 4 670 4
467 4 669 4
468 4 670 4
469 4 503 4
470 4 674 4
470 4 508 4
471 4 501 4
472 4 477 4
472 4 475 4
473 4 499 4
473 4 477 4
474 4 475 2
475 4 706 4
477 4 507 4
481 4 577 4
481 4 575 4
481 4 516 4
482 4 515 4
482 4 486 4
484 4 517 4
485 4 585 4
486 4 682 4
486 4 688 4
487 4 716 4
487 4 682 4
488 4 490 4
489 4 764 4
489 4 650 4
489 4 908 4
491 4 492 2
492 4 693 4
494 4 519 4
495 4 517 4
496 4 719 4
496 4 721 4
498 4 677 4
498 4 515 4
499 4 678 4
500 4 676 4
500 4 677 4
501 4 673 4
501 4 676 4
502 4 780 4
502 4 769 4
502 4 782 4
503 4 505 4
503 4 673 4
504 4 850 4
504 4 861 4
504 4 868 4
505 4 707 4
505 4 509 4
506 4 510 4
506 4 675 4
507 4 681 4
507 4 704 4
510 4 846 4
510 4 706 4
511 4 712 4
511 4 578 4
511 4 774 4
512 4 712 4
512 4 579 4
513 4 773 4
513 4 578 4
513 4 577 4
514 4 715 4
515 4 684 4
516 4 687 4
516 4 683 4
517 4 697 4
518 4 696 4
518 4 524 4
519 4 694 4
519 4 696 4
520 4 679 4
520 4 715 4
520 4 873 4
521 4 528 4
522 4 525 4
522 4 725 4
523 4 884 4
523 4 726 4
523 4 725 4
524 4 718 4
526 4 727 4
526 4 693 4
526 4 529 4
527 4 529 4
528 4 721 4
528 4 722 4
530 4 695 4
530 4 727 4
531 4 600 4
532 4 602 4
533 4 599 4
533 4 602 4
534 4 798 4
534 4 607 4
535 4 542 4
536 4 627 4
536 4 630 4
537 4 787 4
537 4 789 4
539 4 778 4
539 4 627 4
540 4 630 4
540 4 816 4
541 4 777 4
541 4 778 4
541 4 584 4
542 4 734 4
542 4 736 4
544 4 748 4
544 4 746 4
544 4 742 4
545 4 744 4
545 4 741 4
545 4 893 4
547 4 746 4
547 4 744 4
547 4 895 4
549 4 583 4
549 4 581 4
550 4 749 4
550 4 922 4
550 4 776 4
551 4 921 4
551 4 775 4
553 4 776 4
553 4 583 4
553 4 750 4
554 4 555 3
555 4 556 3
557 4 751 4
560 4 668 4
560 4 561 2
560 4 664 4
563 4 836 4
563 4 658 4
563 4 657 4
564 4 659 4
564 4 842 4
564 4 839 4
565 4 653 4
565 4 655 4
569 4 925 4
569 4 783 4
569 4 588 4
570 4 972 4
570 4 760 4
570 4 830 4
573 4 764 4
576 4 580 4
576 4 685 4
579 4 711 4
580 4 692 4
582 4 775 4
583 4 775 4
585 4 779 4
586 4 692 4
586 4 716 4
586 4 849 4
587 4 909 4
587 4 779 4
587 4 691 4
589 4 625 4
590 4 591 1
590 4 623 4
591 4 626 4
592 4 598 4
593 4 616 4
594 4 615 4
594 4 618 4
595 4 631 4
595 4 633 4
596 4 931 4
596 4 598 4
596 4 625 4
597 4 731 4
597 4 734 4
598 4 785 4
599 4 608 4
600 4 605 4
600 4 731 4
601 4 614 4
601 4 945 4
601 4 947 4
602 4 795 4
603 4 798 4
604 4 944 4
604 4 889 4
604 4 1055 4
605 4 607 4
605 4 799 4
608 4 737 4
608 4 794 4
609 4 610 2
610 4 645 4
611 4 646 4
611 4 642 4
612 4 635 4
613 4 633 4
613 4 617 4
614 4 788 4
614 4 634 4
615 4 788 4
616 4 785 4
616 4 787 4
617 4 803 4
619 4 787 4
619 4 933 4
619 4 936 4
620 4 810 4
620 4 622 4
621 4 786 4
621 4 811 4
623 4 625 4
624 4 810 4
624 4 938 4
626 4 931 4
626 4 811 4
627 4 814 4
628 4 815 4
628 4 741 4
628 4 739 4
629 4 888 4
629 4 890 4
629 4 736 4
631 4 636 4
632 4 789 4
632 4 737 4
633 4 640 4
634 4 801 4
635 4 826 4
635 4 801 4
636 4 816 4
636 4 735 4
637 4 792 4
638 4 641 4
638 4 825 4
639 4 646 4
639 4 826 4
639 4 645 4
640 4 735 4
640 4 808 4
643 4 645 4
644 4 828 4
644 4 825 4
644 4 970 4
646 4 968 4
647 4 783 4
648 4 832 4
648 4 650 4
648 4 652 4
649 4 904 4
649 4 652 4
649 4 758 4
654 4 833 4
655 4 657 4
655 4 835 4
656 4 974 4
656 4 760 4
659 4 753 4
659 4 755 4
660 4 836 4
660 4 837 4
660 4 756 4
661 4 666 4
661 4 753 4
661 4 668 4
662 4 834 4
662 4 836 4
662 4 835 4
665 4 668 4
665 4 671 4
666 4 842 4
667 4 671 4
669 4 752 4
673 4 709 4
674 4 675 1
674 4 707 4
675 4 710 4
676 4 701 4
677 4 700 4
678 4 699 4
678 4 681 4
679 4 717 4
680 4 977 4
680 4 701 4
680 4 709 4
681 4 865 4
683 4 913 4
683 4 773 4
684 4 705 4
684 4 847 4
685 4 769 4
686 4 698 4
686 4 995 4
686 4 862 4
687 4 857 4
687 4 768 4
688 4 847 4
688 4 702 4
689 4 780 4
690 4 691 1
690 4 923 4
692 4 851 4
693 4 694 2
694 4 729 4
695 4 994 4
695 4 726 4
696 4 720 4
697 4 717 4
697 4 719 4
698 4 845 4
698 4 718 4
699 4 845 4
700 4 843 4
700 4 705 4
701 4 843 4
702 4 716 4
702 4 874 4
703 4 705 4
703 4 979 4
703 4 870 4
704 4 866 4
704 4 706 4
707 4 709 4
708 4 1002 4
708 4 866 4
708 4 865 4
710 4 977 4
710 4 869 4
711 4 713 4
711 4 714 4
712 4 771 4
714 4 771 4
714 4 871 4
717 4 724 4
718 4 859 4
719 4 861 4
720 4 730 4
720 4 859 4
721 4 850 4
722 4 725 4
722 4 881 4
723 4 994 4
723 4 730 4
723 4 729 4
724 4 848 4
724 4 876 4
727 4 729 4
728 4 884 4
728 4 881 4
728 4 883 4
730 4 882 4
731 4 885 4
732 4 944 4
732 4 796 4
732 4 795 4
733 4 798 4
733 4 797 4
733 4 799 4
734 4 887 4
735 4 937 4
737 4 800 4
738 4 891 4
738 4 739 2
740 4 920 4
740 4 897 4
740 4 899 4
742 4 922 4
742 4 747 4
743 4 942 4
743 4 815 4
743 4 891 4
745 4 1028 4
745 4 895 4
745 4 893 4
747 4 895 4
747 4 920 4
748 4 749 3
749 4 750 3
754 4 841 4
754 4 842 4
755 4 757 4
756 4 841 4
757 4 902 4
757 4 901 4
758 4 902 4
759 4 762 4
759 4 832 4
759 4 904 4
761 4 1129 4
761 4 924 4
761 4 909 4
762 4 906 4
762 4 905 4
763 4 1132 4
763 4 1129 4
763 4 1172 4
764 4 910 4
765 4 857 4
765 4 911 4
765 4 1033 4
766 4 911 4
766 4 910 4
766 4 929 4
767 4 1031 4
767 4 908 4
767 4 784 4
769 4 851 4
770 4 1132 4
770 4 1047 4
770 4 925 4
771 4 916 4
772 4 1006 4
772 4 1007 4
772 4 856 4
773 4 915 4
774 4 916 4
774 4 915 4
776 4 921 4
777 4 921 4
777 4 899 4
778 4 897 4
779 4 781 4
780 4 855 4
781 4 924 4
782 4 987 4
782 4 989 4
783 4 829 4
784 4 928 4
784 4 1046 4
785 4 806 4
786 4 935 4
786 4 810 4
788 4 805 4
789 4 817 4
790 4 1057 4
790 4 818 4
790 4 1017 4
791 4 1017 4
791 4 887 4
791 4 885 4
792 4 822 4
792 4 802 4
793 4 800 4
793 4 817 4
793 4 1019 4
794 4 889 4
794 4 795 2
796 4 797 2
797 4 941 4
799 4 885 4
800 4 940 4
801 4 819 4
802 4 965 4
802 4 825 4
803 4 808 4
803 4 822 4
804 4 808 4
804 4 959 4
804 4 962 4
805 4 949 4
806 4 807 1
806 4 933 4
807 4 932 4
807 4 931 4
809 4 1077 4
809 4 1075 4
809 4 1073 4
811 4 932 4
812 4 1064 4
812 4 938 4
812 4 949 4
813 4 957 4
813 4 893 4
813 4 815 4
814 4 919 4
817 4 936 4
818 4 943 4
818 4 888 4
819 4 823 4
819 4 945 4
820 4 1070 4
820 4 896 4
821 4 894 4
821 4 1019 4
821 4 964 4
822 4 948 4
823 4 826 4
823 4 967 4
824 4 945 4
824 4 963 4
824 4 1059 4
827 4 970 4
827 4 965 4
827 4 969 4
828 4 968 4
829 4 1047 4
829 4 927 4
830 4 927 4
831 4 974 4
831 4 838 4
831 4 833 4
832 4 907 4
833 4 835 4
834 4 838 4
834 4 1080 4
837 4 903 4
837 4 1080 4
838 4 1030 4
839 4 841 4
839 4 901 4
840 4 1080 4
840 4 1030 4
840 4 1079 4
843 4 864 4
844 4 982 4
844 4 846 4
844 4 866 4
845 4 863 4
846 4 869 4
847 4 854 4
848 4 873 4
848 4 1008 4
849 4 986 4
849 4 858 4
850 4 860 4
851 4 917 4
852 4 874 4
852 4 854 4
852 4 990 4
853 4 1040 4
853 4 913 4
853 4 857 4
854 4 870 4
855 4 923 4
855 4 1041 4
856 4 872 4
856 4 916 4
858 4 917 4
858 4 875 4
859 4 877 4
860 4 1013 4
860 4 881 4
861 4 876 4
862 4 999 4
862 4 1001 4
863 4 865 4
863 4 999 4
864 4 867 4
864 4 979 4
867 4 978 4
867 4 977 4
868 4 997 4
868 4 996 4
869 4 978 4
870 4 985 4
872 4 878 4
874 4 986 4
875 4 1088 4
875 4 880 4
876 4 1009 4
877 4 879 4
877 4 995 4
878 4 1008 4
878 4 1101 4
879 4 882 4
879 4 1016 4
880 4 1091 4
880 4 1155 4
882 4 993 4
883 4 1016 4
883 4 1015 4
884 4 993 4
886 4 1110 4
886 4 941 4
886 4 944 4
887 4 888 2
889 4 940 4
890 4 1021 4
890 4 891 2
892 4 1068 4
892 4 898 4
892 4 919 4
894 4 940 4
894 4 1020 4
896 4 898 4
897 4 919 4
898 4 900 4
899 4 922 4
900 4 1023 4
900 4 1067 4
901 4 903 4
902 4 975 4
903 4 1079 4
904 4 1029 4
905 4 1046 4
905 4 907 4
906 4 973 4
906 4 976 4
907 4 908 3
909 4 912 4
910 4 1031 4
912 4 923 4
912 4 1044 4
913 4 1036 4
914 4 1117 4
914 4 1031 4
914 4 1048 4
915 4 1006 4
917 4 987 4
918 4 1044 4
918 4 1041 4
918 4 1127 4
920 4 1068 4
924 4 925 2
926 4 1176 4
926 4 1125 4
926 4 1091 4
927 4 1045 4
928 4 1048 4
928 4 1045 4
929 4 1117 4
929 4 1033 4
930 4 1120 4
930 4 1127 4
930 4 1173 4
932 4 951 4
933 4 950 4
934 4 1052 4
934 4 935 2
934 4 938 4
935 4 951 4
936 4 939 4
937 4 958 4
937 4 959 4
939 4 1049 4
939 4 954 4
941 4 1017 4
942 4 955 4
942 4 956 4
943 4 1021 4
943 4 1111 4
946 4 965 4
946 4 948 4
946 4 1062 4
947 4 949 4
947 4 952 4
948 4 962 4
950 4 953 4
950 4 1049 4
951 4 953 4
952 4 1059 4
952 4 1051 4
953 4 1054 4
954 4 1019 4
954 4 1133 4
955 4 1114 4
955 4 1021 4
956 4 1069 4
956 4 957 2
957 4 1027 4
958 4 1071 4
959 4 1073 4
960 4 1112 4
960 4 1022 4
960 4 1115 4
961 4 1114 4
961 4 1111 4
961 4 1063 4
962 4 1075 4
963 4 966 4
963 4 969 4
964 4 1058 4
964 4 1024 4
966 4 967 1
966 4 970 4
967 4 968 2
969 4 1076 4
971 4 1045 4
971 4 1046 4
971 4 972 3
972 4 973 1
973 4 974 3
975 4 1079 4
975 4 1029 4
976 4 1029 4
976 4 1030 4
978 4 984 4
979 4 1000 4
980 4 1083 4
980 4 982 4
980 4 1002 4
981 4 1002 4
981 4 999 4
981 4 1085 4
982 4 984 4
983 4 1035 4
983 4 1009 4
983 4 1008 4
984 4 1003 4
985 4 1081 4
985 4 1084 4
986 4 992 4
987 4 1091 4
988 4 1168 4
988 4 1105 4
988 4 1035 4
989 4 1041 4
989 4 1125 4
990 4 1084 4
990 4 1086 4
991 4 1176 4
991 4 1155 4
991 4 1205 4
992 4 1086 4
992 4 1088 4
993 4 994 2
995 4 1010 4
996 4 1094 4
996 4 1013 4
997 4 1009 4
997 4 1105 4
998 4 1088 4
998 4 1103 4
998 4 1102 4
1000 4 1003 4
1000 4 1081 4
1001 4 1093 4
1001 4 1004 4
1003 4 1097 4
1004 4 1161 4
1004 4 1085 4
1005 4 1124 4
1005 4 1121 4
1005 4 1038 4
1006 4 1038 4
1007 4 1101 4
1007 4 1121 4
1010 4 1011 2
1010 4 1093 4
1011 4 1016 4
1011 4 1014 4
1012 4 1157 4
1012 4 1035 4
1012 4 1101 4
1013 4 1015 4
1014 4 1160 4
1014 4 1015 3
1018 4 1110 4
1018 4 1055 4
1018 4 1109 4
1020 4 1138 4
1020 4 1055 4
1022 4 1071 4
1022 4 1070 4
1023 4 1025 4
1023 4 1070 4
1024 4 1138 4
1024 4 1184 4
1025 4 1027 4
1025 4 1115 4
1026 4 1114 4
1026 4 1116 4
1026 4 1069 4
1027 4 1028 2
1028 4 1067 4
1032 4 1118 4
1032 4 1048 4
1032 4 1047 4
1033 4 1039 4
1034 4 1120 4
1034 4 1129 4
1034 4 1044 4
1036 4 1089 4
1036 4 1038 4
1037 4 1174 4
1037 4 1089 4
1037 4 1040 4
1039 4 1130 4
1039 4 1119 4
1040 4 1119 4
1042 4 1132 4
1042 4 1130 4
1042 4 1118 4
1043 4 1127 4
1043 4 1125 4
1043 4 1123 4
1049 4 1065 4
1050 4 1066 4
1050 4 1052 4
1050 4 1064 4
1051 4 1064 4
1051 4 1056 4
1052 4 1054 4
1053 4 1135 4
1053 4 1111 4
1053 4 1057 4
1054 4 1065 4
1056 4 1140 4
1056 4 1141 4
1057 4 1110 4
1058 4 1133 4
1058 4 1137 4
1059 4 1139 4
1060 4 1147 4
1060 4 1062 4
1060 4 1075 4
1061 4 1143 4
1061 4 1133 4
1061 4 1065 4
1062 4 1078 4
1063 4 1113 4
1063 4 1204 4
1066 4 1141 4
1066 4 1143 4
1067 4 1068 2
1069 4 1115 4
1071 4 1072 2
1072 4 1145 4
1072 4 1073 2
1074 4 1187 4
1074 4 1147 4
1074 4 1077 4
1076 4 1078 4
1076 4 1139 4
1077 4 1134 4
1078 4 1142 4
1081 4 1099 4
1082 4 1100 4
1082 4 1083 2
1082 4 1085 4
1083 4 1097 4
1084 4 1151 4
1086 4 1154 4
1087 4 1199 4
1087 4 1096 4
1087 4 1159 4
1089 4 1124 4
1090 4 1154 4
1090 4 1151 4
1090 4 1189 4
1092 4 1174 4
1092 4 1122 4
1092 4 1166 4
1093 4 1108 4
1094 4 1107 4
1094 4 1096 4
1095 4 1164 4
1095 4 1151 4
1095 4 1099 4
1096 4 1160 4
1097 4 1099 4
1098 4 1156 4
1098 4 1191 4
1098 4 1159 4
1100 4 1163 4
1100 4 1164 4
1102 4 1190 4
1102 4 1155 4
1103 4 1154 4
1103 4 1192 4
1104 4 1197 4
1104 4 1157 4
1104 4 1121 4
1105 4 1107 4
1106 4 1161 4
1106 4 1108 4
1106 4 1199 4
1107 4 1159 4
1108 4 1160 4
1109 4 1138 4
1109 4 1135 4
1112 4 1148 4
1112 4 1145 4
1113 4 1146 4
1113 4 1135 4
1116 4 1204 4
1116 4 1148 4
1117 4 1118 3
1119 4 1128 4
1120 4 1131 4
1122 4 1177 4
1122 4 1208 4
1123 4 1171 4
1123 4 1177 4
1124 4 1166 4
1126 4 1174 4
1126 4 1128 4
1126 4 1173 4
1128 4 1180 4
1130 4 1179 4
1131 4 1180 4
1131 4 1172 4
1134 4 1145 4
1134 4 1186 4
1136 4 1209 4
1136 4 1137 2
1136 4 1143 4
1137 4 1170 4
1139 4 1140 3
1140 4 1149 4
1141 4 1182 4
1142 4 1149 4
1142 4 1147 4
1144 4 1210 4
1144 4 1183 4
1144 4 1187 4
1146 4 1184 4
1146 4 1185 4
1148 4 1203 4
1149 4 1183 4
1150 4 1181 4
1150 4 1185 4
1150 4 1188 4
1152 4 1192 4
1152 4 1189 4
1152 4 1201 4
1153 4 1189 4
1153 4 1164 4
1153 4 1162 4
1156 4 1202 4
1156 4 1168 4
1157 4 1167 4
1158 4 1194 4
1158 4 1190 4
1158 4 1192 4
1161 4 1163 4
1162 4 1200 4
1162 4 1163 3
1165 4 1196 4
1165 4 1206 4
1165 4 1175 4
1166 4 1197 4
1167 4 1206 4
1167 4 1195 4
1168 4 1195 4
1169 4 1204 4
1169 4 1185 4
1169 4 1203 4
1170 4 1184 4
1170 4 1188 4
1171 4 1198 4
1171 4 1176 4
1172 4 1179 4
1173 4 1177 4
1175 4 1205 4
1175 4 1190 4
1178 4 1193 4
1178 4 1207 4
1178 4 1206 4
1179 4 1180 2
1181 4 1186 4
1181 4 1187 4
1182 4 1183 1
1182 4 1209 4
1186 4 1203 4
1188 4 1210 4
1191 4 1201 4
1191 4 1200 4
1193 4 1208 4
1193 4 1197 4
1194 4 1202 4
1194 4 1201 4
1195 4 1196 2
1196 4 1202 4
1198 4 1207 4
1198 4 1208 4
1199 4 1200 3
1205 4 1207 4
1209 4 1210 2
